28-Oct-2025,561.55,-,0,563.2,0,34.4461,344,38842,1292
28-Oct-2025,561.55,Call,600,3.35,26.86,34.4461,115,2984,604
28-Oct-2025,561.55,Call,580,7.4,25.97,34.4461,102,1047,515
28-Oct-2025,561.55,Put,560,11.85,25.41,34.4461,44,643,352
28-Oct-2025,561.55,Call,590,5.05,26.47,34.4461,77,901,325
28-Oct-2025,561.55,Call,570,10.8,25.9,34.4461,67,736,320
28-Oct-2025,561.55,Put,570,17.05,25.46,34.4461,73,736,278
28-Oct-2025,561.55,Call,575,9.15,26.06,34.4461,36,323,138
28-Oct-2025,561.55,Call,560,15.55,25.97,34.4461,49,312,118
28-Oct-2025,561.55,Put,565,14.45,25,34.4461,14,213,114
28-Oct-2025,561.55,Call,585,6.3,26.08,34.4461,43,239,95
28-Oct-2025,561.55,Put,550,7.85,25.86,34.4461,19,427,95
28-Oct-2025,561.55,Call,620,1.5,28.09,34.4461,51,550,83
25-Nov-2025,561.55,-,0,567.6,0,34.4461,27,767,82
28-Oct-2025,561.55,Call,595,4.1,26.38,34.4461,5,167,81
28-Oct-2025,561.55,Call,565,13,25.59,34.4461,14,112,79
28-Oct-2025,561.55,Call,550,21.6,29.28,34.4461,2,83,49
28-Oct-2025,561.55,Put,540,4.9,26.82,34.4461,8,673,48
28-Oct-2025,561.55,Call,630,0.9,28.3,34.4461,-9,482,42
28-Oct-2025,561.55,Put,590,31.3,26.06,34.4461,26,229,33
28-Oct-2025,561.55,Call,610,2.2,27.41,34.4461,6,359,31
28-Oct-2025,561.55,Put,580,23.6,25,34.4461,-4,490,30
28-Oct-2025,561.55,Call,650,0.3,28.68,34.4461,-7,860,24
25-Nov-2025,561.55,Call,630,4.05,26.12,34.4461,22,34,24
28-Oct-2025,561.55,Put,530,2.8,27.67,34.4461,-2,98,23
28-Oct-2025,561.55,Put,555,9.3,25.66,34.4461,0,104,20
28-Oct-2025,561.55,Put,520,2,28.92,34.4461,-5,158,19
28-Oct-2025,561.55,Put,575,19.7,24.87,34.4461,1,281,18
28-Oct-2025,561.55,Put,515,1.4,29.35,34.4461,-1,47,16
25-Nov-2025,561.55,Call,570,19.8,24.72,34.4461,11,12,16
28-Oct-2025,561.55,Put,600,39,23.99,34.4461,4,896,15
28-Oct-2025,561.55,Put,535,4.05,26.53,34.4461,6,156,14
28-Oct-2025,561.55,Call,605,2.75,27.09,34.4461,1,89,14
28-Oct-2025,561.55,Put,545,6,25.46,34.4461,-2,45,14
28-Oct-2025,561.55,Put,585,25.4,25.64,34.4461,0,131,13
28-Oct-2025,561.55,Call,635,0.65,28.47,34.4461,-8,95,12
28-Oct-2025,561.55,Put,510,1.2,30.5,34.4461,-1,33,11
30-Dec-2025,561.55,-,0,571.1,0,34.4461,5,37,10
28-Oct-2025,561.55,Call,625,1.1,28.92,34.4461,-4,70,6
28-Oct-2025,561.55,Call,545,26.55,27.28,34.4461,1,16,6
25-Nov-2025,561.55,Call,600,9.5,25.56,34.4461,3,17,6
28-Oct-2025,561.55,Call,640,0.5,28.24,34.4461,-1,291,4
25-Nov-2025,561.55,Put,550,12.4,24.8,34.4461,1,17,3
28-Oct-2025,561.55,Put,525,2.65,28.3,34.4461,1,33,3
28-Oct-2025,561.55,Call,615,1.8,27.51,34.4461,-1,79,2
28-Oct-2025,561.55,Call,530,40,30.83,34.4461,1,1,2
28-Oct-2025,561.55,Call,540,32.45,31.19,34.4461,0,94,2
28-Oct-2025,561.55,Call,670,0.25,33.03,34.4461,0,69,2
25-Nov-2025,561.55,Put,535,6.9,25,34.4461,0,33,2
25-Nov-2025,561.55,Put,540,7.85,24.43,34.4461,0,27,2
25-Nov-2025,561.55,Put,580,25,24.49,34.4461,0,82,1
25-Nov-2025,561.55,Call,580,15.8,0,34.4461,0,38,1
25-Nov-2025,561.55,Call,575,19.15,25.9,34.4461,0,0,1
28-Oct-2025,561.55,Call,660,0,0,34.4461,0,66,0
28-Oct-2025,561.55,Call,480,0,0,34.4461,0,0,0
28-Oct-2025,561.55,Call,490,0,0,34.4461,0,0,0
28-Oct-2025,561.55,Call,500,0,0,34.4461,0,11,0
28-Oct-2025,561.55,Call,510,0,0,34.4461,0,0,0
28-Oct-2025,561.55,Call,520,0,0,34.4461,0,1,0
28-Oct-2025,561.55,Put,610,0,0,34.4461,0,228,0
28-Oct-2025,561.55,Put,620,0,0,34.4461,0,77,0
28-Oct-2025,561.55,Put,630,0,0,34.4461,0,189,0
28-Oct-2025,561.55,Put,640,0,0,34.4461,0,21,0
28-Oct-2025,561.55,Put,615,0,0,34.4461,0,33,0
28-Oct-2025,561.55,Put,605,0,0,34.4461,0,23,0
28-Oct-2025,561.55,Put,505,0,0,34.4461,0,11,0
28-Oct-2025,561.55,Put,670,0,0,34.4461,0,7,0
28-Oct-2025,561.55,Call,555,0,0,34.4461,0,27,0
28-Oct-2025,561.55,Put,650,0,0,34.4461,0,1127,0
28-Oct-2025,561.55,Put,490,0,0,34.4461,0,37,0
25-Nov-2025,561.55,Put,660,0,0,34.4461,0,0,0
25-Nov-2025,561.55,Put,585,0,0,34.4461,0,0,0
25-Nov-2025,561.55,Put,545,0,0,34.4461,0,17,0
25-Nov-2025,561.55,Put,560,0,0,34.4461,0,0,0
25-Nov-2025,561.55,Put,480,0,0,34.4461,0,0,0
25-Nov-2025,561.55,Call,500,0,0,34.4461,0,0,0
28-Oct-2025,561.55,Call,535,0,0,34.4461,0,0,0
28-Oct-2025,561.55,Call,645,0,0,34.4461,0,18,0
25-Nov-2025,561.55,Call,480,0,0,34.4461,0,0,0
28-Oct-2025,561.55,Put,625,0,0,34.4461,0,0,0
28-Oct-2025,561.55,Call,525,0,0,34.4461,0,0,0
25-Nov-2025,561.55,Put,615,0,0,34.4461,0,0,0
25-Nov-2025,561.55,Put,625,0,0,34.4461,0,0,0
25-Nov-2025,561.55,Call,660,0,0,34.4461,0,0,0
25-Nov-2025,561.55,Call,535,0,0,34.4461,0,0,0
30-Dec-2025,561.55,Call,640,0,0,34.4461,0,0,0
25-Nov-2025,561.55,Call,585,0,0,34.4461,0,0,0
25-Nov-2025,561.55,Put,555,0,0,34.4461,0,0,0
25-Nov-2025,561.55,Call,550,0,0,34.4461,0,0,0
25-Nov-2025,561.55,Call,545,0,0,34.4461,0,0,0
25-Nov-2025,561.55,Put,525,0,0,34.4461,0,0,0
28-Oct-2025,561.55,Call,515,0,0,34.4461,0,0,0
28-Oct-2025,561.55,Put,660,0,0,34.4461,0,0,0
25-Nov-2025,561.55,Call,640,0,0,34.4461,0,28,0
28-Oct-2025,561.55,Put,480,0,0,34.4461,0,0,0
25-Nov-2025,561.55,Call,490,0,0,34.4461,0,0,0
30-Dec-2025,561.55,Call,580,0,0,34.4461,0,0,0
25-Nov-2025,561.55,Put,620,0,0,34.4461,0,0,0
30-Dec-2025,561.55,Call,630,0,0,34.4461,0,0,0
25-Nov-2025,561.55,Call,555,0,0,34.4461,0,0,0
25-Nov-2025,561.55,Call,620,0,0,34.4461,0,0,0
25-Nov-2025,561.55,Put,530,0,0,34.4461,0,0,0
25-Nov-2025,561.55,Call,520,0,0,34.4461,0,0,0
25-Nov-2025,561.55,Call,625,0,0,34.4461,0,0,0
28-Oct-2025,561.55,Put,500,0,0,34.4461,0,157,0
25-Nov-2025,561.55,Put,520,0,0,34.4461,0,0,0
30-Dec-2025,561.55,Put,500,0,0,0,0,0,0
25-Nov-2025,561.55,Call,605,0,0,34.4461,0,0,0
28-Oct-2025,561.55,Put,595,0,0,34.4461,0,73,0
25-Nov-2025,561.55,Call,510,0,0,34.4461,0,0,0
25-Nov-2025,561.55,Put,570,0,0,34.4461,0,0,0
25-Nov-2025,561.55,Call,565,0,0,34.4461,0,0,0
25-Nov-2025,561.55,Put,630,0,0,34.4461,0,7,0
25-Nov-2025,561.55,Call,530,0,0,34.4461,0,0,0
25-Nov-2025,561.55,Put,605,0,0,34.4461,0,0,0
30-Dec-2025,561.55,Put,520,0,0,0,0,0,0
30-Dec-2025,561.55,Call,590,0,0,34.4461,0,0,0
30-Dec-2025,561.55,Call,620,0,0,34.4461,0,0,0
25-Nov-2025,561.55,Call,610,0,0,34.4461,0,0,0
25-Nov-2025,561.55,Put,595,0,0,34.4461,0,0,0
25-Nov-2025,561.55,Call,525,0,0,34.4461,0,0,0
30-Dec-2025,561.55,Put,600,0,0,34.4461,0,0,0
25-Nov-2025,561.55,Put,640,0,0,34.4461,0,0,0
30-Dec-2025,561.55,Put,560,0,0,34.4461,0,0,0
25-Nov-2025,561.55,Put,590,0,0,34.4461,0,0,0
25-Nov-2025,561.55,Put,600,0,0,34.4461,0,0,0
25-Nov-2025,561.55,Put,510,0,0,34.4461,0,0,0
30-Dec-2025,561.55,Put,510,0,0,0,0,0,0
25-Nov-2025,561.55,Call,590,0,0,34.4461,0,3,0
25-Nov-2025,561.55,Call,650,0,0,34.4461,0,0,0
30-Dec-2025,561.55,Put,530,0,0,34.4461,0,0,0
30-Dec-2025,561.55,Put,580,0,0,34.4461,0,0,0
25-Nov-2025,561.55,Put,565,0,0,34.4461,0,0,0
25-Nov-2025,561.55,Put,610,0,0,34.4461,0,0,0
25-Nov-2025,561.55,Put,670,0,0,34.4461,0,0,0
25-Nov-2025,561.55,Put,515,0,0,34.4461,0,0,0
25-Nov-2025,561.55,Put,490,0,0,34.4461,0,0,0
30-Dec-2025,561.55,Put,550,0,0,34.4461,0,0,0
25-Nov-2025,561.55,Call,615,0,0,34.4461,0,0,0
25-Nov-2025,561.55,Call,560,0,0,34.4461,0,0,0
30-Dec-2025,561.55,Put,570,0,0,34.4461,0,0,0
25-Nov-2025,561.55,Call,595,0,0,34.4461,0,0,0
25-Nov-2025,561.55,Put,650,0,0,34.4461,0,0,0
30-Dec-2025,561.55,Put,540,0,0,34.4461,0,0,0
30-Dec-2025,561.55,Call,610,0,0,34.4461,0,0,0
25-Nov-2025,561.55,Put,575,0,0,34.4461,0,6,0
30-Dec-2025,561.55,Call,560,0,0,34.4461,0,0,0
30-Dec-2025,561.55,Call,600,0,0,34.4461,0,0,0
30-Dec-2025,561.55,Call,550,0,0,0,0,0,0
30-Dec-2025,561.55,Call,570,0,0,34.4461,0,0,0
25-Nov-2025,561.55,Call,540,0,0,34.4461,0,0,0
25-Nov-2025,561.55,Put,500,0,0,34.4461,0,0,0
30-Dec-2025,561.55,Put,590,0,0,34.4461,0,0,0
