28-Oct-2025,7727.5,Call,7800,104.95,16.64,26.8309,782,1252,2729
28-Oct-2025,7727.5,Call,7700,153,15.78,26.8309,80,767,1489
28-Oct-2025,7727.5,Call,8000,42.65,17.06,26.8309,4,872,907
28-Oct-2025,7727.5,-,0,7755,0,26.8309,88,22135,860
28-Oct-2025,7727.5,Call,7750,127.55,16.09,26.8309,122,324,850
28-Oct-2025,7727.5,Call,7900,67.45,16.53,26.8309,119,424,589
28-Oct-2025,7727.5,Put,7700,98,18.18,26.8309,56,526,416
28-Oct-2025,7727.5,Put,7600,60.9,17.96,26.8309,21,588,406
28-Oct-2025,7727.5,Put,7500,37.35,18.39,26.8309,-32,430,333
28-Oct-2025,7727.5,Put,7400,23.1,19.23,26.8309,-21,300,243
28-Oct-2025,7727.5,Call,8200,16.4,18.23,26.8309,-12,118,243
28-Oct-2025,7727.5,Put,7750,124.35,18.44,26.8309,71,119,230
28-Oct-2025,7727.5,Call,7650,183.45,15.36,26.8309,-21,160,215
28-Oct-2025,7727.5,Put,7650,78,18.67,26.8309,26,203,206
28-Oct-2025,7727.5,Call,7850,84.2,16.43,26.8309,42,99,193
28-Oct-2025,7727.5,Put,7800,149.55,19.33,26.8309,45,163,158
28-Oct-2025,7727.5,Call,8100,26.15,17.27,26.8309,24,98,133
28-Oct-2025,7727.5,Call,7600,215.2,15.53,26.8309,0,449,110
28-Oct-2025,7727.5,Put,7850,181.85,20.28,26.8309,60,63,101
28-Oct-2025,7727.5,Call,8400,7.7,20.29,26.8309,0,195,95
28-Oct-2025,7727.5,Put,7300,17,20.23,26.8309,10,234,75
28-Oct-2025,7727.5,Put,7550,51.4,18.42,26.8309,6,139,68
28-Oct-2025,7727.5,Call,7950,54.7,16.96,26.8309,4,56,48
28-Oct-2025,7727.5,Put,7450,34.2,19.1,26.8309,-16,78,40
28-Oct-2025,7727.5,Call,8050,33.55,16.87,26.8309,-12,66,39
28-Oct-2025,7727.5,Put,7350,21.25,19.77,26.8309,-3,102,36
25-Nov-2025,7727.5,-,0,7776,0,26.8309,-3,226,30
28-Oct-2025,7727.5,Call,8300,9.4,18.86,26.8309,12,144,27
28-Oct-2025,7727.5,Put,7900,218.2,20.09,26.8309,4,36,25
28-Oct-2025,7727.5,Call,8900,3,27.41,26.8309,-2,48,20
28-Oct-2025,7727.5,Call,7500,280.1,12.49,26.8309,-5,303,20
28-Oct-2025,7727.5,Call,7550,249.75,14.95,26.8309,-6,121,17
28-Oct-2025,7727.5,Call,8700,3.3,23.87,26.8309,3,12,10
28-Oct-2025,7727.5,Put,7000,5.5,23.95,26.8309,-2,271,9
28-Oct-2025,7727.5,Call,7450,322.3,13.45,26.8309,-2,50,8
28-Oct-2025,7727.5,Call,7350,405.05,12.49,26.8309,2,29,6
30-Dec-2025,7727.5,-,0,7800.5,0,26.8309,0,25,5
28-Oct-2025,7727.5,Call,8500,6.5,22.19,26.8309,3,24,5
28-Oct-2025,7727.5,Put,8100,382.15,14.87,26.8309,2,2,5
28-Oct-2025,7727.5,Put,7150,9.75,22.18,26.8309,1,1,2
25-Nov-2025,7727.5,Call,8900,19.35,23.51,26.8309,0,24,1
28-Oct-2025,7727.5,Put,8250,0,0,26.8309,0,0,0
28-Oct-2025,7727.5,Put,7950,0,0,26.8309,0,0,0
28-Oct-2025,7727.5,Put,8050,0,0,26.8309,0,4,0
28-Oct-2025,7727.5,Call,8150,0,0,26.8309,0,0,0
28-Oct-2025,7727.5,Put,8000,0,0,26.8309,0,9,0
28-Oct-2025,7727.5,Put,8800,0,0,26.8309,0,0,0
28-Oct-2025,7727.5,Put,8900,0,0,26.8309,0,0,0
28-Oct-2025,7727.5,Call,8800,0,0,26.8309,0,0,0
28-Oct-2025,7727.5,Call,6200,0,0,26.8309,0,0,0
28-Oct-2025,7727.5,Put,6200,0,0,26.8309,0,0,0
28-Oct-2025,7727.5,Call,6300,0,0,26.8309,0,0,0
28-Oct-2025,7727.5,Put,6300,0,0,26.8309,0,0,0
28-Oct-2025,7727.5,Call,6850,0,0,26.8309,0,0,0
28-Oct-2025,7727.5,Call,6400,0,0,26.8309,0,0,0
28-Oct-2025,7727.5,Put,6600,0,0,26.8309,0,0,0
28-Oct-2025,7727.5,Put,7250,0,0,26.8309,0,0,0
28-Oct-2025,7727.5,Put,6900,0,0,26.8309,0,0,0
28-Oct-2025,7727.5,Put,6700,0,0,26.8309,0,31,0
28-Oct-2025,7727.5,Put,8700,0,0,26.8309,0,0,0
28-Oct-2025,7727.5,Put,6850,0,0,26.8309,0,0,0
28-Oct-2025,7727.5,Put,7100,0,0,26.8309,0,60,0
28-Oct-2025,7727.5,Call,6600,0,0,26.8309,0,0,0
28-Oct-2025,7727.5,Call,6700,0,0,26.8309,0,0,0
28-Oct-2025,7727.5,Call,6800,0,0,26.8309,0,2,0
28-Oct-2025,7727.5,Call,6900,0,0,26.8309,0,0,0
28-Oct-2025,7727.5,Put,8600,0,0,26.8309,0,0,0
28-Oct-2025,7727.5,Put,8150,0,0,26.8309,0,0,0
28-Oct-2025,7727.5,Call,7000,0,0,26.8309,0,15,0
28-Oct-2025,7727.5,Call,8250,0,0,26.8309,0,0,0
28-Oct-2025,7727.5,Put,8400,0,0,26.8309,0,0,0
28-Oct-2025,7727.5,Put,8500,0,0,26.8309,0,0,0
28-Oct-2025,7727.5,Call,7100,0,0,26.8309,0,0,0
28-Oct-2025,7727.5,Call,7200,0,0,26.8309,0,0,0
28-Oct-2025,7727.5,Call,7400,0,0,26.8309,0,108,0
28-Oct-2025,7727.5,Put,8300,0,0,26.8309,0,0,0
28-Oct-2025,7727.5,Put,7050,0,0,26.8309,0,0,0
28-Oct-2025,7727.5,Put,6800,0,0,26.8309,0,177,0
28-Oct-2025,7727.5,Call,8600,0,0,26.8309,0,15,0
28-Oct-2025,7727.5,Call,7050,0,0,26.8309,0,0,0
28-Oct-2025,7727.5,Call,7150,0,0,26.8309,0,0,0
28-Oct-2025,7727.5,Call,7250,0,0,26.8309,0,0,0
28-Oct-2025,7727.5,Put,6400,0,0,26.8309,0,0,0
28-Oct-2025,7727.5,Put,7200,0,0,26.8309,0,0,0
28-Oct-2025,7727.5,Put,6950,0,0,26.8309,0,5,0
28-Oct-2025,7727.5,Put,6500,0,0,26.8309,0,6,0
28-Oct-2025,7727.5,Call,7300,0,0,26.8309,0,64,0
25-Nov-2025,7727.5,Call,6200,0,0,26.8309,0,0,0
25-Nov-2025,7727.5,Call,6300,0,0,26.8309,0,0,0
25-Nov-2025,7727.5,Call,6400,0,0,26.8309,0,0,0
25-Nov-2025,7727.5,Call,6500,0,0,26.8309,0,0,0
25-Nov-2025,7727.5,Put,7400,0,0,26.8309,0,0,0
25-Nov-2025,7727.5,Call,6700,0,0,26.8309,0,0,0
25-Nov-2025,7727.5,Put,8400,0,0,26.8309,0,0,0
25-Nov-2025,7727.5,Put,8600,0,0,26.8309,0,0,0
25-Nov-2025,7727.5,Put,8800,0,0,26.8309,0,0,0
25-Nov-2025,7727.5,Put,8050,0,0,26.8309,0,0,0
25-Nov-2025,7727.5,Put,7450,0,0,26.8309,0,0,0
25-Nov-2025,7727.5,Call,7900,0,0,26.8309,0,0,0
25-Nov-2025,7727.5,Call,6900,0,0,26.8309,0,0,0
25-Nov-2025,7727.5,Put,8100,0,0,26.8309,0,0,0
25-Nov-2025,7727.5,Call,7050,0,0,26.8309,0,0,0
25-Nov-2025,7727.5,Put,7750,0,0,26.8309,0,0,0
25-Nov-2025,7727.5,Put,7850,0,0,26.8309,0,0,0
25-Nov-2025,7727.5,Call,7550,0,0,26.8309,0,0,0
25-Nov-2025,7727.5,Put,7300,0,0,26.8309,0,0,0
25-Nov-2025,7727.5,Call,8150,0,0,26.8309,0,0,0
25-Nov-2025,7727.5,Call,8250,0,0,26.8309,0,0,0
25-Nov-2025,7727.5,Put,6600,0,0,26.8309,0,0,0
25-Nov-2025,7727.5,Put,8700,0,0,26.8309,0,0,0
25-Nov-2025,7727.5,Put,8900,0,0,26.8309,0,0,0
25-Nov-2025,7727.5,Put,7250,0,0,26.8309,0,0,0
25-Nov-2025,7727.5,Call,7350,0,0,26.8309,0,0,0
25-Nov-2025,7727.5,Put,7350,0,0,26.8309,0,0,0
25-Nov-2025,7727.5,Put,8150,0,0,26.8309,0,0,0
25-Nov-2025,7727.5,Call,8500,0,0,26.8309,0,0,0
25-Nov-2025,7727.5,Put,8500,0,0,26.8309,0,0,0
25-Nov-2025,7727.5,Put,7950,0,0,26.8309,0,0,0
25-Nov-2025,7727.5,Put,7800,0,0,26.8309,0,0,0
25-Nov-2025,7727.5,Call,7400,0,0,26.8309,0,0,0
25-Nov-2025,7727.5,Call,7150,0,0,26.8309,0,0,0
25-Nov-2025,7727.5,Put,8300,0,0,26.8309,0,0,0
25-Nov-2025,7727.5,Call,8300,0,0,26.8309,0,0,0
25-Nov-2025,7727.5,Call,7300,0,0,26.8309,0,0,0
25-Nov-2025,7727.5,Call,7650,0,0,26.8309,0,0,0
25-Nov-2025,7727.5,Call,8000,0,0,26.8309,0,0,0
25-Nov-2025,7727.5,Call,7750,0,0,26.8309,0,0,0
25-Nov-2025,7727.5,Put,6300,0,0,26.8309,0,0,0
25-Nov-2025,7727.5,Put,6200,0,0,26.8309,0,0,0
28-Oct-2025,7727.5,Call,6500,0,0,26.8309,0,0,0
28-Oct-2025,7727.5,Put,8200,0,0,26.8309,0,0,0
25-Nov-2025,7727.5,Call,8600,0,0,26.8309,0,0,0
25-Nov-2025,7727.5,Call,7850,0,0,26.8309,0,0,0
25-Nov-2025,7727.5,Call,7800,0,0,26.8309,0,0,0
25-Nov-2025,7727.5,Call,7250,0,0,26.8309,0,0,0
25-Nov-2025,7727.5,Call,8100,0,0,26.8309,0,0,0
25-Nov-2025,7727.5,Put,7550,0,0,26.8309,0,0,0
25-Nov-2025,7727.5,Call,7950,0,0,26.8309,0,0,0
30-Dec-2025,7727.5,Put,7600,0,0,26.8309,0,0,0
25-Nov-2025,7727.5,Call,7500,0,0,26.8309,0,1,0
25-Nov-2025,7727.5,Call,7100,0,0,26.8309,0,0,0
25-Nov-2025,7727.5,Put,7200,0,0,26.8309,0,0,0
30-Dec-2025,7727.5,Put,8100,0,0,26.8309,0,0,0
30-Dec-2025,7727.5,Call,8100,0,0,26.8309,0,0,0
30-Dec-2025,7727.5,Call,7700,0,0,26.8309,0,0,0
25-Nov-2025,7727.5,Call,6800,0,0,26.8309,0,0,0
25-Nov-2025,7727.5,Put,7600,0,0,26.8309,0,0,0
30-Dec-2025,7727.5,Put,7800,0,0,26.8309,0,0,0
30-Dec-2025,7727.5,Put,7300,0,0,26.8309,0,0,0
28-Oct-2025,7727.5,Call,6950,0,0,26.8309,0,0,0
25-Nov-2025,7727.5,Call,7000,0,0,26.8309,0,0,0
25-Nov-2025,7727.5,Put,6700,0,0,0,0,0,0
25-Nov-2025,7727.5,Put,8200,0,0,26.8309,0,0,0
25-Nov-2025,7727.5,Call,8200,0,0,26.8309,0,0,0
30-Dec-2025,7727.5,Call,8200,0,0,26.8309,0,0,0
30-Dec-2025,7727.5,Put,7700,0,0,26.8309,0,0,0
25-Nov-2025,7727.5,Call,7200,0,0,26.8309,0,0,0
25-Nov-2025,7727.5,Call,8800,0,0,26.8309,0,0,0
25-Nov-2025,7727.5,Put,7500,0,0,26.8309,0,3,0
30-Dec-2025,7727.5,Call,7800,0,0,26.8309,0,0,0
25-Nov-2025,7727.5,Call,7700,0,0,26.8309,0,3,0
25-Nov-2025,7727.5,Put,6800,0,0,26.8309,0,0,0
25-Nov-2025,7727.5,Call,8050,0,0,26.8309,0,0,0
25-Nov-2025,7727.5,Put,7150,0,0,26.8309,0,0,0
25-Nov-2025,7727.5,Put,8000,0,0,26.8309,0,0,0
30-Dec-2025,7727.5,Put,7400,0,0,26.8309,0,0,0
30-Dec-2025,7727.5,Call,8000,0,0,26.8309,0,0,0
30-Dec-2025,7727.5,Call,7600,0,0,26.8309,0,0,0
30-Dec-2025,7727.5,Put,7900,0,0,26.8309,0,0,0
25-Nov-2025,7727.5,Call,7600,0,0,26.8309,0,1,0
28-Oct-2025,7727.5,Call,8550,0,0,26.8309,0,3,0
25-Nov-2025,7727.5,Call,7450,0,0,26.8309,0,0,0
25-Nov-2025,7727.5,Call,8400,0,0,26.8309,0,0,0
30-Dec-2025,7727.5,Call,7900,0,0,26.8309,0,0,0
25-Nov-2025,7727.5,Put,7100,0,0,26.8309,0,0,0
25-Nov-2025,7727.5,Put,7650,0,0,26.8309,0,0,0
30-Dec-2025,7727.5,Put,7500,0,0,26.8309,0,0,0
25-Nov-2025,7727.5,Put,6500,0,0,26.8309,0,0,0
25-Nov-2025,7727.5,Call,6600,0,0,26.8309,0,0,0
30-Dec-2025,7727.5,Call,8400,0,0,26.8309,0,0,0
30-Dec-2025,7727.5,Call,8300,0,0,26.8309,0,0,0
25-Nov-2025,7727.5,Put,6400,0,0,26.8309,0,0,0
25-Nov-2025,7727.5,Put,7900,0,0,26.8309,0,0,0
30-Dec-2025,7727.5,Put,8000,0,0,26.8309,0,0,0
25-Nov-2025,7727.5,Put,8250,0,0,26.8309,0,0,0
25-Nov-2025,7727.5,Put,7700,0,0,26.8309,0,0,0
