28-Oct-2025,139.46,-,0,138.84,0,35.5065,135,25502,2294
28-Oct-2025,139.46,Call,140,3.05,23.15,35.5065,270,1823,2140
28-Oct-2025,139.46,Call,145,1.55,25.89,35.5065,-10,2257,1909
28-Oct-2025,139.46,Call,150,0.8,28.77,35.5065,146,2270,1080
28-Oct-2025,139.46,Call,160,0.25,34.35,35.5065,95,1331,874
28-Oct-2025,139.46,Call,142,2.3,25.02,35.5065,172,428,781
28-Oct-2025,139.46,Call,141,2.65,24.07,35.5065,29,285,609
28-Oct-2025,139.46,Call,142.5,2.15,24.57,35.5065,31,620,570
28-Oct-2025,139.46,Put,140,4.15,32.19,35.5065,22,765,536
28-Oct-2025,139.46,Put,135,1.9,30.04,35.5065,-99,643,506
28-Oct-2025,139.46,Call,155,0.4,30.95,35.5065,65,705,458
28-Oct-2025,139.46,Put,120,0.15,36.5,35.5065,-108,240,419
25-Nov-2025,139.46,-,0,137.2,0,35.5065,105,779,326
28-Oct-2025,139.46,Call,139,3.55,22.2,35.5065,5,164,270
28-Oct-2025,139.46,Put,130,0.75,30.26,35.5065,8,757,263
28-Oct-2025,139.46,Put,139,3.7,31.31,35.5065,40,192,221
28-Oct-2025,139.46,Put,138,3.1,30.89,35.5065,14,187,207
28-Oct-2025,139.46,Put,137.5,2.95,30.55,35.5065,-5,245,196
28-Oct-2025,139.46,Put,125,0.3,32.77,35.5065,-72,345,192
28-Oct-2025,139.46,Call,143,2,25.23,35.5065,35,169,138
28-Oct-2025,139.46,Call,138,3.9,21.56,35.5065,0,145,131
28-Oct-2025,139.46,Put,122.5,0.15,32.43,35.5065,14,96,107
28-Oct-2025,139.46,Put,141,4.9,32,35.5065,34,138,105
25-Nov-2025,139.46,Put,135,4.2,34.75,35.5065,62,135,96
28-Oct-2025,139.46,Call,165,0.15,36.94,35.5065,1,518,89
28-Oct-2025,139.46,Put,142,5.4,31.14,35.5065,31,90,85
28-Oct-2025,139.46,Call,137.5,4.15,21.47,35.5065,-10,118,82
28-Oct-2025,139.46,Put,145,7.8,35.64,35.5065,8,278,79
28-Oct-2025,139.46,Call,146,1.3,26.44,35.5065,24,130,74
28-Oct-2025,139.46,Put,137,2.65,30.94,35.5065,6,98,73
28-Oct-2025,139.46,Call,151,0.65,29.28,35.5065,-29,49,69
28-Oct-2025,139.46,Call,135,5.7,18.76,35.5065,9,197,65
28-Oct-2025,139.46,Call,147.5,1.05,26.74,35.5065,7,547,65
28-Oct-2025,139.46,Call,153,0.5,30.46,35.5065,27,90,54
28-Oct-2025,139.46,Call,144,1.7,25.51,35.5065,-2,119,52
28-Oct-2025,139.46,Put,136,2.2,30.25,35.5065,8,74,51
28-Oct-2025,139.46,Put,132.5,1.2,30.11,35.5065,10,215,47
30-Dec-2025,139.46,-,0,136.67,0,35.5065,18,94,40
28-Oct-2025,139.46,Put,150,11.35,37.31,35.5065,-7,244,40
25-Nov-2025,139.46,Put,130,2.45,33.6,35.5065,12,111,40
28-Oct-2025,139.46,Call,154,0.45,30.37,35.5065,14,73,39
28-Oct-2025,139.46,Call,136,5.2,20.4,35.5065,9,36,37
25-Nov-2025,139.46,Call,160,0.75,28.01,35.5065,16,121,37
28-Oct-2025,139.46,Put,132,1.1,30.75,35.5065,14,71,36
25-Nov-2025,139.46,Call,150,1.9,24.51,35.5065,13,67,36
28-Oct-2025,139.46,Put,127,0.45,32.28,35.5065,24,24,35
25-Nov-2025,139.46,Call,140,4.5,19.42,35.5065,-3,65,28
28-Oct-2025,139.46,Put,142.5,5.75,33.9,35.5065,-7,179,27
28-Oct-2025,139.46,Call,137,4.55,22.12,35.5065,-1,44,26
28-Oct-2025,139.46,Put,143,6.1,34.68,35.5065,8,42,26
28-Oct-2025,139.46,Call,156,0.4,32.41,35.5065,15,41,26
28-Oct-2025,139.46,Call,148,1.1,28.29,35.5065,16,72,24
25-Nov-2025,139.46,Call,145,2.8,22.59,35.5065,11,55,24
28-Oct-2025,139.46,Call,152.5,0.55,30.41,35.5065,0,175,23
25-Nov-2025,139.46,Call,139,4.8,18.66,35.5065,4,53,23
28-Oct-2025,139.46,Call,130,9.5,0,35.5065,4,135,19
28-Oct-2025,139.46,Put,110,0.05,45.32,35.5065,-2,47,19
25-Nov-2025,139.46,Put,125,1.3,33.41,35.5065,8,44,19
28-Oct-2025,139.46,Put,134,1.6,30.41,35.5065,-1,98,18
28-Oct-2025,139.46,Put,127.5,0.45,31.31,35.5065,2,164,18
28-Oct-2025,139.46,Call,147,1.2,27.21,35.5065,7,79,16
28-Oct-2025,139.46,Call,149,0.85,28.09,35.5065,-3,31,15
30-Dec-2025,139.46,Call,160,1.5,24.62,35.5065,4,4,13
28-Oct-2025,139.46,Call,132.5,7.55,0,35.5065,6,42,12
28-Oct-2025,139.46,Put,129,0.45,28.4,35.5065,4,35,11
28-Oct-2025,139.46,Call,152,0.6,29.58,35.5065,1,75,11
28-Oct-2025,139.46,Put,146,8.4,33.65,35.5065,1,15,10
28-Oct-2025,139.46,Call,162,0.15,33.52,35.5065,9,134,10
25-Nov-2025,139.46,Put,120,0.65,33.52,35.5065,7,92,10
28-Oct-2025,139.46,Call,133,7.1,20.67,35.5065,3,21,8
28-Oct-2025,139.46,Call,134,6.45,16.37,35.5065,1,14,8
28-Oct-2025,139.46,Call,157.5,0.3,32.35,35.5065,1,29,8
28-Oct-2025,139.46,Put,148,9.6,35.32,35.5065,-1,6,8
25-Nov-2025,139.46,Put,137,5.55,36.56,35.5065,7,8,8
28-Oct-2025,139.46,Put,147,8.65,33.45,35.5065,-1,11,7
25-Nov-2025,139.46,Put,136,5.05,36.13,35.5065,6,7,7
28-Oct-2025,139.46,Put,131,0.8,29.44,35.5065,2,63,6
28-Oct-2025,139.46,Call,125,14.4,0,35.5065,1,40,6
28-Oct-2025,139.46,Put,160,20.95,51.46,35.5065,4,27,6
28-Oct-2025,139.46,Put,133,1.2,29.43,35.5065,-1,48,5
28-Oct-2025,139.46,Call,120,21,55.3,35.5065,0,16,5
28-Oct-2025,139.46,Put,128,0.5,31.24,35.5065,2,25,4
28-Oct-2025,139.46,Put,144,6.5,32.86,35.5065,-2,19,4
28-Oct-2025,139.46,Put,124,0.2,31.72,35.5065,1,36,4
28-Oct-2025,139.46,Put,126,0.35,32.12,35.5065,0,26,4
25-Nov-2025,139.46,Call,135,7,14.9,35.5065,3,43,4
28-Oct-2025,139.46,Put,122,0.15,33.24,35.5065,1,6,3
25-Nov-2025,139.46,Put,140,7,37.9,35.5065,1,45,2
30-Dec-2025,139.46,Call,154,2.2,22.69,35.5065,1,1,2
28-Oct-2025,139.46,Put,117.5,0.1,37.96,35.5065,0,164,1
28-Oct-2025,139.46,Call,158,0.3,33.03,35.5065,0,7,1
28-Oct-2025,139.46,Put,147.5,8.15,24.77,35.5065,0,18,1
25-Nov-2025,139.46,Put,142,8.55,0,35.5065,0,1,1
25-Nov-2025,139.46,Call,144,3.7,24.25,35.5065,0,0,1
28-Oct-2025,139.46,Call,131,0,0,35.5065,0,0,0
28-Oct-2025,139.46,Call,132,0,0,35.5065,0,0,0
28-Oct-2025,139.46,Call,118,0,0,35.5065,0,0,0
28-Oct-2025,139.46,Put,118,0,0,35.5065,0,0,0
28-Oct-2025,139.46,Call,110,0,0,35.5065,0,6,0
28-Oct-2025,139.46,Call,127,0,0,35.5065,0,0,0
28-Oct-2025,139.46,Put,165,0,0,35.5065,0,3,0
28-Oct-2025,139.46,Call,105,0,0,35.5065,0,6,0
28-Oct-2025,139.46,Call,129,0,0,35.5065,0,0,0
28-Oct-2025,139.46,Put,115,0,0,35.5065,0,87,0
28-Oct-2025,139.46,Call,115,0,0,35.5065,0,12,0
28-Oct-2025,139.46,Put,155,0,0,35.5065,0,22,0
28-Oct-2025,139.46,Call,122.5,0,0,35.5065,0,41,0
28-Oct-2025,139.46,Put,105,0,0,35.5065,0,13,0
28-Oct-2025,139.46,Put,149,0,0,35.5065,0,0,0
28-Oct-2025,139.46,Put,151,0,0,35.5065,0,0,0
28-Oct-2025,139.46,Put,152,0,0,35.5065,0,0,0
28-Oct-2025,139.46,Put,153,0,0,35.5065,0,0,0
28-Oct-2025,139.46,Put,154,0,0,35.5065,0,0,0
28-Oct-2025,139.46,Put,156,0,0,35.5065,0,0,0
28-Oct-2025,139.46,Put,158,0,0,35.5065,0,0,0
28-Oct-2025,139.46,Put,152.5,0,0,35.5065,0,6,0
28-Oct-2025,139.46,Call,127.5,0,0,35.5065,0,19,0
28-Oct-2025,139.46,Put,162,0,0,35.5065,0,0,0
28-Oct-2025,139.46,Call,122,0,0,35.5065,0,0,0
28-Oct-2025,139.46,Call,124,0,0,35.5065,0,0,0
28-Oct-2025,139.46,Call,126,0,0,35.5065,0,0,0
28-Oct-2025,139.46,Call,128,0,0,35.5065,0,0,0
25-Nov-2025,139.46,Put,124,0,0,35.5065,0,0,0
25-Nov-2025,139.46,Call,129,0,0,35.5065,0,0,0
25-Nov-2025,139.46,Put,129,0,0,35.5065,0,0,0
25-Nov-2025,139.46,Call,154,0,0,35.5065,0,0,0
25-Nov-2025,139.46,Call,151,0,0,35.5065,0,0,0
25-Nov-2025,139.46,Call,152,0,0,35.5065,0,0,0
25-Nov-2025,139.46,Call,153,0,0,35.5065,0,0,0
25-Nov-2025,139.46,Put,145,0,0,35.5065,0,0,0
25-Nov-2025,139.46,Put,160,0,0,35.5065,0,0,0
25-Nov-2025,139.46,Put,134,0,0,35.5065,0,0,0
25-Nov-2025,139.46,Call,137,0,0,35.5065,0,0,0
25-Nov-2025,139.46,Call,138,0,0,35.5065,0,0,0
25-Nov-2025,139.46,Put,138,0,0,35.5065,0,0,0
25-Nov-2025,139.46,Put,141,0,0,35.5065,0,0,0
25-Nov-2025,139.46,Put,144,0,0,35.5065,0,0,0
25-Nov-2025,139.46,Put,151,0,0,35.5065,0,0,0
25-Nov-2025,139.46,Call,126,0,0,35.5065,0,0,0
25-Nov-2025,139.46,Put,126,0,0,35.5065,0,0,0
25-Nov-2025,139.46,Call,128,0,0,35.5065,0,0,0
25-Nov-2025,139.46,Call,143,0,0,35.5065,0,0,0
25-Nov-2025,139.46,Put,153,0,0,35.5065,0,0,0
25-Nov-2025,139.46,Put,158,0,0,35.5065,0,0,0
25-Nov-2025,139.46,Put,149,0,0,35.5065,0,0,0
25-Nov-2025,139.46,Call,142,0,0,35.5065,0,0,0
25-Nov-2025,139.46,Call,124,0,0,35.5065,0,0,0
25-Nov-2025,139.46,Put,131,0,0,35.5065,0,0,0
25-Nov-2025,139.46,Put,148,0,0,35.5065,0,0,0
25-Nov-2025,139.46,Call,130,0,0,35.5065,0,0,0
25-Nov-2025,139.46,Call,118,0,0,35.5065,0,0,0
25-Nov-2025,139.46,Put,146,0,0,35.5065,0,0,0
25-Nov-2025,139.46,Put,139,0,0,35.5065,0,0,0
25-Nov-2025,139.46,Call,134,0,0,35.5065,0,0,0
25-Nov-2025,139.46,Put,132,0,0,35.5065,0,0,0
30-Dec-2025,139.46,Put,128,0,0,35.5065,0,0,0
25-Nov-2025,139.46,Call,133,0,0,35.5065,0,0,0
25-Nov-2025,139.46,Call,127,0,0,35.5065,0,0,0
25-Nov-2025,139.46,Put,128,0,0,35.5065,0,0,0
25-Nov-2025,139.46,Call,141,0,0,35.5065,0,0,0
25-Nov-2025,139.46,Call,148,0,0,35.5065,0,0,0
25-Nov-2025,139.46,Put,152,0,0,35.5065,0,0,0
25-Nov-2025,139.46,Call,136,0,0,35.5065,0,0,0
30-Dec-2025,139.46,Put,136,0,0,35.5065,0,0,0
30-Dec-2025,139.46,Put,144,0,0,35.5065,0,0,0
30-Dec-2025,139.46,Put,148,0,0,35.5065,0,0,0
30-Dec-2025,139.46,Put,134,0,0,35.5065,0,0,0
30-Dec-2025,139.46,Call,142,0,0,35.5065,0,0,0
30-Dec-2025,139.46,Call,146,0,0,35.5065,0,0,0
30-Dec-2025,139.46,Call,126,0,0,0,0,0,0
30-Dec-2025,139.46,Call,128,0,0,35.5065,0,0,0
30-Dec-2025,139.46,Call,124,0,0,35.5065,0,0,0
25-Nov-2025,139.46,Put,156,0,0,35.5065,0,0,0
25-Nov-2025,139.46,Put,127,0,0,35.5065,0,0,0
25-Nov-2025,139.46,Put,118,0,0,0,0,0,0
25-Nov-2025,139.46,Call,122,0,0,35.5065,0,0,0
25-Nov-2025,139.46,Call,147,0,0,35.5065,0,0,0
30-Dec-2025,139.46,Call,148,0,0,35.5065,0,0,0
30-Dec-2025,139.46,Call,138,0,0,35.5065,0,0,0
25-Nov-2025,139.46,Put,143,0,0,35.5065,0,0,0
30-Dec-2025,139.46,Put,160,0,0,35.5065,0,0,0
25-Nov-2025,139.46,Call,120,0,0,35.5065,0,0,0
30-Dec-2025,139.46,Put,126,0,0,35.5065,0,0,0
25-Nov-2025,139.46,Put,162,0,0,35.5065,0,0,0
25-Nov-2025,139.46,Call,131,0,0,35.5065,0,0,0
30-Dec-2025,139.46,Call,120,0,0,35.5065,0,0,0
25-Nov-2025,139.46,Call,156,0,0,0,0,0,0
25-Nov-2025,139.46,Put,122,0,0,35.5065,0,0,0
25-Nov-2025,139.46,Put,133,0,0,35.5065,0,0,0
25-Nov-2025,139.46,Call,132,0,0,35.5065,0,0,0
25-Nov-2025,139.46,Put,154,0,0,35.5065,0,0,0
30-Dec-2025,139.46,Put,146,0,0,35.5065,0,0,0
30-Dec-2025,139.46,Call,136,0,0,35.5065,0,0,0
25-Nov-2025,139.46,Put,147,0,0,35.5065,0,0,0
25-Nov-2025,139.46,Call,149,0,0,35.5065,0,0,0
30-Dec-2025,139.46,Put,142,0,0,35.5065,0,0,0
25-Nov-2025,139.46,Put,150,0,0,35.5065,0,3,0
25-Nov-2025,139.46,Call,146,0,0,35.5065,0,0,0
30-Dec-2025,139.46,Put,138,0,0,35.5065,0,0,0
30-Dec-2025,139.46,Put,132,0,0,35.5065,0,0,0
30-Dec-2025,139.46,Call,152,0,0,35.5065,0,0,0
30-Dec-2025,139.46,Put,154,0,0,35.5065,0,0,0
30-Dec-2025,139.46,Call,130,0,0,35.5065,0,0,0
30-Dec-2025,139.46,Put,152,0,0,35.5065,0,0,0
30-Dec-2025,139.46,Call,116,0,0,0,0,0,0
30-Dec-2025,139.46,Put,156,0,0,35.5065,0,0,0
30-Dec-2025,139.46,Put,130,0,0,35.5065,0,9,0
30-Dec-2025,139.46,Call,140,0,0,35.5065,0,0,0
30-Dec-2025,139.46,Put,124,0,0,35.5065,0,0,0
30-Dec-2025,139.46,Put,150,0,0,35.5065,0,0,0
30-Dec-2025,139.46,Put,140,0,0,35.5065,0,0,0
30-Dec-2025,139.46,Call,144,0,0,35.5065,0,0,0
30-Dec-2025,139.46,Call,156,0,0,35.5065,0,0,0
30-Dec-2025,139.46,Call,150,0,0,35.5065,0,0,0
30-Dec-2025,139.46,Call,132,0,0,35.5065,0,0,0
30-Dec-2025,139.46,Call,134,0,0,35.5065,0,0,0
