28-Oct-2025,2329.5,Call,2400,18,18.25,23.5781,399,3275,4367
28-Oct-2025,2329.5,-,0,2337.1,0,23.5781,969,53404,3230
28-Oct-2025,2329.5,Call,2360,31.25,18.06,23.5781,511,1849,2809
28-Oct-2025,2329.5,Call,2500,5.2,20.86,23.5781,1024,4533,2688
28-Oct-2025,2329.5,Call,2340,40.4,17.81,23.5781,568,1209,2126
28-Oct-2025,2329.5,Call,2600,1.35,23.22,23.5781,-212,2697,1656
28-Oct-2025,2329.5,Call,2380,24,18.01,23.5781,204,886,1613
28-Oct-2025,2329.5,Call,2460,8,19.36,23.5781,183,976,1313
28-Oct-2025,2329.5,Put,2340,42.35,20.23,23.5781,54,792,1226
28-Oct-2025,2329.5,Put,2300,25.6,20.46,23.5781,19,1887,1131
28-Oct-2025,2329.5,Call,2440,10.35,18.84,23.5781,182,1054,1057
28-Oct-2025,2329.5,Put,2320,33.15,20.18,23.5781,86,474,891
28-Oct-2025,2329.5,Put,2360,53.7,20.54,23.5781,-86,1056,792
28-Oct-2025,2329.5,Call,2420,13.6,18.52,23.5781,72,1066,791
28-Oct-2025,2329.5,Call,2300,63,17.76,23.5781,236,651,634
28-Oct-2025,2329.5,Call,2520,3.9,21.3,23.5781,54,572,616
28-Oct-2025,2329.5,Put,2200,6.1,21.92,23.5781,56,1841,579
28-Oct-2025,2329.5,Call,2480,6.25,19.91,23.5781,24,720,567
28-Oct-2025,2329.5,Call,2320,50.85,17.77,23.5781,111,337,514
28-Oct-2025,2329.5,Call,2540,2.95,21.87,23.5781,-163,410,489
28-Oct-2025,2329.5,Put,2280,19.3,20.48,23.5781,74,290,414
28-Oct-2025,2329.5,Call,2700,0.75,27.4,23.5781,-76,1063,413
25-Nov-2025,2329.5,-,0,2346,0,23.5781,220,1896,340
28-Oct-2025,2329.5,Put,2380,66.5,21.9,23.5781,-36,265,288
28-Oct-2025,2329.5,Put,2260,15,20.86,23.5781,42,391,287
28-Oct-2025,2329.5,Call,2580,1.9,22.84,23.5781,77,385,282
28-Oct-2025,2329.5,Put,2240,11,21.17,23.5781,32,460,232
28-Oct-2025,2329.5,Put,2160,3.1,22.83,23.5781,85,375,196
28-Oct-2025,2329.5,Call,2560,2.4,22.4,23.5781,-1,365,195
28-Oct-2025,2329.5,Put,2400,80.95,22.12,23.5781,22,1415,189
28-Oct-2025,2329.5,Put,2120,1.5,23.25,23.5781,12,1020,172
28-Oct-2025,2329.5,Put,2220,8.45,21.56,23.5781,21,283,165
28-Oct-2025,2329.5,Put,2180,4.45,22.45,23.5781,-29,153,144
28-Oct-2025,2329.5,Call,2680,0.65,25.65,23.5781,0,286,131
28-Oct-2025,2329.5,Put,2140,2.4,22.96,23.5781,-1,251,102
28-Oct-2025,2329.5,Call,2640,1,24.94,23.5781,-55,353,83
25-Nov-2025,2329.5,Put,2200,22.55,23.44,23.5781,43,124,74
28-Oct-2025,2329.5,Call,2620,1.2,23.44,23.5781,-18,166,46
28-Oct-2025,2329.5,Call,2800,0.5,31.89,23.5781,-19,169,39
28-Oct-2025,2329.5,Put,2500,169,24.77,23.5781,3,592,37
25-Nov-2025,2329.5,Call,2600,11.2,22.45,23.5781,-10,87,36
28-Oct-2025,2329.5,Call,2720,0.45,27.03,23.5781,-4,83,34
30-Dec-2025,2329.5,-,0,2354.9,0,23.5781,19,110,33
25-Nov-2025,2329.5,Call,2500,24,20.86,23.5781,14,53,33
25-Nov-2025,2329.5,Call,2400,49.45,20.23,23.5781,11,95,31
25-Nov-2025,2329.5,Put,2300,51,22.79,23.5781,7,79,30
28-Oct-2025,2329.5,Call,2200,134,0,23.5781,18,107,23
28-Oct-2025,2329.5,Put,2440,119,24.57,23.5781,5,219,22
28-Oct-2025,2329.5,Call,2880,0.3,34.17,23.5781,0,199,21
25-Nov-2025,2329.5,Call,2520,20.15,21.44,23.5781,0,58,17
28-Oct-2025,2329.5,Put,2600,272,37.76,23.5781,5,514,11
25-Nov-2025,2329.5,Put,2400,106,24.43,23.5781,6,51,10
25-Nov-2025,2329.5,Put,2360,83.6,24.36,23.5781,6,7,10
28-Oct-2025,2329.5,Call,2760,0.6,30.35,23.5781,-5,54,9
28-Oct-2025,2329.5,Call,2660,1,26.25,23.5781,0,105,9
28-Oct-2025,2329.5,Put,2460,135.85,25.2,23.5781,-3,171,8
28-Oct-2025,2329.5,Put,2420,95,20.91,23.5781,1,107,8
25-Nov-2025,2329.5,Put,2280,47,23.93,23.5781,2,55,7
25-Nov-2025,2329.5,Call,2380,61,21.26,23.5781,6,59,7
28-Oct-2025,2329.5,Put,2080,0.6,22.93,23.5781,-3,370,6
25-Nov-2025,2329.5,Call,2360,64.5,19.63,23.5781,3,4,6
28-Oct-2025,2329.5,Call,2840,0.3,32.14,23.5781,0,28,5
28-Oct-2025,2329.5,Call,2240,109.25,20.52,23.5781,0,2,5
28-Oct-2025,2329.5,Call,2260,92.95,20.07,23.5781,0,15,5
25-Nov-2025,2329.5,Put,2340,72.9,24.14,23.5781,3,21,5
25-Nov-2025,2329.5,Call,2460,32.75,21.12,23.5781,3,26,5
25-Nov-2025,2329.5,Call,2340,73.55,19.37,23.5781,3,3,4
28-Oct-2025,2329.5,Put,2100,1.7,25.1,23.5781,1,12,3
28-Oct-2025,2329.5,Call,2780,0.45,30.4,23.5781,0,25,3
25-Nov-2025,2329.5,Call,2640,8.25,23,23.5781,0,21,2
25-Nov-2025,2329.5,Call,2680,6,23.43,23.5781,0,2,2
25-Nov-2025,2329.5,Put,2220,27.9,23.7,23.5781,0,52,2
25-Nov-2025,2329.5,Call,2560,15.7,22.33,23.5781,-1,0,2
25-Nov-2025,2329.5,Put,2240,30,22.48,23.5781,0,9,1
25-Nov-2025,2329.5,Put,2080,6.8,24.31,23.5781,0,2,1
25-Nov-2025,2329.5,Call,2480,27.4,21.02,23.5781,0,7,1
25-Nov-2025,2329.5,Put,2180,18,23.21,23.5781,0,0,1
25-Nov-2025,2329.5,Call,2440,36,20.29,23.5781,0,2,1
28-Oct-2025,2329.5,Put,2040,0,0,23.5781,0,0,0
28-Oct-2025,2329.5,Call,2140,0,0,23.5781,0,1,0
28-Oct-2025,2329.5,Put,2520,0,0,23.5781,0,74,0
28-Oct-2025,2329.5,Call,2080,0,0,23.5781,0,1,0
28-Oct-2025,2329.5,Put,2480,0,0,23.5781,0,195,0
28-Oct-2025,2329.5,Put,2720,0,0,23.5781,0,0,0
28-Oct-2025,2329.5,Put,2620,0,0,23.5781,0,1,0
28-Oct-2025,2329.5,Call,2740,0,0,23.5781,0,17,0
28-Oct-2025,2329.5,Put,2580,0,0,23.5781,0,22,0
28-Oct-2025,2329.5,Put,2740,0,0,23.5781,0,2,0
28-Oct-2025,2329.5,Put,2700,0,0,23.5781,0,78,0
28-Oct-2025,2329.5,Put,2540,0,0,23.5781,0,113,0
28-Oct-2025,2329.5,Put,2800,0,0,23.5781,0,11,0
28-Oct-2025,2329.5,Call,2100,0,0,23.5781,0,0,0
28-Oct-2025,2329.5,Call,1960,0,0,23.5781,0,0,0
28-Oct-2025,2329.5,Put,1960,0,0,23.5781,0,0,0
28-Oct-2025,2329.5,Call,2040,0,0,23.5781,0,0,0
28-Oct-2025,2329.5,Call,2120,0,0,23.5781,0,0,0
28-Oct-2025,2329.5,Call,2280,0,0,23.5781,0,16,0
28-Oct-2025,2329.5,Call,2160,0,0,23.5781,0,1,0
28-Oct-2025,2329.5,Put,2640,0,0,23.5781,0,12,0
28-Oct-2025,2329.5,Put,2560,0,0,23.5781,0,32,0
28-Oct-2025,2329.5,Put,2680,0,0,23.5781,0,0,0
28-Oct-2025,2329.5,Put,2880,0,0,23.5781,0,1,0
28-Oct-2025,2329.5,Call,2220,0,0,23.5781,0,0,0
28-Oct-2025,2329.5,Put,2840,0,0,23.5781,0,1,0
28-Oct-2025,2329.5,Put,2000,0,0,23.5781,0,0,0
28-Oct-2025,2329.5,Call,2000,0,0,23.5781,0,0,0
28-Oct-2025,2329.5,Call,2180,0,0,23.5781,0,0,0
25-Nov-2025,2329.5,Put,2140,0,0,23.5781,0,0,0
25-Nov-2025,2329.5,Call,2300,0,0,23.5781,0,0,0
25-Nov-2025,2329.5,Put,2040,0,0,23.5781,0,0,0
25-Nov-2025,2329.5,Call,2580,0,0,23.5781,0,0,0
25-Nov-2025,2329.5,Put,2160,0,0,23.5781,0,0,0
25-Nov-2025,2329.5,Put,2100,0,0,23.5781,0,0,0
25-Nov-2025,2329.5,Put,2480,0,0,23.5781,0,0,0
25-Nov-2025,2329.5,Put,1960,0,0,23.5781,0,0,0
25-Nov-2025,2329.5,Put,2320,0,0,23.5781,0,0,0
25-Nov-2025,2329.5,Put,2600,0,0,23.5781,0,0,0
25-Nov-2025,2329.5,Call,2180,0,0,23.5781,0,0,0
25-Nov-2025,2329.5,Call,2720,0,0,23.5781,0,20,0
25-Nov-2025,2329.5,Call,2260,0,0,23.5781,0,0,0
25-Nov-2025,2329.5,Call,2220,0,0,23.5781,0,0,0
25-Nov-2025,2329.5,Put,2420,0,0,23.5781,0,0,0
25-Nov-2025,2329.5,Put,2380,0,0,23.5781,0,0,0
25-Nov-2025,2329.5,Put,2460,0,0,23.5781,0,0,0
25-Nov-2025,2329.5,Put,2500,0,0,23.5781,0,0,0
25-Nov-2025,2329.5,Put,2580,0,0,23.5781,0,0,0
25-Nov-2025,2329.5,Put,2540,0,0,23.5781,0,0,0
25-Nov-2025,2329.5,Call,2000,0,0,23.5781,0,0,0
25-Nov-2025,2329.5,Put,2680,0,0,23.5781,0,0,0
25-Nov-2025,2329.5,Call,1960,0,0,23.5781,0,0,0
25-Nov-2025,2329.5,Put,2520,0,0,23.5781,0,0,0
25-Nov-2025,2329.5,Put,2720,0,0,23.5781,0,0,0
25-Nov-2025,2329.5,Call,2140,0,0,23.5781,0,0,0
25-Nov-2025,2329.5,Call,2120,0,0,23.5781,0,0,0
25-Nov-2025,2329.5,Call,2100,0,0,23.5781,0,0,0
25-Nov-2025,2329.5,Put,2640,0,0,23.5781,0,0,0
25-Nov-2025,2329.5,Call,2280,0,0,23.5781,0,0,0
25-Nov-2025,2329.5,Call,2240,0,0,23.5781,0,0,0
25-Nov-2025,2329.5,Call,2080,0,0,23.5781,0,0,0
25-Nov-2025,2329.5,Call,2160,0,0,23.5781,0,0,0
25-Nov-2025,2329.5,Call,2200,0,0,23.5781,0,0,0
25-Nov-2025,2329.5,Call,2040,0,0,23.5781,0,0,0
25-Nov-2025,2329.5,Put,2560,0,0,23.5781,0,0,0
25-Nov-2025,2329.5,Call,2420,0,0,23.5781,0,0,0
25-Nov-2025,2329.5,Put,2260,0,0,23.5781,0,0,0
25-Nov-2025,2329.5,Call,2320,0,0,23.5781,0,0,0
25-Nov-2025,2329.5,Put,2440,0,0,23.5781,0,0,0
25-Nov-2025,2329.5,Call,2540,0,0,23.5781,0,0,0
25-Nov-2025,2329.5,Put,2000,0,0,23.5781,0,0,0
25-Nov-2025,2329.5,Call,2800,0,0,23.5781,0,17,0
25-Nov-2025,2329.5,Put,2120,0,0,23.5781,0,0,0
30-Dec-2025,2329.5,Call,2360,0,0,23.5781,0,0,0
30-Dec-2025,2329.5,Put,2200,0,0,23.5781,0,0,0
30-Dec-2025,2329.5,Call,2520,0,0,23.5781,0,0,0
30-Dec-2025,2329.5,Call,2280,0,0,0,0,0,0
30-Dec-2025,2329.5,Put,2400,0,0,23.5781,0,0,0
30-Dec-2025,2329.5,Put,2360,0,0,23.5781,0,0,0
30-Dec-2025,2329.5,Put,2120,0,0,23.5781,0,0,0
30-Dec-2025,2329.5,Call,2440,0,0,23.5781,0,0,0
30-Dec-2025,2329.5,Call,2560,0,0,23.5781,0,5,0
30-Dec-2025,2329.5,Call,2480,0,0,23.5781,0,0,0
30-Dec-2025,2329.5,Put,2480,0,0,23.5781,0,0,0
30-Dec-2025,2329.5,Put,2320,0,0,23.5781,0,0,0
30-Dec-2025,2329.5,Call,2320,0,0,23.5781,0,0,0
30-Dec-2025,2329.5,Put,2440,0,0,23.5781,0,0,0
30-Dec-2025,2329.5,Call,2720,0,0,23.5781,0,0,0
30-Dec-2025,2329.5,Put,2240,0,0,23.5781,0,0,0
30-Dec-2025,2329.5,Put,1920,0,0,23.5781,0,0,0
30-Dec-2025,2329.5,Put,2280,0,0,23.5781,0,0,0
30-Dec-2025,2329.5,Put,2080,0,0,23.5781,0,0,0
30-Dec-2025,2329.5,Call,2400,0,0,23.5781,0,0,0
30-Dec-2025,2329.5,Put,2000,0,0,23.5781,0,0,0
30-Dec-2025,2329.5,Call,2600,0,0,23.5781,0,0,0
