28-Oct-2025,1183.6,Call,1200,21.6,23.39,27.1242,-430,6188,5891
28-Oct-2025,1183.6,-,0,1190.5,0,27.1242,1552,135671,5517
28-Oct-2025,1183.6,Call,1250,7.5,24.31,27.1242,1395,6850,2996
28-Oct-2025,1183.6,Put,1180,21.15,23.63,27.1242,72,1208,1725
28-Oct-2025,1183.6,Call,1190,26.1,23.54,27.1242,153,1395,1687
28-Oct-2025,1183.6,Call,1220,14.2,23.53,27.1242,132,2203,1514
28-Oct-2025,1183.6,Call,1210,17.5,23.44,27.1242,-122,1167,1424
28-Oct-2025,1183.6,Put,1190,25.9,23.58,27.1242,131,976,1181
28-Oct-2025,1183.6,Call,1180,31.35,23.36,27.1242,70,1456,1135
28-Oct-2025,1183.6,Put,1150,10.6,23.67,27.1242,-20,1398,1110
28-Oct-2025,1183.6,Put,1170,17.05,23.72,27.1242,71,902,1040
28-Oct-2025,1183.6,Put,1200,31.35,23.67,27.1242,41,2368,941
28-Oct-2025,1183.6,Call,1230,11.35,23.4,27.1242,-52,4210,812
28-Oct-2025,1183.6,Call,1240,9.15,23.82,27.1242,84,857,736
28-Oct-2025,1183.6,Put,1160,13.4,23.73,27.1242,-6,1822,615
28-Oct-2025,1183.6,Call,1300,2.3,25.32,27.1242,-134,1484,613
28-Oct-2025,1183.6,Call,1260,5.9,24.38,27.1242,123,1455,598
28-Oct-2025,1183.6,Put,1100,2.9,25.37,27.1242,42,1496,590
28-Oct-2025,1183.6,Put,1140,8.4,24.04,27.1242,-51,1198,559
28-Oct-2025,1183.6,Call,1280,3.7,24.81,27.1242,24,444,327
28-Oct-2025,1183.6,Call,1270,4.65,24.62,27.1242,8,479,301
28-Oct-2025,1183.6,Call,1170,37.3,22.73,27.1242,5,846,267
28-Oct-2025,1183.6,Call,1290,2.9,25.01,27.1242,37,278,214
28-Oct-2025,1183.6,Put,1210,37.3,23.73,27.1242,-12,481,183
28-Oct-2025,1183.6,Call,1160,43.75,23.29,27.1242,0,6365,162
28-Oct-2025,1183.6,Put,1120,5.1,24.66,27.1242,-15,809,153
25-Nov-2025,1183.6,-,0,1195,0,27.1242,42,1836,147
28-Oct-2025,1183.6,Put,1130,6.4,24.33,27.1242,7,795,142
28-Oct-2025,1183.6,Put,1110,3.85,24.97,27.1242,-19,304,141
28-Oct-2025,1183.6,Call,1320,1.35,25.87,27.1242,5,624,135
28-Oct-2025,1183.6,Put,1220,44.7,23.75,27.1242,3,676,133
28-Oct-2025,1183.6,Call,1150,50.55,21.57,27.1242,3,3696,102
28-Oct-2025,1183.6,Put,1080,1.75,26.55,27.1242,4,538,95
28-Oct-2025,1183.6,Put,1090,2.25,25.88,27.1242,4,167,94
28-Oct-2025,1183.6,Call,1140,57.15,24.37,27.1242,-17,978,87
28-Oct-2025,1183.6,Call,1310,1.8,25.42,27.1242,25,51,52
25-Nov-2025,1183.6,Call,1200,32.75,19.96,27.1242,16,140,49
28-Oct-2025,1183.6,Put,860,0.2,53.62,27.1242,0,46,33
28-Oct-2025,1183.6,Call,1360,0.6,28.05,27.1242,-2,41,33
28-Oct-2025,1183.6,Put,1230,51.8,25.52,27.1242,1,196,32
28-Oct-2025,1183.6,Call,1340,0.8,26.65,27.1242,3,1410,31
28-Oct-2025,1183.6,Put,1240,60.2,27.02,27.1242,6,69,25
28-Oct-2025,1183.6,Put,1000,0.45,34.34,27.1242,-3,400,23
28-Oct-2025,1183.6,Call,1130,65.5,22.17,27.1242,-1,488,21
30-Dec-2025,1183.6,-,0,1199.7,0,27.1242,4,117,20
28-Oct-2025,1183.6,Put,1260,77.95,27.2,27.1242,5,92,18
28-Oct-2025,1183.6,Put,1010,0.5,38.01,27.1242,2,16,16
28-Oct-2025,1183.6,Put,1250,67.45,24.68,27.1242,1,125,13
25-Nov-2025,1183.6,Call,1190,39,20.76,27.1242,8,15,13
28-Oct-2025,1183.6,Put,1070,1.55,27.21,27.1242,4,149,11
28-Oct-2025,1183.6,Put,1050,0.95,28.61,27.1242,-3,461,10
28-Oct-2025,1183.6,Put,1060,1.05,27.49,27.1242,-3,679,9
25-Nov-2025,1183.6,Put,1120,11,22.6,27.1242,1,12,8
28-Oct-2025,1183.6,Call,1120,70.45,20.33,27.1242,0,375,6
25-Nov-2025,1183.6,Put,1200,40.6,22.9,27.1242,-1,27,6
28-Oct-2025,1183.6,Call,1110,84,18.65,27.1242,-3,61,5
28-Oct-2025,1183.6,Call,1070,116.1,0,27.1242,1,57,4
25-Nov-2025,1183.6,Put,1140,15.55,22.27,27.1242,0,13,3
25-Nov-2025,1183.6,Call,1300,8,22.54,27.1242,1,50,3
25-Nov-2025,1183.6,Call,1250,16.25,20.94,27.1242,-1,14,3
25-Nov-2025,1183.6,Call,1240,19.25,21.03,27.1242,-1,15,2
25-Nov-2025,1183.6,Put,1170,23.3,20.76,27.1242,0,20,2
25-Nov-2025,1183.6,Put,1100,7.75,23.1,27.1242,1,127,2
25-Nov-2025,1183.6,Put,1190,34.15,22.05,27.1242,1,25,2
25-Nov-2025,1183.6,Put,1150,19,22.56,27.1242,0,17,2
28-Oct-2025,1183.6,Call,1100,91.95,0,27.1242,0,590,1
28-Oct-2025,1183.6,Put,1270,88.25,28.37,27.1242,0,21,1
28-Oct-2025,1183.6,Put,1040,0.8,29.58,27.1242,0,319,1
28-Oct-2025,1183.6,Put,990,0.35,34.36,27.1242,0,75,1
25-Nov-2025,1183.6,Put,1130,13.5,22.72,27.1242,0,1,1
25-Nov-2025,1183.6,Call,1230,21.5,20.42,27.1242,0,4,1
25-Nov-2025,1183.6,Call,1340,4.5,0,27.1242,0,11,1
28-Oct-2025,1183.6,Call,1090,0,0,27.1242,0,23,0
28-Oct-2025,1183.6,Put,1030,0,0,27.1242,0,137,0
28-Oct-2025,1183.6,Put,880,0,0,27.1242,0,15,0
28-Oct-2025,1183.6,Call,1040,0,0,27.1242,0,7,0
28-Oct-2025,1183.6,Put,1290,0,0,27.1242,0,1,0
28-Oct-2025,1183.6,Put,1380,0,0,27.1242,0,0,0
28-Oct-2025,1183.6,Put,1300,0,0,27.1242,0,111,0
28-Oct-2025,1183.6,Put,1310,0,0,27.1242,0,0,0
28-Oct-2025,1183.6,Call,1380,0,0,27.1242,0,0,0
28-Oct-2025,1183.6,Call,1060,0,0,27.1242,0,41,0
28-Oct-2025,1183.6,Put,980,0,0,27.1242,0,186,0
28-Oct-2025,1183.6,Put,1320,0,0,27.1242,0,30,0
28-Oct-2025,1183.6,Put,1280,0,0,27.1242,0,45,0
28-Oct-2025,1183.6,Call,1030,0,0,27.1242,0,3,0
28-Oct-2025,1183.6,Put,1020,0,0,27.1242,0,139,0
28-Oct-2025,1183.6,Call,1050,0,0,27.1242,0,81,0
28-Oct-2025,1183.6,Put,1340,0,0,27.1242,0,0,0
28-Oct-2025,1183.6,Call,1000,0,0,27.1242,0,70,0
28-Oct-2025,1183.6,Call,1020,0,0,27.1242,0,4,0
28-Oct-2025,1183.6,Call,960,0,0,27.1242,0,4,0
28-Oct-2025,1183.6,Call,920,0,0,27.1242,0,16,0
28-Oct-2025,1183.6,Call,1080,0,0,27.1242,0,88,0
28-Oct-2025,1183.6,Put,970,0,0,27.1242,0,4,0
28-Oct-2025,1183.6,Put,950,0,0,27.1242,0,38,0
25-Nov-2025,1183.6,Put,1240,0,0,27.1242,0,0,0
25-Nov-2025,1183.6,Put,1280,0,0,27.1242,0,0,0
25-Nov-2025,1183.6,Put,1220,0,0,27.1242,0,0,0
25-Nov-2025,1183.6,Put,1260,0,0,27.1242,0,0,0
28-Oct-2025,1183.6,Put,1360,0,0,27.1242,0,0,0
25-Nov-2025,1183.6,Put,1080,0,0,27.1242,0,0,0
25-Nov-2025,1183.6,Put,1000,0,0,27.1242,0,0,0
25-Nov-2025,1183.6,Put,1070,0,0,27.1242,0,0,0
25-Nov-2025,1183.6,Call,1210,0,0,27.1242,0,1,0
25-Nov-2025,1183.6,Put,1110,0,0,27.1242,0,0,0
25-Nov-2025,1183.6,Put,1090,0,0,27.1242,0,0,0
25-Nov-2025,1183.6,Put,1020,0,0,27.1242,0,0,0
28-Oct-2025,1183.6,Put,960,0,0,27.1242,0,24,0
25-Nov-2025,1183.6,Call,1360,0,0,27.1242,0,0,0
25-Nov-2025,1183.6,Put,1300,0,0,27.1242,0,0,0
25-Nov-2025,1183.6,Call,1380,0,0,27.1242,0,0,0
25-Nov-2025,1183.6,Put,1050,0,0,27.1242,0,0,0
25-Nov-2025,1183.6,Call,1140,0,0,27.1242,0,0,0
25-Nov-2025,1183.6,Put,1230,0,0,27.1242,0,0,0
25-Nov-2025,1183.6,Call,1260,0,0,27.1242,0,9,0
25-Nov-2025,1183.6,Put,1380,0,0,27.1242,0,0,0
25-Nov-2025,1183.6,Put,1340,0,0,27.1242,0,0,0
25-Nov-2025,1183.6,Call,1310,0,0,27.1242,0,0,0
25-Nov-2025,1183.6,Call,1070,0,0,27.1242,0,0,0
25-Nov-2025,1183.6,Call,1060,0,0,27.1242,0,0,0
25-Nov-2025,1183.6,Put,1210,0,0,27.1242,0,0,0
25-Nov-2025,1183.6,Call,1090,0,0,27.1242,0,0,0
25-Nov-2025,1183.6,Call,1110,0,0,27.1242,0,0,0
25-Nov-2025,1183.6,Put,1160,0,0,27.1242,0,0,0
25-Nov-2025,1183.6,Put,1060,0,0,27.1242,0,0,0
25-Nov-2025,1183.6,Put,1250,0,0,27.1242,0,1,0
25-Nov-2025,1183.6,Call,1100,0,0,27.1242,0,0,0
25-Nov-2025,1183.6,Call,1130,0,0,27.1242,0,0,0
28-Oct-2025,1183.6,Put,900,0,0,27.1242,0,14,0
25-Nov-2025,1183.6,Call,1120,0,0,27.1242,0,0,0
25-Nov-2025,1183.6,Call,1050,0,0,27.1242,0,0,0
25-Nov-2025,1183.6,Call,1170,0,0,27.1242,0,9,0
25-Nov-2025,1183.6,Call,1150,0,0,27.1242,0,20,0
25-Nov-2025,1183.6,Call,1270,0,0,27.1242,0,0,0
25-Nov-2025,1183.6,Call,1220,0,0,27.1242,0,33,0
25-Nov-2025,1183.6,Put,1270,0,0,27.1242,0,0,0
25-Nov-2025,1183.6,Call,1320,0,0,27.1242,0,7,0
25-Nov-2025,1183.6,Put,1310,0,0,27.1242,0,0,0
25-Nov-2025,1183.6,Put,1360,0,0,27.1242,0,0,0
25-Nov-2025,1183.6,Put,1290,0,0,27.1242,0,0,0
25-Nov-2025,1183.6,Put,1320,0,0,27.1242,0,0,0
25-Nov-2025,1183.6,Call,1290,0,0,27.1242,0,0,0
25-Nov-2025,1183.6,Put,1180,0,0,27.1242,0,0,0
25-Nov-2025,1183.6,Call,1280,0,0,27.1242,0,10,0
25-Nov-2025,1183.6,Call,1180,0,0,27.1242,0,6,0
25-Nov-2025,1183.6,Call,1020,0,0,27.1242,0,0,0
25-Nov-2025,1183.6,Call,1000,0,0,27.1242,0,0,0
25-Nov-2025,1183.6,Call,1160,0,0,27.1242,0,0,0
30-Dec-2025,1183.6,Put,1160,0,0,27.1242,0,0,0
25-Nov-2025,1183.6,Call,1040,0,0,27.1242,0,0,0
30-Dec-2025,1183.6,Call,1200,0,0,27.1242,0,0,0
30-Dec-2025,1183.6,Call,1240,0,0,27.1242,0,0,0
30-Dec-2025,1183.6,Put,1240,0,0,27.1242,0,0,0
30-Dec-2025,1183.6,Put,1200,0,0,27.1242,0,0,0
25-Nov-2025,1183.6,Put,1040,0,0,27.1242,0,0,0
30-Dec-2025,1183.6,Put,1220,0,0,27.1242,0,0,0
30-Dec-2025,1183.6,Put,1100,0,0,27.1242,0,1,0
30-Dec-2025,1183.6,Put,1260,0,0,27.1242,0,0,0
30-Dec-2025,1183.6,Call,1280,0,0,27.1242,0,0,0
30-Dec-2025,1183.6,Call,1360,0,0,27.1242,0,0,0
30-Dec-2025,1183.6,Call,1260,0,0,27.1242,0,0,0
30-Dec-2025,1183.6,Call,1340,0,0,27.1242,0,0,0
25-Nov-2025,1183.6,Call,1080,0,0,27.1242,0,0,0
30-Dec-2025,1183.6,Call,1220,0,0,27.1242,0,0,0
30-Dec-2025,1183.6,Put,1060,0,0,27.1242,0,0,0
30-Dec-2025,1183.6,Call,1300,0,0,27.1242,0,0,0
30-Dec-2025,1183.6,Put,1120,0,0,27.1242,0,0,0
30-Dec-2025,1183.6,Put,1000,0,0,27.1242,0,0,0
30-Dec-2025,1183.6,Put,1080,0,0,27.1242,0,0,0
30-Dec-2025,1183.6,Call,1180,0,0,27.1242,0,0,0
30-Dec-2025,1183.6,Put,1140,0,0,27.1242,0,0,0
30-Dec-2025,1183.6,Call,1320,0,0,27.1242,0,0,0
30-Dec-2025,1183.6,Call,1160,0,0,0,0,0,0
30-Dec-2025,1183.6,Put,1180,0,0,27.1242,0,0,0
30-Dec-2025,1183.6,Put,1040,0,0,27.1242,0,0,0
