28-Oct-2025,1177.8,-,0,1184.4,0,27.1242,1830,135949,7457
28-Oct-2025,1177.8,Call,1200,19.05,23.84,27.1242,-661,5957,7389
28-Oct-2025,1177.8,Call,1250,6.7,24.97,27.1242,1729,7184,3889
28-Oct-2025,1177.8,Put,1180,24,23.63,27.1242,151,1287,2613
28-Oct-2025,1177.8,Call,1190,23.4,23.8,27.1242,310,1552,2340
28-Oct-2025,1177.8,Call,1220,12.4,23.81,27.1242,105,2176,1993
28-Oct-2025,1177.8,Call,1210,15.4,23.72,27.1242,-56,1233,1780
28-Oct-2025,1177.8,Call,1180,28.05,23.58,27.1242,184,1570,1632
28-Oct-2025,1177.8,Put,1150,12.2,23.59,27.1242,-41,1377,1551
28-Oct-2025,1177.8,Put,1170,19.4,23.53,27.1242,71,902,1528
28-Oct-2025,1177.8,Put,1200,35,23.62,27.1242,-79,2248,1503
28-Oct-2025,1177.8,Put,1190,29.05,24.12,27.1242,93,938,1496
28-Oct-2025,1177.8,Call,1230,9.9,23.97,27.1242,-5,4257,1159
28-Oct-2025,1177.8,Call,1240,8.1,24.35,27.1242,157,930,1128
28-Oct-2025,1177.8,Put,1160,15.5,24.12,27.1242,-70,1758,1039
28-Oct-2025,1177.8,Call,1260,5.2,25.06,27.1242,79,1411,1024
28-Oct-2025,1177.8,Put,1100,3.3,25.04,27.1242,54,1508,880
28-Oct-2025,1177.8,Call,1300,2,25.97,27.1242,-202,1416,879
28-Oct-2025,1177.8,Put,1140,9.55,23.78,27.1242,-87,1162,711
28-Oct-2025,1177.8,Call,1280,3.3,25.58,27.1242,18,438,465
28-Oct-2025,1177.8,Call,1170,33.45,23.82,27.1242,55,896,441
28-Oct-2025,1177.8,Call,1270,4.15,25.2,27.1242,36,507,417
28-Oct-2025,1177.8,Put,1080,1.95,25.94,27.1242,177,711,339
28-Oct-2025,1177.8,Call,1290,2.5,25.59,27.1242,38,279,300
28-Oct-2025,1177.8,Call,1150,46.1,23.61,27.1242,10,3703,285
28-Oct-2025,1177.8,Put,1130,7.5,24.07,27.1242,4,792,270
28-Oct-2025,1177.8,Call,1160,39,23.34,27.1242,3,6368,256
28-Oct-2025,1177.8,Put,1210,41.25,23.54,27.1242,-34,459,241
28-Oct-2025,1177.8,Put,1220,48.3,23.67,27.1242,-74,599,238
28-Oct-2025,1177.8,Put,1120,5.8,24.67,27.1242,-16,808,232
25-Nov-2025,1177.8,-,0,1190.5,0,27.1242,62,1856,211
28-Oct-2025,1177.8,Call,1320,1.2,26.18,27.1242,7,626,189
28-Oct-2025,1177.8,Put,1110,4.6,25.03,27.1242,-28,295,171
28-Oct-2025,1177.8,Put,1090,2.55,25.58,27.1242,9,172,138
28-Oct-2025,1177.8,Call,1140,53.25,23.98,27.1242,-19,976,106
28-Oct-2025,1177.8,Call,1310,1.5,26,27.1242,38,64,92
25-Nov-2025,1177.8,Call,1200,31.3,20.32,27.1242,17,141,57
28-Oct-2025,1177.8,Put,1070,1.6,26.83,27.1242,22,167,51
28-Oct-2025,1177.8,Call,1340,0.75,27.03,27.1242,6,1413,44
28-Oct-2025,1177.8,Call,1360,0.6,28.68,27.1242,5,48,38
28-Oct-2025,1177.8,Put,1230,56.35,24.5,27.1242,4,199,37
28-Oct-2025,1177.8,Put,1000,0.35,32.11,27.1242,-13,390,34
28-Oct-2025,1177.8,Put,860,0.2,53.1,27.1242,0,46,33
28-Oct-2025,1177.8,Call,1130,58.9,21.3,27.1242,-6,483,33
28-Oct-2025,1177.8,Put,1240,66.2,27.02,27.1242,7,70,30
28-Oct-2025,1177.8,Put,1060,1.1,26.79,27.1242,-7,675,29
30-Dec-2025,1177.8,-,0,1195,0,27.1242,4,117,27
28-Oct-2025,1177.8,Put,1260,80.75,24.57,27.1242,7,94,24
28-Oct-2025,1177.8,Put,1010,0.3,29.83,27.1242,0,14,24
28-Oct-2025,1177.8,Put,1250,74.65,27.69,27.1242,4,128,21
28-Oct-2025,1177.8,Put,1050,0.9,27.67,27.1242,-4,460,20
25-Nov-2025,1177.8,Call,1190,35.7,20.14,27.1242,9,16,14
28-Oct-2025,1177.8,Call,1120,68.15,22.79,27.1242,-3,372,13
25-Nov-2025,1177.8,Call,1300,7.25,22.23,27.1242,9,58,13
28-Oct-2025,1177.8,Call,1110,76.7,22.72,27.1242,-3,61,11
25-Nov-2025,1177.8,Put,1120,12,22.72,27.1242,5,16,11
25-Nov-2025,1177.8,Put,1200,41,21.89,27.1242,1,29,10
28-Oct-2025,1177.8,Put,1040,0.7,28.3,27.1242,0,319,6
25-Nov-2025,1177.8,Put,1150,19.65,22.15,27.1242,2,19,6
25-Nov-2025,1177.8,Put,1190,36.45,22.26,27.1242,1,25,6
25-Nov-2025,1177.8,Put,1100,7.85,22.57,27.1242,0,126,5
28-Oct-2025,1177.8,Put,1270,90.9,26.97,27.1242,2,23,4
28-Oct-2025,1177.8,Call,1070,116.1,30.81,27.1242,1,57,4
25-Nov-2025,1177.8,Put,1140,16.5,21.47,27.1242,2,15,4
25-Nov-2025,1177.8,Call,1250,16.25,21.78,27.1242,0,15,4
28-Oct-2025,1177.8,Call,1000,183,0,27.1242,0,70,3
25-Nov-2025,1177.8,Put,1170,26.25,19.8,27.1242,1,21,3
25-Nov-2025,1177.8,Call,1340,3.95,23.13,27.1242,1,12,2
25-Nov-2025,1177.8,Call,1240,19.25,21.93,27.1242,-1,15,2
28-Oct-2025,1177.8,Put,990,0.35,33.79,27.1242,0,75,1
28-Oct-2025,1177.8,Call,1100,91.95,33.91,27.1242,0,590,1
25-Nov-2025,1177.8,Call,1180,43.2,21.55,27.1242,0,6,1
25-Nov-2025,1177.8,Call,1220,23.5,20.48,27.1242,0,33,1
25-Nov-2025,1177.8,Call,1230,21.5,21.38,27.1242,0,4,1
25-Nov-2025,1177.8,Call,1150,60.3,21.03,27.1242,0,20,1
25-Nov-2025,1177.8,Put,1130,13.5,21.98,27.1242,0,1,1
28-Oct-2025,1177.8,Call,1030,0,0,27.1242,0,3,0
28-Oct-2025,1177.8,Call,1050,0,0,27.1242,0,81,0
28-Oct-2025,1177.8,Put,950,0,0,27.1242,0,38,0
28-Oct-2025,1177.8,Put,1380,0,0,27.1242,0,0,0
28-Oct-2025,1177.8,Call,1380,0,0,27.1242,0,0,0
28-Oct-2025,1177.8,Put,970,0,0,27.1242,0,4,0
28-Oct-2025,1177.8,Call,1090,0,0,27.1242,0,23,0
28-Oct-2025,1177.8,Put,880,0,0,27.1242,0,15,0
28-Oct-2025,1177.8,Put,1290,0,0,27.1242,0,1,0
28-Oct-2025,1177.8,Put,1340,0,0,27.1242,0,0,0
28-Oct-2025,1177.8,Put,1360,0,0,27.1242,0,0,0
28-Oct-2025,1177.8,Put,1320,0,0,27.1242,0,30,0
28-Oct-2025,1177.8,Put,1300,0,0,27.1242,0,111,0
28-Oct-2025,1177.8,Put,960,0,0,27.1242,0,24,0
28-Oct-2025,1177.8,Put,1020,0,0,27.1242,0,139,0
28-Oct-2025,1177.8,Put,980,0,0,27.1242,0,186,0
28-Oct-2025,1177.8,Call,920,0,0,27.1242,0,16,0
28-Oct-2025,1177.8,Call,960,0,0,27.1242,0,4,0
28-Oct-2025,1177.8,Call,1020,0,0,27.1242,0,4,0
28-Oct-2025,1177.8,Put,1030,0,0,27.1242,0,137,0
28-Oct-2025,1177.8,Put,1310,0,0,27.1242,0,0,0
28-Oct-2025,1177.8,Call,1080,0,0,27.1242,0,88,0
28-Oct-2025,1177.8,Put,900,0,0,27.1242,0,14,0
28-Oct-2025,1177.8,Put,1280,0,0,27.1242,0,45,0
28-Oct-2025,1177.8,Call,1060,0,0,27.1242,0,41,0
25-Nov-2025,1177.8,Put,1270,0,0,27.1242,0,0,0
25-Nov-2025,1177.8,Put,1300,0,0,27.1242,0,0,0
25-Nov-2025,1177.8,Put,1060,0,0,27.1242,0,0,0
25-Nov-2025,1177.8,Put,1290,0,0,27.1242,0,0,0
25-Nov-2025,1177.8,Call,1310,0,0,27.1242,0,0,0
25-Nov-2025,1177.8,Call,1210,0,0,27.1242,0,1,0
25-Nov-2025,1177.8,Call,1320,0,0,27.1242,0,7,0
25-Nov-2025,1177.8,Put,1180,0,0,27.1242,0,0,0
25-Nov-2025,1177.8,Put,1020,0,0,27.1242,0,0,0
25-Nov-2025,1177.8,Put,1160,0,0,27.1242,0,0,0
25-Nov-2025,1177.8,Put,1080,0,0,27.1242,0,0,0
25-Nov-2025,1177.8,Put,1320,0,0,27.1242,0,0,0
25-Nov-2025,1177.8,Call,1120,0,0,27.1242,0,0,0
25-Nov-2025,1177.8,Call,1060,0,0,27.1242,0,0,0
25-Nov-2025,1177.8,Call,1130,0,0,27.1242,0,0,0
25-Nov-2025,1177.8,Call,1020,0,0,27.1242,0,0,0
25-Nov-2025,1177.8,Call,1110,0,0,27.1242,0,0,0
25-Nov-2025,1177.8,Put,1050,0,0,27.1242,0,0,0
25-Nov-2025,1177.8,Call,1290,0,0,27.1242,0,0,0
25-Nov-2025,1177.8,Call,1070,0,0,27.1242,0,0,0
25-Nov-2025,1177.8,Call,1170,0,0,27.1242,0,9,0
25-Nov-2025,1177.8,Put,1360,0,0,27.1242,0,0,0
25-Nov-2025,1177.8,Put,1070,0,0,27.1242,0,0,0
25-Nov-2025,1177.8,Put,1210,0,0,27.1242,0,0,0
25-Nov-2025,1177.8,Put,1240,0,0,27.1242,0,0,0
25-Nov-2025,1177.8,Put,1110,0,0,27.1242,0,0,0
25-Nov-2025,1177.8,Call,1160,0,0,27.1242,0,0,0
25-Nov-2025,1177.8,Call,1280,0,0,27.1242,0,10,0
28-Oct-2025,1177.8,Call,1040,0,0,27.1242,0,7,0
25-Nov-2025,1177.8,Call,1100,0,0,27.1242,0,0,0
30-Dec-2025,1177.8,Call,1360,0,0,27.1242,0,0,0
30-Dec-2025,1177.8,Call,1260,0,0,27.1242,0,0,0
25-Nov-2025,1177.8,Call,1090,0,0,27.1242,0,0,0
30-Dec-2025,1177.8,Put,1140,0,0,27.1242,0,0,0
25-Nov-2025,1177.8,Put,1260,0,0,27.1242,0,0,0
25-Nov-2025,1177.8,Call,1270,0,0,27.1242,0,0,0
25-Nov-2025,1177.8,Call,1000,0,0,27.1242,0,0,0
25-Nov-2025,1177.8,Call,1140,0,0,27.1242,0,0,0
25-Nov-2025,1177.8,Call,1080,0,0,27.1242,0,0,0
25-Nov-2025,1177.8,Call,1040,0,0,27.1242,0,0,0
30-Dec-2025,1177.8,Call,1320,0,0,27.1242,0,0,0
25-Nov-2025,1177.8,Put,1220,0,0,27.1242,0,0,0
25-Nov-2025,1177.8,Put,1380,0,0,27.1242,0,0,0
25-Nov-2025,1177.8,Call,1380,0,0,27.1242,0,0,0
25-Nov-2025,1177.8,Call,1260,0,0,27.1242,0,9,0
25-Nov-2025,1177.8,Put,1090,0,0,27.1242,0,0,0
30-Dec-2025,1177.8,Put,1000,0,0,27.1242,0,0,0
30-Dec-2025,1177.8,Put,1180,0,0,27.1242,0,0,0
25-Nov-2025,1177.8,Put,1230,0,0,27.1242,0,0,0
25-Nov-2025,1177.8,Call,1360,0,0,27.1242,0,0,0
30-Dec-2025,1177.8,Call,1300,0,0,27.1242,0,0,0
30-Dec-2025,1177.8,Call,1200,0,0,27.1242,0,0,0
30-Dec-2025,1177.8,Put,1220,0,0,27.1242,0,0,0
25-Nov-2025,1177.8,Put,1250,0,0,27.1242,0,1,0
30-Dec-2025,1177.8,Put,1060,0,0,27.1242,0,0,0
30-Dec-2025,1177.8,Put,1080,0,0,27.1242,0,0,0
30-Dec-2025,1177.8,Put,1240,0,0,27.1242,0,0,0
30-Dec-2025,1177.8,Call,1340,0,0,27.1242,0,0,0
25-Nov-2025,1177.8,Call,1050,0,0,27.1242,0,0,0
30-Dec-2025,1177.8,Call,1180,0,0,27.1242,0,0,0
30-Dec-2025,1177.8,Put,1160,0,0,27.1242,0,0,0
30-Dec-2025,1177.8,Put,1100,0,0,27.1242,0,1,0
30-Dec-2025,1177.8,Put,1200,0,0,27.1242,0,0,0
30-Dec-2025,1177.8,Put,1040,0,0,27.1242,0,0,0
30-Dec-2025,1177.8,Call,1280,0,0,27.1242,0,0,0
30-Dec-2025,1177.8,Call,1220,0,0,27.1242,0,0,0
30-Dec-2025,1177.8,Put,1260,0,0,27.1242,0,0,0
25-Nov-2025,1177.8,Put,1040,0,0,27.1242,0,0,0
30-Dec-2025,1177.8,Call,1240,0,0,27.1242,0,0,0
25-Nov-2025,1177.8,Put,1310,0,0,27.1242,0,0,0
25-Nov-2025,1177.8,Put,1340,0,0,27.1242,0,0,0
30-Dec-2025,1177.8,Put,1120,0,0,27.1242,0,0,0
25-Nov-2025,1177.8,Put,1280,0,0,27.1242,0,0,0
30-Dec-2025,1177.8,Call,1160,0,0,0,0,0,0
25-Nov-2025,1177.8,Put,1000,0,0,27.1242,0,0,0
