28-Oct-2025,2012.9,Call,2020,41.05,20.62,28.2748,654,900,2091
28-Oct-2025,2012.9,-,0,2020.7,0,28.2748,116,35002,2066
28-Oct-2025,2012.9,Call,2040,31.65,20.52,28.2748,130,925,1572
28-Oct-2025,2012.9,Put,2020,40,22.19,28.2748,91,350,1322
28-Oct-2025,2012.9,Call,2100,13.3,20.9,28.2748,96,1202,1113
28-Oct-2025,2012.9,Call,2060,24.05,20.62,28.2748,70,696,1071
28-Oct-2025,2012.9,Put,2040,50.65,22.23,28.2748,-99,332,1015
28-Oct-2025,2012.9,Put,2000,30.9,22.24,28.2748,-15,516,931
28-Oct-2025,2012.9,Call,2080,17.75,20.6,28.2748,20,1377,894
28-Oct-2025,2012.9,Call,2000,51.7,20.46,28.2748,52,557,690
28-Oct-2025,2012.9,Call,2200,2.65,22.37,28.2748,49,676,619
28-Oct-2025,2012.9,Put,1980,23.45,22.3,28.2748,-14,210,444
28-Oct-2025,2012.9,Put,1960,17.35,22.45,28.2748,36,188,359
28-Oct-2025,2012.9,Put,2060,62.85,22.63,28.2748,-33,101,353
28-Oct-2025,2012.9,Put,1800,2,28.54,28.2748,139,1619,353
28-Oct-2025,2012.9,Call,2160,5.1,21.65,28.2748,-3,219,311
28-Oct-2025,2012.9,Call,2140,7.2,21.37,28.2748,5,286,310
28-Oct-2025,2012.9,Put,1900,6.65,23.6,28.2748,7,307,302
28-Oct-2025,2012.9,Put,1940,12.8,22.84,28.2748,28,319,264
28-Oct-2025,2012.9,Call,2120,9.6,21.08,28.2748,9,177,259
28-Oct-2025,2012.9,Put,1920,9.25,23.09,28.2748,8,336,230
28-Oct-2025,2012.9,Call,2180,3.65,21.94,28.2748,-20,143,219
28-Oct-2025,2012.9,Call,1980,63.9,20.75,28.2748,19,65,218
28-Oct-2025,2012.9,Call,2240,1.3,22.92,28.2748,7,902,185
28-Oct-2025,2012.9,Put,2080,76.7,22.06,28.2748,-28,54,181
25-Nov-2025,2012.9,-,0,2033.1,0,28.2748,29,329,146
28-Oct-2025,2012.9,Call,2220,1.9,22.64,28.2748,29,381,117
28-Oct-2025,2012.9,Put,1880,4.9,24.41,28.2748,9,116,101
28-Oct-2025,2012.9,Put,1860,3.25,24.7,28.2748,6,122,57
28-Oct-2025,2012.9,Put,2100,90.5,22.82,28.2748,-33,258,49
25-Nov-2025,2012.9,Put,1880,13.35,23.03,28.2748,5,38,39
28-Oct-2025,2012.9,Call,2280,0.95,24.51,28.2748,-2,235,26
28-Oct-2025,2012.9,Call,1940,94,21.25,28.2748,7,20,22
28-Oct-2025,2012.9,Call,1960,82.6,21.16,28.2748,0,39,18
25-Nov-2025,2012.9,Put,1900,17,23.04,28.2748,4,57,18
28-Oct-2025,2012.9,Put,2200,174.75,24.87,28.2748,-7,115,17
25-Nov-2025,2012.9,Call,2000,81.95,19.86,28.2748,2,51,14
30-Dec-2025,2012.9,-,0,2049,0,28.2748,5,26,12
28-Oct-2025,2012.9,Put,1840,2.65,25.94,28.2748,-2,45,10
25-Nov-2025,2012.9,Call,2240,11.25,22.42,28.2748,-2,22,10
28-Oct-2025,2012.9,Call,1900,132.9,21.86,28.2748,1,96,8
28-Oct-2025,2012.9,Put,2140,119.7,22.77,28.2748,-2,12,5
25-Nov-2025,2012.9,Call,1960,101.8,17.24,28.2748,2,3,5
25-Nov-2025,2012.9,Put,1840,7.15,22.43,28.2748,2,10,5
28-Oct-2025,2012.9,Put,1820,2.2,27.22,28.2748,0,59,4
28-Oct-2025,2012.9,Call,2400,0.4,29.75,28.2748,2,34,4
25-Nov-2025,2012.9,Put,2000,47.2,23.17,28.2748,0,15,4
25-Nov-2025,2012.9,Call,2100,36.6,20.3,28.2748,2,11,4
28-Oct-2025,2012.9,Call,2320,0.55,25.49,28.2748,0,100,3
25-Nov-2025,2012.9,Put,2020,53,22.19,28.2748,0,7,3
25-Nov-2025,2012.9,Put,2100,99,23.04,28.2748,2,6,3
25-Nov-2025,2012.9,Call,2280,8.35,23.29,28.2748,2,11,3
28-Oct-2025,2012.9,Call,2260,0.95,22.95,28.2748,-1,211,3
28-Oct-2025,2012.9,Call,1720,301,0,28.2748,0,31,2
25-Nov-2025,2012.9,Put,2240,212.5,27.01,28.2748,1,1,2
25-Nov-2025,2012.9,Put,1920,19.95,22.38,28.2748,0,5,1
28-Oct-2025,2012.9,Call,1740,0,0,28.2748,0,25,0
28-Oct-2025,2012.9,Call,1820,0,0,28.2748,0,7,0
28-Oct-2025,2012.9,Put,1740,0,0,28.2748,0,106,0
28-Oct-2025,2012.9,Put,2400,0,0,28.2748,0,89,0
28-Oct-2025,2012.9,Call,1780,0,0,28.2748,0,4,0
28-Oct-2025,2012.9,Put,2240,0,0,28.2748,0,5,0
28-Oct-2025,2012.9,Call,1920,0,0,28.2748,0,5,0
28-Oct-2025,2012.9,Call,1860,0,0,28.2748,0,2,0
28-Oct-2025,2012.9,Call,1760,0,0,28.2748,0,3,0
28-Oct-2025,2012.9,Call,1840,0,0,28.2748,0,0,0
28-Oct-2025,2012.9,Call,1680,0,0,28.2748,0,0,0
28-Oct-2025,2012.9,Put,2160,0,0,28.2748,0,17,0
28-Oct-2025,2012.9,Put,2320,0,0,28.2748,0,12,0
28-Oct-2025,2012.9,Put,2180,0,0,28.2748,0,0,0
28-Oct-2025,2012.9,Put,1680,0,0,28.2748,0,1,0
28-Oct-2025,2012.9,Call,1880,0,0,28.2748,0,9,0
28-Oct-2025,2012.9,Put,1720,0,0,28.2748,0,455,0
28-Oct-2025,2012.9,Put,2120,0,0,28.2748,0,9,0
28-Oct-2025,2012.9,Put,2220,0,0,28.2748,0,0,0
28-Oct-2025,2012.9,Put,1760,0,0,28.2748,0,7,0
28-Oct-2025,2012.9,Put,2280,0,0,28.2748,0,7,0
28-Oct-2025,2012.9,Call,2360,0,0,28.2748,0,25,0
28-Oct-2025,2012.9,Call,1800,0,0,28.2748,0,109,0
25-Nov-2025,2012.9,Put,1760,0,0,28.2748,0,0,0
25-Nov-2025,2012.9,Put,1820,0,0,28.2748,0,0,0
25-Nov-2025,2012.9,Call,2060,0,0,28.2748,0,0,0
28-Oct-2025,2012.9,Put,2360,0,0,28.2748,0,0,0
25-Nov-2025,2012.9,Put,2400,0,0,28.2748,0,1,0
25-Nov-2025,2012.9,Call,1920,0,0,28.2748,0,1,0
25-Nov-2025,2012.9,Put,2360,0,0,28.2748,0,0,0
25-Nov-2025,2012.9,Call,2200,0,0,28.2748,0,4,0
25-Nov-2025,2012.9,Call,1820,0,0,28.2748,0,0,0
25-Nov-2025,2012.9,Call,1940,0,0,28.2748,0,0,0
25-Nov-2025,2012.9,Call,1980,0,0,28.2748,0,0,0
25-Nov-2025,2012.9,Call,1860,0,0,28.2748,0,0,0
25-Nov-2025,2012.9,Call,1900,0,0,28.2748,0,30,0
25-Nov-2025,2012.9,Put,2060,0,0,28.2748,0,0,0
25-Nov-2025,2012.9,Put,2140,0,0,28.2748,0,0,0
25-Nov-2025,2012.9,Call,2160,0,0,28.2748,0,2,0
25-Nov-2025,2012.9,Put,1960,0,0,28.2748,0,2,0
25-Nov-2025,2012.9,Put,2040,0,0,28.2748,0,0,0
25-Nov-2025,2012.9,Put,2180,0,0,28.2748,0,0,0
25-Nov-2025,2012.9,Put,1980,0,0,28.2748,0,0,0
25-Nov-2025,2012.9,Put,2120,0,0,28.2748,0,0,0
25-Nov-2025,2012.9,Call,1720,0,0,28.2748,0,0,0
25-Nov-2025,2012.9,Call,1680,0,0,28.2748,0,0,0
25-Nov-2025,2012.9,Put,1940,0,0,28.2748,0,0,0
25-Nov-2025,2012.9,Call,2020,0,0,28.2748,0,12,0
25-Nov-2025,2012.9,Put,1800,0,0,28.2748,0,0,0
25-Nov-2025,2012.9,Call,2040,0,0,28.2748,0,0,0
25-Nov-2025,2012.9,Call,2120,0,0,28.2748,0,0,0
25-Nov-2025,2012.9,Call,2140,0,0,28.2748,0,0,0
25-Nov-2025,2012.9,Call,1760,0,0,28.2748,0,0,0
25-Nov-2025,2012.9,Call,2180,0,0,28.2748,0,0,0
25-Nov-2025,2012.9,Put,2200,0,0,28.2748,0,0,0
25-Nov-2025,2012.9,Call,1840,0,0,28.2748,0,0,0
25-Nov-2025,2012.9,Put,2160,0,0,28.2748,0,0,0
25-Nov-2025,2012.9,Call,1880,0,0,28.2748,0,12,0
25-Nov-2025,2012.9,Call,1800,0,0,28.2748,0,0,0
25-Nov-2025,2012.9,Put,2280,0,0,28.2748,0,0,0
25-Nov-2025,2012.9,Put,2320,0,0,28.2748,0,0,0
25-Nov-2025,2012.9,Call,2360,0,0,28.2748,0,0,0
25-Nov-2025,2012.9,Call,2400,0,0,28.2748,0,1,0
25-Nov-2025,2012.9,Call,2320,0,0,28.2748,0,0,0
25-Nov-2025,2012.9,Call,2220,0,0,28.2748,0,0,0
25-Nov-2025,2012.9,Call,2080,0,0,28.2748,0,1,0
25-Nov-2025,2012.9,Put,1680,0,0,28.2748,0,0,0
25-Nov-2025,2012.9,Put,2220,0,0,28.2748,0,0,0
25-Nov-2025,2012.9,Put,1860,0,0,28.2748,0,0,0
25-Nov-2025,2012.9,Put,1720,0,0,28.2748,0,0,0
30-Dec-2025,2012.9,Call,2080,0,0,28.2748,0,0,0
30-Dec-2025,2012.9,Put,2080,0,0,28.2748,0,0,0
25-Nov-2025,2012.9,Put,2080,0,0,28.2748,0,0,0
30-Dec-2025,2012.9,Put,2120,0,0,28.2748,0,0,0
30-Dec-2025,2012.9,Call,2120,0,0,28.2748,0,0,0
30-Dec-2025,2012.9,Call,2160,0,0,28.2748,0,0,0
30-Dec-2025,2012.9,Put,1920,0,0,28.2748,0,0,0
30-Dec-2025,2012.9,Call,2000,0,0,28.2748,0,0,0
30-Dec-2025,2012.9,Call,2040,0,0,28.2748,0,0,0
30-Dec-2025,2012.9,Call,2240,0,0,28.2748,0,0,0
30-Dec-2025,2012.9,Put,1960,0,0,28.2748,0,0,0
30-Dec-2025,2012.9,Put,2000,0,0,28.2748,0,0,0
30-Dec-2025,2012.9,Call,2200,0,0,28.2748,0,0,0
30-Dec-2025,2012.9,Put,1880,0,0,28.2748,0,0,0
30-Dec-2025,2012.9,Call,2320,0,0,0,0,0,0
30-Dec-2025,2012.9,Put,2040,0,0,28.2748,0,0,0
30-Dec-2025,2012.9,Put,1800,0,0,0,0,0,0
