28-Oct-2025,56077.4,Put,56000,416.45,11.24,17.4077,2613,34587,58824
28-Oct-2025,56077.4,Put,56200,497.65,11.12,17.4077,2983,8376,51990
28-Oct-2025,56077.4,Call,56500,449.65,9.61,17.4077,5268,24090,49059
28-Oct-2025,56077.4,Call,57000,250,9.45,17.4077,2983,61732,47008
28-Oct-2025,56077.4,Call,56200,605.95,9.72,17.4077,5735,10912,38314
28-Oct-2025,56077.4,Call,56300,550,9.66,17.4077,4324,10165,35764
28-Oct-2025,56077.4,Put,56100,456.5,11.19,17.4077,3037,8767,35022
28-Oct-2025,56077.4,Put,56300,541.3,11.09,17.4077,1317,5946,33905
28-Oct-2025,56077.4,Call,56000,724.8,9.83,17.4077,3151,31421,31860
28-Oct-2025,56077.4,Put,56500,638.8,11.01,17.4077,1043,13352,29236
28-Oct-2025,56077.4,Put,55000,165,12.09,17.4077,1784,51027,29229
28-Oct-2025,56077.4,Call,56400,499.3,9.65,17.4077,3128,9480,24565
28-Oct-2025,56077.4,Call,56100,664.9,9.79,17.4077,3085,6222,22835
28-Oct-2025,56077.4,Call,58000,63.5,9.58,17.4077,1198,31586,21496
28-Oct-2025,56077.4,Put,56400,589.55,11.08,17.4077,1721,5146,20779
28-Oct-2025,56077.4,Call,57500,127.95,9.4,17.4077,1370,20812,19237
28-Oct-2025,56077.4,Put,55500,263.1,11.6,17.4077,833,25119,18907
28-Oct-2025,56077.4,Put,54000,69.25,13.53,17.4077,-2972,34364,18580
28-Oct-2025,56077.4,Call,56600,403.7,9.57,17.4077,1339,5351,13437
28-Oct-2025,56077.4,Call,58500,33.05,9.96,17.4077,978,18672,13425
28-Oct-2025,56077.4,Put,55800,349.05,11.38,17.4077,150,6226,13304
28-Oct-2025,56077.4,Call,56700,361.75,9.51,17.4077,891,5303,12909
28-Oct-2025,56077.4,Put,54500,104.7,12.73,17.4077,1069,25461,12406
28-Oct-2025,56077.4,Call,56800,321,9.51,17.4077,997,6098,11092
28-Oct-2025,56077.4,Put,53000,35.6,15.52,17.4077,251,21930,10981
28-Oct-2025,56077.4,Call,59000,21.05,10.76,17.4077,551,18535,10327
28-Oct-2025,56077.4,Put,53500,48.5,14.48,17.4077,1204,22556,10012
28-Oct-2025,56077.4,Put,55900,381.1,11.32,17.4077,336,3747,9424
28-Oct-2025,56077.4,Call,60000,11,12.62,17.4077,1376,21306,8977
28-Oct-2025,56077.4,Call,57200,193.5,9.39,17.4077,41,4079,8553
28-Oct-2025,56077.4,Call,56900,279.45,9.48,17.4077,778,3751,8065
28-Oct-2025,56077.4,Put,55600,288.55,11.5,17.4077,192,5592,7752
28-Oct-2025,56077.4,Call,57300,168.5,9.41,17.4077,147,4000,7722
28-Oct-2025,56077.4,Call,57100,220.8,9.44,17.4077,-455,2742,7581
28-Oct-2025,56077.4,Put,55700,317.4,11.45,17.4077,509,4955,7405
28-Oct-2025,56077.4,Put,56600,692,10.98,17.4077,-328,1969,6854
28-Oct-2025,56077.4,-,0,56299.8,0,17.4077,50,49843,6814
28-Oct-2025,56077.4,Put,52500,27.5,16.6,17.4077,-821,9757,6356
28-Oct-2025,56077.4,Put,55400,240,11.68,17.4077,321,5886,5860
28-Oct-2025,56077.4,Call,57400,147.15,9.37,17.4077,-158,3394,5825
28-Oct-2025,56077.4,Put,57000,941.75,10.97,17.4077,212,32316,5823
28-Oct-2025,56077.4,Call,57800,84.05,9.47,17.4077,496,3570,5725
28-Oct-2025,56077.4,Call,59500,14.7,11.68,17.4077,605,9386,5468
28-Oct-2025,56077.4,Call,57700,96.65,9.42,17.4077,208,3563,5443
28-Oct-2025,56077.4,Put,55200,199.25,11.9,17.4077,474,6177,5350
28-Oct-2025,56077.4,Put,52000,22.45,17.83,17.4077,186,16129,5296
28-Oct-2025,56077.4,Put,56700,756,10.89,17.4077,1146,2440,5244
28-Oct-2025,56077.4,Call,58300,42.55,9.8,17.4077,663,3221,5118
28-Oct-2025,56077.4,Call,57600,111.3,9.41,17.4077,-22,2659,4675
28-Oct-2025,56077.4,Put,55300,218.5,11.79,17.4077,98,5950,4470
28-Oct-2025,56077.4,Put,51500,18.7,19.06,17.4077,-779,4915,4206
28-Oct-2025,56077.4,Call,55500,1065.6,9.73,17.4077,-670,15647,4003
28-Oct-2025,56077.4,Call,57900,73,9.51,17.4077,62,1907,3711
28-Oct-2025,56077.4,Call,63500,3.75,19.42,17.4077,1063,6104,3361
28-Oct-2025,56077.4,Put,55100,181.35,12.01,17.4077,95,4448,3291
28-Oct-2025,56077.4,Call,55900,786.85,9.68,17.4077,244,2193,3275
28-Oct-2025,56077.4,Put,54800,136.65,12.31,17.4077,-20,6194,3146
28-Oct-2025,56077.4,Put,50000,14,23.34,17.4077,350,8432,2784
28-Oct-2025,56077.4,Call,58200,48.5,9.69,17.4077,207,3852,2684
28-Oct-2025,56077.4,Put,51000,15.95,20.4,17.4077,230,9820,2650
28-Oct-2025,56077.4,Call,58100,55,9.62,17.4077,168,1767,2489
25-Nov-2025,56077.4,Put,56000,602,11.62,17.4077,135,2975,2443
28-Oct-2025,56077.4,Put,54600,116.3,12.62,17.4077,157,5548,2433
28-Oct-2025,56077.4,Call,55800,855.8,9.75,17.4077,345,3122,2309
28-Oct-2025,56077.4,Put,54700,126.2,12.47,17.4077,-130,5597,2150
28-Oct-2025,56077.4,Put,56800,812.2,11.03,17.4077,8,1038,2139
28-Oct-2025,56077.4,Put,54900,150.2,12.23,17.4077,290,5157,2136
28-Oct-2025,56077.4,Put,54200,80.85,13.17,17.4077,95,3371,2042
28-Oct-2025,56077.4,Call,60500,8.4,13.52,17.4077,-28,3569,1813
28-Oct-2025,56077.4,Call,58400,37.2,9.89,17.4077,276,3205,1785
28-Oct-2025,56077.4,Put,53300,42.4,14.84,17.4077,26,2309,1762
28-Oct-2025,56077.4,Call,55000,1466.5,9.75,17.4077,20,22402,1645
28-Oct-2025,56077.4,Call,54900,1546.85,9.38,17.4077,-1092,1572,1624
28-Oct-2025,56077.4,Put,52800,31.75,15.92,17.4077,-343,1008,1596
28-Oct-2025,56077.4,Call,58700,26.9,10.28,17.4077,91,1961,1575
28-Oct-2025,56077.4,Call,58600,29.9,10.12,17.4077,1,2651,1373
28-Oct-2025,56077.4,Put,54400,96.6,12.89,17.4077,175,2952,1340
28-Oct-2025,56077.4,Put,53900,64,13.69,17.4077,366,2302,1312
28-Oct-2025,56077.4,Call,59100,19.15,10.92,17.4077,167,641,1252
28-Oct-2025,56077.4,Call,55200,1296.55,9.75,17.4077,-405,1984,1236
28-Oct-2025,56077.4,Call,58800,24.75,10.45,17.4077,206,612,1235
28-Oct-2025,56077.4,Put,50500,14.8,21.76,17.4077,231,3867,1217
28-Oct-2025,56077.4,Put,54300,89.1,13.01,17.4077,60,2793,1138
28-Oct-2025,56077.4,Put,54100,74.8,13.37,17.4077,-49,2253,1122
28-Oct-2025,56077.4,Call,63000,3.85,18.27,17.4077,23,5064,1088
28-Oct-2025,56077.4,Put,53800,59,13.85,17.4077,-35,1768,1084
28-Oct-2025,56077.4,Call,61000,6.8,14.47,17.4077,185,8316,1065
28-Oct-2025,56077.4,Put,56900,869.55,11.05,17.4077,21,699,977
28-Oct-2025,56077.4,Put,48000,10.55,29.05,17.4077,-45,4725,943
28-Oct-2025,56077.4,Put,52400,26.15,16.85,17.4077,-211,415,923
28-Oct-2025,56077.4,Put,53400,44.95,14.64,17.4077,-20,1452,888
28-Oct-2025,56077.4,Put,53600,51.6,14.24,17.4077,-136,1954,886
28-Oct-2025,56077.4,Call,58900,22.75,10.59,17.4077,-69,1929,883
28-Oct-2025,56077.4,Call,55700,924.25,9.87,17.4077,175,4056,851
28-Oct-2025,56077.4,Put,52900,33.45,15.68,17.4077,-138,721,801
28-Oct-2025,56077.4,Call,55600,996.35,10,17.4077,-33,3647,790
28-Oct-2025,56077.4,Call,61500,5.5,15.32,17.4077,79,1696,734
28-Oct-2025,56077.4,Call,62500,4,17.2,17.4077,-14,3046,729
25-Nov-2025,56077.4,Call,57000,646.3,9.05,17.4077,208,2332,710
28-Oct-2025,56077.4,Put,53200,39.65,15.05,17.4077,54,1634,679
28-Oct-2025,56077.4,Put,57500,1311,11.42,17.4077,-13,1910,678
28-Oct-2025,56077.4,Put,47000,9,31.8,17.4077,194,3020,647
25-Nov-2025,56077.4,Put,55000,325.4,12.08,17.4077,242,2456,636
28-Oct-2025,56077.4,Put,58000,1748.3,11.87,17.4077,-17,3676,635
25-Nov-2025,56077.4,-,0,56604,0,17.4077,28,4755,609
28-Oct-2025,56077.4,Put,49500,12.75,24.71,17.4077,180,1115,608
28-Oct-2025,56077.4,Put,49000,11.85,26.11,17.4077,50,2116,601
28-Oct-2025,56077.4,Put,46000,8.6,34.82,17.4077,80,6949,588
28-Oct-2025,56077.4,Put,53100,37.8,15.28,17.4077,-25,1027,577
28-Oct-2025,56077.4,Put,53700,56,13.98,17.4077,35,2121,574
28-Oct-2025,56077.4,Call,59300,16.35,11.27,17.4077,56,328,572
28-Oct-2025,56077.4,Put,52600,28.8,16.39,17.4077,-3,1397,551
28-Oct-2025,56077.4,Put,47500,9.4,30.31,17.4077,13,1683,550
28-Oct-2025,56077.4,Put,52700,30.35,16.16,17.4077,18,686,517
28-Oct-2025,56077.4,Call,62000,4.75,16.32,17.4077,-108,2174,502
25-Nov-2025,56077.4,Call,58000,300,9.07,17.4077,157,3792,466
28-Oct-2025,56077.4,Call,59700,13.05,12.06,17.4077,178,474,439
28-Oct-2025,56077.4,Call,59900,11.65,12.43,17.4077,116,236,427
25-Nov-2025,56077.4,Call,56000,1187.7,9.03,17.4077,72,2580,425
25-Nov-2025,56077.4,Put,57000,1042.05,11.79,17.4077,40,925,391
28-Oct-2025,56077.4,Put,57200,1078.3,10.96,17.4077,-14,417,385
25-Nov-2025,56077.4,Put,54000,179.9,12.84,17.4077,88,3973,379
28-Oct-2025,56077.4,Put,48500,11.55,27.72,17.4077,11,1040,370
28-Oct-2025,56077.4,Call,59600,13.85,11.87,17.4077,85,967,363
28-Oct-2025,56077.4,Put,57100,1022.15,10.75,17.4077,116,345,356
25-Nov-2025,56077.4,Put,53000,96.2,13.61,17.4077,-5,2312,352
28-Oct-2025,56077.4,Call,59800,12.2,12.23,17.4077,75,614,339
28-Oct-2025,56077.4,Put,46500,9.05,33.38,17.4077,-11,3287,334
25-Nov-2025,56077.4,Call,60000,63.1,10.07,17.4077,21,2208,334
25-Nov-2025,56077.4,Call,59000,128,9.36,17.4077,95,1895,334
28-Oct-2025,56077.4,Put,51700,19.4,18.79,17.4077,-138,258,306
28-Oct-2025,56077.4,Call,54600,1851.35,11,17.4077,-40,1120,288
28-Oct-2025,56077.4,Call,52000,4300,0,17.4077,-21,1770,285
28-Oct-2025,56077.4,Call,54700,1730.5,9.59,17.4077,-136,1089,282
28-Oct-2025,56077.4,Call,54500,1891.25,9.14,17.4077,-45,6898,279
28-Oct-2025,56077.4,Call,59400,15.5,11.43,17.4077,98,676,279
25-Nov-2025,56077.4,Call,56500,894.1,9.01,17.4077,74,906,273
28-Oct-2025,56077.4,Call,59200,17.35,11.06,17.4077,69,79,270
25-Nov-2025,56077.4,Put,56500,786.85,11.59,17.4077,55,885,270
30-Dec-2025,56077.4,Put,57000,1163.6,12.54,17.4077,11,5108,266
28-Oct-2025,56077.4,Call,55300,1216.75,10.28,17.4077,23,3369,252
25-Nov-2025,56077.4,Put,55500,446,11.94,17.4077,50,1297,234
25-Nov-2025,56077.4,Call,59500,87.8,9.63,17.4077,15,286,228
28-Oct-2025,56077.4,Call,60900,8.35,14.33,17.4077,47,221,223
28-Oct-2025,56077.4,Put,52300,25.2,17.11,17.4077,15,345,223
28-Oct-2025,56077.4,Call,60200,9.85,13,17.4077,33,131,212
25-Nov-2025,56077.4,Call,57500,449.8,9.08,17.4077,16,1052,207
25-Nov-2025,56077.4,Put,53500,131.5,13.22,17.4077,-45,2251,193
28-Oct-2025,56077.4,Put,52100,23.75,17.66,17.4077,58,300,191
28-Oct-2025,56077.4,Put,51400,17.7,19.27,17.4077,-11,124,185
28-Oct-2025,56077.4,Call,55400,1140.35,9.96,17.4077,-4,2652,179
25-Nov-2025,56077.4,Put,54500,235.45,12.4,17.4077,32,1283,178
30-Dec-2025,56077.4,-,0,56960.4,0,17.4077,81,995,177
28-Oct-2025,56077.4,Call,54000,2357.05,8.76,17.4077,-4,7265,171
28-Oct-2025,56077.4,Call,60700,7.8,13.92,17.4077,9,68,164
28-Oct-2025,56077.4,Put,51900,21.7,18.02,17.4077,-46,517,164
25-Nov-2025,56077.4,Call,55500,1521.3,8.81,17.4077,-8,771,159
30-Dec-2025,56077.4,Put,54500,382,12.93,17.4077,142,368,154
28-Oct-2025,56077.4,Call,60600,8,13.7,17.4077,109,141,147
28-Oct-2025,56077.4,Call,55100,1398.8,10.18,17.4077,-41,1403,135
30-Dec-2025,56077.4,Call,60000,192.15,9.09,17.4077,3,2422,130
28-Oct-2025,56077.4,Put,60000,3701.5,18.7,17.4077,-16,3339,127
28-Oct-2025,56077.4,Call,60400,9.05,13.35,17.4077,10,134,122
28-Oct-2025,56077.4,Put,57300,1158.6,11.01,17.4077,29,204,120
28-Oct-2025,56077.4,Call,60100,10.2,12.82,17.4077,27,254,119
28-Oct-2025,56077.4,Call,53000,3315,0,17.4077,23,1696,115
28-Oct-2025,56077.4,Put,51800,20.7,18.33,17.4077,-30,419,112
28-Oct-2025,56077.4,Put,51300,17.25,19.54,17.4077,33,343,104
28-Oct-2025,56077.4,Put,52200,24,17.33,17.4077,3,463,101
28-Oct-2025,56077.4,Call,60300,9.75,13.17,17.4077,1,173,101
30-Dec-2025,56077.4,Put,54000,306,13.12,17.4077,28,5093,100
25-Nov-2025,56077.4,Call,58700,167.65,9.22,17.4077,-16,180,99
25-Nov-2025,56077.4,Put,52500,73.7,14.13,17.4077,6,702,98
28-Oct-2025,56077.4,Put,51200,17.3,19.89,17.4077,-10,154,97
30-Dec-2025,56077.4,Call,57000,1096.4,8.53,17.4077,18,3549,97
28-Oct-2025,56077.4,Call,60800,7.35,14.08,17.4077,-15,200,92
28-Oct-2025,56077.4,Put,50600,15.2,21.42,17.4077,12,156,87
28-Oct-2025,56077.4,Call,54800,1657.3,10.28,17.4077,-14,1718,78
25-Nov-2025,56077.4,Put,52000,59.8,14.83,17.4077,-3,1020,75
28-Oct-2025,56077.4,Put,50300,14.2,22.33,17.4077,0,122,67
28-Oct-2025,56077.4,Put,51600,19.35,18.83,17.4077,2,143,67
30-Dec-2025,56077.4,Put,53000,194,13.74,17.4077,28,144,62
30-Dec-2025,56077.4,Put,56000,770,12.66,17.4077,5,421,59
28-Oct-2025,56077.4,Put,57600,1410.9,11.19,17.4077,-15,78,58
25-Nov-2025,56077.4,Put,56200,676,11.8,17.4077,8,69,58
25-Nov-2025,56077.4,Call,63000,16,13.24,17.4077,34,174,58
25-Nov-2025,56077.4,Put,57500,1313,11.54,17.4077,13,311,56
28-Oct-2025,56077.4,Put,50900,16.15,20.95,17.4077,-1,258,55
30-Dec-2025,56077.4,Put,55000,486,12.81,17.4077,35,331,53
25-Nov-2025,56077.4,Put,50000,32.9,18.04,17.4077,2,877,52
30-Dec-2025,56077.4,Call,58500,481.8,8.74,17.4077,-2,1364,50
25-Nov-2025,56077.4,Call,62000,23.25,12.15,17.4077,23,146,49
30-Dec-2025,56077.4,Put,52500,153.3,14,17.4077,9,2692.28571429,47
25-Nov-2025,56077.4,Call,55000,1907,8.06,17.4077,9,885,46
30-Dec-2025,56077.4,Put,51000,90.2,15.42,17.4077,0,1131,42
30-Dec-2025,56077.4,Put,55500,608.95,12.66,17.4077,-4,1864.71428571,42
28-Oct-2025,56077.4,Put,57400,1229.3,11.09,17.4077,23,173,36
25-Nov-2025,56077.4,Call,57300,527,9.06,17.4077,33,33,36
25-Nov-2025,56077.4,Put,55200,359.4,11.93,17.4077,4,163,36
30-Dec-2025,56077.4,Put,58500,2030.45,13.1,17.4077,-16,282,36
25-Nov-2025,56077.4,Put,56300,712,11.74,17.4077,10,165,33
25-Nov-2025,56077.4,Put,56400,749,11.67,17.4077,9,84,32
25-Nov-2025,56077.4,Put,57100,1093.65,11.7,17.4077,26,50,31
28-Oct-2025,56077.4,Put,49100,11.25,25.63,17.4077,-1,71,31
25-Nov-2025,56077.4,Put,56100,629,11.7,17.4077,2,68,31
25-Nov-2025,56077.4,Put,58000,1688.4,12.24,17.4077,0,195,31
25-Nov-2025,56077.4,Put,55800,536.45,11.92,17.4077,17,92,30
28-Oct-2025,56077.4,Put,49700,13,24.1,17.4077,3,84,26
25-Nov-2025,56077.4,Call,56400,949.05,8.92,17.4077,6,67,26
25-Nov-2025,56077.4,Call,56100,1118.7,9.05,17.4077,4,83,25
25-Nov-2025,56077.4,Call,56600,845.35,9.09,17.4077,7,70,24
28-Oct-2025,56077.4,Call,50000,6295,0,17.4077,0,3578,23
28-Oct-2025,56077.4,Put,51100,18.7,20.47,17.4077,-4,113,22
25-Nov-2025,56077.4,Put,54100,185,12.71,17.4077,13,69,19
25-Nov-2025,56077.4,Call,56300,1005,9.07,17.4077,1,34,18
25-Nov-2025,56077.4,Call,55800,1364.2,9.37,17.4077,1,57,16
25-Nov-2025,56077.4,Put,57300,1209.35,11.74,17.4077,6,22,16
28-Oct-2025,56077.4,Put,58500,2220.2,13.93,17.4077,-6,189,15
25-Nov-2025,56077.4,Put,51500,44.2,15.24,17.4077,1,116,15
25-Nov-2025,56077.4,Put,57200,1163,11.87,17.4077,4,21,15
30-Dec-2025,56077.4,Put,57500,1431.65,12.81,17.4077,13,13,14
25-Nov-2025,56077.4,Put,55900,541.5,11.52,17.4077,-6,62,13
25-Nov-2025,56077.4,Call,56200,1068.5,8.91,17.4077,9,109,13
30-Dec-2025,56077.4,Call,56000,1677,8.01,17.4077,10,222,13
28-Oct-2025,56077.4,Put,50100,14,22.99,17.4077,0,100,12
25-Nov-2025,56077.4,Call,57100,614,9.13,17.4077,-7,62,12
28-Oct-2025,56077.4,Put,48900,12.15,26.56,17.4077,2,38,12
31-Mar-2026,56077.4,Put,57000,1364.9,13.95,17.4077,5,115,12
31-Mar-2026,56077.4,Call,60000,740,7.83,17.4077,4,572,12
28-Oct-2025,56077.4,Put,59000,2700,15.42,17.4077,-1,1713,11
25-Nov-2025,56077.4,Put,56800,940,11.73,17.4077,2,55,11
30-Dec-2025,56077.4,Put,58000,1717.55,12.95,17.4077,6,159,11
25-Nov-2025,56077.4,Call,57400,490,9.07,17.4077,6,52,10
25-Nov-2025,56077.4,Call,56900,700,9.08,17.4077,6,24,10
25-Nov-2025,56077.4,Put,49500,24,18.32,17.4077,0,35,10
28-Oct-2025,56077.4,Put,48700,12,27.05,17.4077,1,45,9
30-Dec-2025,56077.4,Call,55500,2024.55,7.6,17.4077,-3,968,9
28-Oct-2025,56077.4,Put,58100,1765,10.01,17.4077,0,16,8
25-Nov-2025,56077.4,Put,54700,255.75,12.08,17.4077,1,127,8
25-Nov-2025,56077.4,Call,56700,797,9.06,17.4077,0,434,8
28-Oct-2025,56077.4,Put,57900,1654.65,12.11,17.4077,0,22,7
28-Oct-2025,56077.4,Call,54300,2130,11.39,17.4077,0,424,7
28-Oct-2025,56077.4,Call,53900,2461.1,0,17.4077,4,190,7
28-Oct-2025,56077.4,Put,50700,15.5,21.52,17.4077,1,156,7
28-Oct-2025,56077.4,Put,49300,13.5,25.57,17.4077,0,70,7
28-Oct-2025,56077.4,Put,61000,4682.25,22.79,17.4077,3,622,6
28-Oct-2025,56077.4,Call,54200,2175.1,0,17.4077,-2,441,6
25-Nov-2025,56077.4,Call,54000,2737.85,0,17.4077,0,503,6
25-Nov-2025,56077.4,Put,56700,875,11.54,17.4077,3,60,6
30-Dec-2025,56077.4,Call,56500,1371.3,8.32,17.4077,1,40,6
31-Mar-2026,56077.4,Call,57000,2030,6,17.4077,1,520,6
30-Dec-2025,56077.4,Call,54000,3201,0,17.4077,0,527.714285714,6
28-Oct-2025,56077.4,Call,54100,2271,0,17.4077,-1,266,5
28-Oct-2025,56077.4,Put,49600,13.1,24.72,17.4077,0,83,5
25-Nov-2025,56077.4,Call,54500,2341.2,7.79,17.4077,0,177,5
31-Mar-2026,56077.4,Put,60000,2900,14.71,17.4077,4,10,5
28-Oct-2025,56077.4,Call,48000,8253.35,28.75,17.4077,-3,2199,4
28-Oct-2025,56077.4,Put,48800,11.7,0,17.4077,0,97,4
25-Nov-2025,56077.4,Put,54600,247.75,12.29,17.4077,-1,48,4
25-Nov-2025,56077.4,Call,56800,768.5,9.33,17.4077,-1,67,4
25-Nov-2025,56077.4,Put,56900,948,11.21,17.4077,0,48,4
28-Oct-2025,56077.4,Call,47000,9250,0,17.4077,-2,374,3
28-Oct-2025,56077.4,Call,54400,1995.35,8.38,17.4077,-1,494,3
28-Oct-2025,56077.4,Put,63000,6675,29.93,17.4077,-2,1039,3
25-Nov-2025,56077.4,Call,52000,4610,0,17.4077,2,60,3
25-Nov-2025,56077.4,Call,53000,3660,0,17.4077,2,60,3
25-Nov-2025,56077.4,Put,55400,409.1,11.87,17.4077,0,94,3
25-Nov-2025,56077.4,Put,56600,771.5,10.84,17.4077,0,71,3
31-Mar-2026,56077.4,Call,58500,1280,7.28,17.4077,2,88,3
28-Oct-2025,56077.4,Call,61100,8.95,15.26,17.4077,1,1,2
25-Nov-2025,56077.4,Put,55600,426.7,11.28,17.4077,-1,55,2
25-Nov-2025,56077.4,Put,59000,2350,10.82,17.4077,0,18,2
30-Dec-2025,56077.4,Call,56100,1612.5,10.56,17.4077,1,1,2
30-Dec-2025,56077.4,Call,55000,2361,5.83,17.4077,1,87,2
30-Dec-2025,56077.4,Put,53500,259.25,13.73,17.4077,1,1,2
28-Oct-2025,56077.4,Call,49000,7259,0,17.4077,0,554,1
28-Oct-2025,56077.4,Put,49900,12,23.18,17.4077,0,90,1
28-Oct-2025,56077.4,Call,52500,3904.75,17.51,17.4077,0,204,1
25-Nov-2025,56077.4,Put,58500,1950,10.79,17.4077,0,31,1
25-Nov-2025,56077.4,Call,54700,2160.65,7.82,17.4077,0,25,1
25-Nov-2025,56077.4,Put,60000,3400,15.08,17.4077,0,106,1
25-Nov-2025,56077.4,Put,48000,19.75,21.22,17.4077,0,1505,1
28-Oct-2025,56077.4,Call,50100,0,0,17.4077,0,45,0
28-Oct-2025,56077.4,Call,50200,0,0,17.4077,0,3,0
28-Oct-2025,56077.4,Put,63500,0,0,17.4077,0,209,0
28-Oct-2025,56077.4,Put,50400,0,0,17.4077,0,166,0
28-Oct-2025,56077.4,Call,50400,0,0,17.4077,0,4,0
28-Oct-2025,56077.4,Put,62000,0,0,17.4077,0,634,0
28-Oct-2025,56077.4,Put,59900,0,0,17.4077,0,11,0
28-Oct-2025,56077.4,Put,59500,0,0,17.4077,0,148,0
28-Oct-2025,56077.4,Call,53200,0,0,17.4077,0,17,0
28-Oct-2025,56077.4,Call,53300,0,0,17.4077,0,17,0
28-Oct-2025,56077.4,Call,48500,0,0,17.4077,0,25,0
28-Oct-2025,56077.4,Call,49500,0,0,17.4077,0,8,0
28-Oct-2025,56077.4,Put,59600,0,0,17.4077,0,8,0
28-Oct-2025,56077.4,Put,59700,0,0,17.4077,0,6,0
28-Oct-2025,56077.4,Put,60500,0,0,17.4077,0,18,0
28-Oct-2025,56077.4,Put,60600,0,0,17.4077,0,6,0
28-Oct-2025,56077.4,Put,60700,0,0,17.4077,0,4,0
28-Oct-2025,56077.4,Put,60900,0,0,17.4077,0,3,0
28-Oct-2025,56077.4,Put,61500,0,0,17.4077,0,4,0
28-Oct-2025,56077.4,Put,62500,0,0,17.4077,0,1,0
28-Oct-2025,56077.4,Put,60800,0,0,17.4077,0,3,0
28-Oct-2025,56077.4,Put,59300,0,0,17.4077,0,8,0
28-Oct-2025,56077.4,Put,59100,0,0,17.4077,0,8,0
28-Oct-2025,56077.4,Call,51300,0,0,17.4077,0,11,0
28-Oct-2025,56077.4,Put,57800,0,0,17.4077,0,13,0
28-Oct-2025,56077.4,Call,47500,0,0,17.4077,0,1,0
28-Oct-2025,56077.4,Call,52600,0,0,17.4077,0,13,0
28-Oct-2025,56077.4,Call,51200,0,0,17.4077,0,10,0
28-Oct-2025,56077.4,Put,60400,0,0,17.4077,0,6,0
28-Oct-2025,56077.4,Call,51400,0,0,17.4077,0,12,0
28-Oct-2025,56077.4,Call,52400,0,0,17.4077,0,9,0
28-Oct-2025,56077.4,Call,52200,0,0,17.4077,0,11,0
28-Oct-2025,56077.4,Call,50700,0,0,17.4077,0,7,0
28-Oct-2025,56077.4,Put,58900,0,0,17.4077,0,29,0
28-Oct-2025,56077.4,Put,57700,0,0,17.4077,0,72,0
28-Oct-2025,56077.4,Call,50800,0,0,17.4077,0,6,0
28-Oct-2025,56077.4,Call,50500,0,0,17.4077,0,81,0
28-Oct-2025,56077.4,Call,49700,0,0,17.4077,0,1,0
28-Oct-2025,56077.4,Call,51000,0,0,17.4077,0,1062,0
28-Oct-2025,56077.4,Put,58400,0,0,17.4077,0,12,0
28-Oct-2025,56077.4,Call,50300,0,0,17.4077,0,5,0
28-Oct-2025,56077.4,Put,60300,0,0,17.4077,0,6,0
28-Oct-2025,56077.4,Call,51600,0,0,17.4077,0,18,0
28-Oct-2025,56077.4,Put,50200,0,0,17.4077,0,62,0
28-Oct-2025,56077.4,Call,51100,0,0,17.4077,0,6,0
28-Oct-2025,56077.4,Call,51500,0,0,17.4077,0,40,0
28-Oct-2025,56077.4,Call,52100,0,0,17.4077,0,12,0
28-Oct-2025,56077.4,Put,50800,0,0,17.4077,0,123,0
28-Oct-2025,56077.4,Put,60100,0,0,17.4077,0,9,0
28-Oct-2025,56077.4,Call,52800,0,0,17.4077,0,15,0
28-Oct-2025,56077.4,Call,51900,0,0,17.4077,0,14,0
28-Oct-2025,56077.4,Call,52900,0,0,17.4077,0,40,0
28-Oct-2025,56077.4,Put,61100,0,0,17.4077,0,0,0
28-Oct-2025,56077.4,Put,58800,0,0,17.4077,0,11,0
28-Oct-2025,56077.4,Call,53800,0,0,17.4077,0,99,0
28-Oct-2025,56077.4,Call,53700,0,0,17.4077,0,152,0
28-Oct-2025,56077.4,Call,53600,0,0,17.4077,0,72,0
28-Oct-2025,56077.4,Call,53500,0,0,17.4077,0,844,0
28-Oct-2025,56077.4,Put,59400,0,0,17.4077,0,8,0
28-Oct-2025,56077.4,Put,58200,0,0,17.4077,0,13,0
28-Oct-2025,56077.4,Call,50900,0,0,17.4077,0,6,0
28-Oct-2025,56077.4,Call,61200,0,0,0,0,0,0
28-Oct-2025,56077.4,Call,49600,0,0,17.4077,0,0,0
28-Oct-2025,56077.4,Put,59800,0,0,17.4077,0,6,0
28-Oct-2025,56077.4,Call,53100,0,0,17.4077,0,8,0
28-Oct-2025,56077.4,Call,52300,0,0,17.4077,0,14,0
28-Oct-2025,56077.4,Put,60200,0,0,17.4077,0,6,0
28-Oct-2025,56077.4,Put,58700,0,0,17.4077,0,9,0
28-Oct-2025,56077.4,Call,51700,0,0,17.4077,0,18,0
28-Oct-2025,56077.4,Call,46000,0,0,17.4077,0,18,0
28-Oct-2025,56077.4,Put,59200,0,0,17.4077,0,10,0
28-Oct-2025,56077.4,Put,61200,0,0,0,0,0,0
28-Oct-2025,56077.4,Call,52700,0,0,17.4077,0,5,0
28-Oct-2025,56077.4,Put,58300,0,0,17.4077,0,9,0
28-Oct-2025,56077.4,Put,58600,0,0,17.4077,0,15,0
28-Oct-2025,56077.4,Call,51800,0,0,17.4077,0,20,0
28-Oct-2025,56077.4,Call,53400,0,0,17.4077,0,149,0
25-Nov-2025,56077.4,Call,61200,0,0,0,0,0,0
25-Nov-2025,56077.4,Put,47000,0,0,17.4077,0,84,0
25-Nov-2025,56077.4,Call,50700,0,0,17.4077,0,2,0
25-Nov-2025,56077.4,Call,50500,0,0,17.4077,0,5,0
25-Nov-2025,56077.4,Call,50400,0,0,17.4077,0,1,0
25-Nov-2025,56077.4,Call,50300,0,0,17.4077,0,2,0
25-Nov-2025,56077.4,Call,55300,0,0,17.4077,0,38,0
25-Nov-2025,56077.4,Call,55200,0,0,17.4077,0,43,0
25-Nov-2025,56077.4,Call,55100,0,0,17.4077,0,18,0
25-Nov-2025,56077.4,Call,54800,0,0,17.4077,0,43,0
25-Nov-2025,56077.4,Call,54400,0,0,17.4077,0,5,0
25-Nov-2025,56077.4,Call,54200,0,0,17.4077,0,5,0
25-Nov-2025,56077.4,Call,53900,0,0,17.4077,0,4,0
25-Nov-2025,56077.4,Call,53600,0,0,17.4077,0,4,0
25-Nov-2025,56077.4,Call,53400,0,0,17.4077,0,1,0
25-Nov-2025,56077.4,Call,53300,0,0,17.4077,0,1,0
25-Nov-2025,56077.4,Put,53200,0,0,17.4077,0,0,0
25-Nov-2025,56077.4,Call,51500,0,0,17.4077,0,13,0
25-Nov-2025,56077.4,Call,49500,0,0,17.4077,0,0,0
25-Nov-2025,56077.4,Call,49400,0,0,17.4077,0,0,0
25-Nov-2025,56077.4,Put,52700,0,0,17.4077,0,0,0
25-Nov-2025,56077.4,Put,52600,0,0,17.4077,0,0,0
25-Nov-2025,56077.4,Put,51200,0,0,17.4077,0,0,0
25-Nov-2025,56077.4,Call,59600,0,0,17.4077,0,0,0
25-Nov-2025,56077.4,Put,63500,0,0,17.4077,0,1,0
25-Nov-2025,56077.4,Put,61100,0,0,17.4077,0,0,0
25-Nov-2025,56077.4,Call,61100,0,0,17.4077,0,0,0
25-Nov-2025,56077.4,Put,60800,0,0,17.4077,0,0,0
25-Nov-2025,56077.4,Call,60800,0,0,17.4077,0,0,0
25-Nov-2025,56077.4,Put,54900,0,0,17.4077,0,38,0
25-Nov-2025,56077.4,Call,55700,0,0,17.4077,0,25,0
25-Nov-2025,56077.4,Call,55600,0,0,17.4077,0,102,0
25-Nov-2025,56077.4,Call,52900,0,0,17.4077,0,0,0
25-Nov-2025,56077.4,Call,52800,0,0,17.4077,0,0,0
25-Nov-2025,56077.4,Put,59700,0,0,17.4077,0,6,0
25-Nov-2025,56077.4,Put,59600,0,0,17.4077,0,6,0
25-Nov-2025,56077.4,Put,55700,0,0,17.4077,0,49,0
28-Oct-2025,56077.4,Call,50600,0,0,17.4077,0,5,0
28-Oct-2025,56077.4,Call,46500,0,0,17.4077,0,36,0
28-Oct-2025,56077.4,Put,49400,0,0,17.4077,0,57,0
28-Oct-2025,56077.4,Call,49400,0,0,17.4077,0,0,0
28-Oct-2025,56077.4,Call,49300,0,0,17.4077,0,0,0
28-Oct-2025,56077.4,Put,49200,0,0,17.4077,0,72,0
28-Oct-2025,56077.4,Call,49200,0,0,17.4077,0,0,0
28-Oct-2025,56077.4,Call,49100,0,0,17.4077,0,0,0
28-Oct-2025,56077.4,Call,48900,0,0,17.4077,0,0,0
28-Oct-2025,56077.4,Put,49800,0,0,17.4077,0,212,0
28-Oct-2025,56077.4,Call,48800,0,0,17.4077,0,2,0
28-Oct-2025,56077.4,Call,49900,0,0,17.4077,0,1,0
28-Oct-2025,56077.4,Call,49800,0,0,17.4077,0,1,0
28-Oct-2025,56077.4,Call,48700,0,0,17.4077,0,0,0
25-Nov-2025,56077.4,Call,60700,0,0,17.4077,0,0,0
25-Nov-2025,56077.4,Put,60100,0,0,17.4077,0,5,0
25-Nov-2025,56077.4,Call,58500,0,0,17.4077,0,0,0
25-Nov-2025,56077.4,Call,55400,0,0,17.4077,0,154,0
25-Nov-2025,56077.4,Call,54900,0,0,17.4077,0,43,0
25-Nov-2025,56077.4,Call,54600,0,0,17.4077,0,18,0
25-Nov-2025,56077.4,Put,54300,0,0,17.4077,0,0,0
25-Nov-2025,56077.4,Call,54300,0,0,17.4077,0,6,0
25-Nov-2025,56077.4,Put,54200,0,0,17.4077,0,0,0
25-Nov-2025,56077.4,Call,54100,0,0,17.4077,0,5,0
25-Nov-2025,56077.4,Put,53800,0,0,17.4077,0,0,0
25-Nov-2025,56077.4,Call,53500,0,0,17.4077,0,27,0
25-Nov-2025,56077.4,Put,53100,0,0,17.4077,0,0,0
25-Nov-2025,56077.4,Put,46500,0,0,17.4077,0,9,0
25-Nov-2025,56077.4,Put,60500,0,0,17.4077,0,4,0
25-Nov-2025,56077.4,Put,57600,0,0,17.4077,0,11,0
25-Nov-2025,56077.4,Put,55300,0,0,17.4077,0,0,0
25-Nov-2025,56077.4,Put,54800,0,0,17.4077,0,1,0
25-Nov-2025,56077.4,Put,52400,0,0,17.4077,0,0,0
25-Nov-2025,56077.4,Put,52100,0,0,17.4077,0,0,0
25-Nov-2025,56077.4,Put,51900,0,0,17.4077,0,0,0
25-Nov-2025,56077.4,Put,51300,0,0,17.4077,0,0,0
25-Nov-2025,56077.4,Put,49900,0,0,17.4077,0,0,0
25-Nov-2025,56077.4,Put,49700,0,0,17.4077,0,0,0
25-Nov-2025,56077.4,Put,59800,0,0,17.4077,0,6,0
25-Nov-2025,56077.4,Put,58800,0,0,17.4077,0,5,0
25-Nov-2025,56077.4,Put,58100,0,0,17.4077,0,6,0
25-Nov-2025,56077.4,Put,61200,0,0,0,0,0,0
25-Nov-2025,56077.4,Put,57900,0,0,17.4077,0,17,0
25-Nov-2025,56077.4,Put,51600,0,0,17.4077,0,0,0
25-Nov-2025,56077.4,Put,58900,0,0,17.4077,0,10,0
25-Nov-2025,56077.4,Call,46000,0,0,17.4077,0,0,0
25-Nov-2025,56077.4,Put,50800,0,0,17.4077,0,0,0
25-Nov-2025,56077.4,Put,48800,0,0,17.4077,0,0,0
25-Nov-2025,56077.4,Call,48700,0,0,17.4077,0,0,0
25-Nov-2025,56077.4,Put,46000,0,0,17.4077,0,174,0
25-Nov-2025,56077.4,Put,60600,0,0,17.4077,0,4,0
25-Nov-2025,56077.4,Call,60600,0,0,17.4077,0,0,0
25-Nov-2025,56077.4,Call,61500,0,0,17.4077,0,5,0
25-Nov-2025,56077.4,Call,61000,0,0,17.4077,0,0,0
25-Nov-2025,56077.4,Call,60500,0,0,17.4077,0,0,0
25-Nov-2025,56077.4,Call,55900,0,0,17.4077,0,57,0
25-Nov-2025,56077.4,Put,58300,0,0,17.4077,0,5,0
25-Nov-2025,56077.4,Call,59800,0,0,17.4077,0,0,0
25-Nov-2025,56077.4,Call,59700,0,0,17.4077,0,0,0
25-Nov-2025,56077.4,Call,49300,0,0,17.4077,0,0,0
25-Nov-2025,56077.4,Call,49200,0,0,17.4077,0,0,0
25-Nov-2025,56077.4,Call,49100,0,0,17.4077,0,0,0
25-Nov-2025,56077.4,Call,49000,0,0,17.4077,0,0,0
25-Nov-2025,56077.4,Call,48900,0,0,17.4077,0,0,0
25-Nov-2025,56077.4,Call,48800,0,0,17.4077,0,0,0
25-Nov-2025,56077.4,Call,48500,0,0,17.4077,0,0,0
25-Nov-2025,56077.4,Call,48000,0,0,17.4077,0,82,0
25-Nov-2025,56077.4,Call,47500,0,0,17.4077,0,0,0
25-Nov-2025,56077.4,Call,47000,0,0,17.4077,0,0,0
25-Nov-2025,56077.4,Call,50200,0,0,17.4077,0,1,0
25-Nov-2025,56077.4,Call,50100,0,0,17.4077,0,0,0
25-Nov-2025,56077.4,Call,50000,0,0,17.4077,0,150,0
25-Nov-2025,56077.4,Call,49900,0,0,17.4077,0,1,0
25-Nov-2025,56077.4,Call,49800,0,0,17.4077,0,0,0
25-Nov-2025,56077.4,Call,49700,0,0,17.4077,0,0,0
25-Nov-2025,56077.4,Call,49600,0,0,17.4077,0,0,0
25-Nov-2025,56077.4,Call,51400,0,0,17.4077,0,4,0
25-Nov-2025,56077.4,Call,53700,0,0,17.4077,0,3,0
25-Nov-2025,56077.4,Call,51200,0,0,17.4077,0,2,0
25-Nov-2025,56077.4,Put,49200,0,0,17.4077,0,0,0
25-Nov-2025,56077.4,Put,58200,0,0,17.4077,0,6,0
25-Nov-2025,56077.4,Call,51100,0,0,17.4077,0,3,0
25-Nov-2025,56077.4,Call,51000,0,0,17.4077,0,7,0
25-Nov-2025,56077.4,Call,53100,0,0,17.4077,0,0,0
25-Nov-2025,56077.4,Call,51300,0,0,17.4077,0,3,0
25-Nov-2025,56077.4,Put,54400,0,0,17.4077,0,0,0
25-Nov-2025,56077.4,Call,50800,0,0,17.4077,0,1,0
25-Nov-2025,56077.4,Call,59100,0,0,17.4077,0,0,0
25-Nov-2025,56077.4,Call,53800,0,0,17.4077,0,14,0
25-Nov-2025,56077.4,Call,50600,0,0,17.4077,0,1,0
25-Nov-2025,56077.4,Call,50900,0,0,17.4077,0,3,0
25-Nov-2025,56077.4,Put,50900,0,0,17.4077,0,1,0
25-Nov-2025,56077.4,Put,57400,0,0,17.4077,0,15,0
25-Nov-2025,56077.4,Put,59200,0,0,17.4077,0,5,0
25-Nov-2025,56077.4,Put,49000,0,0,17.4077,0,104,0
25-Nov-2025,56077.4,Put,48500,0,0,17.4077,0,33,0
25-Nov-2025,56077.4,Put,58600,0,0,17.4077,0,7,0
25-Nov-2025,56077.4,Put,51700,0,0,17.4077,0,0,0
25-Nov-2025,56077.4,Put,57700,0,0,17.4077,0,13,0
25-Nov-2025,56077.4,Call,58800,0,0,17.4077,0,0,0
25-Nov-2025,56077.4,Call,58600,0,0,17.4077,0,1,0
25-Nov-2025,56077.4,Call,58300,0,0,17.4077,0,0,0
25-Nov-2025,56077.4,Call,46500,0,0,17.4077,0,0,0
25-Nov-2025,56077.4,Call,59400,0,0,17.4077,0,0,0
25-Nov-2025,56077.4,Call,59300,0,0,17.4077,0,0,0
25-Nov-2025,56077.4,Call,60100,0,0,17.4077,0,0,0
25-Nov-2025,56077.4,Put,59100,0,0,17.4077,0,8,0
25-Nov-2025,56077.4,Call,53200,0,0,17.4077,0,0,0
25-Nov-2025,56077.4,Put,53700,0,0,17.4077,0,0,0
25-Nov-2025,56077.4,Put,53600,0,0,17.4077,0,0,0
25-Nov-2025,56077.4,Call,52500,0,0,17.4077,0,5,0
25-Nov-2025,56077.4,Call,52400,0,0,17.4077,0,0,0
25-Nov-2025,56077.4,Call,52300,0,0,17.4077,0,2,0
25-Nov-2025,56077.4,Call,52200,0,0,17.4077,0,1,0
25-Nov-2025,56077.4,Call,52100,0,0,17.4077,0,6,0
25-Nov-2025,56077.4,Call,51900,0,0,17.4077,0,2,0
25-Nov-2025,56077.4,Call,51800,0,0,17.4077,0,3,0
25-Nov-2025,56077.4,Call,51700,0,0,17.4077,0,2,0
25-Nov-2025,56077.4,Call,51600,0,0,17.4077,0,2,0
25-Nov-2025,56077.4,Put,49100,0,0,17.4077,0,0,0
25-Nov-2025,56077.4,Put,62500,0,0,17.4077,0,2,0
25-Nov-2025,56077.4,Call,57900,0,0,17.4077,0,0,0
25-Nov-2025,56077.4,Call,57800,0,0,17.4077,0,0,0
25-Nov-2025,56077.4,Put,51800,0,0,17.4077,0,0,0
25-Nov-2025,56077.4,Put,51100,0,0,17.4077,0,0,0
25-Nov-2025,56077.4,Put,51000,0,0,17.4077,0,0,0
25-Nov-2025,56077.4,Put,50700,0,0,17.4077,0,0,0
25-Nov-2025,56077.4,Put,58400,0,0,17.4077,0,9,0
25-Nov-2025,56077.4,Call,60400,0,0,17.4077,0,0,0
25-Nov-2025,56077.4,Put,60300,0,0,17.4077,0,5,0
25-Nov-2025,56077.4,Call,60300,0,0,17.4077,0,0,0
25-Nov-2025,56077.4,Put,63000,0,0,17.4077,0,4,0
25-Nov-2025,56077.4,Put,60400,0,0,17.4077,0,5,0
25-Nov-2025,56077.4,Call,52700,0,0,17.4077,0,0,0
25-Nov-2025,56077.4,Call,52600,0,0,17.4077,0,4,0
25-Nov-2025,56077.4,Call,57200,0,0,17.4077,0,0,0
25-Nov-2025,56077.4,Put,50400,0,0,17.4077,0,0,0
25-Nov-2025,56077.4,Put,50600,0,0,17.4077,0,0,0
25-Nov-2025,56077.4,Put,60200,0,0,17.4077,0,5,0
25-Nov-2025,56077.4,Call,60200,0,0,17.4077,0,0,0
25-Nov-2025,56077.4,Put,53400,0,0,17.4077,0,0,0
25-Nov-2025,56077.4,Put,53300,0,0,17.4077,0,0,0
25-Nov-2025,56077.4,Put,48900,0,0,17.4077,0,0,0
25-Nov-2025,56077.4,Put,48700,0,0,17.4077,0,0,0
25-Nov-2025,56077.4,Put,61500,0,0,17.4077,0,1,0
25-Nov-2025,56077.4,Put,61000,0,0,17.4077,0,35,0
25-Nov-2025,56077.4,Put,55100,0,0,17.4077,0,0,0
25-Nov-2025,56077.4,Put,52300,0,0,17.4077,0,0,0
25-Nov-2025,56077.4,Put,52200,0,0,17.4077,0,0,0
25-Nov-2025,56077.4,Put,51400,0,0,17.4077,0,0,0
25-Nov-2025,56077.4,Put,50300,0,0,17.4077,0,0,0
25-Nov-2025,56077.4,Put,49600,0,0,17.4077,0,0,0
25-Nov-2025,56077.4,Call,63500,0,0,17.4077,0,0,0
25-Nov-2025,56077.4,Put,60900,0,0,17.4077,0,0,0
25-Nov-2025,56077.4,Call,60900,0,0,17.4077,0,0,0
25-Nov-2025,56077.4,Call,58200,0,0,17.4077,0,0,0
25-Nov-2025,56077.4,Call,58900,0,0,17.4077,0,0,0
25-Nov-2025,56077.4,Put,59500,0,0,17.4077,0,10,0
25-Nov-2025,56077.4,Put,60700,0,0,17.4077,0,5,0
25-Nov-2025,56077.4,Put,59900,0,0,17.4077,0,6,0
25-Nov-2025,56077.4,Call,58100,0,0,17.4077,0,0,0
25-Nov-2025,56077.4,Put,57800,0,0,17.4077,0,11,0
25-Nov-2025,56077.4,Call,59200,0,0,17.4077,0,0,0
30-Dec-2025,56077.4,Call,50600,0,0,17.4077,0,0,0
30-Dec-2025,56077.4,Put,50500,0,0,17.4077,0,0,0
30-Dec-2025,56077.4,Call,50300,0,0,17.4077,0,0,0
30-Dec-2025,56077.4,Call,50200,0,0,17.4077,0,0,0
30-Dec-2025,56077.4,Call,50100,0,0,17.4077,0,0,0
30-Dec-2025,56077.4,Call,49800,0,0,17.4077,0,0,0
30-Dec-2025,56077.4,Call,49000,0,0,17.4077,0,0,0
30-Dec-2025,56077.4,Call,48500,0,0,17.4077,0,0,0
30-Dec-2025,56077.4,Call,47500,0,0,17.4077,0,0,0
30-Dec-2025,56077.4,Put,49500,0,0,17.4077,0,0,0
30-Dec-2025,56077.4,Call,60700,0,0,17.4077,0,0,0
30-Dec-2025,56077.4,Call,53400,0,0,17.4077,0,0,0
30-Dec-2025,56077.4,Call,52900,0,0,17.4077,0,0,0
30-Dec-2025,56077.4,Call,52800,0,0,17.4077,0,0,0
30-Dec-2025,56077.4,Call,52600,0,0,17.4077,0,0,0
30-Dec-2025,56077.4,Call,52100,0,0,17.4077,0,0,0
30-Dec-2025,56077.4,Call,51900,0,0,17.4077,0,0,0
30-Dec-2025,56077.4,Call,51800,0,0,17.4077,0,0,0
30-Dec-2025,56077.4,Call,51500,0,0,17.4077,0,0,0
30-Dec-2025,56077.4,Call,51400,0,0,17.4077,0,0,0
30-Dec-2025,56077.4,Call,51200,0,0,17.4077,0,0,0
30-Dec-2025,56077.4,Call,51100,0,0,17.4077,0,0,0
30-Dec-2025,56077.4,Call,50900,0,0,17.4077,0,0,0
30-Dec-2025,56077.4,Put,53400,0,0,17.4077,0,0,0
30-Dec-2025,56077.4,Put,56600,0,0,17.4077,0,0,0
30-Dec-2025,56077.4,Put,46500,0,0,17.4077,0,0,0
30-Dec-2025,56077.4,Put,56800,0,0,17.4077,0,9,0
30-Dec-2025,56077.4,Call,62500,0,0,17.4077,0,1,0
30-Dec-2025,56077.4,Put,60300,0,0,17.4077,0,0,0
30-Dec-2025,56077.4,Call,60300,0,0,17.4077,0,0,0
30-Dec-2025,56077.4,Put,60200,0,0,17.4077,0,0,0
30-Dec-2025,56077.4,Call,60200,0,0,17.4077,0,0,0
30-Dec-2025,56077.4,Put,60100,0,0,17.4077,0,0,0
30-Dec-2025,56077.4,Put,54100,0,0,17.4077,0,0,0
30-Dec-2025,56077.4,Call,60100,0,0,17.4077,0,0,0
30-Dec-2025,56077.4,Put,59900,0,0,17.4077,0,0,0
30-Dec-2025,56077.4,Call,59900,0,0,17.4077,0,0,0
30-Dec-2025,56077.4,Put,59800,0,0,17.4077,0,0,0
30-Dec-2025,56077.4,Call,59800,0,0,17.4077,0,0,0
30-Dec-2025,56077.4,Put,59700,0,0,17.4077,0,0,0
30-Dec-2025,56077.4,Call,59700,0,0,17.4077,0,0,0
30-Dec-2025,56077.4,Put,56900,0,0,17.4077,0,9,0
30-Dec-2025,56077.4,Put,56700,0,0,17.4077,0,12,0
30-Dec-2025,56077.4,Call,60600,0,0,17.4077,0,0,0
30-Dec-2025,56077.4,Put,59000,0,0,17.4077,0,0,0
30-Dec-2025,56077.4,Put,52900,0,0,17.4077,0,0,0
30-Dec-2025,56077.4,Put,59400,0,0,17.4077,0,0,0
30-Dec-2025,56077.4,Put,59100,0,0,17.4077,0,0,0
30-Dec-2025,56077.4,Put,57300,0,0,17.4077,0,13,0
30-Dec-2025,56077.4,Put,57200,0,0,17.4077,0,4,0
30-Dec-2025,56077.4,Put,57100,0,0,17.4077,0,6,0
30-Dec-2025,56077.4,Put,56500,0,0,17.4077,0,0,0
30-Dec-2025,56077.4,Put,56400,0,0,17.4077,0,0,0
30-Dec-2025,56077.4,Put,56300,0,0,17.4077,0,0,0
30-Dec-2025,56077.4,Put,54700,0,0,17.4077,0,0,0
30-Dec-2025,56077.4,Put,59200,0,0,17.4077,0,0,0
30-Dec-2025,56077.4,Put,61500,0,0,17.4077,0,0,0
30-Dec-2025,56077.4,Put,62000,0,0,17.4077,0,0,0
30-Dec-2025,56077.4,Put,61000,0,0,17.4077,0,0,0
30-Dec-2025,56077.4,Put,60500,0,0,17.4077,0,0,0
30-Dec-2025,56077.4,Put,59600,0,0,17.4077,0,0,0
30-Dec-2025,56077.4,Put,58900,0,0,17.4077,0,0,0
30-Dec-2025,56077.4,Put,58800,0,0,17.4077,0,0,0
30-Dec-2025,56077.4,Put,58700,0,0,17.4077,0,0,0
25-Nov-2025,56077.4,Call,57700,0,0,17.4077,0,0,0
25-Nov-2025,56077.4,Call,57600,0,0,17.4077,0,0,0
25-Nov-2025,56077.4,Put,52900,0,0,17.4077,0,0,0
25-Nov-2025,56077.4,Put,50500,0,0,17.4077,0,5,0
25-Nov-2025,56077.4,Put,47500,0,0,17.4077,0,58,0
25-Nov-2025,56077.4,Put,49800,0,0,17.4077,0,0,0
25-Nov-2025,56077.4,Put,49300,0,0,17.4077,0,0,0
25-Nov-2025,56077.4,Call,59900,0,0,17.4077,0,0,0
25-Nov-2025,56077.4,Put,58700,0,0,17.4077,0,7,0
25-Nov-2025,56077.4,Put,52800,0,0,17.4077,0,0,0
25-Nov-2025,56077.4,Put,50200,0,0,17.4077,0,0,0
25-Nov-2025,56077.4,Put,50100,0,0,17.4077,0,0,0
25-Nov-2025,56077.4,Call,62500,0,0,17.4077,0,1,0
25-Nov-2025,56077.4,Put,62000,0,0,17.4077,0,2,0
25-Nov-2025,56077.4,Put,59400,0,0,17.4077,0,6,0
25-Nov-2025,56077.4,Put,59300,0,0,17.4077,0,7,0
25-Nov-2025,56077.4,Put,53900,0,0,17.4077,0,0,0
25-Nov-2025,56077.4,Put,49400,0,0,17.4077,0,4,0
25-Nov-2025,56077.4,Call,58400,0,0,17.4077,0,0,0
30-Dec-2025,56077.4,Call,56600,0,0,17.4077,0,0,0
30-Dec-2025,56077.4,Call,64500,0,0,17.4077,0,3,0
30-Dec-2025,56077.4,Call,60500,0,0,17.4077,0,0,0
30-Dec-2025,56077.4,Call,56200,0,0,17.4077,0,0,0
30-Dec-2025,56077.4,Call,49500,0,0,17.4077,0,0,0
30-Dec-2025,56077.4,Call,61000,0,0,17.4077,0,0,0
30-Dec-2025,56077.4,Put,53800,0,0,17.4077,0,0,0
30-Dec-2025,56077.4,Call,48000,0,0,17.4077,0,0,0
30-Dec-2025,56077.4,Call,57100,0,0,17.4077,0,2,0
30-Dec-2025,56077.4,Put,53100,0,0,17.4077,0,0,0
30-Dec-2025,56077.4,Call,63500,0,0,17.4077,0,0,0
30-Dec-2025,56077.4,Call,55800,0,0,17.4077,0,0,0
30-Dec-2025,56077.4,Call,55700,0,0,17.4077,0,0,0
30-Dec-2025,56077.4,Call,55400,0,0,17.4077,0,0,0
30-Dec-2025,56077.4,Put,55300,0,0,17.4077,0,0,0
30-Dec-2025,56077.4,Put,55100,0,0,17.4077,0,0,0
30-Dec-2025,56077.4,Call,54900,0,0,17.4077,0,0,0
30-Dec-2025,56077.4,Put,54800,0,0,17.4077,0,0,0
30-Dec-2025,56077.4,Put,54600,0,0,17.4077,0,0,0
30-Dec-2025,56077.4,Call,60800,0,0,17.4077,0,0,0
30-Dec-2025,56077.4,Call,60900,0,0,17.4077,0,0,0
30-Dec-2025,56077.4,Call,54600,0,0,17.4077,0,0,0
30-Dec-2025,56077.4,Put,54400,0,0,17.4077,0,0,0
30-Dec-2025,56077.4,Put,43500,0,0,17.4077,0,37.8571428571,0
30-Dec-2025,56077.4,Call,51000,0,0,17.4077,0,131.428571429,0
30-Dec-2025,56077.4,Put,61100,0,0,17.4077,0,0,0
30-Dec-2025,56077.4,Put,59500,0,0,17.4077,0,0,0
30-Dec-2025,56077.4,Put,59300,0,0,17.4077,0,0,0
30-Dec-2025,56077.4,Put,58300,0,0,17.4077,0,0,0
30-Dec-2025,56077.4,Call,61200,0,0,0,0,0,0
30-Dec-2025,56077.4,Put,55600,0,0,17.4077,0,0,0
30-Dec-2025,56077.4,Call,58400,0,0,17.4077,0,0,0
30-Dec-2025,56077.4,Call,58300,0,0,17.4077,0,0,0
30-Dec-2025,56077.4,Call,58200,0,0,17.4077,0,0,0
30-Dec-2025,56077.4,Call,51300,0,0,17.4077,0,0,0
30-Dec-2025,56077.4,Call,50800,0,0,17.4077,0,0,0
30-Dec-2025,56077.4,Call,50700,0,0,17.4077,0,0,0
30-Dec-2025,56077.4,Call,50400,0,0,17.4077,0,0,0
30-Dec-2025,56077.4,Put,50000,0,0,17.4077,0,0,0
30-Dec-2025,56077.4,Call,50000,0,0,17.4077,0,3,0
30-Dec-2025,56077.4,Call,49900,0,0,17.4077,0,0,0
30-Dec-2025,56077.4,Call,49700,0,0,17.4077,0,0,0
30-Dec-2025,56077.4,Call,49600,0,0,17.4077,0,0,0
30-Dec-2025,56077.4,Put,47000,0,0,17.4077,0,1,0
30-Dec-2025,56077.4,Call,58100,0,0,17.4077,0,0,0
30-Dec-2025,56077.4,Call,58000,0,0,17.4077,0,0,0
30-Dec-2025,56077.4,Call,57900,0,0,17.4077,0,0,0
30-Dec-2025,56077.4,Call,57800,0,0,17.4077,0,0,0
30-Dec-2025,56077.4,Call,57600,0,0,17.4077,0,0,0
30-Dec-2025,56077.4,Call,57500,0,0,17.4077,0,0,0
30-Dec-2025,56077.4,Call,57400,0,0,17.4077,0,0,0
30-Dec-2025,56077.4,Call,56800,0,0,17.4077,0,0,0
30-Dec-2025,56077.4,Call,56700,0,0,17.4077,0,0,0
30-Dec-2025,56077.4,Call,56400,0,0,17.4077,0,15,0
30-Dec-2025,56077.4,Call,56300,0,0,17.4077,0,0,0
30-Dec-2025,56077.4,Call,55900,0,0,17.4077,0,0,0
30-Dec-2025,56077.4,Call,55600,0,0,17.4077,0,0,0
30-Dec-2025,56077.4,Put,58600,0,0,17.4077,0,0,0
30-Dec-2025,56077.4,Put,58200,0,0,17.4077,0,0,0
30-Dec-2025,56077.4,Put,57700,0,0,17.4077,0,0,0
30-Dec-2025,56077.4,Put,57600,0,0,17.4077,0,0,0
30-Dec-2025,56077.4,Put,57400,0,0,17.4077,0,0,0
30-Dec-2025,56077.4,Put,57900,0,0,17.4077,0,0,0
30-Dec-2025,56077.4,Put,57800,0,0,17.4077,0,0,0
30-Dec-2025,56077.4,Put,55800,0,0,17.4077,0,0,0
30-Dec-2025,56077.4,Put,55700,0,0,17.4077,0,6,0
30-Dec-2025,56077.4,Put,52100,0,0,17.4077,0,0,0
30-Dec-2025,56077.4,Put,52400,0,0,17.4077,0,0,0
30-Dec-2025,56077.4,Put,60400,0,0,17.4077,0,0,0
30-Dec-2025,56077.4,Call,60400,0,0,17.4077,0,0,0
30-Dec-2025,56077.4,Put,60800,0,0,17.4077,0,0,0
30-Dec-2025,56077.4,Put,60600,0,0,17.4077,0,0,0
30-Dec-2025,56077.4,Put,54300,0,0,17.4077,0,0,0
30-Dec-2025,56077.4,Put,54200,0,0,17.4077,0,0,0
30-Dec-2025,56077.4,Call,54100,0,0,17.4077,0,0,0
30-Dec-2025,56077.4,Call,50500,0,0,17.4077,0,0,0
30-Dec-2025,56077.4,Call,56900,0,0,17.4077,0,2,0
30-Dec-2025,56077.4,Call,57300,0,0,17.4077,0,0,0
30-Dec-2025,56077.4,Call,57700,0,0,17.4077,0,0,0
30-Dec-2025,56077.4,Put,53900,0,0,17.4077,0,0,0
30-Dec-2025,56077.4,Put,53700,0,0,17.4077,0,0,0
30-Dec-2025,56077.4,Put,53600,0,0,17.4077,0,0,0
30-Dec-2025,56077.4,Call,57200,0,0,17.4077,0,0,0
30-Dec-2025,56077.4,Call,53300,0,0,17.4077,0,0,0
30-Dec-2025,56077.4,Call,47000,0,0,17.4077,0,0,0
30-Jun-2026,56077.4,Put,52500,0,0,17.4077,0,0,0
30-Jun-2026,56077.4,Put,55500,0,0,17.4077,0,0,0
30-Jun-2026,56077.4,Put,46500,0,0,17.4077,0,0,0
30-Jun-2026,56077.4,Put,57000,0,0,17.4077,0,0,0
31-Mar-2026,56077.4,Put,49500,0,0,17.4077,0,0,0
31-Mar-2026,56077.4,Call,63000,0,0,17.4077,0,0,0
31-Mar-2026,56077.4,Call,61500,0,0,17.4077,0,0,0
31-Mar-2026,56077.4,Call,64500,0,0,17.4077,0,0,0
31-Mar-2026,56077.4,Put,46500,0,0,17.4077,0,0,0
31-Mar-2026,56077.4,Put,51000,0,0,17.4077,0,0,0
31-Mar-2026,56077.4,Put,48000,0,0,17.4077,0,0,0
31-Mar-2026,56077.4,Put,52500,0,0,17.4077,0,0,0
31-Mar-2026,56077.4,Put,54000,0,0,17.4077,0,0,0
30-Dec-2025,56077.4,Call,55300,0,0,17.4077,0,0,0
30-Dec-2025,56077.4,Call,55200,0,0,17.4077,0,0,0
30-Dec-2025,56077.4,Call,55100,0,0,17.4077,0,0,0
30-Dec-2025,56077.4,Call,54800,0,0,17.4077,0,0,0
30-Dec-2025,56077.4,Call,54700,0,0,17.4077,0,0,0
30-Dec-2025,56077.4,Call,54500,0,0,17.4077,0,0,0
30-Dec-2025,56077.4,Call,54400,0,0,17.4077,0,0,0
30-Dec-2025,56077.4,Call,54300,0,0,17.4077,0,0,0
30-Dec-2025,56077.4,Call,54200,0,0,17.4077,0,0,0
30-Dec-2025,56077.4,Call,53900,0,0,17.4077,0,0,0
30-Dec-2025,56077.4,Call,53800,0,0,17.4077,0,0,0
30-Dec-2025,56077.4,Call,53700,0,0,17.4077,0,0,0
30-Dec-2025,56077.4,Call,53600,0,0,17.4077,0,0,0
30-Dec-2025,56077.4,Call,53500,0,0,17.4077,0,1,0
30-Dec-2025,56077.4,Call,53200,0,0,17.4077,0,0,0
30-Dec-2025,56077.4,Call,53100,0,0,17.4077,0,0,0
30-Dec-2025,56077.4,Call,53000,0,0,17.4077,0,0,0
30-Dec-2025,56077.4,Call,52700,0,0,17.4077,0,0,0
30-Dec-2025,56077.4,Call,52400,0,0,17.4077,0,0,0
30-Dec-2025,56077.4,Call,52300,0,0,17.4077,0,0,0
30-Dec-2025,56077.4,Call,52200,0,0,17.4077,0,0,0
30-Dec-2025,56077.4,Call,46500,0,0,17.4077,0,0,0
30-Dec-2025,56077.4,Call,52000,0,0,17.4077,0,0,0
30-Dec-2025,56077.4,Call,51700,0,0,17.4077,0,0,0
30-Dec-2025,56077.4,Call,51600,0,0,17.4077,0,0,0
30-Dec-2025,56077.4,Put,51500,0,0,17.4077,0,0,0
30-Dec-2025,56077.4,Put,52000,0,0,17.4077,0,0,0
30-Dec-2025,56077.4,Call,61500,0,0,17.4077,0,0,0
30-Dec-2025,56077.4,Put,50900,0,0,17.4077,0,0,0
30-Dec-2025,56077.4,Put,50800,0,0,17.4077,0,0,0
30-Dec-2025,56077.4,Put,56200,0,0,17.4077,0,0,0
30-Dec-2025,56077.4,Put,56100,0,0,17.4077,0,0,0
30-Dec-2025,56077.4,Put,52800,0,0,17.4077,0,0,0
30-Dec-2025,56077.4,Put,52700,0,0,17.4077,0,0,0
30-Dec-2025,56077.4,Put,52600,0,0,17.4077,0,0,0
30-Dec-2025,56077.4,Put,51900,0,0,17.4077,0,0,0
30-Dec-2025,56077.4,Put,48500,0,0,17.4077,0,0,0
30-Dec-2025,56077.4,Put,47500,0,0,17.4077,0,3,0
30-Dec-2025,56077.4,Call,62000,0,0,17.4077,0,0,0
30-Dec-2025,56077.4,Call,59600,0,0,17.4077,0,0,0
30-Dec-2025,56077.4,Call,59500,0,0,17.4077,0,0,0
30-Dec-2025,56077.4,Call,59400,0,0,17.4077,0,0,0
30-Dec-2025,56077.4,Call,59300,0,0,17.4077,0,0,0
30-Dec-2025,56077.4,Call,59200,0,0,17.4077,0,0,0
30-Dec-2025,56077.4,Call,59100,0,0,17.4077,0,0,0
30-Dec-2025,56077.4,Call,59000,0,0,17.4077,0,0,0
30-Dec-2025,56077.4,Call,58900,0,0,17.4077,0,0,0
30-Dec-2025,56077.4,Call,58800,0,0,17.4077,0,0,0
30-Dec-2025,56077.4,Call,58700,0,0,17.4077,0,0,0
30-Dec-2025,56077.4,Call,58600,0,0,17.4077,0,0,0
30-Dec-2025,56077.4,Put,49000,0,0,17.4077,0,1,0
30-Dec-2025,56077.4,Call,52500,0,0,17.4077,0,0,0
30-Dec-2025,56077.4,Put,48000,0,0,17.4077,0,9,0
30-Dec-2025,56077.4,Put,60900,0,0,17.4077,0,0,0
30-Dec-2025,56077.4,Put,60700,0,0,17.4077,0,0,0
30-Dec-2025,56077.4,Put,61200,0,0,0,0,0,0
30-Dec-2025,56077.4,Put,52200,0,0,17.4077,0,0,0
30-Dec-2025,56077.4,Call,61100,0,0,17.4077,0,0,0
30-Dec-2025,56077.4,Put,52300,0,0,17.4077,0,1,0
30-Dec-2025,56077.4,Call,63000,0,0,17.4077,0,0,0
30-Dec-2025,56077.4,Put,60000,0,0,17.4077,0,1,0
31-Mar-2026,56077.4,Put,55500,0,0,17.4077,0,0,0
30-Jun-2026,56077.4,Put,51000,0,0,17.4077,0,0,0
30-Jun-2026,56077.4,Call,60000,0,0,17.4077,0,0,0
30-Jun-2026,56077.4,Put,48000,0,0,17.4077,0,0,0
30-Jun-2026,56077.4,Call,57000,0,0,17.4077,0,0,0
30-Jun-2026,56077.4,Put,49500,0,0,17.4077,0,0,0
30-Jun-2026,56077.4,Call,63000,0,0,17.4077,0,0,0
30-Jun-2026,56077.4,Call,64500,0,0,17.4077,0,0,0
30-Jun-2026,56077.4,Put,54000,0,0,17.4077,0,0,0
29-Sep-2026,56077.4,Put,55500,0,0,0,0,0,0
30-Jun-2026,56077.4,Call,61500,0,0,17.4077,0,0,0
