28-Oct-2025,260.15,-,0,261.3,0,35.8081,154,43899,2756
28-Oct-2025,260.15,Call,265,4.85,26.06,35.8081,229,1404,2278
28-Oct-2025,260.15,Call,270,3.1,26.31,35.8081,100,2095,1924
28-Oct-2025,260.15,Put,260,5.6,25.96,35.8081,12,1191,1530
28-Oct-2025,260.15,Call,267.5,3.95,26.15,35.8081,48,564,1264
28-Oct-2025,260.15,Call,260,7.15,26.29,35.8081,125,1511,1093
28-Oct-2025,260.15,Call,262.5,5.9,26.18,35.8081,61,316,973
28-Oct-2025,260.15,Put,255,3.55,26.44,35.8081,55,636,747
28-Oct-2025,260.15,Call,275,1.95,26.6,35.8081,16,611,632
28-Oct-2025,260.15,Call,272.5,2.45,26.35,35.8081,47,285,602
28-Oct-2025,260.15,Put,265,8.3,26.05,35.8081,24,524,566
28-Oct-2025,260.15,Put,250,2.2,26.91,35.8081,-31,1183,495
28-Oct-2025,260.15,Call,280,1.25,27.36,35.8081,66,1741,488
28-Oct-2025,260.15,Put,262.5,6.6,24.88,35.8081,0,248,325
28-Oct-2025,260.15,Call,290,0.45,28.21,35.8081,22,555,321
28-Oct-2025,260.15,Put,257.5,4.45,25.77,35.8081,21,216,304
28-Oct-2025,260.15,Call,285,0.8,28.18,35.8081,6,401,234
28-Oct-2025,260.15,Call,255,10,26.25,35.8081,5,514,190
28-Oct-2025,260.15,Put,252.5,2.85,26.5,35.8081,26,228,163
28-Oct-2025,260.15,Put,240,0.8,28.64,35.8081,-26,1319,143
28-Oct-2025,260.15,Put,267.5,9.5,24.45,35.8081,-3,167,134
28-Oct-2025,260.15,Call,250,13.6,26.82,35.8081,-39,787,129
28-Oct-2025,260.15,Call,295,0.35,30.21,35.8081,38,309,127
28-Oct-2025,260.15,Put,245,1.35,27.65,35.8081,-34,724,126
25-Nov-2025,260.15,-,0,263.6,0,35.8081,15,751,119
28-Oct-2025,260.15,Call,257.5,8.4,25.95,35.8081,2,140,94
28-Oct-2025,260.15,Put,270,11.6,26.2,35.8081,3,679,88
28-Oct-2025,260.15,Put,290,28.85,28,35.8081,54,637,77
28-Oct-2025,260.15,Call,277.5,1.6,27.2,35.8081,0,153,62
25-Nov-2025,260.15,Call,290,2.1,26.14,35.8081,17,77,35
28-Oct-2025,260.15,Put,220,0.2,37.66,35.8081,7,269,33
25-Nov-2025,260.15,Put,250,4.2,25.6,35.8081,14,170,32
25-Nov-2025,260.15,Put,230,1.05,28.09,35.8081,26,99,32
28-Oct-2025,260.15,Put,280,19.1,22.4,35.8081,4,359,31
25-Nov-2025,260.15,Call,280,3.8,25.69,35.8081,14,142,31
28-Oct-2025,260.15,Call,240,22.4,31.25,35.8081,17,838,26
28-Oct-2025,260.15,Call,287.5,0.6,28.16,35.8081,4,51,25
28-Oct-2025,260.15,Call,300,0.2,30.39,35.8081,4,183,24
28-Oct-2025,260.15,Put,230,0.4,33.32,35.8081,-6,339,23
25-Nov-2025,260.15,Put,270,13.25,25.4,35.8081,14,66,23
25-Nov-2025,260.15,Call,270,6.6,24.92,35.8081,5,74,18
30-Dec-2025,260.15,-,0,263,0,35.8081,-3,64,15
28-Oct-2025,260.15,Put,275,14.8,22.77,35.8081,-5,96,15
28-Oct-2025,260.15,Put,247.5,1.9,28.17,35.8081,3,183,14
28-Oct-2025,260.15,Put,272.5,12.9,23.43,35.8081,-2,67,14
28-Oct-2025,260.15,Put,235,0.5,30.18,35.8081,5,224,13
28-Oct-2025,260.15,Call,282.5,1.05,28.16,35.8081,0,66,12
28-Oct-2025,260.15,Call,252.5,12.5,30.21,35.8081,0,59,11
28-Oct-2025,260.15,Put,277.5,17.75,28.22,35.8081,2,35,11
25-Nov-2025,260.15,Call,260,11,24.63,35.8081,4,48,11
28-Oct-2025,260.15,Put,285,24.4,29.58,35.8081,0,54,10
28-Oct-2025,260.15,Put,242.5,1,27.79,35.8081,3,156,9
28-Oct-2025,260.15,Put,282.5,21.35,21.89,35.8081,2,59,8
28-Oct-2025,260.15,Call,245,18.5,32.92,35.8081,-2,84,8
25-Nov-2025,260.15,Call,250,17,24.09,35.8081,-1,9,8
28-Oct-2025,260.15,Call,247.5,14.6,20.34,35.8081,1,67,7
25-Nov-2025,260.15,Put,240,2.25,27.15,35.8081,2,100,7
28-Oct-2025,260.15,Call,230,30.35,0,35.8081,-1,227,5
25-Nov-2025,260.15,Put,255,5.7,25.07,35.8081,0,2,3
30-Dec-2025,260.15,Call,280,6.45,23.83,35.8081,1,2,3
28-Oct-2025,260.15,Put,232.5,0.45,31.81,35.8081,1,41,2
25-Nov-2025,260.15,Put,260,7.65,24.76,35.8081,0,36,2
25-Nov-2025,260.15,Call,240,25,25.42,35.8081,1,2,2
25-Nov-2025,260.15,Call,265,8.7,25.06,35.8081,0,30,2
28-Oct-2025,260.15,Call,225,36,0,35.8081,0,16,1
28-Oct-2025,260.15,Put,227.5,0.3,33.7,35.8081,0,42,1
28-Oct-2025,260.15,Put,237.5,0.75,30.69,35.8081,0,42,1
25-Nov-2025,260.15,Call,300,2.2,32.36,35.8081,0,0,1
28-Oct-2025,260.15,Call,237.5,0,0,35.8081,0,12,0
28-Oct-2025,260.15,Call,232.5,0,0,35.8081,0,3,0
28-Oct-2025,260.15,Call,242.5,0,0,35.8081,0,13,0
28-Oct-2025,260.15,Call,227.5,0,0,35.8081,0,1,0
28-Oct-2025,260.15,Put,200,0,0,35.8081,0,53,0
28-Oct-2025,260.15,Call,235,0,0,35.8081,0,21,0
28-Oct-2025,260.15,Put,287.5,0,0,35.8081,0,25,0
28-Oct-2025,260.15,Call,200,0,0,35.8081,0,12,0
28-Oct-2025,260.15,Put,295,0,0,35.8081,0,0,0
28-Oct-2025,260.15,Put,215,0,0,35.8081,0,34,0
28-Oct-2025,260.15,Put,300,0,0,35.8081,0,16,0
28-Oct-2025,260.15,Put,212.5,0,0,35.8081,0,1,0
28-Oct-2025,260.15,Call,210,0,0,35.8081,0,8,0
28-Oct-2025,260.15,Call,292.5,0,0,35.8081,0,12,0
28-Oct-2025,260.15,Call,220,0,0,35.8081,0,226,0
28-Oct-2025,260.15,Put,292.5,0,0,35.8081,0,0,0
28-Oct-2025,260.15,Put,222.5,0,0,35.8081,0,58,0
28-Oct-2025,260.15,Put,225,0,0,35.8081,0,103,0
28-Oct-2025,260.15,Put,210,0,0,35.8081,0,1,0
25-Nov-2025,260.15,Call,257.5,0,0,35.8081,0,0,0
25-Nov-2025,260.15,Call,262.5,0,0,35.8081,0,0,0
25-Nov-2025,260.15,Call,272.5,0,0,35.8081,0,0,0
25-Nov-2025,260.15,Call,267.5,0,0,35.8081,0,0,0
25-Nov-2025,260.15,Put,245,0,0,35.8081,0,0,0
25-Nov-2025,260.15,Put,235,0,0,35.8081,0,0,0
25-Nov-2025,260.15,Call,235,0,0,35.8081,0,0,0
25-Nov-2025,260.15,Call,225,0,0,35.8081,0,0,0
25-Nov-2025,260.15,Call,245,0,0,35.8081,0,0,0
25-Nov-2025,260.15,Call,255,0,0,35.8081,0,2,0
25-Nov-2025,260.15,Put,300,0,0,35.8081,0,0,0
25-Nov-2025,260.15,Call,287.5,0,0,35.8081,0,0,0
25-Nov-2025,260.15,Put,287.5,0,0,35.8081,0,0,0
25-Nov-2025,260.15,Put,225,0,0,35.8081,0,0,0
25-Nov-2025,260.15,Put,242.5,0,0,35.8081,0,0,0
25-Nov-2025,260.15,Put,237.5,0,0,35.8081,0,0,0
25-Nov-2025,260.15,Call,252.5,0,0,35.8081,0,0,0
25-Nov-2025,260.15,Put,247.5,0,0,35.8081,0,0,0
25-Nov-2025,260.15,Put,257.5,0,0,35.8081,0,0,0
25-Nov-2025,260.15,Put,252.5,0,0,35.8081,0,0,0
25-Nov-2025,260.15,Call,237.5,0,0,35.8081,0,0,0
25-Nov-2025,260.15,Call,247.5,0,0,35.8081,0,0,0
25-Nov-2025,260.15,Call,275,0,0,35.8081,0,6,0
25-Nov-2025,260.15,Call,242.5,0,0,35.8081,0,0,0
25-Nov-2025,260.15,Call,230,0,0,35.8081,0,0,0
25-Nov-2025,260.15,Put,262.5,0,0,35.8081,0,0,0
25-Nov-2025,260.15,Put,277.5,0,0,35.8081,0,0,0
25-Nov-2025,260.15,Put,272.5,0,0,35.8081,0,0,0
25-Nov-2025,260.15,Put,267.5,0,0,35.8081,0,0,0
25-Nov-2025,260.15,Call,277.5,0,0,35.8081,0,0,0
25-Nov-2025,260.15,Put,280,0,0,35.8081,0,21,0
25-Nov-2025,260.15,Put,282.5,0,0,35.8081,0,0,0
25-Nov-2025,260.15,Put,265,0,0,35.8081,0,10,0
25-Nov-2025,260.15,Put,295,0,0,35.8081,0,0,0
25-Nov-2025,260.15,Call,295,0,0,35.8081,0,0,0
25-Nov-2025,260.15,Put,275,0,0,35.8081,0,2,0
25-Nov-2025,260.15,Call,282.5,0,0,35.8081,0,0,0
25-Nov-2025,260.15,Call,285,0,0,35.8081,0,0,0
25-Nov-2025,260.15,Call,292.5,0,0,35.8081,0,0,0
25-Nov-2025,260.15,Put,285,0,0,35.8081,0,0,0
25-Nov-2025,260.15,Put,290,0,0,35.8081,0,0,0
30-Dec-2025,260.15,Call,275,0,0,35.8081,0,0,0
25-Nov-2025,260.15,Put,292.5,0,0,35.8081,0,0,0
30-Dec-2025,260.15,Call,250,0,0,35.8081,0,0,0
30-Dec-2025,260.15,Put,270,0,0,35.8081,0,0,0
30-Dec-2025,260.15,Call,255,0,0,0,0,0,0
30-Dec-2025,260.15,Put,235,0,0,35.8081,0,0,0
30-Dec-2025,260.15,Put,230,0,0,35.8081,0,0,0
30-Dec-2025,260.15,Put,250,0,0,35.8081,0,0,0
30-Dec-2025,260.15,Put,220,0,0,0,0,0,0
30-Dec-2025,260.15,Put,240,0,0,35.8081,0,0,0
30-Dec-2025,260.15,Put,260,0,0,35.8081,0,0,0
30-Dec-2025,260.15,Call,260,0,0,35.8081,0,0,0
30-Dec-2025,260.15,Put,245,0,0,35.8081,0,0,0
30-Dec-2025,260.15,Put,255,0,0,35.8081,0,0,0
30-Dec-2025,260.15,Call,240,0,0,35.8081,0,0,0
30-Dec-2025,260.15,Call,270,0,0,35.8081,0,0,0
30-Dec-2025,260.15,Call,300,0,0,35.8081,0,0,0
30-Dec-2025,260.15,Put,280,0,0,35.8081,0,0,0
30-Dec-2025,260.15,Put,265,0,0,35.8081,0,0,0
30-Dec-2025,260.15,Call,290,0,0,35.8081,0,0,0
30-Dec-2025,260.15,Call,285,0,0,35.8081,0,0,0
30-Dec-2025,260.15,Put,275,0,0,35.8081,0,0,0
30-Dec-2025,260.15,Call,265,0,0,35.8081,0,0,0
