28-Oct-2025,1498.8,-,0,1503.6,0,26.2346,439,29020,1741
28-Oct-2025,1498.8,Call,1520,20.2,18.85,26.2346,94,783,1359
28-Oct-2025,1498.8,Put,1500,24.9,20.1,26.2346,30,851,1053
28-Oct-2025,1498.8,Call,1500,29.55,18.7,26.2346,116,550,1039
28-Oct-2025,1498.8,Call,1600,3.3,19.79,26.2346,222,2053,811
28-Oct-2025,1498.8,Put,1520,35.4,20.23,26.2346,-75,319,509
28-Oct-2025,1498.8,Call,1540,13.5,18.94,26.2346,67,353,488
28-Oct-2025,1498.8,Call,1560,8.4,18.93,26.2346,46,629,461
28-Oct-2025,1498.8,Call,1510,24.7,18.7,26.2346,96,197,398
28-Oct-2025,1498.8,Put,1480,17.2,20.52,26.2346,46,232,320
28-Oct-2025,1498.8,Call,1530,16.4,18.38,26.2346,59,170,312
28-Oct-2025,1498.8,Put,1400,2.9,22.69,26.2346,-49,630,283
28-Oct-2025,1498.8,Put,1470,13.7,20.52,26.2346,26,60,258
28-Oct-2025,1498.8,Call,1580,5.25,19.28,26.2346,30,211,247
28-Oct-2025,1498.8,Put,1490,20.55,20.5,26.2346,40,66,244
28-Oct-2025,1498.8,Call,1550,10.6,18.83,26.2346,17,239,225
28-Oct-2025,1498.8,Put,1510,30.35,20.56,26.2346,11,78,212
28-Oct-2025,1498.8,Call,1620,1.9,19.72,26.2346,-11,443,182
28-Oct-2025,1498.8,Put,1440,7.1,21.21,26.2346,-13,247,181
28-Oct-2025,1498.8,Put,1420,4.5,21.83,26.2346,-43,111,140
28-Oct-2025,1498.8,Put,1460,11.2,20.84,26.2346,-9,249,103
28-Oct-2025,1498.8,Call,1480,41.7,18.86,26.2346,13,69,94
25-Nov-2025,1498.8,-,0,1511.7,0,26.2346,17,251,82
28-Oct-2025,1498.8,Call,1490,34.05,17.76,26.2346,26,47,70
28-Oct-2025,1498.8,Put,1530,42.65,21.12,26.2346,-4,58,63
28-Oct-2025,1498.8,Put,1540,51.8,23.16,26.2346,-5,148,51
28-Oct-2025,1498.8,Put,1360,1.05,23.72,26.2346,18,187,38
28-Oct-2025,1498.8,Call,1570,5.65,18,26.2346,10,30,37
28-Oct-2025,1498.8,Put,1560,64.35,21.84,26.2346,8,260,34
28-Oct-2025,1498.8,Put,1450,9.5,21.55,26.2346,7,14,33
28-Oct-2025,1498.8,Call,1590,4,19.3,26.2346,23,88,32
25-Nov-2025,1498.8,Call,1600,16.8,20.81,26.2346,-6,22,27
28-Oct-2025,1498.8,Put,1380,1.75,23.27,26.2346,0,790,26
28-Oct-2025,1498.8,Put,1550,58,22.65,26.2346,4,105,25
28-Oct-2025,1498.8,Put,1600,98.9,23.68,26.2346,5,152,24
28-Oct-2025,1498.8,Call,1450,61.7,16.88,26.2346,5,7,21
28-Oct-2025,1498.8,Call,1700,0.4,23.21,26.2346,-15,547,20
28-Oct-2025,1498.8,Call,1660,0.75,21.16,26.2346,9,888,19
25-Nov-2025,1498.8,Call,1520,43,20.16,26.2346,-8,19,18
28-Oct-2025,1498.8,Call,1400,106.75,15.43,26.2346,5,36,15
28-Oct-2025,1498.8,Put,1410,3.85,22.64,26.2346,2,31,14
28-Oct-2025,1498.8,Call,1640,1.15,20.42,26.2346,-5,478,13
28-Oct-2025,1498.8,Put,1570,72.85,22.57,26.2346,3,3,12
25-Nov-2025,1498.8,Call,1640,9.9,21.16,26.2346,5,5,12
25-Nov-2025,1498.8,Put,1520,48.85,22.19,26.2346,-8,30,11
28-Oct-2025,1498.8,Call,1460,55.35,18.51,26.2346,3,20,10
28-Oct-2025,1498.8,Put,1340,0.75,25.33,26.2346,-7,427,9
25-Nov-2025,1498.8,Put,1460,26.7,23.72,26.2346,2,17,8
25-Nov-2025,1498.8,Put,1500,41.8,23.4,26.2346,2,10,7
28-Oct-2025,1498.8,Call,1610,2.5,19.84,26.2346,2,27,6
28-Oct-2025,1498.8,Call,1680,0.7,23.07,26.2346,-2,41,5
30-Dec-2025,1498.8,-,0,1521.2,0,26.2346,3,12,4
25-Nov-2025,1498.8,Call,1500,53.75,20.42,26.2346,2,3,4
28-Oct-2025,1498.8,Call,1630,1.5,20.24,26.2346,0,539,3
25-Nov-2025,1498.8,Call,1550,33,21.41,26.2346,0,5,3
25-Nov-2025,1498.8,Call,1660,7.5,21.33,26.2346,1,1,3
28-Oct-2025,1498.8,Call,1760,0.15,25.67,26.2346,0,86,2
25-Nov-2025,1498.8,Call,1540,38.55,22.17,26.2346,0,1,2
28-Oct-2025,1498.8,Put,1430,5.9,21.81,26.2346,0,0,1
28-Oct-2025,1498.8,Put,1300,1,32.25,26.2346,0,0,1
28-Oct-2025,1498.8,Call,1470,55.5,24.62,26.2346,0,0,1
28-Oct-2025,1498.8,Call,1420,0,0,26.2346,0,1,0
28-Oct-2025,1498.8,Put,1660,0,0,26.2346,0,0,0
28-Oct-2025,1498.8,Put,1620,0,0,26.2346,0,5,0
28-Oct-2025,1498.8,Put,1700,0,0,26.2346,0,0,0
28-Oct-2025,1498.8,Put,1580,0,0,26.2346,0,45,0
28-Oct-2025,1498.8,Put,1740,0,0,26.2346,0,0,0
28-Oct-2025,1498.8,Call,1740,0,0,26.2346,0,13,0
28-Oct-2025,1498.8,Put,1390,0,0,26.2346,0,141,0
28-Oct-2025,1498.8,Call,1800,0,0,26.2346,0,18,0
28-Oct-2025,1498.8,Call,1380,0,0,26.2346,0,0,0
28-Oct-2025,1498.8,Put,1280,0,0,26.2346,0,17,0
28-Oct-2025,1498.8,Call,1360,0,0,26.2346,0,0,0
28-Oct-2025,1498.8,Call,1320,0,0,26.2346,0,0,0
28-Oct-2025,1498.8,Call,1440,0,0,26.2346,0,6,0
28-Oct-2025,1498.8,Put,1640,0,0,26.2346,0,0,0
28-Oct-2025,1498.8,Put,1760,0,0,26.2346,0,0,0
28-Oct-2025,1498.8,Put,1680,0,0,26.2346,0,0,0
28-Oct-2025,1498.8,Put,1720,0,0,26.2346,0,0,0
28-Oct-2025,1498.8,Call,1340,0,0,26.2346,0,0,0
28-Oct-2025,1498.8,Call,1300,0,0,26.2346,0,0,0
28-Oct-2025,1498.8,Put,1320,0,0,26.2346,0,20,0
28-Oct-2025,1498.8,Call,1410,0,0,26.2346,0,0,0
28-Oct-2025,1498.8,Call,1430,0,0,26.2346,0,0,0
28-Oct-2025,1498.8,Put,1590,0,0,26.2346,0,2,0
28-Oct-2025,1498.8,Put,1610,0,0,26.2346,0,0,0
28-Oct-2025,1498.8,Call,1390,0,0,26.2346,0,0,0
28-Oct-2025,1498.8,Call,1840,0,0,26.2346,0,17,0
28-Oct-2025,1498.8,Call,1280,0,0,26.2346,0,0,0
28-Oct-2025,1498.8,Put,1630,0,0,26.2346,0,0,0
28-Oct-2025,1498.8,Call,1720,0,0,26.2346,0,38,0
25-Nov-2025,1498.8,Call,1480,0,0,26.2346,0,0,0
25-Nov-2025,1498.8,Call,1610,0,0,26.2346,0,0,0
25-Nov-2025,1498.8,Call,1740,0,0,26.2346,0,0,0
25-Nov-2025,1498.8,Put,1400,0,0,26.2346,0,0,0
25-Nov-2025,1498.8,Put,1280,0,0,26.2346,0,0,0
25-Nov-2025,1498.8,Call,1530,0,0,26.2346,0,0,0
25-Nov-2025,1498.8,Call,1570,0,0,26.2346,0,0,0
25-Nov-2025,1498.8,Call,1510,0,0,26.2346,0,2,0
25-Nov-2025,1498.8,Put,1470,0,0,26.2346,0,0,0
25-Nov-2025,1498.8,Call,1490,0,0,26.2346,0,0,0
25-Nov-2025,1498.8,Put,1490,0,0,26.2346,0,0,0
25-Nov-2025,1498.8,Call,1280,0,0,26.2346,0,0,0
25-Nov-2025,1498.8,Call,1320,0,0,26.2346,0,0,0
25-Nov-2025,1498.8,Call,1360,0,0,26.2346,0,0,0
25-Nov-2025,1498.8,Put,1680,0,0,26.2346,0,0,0
25-Nov-2025,1498.8,Put,1720,0,0,26.2346,0,0,0
25-Nov-2025,1498.8,Put,1760,0,0,26.2346,0,0,0
25-Nov-2025,1498.8,Call,1300,0,0,26.2346,0,0,0
25-Nov-2025,1498.8,Call,1340,0,0,26.2346,0,0,0
25-Nov-2025,1498.8,Put,1700,0,0,26.2346,0,0,0
25-Nov-2025,1498.8,Put,1740,0,0,26.2346,0,0,0
25-Nov-2025,1498.8,Call,1470,0,0,26.2346,0,0,0
25-Nov-2025,1498.8,Call,1700,0,0,26.2346,0,0,0
25-Nov-2025,1498.8,Put,1380,0,0,26.2346,0,0,0
25-Nov-2025,1498.8,Put,1390,0,0,26.2346,0,0,0
25-Nov-2025,1498.8,Call,1380,0,0,26.2346,0,0,0
25-Nov-2025,1498.8,Call,1390,0,0,26.2346,0,0,0
25-Nov-2025,1498.8,Call,1410,0,0,26.2346,0,0,0
25-Nov-2025,1498.8,Call,1430,0,0,26.2346,0,0,0
25-Nov-2025,1498.8,Call,1450,0,0,26.2346,0,0,0
25-Nov-2025,1498.8,Call,1460,0,0,26.2346,0,0,0
25-Nov-2025,1498.8,Put,1530,0,0,26.2346,0,0,0
25-Nov-2025,1498.8,Put,1540,0,0,26.2346,0,0,0
25-Nov-2025,1498.8,Put,1580,0,0,26.2346,0,0,0
25-Nov-2025,1498.8,Put,1590,0,0,26.2346,0,0,0
25-Nov-2025,1498.8,Put,1610,0,0,26.2346,0,0,0
25-Nov-2025,1498.8,Call,1400,0,0,26.2346,0,0,0
25-Nov-2025,1498.8,Put,1640,0,0,26.2346,0,0,0
25-Nov-2025,1498.8,Put,1660,0,0,26.2346,0,0,0
25-Nov-2025,1498.8,Put,1440,0,0,26.2346,0,0,0
25-Nov-2025,1498.8,Put,1480,0,0,26.2346,0,0,0
25-Nov-2025,1498.8,Call,1440,0,0,26.2346,0,0,0
25-Nov-2025,1498.8,Call,1560,0,0,26.2346,0,0,0
25-Nov-2025,1498.8,Put,1420,0,0,26.2346,0,0,0
25-Nov-2025,1498.8,Put,1360,0,0,26.2346,0,0,0
25-Nov-2025,1498.8,Put,1410,0,0,26.2346,0,0,0
25-Nov-2025,1498.8,Call,1680,0,0,26.2346,0,0,0
25-Nov-2025,1498.8,Put,1620,0,0,26.2346,0,0,0
25-Nov-2025,1498.8,Call,1760,0,0,26.2346,0,0,0
25-Nov-2025,1498.8,Put,1450,0,0,26.2346,0,0,0
25-Nov-2025,1498.8,Call,1420,0,0,26.2346,0,0,0
25-Nov-2025,1498.8,Put,1570,0,0,26.2346,0,0,0
25-Nov-2025,1498.8,Put,1600,0,0,26.2346,0,0,0
25-Nov-2025,1498.8,Put,1560,0,0,26.2346,0,0,0
25-Nov-2025,1498.8,Put,1550,0,0,26.2346,0,0,0
30-Dec-2025,1498.8,Put,1540,0,0,26.2346,0,0,0
25-Nov-2025,1498.8,Call,1620,0,0,26.2346,0,0,0
25-Nov-2025,1498.8,Put,1300,0,0,26.2346,0,0,0
30-Dec-2025,1498.8,Put,1460,0,0,26.2346,0,0,0
25-Nov-2025,1498.8,Put,1320,0,0,26.2346,0,0,0
25-Nov-2025,1498.8,Put,1630,0,0,26.2346,0,0,0
25-Nov-2025,1498.8,Call,1720,0,0,26.2346,0,0,0
25-Nov-2025,1498.8,Put,1510,0,0,26.2346,0,0,0
30-Dec-2025,1498.8,Call,1520,0,0,26.2346,0,0,0
30-Dec-2025,1498.8,Call,1620,0,0,26.2346,0,0,0
25-Nov-2025,1498.8,Call,1580,0,0,26.2346,0,0,0
30-Dec-2025,1498.8,Put,1560,0,0,26.2346,0,0,0
25-Nov-2025,1498.8,Call,1590,0,0,26.2346,0,0,0
30-Dec-2025,1498.8,Put,1500,0,0,26.2346,0,0,0
30-Dec-2025,1498.8,Put,1600,0,0,26.2346,0,0,0
25-Nov-2025,1498.8,Call,1630,0,0,26.2346,0,0,0
30-Dec-2025,1498.8,Put,1520,0,0,26.2346,0,0,0
30-Dec-2025,1498.8,Put,1440,0,0,26.2346,0,0,0
25-Nov-2025,1498.8,Put,1340,0,0,26.2346,0,0,0
30-Dec-2025,1498.8,Put,1480,0,0,26.2346,0,0,0
30-Dec-2025,1498.8,Call,1560,0,0,26.2346,0,0,0
30-Dec-2025,1498.8,Call,1640,0,0,26.2346,0,0,0
30-Dec-2025,1498.8,Call,1500,0,0,26.2346,0,0,0
30-Dec-2025,1498.8,Put,1420,0,0,26.2346,0,0,0
25-Nov-2025,1498.8,Put,1430,0,0,26.2346,0,0,0
30-Dec-2025,1498.8,Call,1540,0,0,26.2346,0,0,0
30-Dec-2025,1498.8,Call,1600,0,0,26.2346,0,0,0
30-Dec-2025,1498.8,Put,1400,0,0,0,0,0,0
30-Dec-2025,1498.8,Call,1480,0,0,26.2346,0,0,0
30-Dec-2025,1498.8,Put,1580,0,0,26.2346,0,0,0
30-Dec-2025,1498.8,Call,1580,0,0,26.2346,0,0,0
