28-Oct-2025,383.45,Call,390,4.05,16.69,29.197,302,2939,3398
28-Oct-2025,383.45,-,0,384.85,0,29.197,439,51299,2223
28-Oct-2025,383.45,Call,385,6.1,16.34,29.197,123,1154,1607
28-Oct-2025,383.45,Put,385,6.25,18.45,29.197,100,1554,1373
28-Oct-2025,383.45,Put,380,3.95,18.4,29.197,69,1578,1231
28-Oct-2025,383.45,Call,400,1.65,17.77,29.197,138,3090,1026
28-Oct-2025,383.45,Call,387.5,5,16.39,29.197,65,598,824
28-Oct-2025,383.45,Call,395,2.6,17.07,29.197,7,3031,683
28-Oct-2025,383.45,Call,410,0.7,19.3,29.197,-18,1905,548
28-Oct-2025,383.45,Call,380,8.85,15.62,29.197,30,488,540
28-Oct-2025,383.45,Call,420,0.35,21.93,29.197,130,1459,506
28-Oct-2025,383.45,Call,425,0.25,22.32,29.197,-137,280,483
28-Oct-2025,383.45,Put,382.5,4.95,18.35,29.197,11,302,451
28-Oct-2025,383.45,Call,405,1.1,18.41,29.197,204,650,447
28-Oct-2025,383.45,Put,390,9.1,19.38,29.197,28,1502,367
28-Oct-2025,383.45,Put,387.5,7.65,18.69,29.197,56,317,344
28-Oct-2025,383.45,Put,375,2.5,18.08,29.197,93,863,276
28-Oct-2025,383.45,Call,392.5,3.25,16.86,29.197,33,353,224
28-Oct-2025,383.45,Put,377.5,3.2,18.16,29.197,8,157,215
25-Nov-2025,383.45,-,0,386.05,0,29.197,61,1247,213
28-Oct-2025,383.45,Call,382.5,7.4,16.24,29.197,37,205,204
28-Oct-2025,383.45,Put,370,1.45,18.45,29.197,36,554,166
28-Oct-2025,383.45,Call,450,0.1,28.7,29.197,-8,1044,84
28-Oct-2025,383.45,Put,360,0.55,19.91,29.197,29,577,82
28-Oct-2025,383.45,Call,415,0.5,20.43,29.197,1,518,73
28-Oct-2025,383.45,Put,392.5,10.9,19.12,29.197,16,209,49
25-Nov-2025,383.45,Call,385,11.35,17.65,29.197,33,56,45
30-Dec-2025,383.45,-,0,387.95,0,29.197,26,157,44
28-Oct-2025,383.45,Put,395,12.95,19.86,29.197,-3,755,42
28-Oct-2025,383.45,Put,350,0.2,21.58,29.197,-1,241,42
28-Oct-2025,383.45,Put,450,64.6,38.6,29.197,27,1571,40
28-Oct-2025,383.45,Call,397.5,2.05,17.4,29.197,13,247,37
28-Oct-2025,383.45,Call,370,16.3,14.3,29.197,4,135,34
25-Nov-2025,383.45,Put,370,4.35,20.6,29.197,13,81,33
28-Oct-2025,383.45,Call,412.5,0.55,19.54,29.197,2,45,29
28-Oct-2025,383.45,Put,400,16.65,20.98,29.197,-3,1121,28
28-Oct-2025,383.45,Call,407.5,0.9,19.12,29.197,14,68,28
28-Oct-2025,383.45,Call,377.5,10.6,15.85,29.197,3,32,26
25-Nov-2025,383.45,Put,385,10.15,21,29.197,12,24,26
28-Oct-2025,383.45,Put,415,30.7,25.73,29.197,-11,78,25
25-Nov-2025,383.45,Call,400,5.75,18.96,29.197,18,152,25
28-Oct-2025,383.45,Put,365,0.85,19.08,29.197,7,460,23
28-Oct-2025,383.45,Call,417.5,0.45,21.23,29.197,0,42,21
28-Oct-2025,383.45,Call,402.5,1.35,18.24,29.197,-6,95,20
28-Oct-2025,383.45,Call,372.5,14.2,15.22,29.197,10,27,20
28-Oct-2025,383.45,Call,430,0.2,23.61,29.197,-8,233,19
28-Oct-2025,383.45,Put,367.5,1.15,18.68,29.197,3,80,19
25-Nov-2025,383.45,Call,390,9.2,17.97,29.197,10,104,18
28-Oct-2025,383.45,Call,375,12.1,15.37,29.197,0,82,17
25-Nov-2025,383.45,Call,420,1.95,20.11,29.197,12,128,17
25-Nov-2025,383.45,Put,380,7.3,19.95,29.197,12,98,17
28-Oct-2025,383.45,Put,405,21,22.45,29.197,5,80,16
28-Oct-2025,383.45,Put,372.5,1.9,18.08,29.197,-1,87,16
28-Oct-2025,383.45,Put,355,0.35,20.95,29.197,-4,79,14
28-Oct-2025,383.45,Put,362.5,0.6,18.72,29.197,6,38,14
25-Nov-2025,383.45,Put,360,2.3,20.98,29.197,9,23,14
25-Nov-2025,383.45,Put,375,6,20.93,29.197,10,112,12
28-Oct-2025,383.45,Call,440,0.15,26.53,29.197,4,251,11
25-Nov-2025,383.45,Call,380,14,16.94,29.197,-4,89,10
28-Oct-2025,383.45,Put,397.5,14.9,20.3,29.197,0,35,9
28-Oct-2025,383.45,Put,402.5,18.8,21.81,29.197,-4,23,8
28-Oct-2025,383.45,Call,345,39,0,29.197,3,4,7
28-Oct-2025,383.45,Call,367.5,18.65,16.99,29.197,1,23,7
25-Nov-2025,383.45,Call,410,3.35,19.03,29.197,4,103,7
30-Dec-2025,383.45,Call,400,9.05,17.01,29.197,6,10,7
28-Oct-2025,383.45,Put,330,0.1,29.33,29.197,0,49,6
28-Oct-2025,383.45,Put,410,25.8,23.08,29.197,1,224,6
28-Oct-2025,383.45,Put,407.5,23.55,22.41,29.197,2,13,6
28-Oct-2025,383.45,Put,310,0.05,36.45,29.197,0,14,5
28-Oct-2025,383.45,Put,340,0.15,25.79,29.197,0,82,4
25-Nov-2025,383.45,Put,390,12.2,20.48,29.197,3,106,4
28-Oct-2025,383.45,Put,420,33.1,0,29.197,0,285,2
28-Oct-2025,383.45,Call,435,0.15,24.58,29.197,0,458,2
25-Nov-2025,383.45,Call,395,7.05,17.85,29.197,1,22,2
25-Nov-2025,383.45,Put,320,0.5,29.32,29.197,0,3,2
25-Nov-2025,383.45,Put,420,33.5,20.68,29.197,0,18,2
25-Nov-2025,383.45,Put,400,19.3,22.09,29.197,1,4,2
28-Oct-2025,383.45,Call,360,25.2,0,29.197,0,36,1
25-Nov-2025,383.45,Put,350,0.9,20.02,29.197,0,0,1
28-Oct-2025,383.45,Put,460,0,0,29.197,0,15,0
28-Oct-2025,383.45,Put,357.5,0,0,29.197,0,13,0
28-Oct-2025,383.45,Call,357.5,0,0,29.197,0,0,0
28-Oct-2025,383.45,Put,335,0,0,29.197,0,6,0
28-Oct-2025,383.45,Call,335,0,0,29.197,0,0,0
28-Oct-2025,383.45,Call,355,0,0,29.197,0,5,0
28-Oct-2025,383.45,Put,435,0,0,29.197,0,0,0
28-Oct-2025,383.45,Put,352.5,0,0,29.197,0,0,0
28-Oct-2025,383.45,Call,365,0,0,29.197,0,18,0
28-Oct-2025,383.45,Call,352.5,0,0,29.197,0,0,0
28-Oct-2025,383.45,Call,362.5,0,0,29.197,0,0,0
28-Oct-2025,383.45,Put,445,0,0,29.197,0,0,0
28-Oct-2025,383.45,Call,320,0,0,29.197,0,0,0
28-Oct-2025,383.45,Put,345,0,0,29.197,0,20,0
28-Oct-2025,383.45,Put,430,0,0,29.197,0,86,0
28-Oct-2025,383.45,Call,350,0,0,29.197,0,33,0
28-Oct-2025,383.45,Put,440,0,0,29.197,0,121,0
28-Oct-2025,383.45,Put,325,0,0,29.197,0,43,0
28-Oct-2025,383.45,Call,460,0,0,29.197,0,56,0
28-Oct-2025,383.45,Put,412.5,0,0,29.197,0,8,0
28-Oct-2025,383.45,Call,330,0,0,29.197,0,0,0
28-Oct-2025,383.45,Call,325,0,0,29.197,0,0,0
28-Oct-2025,383.45,Put,417.5,0,0,29.197,0,1,0
28-Oct-2025,383.45,Put,320,0,0,29.197,0,106,0
25-Nov-2025,383.45,Call,412.5,0,0,29.197,0,0,0
28-Oct-2025,383.45,Call,340,0,0,29.197,0,0,0
25-Nov-2025,383.45,Call,417.5,0,0,29.197,0,0,0
25-Nov-2025,383.45,Call,440,0,0,29.197,0,0,0
28-Oct-2025,383.45,Call,445,0,0,29.197,0,0,0
25-Nov-2025,383.45,Put,445,0,0,29.197,0,0,0
25-Nov-2025,383.45,Call,415,0,0,29.197,0,0,0
28-Oct-2025,383.45,Put,425,0,0,29.197,0,1,0
25-Nov-2025,383.45,Put,435,0,0,29.197,0,0,0
25-Nov-2025,383.45,Call,330,0,0,29.197,0,0,0
25-Nov-2025,383.45,Call,355,0,0,29.197,0,0,0
25-Nov-2025,383.45,Call,360,0,0,29.197,0,1,0
25-Nov-2025,383.45,Call,335,0,0,29.197,0,0,0
25-Nov-2025,383.45,Call,320,0,0,29.197,0,0,0
25-Nov-2025,383.45,Call,362.5,0,0,29.197,0,0,0
25-Nov-2025,383.45,Put,440,0,0,29.197,0,0,0
25-Nov-2025,383.45,Call,345,0,0,29.197,0,0,0
25-Nov-2025,383.45,Put,450,0,0,29.197,0,0,0
25-Nov-2025,383.45,Put,345,0,0,29.197,0,0,0
25-Nov-2025,383.45,Put,362.5,0,0,29.197,0,2,0
25-Nov-2025,383.45,Call,445,0,0,29.197,0,0,0
25-Nov-2025,383.45,Call,365,0,0,29.197,0,0,0
25-Nov-2025,383.45,Put,365,0,0,29.197,0,0,0
25-Nov-2025,383.45,Call,367.5,0,0,29.197,0,0,0
25-Nov-2025,383.45,Put,367.5,0,0,29.197,0,0,0
25-Nov-2025,383.45,Call,372.5,0,0,29.197,0,0,0
25-Nov-2025,383.45,Put,372.5,0,0,29.197,0,0,0
25-Nov-2025,383.45,Call,375,0,0,29.197,0,0,0
25-Nov-2025,383.45,Call,377.5,0,0,29.197,0,0,0
25-Nov-2025,383.45,Put,377.5,0,0,29.197,0,0,0
25-Nov-2025,383.45,Call,382.5,0,0,29.197,0,0,0
25-Nov-2025,383.45,Call,387.5,0,0,29.197,0,0,0
25-Nov-2025,383.45,Call,392.5,0,0,29.197,0,0,0
25-Nov-2025,383.45,Call,397.5,0,0,29.197,0,0,0
25-Nov-2025,383.45,Call,402.5,0,0,29.197,0,0,0
25-Nov-2025,383.45,Put,402.5,0,0,29.197,0,1,0
25-Nov-2025,383.45,Call,405,0,0,29.197,0,0,0
25-Nov-2025,383.45,Call,407.5,0,0,29.197,0,0,0
25-Nov-2025,383.45,Put,412.5,0,0,29.197,0,0,0
25-Nov-2025,383.45,Put,417.5,0,0,29.197,0,0,0
25-Nov-2025,383.45,Put,410,0,0,29.197,0,58,0
25-Nov-2025,383.45,Put,430,0,0,29.197,0,0,0
25-Nov-2025,383.45,Put,415,0,0,29.197,0,0,0
25-Nov-2025,383.45,Call,430,0,0,29.197,0,0,0
25-Nov-2025,383.45,Put,335,0,0,29.197,0,0,0
25-Nov-2025,383.45,Call,350,0,0,29.197,0,0,0
25-Nov-2025,383.45,Call,325,0,0,29.197,0,0,0
25-Nov-2025,383.45,Put,407.5,0,0,29.197,0,0,0
25-Nov-2025,383.45,Put,352.5,0,0,29.197,0,0,0
25-Nov-2025,383.45,Put,355,0,0,29.197,0,0,0
25-Nov-2025,383.45,Put,405,0,0,29.197,0,0,0
25-Nov-2025,383.45,Put,425,0,0,29.197,0,0,0
25-Nov-2025,383.45,Put,325,0,0,29.197,0,0,0
25-Nov-2025,383.45,Call,357.5,0,0,29.197,0,0,0
25-Nov-2025,383.45,Call,370,0,0,29.197,0,0,0
30-Dec-2025,383.45,Put,380,0,0,29.197,0,0,0
30-Dec-2025,383.45,Call,380,0,0,29.197,0,0,0
25-Nov-2025,383.45,Call,425,0,0,29.197,0,0,0
25-Nov-2025,383.45,Put,357.5,0,0,29.197,0,0,0
25-Nov-2025,383.45,Call,340,0,0,29.197,0,0,0
25-Nov-2025,383.45,Put,392.5,0,0,29.197,0,0,0
25-Nov-2025,383.45,Call,352.5,0,0,29.197,0,0,0
30-Dec-2025,383.45,Call,410,0,0,29.197,0,0,0
25-Nov-2025,383.45,Put,382.5,0,0,29.197,0,0,0
30-Dec-2025,383.45,Put,365,0,0,29.197,0,0,0
30-Dec-2025,383.45,Put,375,0,0,29.197,0,0,0
25-Nov-2025,383.45,Put,340,0,0,29.197,0,0,0
30-Dec-2025,383.45,Call,395,0,0,29.197,0,0,0
25-Nov-2025,383.45,Put,330,0,0,29.197,0,0,0
25-Nov-2025,383.45,Put,395,0,0,29.197,0,0,0
30-Dec-2025,383.45,Put,400,0,0,29.197,0,0,0
30-Dec-2025,383.45,Call,390,0,0,29.197,0,0,0
30-Dec-2025,383.45,Call,385,0,0,29.197,0,0,0
25-Nov-2025,383.45,Put,387.5,0,0,29.197,0,0,0
30-Dec-2025,383.45,Call,405,0,0,29.197,0,0,0
30-Dec-2025,383.45,Put,360,0,0,29.197,0,0,0
30-Dec-2025,383.45,Call,415,0,0,29.197,0,0,0
30-Dec-2025,383.45,Call,375,0,0,29.197,0,0,0
30-Dec-2025,383.45,Put,390,0,0,29.197,0,0,0
30-Dec-2025,383.45,Put,385,0,0,29.197,0,0,0
25-Nov-2025,383.45,Put,397.5,0,0,29.197,0,0,0
30-Dec-2025,383.45,Put,370,0,0,29.197,0,0,0
30-Dec-2025,383.45,Put,395,0,0,29.197,0,0,0
30-Dec-2025,383.45,Put,405,0,0,29.197,0,0,0
30-Dec-2025,383.45,Call,420,0,0,29.197,0,0,0
