28-Oct-2025,26719,Call,27200,121.05,10.41,17.8823,482,3836,5650
28-Oct-2025,26719,Call,27000,185.3,10.23,17.8823,481,1355,3228
28-Oct-2025,26719,Call,26800,278.15,10.23,17.8823,171,958,2000
28-Oct-2025,26719,Put,26800,267.4,11.66,17.8823,39,375,1757
28-Oct-2025,26719,Put,26700,217.4,11.68,17.8823,-31,404,1640
28-Oct-2025,26719,Put,26600,189.1,12.01,17.8823,75,657,1160
28-Oct-2025,26719,Call,26700,340,10.37,17.8823,159,375,1064
28-Oct-2025,26719,Call,27500,63,10.82,17.8823,15,1331,1043
28-Oct-2025,26719,Call,26900,230,10.19,17.8823,4,427,1028
28-Oct-2025,26719,Call,28000,20.4,11.67,17.8823,128,1101,999
28-Oct-2025,26719,Put,25000,12.2,16.46,17.8823,-177,1035,906
28-Oct-2025,26719,Call,27300,98,10.31,17.8823,-274,2499,814
28-Oct-2025,26719,Put,26000,63.35,13.19,17.8823,55,846,790
28-Oct-2025,26719,Put,26500,154.2,12.01,17.8823,-37,670,774
28-Oct-2025,26719,Put,26400,130.55,12.38,17.8823,-79,768,664
28-Oct-2025,26719,Put,26750,243.05,11.8,17.8823,-6,95,500
28-Oct-2025,26719,Put,25700,32.35,13.67,17.8823,286,679,485
28-Oct-2025,26719,Call,26600,401.65,10.19,17.8823,78,448,463
28-Oct-2025,26719,Put,26900,308.55,11.97,17.8823,-22,280,440
28-Oct-2025,26719,Put,26300,111.45,12.64,17.8823,20,623,422
28-Oct-2025,26719,Put,26650,199.35,11.94,17.8823,34,115,421
28-Oct-2025,26719,Call,26750,315.75,10.15,17.8823,79,166,330
28-Oct-2025,26719,Call,26650,379,10.44,17.8823,8,89,289
28-Oct-2025,26719,Call,26850,252,9.71,17.8823,39,151,271
28-Oct-2025,26719,Put,27000,363.6,11.71,17.8823,-14,399,239
28-Oct-2025,26719,Call,28500,9.5,13.28,17.8823,85,283,221
28-Oct-2025,26719,Put,26200,89.8,12.87,17.8823,-11,363,208
28-Oct-2025,26719,Put,26550,166.45,12.2,17.8823,15,274,180
28-Oct-2025,26719,Call,26950,206.4,9.81,17.8823,6,37,179
28-Oct-2025,26719,-,0,26832.4,0,17.8823,7,466,170
28-Oct-2025,26719,Put,25900,51.7,13.59,17.8823,-20,127,151
28-Oct-2025,26719,Call,27050,168.55,9.94,17.8823,48,220,148
28-Oct-2025,26719,Put,26850,285.8,11.8,17.8823,-23,63,146
28-Oct-2025,26719,Call,28100,15.35,11.87,17.8823,71,126,136
28-Oct-2025,26719,Call,28200,14.4,12.17,17.8823,87,185,134
28-Oct-2025,26719,Call,26500,480.55,10.4,17.8823,-37,557,127
28-Oct-2025,26719,Call,29000,6,15.35,17.8823,-13,485,116
28-Oct-2025,26719,Call,27800,33.6,11.15,17.8823,-1,848,114
28-Oct-2025,26719,Put,25850,43.85,13.63,17.8823,10,208,112
28-Oct-2025,26719,Call,29500,3.85,17.19,17.8823,17,296,97
28-Oct-2025,26719,Put,26150,81.2,12.94,17.8823,-21,71,87
28-Oct-2025,26719,Call,27450,70.7,10.7,17.8823,4,129,81
28-Oct-2025,26719,Call,27900,25.25,11.5,17.8823,7,293,79
28-Oct-2025,26719,Call,27650,45,10.81,17.8823,30,112,75
28-Oct-2025,26719,Put,24900,10.4,16.3,17.8823,-7,30,75
28-Oct-2025,26719,Put,24700,9,17.75,17.8823,40,164,70
28-Oct-2025,26719,Put,26450,138.1,12.6,17.8823,-9,30,66
28-Oct-2025,26719,Call,26400,560.05,10.72,17.8823,-20,199,52
28-Oct-2025,26719,Call,28300,12.5,12.56,17.8823,25,48,52
28-Oct-2025,26719,Put,26350,113.6,12.88,17.8823,-12,62,50
28-Oct-2025,26719,Put,26050,75.25,13.7,17.8823,13,50,47
28-Oct-2025,26719,Put,27200,520.5,13.11,17.8823,3,935,43
28-Oct-2025,26719,Put,24500,7.25,18.55,17.8823,-11,310,41
28-Oct-2025,26719,Put,25200,16.3,15.82,17.8823,8,28,37
28-Oct-2025,26719,Call,28700,8.75,14.15,17.8823,15,37,35
28-Oct-2025,26719,Put,24000,5.4,21.23,17.8823,-7,104,35
28-Oct-2025,26719,Call,27350,86.7,10.43,17.8823,1,312,28
28-Oct-2025,26719,Put,25100,14,16.16,17.8823,5,19,28
28-Oct-2025,26719,Call,28400,10.75,12.89,17.8823,0,8,28
28-Oct-2025,26719,Put,26950,338.9,11.85,17.8823,1,9,25
28-Oct-2025,26719,Put,26100,83,13.62,17.8823,3,97,24
28-Oct-2025,26719,Call,26550,453.1,10.27,17.8823,-1,68,24
28-Oct-2025,26719,Put,26250,97.1,12.68,17.8823,7,7,20
28-Oct-2025,26719,Put,24400,9,0,17.8823,0,2,17
28-Oct-2025,26719,Call,26300,630,8.16,17.8823,-5,200,15
28-Oct-2025,26719,Call,26150,823.3,14.6,17.8823,0,37,13
28-Oct-2025,26719,Call,26200,652.05,0,17.8823,-9,99,10
28-Oct-2025,26719,Put,22500,3.3,30.14,17.8823,3,15,10
25-Nov-2025,26719,-,0,26859,0,17.8823,3,22,9
28-Oct-2025,26719,Call,28900,6.9,15.06,17.8823,3,11,9
28-Oct-2025,26719,Call,26450,450.2,6.72,17.8823,-1,37,6
28-Oct-2025,26719,Put,24600,8.5,18.46,17.8823,3,35,6
28-Oct-2025,26719,Call,26000,832.4,0,17.8823,2,195,6
28-Oct-2025,26719,Call,28800,7.35,14.6,17.8823,2,12,5
28-Oct-2025,26719,Call,26250,721.85,13.26,17.8823,0,21,2
28-Oct-2025,26719,Call,27950,50.1,14.04,17.8823,0,0,2
28-Oct-2025,26719,Call,25000,1893.15,20.47,17.8823,0,15,2
28-Oct-2025,26719,Put,24800,9.75,17.41,17.8823,1,2,2
28-Oct-2025,26719,Call,28600,7.4,13.37,17.8823,0,24,1
28-Oct-2025,26719,Call,26350,513.45,0,17.8823,0,50,1
28-Oct-2025,26719,Call,28050,45.05,14.5,0,0,0,1
25-Nov-2025,26719,Call,28700,104.2,14.81,0,0,0,1
25-Nov-2025,26719,Call,29000,70.8,14.82,17.8823,0,0,1
30-Dec-2025,26719,-,0,0,0,17.8823,0,0,0
28-Oct-2025,26719,Put,27100,0,0,17.8823,0,0,0
28-Oct-2025,26719,Put,27300,0,0,17.8823,0,0,0
28-Oct-2025,26719,Put,27400,0,0,17.8823,0,0,0
28-Oct-2025,26719,Put,25150,0,0,17.8823,0,0,0
28-Oct-2025,26719,Put,23600,0,0,17.8823,0,7,0
28-Oct-2025,26719,Put,23700,0,0,17.8823,0,8,0
28-Oct-2025,26719,Put,23800,0,0,17.8823,0,0,0
28-Oct-2025,26719,Put,24100,0,0,17.8823,0,8,0
28-Oct-2025,26719,Put,24850,0,0,17.8823,0,0,0
28-Oct-2025,26719,Call,27400,0,0,17.8823,0,0,0
28-Oct-2025,26719,Call,25050,0,0,17.8823,0,0,0
28-Oct-2025,26719,Call,25350,0,0,17.8823,0,0,0
28-Oct-2025,26719,Put,25500,0,0,17.8823,0,0,0
28-Oct-2025,26719,Put,25750,0,0,17.8823,0,0,0
28-Oct-2025,26719,Put,27150,0,0,17.8823,0,0,0
28-Oct-2025,26719,Call,27600,0,0,17.8823,0,0,0
28-Oct-2025,26719,Call,27700,0,0,17.8823,0,0,0
28-Oct-2025,26719,Call,29100,0,0,17.8823,0,0,0
28-Oct-2025,26719,Put,28600,0,0,17.8823,0,0,0
28-Oct-2025,26719,Put,23900,0,0,17.8823,0,3,0
28-Oct-2025,26719,Call,26100,0,0,17.8823,0,29,0
28-Oct-2025,26719,Put,27500,0,0,17.8823,0,0,0
28-Oct-2025,26719,Put,27600,0,0,17.8823,0,0,0
28-Oct-2025,26719,Put,27700,0,0,17.8823,0,0,0
28-Oct-2025,26719,Put,27800,0,0,17.8823,0,0,0
28-Oct-2025,26719,Put,27900,0,0,17.8823,0,0,0
28-Oct-2025,26719,Put,28000,0,0,17.8823,0,0,0
28-Oct-2025,26719,Put,28100,0,0,17.8823,0,0,0
28-Oct-2025,26719,Put,28200,0,0,17.8823,0,0,0
28-Oct-2025,26719,Put,28300,0,0,17.8823,0,0,0
28-Oct-2025,26719,Put,28400,0,0,17.8823,0,0,0
28-Oct-2025,26719,Put,28500,0,0,17.8823,0,0,0
28-Oct-2025,26719,Put,28700,0,0,17.8823,0,0,0
28-Oct-2025,26719,Put,29000,0,0,17.8823,0,0,0
28-Oct-2025,26719,Put,29500,0,0,17.8823,0,0,0
28-Oct-2025,26719,Put,25400,0,0,17.8823,0,0,0
28-Oct-2025,26719,Put,25600,0,0,17.8823,0,0,0
28-Oct-2025,26719,Put,25800,0,0,17.8823,0,0,0
28-Oct-2025,26719,Put,27050,0,0,17.8823,0,0,0
28-Oct-2025,26719,Put,27250,0,0,17.8823,0,0,0
28-Oct-2025,26719,Call,27100,0,0,17.8823,0,0,0
28-Oct-2025,26719,Put,25350,0,0,17.8823,0,0,0
28-Oct-2025,26719,Call,25850,0,0,17.8823,0,0,0
28-Oct-2025,26719,Call,25550,0,0,17.8823,0,0,0
28-Oct-2025,26719,Call,25650,0,0,17.8823,0,0,0
28-Oct-2025,26719,Call,25750,0,0,17.8823,0,0,0
28-Oct-2025,26719,Call,25950,0,0,17.8823,0,0,0
28-Oct-2025,26719,Call,27150,0,0,17.8823,0,0,0
28-Oct-2025,26719,Put,27450,0,0,17.8823,0,0,0
28-Oct-2025,26719,Put,27550,0,0,17.8823,0,0,0
28-Oct-2025,26719,Put,27650,0,0,17.8823,0,0,0
28-Oct-2025,26719,Put,28900,0,0,17.8823,0,0,0
28-Oct-2025,26719,Call,27550,0,0,17.8823,0,0,0
28-Oct-2025,26719,Put,28050,0,0,0,0,0,0
28-Oct-2025,26719,Call,29300,0,0,0,0,0,0
28-Oct-2025,26719,Put,29300,0,0,0,0,0,0
28-Oct-2025,26719,Put,27850,0,0,17.8823,0,0,0
28-Oct-2025,26719,Put,27950,0,0,17.8823,0,0,0
28-Oct-2025,26719,Put,29200,0,0,17.8823,0,0,0
28-Oct-2025,26719,Call,27750,0,0,17.8823,0,0,0
28-Oct-2025,26719,Call,23500,0,0,17.8823,0,0,0
28-Oct-2025,26719,Call,23700,0,0,17.8823,0,0,0
28-Oct-2025,26719,Call,24000,0,0,17.8823,0,26,0
28-Oct-2025,26719,Call,24100,0,0,17.8823,0,0,0
28-Oct-2025,26719,Call,24700,0,0,17.8823,0,0,0
28-Oct-2025,26719,Call,26050,0,0,17.8823,0,2,0
28-Oct-2025,26719,Call,25800,0,0,17.8823,0,0,0
28-Oct-2025,26719,Put,25950,0,0,17.8823,0,0,0
28-Oct-2025,26719,Put,28800,0,0,17.8823,0,0,0
28-Oct-2025,26719,Call,22500,0,0,17.8823,0,0,0
28-Oct-2025,26719,Call,25150,0,0,17.8823,0,0,0
28-Oct-2025,26719,Call,24600,0,0,17.8823,0,0,0
28-Oct-2025,26719,Call,29200,0,0,17.8823,0,0,0
28-Oct-2025,26719,Put,27350,0,0,17.8823,0,0,0
28-Oct-2025,26719,Call,25600,0,0,17.8823,0,0,0
28-Oct-2025,26719,Call,27850,0,0,17.8823,0,0,0
28-Oct-2025,26719,Call,23900,0,0,17.8823,0,0,0
28-Oct-2025,26719,Call,23600,0,0,17.8823,0,0,0
25-Nov-2025,26719,Call,28500,0,0,0,0,0,0
28-Oct-2025,26719,Put,24950,0,0,17.8823,0,0,0
28-Oct-2025,26719,Put,25300,0,0,17.8823,0,0,0
28-Oct-2025,26719,Put,25250,0,0,17.8823,0,0,0
28-Oct-2025,26719,Call,25200,0,0,17.8823,0,0,0
28-Oct-2025,26719,Call,25700,0,0,17.8823,0,8,0
28-Oct-2025,26719,Call,25300,0,0,17.8823,0,0,0
28-Oct-2025,26719,Put,27750,0,0,17.8823,0,0,0
28-Oct-2025,26719,Call,25900,0,0,17.8823,0,7,0
28-Oct-2025,26719,Put,23000,0,0,17.8823,0,24,0
28-Oct-2025,26719,Call,25250,0,0,17.8823,0,0,0
28-Oct-2025,26719,Call,24750,0,0,17.8823,0,0,0
28-Oct-2025,26719,Put,24300,0,0,17.8823,0,3,0
28-Oct-2025,26719,Call,24850,0,0,17.8823,0,0,0
25-Nov-2025,26719,Call,28300,0,0,0,0,0,0
28-Oct-2025,26719,Put,24200,0,0,17.8823,0,39,0
28-Oct-2025,26719,Put,25050,0,0,17.8823,0,0,0
28-Oct-2025,26719,Call,27250,0,0,17.8823,0,0,0
28-Oct-2025,26719,Call,24900,0,0,17.8823,0,0,0
28-Oct-2025,26719,Call,24200,0,0,17.8823,0,0,0
28-Oct-2025,26719,Call,24950,0,0,17.8823,0,0,0
28-Oct-2025,26719,Call,24400,0,0,17.8823,0,0,0
28-Oct-2025,26719,Call,25450,0,0,17.8823,0,0,0
28-Oct-2025,26719,Call,25400,0,0,17.8823,0,0,0
28-Oct-2025,26719,Call,24300,0,0,17.8823,0,0,0
28-Oct-2025,26719,Call,23000,0,0,17.8823,0,0,0
28-Oct-2025,26719,Put,23500,0,0,17.8823,0,13,0
28-Oct-2025,26719,Call,23800,0,0,17.8823,0,0,0
25-Nov-2025,26719,Call,28800,0,0,0,0,0,0
28-Oct-2025,26719,Call,25500,0,0,17.8823,0,3,0
28-Oct-2025,26719,Put,24750,0,0,17.8823,0,1,0
28-Oct-2025,26719,Call,24800,0,0,17.8823,0,0,0
28-Oct-2025,26719,Put,25450,0,0,17.8823,0,0,0
28-Oct-2025,26719,Put,25550,0,0,17.8823,0,0,0
28-Oct-2025,26719,Call,24500,0,0,17.8823,0,0,0
28-Oct-2025,26719,Put,25650,0,0,17.8823,0,0,0
28-Oct-2025,26719,Call,25100,0,0,17.8823,0,0,0
28-Oct-2025,26719,Put,29100,0,0,17.8823,0,0,0
25-Nov-2025,26719,Put,24200,0,0,17.8823,0,1,0
25-Nov-2025,26719,Call,27500,0,0,17.8823,0,0,0
25-Nov-2025,26719,Call,28000,0,0,17.8823,0,0,0
25-Nov-2025,26719,Call,30000,0,0,0,0,0,0
25-Nov-2025,26719,Call,29500,0,0,17.8823,0,0,0
25-Nov-2025,26719,Call,28400,0,0,0,0,0,0
25-Nov-2025,26719,Call,28200,0,0,0,0,0,0
25-Nov-2025,26719,Call,28100,0,0,0,0,0,0
25-Nov-2025,26719,Call,28600,0,0,0,0,0,0
30-Dec-2025,26719,Call,28600,0,0,17.8823,0,1,0
30-Dec-2025,26719,Call,28500,0,0,17.8823,0,1,0
30-Dec-2025,26719,Call,28300,0,0,17.8823,0,1,0
