28-Oct-2025,26798.95,Call,27200,153.75,10.21,17.8823,68,3422,525
28-Oct-2025,26798.95,Call,26800,331.6,10.34,17.8823,43,830,206
28-Oct-2025,26798.95,Put,26800,238.45,12.03,17.8823,63,399,192
28-Oct-2025,26798.95,Call,27300,121.95,10.33,17.8823,-2,2771,109
28-Oct-2025,26798.95,Put,26700,195.8,12.21,17.8823,-7,428,108
28-Oct-2025,26798.95,Call,26900,281.5,10.06,17.8823,-7,416,101
28-Oct-2025,26798.95,Call,28000,23.65,11.33,17.8823,14,987,77
28-Oct-2025,26798.95,Call,27000,230,10.08,17.8823,8,882,74
28-Oct-2025,26798.95,Put,26900,273.1,11.98,17.8823,-7,295,59
28-Oct-2025,26798.95,Call,27500,76.75,10.47,17.8823,17,1333,58
28-Oct-2025,26798.95,Call,26700,400,9.85,17.8823,2,218,58
28-Oct-2025,26798.95,Put,26750,214,12.24,17.8823,12,113,56
28-Oct-2025,26798.95,Put,26600,163.9,12.51,17.8823,7,589,45
28-Oct-2025,26798.95,Call,26950,254.85,10.02,17.8823,4,35,44
28-Oct-2025,26798.95,Put,26500,142.1,12.69,17.8823,-6,701,43
28-Oct-2025,26798.95,Call,26750,367,10.18,17.8823,9,96,35
28-Oct-2025,26798.95,Put,26200,83.6,13.45,17.8823,10,384,34
28-Oct-2025,26798.95,Put,25000,11.9,16.94,17.8823,1,1213,32
28-Oct-2025,26798.95,-,0,26905,0,17.8823,6,465,31
28-Oct-2025,26798.95,Put,26400,114.5,12.88,17.8823,-3,844,27
28-Oct-2025,26798.95,Put,26550,150.25,12.18,17.8823,9,268,16
28-Oct-2025,26798.95,Call,26400,622.7,9.37,17.8823,-5,214,15
28-Oct-2025,26798.95,Call,27450,83.1,10.31,17.8823,4,129,14
28-Oct-2025,26798.95,Call,27050,203.8,9.84,17.8823,8,180,13
28-Oct-2025,26798.95,Put,26000,60,13.73,17.8823,0,791,11
28-Oct-2025,26798.95,Put,26650,182.8,12.16,17.8823,4,85,8
28-Oct-2025,26798.95,Call,26500,536,9.79,17.8823,0,594,8
28-Oct-2025,26798.95,Put,26300,98.25,13.01,17.8823,1,604,5
28-Oct-2025,26798.95,Put,25850,42.55,14.03,17.8823,0,198,5
28-Oct-2025,26798.95,Call,28700,9,14.02,17.8823,0,22,5
28-Oct-2025,26798.95,Call,27900,29,11.19,17.8823,3,289,4
28-Oct-2025,26798.95,Call,26600,450.15,10.23,17.8823,-1,369,4
28-Oct-2025,26798.95,Call,28500,9.25,12.79,17.8823,0,198,3
28-Oct-2025,26798.95,Call,29500,4.8,0,17.8823,0,279,3
28-Oct-2025,26798.95,Call,27800,38,10.8,17.8823,0,849,3
28-Oct-2025,26798.95,Put,26350,110.45,12.7,17.8823,2,76,3
28-Oct-2025,26798.95,Call,28200,15.25,0,17.8823,0,98,2
28-Oct-2025,26798.95,Call,25000,1893.15,0,17.8823,0,15,2
28-Oct-2025,26798.95,Call,26250,721.85,10.3,17.8823,0,21,2
28-Oct-2025,26798.95,Call,26550,495.2,10.71,17.8823,0,69,2
28-Oct-2025,26798.95,Call,27650,53.85,11.08,17.8823,0,82,2
28-Oct-2025,26798.95,Put,24500,6.85,19.45,17.8823,0,321,2
28-Oct-2025,26798.95,Put,26450,129.7,12.56,17.8823,0,39,1
25-Nov-2025,26798.95,-,0,0,0,17.8823,0,19,0
30-Dec-2025,26798.95,-,0,0,0,17.8823,0,0,0
28-Oct-2025,26798.95,Call,23500,0,0,17.8823,0,0,0
28-Oct-2025,26798.95,Call,22500,0,0,17.8823,0,0,0
28-Oct-2025,26798.95,Call,23700,0,0,17.8823,0,0,0
28-Oct-2025,26798.95,Call,23800,0,0,17.8823,0,0,0
28-Oct-2025,26798.95,Put,24750,0,0,17.8823,0,1,0
28-Oct-2025,26798.95,Call,23600,0,0,17.8823,0,0,0
28-Oct-2025,26798.95,Call,23000,0,0,17.8823,0,0,0
28-Oct-2025,26798.95,Call,23900,0,0,17.8823,0,0,0
28-Oct-2025,26798.95,Call,24000,0,0,17.8823,0,26,0
28-Oct-2025,26798.95,Call,24100,0,0,17.8823,0,0,0
28-Oct-2025,26798.95,Put,25950,0,0,17.8823,0,0,0
28-Oct-2025,26798.95,Call,24200,0,0,17.8823,0,0,0
28-Oct-2025,26798.95,Call,28400,0,0,17.8823,0,8,0
28-Oct-2025,26798.95,Put,24800,0,0,17.8823,0,1,0
28-Oct-2025,26798.95,Put,26150,0,0,17.8823,0,92,0
28-Oct-2025,26798.95,Put,26050,0,0,17.8823,0,37,0
28-Oct-2025,26798.95,Call,26000,0,0,17.8823,0,193,0
28-Oct-2025,26798.95,Call,24700,0,0,17.8823,0,0,0
28-Oct-2025,26798.95,Call,24500,0,0,17.8823,0,0,0
28-Oct-2025,26798.95,Call,24800,0,0,17.8823,0,0,0
28-Oct-2025,26798.95,Call,25300,0,0,17.8823,0,0,0
28-Oct-2025,26798.95,Call,24600,0,0,17.8823,0,0,0
28-Oct-2025,26798.95,Call,24900,0,0,17.8823,0,0,0
28-Oct-2025,26798.95,Call,25100,0,0,17.8823,0,0,0
28-Oct-2025,26798.95,Call,28300,0,0,17.8823,0,23,0
28-Oct-2025,26798.95,Call,25200,0,0,17.8823,0,0,0
28-Oct-2025,26798.95,Call,25400,0,0,17.8823,0,0,0
28-Oct-2025,26798.95,Call,24400,0,0,17.8823,0,0,0
28-Oct-2025,26798.95,Call,25500,0,0,17.8823,0,3,0
28-Oct-2025,26798.95,Call,25900,0,0,17.8823,0,7,0
28-Oct-2025,26798.95,Call,25600,0,0,17.8823,0,0,0
28-Oct-2025,26798.95,Call,24300,0,0,17.8823,0,0,0
28-Oct-2025,26798.95,Call,25700,0,0,17.8823,0,8,0
28-Oct-2025,26798.95,Call,25800,0,0,17.8823,0,0,0
28-Oct-2025,26798.95,Call,26300,0,0,17.8823,0,205,0
28-Oct-2025,26798.95,Call,26050,0,0,17.8823,0,2,0
28-Oct-2025,26798.95,Call,26200,0,0,17.8823,0,108,0
28-Oct-2025,26798.95,Put,23000,0,0,17.8823,0,24,0
28-Oct-2025,26798.95,Put,22500,0,0,17.8823,0,12,0
28-Oct-2025,26798.95,Call,24750,0,0,17.8823,0,0,0
28-Oct-2025,26798.95,Call,24850,0,0,17.8823,0,0,0
28-Oct-2025,26798.95,Call,24950,0,0,17.8823,0,0,0
28-Oct-2025,26798.95,Call,27250,0,0,17.8823,0,0,0
28-Oct-2025,26798.95,Call,29200,0,0,17.8823,0,0,0
28-Oct-2025,26798.95,Call,25150,0,0,17.8823,0,0,0
28-Oct-2025,26798.95,Put,25250,0,0,17.8823,0,0,0
28-Oct-2025,26798.95,Call,27100,0,0,17.8823,0,0,0
28-Oct-2025,26798.95,Put,25050,0,0,17.8823,0,0,0
28-Oct-2025,26798.95,Put,24300,0,0,17.8823,0,3,0
28-Oct-2025,26798.95,Put,23500,0,0,17.8823,0,13,0
28-Oct-2025,26798.95,Put,24200,0,0,17.8823,0,39,0
28-Oct-2025,26798.95,Put,24950,0,0,17.8823,0,0,0
28-Oct-2025,26798.95,Put,29100,0,0,17.8823,0,0,0
28-Oct-2025,26798.95,Put,26950,0,0,17.8823,0,8,0
28-Oct-2025,26798.95,Put,25650,0,0,17.8823,0,0,0
28-Oct-2025,26798.95,Put,25450,0,0,17.8823,0,0,0
28-Oct-2025,26798.95,Put,27250,0,0,17.8823,0,0,0
28-Oct-2025,26798.95,Put,26850,0,0,17.8823,0,86,0
28-Oct-2025,26798.95,Put,27050,0,0,17.8823,0,0,0
28-Oct-2025,26798.95,Put,25900,0,0,17.8823,0,147,0
28-Oct-2025,26798.95,Call,25250,0,0,17.8823,0,0,0
28-Oct-2025,26798.95,Put,25550,0,0,17.8823,0,0,0
28-Oct-2025,26798.95,Put,26100,0,0,17.8823,0,94,0
28-Oct-2025,26798.95,Put,25350,0,0,17.8823,0,0,0
28-Oct-2025,26798.95,Call,25550,0,0,17.8823,0,0,0
28-Oct-2025,26798.95,Put,28800,0,0,17.8823,0,0,0
28-Oct-2025,26798.95,Call,25850,0,0,17.8823,0,0,0
28-Oct-2025,26798.95,Call,28900,0,0,17.8823,0,8,0
28-Oct-2025,26798.95,Call,25650,0,0,17.8823,0,0,0
28-Oct-2025,26798.95,Call,25450,0,0,17.8823,0,0,0
28-Oct-2025,26798.95,Put,28900,0,0,17.8823,0,0,0
28-Oct-2025,26798.95,Call,25750,0,0,17.8823,0,0,0
28-Oct-2025,26798.95,Call,25950,0,0,17.8823,0,0,0
28-Oct-2025,26798.95,Call,26150,0,0,17.8823,0,37,0
28-Oct-2025,26798.95,Call,26350,0,0,17.8823,0,50,0
28-Oct-2025,26798.95,Call,26450,0,0,17.8823,0,38,0
28-Oct-2025,26798.95,Call,26650,0,0,17.8823,0,81,0
28-Oct-2025,26798.95,Call,26850,0,0,17.8823,0,112,0
28-Oct-2025,26798.95,Call,27150,0,0,17.8823,0,0,0
28-Oct-2025,26798.95,Put,27350,0,0,17.8823,0,0,0
28-Oct-2025,26798.95,Put,27450,0,0,17.8823,0,0,0
28-Oct-2025,26798.95,Put,27550,0,0,17.8823,0,0,0
28-Oct-2025,26798.95,Put,27650,0,0,17.8823,0,0,0
28-Oct-2025,26798.95,Call,28800,0,0,17.8823,0,10,0
28-Oct-2025,26798.95,Call,27550,0,0,17.8823,0,0,0
28-Oct-2025,26798.95,Call,28050,0,0,0,0,0,0
28-Oct-2025,26798.95,Put,28050,0,0,0,0,0,0
28-Oct-2025,26798.95,Call,29300,0,0,0,0,0,0
28-Oct-2025,26798.95,Put,29300,0,0,0,0,0,0
28-Oct-2025,26798.95,Put,27950,0,0,17.8823,0,0,0
28-Oct-2025,26798.95,Put,29200,0,0,17.8823,0,0,0
28-Oct-2025,26798.95,Put,24600,0,0,17.8823,0,32,0
28-Oct-2025,26798.95,Put,25300,0,0,17.8823,0,0,0
28-Oct-2025,26798.95,Put,25700,0,0,17.8823,0,393,0
28-Oct-2025,26798.95,Call,27750,0,0,17.8823,0,0,0
28-Oct-2025,26798.95,Put,27750,0,0,17.8823,0,0,0
28-Oct-2025,26798.95,Call,27850,0,0,17.8823,0,0,0
28-Oct-2025,26798.95,Put,27850,0,0,17.8823,0,0,0
28-Oct-2025,26798.95,Call,27950,0,0,17.8823,0,0,0
28-Oct-2025,26798.95,Call,27400,0,0,17.8823,0,0,0
28-Oct-2025,26798.95,Put,24400,0,0,17.8823,0,2,0
28-Oct-2025,26798.95,Call,27700,0,0,17.8823,0,0,0
28-Oct-2025,26798.95,Put,25750,0,0,17.8823,0,0,0
28-Oct-2025,26798.95,Call,25350,0,0,17.8823,0,0,0
28-Oct-2025,26798.95,Put,24850,0,0,17.8823,0,0,0
28-Oct-2025,26798.95,Put,25200,0,0,17.8823,0,20,0
28-Oct-2025,26798.95,Put,24000,0,0,17.8823,0,111,0
28-Oct-2025,26798.95,Put,25600,0,0,17.8823,0,0,0
28-Oct-2025,26798.95,Call,27350,0,0,17.8823,0,311,0
28-Oct-2025,26798.95,Put,24900,0,0,17.8823,0,37,0
28-Oct-2025,26798.95,Call,28600,0,0,17.8823,0,24,0
28-Oct-2025,26798.95,Put,27200,0,0,17.8823,0,932,0
28-Oct-2025,26798.95,Put,25500,0,0,17.8823,0,0,0
28-Oct-2025,26798.95,Put,27000,0,0,17.8823,0,413,0
28-Oct-2025,26798.95,Put,27100,0,0,17.8823,0,0,0
28-Oct-2025,26798.95,Put,27150,0,0,17.8823,0,0,0
28-Oct-2025,26798.95,Put,29000,0,0,17.8823,0,0,0
28-Oct-2025,26798.95,Put,28200,0,0,17.8823,0,0,0
28-Oct-2025,26798.95,Call,26100,0,0,17.8823,0,29,0
28-Oct-2025,26798.95,Put,27300,0,0,17.8823,0,0,0
28-Oct-2025,26798.95,Call,25050,0,0,17.8823,0,0,0
28-Oct-2025,26798.95,Put,25800,0,0,17.8823,0,0,0
28-Oct-2025,26798.95,Put,25100,0,0,17.8823,0,14,0
25-Nov-2025,26798.95,Put,24200,0,0,17.8823,0,1,0
28-Oct-2025,26798.95,Call,29100,0,0,17.8823,0,0,0
28-Oct-2025,26798.95,Put,24700,0,0,17.8823,0,124,0
28-Oct-2025,26798.95,Call,28100,0,0,17.8823,0,55,0
28-Oct-2025,26798.95,Put,28400,0,0,17.8823,0,0,0
28-Oct-2025,26798.95,Put,25400,0,0,17.8823,0,0,0
28-Oct-2025,26798.95,Put,28700,0,0,17.8823,0,0,0
28-Oct-2025,26798.95,Put,28600,0,0,17.8823,0,0,0
28-Oct-2025,26798.95,Put,23700,0,0,17.8823,0,8,0
28-Oct-2025,26798.95,Put,28300,0,0,17.8823,0,0,0
28-Oct-2025,26798.95,Put,27500,0,0,17.8823,0,0,0
28-Oct-2025,26798.95,Put,23900,0,0,17.8823,0,3,0
28-Oct-2025,26798.95,Put,27700,0,0,17.8823,0,0,0
28-Oct-2025,26798.95,Put,27400,0,0,17.8823,0,0,0
28-Oct-2025,26798.95,Put,28500,0,0,17.8823,0,0,0
28-Oct-2025,26798.95,Put,29500,0,0,17.8823,0,0,0
28-Oct-2025,26798.95,Put,24100,0,0,17.8823,0,8,0
28-Oct-2025,26798.95,Put,28100,0,0,17.8823,0,0,0
28-Oct-2025,26798.95,Put,28000,0,0,17.8823,0,0,0
28-Oct-2025,26798.95,Put,25150,0,0,17.8823,0,0,0
28-Oct-2025,26798.95,Call,27600,0,0,17.8823,0,0,0
28-Oct-2025,26798.95,Put,27800,0,0,17.8823,0,0,0
28-Oct-2025,26798.95,Put,26250,0,0,17.8823,0,0,0
28-Oct-2025,26798.95,Put,23600,0,0,17.8823,0,7,0
28-Oct-2025,26798.95,Put,27600,0,0,17.8823,0,0,0
28-Oct-2025,26798.95,Put,23800,0,0,17.8823,0,0,0
28-Oct-2025,26798.95,Put,27900,0,0,17.8823,0,0,0
28-Oct-2025,26798.95,Call,29000,0,0,17.8823,0,498,0
