28-Oct-2025,2773.3,-,0,2782.5,0,25.7116,298,56728,1841
28-Oct-2025,2773.3,Call,2800,43,18.74,25.7116,289,1112,1402
28-Oct-2025,2773.3,Put,2800,59.4,20.45,25.7116,53,548,662
28-Oct-2025,2773.3,Call,2840,27.75,19.05,25.7116,141,609,627
28-Oct-2025,2773.3,Call,2900,13.85,19.86,25.7116,127,1481,395
28-Oct-2025,2773.3,Call,3000,4.35,21.34,25.7116,13,395,290
28-Oct-2025,2773.3,Put,2760,40.8,20.46,25.7116,18,277,267
28-Oct-2025,2773.3,Put,2780,50.7,20.65,25.7116,36,263,267
28-Oct-2025,2773.3,Call,2820,34.85,18.76,25.7116,47,282,250
28-Oct-2025,2773.3,Call,3100,1.9,24.24,25.7116,-111,625,204
28-Oct-2025,2773.3,Call,2780,52.35,18.75,25.7116,50,221,157
28-Oct-2025,2773.3,Call,2860,22.6,19.22,25.7116,25,266,155
28-Oct-2025,2773.3,Put,2700,20,20.32,25.7116,-2,615,148
28-Oct-2025,2773.3,Put,2680,15.25,20.49,25.7116,32,276,110
28-Oct-2025,2773.3,Put,2820,73.8,21.09,25.7116,3,142,105
28-Oct-2025,2773.3,Call,3060,2.55,23,25.7116,5,654,83
28-Oct-2025,2773.3,Put,2600,5.65,21.86,25.7116,-18,249,80
28-Oct-2025,2773.3,Call,2920,10.9,19.91,25.7116,7,101,76
28-Oct-2025,2773.3,Call,2960,6.85,20.47,25.7116,5,91,68
28-Oct-2025,2773.3,Call,2740,73.4,18.49,25.7116,41,80,58
28-Oct-2025,2773.3,Put,2720,26.15,20.49,25.7116,8,52,58
28-Oct-2025,2773.3,Call,3020,3.65,21.93,25.7116,21,38,56
28-Oct-2025,2773.3,Call,2760,61.3,18.36,25.7116,10,192,51
28-Oct-2025,2773.3,Put,2740,31.7,20.49,25.7116,3,256,46
28-Oct-2025,2773.3,Call,2880,17.6,19.6,25.7116,2,161,44
28-Oct-2025,2773.3,Put,2840,85.3,20.62,25.7116,3,76,44
25-Nov-2025,2773.3,-,0,2794.7,0,25.7116,1,182,40
28-Oct-2025,2773.3,Put,2640,9.35,21.06,25.7116,5,114,35
28-Oct-2025,2773.3,Call,2940,8.8,20.14,25.7116,-6,64,33
28-Oct-2025,2773.3,Call,2980,5.45,21.03,25.7116,-9,39,28
28-Oct-2025,2773.3,Call,3040,2.95,22.33,25.7116,10,76,27
28-Oct-2025,2773.3,Put,2660,12.15,20.8,25.7116,2,126,27
28-Oct-2025,2773.3,Put,2620,6.7,20.96,25.7116,12,46,21
28-Oct-2025,2773.3,Call,2640,150.65,18.47,25.7116,6,23,16
28-Oct-2025,2773.3,Put,2860,99.35,20.76,25.7116,-1,78,14
28-Oct-2025,2773.3,Put,2900,131.3,21.65,25.7116,-1,256,13
28-Oct-2025,2773.3,Call,2700,102,20.81,25.7116,5,130,10
25-Nov-2025,2773.3,Put,2680,36.15,21.55,25.7116,6,6,8
28-Oct-2025,2773.3,Put,2940,165,23.24,25.7116,0,13,4
28-Oct-2025,2773.3,Call,2720,85.6,17.96,25.7116,1,10,4
25-Nov-2025,2773.3,Call,2820,76.1,20.52,25.7116,-2,0,4
28-Oct-2025,2773.3,Call,2660,148.4,27.21,25.7116,3,3,4
30-Dec-2025,2773.3,-,0,2821,0,25.7116,2,8,3
28-Oct-2025,2773.3,Call,3200,1.5,28.94,25.7116,0,181,3
25-Nov-2025,2773.3,Put,2780,65,19.44,25.7116,2,6,3
28-Oct-2025,2773.3,Put,2540,1.8,21.61,25.7116,0,44,1
25-Nov-2025,2773.3,Put,2800,79.3,20.65,25.7116,0,1,1
25-Nov-2025,2773.3,Put,2820,90.5,20.88,25.7116,0,0,1
28-Oct-2025,2773.3,Put,2580,0,0,25.7116,0,166,0
28-Oct-2025,2773.3,Call,3080,0,0,25.7116,0,150,0
28-Oct-2025,2773.3,Put,2500,0,0,25.7116,0,5,0
28-Oct-2025,2773.3,Call,3280,0,0,25.7116,0,13,0
28-Oct-2025,2773.3,Put,2440,0,0,25.7116,0,0,0
28-Oct-2025,2773.3,Put,2980,0,0,25.7116,0,1,0
28-Oct-2025,2773.3,Put,3200,0,0,25.7116,0,0,0
28-Oct-2025,2773.3,Put,3020,0,0,25.7116,0,0,0
28-Oct-2025,2773.3,Call,2480,0,0,25.7116,0,0,0
28-Oct-2025,2773.3,Call,2680,0,0,25.7116,0,0,0
28-Oct-2025,2773.3,Call,2560,0,0,25.7116,0,0,0
28-Oct-2025,2773.3,Put,3100,0,0,25.7116,0,40,0
28-Oct-2025,2773.3,Call,2400,0,0,25.7116,0,0,0
28-Oct-2025,2773.3,Call,2600,0,0,25.7116,0,7,0
28-Oct-2025,2773.3,Put,3040,0,0,25.7116,0,2,0
28-Oct-2025,2773.3,Put,2560,0,0,25.7116,0,88,0
28-Oct-2025,2773.3,Put,2400,0,0,25.7116,0,1,0
28-Oct-2025,2773.3,Put,3160,0,0,25.7116,0,0,0
28-Oct-2025,2773.3,Put,2480,0,0,25.7116,0,36,0
28-Oct-2025,2773.3,Put,3000,0,0,25.7116,0,12,0
28-Oct-2025,2773.3,Call,3240,0,0,25.7116,0,44,0
28-Oct-2025,2773.3,Put,2520,0,0,25.7116,0,56,0
25-Nov-2025,2773.3,Call,2480,0,0,25.7116,0,0,0
28-Oct-2025,2773.3,Put,3080,0,0,25.7116,0,0,0
28-Oct-2025,2773.3,Call,2540,0,0,25.7116,0,0,0
25-Nov-2025,2773.3,Call,3000,0,0,25.7116,0,8,0
28-Oct-2025,2773.3,Put,2920,0,0,25.7116,0,15,0
28-Oct-2025,2773.3,Put,2960,0,0,25.7116,0,28,0
28-Oct-2025,2773.3,Put,2880,0,0,25.7116,0,32,0
25-Nov-2025,2773.3,Put,3160,0,0,25.7116,0,0,0
25-Nov-2025,2773.3,Call,2760,0,0,25.7116,0,0,0
28-Oct-2025,2773.3,Call,3160,0,0,25.7116,0,28,0
28-Oct-2025,2773.3,Call,3120,0,0,25.7116,0,6,0
28-Oct-2025,2773.3,Put,3120,0,0,25.7116,0,0,0
28-Oct-2025,2773.3,Call,2440,0,0,25.7116,0,0,0
25-Nov-2025,2773.3,Call,2860,0,0,25.7116,0,0,0
28-Oct-2025,2773.3,Call,2580,0,0,25.7116,0,0,0
25-Nov-2025,2773.3,Put,2600,0,0,25.7116,0,0,0
25-Nov-2025,2773.3,Call,3160,0,0,25.7116,0,0,0
25-Nov-2025,2773.3,Put,2660,0,0,25.7116,0,0,0
28-Oct-2025,2773.3,Call,2520,0,0,25.7116,0,0,0
25-Nov-2025,2773.3,Call,2960,0,0,25.7116,0,0,0
25-Nov-2025,2773.3,Call,2740,0,0,25.7116,0,0,0
25-Nov-2025,2773.3,Put,2720,0,0,25.7116,0,0,0
25-Nov-2025,2773.3,Call,3080,0,0,25.7116,0,0,0
25-Nov-2025,2773.3,Call,2980,0,0,25.7116,0,0,0
25-Nov-2025,2773.3,Call,2900,0,0,25.7116,0,0,0
25-Nov-2025,2773.3,Put,2440,0,0,25.7116,0,0,0
25-Nov-2025,2773.3,Put,2560,0,0,25.7116,0,0,0
25-Nov-2025,2773.3,Call,2620,0,0,25.7116,0,0,0
25-Nov-2025,2773.3,Call,2840,0,0,25.7116,0,0,0
25-Nov-2025,2773.3,Put,2980,0,0,25.7116,0,0,0
25-Nov-2025,2773.3,Put,2620,0,0,25.7116,0,0,0
25-Nov-2025,2773.3,Put,2900,0,0,25.7116,0,0,0
25-Nov-2025,2773.3,Call,2800,0,0,25.7116,0,0,0
25-Nov-2025,2773.3,Call,2560,0,0,25.7116,0,0,0
25-Nov-2025,2773.3,Put,2700,0,0,25.7116,0,0,0
25-Nov-2025,2773.3,Call,2920,0,0,25.7116,0,0,0
25-Nov-2025,2773.3,Put,2760,0,0,25.7116,0,0,0
25-Nov-2025,2773.3,Put,3120,0,0,25.7116,0,0,0
25-Nov-2025,2773.3,Put,3040,0,0,25.7116,0,0,0
25-Nov-2025,2773.3,Call,3200,0,0,25.7116,0,0,0
25-Nov-2025,2773.3,Call,2720,0,0,25.7116,0,0,0
25-Nov-2025,2773.3,Put,3200,0,0,25.7116,0,0,0
25-Nov-2025,2773.3,Call,3040,0,0,25.7116,0,0,0
28-Oct-2025,2773.3,Call,2620,0,0,25.7116,0,0,0
25-Nov-2025,2773.3,Put,2740,0,0,25.7116,0,0,0
25-Nov-2025,2773.3,Put,3080,0,0,25.7116,0,0,0
25-Nov-2025,2773.3,Call,2880,0,0,25.7116,0,0,0
25-Nov-2025,2773.3,Call,2600,0,0,25.7116,0,0,0
30-Dec-2025,2773.3,Call,2760,0,0,25.7116,0,0,0
25-Nov-2025,2773.3,Call,3020,0,0,25.7116,0,0,0
25-Nov-2025,2773.3,Call,2440,0,0,25.7116,0,0,0
25-Nov-2025,2773.3,Put,2400,0,0,25.7116,0,0,0
30-Dec-2025,2773.3,Put,2880,0,0,25.7116,0,0,0
25-Nov-2025,2773.3,Call,2400,0,0,25.7116,0,0,0
25-Nov-2025,2773.3,Call,2540,0,0,25.7116,0,0,0
25-Nov-2025,2773.3,Put,2880,0,0,25.7116,0,0,0
25-Nov-2025,2773.3,Put,3020,0,0,25.7116,0,0,0
30-Dec-2025,2773.3,Call,2920,0,0,25.7116,0,0,0
30-Dec-2025,2773.3,Put,2960,0,0,25.7116,0,0,0
25-Nov-2025,2773.3,Put,2480,0,0,25.7116,0,0,0
25-Nov-2025,2773.3,Put,2860,0,0,25.7116,0,0,0
25-Nov-2025,2773.3,Call,2520,0,0,25.7116,0,0,0
25-Nov-2025,2773.3,Put,2840,0,0,25.7116,0,0,0
25-Nov-2025,2773.3,Put,2940,0,0,25.7116,0,0,0
30-Dec-2025,2773.3,Put,2760,0,0,25.7116,0,0,0
25-Nov-2025,2773.3,Call,2580,0,0,25.7116,0,0,0
25-Nov-2025,2773.3,Call,2700,0,0,25.7116,0,0,0
25-Nov-2025,2773.3,Call,2640,0,0,25.7116,0,0,0
25-Nov-2025,2773.3,Put,3000,0,0,25.7116,0,0,0
30-Dec-2025,2773.3,Put,2720,0,0,25.7116,0,0,0
25-Nov-2025,2773.3,Put,2640,0,0,25.7116,0,0,0
25-Nov-2025,2773.3,Call,2780,0,0,25.7116,0,0,0
30-Dec-2025,2773.3,Put,2640,0,0,25.7116,0,0,0
25-Nov-2025,2773.3,Put,2960,0,0,25.7116,0,0,0
30-Dec-2025,2773.3,Call,2720,0,0,0,0,0,0
30-Dec-2025,2773.3,Call,3000,0,0,25.7116,0,0,0
30-Dec-2025,2773.3,Call,2880,0,0,25.7116,0,0,0
25-Nov-2025,2773.3,Put,2920,0,0,25.7116,0,0,0
30-Dec-2025,2773.3,Put,2600,0,0,0,0,0,0
30-Dec-2025,2773.3,Put,2800,0,0,25.7116,0,0,0
30-Dec-2025,2773.3,Put,2680,0,0,25.7116,0,0,0
30-Dec-2025,2773.3,Put,2840,0,0,25.7116,0,0,0
25-Nov-2025,2773.3,Call,2940,0,0,25.7116,0,0,0
30-Dec-2025,2773.3,Call,2800,0,0,25.7116,0,0,0
25-Nov-2025,2773.3,Call,2680,0,0,25.7116,0,0,0
25-Nov-2025,2773.3,Put,2540,0,0,25.7116,0,0,0
30-Dec-2025,2773.3,Call,2840,0,0,25.7116,0,0,0
25-Nov-2025,2773.3,Put,2520,0,0,25.7116,0,0,0
30-Dec-2025,2773.3,Put,2400,0,0,25.7116,0,0,0
25-Nov-2025,2773.3,Call,2660,0,0,25.7116,0,0,0
30-Dec-2025,2773.3,Put,2920,0,0,25.7116,0,0,0
30-Dec-2025,2773.3,Call,2960,0,0,25.7116,0,0,0
30-Dec-2025,2773.3,Call,3040,0,0,25.7116,0,0,0
