28-Oct-2025,492.05,Call,500,12.35,31.89,44.6224,114,2938,1906
28-Oct-2025,492.05,-,0,494.25,0,44.6224,-4,25177,1643
28-Oct-2025,492.05,Call,490,16.8,30.18,44.6224,24,851,721
28-Oct-2025,492.05,Call,520,6.05,32.02,44.6224,-36,1120,629
28-Oct-2025,492.05,Call,495,14.7,30.52,44.6224,49,435,622
28-Oct-2025,492.05,Call,510,8.75,31.72,44.6224,-47,733,541
28-Oct-2025,492.05,Put,490,12.9,32.9,44.6224,8,441,395
28-Oct-2025,492.05,Call,480,22.4,30.63,44.6224,-8,1148,378
28-Oct-2025,492.05,Call,505,10.45,31.04,44.6224,-11,140,307
28-Oct-2025,492.05,Put,480,8.6,32.75,44.6224,28,723,297
28-Oct-2025,492.05,Put,495,15.1,34.67,44.6224,-6,166,297
28-Oct-2025,492.05,Call,530,4.05,32.4,44.6224,-95,409,259
28-Oct-2025,492.05,Put,500,17.9,33.92,44.6224,-11,685,240
28-Oct-2025,492.05,Call,540,2.7,32.95,44.6224,3,757,230
28-Oct-2025,492.05,Put,470,5.35,32.44,44.6224,-7,768,221
28-Oct-2025,492.05,Call,485,19.8,29.73,44.6224,0,188,207
28-Oct-2025,492.05,Call,525,5.05,31.6,44.6224,-10,155,195
28-Oct-2025,492.05,Call,550,1.85,33.86,44.6224,41,682,195
28-Oct-2025,492.05,Put,485,10.3,33.64,44.6224,-6,134,188
25-Nov-2025,492.05,-,0,496.6,0,44.6224,-15,962,94
28-Oct-2025,492.05,Put,460,3.15,33.48,44.6224,-10,1079,91
28-Oct-2025,492.05,Put,450,1.95,33.47,44.6224,-4,569,84
28-Oct-2025,492.05,Put,475,6.65,33.05,44.6224,10,151,73
28-Oct-2025,492.05,Put,505,20.55,33.61,44.6224,-2,39,57
28-Oct-2025,492.05,Call,470,29.8,28.38,44.6224,-3,743,51
28-Oct-2025,492.05,Call,515,7.15,31.41,44.6224,0,165,51
28-Oct-2025,492.05,Put,510,24.75,36.03,44.6224,1,33,46
28-Oct-2025,492.05,Call,460,37.8,27.96,44.6224,-2,701,43
28-Oct-2025,492.05,Put,465,4.1,32.27,44.6224,4,120,38
28-Oct-2025,492.05,Put,440,1.2,34.52,44.6224,-9,574,37
25-Nov-2025,492.05,Call,500,23.05,30.96,44.6224,-1,150,27
28-Oct-2025,492.05,Call,560,1.25,34.65,44.6224,5,119,21
30-Dec-2025,492.05,-,0,499.5,0,44.6224,1,349,19
28-Oct-2025,492.05,Put,430,0.7,36.28,44.6224,-1,421,11
28-Oct-2025,492.05,Put,525,36.5,39.17,44.6224,3,5,9
28-Oct-2025,492.05,Call,450,47.6,33.67,44.6224,-1,156,9
25-Nov-2025,492.05,Put,440,3.8,32.26,44.6224,3,199,9
28-Oct-2025,492.05,Put,445,1.45,33.8,44.6224,4,62,7
28-Oct-2025,492.05,Put,455,2.6,33.7,44.6224,0,83,7
28-Oct-2025,492.05,Put,515,28.8,37.75,44.6224,0,15,7
28-Oct-2025,492.05,Call,535,3.8,34.3,44.6224,4,7,7
28-Oct-2025,492.05,Put,540,47.65,36.9,44.6224,-1,32,7
25-Nov-2025,492.05,Call,520,14.5,31.81,44.6224,-1,66,7
28-Oct-2025,492.05,Call,465,32.65,24.96,44.6224,0,8,6
28-Oct-2025,492.05,Put,420,0.55,38.85,44.6224,2,508,6
25-Nov-2025,492.05,Call,490,26.5,30.24,44.6224,5,13,6
28-Oct-2025,492.05,Put,520,32.55,38.4,44.6224,0,92,5
28-Oct-2025,492.05,Put,400,0.25,42.73,44.6224,0,241,5
28-Oct-2025,492.05,Call,455,40.85,18.24,44.6224,1,8,5
28-Oct-2025,492.05,Put,530,39.1,35.81,44.6224,2,25,5
25-Nov-2025,492.05,Put,480,14.6,32.96,44.6224,0,14,5
28-Oct-2025,492.05,Put,410,0.3,39.48,44.6224,1,211,4
28-Oct-2025,492.05,Call,410,86.5,49.2,44.6224,0,4,4
28-Oct-2025,492.05,Call,440,55.7,0,44.6224,-1,117,3
25-Nov-2025,492.05,Put,435,3.45,33.28,44.6224,1,5,2
25-Nov-2025,492.05,Put,500,24,33.46,44.6224,0,11,1
25-Nov-2025,492.05,Put,460,7.8,32.27,44.6224,0,12,1
25-Nov-2025,492.05,Call,510,18.3,0,44.6224,0,0,1
30-Dec-2025,492.05,Call,500,30,0,44.6224,0,0,1
30-Dec-2025,492.05,Put,440,7.75,33.12,44.6224,0,11,1
28-Oct-2025,492.05,Put,360,0,0,44.6224,0,2,0
28-Oct-2025,492.05,Call,390,0,0,44.6224,0,1,0
28-Oct-2025,492.05,Put,380,0,0,44.6224,0,21,0
28-Oct-2025,492.05,Call,445,0,0,44.6224,0,18,0
28-Oct-2025,492.05,Call,435,0,0,44.6224,0,0,0
28-Oct-2025,492.05,Put,435,0,0,44.6224,0,1,0
28-Oct-2025,492.05,Call,400,0,0,44.6224,0,51,0
28-Oct-2025,492.05,Call,475,0,0,44.6224,0,11,0
28-Oct-2025,492.05,Put,550,0,0,44.6224,0,70,0
28-Oct-2025,492.05,Put,340,0,0,44.6224,0,9,0
28-Oct-2025,492.05,Put,535,0,0,44.6224,0,0,0
28-Oct-2025,492.05,Put,390,0,0,44.6224,0,25,0
28-Oct-2025,492.05,Put,560,0,0,44.6224,0,0,0
28-Oct-2025,492.05,Call,420,0,0,44.6224,0,26,0
28-Oct-2025,492.05,Call,430,0,0,44.6224,0,56,0
25-Nov-2025,492.05,Put,540,0,0,44.6224,0,0,0
25-Nov-2025,492.05,Call,530,0,0,44.6224,0,0,0
25-Nov-2025,492.05,Call,420,0,0,44.6224,0,0,0
25-Nov-2025,492.05,Put,535,0,0,44.6224,0,0,0
25-Nov-2025,492.05,Put,360,0,0,44.6224,0,11,0
25-Nov-2025,492.05,Put,380,0,0,44.6224,0,2,0
25-Nov-2025,492.05,Call,540,0,0,44.6224,0,2,0
25-Nov-2025,492.05,Call,475,0,0,44.6224,0,0,0
25-Nov-2025,492.05,Call,410,0,0,44.6224,0,0,0
25-Nov-2025,492.05,Call,515,0,0,44.6224,0,0,0
25-Nov-2025,492.05,Put,515,0,0,44.6224,0,0,0
25-Nov-2025,492.05,Put,530,0,0,44.6224,0,0,0
25-Nov-2025,492.05,Call,445,0,0,44.6224,0,0,0
25-Nov-2025,492.05,Call,465,0,0,44.6224,0,0,0
25-Nov-2025,492.05,Call,435,0,0,44.6224,0,0,0
25-Nov-2025,492.05,Call,485,0,0,44.6224,0,0,0
25-Nov-2025,492.05,Put,560,0,0,44.6224,0,0,0
25-Nov-2025,492.05,Call,480,0,0,44.6224,0,11,0
25-Nov-2025,492.05,Put,475,0,0,44.6224,0,0,0
25-Nov-2025,492.05,Put,420,0,0,44.6224,0,0,0
25-Nov-2025,492.05,Put,495,0,0,44.6224,0,0,0
25-Nov-2025,492.05,Put,465,0,0,44.6224,0,0,0
30-Dec-2025,492.05,Put,420,0,0,44.6224,0,0,0
25-Nov-2025,492.05,Call,505,0,0,44.6224,0,0,0
30-Dec-2025,492.05,Put,470,0,0,44.6224,0,0,0
25-Nov-2025,492.05,Put,450,0,0,44.6224,0,0,0
25-Nov-2025,492.05,Put,490,0,0,44.6224,0,4,0
25-Nov-2025,492.05,Put,430,0,0,44.6224,0,0,0
30-Dec-2025,492.05,Put,450,0,0,44.6224,0,0,0
25-Nov-2025,492.05,Call,440,0,0,44.6224,0,0,0
30-Dec-2025,492.05,Put,490,0,0,44.6224,0,0,0
25-Nov-2025,492.05,Call,450,0,0,44.6224,0,0,0
30-Dec-2025,492.05,Call,490,0,0,44.6224,0,0,0
25-Nov-2025,492.05,Call,525,0,0,44.6224,0,0,0
25-Nov-2025,492.05,Put,410,0,0,44.6224,0,0,0
25-Nov-2025,492.05,Put,510,0,0,44.6224,0,0,0
25-Nov-2025,492.05,Call,495,0,0,44.6224,0,1,0
30-Dec-2025,492.05,Put,510,0,0,44.6224,0,0,0
25-Nov-2025,492.05,Call,535,0,0,44.6224,0,0,0
30-Dec-2025,492.05,Put,480,0,0,44.6224,0,0,0
25-Nov-2025,492.05,Call,550,0,0,44.6224,0,20,0
25-Nov-2025,492.05,Put,520,0,0,44.6224,0,11,0
25-Nov-2025,492.05,Call,560,0,0,44.6224,0,3,0
30-Dec-2025,492.05,Put,500,0,0,44.6224,0,0,0
30-Dec-2025,492.05,Put,530,0,0,44.6224,0,0,0
25-Nov-2025,492.05,Call,460,0,0,44.6224,0,0,0
30-Dec-2025,492.05,Call,540,0,0,44.6224,0,0,0
25-Nov-2025,492.05,Put,550,0,0,44.6224,0,0,0
30-Dec-2025,492.05,Call,520,0,0,44.6224,0,0,0
25-Nov-2025,492.05,Call,430,0,0,44.6224,0,0,0
30-Dec-2025,492.05,Call,560,0,0,44.6224,0,1,0
25-Nov-2025,492.05,Put,470,0,0,44.6224,0,7,0
25-Nov-2025,492.05,Put,525,0,0,44.6224,0,0,0
30-Dec-2025,492.05,Put,430,0,0,44.6224,0,0,0
30-Dec-2025,492.05,Put,520,0,0,44.6224,0,0,0
25-Nov-2025,492.05,Put,485,0,0,44.6224,0,0,0
30-Dec-2025,492.05,Call,530,0,0,44.6224,0,0,0
30-Dec-2025,492.05,Call,480,0,0,44.6224,0,0,0
25-Nov-2025,492.05,Put,445,0,0,44.6224,0,0,0
25-Nov-2025,492.05,Put,505,0,0,44.6224,0,0,0
25-Nov-2025,492.05,Put,455,0,0,44.6224,0,0,0
30-Dec-2025,492.05,Put,460,0,0,44.6224,0,0,0
25-Nov-2025,492.05,Call,455,0,0,44.6224,0,0,0
30-Dec-2025,492.05,Call,510,0,0,44.6224,0,0,0
25-Nov-2025,492.05,Call,470,0,0,44.6224,0,0,0
