28-Oct-2025,491.35,Call,500,12.25,32.96,44.6224,129,2953,1806
28-Oct-2025,491.35,-,0,494.05,0,44.6224,-7,25174,1532
28-Oct-2025,491.35,Call,490,16.8,31.42,44.6224,29,856,699
28-Oct-2025,491.35,Call,520,5.8,32.64,44.6224,-39,1117,613
28-Oct-2025,491.35,Call,495,14.5,31.89,44.6224,52,438,611
28-Oct-2025,491.35,Call,510,8.5,32.71,44.6224,-58,722,519
28-Oct-2025,491.35,Put,490,12.85,32.81,44.6224,10,443,374
28-Oct-2025,491.35,Call,480,22.4,31.32,44.6224,-6,1150,352
28-Oct-2025,491.35,Put,480,8.65,33.17,44.6224,31,726,284
28-Oct-2025,491.35,Call,505,10.25,32.83,44.6224,-10,141,282
28-Oct-2025,491.35,Put,495,15.5,32.99,44.6224,-4,168,281
28-Oct-2025,491.35,Call,530,3.95,33.23,44.6224,-93,411,252
28-Oct-2025,491.35,Put,500,18.1,32.71,44.6224,-11,685,231
28-Oct-2025,491.35,Call,540,2.6,33.63,44.6224,4,758,224
28-Oct-2025,491.35,Put,470,5.5,32.79,44.6224,-6,769,205
28-Oct-2025,491.35,Call,485,20.2,32.02,44.6224,2,190,194
28-Oct-2025,491.35,Call,525,4.75,33.08,44.6224,-10,155,187
28-Oct-2025,491.35,Put,485,10.75,32.59,44.6224,-7,133,179
28-Oct-2025,491.35,Call,550,1.8,34.9,44.6224,10,651,142
25-Nov-2025,491.35,-,0,497.75,0,44.6224,-12,965,90
28-Oct-2025,491.35,Put,460,3.35,33.09,44.6224,-10,1079,90
28-Oct-2025,491.35,Put,475,6.75,32.02,44.6224,10,151,71
28-Oct-2025,491.35,Put,450,1.95,32.91,44.6224,-4,569,64
28-Oct-2025,491.35,Put,505,20.55,31.51,44.6224,-2,39,57
28-Oct-2025,491.35,Call,515,7.15,32.63,44.6224,0,165,51
28-Oct-2025,491.35,Call,470,29.55,30.34,44.6224,-3,743,50
28-Oct-2025,491.35,Put,510,24.75,33.73,44.6224,1,33,46
28-Oct-2025,491.35,Call,460,37.65,29.37,44.6224,-1,702,42
28-Oct-2025,491.35,Put,440,1.15,33.81,44.6224,-9,574,32
28-Oct-2025,491.35,Put,465,3.95,31.29,44.6224,4,120,30
25-Nov-2025,491.35,Call,500,22.05,32.26,44.6224,0,151,25
28-Oct-2025,491.35,Call,560,1.25,35.38,44.6224,5,119,21
30-Dec-2025,491.35,-,0,499,0,44.6224,2,350,18
28-Oct-2025,491.35,Put,525,36.5,36.07,44.6224,3,5,9
28-Oct-2025,491.35,Call,450,47.6,39.64,44.6224,-1,156,9
28-Oct-2025,491.35,Put,430,0.75,35.63,44.6224,-1,421,9
25-Nov-2025,491.35,Put,440,3.8,31.72,44.6224,3,199,9
28-Oct-2025,491.35,Put,455,2.6,32.85,44.6224,0,83,7
28-Oct-2025,491.35,Put,445,1.45,33.05,44.6224,4,62,7
28-Oct-2025,491.35,Put,515,28.8,35.23,44.6224,0,15,7
28-Oct-2025,491.35,Put,540,47.65,31.81,44.6224,-1,32,7
28-Oct-2025,491.35,Call,535,3.8,35.26,44.6224,4,7,7
25-Nov-2025,491.35,Call,520,14.5,32.71,44.6224,-1,66,7
28-Oct-2025,491.35,Call,465,32.65,29.87,44.6224,0,8,6
28-Oct-2025,491.35,Put,420,0.55,38.23,44.6224,2,508,6
25-Nov-2025,491.35,Call,490,26.5,32.52,44.6224,5,13,6
28-Oct-2025,491.35,Call,455,40.85,29.2,44.6224,1,8,5
28-Oct-2025,491.35,Put,520,32.55,35.6,44.6224,0,92,5
28-Oct-2025,491.35,Put,530,39.1,31.94,44.6224,2,25,5
28-Oct-2025,491.35,Put,400,0.25,42.19,44.6224,0,241,5
25-Nov-2025,491.35,Put,480,14.6,32.12,44.6224,0,14,5
28-Oct-2025,491.35,Put,410,0.3,38.91,44.6224,1,211,4
28-Oct-2025,491.35,Call,410,86.5,59.92,44.6224,0,4,4
25-Nov-2025,491.35,Put,435,3.45,32.75,44.6224,1,5,2
28-Oct-2025,491.35,Call,440,54.35,26.6,44.6224,-1,117,2
25-Nov-2025,491.35,Put,460,7.8,0,44.6224,0,12,1
25-Nov-2025,491.35,Put,500,24,32.37,44.6224,0,11,1
30-Dec-2025,491.35,Put,440,7.75,32.66,44.6224,0,11,1
28-Oct-2025,491.35,Put,435,0,0,44.6224,0,1,0
28-Oct-2025,491.35,Call,475,0,0,44.6224,0,11,0
28-Oct-2025,491.35,Call,400,0,0,44.6224,0,51,0
28-Oct-2025,491.35,Call,445,0,0,44.6224,0,18,0
28-Oct-2025,491.35,Put,340,0,0,44.6224,0,9,0
28-Oct-2025,491.35,Put,380,0,0,44.6224,0,21,0
28-Oct-2025,491.35,Call,390,0,0,44.6224,0,1,0
28-Oct-2025,491.35,Put,550,0,0,44.6224,0,70,0
28-Oct-2025,491.35,Put,360,0,0,44.6224,0,2,0
28-Oct-2025,491.35,Call,430,0,0,44.6224,0,56,0
28-Oct-2025,491.35,Put,390,0,0,44.6224,0,25,0
28-Oct-2025,491.35,Put,535,0,0,44.6224,0,0,0
28-Oct-2025,491.35,Put,560,0,0,44.6224,0,0,0
28-Oct-2025,491.35,Call,420,0,0,44.6224,0,26,0
25-Nov-2025,491.35,Call,480,0,0,44.6224,0,11,0
25-Nov-2025,491.35,Put,445,0,0,44.6224,0,0,0
25-Nov-2025,491.35,Call,560,0,0,44.6224,0,3,0
28-Oct-2025,491.35,Call,435,0,0,44.6224,0,0,0
25-Nov-2025,491.35,Call,525,0,0,44.6224,0,0,0
25-Nov-2025,491.35,Put,550,0,0,44.6224,0,0,0
25-Nov-2025,491.35,Call,420,0,0,44.6224,0,0,0
25-Nov-2025,491.35,Put,520,0,0,44.6224,0,11,0
25-Nov-2025,491.35,Put,410,0,0,44.6224,0,0,0
25-Nov-2025,491.35,Put,430,0,0,44.6224,0,0,0
25-Nov-2025,491.35,Put,450,0,0,44.6224,0,0,0
25-Nov-2025,491.35,Call,475,0,0,44.6224,0,0,0
25-Nov-2025,491.35,Call,485,0,0,44.6224,0,0,0
25-Nov-2025,491.35,Call,550,0,0,44.6224,0,20,0
25-Nov-2025,491.35,Call,495,0,0,44.6224,0,1,0
25-Nov-2025,491.35,Call,540,0,0,44.6224,0,2,0
25-Nov-2025,491.35,Call,530,0,0,44.6224,0,0,0
25-Nov-2025,491.35,Put,465,0,0,44.6224,0,0,0
25-Nov-2025,491.35,Put,535,0,0,44.6224,0,0,0
25-Nov-2025,491.35,Put,470,0,0,44.6224,0,7,0
25-Nov-2025,491.35,Put,455,0,0,44.6224,0,0,0
25-Nov-2025,491.35,Put,420,0,0,44.6224,0,0,0
25-Nov-2025,491.35,Call,440,0,0,44.6224,0,0,0
25-Nov-2025,491.35,Put,360,0,0,44.6224,0,11,0
25-Nov-2025,491.35,Put,380,0,0,44.6224,0,2,0
25-Nov-2025,491.35,Put,540,0,0,44.6224,0,0,0
25-Nov-2025,491.35,Call,460,0,0,44.6224,0,0,0
25-Nov-2025,491.35,Call,450,0,0,44.6224,0,0,0
25-Nov-2025,491.35,Call,410,0,0,44.6224,0,0,0
25-Nov-2025,491.35,Put,560,0,0,44.6224,0,0,0
25-Nov-2025,491.35,Call,435,0,0,44.6224,0,0,0
25-Nov-2025,491.35,Call,455,0,0,44.6224,0,0,0
25-Nov-2025,491.35,Put,475,0,0,44.6224,0,0,0
25-Nov-2025,491.35,Call,535,0,0,44.6224,0,0,0
25-Nov-2025,491.35,Put,495,0,0,44.6224,0,0,0
25-Nov-2025,491.35,Call,470,0,0,44.6224,0,0,0
25-Nov-2025,491.35,Call,430,0,0,44.6224,0,0,0
25-Nov-2025,491.35,Put,525,0,0,44.6224,0,0,0
25-Nov-2025,491.35,Put,505,0,0,44.6224,0,0,0
25-Nov-2025,491.35,Call,465,0,0,44.6224,0,0,0
25-Nov-2025,491.35,Put,515,0,0,44.6224,0,0,0
25-Nov-2025,491.35,Put,490,0,0,44.6224,0,4,0
25-Nov-2025,491.35,Put,485,0,0,44.6224,0,0,0
30-Dec-2025,491.35,Put,490,0,0,44.6224,0,0,0
25-Nov-2025,491.35,Call,515,0,0,44.6224,0,0,0
25-Nov-2025,491.35,Call,505,0,0,44.6224,0,0,0
25-Nov-2025,491.35,Call,510,0,0,44.6224,0,0,0
30-Dec-2025,491.35,Call,490,0,0,44.6224,0,0,0
30-Dec-2025,491.35,Call,520,0,0,44.6224,0,0,0
25-Nov-2025,491.35,Put,530,0,0,44.6224,0,0,0
25-Nov-2025,491.35,Put,510,0,0,44.6224,0,0,0
30-Dec-2025,491.35,Put,530,0,0,44.6224,0,0,0
30-Dec-2025,491.35,Put,520,0,0,44.6224,0,0,0
30-Dec-2025,491.35,Put,510,0,0,44.6224,0,0,0
30-Dec-2025,491.35,Put,460,0,0,44.6224,0,0,0
25-Nov-2025,491.35,Call,445,0,0,44.6224,0,0,0
30-Dec-2025,491.35,Put,480,0,0,44.6224,0,0,0
30-Dec-2025,491.35,Put,430,0,0,44.6224,0,0,0
30-Dec-2025,491.35,Call,530,0,0,44.6224,0,0,0
30-Dec-2025,491.35,Call,540,0,0,44.6224,0,0,0
30-Dec-2025,491.35,Call,560,0,0,44.6224,0,1,0
30-Dec-2025,491.35,Call,500,0,0,44.6224,0,0,0
30-Dec-2025,491.35,Put,420,0,0,44.6224,0,0,0
30-Dec-2025,491.35,Call,480,0,0,44.6224,0,0,0
30-Dec-2025,491.35,Call,510,0,0,44.6224,0,0,0
30-Dec-2025,491.35,Put,500,0,0,44.6224,0,0,0
30-Dec-2025,491.35,Put,470,0,0,44.6224,0,0,0
30-Dec-2025,491.35,Put,450,0,0,44.6224,0,0,0
