28-Oct-2025,1489,Call,1500,31,23.84,29.4774,182,9425,20838
28-Oct-2025,1489,-,0,1482.1,0,29.4774,2127,104036,18945
28-Oct-2025,1489,Call,1480,40,23.02,29.4774,-405,3807,12621
28-Oct-2025,1489,Call,1520,23.15,24.2,29.4774,945,3692,8828
28-Oct-2025,1489,Call,1540,17,24.52,29.4774,955,4531,7743
28-Oct-2025,1489,Call,1460,51.15,22.04,29.4774,-867,4099,6390
28-Oct-2025,1489,Call,1560,12.35,24.9,29.4774,-556,2283,6336
28-Oct-2025,1489,Put,1440,21.15,31.76,29.4774,73,3929,6088
28-Oct-2025,1489,Call,1600,6.25,25.77,29.4774,149,4870,5872
28-Oct-2025,1489,Put,1400,10.65,31.69,29.4774,-145,4334,5197
28-Oct-2025,1489,Put,1460,28.5,32.16,29.4774,-21,3702,4632
28-Oct-2025,1489,Put,1480,37.5,32.45,29.4774,301,3276,4454
28-Oct-2025,1489,Put,1420,15.4,31.68,29.4774,-94,2802,4069
28-Oct-2025,1489,Put,1500,48.45,33.19,29.4774,-64,4725,3434
28-Oct-2025,1489,Call,1580,8.7,25.33,29.4774,116,1272,2744
28-Oct-2025,1489,Put,1380,7.5,31.77,29.4774,-19,1856,2233
28-Oct-2025,1489,Call,1440,64.85,20.34,29.4774,-147,2877,1905
28-Oct-2025,1489,Put,1360,5.1,31.91,29.4774,-99,1780,1879
28-Oct-2025,1489,Put,1340,3.4,32.1,29.4774,-268,1330,1796
25-Nov-2025,1489,Call,1600,15.6,21.48,29.4774,-715,1377,1701
25-Nov-2025,1489,-,0,1472,0,29.4774,-125,50167,1597
28-Oct-2025,1489,Call,1640,3.1,26.68,29.4774,-368,968,1388
28-Oct-2025,1489,Put,1300,1.55,34.02,29.4774,-49,2092,987
28-Oct-2025,1489,Call,1620,4.3,26.09,29.4774,-32,1127,893
28-Oct-2025,1489,Call,1700,1.3,28.52,29.4774,112,1322,840
28-Oct-2025,1489,Put,1320,2.25,32.7,29.4774,-33,884,731
28-Oct-2025,1489,Put,1520,59.45,35.02,29.4774,157,945,691
28-Oct-2025,1489,Call,1660,2.2,27.12,29.4774,100,1623,534
28-Oct-2025,1489,Call,1400,93.5,0,29.4774,-187,990,473
28-Oct-2025,1489,Call,1420,78,15.33,29.4774,-9,644,470
28-Oct-2025,1489,Put,1540,73.9,35.09,29.4774,16,555,356
25-Nov-2025,1489,Put,1400,23.25,30.24,29.4774,-87,313,312
25-Nov-2025,1489,Call,1680,5.95,22.53,29.4774,79,295,256
25-Nov-2025,1489,Call,1500,41.8,16.58,29.4774,10,205,247
28-Oct-2025,1489,Put,1600,127.05,43.72,29.4774,1,1053,244
25-Nov-2025,1489,Put,1300,6.05,30.15,29.4774,-25,404,192
28-Oct-2025,1489,Put,1560,89,36.35,29.4774,27,669,179
28-Oct-2025,1489,Put,1240,0.5,35.93,29.4774,-6,719,156
30-Dec-2025,1489,-,0,1478,0,29.4774,-9,302,149
28-Oct-2025,1489,Call,1680,1.55,27.6,29.4774,1,640,139
28-Oct-2025,1489,Put,1280,1.1,34.17,29.4774,-17,918,132
25-Nov-2025,1489,Call,1640,9.5,21.78,29.4774,9,181,132
25-Nov-2025,1489,Call,1480,48,15.06,29.4774,-4,149,132
28-Oct-2025,1489,Call,1760,0.8,32.93,29.4774,0,390,113
25-Nov-2025,1489,Call,1520,34,18.28,29.4774,2,213,112
25-Nov-2025,1489,Put,1600,143.1,40.95,29.4774,0,113,94
25-Nov-2025,1489,Put,1420,31.05,31.42,29.4774,57,137,91
25-Nov-2025,1489,Put,1500,69.5,34.26,29.4774,49,138,84
25-Nov-2025,1489,Put,1320,8.1,30.05,29.4774,-2,114,74
28-Oct-2025,1489,Put,1200,0.5,41.4,29.4774,-7,897,70
28-Oct-2025,1489,Put,1580,105,37.67,29.4774,2,277,58
25-Nov-2025,1489,Put,1480,57,32.87,29.4774,8,187,47
28-Oct-2025,1489,Put,1620,141,42.3,29.4774,-30,110,44
25-Nov-2025,1489,Call,1540,27,18.73,29.4774,19,48,41
25-Nov-2025,1489,Call,1440,71.95,11.9,29.4774,-8,45,40
25-Nov-2025,1489,Put,1360,13.8,30.36,29.4774,-6,265,37
25-Nov-2025,1489,Call,1560,22.95,20.01,29.4774,-2,120,36
28-Oct-2025,1489,Call,1720,1,29.98,29.4774,-1,273,31
25-Nov-2025,1489,Put,1280,4.6,30.49,29.4774,13,137,31
25-Nov-2025,1489,Put,1440,38,31.54,29.4774,-4,131,30
28-Oct-2025,1489,Call,1360,126.7,0,29.4774,4,221,28
25-Nov-2025,1489,Call,1580,17.85,20.23,29.4774,12,117,28
30-Dec-2025,1489,Call,1600,24.4,18.58,29.4774,3,38,28
28-Oct-2025,1489,Call,1380,107,0,29.4774,2,214,26
25-Nov-2025,1489,Call,1400,96,0,29.4774,2,129,19
30-Dec-2025,1489,Call,1680,11.75,20.01,29.4774,-9,19,19
28-Oct-2025,1489,Call,1800,0.55,34.89,29.4774,3,345,17
30-Dec-2025,1489,Put,1400,32.45,28.84,29.4774,6,17,17
25-Nov-2025,1489,Put,1460,45,32.55,29.4774,1,15,13
25-Nov-2025,1489,Put,1380,18.3,30.17,29.4774,5,29,12
25-Nov-2025,1489,Put,1340,11.05,30.29,29.4774,8,50,11
30-Dec-2025,1489,Call,1520,47,16.12,29.4774,-7,10,9
28-Oct-2025,1489,Call,1300,183,0,29.4774,0,89,8
25-Nov-2025,1489,Call,1760,2.6,24.91,29.4774,5,11,8
25-Nov-2025,1489,Call,1300,176,0,29.4774,0,18,8
30-Dec-2025,1489,Put,1280,9.45,29.03,29.4774,-1,39,5
28-Oct-2025,1489,Call,1320,162,0,29.4774,1,73,4
28-Oct-2025,1489,Put,1700,216.3,51.38,29.4774,-1,367,4
25-Nov-2025,1489,Put,1540,93.6,35.39,29.4774,2,2,4
28-Oct-2025,1489,Put,1660,177.45,46,29.4774,-2,47,3
25-Nov-2025,1489,Put,1520,80.75,34.64,29.4774,1,31,3
30-Dec-2025,1489,Put,1320,15.4,29.29,29.4774,0,4,3
28-Oct-2025,1489,Put,1800,316,66.19,29.4774,-1,335,2
30-Dec-2025,1489,Call,1640,17,19.34,29.4774,0,16,1
30-Dec-2025,1489,Put,1440,44.9,28.66,29.4774,0,0,1
28-Oct-2025,1489,Call,1280,0,0,29.4774,0,45,0
28-Oct-2025,1489,Call,1340,0,0,29.4774,0,86,0
28-Oct-2025,1489,Put,1680,0,0,29.4774,0,34,0
28-Oct-2025,1489,Call,1240,0,0,29.4774,0,0,0
28-Oct-2025,1489,Put,1720,0,0,29.4774,0,119,0
28-Oct-2025,1489,Put,1640,0,0,29.4774,0,69,0
25-Nov-2025,1489,Put,1200,0,0,29.4774,0,0,0
25-Nov-2025,1489,Call,1360,0,0,29.4774,0,40,0
25-Nov-2025,1489,Call,1280,0,0,29.4774,0,0,0
28-Oct-2025,1489,Call,1200,0,0,29.4774,0,3,0
25-Nov-2025,1489,Put,1240,0,0,29.4774,0,0,0
28-Oct-2025,1489,Put,1760,0,0,29.4774,0,357,0
25-Nov-2025,1489,Call,1200,0,0,29.4774,0,0,0
25-Nov-2025,1489,Call,1340,0,0,29.4774,0,0,0
25-Nov-2025,1489,Call,1320,0,0,29.4774,0,0,0
25-Nov-2025,1489,Call,1240,0,0,29.4774,0,0,0
25-Nov-2025,1489,Call,1380,0,0,29.4774,0,0,0
25-Nov-2025,1489,Put,1560,0,0,29.4774,0,2,0
25-Nov-2025,1489,Put,1580,0,0,29.4774,0,0,0
25-Nov-2025,1489,Put,1680,0,0,29.4774,0,0,0
25-Nov-2025,1489,Call,1460,0,0,29.4774,0,0,0
25-Nov-2025,1489,Call,1720,0,0,29.4774,0,0,0
25-Nov-2025,1489,Put,1620,0,0,29.4774,0,0,0
25-Nov-2025,1489,Put,1760,0,0,29.4774,0,1,0
25-Nov-2025,1489,Call,1420,0,0,29.4774,0,0,0
25-Nov-2025,1489,Call,1620,0,0,29.4774,0,0,0
25-Nov-2025,1489,Put,1720,0,0,29.4774,0,2,0
30-Dec-2025,1489,Put,1480,0,0,29.4774,0,0,0
30-Dec-2025,1489,Call,1480,0,0,29.4774,0,0,0
25-Nov-2025,1489,Put,1640,0,0,29.4774,0,0,0
30-Dec-2025,1489,Call,1440,0,0,29.4774,0,0,0
30-Dec-2025,1489,Put,1520,0,0,29.4774,0,0,0
30-Dec-2025,1489,Call,1560,0,0,29.4774,0,0,0
30-Dec-2025,1489,Put,1360,0,0,29.4774,0,0,0
30-Dec-2025,1489,Put,1600,0,0,29.4774,0,0,0
30-Dec-2025,1489,Call,1400,0,0,29.4774,0,0,0
30-Dec-2025,1489,Put,1200,0,0,29.4774,0,0,0
30-Dec-2025,1489,Put,1560,0,0,29.4774,0,0,0
30-Dec-2025,1489,Put,1680,0,0,29.4774,0,0,0
