28-Oct-2025,2125.2,Call,2140,36.45,19.42,27.819,322,2179,1471
28-Oct-2025,2125.2,-,0,2132.8,0,27.819,71,84872,1325
28-Oct-2025,2125.2,Put,2100,26.2,20.91,27.819,3,3600,1072
28-Oct-2025,2125.2,Call,2160,27.35,19.28,27.819,63,1788,837
28-Oct-2025,2125.2,Call,2200,15,19.37,27.819,19,1922,738
28-Oct-2025,2125.2,Put,2120,34.05,21.06,27.819,107,1427,705
28-Oct-2025,2125.2,Put,2000,6.1,23.09,27.819,-13,1986,705
28-Oct-2025,2125.2,Put,2140,43.75,20.78,27.819,140,1626,703
28-Oct-2025,2125.2,Call,2120,46.4,19.26,27.819,28,1302,658
28-Oct-2025,2125.2,Put,2080,20,21.05,27.819,-71,894,632
28-Oct-2025,2125.2,Put,2060,14.45,21.27,27.819,51,1689,599
28-Oct-2025,2125.2,Call,2180,20.55,19.38,27.819,32,898,497
28-Oct-2025,2125.2,Call,2100,58.3,19.41,27.819,72,2801,456
28-Oct-2025,2125.2,Call,2240,7.6,19.48,27.819,27,783,332
28-Oct-2025,2125.2,Put,2040,11.05,21.78,27.819,30,1783,297
28-Oct-2025,2125.2,Call,2280,3.6,19.9,27.819,29,597,285
28-Oct-2025,2125.2,Call,2300,2.6,20.32,27.819,44,727,274
28-Oct-2025,2125.2,Put,2160,55.25,21.1,27.819,-40,768,209
28-Oct-2025,2125.2,Call,2260,5.2,19.61,27.819,45,824,181
28-Oct-2025,2125.2,Call,2220,10.5,19.42,27.819,36,536,167
28-Oct-2025,2125.2,Put,2020,8.05,22.26,27.819,3,889,119
28-Oct-2025,2125.2,Put,1980,4.55,23.68,27.819,35,954,119
25-Nov-2025,2125.2,-,0,2143.1,0,27.819,8,1519,89
28-Oct-2025,2125.2,Call,2080,72.7,20.48,27.819,-3,675,62
28-Oct-2025,2125.2,Put,1960,3.55,24.52,27.819,-20,564,61
28-Oct-2025,2125.2,Call,2000,137,19.79,27.819,-16,952,53
28-Oct-2025,2125.2,Call,2400,0.95,24.43,27.819,25,175,48
28-Oct-2025,2125.2,Put,1940,2.8,25.47,27.819,22,463,47
28-Oct-2025,2125.2,Call,2360,1.25,22.44,27.819,3,317,40
28-Oct-2025,2125.2,Call,2060,86.2,19.78,27.819,-9,627,38
25-Nov-2025,2125.2,Call,2200,36.6,18.34,27.819,8,91,38
28-Oct-2025,2125.2,Put,2180,68.9,21.13,27.819,-1,266,37
28-Oct-2025,2125.2,Put,1900,1.9,27.87,27.819,9,2015,36
28-Oct-2025,2125.2,Call,2320,1.85,20.68,27.819,-2,1157,26
25-Nov-2025,2125.2,Put,2100,40.1,20.41,27.819,15,64,26
28-Oct-2025,2125.2,Call,2040,102,19.67,27.819,-3,593,23
28-Oct-2025,2125.2,Put,2200,82.4,20.79,27.819,2,787,21
25-Nov-2025,2125.2,Put,2000,13.35,20.56,27.819,6,111,15
25-Nov-2025,2125.2,Call,2240,24,18.4,27.819,-3,54,11
28-Oct-2025,2125.2,Call,2340,1.5,21.54,27.819,1,280,10
28-Oct-2025,2125.2,Put,1920,2.15,26.26,27.819,0,524,6
30-Dec-2025,2125.2,-,0,2156.5,0,27.819,-1,1751,5
28-Oct-2025,2125.2,Put,2220,93.85,17.99,27.819,-1,92,5
28-Oct-2025,2125.2,Put,2240,117.85,23.65,27.819,1,100,5
25-Nov-2025,2125.2,Call,2100,86.95,19.3,27.819,-2,20,5
28-Oct-2025,2125.2,Call,2020,125.45,25.44,27.819,0,688,4
28-Oct-2025,2125.2,Put,1880,1.35,28.12,27.819,0,237,1
28-Oct-2025,2125.2,Call,1940,193.6,18.35,27.819,0,80,1
28-Oct-2025,2125.2,Put,1800,0.95,34.28,27.819,0,196,1
28-Oct-2025,2125.2,Put,1860,1.2,29.55,27.819,0,249,1
28-Oct-2025,2125.2,Call,1800,0,0,27.819,0,3,0
28-Oct-2025,2125.2,Call,2440,0,0,27.819,0,0,0
28-Oct-2025,2125.2,Put,2280,0,0,27.819,0,87,0
28-Oct-2025,2125.2,Put,2440,0,0,27.819,0,0,0
28-Oct-2025,2125.2,Put,2340,0,0,27.819,0,0,0
28-Oct-2025,2125.2,Call,1960,0,0,27.819,0,209,0
28-Oct-2025,2125.2,Call,1980,0,0,27.819,0,155,0
28-Oct-2025,2125.2,Call,1920,0,0,27.819,0,40,0
28-Oct-2025,2125.2,Put,1840,0,0,27.819,0,93,0
28-Oct-2025,2125.2,Put,2400,0,0,27.819,0,0,0
28-Oct-2025,2125.2,Put,1780,0,0,27.819,0,46,0
28-Oct-2025,2125.2,Put,1820,0,0,27.819,0,99,0
28-Oct-2025,2125.2,Put,2260,0,0,27.819,0,0,0
28-Oct-2025,2125.2,Put,2300,0,0,27.819,0,3,0
28-Oct-2025,2125.2,Put,2320,0,0,27.819,0,1,0
28-Oct-2025,2125.2,Put,2360,0,0,27.819,0,0,0
28-Oct-2025,2125.2,Call,1880,0,0,27.819,0,15,0
28-Oct-2025,2125.2,Call,1840,0,0,27.819,0,6,0
28-Oct-2025,2125.2,Call,1900,0,0,27.819,0,264,0
28-Oct-2025,2125.2,Put,1720,0,0,27.819,0,28,0
25-Nov-2025,2125.2,Call,1800,0,0,27.819,0,0,0
25-Nov-2025,2125.2,Call,2300,0,0,27.819,0,0,0
25-Nov-2025,2125.2,Call,1840,0,0,27.819,0,0,0
25-Nov-2025,2125.2,Put,1960,0,0,27.819,0,1,0
28-Oct-2025,2125.2,Call,1860,0,0,27.819,0,0,0
25-Nov-2025,2125.2,Call,1880,0,0,27.819,0,1,0
25-Nov-2025,2125.2,Call,2360,0,0,27.819,0,0,0
25-Nov-2025,2125.2,Put,2160,0,0,27.819,0,0,0
25-Nov-2025,2125.2,Put,2200,0,0,27.819,0,9,0
25-Nov-2025,2125.2,Put,2240,0,0,27.819,0,0,0
25-Nov-2025,2125.2,Call,1860,0,0,27.819,0,0,0
25-Nov-2025,2125.2,Put,2120,0,0,27.819,0,0,0
25-Nov-2025,2125.2,Put,2020,0,0,27.819,0,0,0
25-Nov-2025,2125.2,Call,1940,0,0,27.819,0,0,0
25-Nov-2025,2125.2,Put,2340,0,0,27.819,0,0,0
25-Nov-2025,2125.2,Call,1900,0,0,27.819,0,0,0
25-Nov-2025,2125.2,Call,2220,0,0,27.819,0,0,0
25-Nov-2025,2125.2,Put,2060,0,0,27.819,0,0,0
25-Nov-2025,2125.2,Call,1920,0,0,27.819,0,0,0
25-Nov-2025,2125.2,Put,1920,0,0,27.819,0,0,0
25-Nov-2025,2125.2,Put,2140,0,0,27.819,0,0,0
25-Nov-2025,2125.2,Put,2300,0,0,27.819,0,0,0
25-Nov-2025,2125.2,Call,2000,0,0,27.819,0,6,0
25-Nov-2025,2125.2,Call,2340,0,0,27.819,0,0,0
25-Nov-2025,2125.2,Call,2020,0,0,27.819,0,0,0
25-Nov-2025,2125.2,Put,2180,0,0,27.819,0,0,0
25-Nov-2025,2125.2,Call,2040,0,0,27.819,0,3,0
25-Nov-2025,2125.2,Call,2140,0,0,27.819,0,18,0
25-Nov-2025,2125.2,Put,1840,0,0,27.819,0,12,0
25-Nov-2025,2125.2,Call,2060,0,0,27.819,0,0,0
25-Nov-2025,2125.2,Call,2400,0,0,27.819,0,0,0
25-Nov-2025,2125.2,Put,2080,0,0,27.819,0,2,0
25-Nov-2025,2125.2,Put,1860,0,0,27.819,0,0,0
25-Nov-2025,2125.2,Call,2080,0,0,27.819,0,0,0
25-Nov-2025,2125.2,Put,1880,0,0,27.819,0,0,0
25-Nov-2025,2125.2,Call,2440,0,0,27.819,0,0,0
25-Nov-2025,2125.2,Put,1940,0,0,27.819,0,0,0
25-Nov-2025,2125.2,Call,1980,0,0,27.819,0,0,0
25-Nov-2025,2125.2,Put,1980,0,0,27.819,0,0,0
25-Nov-2025,2125.2,Call,1960,0,0,27.819,0,0,0
25-Nov-2025,2125.2,Put,2320,0,0,27.819,0,0,0
25-Nov-2025,2125.2,Put,2400,0,0,27.819,0,0,0
25-Nov-2025,2125.2,Put,2440,0,0,27.819,0,0,0
25-Nov-2025,2125.2,Put,2220,0,0,27.819,0,0,0
25-Nov-2025,2125.2,Put,2360,0,0,27.819,0,0,0
25-Nov-2025,2125.2,Put,1800,0,0,27.819,0,0,0
25-Nov-2025,2125.2,Call,2320,0,0,27.819,0,0,0
25-Nov-2025,2125.2,Put,1900,0,0,27.819,0,2,0
25-Nov-2025,2125.2,Call,2180,0,0,27.819,0,0,0
25-Nov-2025,2125.2,Put,2280,0,0,27.819,0,0,0
25-Nov-2025,2125.2,Call,2260,0,0,27.819,0,0,0
25-Nov-2025,2125.2,Put,2040,0,0,27.819,0,0,0
25-Nov-2025,2125.2,Put,2260,0,0,27.819,0,0,0
30-Dec-2025,2125.2,Put,2120,0,0,27.819,0,0,0
25-Nov-2025,2125.2,Call,2280,0,0,27.819,0,41,0
30-Dec-2025,2125.2,Put,1760,0,0,27.819,0,0,0
30-Dec-2025,2125.2,Put,2240,0,0,27.819,0,0,0
30-Dec-2025,2125.2,Call,2160,0,0,27.819,0,0,0
30-Dec-2025,2125.2,Put,2080,0,0,0,0,0,0
25-Nov-2025,2125.2,Call,2160,0,0,27.819,0,0,0
30-Dec-2025,2125.2,Call,2240,0,0,27.819,0,0,0
30-Dec-2025,2125.2,Put,1840,0,0,27.819,0,0,0
25-Nov-2025,2125.2,Call,2120,0,0,27.819,0,0,0
30-Dec-2025,2125.2,Call,2120,0,0,27.819,0,0,0
30-Dec-2025,2125.2,Call,2280,0,0,0,0,0,0
30-Dec-2025,2125.2,Call,2200,0,0,27.819,0,1,0
30-Dec-2025,2125.2,Put,2160,0,0,27.819,0,0,0
30-Dec-2025,2125.2,Put,2200,0,0,27.819,0,0,0
