28-Oct-2025,3728.8,Call,3800,36.95,16.66,28.2572,-93,6648,5678
28-Oct-2025,3728.8,-,0,3740.4,0,28.2572,-195,92837,5175
28-Oct-2025,3728.8,Call,3750,56.4,16.26,28.2572,99,2673,3279
28-Oct-2025,3728.8,Call,3700,83.75,15.98,28.2572,2,3189,2730
28-Oct-2025,3728.8,Call,3900,15.35,17.96,28.2572,194,2670,2138
28-Oct-2025,3728.8,Put,3700,43.3,18.8,28.2572,-73,2190,1895
28-Oct-2025,3728.8,Call,3760,52.65,16.47,28.2572,45,607,1770
28-Oct-2025,3728.8,Call,3740,62,16.16,28.2572,147,580,1753
28-Oct-2025,3728.8,Put,3750,66.8,19.07,28.2572,38,1072,1596
28-Oct-2025,3728.8,Call,4000,6.3,19.66,28.2572,116,3872,1468
28-Oct-2025,3728.8,Call,3780,43.4,16.5,28.2572,17,1197,1439
28-Oct-2025,3728.8,Call,3850,23.4,17.21,28.2572,78,898,945
28-Oct-2025,3728.8,Put,3720,52,18.94,28.2572,0,175,747
28-Oct-2025,3728.8,Put,3600,15.8,19.11,28.2572,-8,2376,724
28-Oct-2025,3728.8,Put,3760,72.3,19.11,28.2572,22,368,648
28-Oct-2025,3728.8,Put,3740,62.35,19.13,28.2572,11,236,638
28-Oct-2025,3728.8,Call,3820,30.2,16.81,28.2572,180,342,633
28-Oct-2025,3728.8,Put,3780,82.55,19.22,28.2572,44,202,626
28-Oct-2025,3728.8,Put,3800,96.2,19.87,28.2572,58,874,571
28-Oct-2025,3728.8,Call,3600,154,11.99,28.2572,50,902,505
28-Oct-2025,3728.8,Call,3720,72,16.16,28.2572,80,238,470
28-Oct-2025,3728.8,Call,4200,1.6,23.58,28.2572,-11,1200,431
28-Oct-2025,3728.8,Put,3680,35.6,18.72,28.2572,-9,266,386
28-Oct-2025,3728.8,Put,3500,5.7,20.48,28.2572,-60,1300,384
28-Oct-2025,3728.8,Call,4100,2.55,20.98,28.2572,-81,2212,368
28-Oct-2025,3728.8,Put,3650,26.55,18.85,28.2572,-20,1074,367
28-Oct-2025,3728.8,Call,4080,3.15,20.68,28.2572,247,434,339
28-Oct-2025,3728.8,Call,3840,26.15,17.04,28.2572,-13,630,338
28-Oct-2025,3728.8,Call,3950,9.8,18.63,28.2572,29,647,291
28-Oct-2025,3728.8,Put,3550,9.5,19.87,28.2572,25,535,277
25-Nov-2025,3728.8,-,0,3760,0,28.2572,23,1066,268
28-Oct-2025,3728.8,Call,4050,4.15,20.24,28.2572,-8,811,173
28-Oct-2025,3728.8,Call,3650,117.15,15.18,28.2572,-20,443,159
28-Oct-2025,3728.8,Put,3660,28.95,18.77,28.2572,-6,332,157
28-Oct-2025,3728.8,Call,3860,21.35,17.2,28.2572,46,154,148
28-Oct-2025,3728.8,Put,3820,110.65,20.58,28.2572,36,51,125
28-Oct-2025,3728.8,Put,3640,24,18.98,28.2572,14,208,123
28-Oct-2025,3728.8,Call,3680,98.3,15.97,28.2572,1,1029,107
25-Nov-2025,3728.8,Call,4000,38.1,20.74,28.2572,21,287,79
28-Oct-2025,3728.8,Call,3960,9.35,19.01,28.2572,36,254,78
28-Oct-2025,3728.8,Call,3940,10.45,18.34,28.2572,45,128,72
28-Oct-2025,3728.8,Put,3520,6.85,20.11,28.2572,-16,92,69
28-Oct-2025,3728.8,Put,3400,2.3,22.96,28.2572,20,807,69
30-Dec-2025,3728.8,-,0,3784,0,28.2572,-13,1106,61
28-Oct-2025,3728.8,Put,3540,9.1,20.25,28.2572,-21,87,58
28-Oct-2025,3728.8,Call,3500,247,0,28.2572,-9,315,51
25-Nov-2025,3728.8,Put,3700,84.1,22.46,28.2572,6,75,50
28-Oct-2025,3728.8,Put,3560,10.75,19.78,28.2572,-11,75,49
28-Oct-2025,3728.8,Put,3900,172.05,24.03,28.2572,3,212,46
28-Oct-2025,3728.8,Call,4040,4.35,19.92,28.2572,-2,130,45
28-Oct-2025,3728.8,Call,3920,12.55,18.27,28.2572,27,73,41
28-Oct-2025,3728.8,Put,3480,4.65,20.84,28.2572,16,128,37
28-Oct-2025,3728.8,Call,3550,199.85,0,28.2572,9,163,29
25-Nov-2025,3728.8,Call,3800,97.75,19.74,28.2572,4,97,26
28-Oct-2025,3728.8,Put,3200,0.95,30.49,28.2572,1,261,25
25-Nov-2025,3728.8,Call,3700,148.55,19.41,28.2572,1,63,23
25-Nov-2025,3728.8,Put,3400,13.95,22.89,28.2572,19,205,22
28-Oct-2025,3728.8,Put,4000,262,24.93,28.2572,3,351,20
28-Oct-2025,3728.8,Put,3850,136.6,22.26,28.2572,4,92,19
28-Oct-2025,3728.8,Put,3450,3.5,21.43,28.2572,-7,654,19
25-Nov-2025,3728.8,Put,3600,49.9,22.48,28.2572,3,141,19
28-Oct-2025,3728.8,Call,3980,7.3,18.98,28.2572,6,101,16
25-Nov-2025,3728.8,Call,3900,60.35,19.77,28.2572,0,11,8
25-Nov-2025,3728.8,Call,4200,15.5,22.71,28.2572,5,72,8
28-Oct-2025,3728.8,Call,3620,135.65,11.48,28.2572,0,29,7
28-Oct-2025,3728.8,Call,3660,109.55,14.86,28.2572,-1,109,4
28-Oct-2025,3728.8,Call,4120,2.9,22.19,28.2572,0,302,3
28-Oct-2025,3728.8,Put,3300,0.7,23.79,28.2572,0,552,3
25-Nov-2025,3728.8,Put,3800,123,20.96,28.2572,1,9,3
28-Oct-2025,3728.8,Put,3250,1.05,27.7,28.2572,0,29,2
25-Nov-2025,3728.8,Call,4400,7.5,25.25,28.2572,1,26,2
28-Oct-2025,3728.8,Call,3880,27.85,21.12,28.2572,0,0,1
28-Oct-2025,3728.8,Put,3000,0.45,37.04,28.2572,0,34,1
25-Nov-2025,3728.8,Put,3900,175,19.37,28.2572,0,1,1
30-Dec-2025,3728.8,Call,3800,127,16.7,28.2572,0,0,1
28-Oct-2025,3728.8,Put,4100,0,0,28.2572,0,272,0
28-Oct-2025,3728.8,Call,3450,0,0,28.2572,0,44,0
28-Oct-2025,3728.8,Put,3950,0,0,28.2572,0,28,0
28-Oct-2025,3728.8,Call,3280,0,0,28.2572,0,0,0
28-Oct-2025,3728.8,Call,3320,0,0,28.2572,0,0,0
28-Oct-2025,3728.8,Call,3360,0,0,28.2572,0,0,0
28-Oct-2025,3728.8,Call,3440,0,0,28.2572,0,0,0
28-Oct-2025,3728.8,Call,3460,0,0,28.2572,0,0,0
28-Oct-2025,3728.8,Call,3480,0,0,28.2572,0,0,0
28-Oct-2025,3728.8,Call,3520,0,0,28.2572,0,0,0
28-Oct-2025,3728.8,Call,3580,0,0,28.2572,0,0,0
28-Oct-2025,3728.8,Put,3580,0,0,28.2572,0,0,0
28-Oct-2025,3728.8,Put,3840,0,0,28.2572,0,0,0
28-Oct-2025,3728.8,Put,3350,0,0,28.2572,0,158,0
28-Oct-2025,3728.8,Call,4160,0,0,28.2572,0,2,0
28-Oct-2025,3728.8,Put,4160,0,0,28.2572,0,0,0
28-Oct-2025,3728.8,Put,3940,0,0,28.2572,0,0,0
28-Oct-2025,3728.8,Put,3980,0,0,28.2572,0,0,0
28-Oct-2025,3728.8,Put,3880,0,0,28.2572,0,0,0
28-Oct-2025,3728.8,Put,3920,0,0,28.2572,0,0,0
28-Oct-2025,3728.8,Put,4040,0,0,28.2572,0,0,0
28-Oct-2025,3728.8,Put,4080,0,0,28.2572,0,0,0
28-Oct-2025,3728.8,Put,4120,0,0,28.2572,0,0,0
28-Oct-2025,3728.8,Put,4200,0,0,28.2572,0,8,0
28-Oct-2025,3728.8,Call,3540,0,0,28.2572,0,0,0
28-Oct-2025,3728.8,Put,3280,0,0,28.2572,0,0,0
28-Oct-2025,3728.8,Call,3200,0,0,28.2572,0,55,0
28-Oct-2025,3728.8,Call,3300,0,0,28.2572,0,1,0
28-Oct-2025,3728.8,Call,3240,0,0,28.2572,0,0,0
28-Oct-2025,3728.8,Put,3460,0,0,28.2572,0,1,0
25-Nov-2025,3728.8,Call,3620,0,0,28.2572,0,0,0
25-Nov-2025,3728.8,Put,4040,0,0,28.2572,0,0,0
28-Oct-2025,3728.8,Put,3620,0,0,28.2572,0,0,0
25-Nov-2025,3728.8,Put,3320,0,0,28.2572,0,0,0
25-Nov-2025,3728.8,Put,3860,0,0,28.2572,0,0,0
25-Nov-2025,3728.8,Call,3920,0,0,28.2572,0,3,0
25-Nov-2025,3728.8,Call,3820,0,0,28.2572,0,3,0
25-Nov-2025,3728.8,Call,3840,0,0,28.2572,0,0,0
28-Oct-2025,3728.8,Call,3640,0,0,28.2572,0,58,0
25-Nov-2025,3728.8,Call,3280,0,0,28.2572,0,0,0
25-Nov-2025,3728.8,Put,3780,0,0,28.2572,0,4,0
25-Nov-2025,3728.8,Call,3960,0,0,28.2572,0,0,0
25-Nov-2025,3728.8,Call,3880,0,0,28.2572,0,0,0
28-Oct-2025,3728.8,Call,3400,0,0,28.2572,0,44,0
25-Nov-2025,3728.8,Put,4120,0,0,28.2572,0,0,0
25-Nov-2025,3728.8,Call,3360,0,0,28.2572,0,0,0
25-Nov-2025,3728.8,Call,3940,0,0,28.2572,0,3,0
25-Nov-2025,3728.8,Call,3580,0,0,28.2572,0,0,0
28-Oct-2025,3728.8,Put,3860,0,0,28.2572,0,24,0
28-Oct-2025,3728.8,Call,3560,0,0,28.2572,0,0,0
25-Nov-2025,3728.8,Put,3580,0,0,28.2572,0,0,0
25-Nov-2025,3728.8,Call,3680,0,0,28.2572,0,1,0
25-Nov-2025,3728.8,Put,3240,0,0,28.2572,0,0,0
25-Nov-2025,3728.8,Call,3400,0,0,28.2572,0,0,0
25-Nov-2025,3728.8,Call,3440,0,0,28.2572,0,0,0
30-Dec-2025,3728.8,Put,3720,0,0,28.2572,0,0,0
25-Nov-2025,3728.8,Put,3520,0,0,28.2572,0,0,0
25-Nov-2025,3728.8,Put,3960,0,0,28.2572,0,0,0
25-Nov-2025,3728.8,Put,3920,0,0,28.2572,0,0,0
25-Nov-2025,3728.8,Call,3480,0,0,28.2572,0,0,0
28-Oct-2025,3728.8,Put,3960,0,0,28.2572,0,0,0
30-Dec-2025,3728.8,Call,4160,0,0,0,0,0,0
25-Nov-2025,3728.8,Put,3820,0,0,28.2572,0,0,0
30-Dec-2025,3728.8,Call,4080,0,0,0,0,0,0
25-Nov-2025,3728.8,Call,3600,0,0,28.2572,0,52,0
25-Nov-2025,3728.8,Put,4080,0,0,28.2572,0,0,0
25-Nov-2025,3728.8,Call,3200,0,0,28.2572,0,0,0
25-Nov-2025,3728.8,Put,3840,0,0,28.2572,0,7,0
25-Nov-2025,3728.8,Call,3740,0,0,28.2572,0,0,0
25-Nov-2025,3728.8,Put,3500,0,0,28.2572,0,0,0
28-Oct-2025,3728.8,Put,3440,0,0,28.2572,0,46,0
30-Dec-2025,3728.8,Call,3840,0,0,28.2572,0,0,0
25-Nov-2025,3728.8,Call,3540,0,0,28.2572,0,0,0
30-Dec-2025,3728.8,Put,3960,0,0,28.2572,0,0,0
30-Dec-2025,3728.8,Call,3720,0,0,28.2572,0,0,0
28-Oct-2025,3728.8,Put,3240,0,0,28.2572,0,0,0
25-Nov-2025,3728.8,Put,4160,0,0,28.2572,0,0,0
25-Nov-2025,3728.8,Put,3720,0,0,28.2572,0,7,0
25-Nov-2025,3728.8,Call,3560,0,0,28.2572,0,0,0
25-Nov-2025,3728.8,Call,3860,0,0,28.2572,0,0,0
25-Nov-2025,3728.8,Call,3780,0,0,28.2572,0,0,0
25-Nov-2025,3728.8,Put,3880,0,0,28.2572,0,0,0
25-Nov-2025,3728.8,Put,3540,0,0,28.2572,0,0,0
28-Oct-2025,3728.8,Put,3360,0,0,28.2572,0,0,0
25-Nov-2025,3728.8,Call,3760,0,0,28.2572,0,0,0
25-Nov-2025,3728.8,Put,3660,0,0,28.2572,0,3,0
25-Nov-2025,3728.8,Put,4200,0,0,28.2572,0,0,0
30-Dec-2025,3728.8,Put,3640,0,0,28.2572,0,0,0
25-Nov-2025,3728.8,Put,3760,0,0,28.2572,0,0,0
25-Nov-2025,3728.8,Call,3240,0,0,28.2572,0,0,0
25-Nov-2025,3728.8,Put,3480,0,0,28.2572,0,0,0
25-Nov-2025,3728.8,Put,3680,0,0,28.2572,0,4,0
25-Nov-2025,3728.8,Put,3200,0,0,28.2572,0,36,0
25-Nov-2025,3728.8,Call,3320,0,0,28.2572,0,0,0
25-Nov-2025,3728.8,Call,3660,0,0,28.2572,0,2,0
25-Nov-2025,3728.8,Call,4040,0,0,28.2572,0,0,0
25-Nov-2025,3728.8,Call,3460,0,0,28.2572,0,0,0
30-Dec-2025,3728.8,Call,3960,0,0,28.2572,0,0,0
30-Dec-2025,3728.8,Put,3600,0,0,28.2572,0,0,0
25-Nov-2025,3728.8,Call,3640,0,0,28.2572,0,0,0
30-Dec-2025,3728.8,Call,3680,0,0,28.2572,0,0,0
25-Nov-2025,3728.8,Put,3620,0,0,28.2572,0,0,0
30-Dec-2025,3728.8,Put,3520,0,0,0,0,0,0
30-Dec-2025,3728.8,Call,4000,0,0,28.2572,0,1,0
25-Nov-2025,3728.8,Call,3500,0,0,28.2572,0,0,0
25-Nov-2025,3728.8,Call,3520,0,0,28.2572,0,0,0
25-Nov-2025,3728.8,Put,3280,0,0,28.2572,0,0,0
25-Nov-2025,3728.8,Call,3980,0,0,28.2572,0,0,0
30-Dec-2025,3728.8,Call,3760,0,0,28.2572,0,0,0
25-Nov-2025,3728.8,Put,3740,0,0,28.2572,0,2,0
30-Dec-2025,3728.8,Put,3680,0,0,28.2572,0,0,0
30-Dec-2025,3728.8,Put,3880,0,0,28.2572,0,0,0
28-Oct-2025,3728.8,Put,3320,0,0,28.2572,0,0,0
25-Nov-2025,3728.8,Put,3560,0,0,28.2572,0,0,0
30-Dec-2025,3728.8,Put,3800,0,0,28.2572,0,0,0
25-Nov-2025,3728.8,Put,3640,0,0,28.2572,0,3,0
25-Nov-2025,3728.8,Call,3720,0,0,28.2572,0,1,0
25-Nov-2025,3728.8,Put,4000,0,0,28.2572,0,0,0
30-Dec-2025,3728.8,Call,3920,0,0,28.2572,0,0,0
30-Dec-2025,3728.8,Put,3760,0,0,28.2572,0,0,0
30-Dec-2025,3728.8,Put,3560,0,0,0,0,0,0
25-Nov-2025,3728.8,Put,3940,0,0,28.2572,0,0,0
30-Dec-2025,3728.8,Call,3880,0,0,28.2572,0,0,0
30-Dec-2025,3728.8,Put,3920,0,0,28.2572,0,0,0
25-Nov-2025,3728.8,Put,3980,0,0,28.2572,0,0,0
30-Dec-2025,3728.8,Put,3840,0,0,28.2572,0,0,0
