28-Oct-2025,1911.8,-,0,1921.1,0,32.634,298,25784,1345
28-Oct-2025,1911.8,Call,1940,33.6,23.71,32.634,145,1111,1085
28-Oct-2025,1911.8,Call,2000,15.45,24.27,32.634,38,1314,847
28-Oct-2025,1911.8,Call,1960,26.35,23.97,32.634,65,640,613
28-Oct-2025,1911.8,Call,1920,42.7,23.81,32.634,97,321,471
28-Oct-2025,1911.8,Call,1980,19.65,23.69,32.634,1,334,418
28-Oct-2025,1911.8,Put,1900,31.65,23.25,32.634,19,532,359
28-Oct-2025,1911.8,Put,1920,41.1,23.19,32.634,40,240,348
28-Oct-2025,1911.8,Put,1940,51.8,23.31,32.634,24,571,324
28-Oct-2025,1911.8,Call,2100,4,26.27,32.634,48,683,227
28-Oct-2025,1911.8,Call,1900,52.45,23.92,32.634,67,275,186
25-Nov-2025,1911.8,-,0,1930.1,0,32.634,50,300,143
28-Oct-2025,1911.8,Call,2020,11.5,24.35,32.634,14,317,143
28-Oct-2025,1911.8,Put,1800,7,24.66,32.634,10,216,118
28-Oct-2025,1911.8,Call,2040,8.6,24.6,32.634,-2,719,107
28-Oct-2025,1911.8,Put,1840,13.25,23.82,32.634,-6,252,106
28-Oct-2025,1911.8,Put,1880,24.2,23.37,32.634,32,286,90
28-Oct-2025,1911.4,Put,1960,64.5,23.29,32.634,-5,400,84
28-Oct-2025,1911.8,Put,1860,18,23.53,32.634,16,533,73
28-Oct-2025,1911.8,Put,1980,77.3,22.7,32.634,1,237,68
28-Oct-2025,1911.8,Call,2140,2.45,27.43,32.634,37,100,63
28-Oct-2025,1911.8,Call,2060,6.6,25.09,32.634,-1,362,47
28-Oct-2025,1911.8,Put,1780,5.3,25.51,32.634,-10,63,44
28-Oct-2025,1911.8,Call,2080,5.1,25.64,32.634,13,93,44
28-Oct-2025,1911.8,Put,1760,3.9,26.19,32.634,12,109,44
28-Oct-2025,1911.8,Call,1880,65,24.73,32.634,10,38,28
28-Oct-2025,1911.8,Put,1820,9.55,24.1,32.634,1,64,22
28-Oct-2025,1911.8,Call,2200,1.4,29.83,32.634,-5,333,21
25-Nov-2025,1911.8,Call,2000,40.4,24.07,32.634,10,35,20
28-Oct-2025,1911.8,Put,1720,2.05,27.47,32.634,16,141,17
28-Oct-2025,1911.8,Put,2000,90.2,21.09,32.634,-1,415,16
28-Oct-2025,1911.8,Call,2120,3.1,26.8,32.634,3,107,12
28-Oct-2025,1911.8,Call,1860,78.7,26.07,32.634,3,21,10
25-Nov-2025,1911.8,Call,2100,18.4,25.17,32.634,7,7,9
28-Oct-2025,1911.8,Call,2280,0.9,33.92,32.634,-3,250,7
28-Oct-2025,1911.8,Call,2160,1.95,28.06,32.634,-2,198,7
28-Oct-2025,1911.8,Put,1560,0.6,38.88,32.634,-3,10,7
30-Dec-2025,1911.8,-,0,1945.2,0,32.634,0,36,6
25-Nov-2025,1911.8,Put,1800,21,25.47,32.634,0,24,6
25-Nov-2025,1911.8,Put,1900,52,24.84,32.634,2,25,4
25-Nov-2025,1911.4,Put,1920,58.05,23.74,32.634,2,5,3
28-Oct-2025,1911.8,Call,2180,1.7,29.11,32.634,0,73,2
25-Nov-2025,1911.8,Put,1940,69.9,24.42,32.634,1,5,2
28-Oct-2025,1911.8,Put,1740,3.2,27.54,32.634,0,29,1
28-Oct-2025,1911.8,Put,1700,1.8,29.13,32.634,0,63,1
25-Nov-2025,1911.8,Put,1960,77.55,23.25,32.634,0,5,1
25-Nov-2025,1911.8,Call,2080,27.55,27.7,32.634,0,0,1
28-Oct-2025,1911.8,Put,2280,0,0,32.634,0,1,0
28-Oct-2025,1911.8,Put,2240,0,0,32.634,0,6,0
28-Oct-2025,1911.8,Call,2260,0,0,32.634,0,153,0
28-Oct-2025,1911.8,Call,1840,0,0,32.634,0,2,0
28-Oct-2025,1911.8,Call,1720,0,0,32.634,0,0,0
28-Oct-2025,1911.8,Put,2180,0,0,32.634,0,0,0
28-Oct-2025,1911.4,Call,2240,0,0,32.634,0,58,0
28-Oct-2025,1911.8,Call,1680,0,0,32.634,0,0,0
28-Oct-2025,1911.8,Call,1760,0,0,32.634,0,0,0
28-Oct-2025,1911.8,Put,2040,0,0,32.634,0,132,0
28-Oct-2025,1911.8,Put,2100,0,0,32.634,0,131,0
28-Oct-2025,1911.8,Call,1800,0,0,32.634,0,0,0
28-Oct-2025,1911.8,Put,2120,0,0,32.634,0,0,0
28-Oct-2025,1911.8,Put,2020,0,0,32.634,0,75,0
28-Oct-2025,1911.8,Put,2160,0,0,32.634,0,0,0
28-Oct-2025,1911.4,Call,1780,0,0,32.634,0,0,0
28-Oct-2025,1911.8,Call,1640,0,0,32.634,0,0,0
28-Oct-2025,1911.8,Put,2200,0,0,32.634,0,82,0
28-Oct-2025,1911.4,Call,1740,0,0,32.634,0,0,0
28-Oct-2025,1911.8,Put,2080,0,0,32.634,0,1,0
28-Oct-2025,1911.8,Put,2060,0,0,32.634,0,34,0
28-Oct-2025,1911.8,Call,1820,0,0,32.634,0,2,0
28-Oct-2025,1911.8,Put,2140,0,0,32.634,0,0,0
28-Oct-2025,1911.8,Put,2320,0,0,32.634,0,28,0
28-Oct-2025,1911.8,Call,1600,0,0,32.634,0,0,0
28-Oct-2025,1911.4,Put,1640,0,0,32.634,0,0,0
28-Oct-2025,1911.4,Call,2320,0,0,32.634,0,0,0
28-Oct-2025,1911.8,Put,1600,0,0,32.634,0,75,0
25-Nov-2025,1911.8,Put,1760,0,0,32.634,0,0,0
25-Nov-2025,1911.8,Call,2160,0,0,32.634,0,0,0
25-Nov-2025,1911.8,Call,1680,0,0,32.634,0,0,0
25-Nov-2025,1911.8,Put,2000,0,0,32.634,0,1,0
28-Oct-2025,1911.8,Put,1680,0,0,32.634,0,7,0
25-Nov-2025,1911.8,Put,1720,0,0,32.634,0,0,0
25-Nov-2025,1911.8,Call,2240,0,0,32.634,0,0,0
25-Nov-2025,1911.8,Put,2140,0,0,32.634,0,0,0
25-Nov-2025,1911.4,Put,2320,0,0,32.634,0,1,0
25-Nov-2025,1911.4,Put,2280,0,0,32.634,0,0,0
25-Nov-2025,1911.4,Call,2280,0,0,32.634,0,0,0
25-Nov-2025,1911.8,Call,1760,0,0,32.634,0,0,0
25-Nov-2025,1911.8,Put,1640,0,0,32.634,0,0,0
25-Nov-2025,1911.8,Call,1640,0,0,32.634,0,0,0
25-Nov-2025,1911.8,Put,1680,0,0,32.634,0,0,0
25-Nov-2025,1911.8,Put,2180,0,0,32.634,0,0,0
25-Nov-2025,1911.4,Call,1600,0,0,32.634,0,0,0
25-Nov-2025,1911.8,Call,1920,0,0,32.634,0,0,0
25-Nov-2025,1911.8,Put,2100,0,0,32.634,0,0,0
25-Nov-2025,1911.4,Put,2240,0,0,32.634,0,0,0
25-Nov-2025,1911.8,Call,1840,0,0,32.634,0,0,0
25-Nov-2025,1911.8,Call,1800,0,0,32.634,0,0,0
25-Nov-2025,1911.8,Put,2200,0,0,32.634,0,0,0
25-Nov-2025,1911.8,Call,1720,0,0,32.634,0,0,0
25-Nov-2025,1911.8,Call,2120,0,0,32.634,0,0,0
25-Nov-2025,1911.8,Call,2200,0,0,32.634,0,0,0
25-Nov-2025,1911.8,Call,1940,0,0,32.634,0,1,0
25-Nov-2025,1911.8,Put,1600,0,0,32.634,0,0,0
25-Nov-2025,1911.4,Call,2020,0,0,32.634,0,0,0
25-Nov-2025,1911.8,Put,1840,0,0,32.634,0,0,0
25-Nov-2025,1911.4,Call,1980,0,0,32.634,0,0,0
25-Nov-2025,1911.8,Call,2140,0,0,32.634,0,0,0
25-Nov-2025,1911.4,Put,1980,0,0,32.634,0,0,0
25-Nov-2025,1911.8,Call,2180,0,0,32.634,0,0,0
25-Nov-2025,1911.8,Put,2060,0,0,32.634,0,0,0
25-Nov-2025,1911.8,Call,1780,0,0,32.634,0,0,0
25-Nov-2025,1911.4,Put,2040,0,0,32.634,0,0,0
25-Nov-2025,1911.8,Call,1740,0,0,32.634,0,0,0
25-Nov-2025,1911.8,Put,2020,0,0,32.634,0,0,0
25-Nov-2025,1911.8,Call,1860,0,0,32.634,0,0,0
25-Nov-2025,1911.4,Call,1820,0,0,32.634,0,0,0
25-Nov-2025,1911.8,Call,1900,0,0,32.634,0,0,0
25-Nov-2025,1911.8,Put,1780,0,0,32.634,0,0,0
25-Nov-2025,1911.4,Put,1860,0,0,32.634,0,0,0
25-Nov-2025,1911.8,Put,1740,0,0,32.634,0,0,0
25-Nov-2025,1911.8,Put,1820,0,0,32.634,0,0,0
25-Nov-2025,1911.8,Put,2120,0,0,32.634,0,0,0
25-Nov-2025,1911.8,Call,2060,0,0,32.634,0,0,0
25-Nov-2025,1911.8,Call,2040,0,0,32.634,0,9,0
25-Nov-2025,1911.8,Call,2320,0,0,32.634,0,0,0
25-Nov-2025,1911.8,Put,1880,0,0,32.634,0,0,0
30-Dec-2025,1911.8,Call,1920,0,0,32.634,0,0,0
25-Nov-2025,1911.8,Call,1880,0,0,32.634,0,0,0
30-Dec-2025,1911.8,Call,1880,0,0,32.634,0,0,0
30-Dec-2025,1911.8,Put,1600,0,0,32.634,0,0,0
25-Nov-2025,1911.4,Put,2080,0,0,32.634,0,0,0
25-Nov-2025,1911.8,Put,2160,0,0,32.634,0,0,0
30-Dec-2025,1911.8,Put,1920,0,0,32.634,0,0,0
25-Nov-2025,1911.8,Call,1960,0,0,32.634,0,1,0
30-Dec-2025,1911.4,Put,1840,0,0,32.634,0,0,0
30-Dec-2025,1911.8,Put,1880,0,0,32.634,0,0,0
30-Dec-2025,1911.8,Put,1800,0,0,32.634,0,0,0
30-Dec-2025,1911.8,Call,2040,0,0,32.634,0,0,0
30-Dec-2025,1911.8,Put,1960,0,0,32.634,0,0,0
30-Dec-2025,1911.8,Put,2040,0,0,32.634,0,0,0
30-Dec-2025,1911.8,Put,2000,0,0,32.634,0,0,0
30-Dec-2025,1911.8,Call,2080,0,0,32.634,0,0,0
30-Dec-2025,1911.8,Call,2120,0,0,32.634,0,0,0
30-Dec-2025,1911.8,Call,2000,0,0,32.634,0,0,0
30-Dec-2025,1911.8,Call,1960,0,0,32.634,0,0,0
