14-Oct-2025,25169.25,Call,25200,105.85,7.97,15.2132,103870,176574,1123075
14-Oct-2025,25169.25,Put,25100,64.15,8.58,15.2132,112305,155580,811209
14-Oct-2025,25169.25,Call,25150,133.8,8.06,15.2132,60125,84854,725019
14-Oct-2025,25169.25,Put,25200,103.95,8.42,15.2132,79337,120312,694499
14-Oct-2025,25169.25,Put,25150,82.1,8.47,15.2132,79794,100556,664341
14-Oct-2025,25169.25,Call,25300,61.75,7.92,15.2132,45404,108741,576586
14-Oct-2025,25169.25,Call,25100,165.95,8.14,15.2132,43736,77765,570628
14-Oct-2025,25169.25,Call,25250,81.45,7.93,15.2132,54905,75919,538306
14-Oct-2025,25169.25,Put,25000,39.1,8.9,15.2132,58892,148779,519530
14-Oct-2025,25169.25,Call,25400,33.8,8.02,15.2132,37633,96752,431272
14-Oct-2025,25169.25,Call,25500,18.6,8.31,15.2132,32094,98842,357660
14-Oct-2025,25169.25,Call,25350,45.95,7.93,15.2132,30745,55084,334514
14-Oct-2025,25169.25,Put,25050,50.1,8.71,15.2132,39353,55206,311859
14-Oct-2025,25169.25,Call,26000,2.3,11.49,15.2132,33509,105204,285958
14-Oct-2025,25169.25,Call,26500,1.1,15.65,15.2132,25682,83808,272957
14-Oct-2025,25169.25,Put,24900,24.2,9.37,15.2132,29295,72016,232255
14-Oct-2025,25169.25,Call,25450,24.7,8.1,15.2132,24626,42817,219140
14-Oct-2025,25169.25,Put,24950,30.4,9.08,15.2132,23332,39665,194105
14-Oct-2025,25169.25,Call,25600,10.25,8.67,15.2132,17192,57554,192067
14-Oct-2025,25169.25,Call,25700,6.1,9.22,15.2132,18281,52108,172592
14-Oct-2025,25169.25,Put,24800,15.2,9.94,15.2132,10404,51379,166229
14-Oct-2025,25169.25,Call,25900,2.95,10.66,15.2132,20228,47349,162673
14-Oct-2025,25169.25,Put,25250,130.15,8.37,15.2132,17319,23950,157887
14-Oct-2025,25169.25,Put,25300,159.8,8.36,15.2132,14604,30651,156109
14-Oct-2025,25169.25,Put,24000,3.2,17.74,15.2132,21080,87926,152109
14-Oct-2025,25169.25,Call,25800,4.1,9.87,15.2132,18799,57776,147147
14-Oct-2025,25169.25,Call,25550,13.6,8.47,15.2132,15092,27769,144903
14-Oct-2025,25169.25,Call,25000,240.55,8.35,15.2132,6300,44340,142867
14-Oct-2025,25169.25,Call,25050,202.15,8.24,15.2132,9783,15493,135372
14-Oct-2025,25169.25,Call,26100,1.85,12.29,15.2132,9693,21675,120629
14-Oct-2025,25169.25,Put,24850,18.85,9.61,15.2132,9024,28016,119595
14-Oct-2025,25169.25,Call,25650,7.8,8.94,15.2132,10262,24098,117001
14-Oct-2025,25169.25,Put,24700,10.4,10.67,15.2132,12861,47450,113042
14-Oct-2025,25169.25,Call,25950,2.55,11.05,15.2132,4754,13024,113008
14-Oct-2025,25169.25,Call,26200,1.6,13.19,15.2132,14464,28494,104677
14-Oct-2025,25169.25,Put,24500,6.05,12.51,15.2132,12674,64392,104374
14-Oct-2025,25169.25,Call,26050,2,11.83,15.2132,6852,11823,100643
14-Oct-2025,25169.25,Put,24300,4.45,14.64,15.2132,24805,49727,99902
14-Oct-2025,25169.25,Call,26300,1.25,13.89,15.2132,17564,33270,97644
14-Oct-2025,25169.25,Put,24400,5.15,13.56,15.2132,12934,34824,92973
14-Oct-2025,25169.25,Call,25850,3.4,10.22,15.2132,11273,22078,87323
14-Oct-2025,25169.25,Call,25750,4.9,9.53,15.2132,8474,19716,84116
14-Oct-2025,25169.25,Put,24600,7.7,11.53,15.2132,9976,36914,83676
14-Oct-2025,25169.25,Put,24200,3.95,15.63,15.2132,10733,37714,77670
14-Oct-2025,25169.25,Put,22850,1.1,28.72,15.2132,19398,40682,73855
14-Oct-2025,25169.25,Call,27000,0.8,20.13,15.2132,1542,43820,72078
14-Oct-2025,25169.25,Put,24100,3.5,16.73,15.2132,6995,24519,71325
14-Oct-2025,25169.25,Put,24750,12.35,10.26,15.2132,8553,25599,70995
14-Oct-2025,25169.25,Put,22900,1.05,28.28,15.2132,11993,25401,62828
14-Oct-2025,25169.25,Call,26400,1.15,14.83,15.2132,9807,25252,61310
14-Oct-2025,25169.25,Put,23500,1.95,22.8,15.2132,8345,34476,61279
14-Oct-2025,25169.25,Put,23900,2.8,18.68,15.2132,9397,22725,59739
14-Oct-2025,25169.25,Put,23800,2.55,19.75,15.2132,12470,29255,55407
14-Oct-2025,25169.25,Put,23000,1.35,27.73,15.2132,9160,26240,51407
14-Oct-2025,25169.25,Put,24650,8.8,11.06,15.2132,6245,16498,50413
14-Oct-2025,25169.25,Put,23700,2.4,20.84,15.2132,7631,21301,47230
14-Oct-2025,25169.25,Put,24350,4.75,14.07,15.2132,7743,14744,47159
14-Oct-2025,25169.25,Call,26150,1.7,12.72,15.2132,3866,6307,43173
14-Oct-2025,25169.25,Put,25350,194,8.43,15.2132,5398,6842,41897
14-Oct-2025,25169.25,Call,26250,1.4,13.53,15.2132,5465,7165,41195
14-Oct-2025,25169.25,Put,24450,5.6,13.04,15.2132,7347,13380,39372
14-Oct-2025,25169.25,Put,24550,6.75,11.98,15.2132,2930,11545,38233
14-Oct-2025,25169.25,Put,24250,4.2,15.13,15.2132,6514,14148,38020
14-Oct-2025,25169.25,Put,23200,1.5,25.67,15.2132,5593,7855,32482
14-Oct-2025,25169.25,Put,25400,232.85,8.59,15.2132,4731,8405,31184
14-Oct-2025,25169.25,Put,24150,3.7,16.14,15.2132,5304,7117,30276
14-Oct-2025,25169.25,Put,23100,1.4,26.76,15.2132,2905,5707,29584
14-Oct-2025,25169.25,Call,24900,324.9,8.61,15.2132,-234,9926,29311
14-Oct-2025,25169.25,Put,23600,2.2,21.84,15.2132,3498,7195,27648
14-Oct-2025,25169.25,Call,26600,1.05,16.68,15.2132,4126,14274,27374
14-Oct-2025,25169.25,Call,26550,1.05,16.16,15.2132,2644,6945,26853
14-Oct-2025,25169.25,Call,26350,1.3,14.43,15.2132,4397,5671,26041
14-Oct-2025,25169.25,Put,23300,1.65,24.66,15.2132,3457,6481,25892
14-Oct-2025,25169.25,Put,24050,3.35,17.25,15.2132,2873,4847,20403
14-Oct-2025,25169.25,Call,26450,1.2,15.36,15.2132,3657,4431,19935
14-Oct-2025,25169.25,Put,23950,2.95,18.22,15.2132,1290,4493,19644
14-Oct-2025,25169.25,Call,27150,0.75,21.57,15.2132,1554,6497,18778
28-Oct-2025,25169.25,Call,25500,105.8,7.96,15.2132,-841,58623,17477
14-Oct-2025,25169.25,Put,23400,1.85,23.79,15.2132,1935,4986,16736
28-Oct-2025,25169.25,Put,25000,112.75,10.01,15.2132,2105,61815,16575
14-Oct-2025,25169.25,Put,23850,2.7,19.22,15.2132,1081,2829,16216
14-Oct-2025,25169.25,Call,24950,281.95,8.5,15.2132,902,2980,15643
28-Oct-2025,25169.25,Call,25200,243,8.02,15.2132,492,25687,14828
14-Oct-2025,25169.25,Put,23750,2.45,20.27,15.2132,815,1750,14156
14-Oct-2025,25169.25,Put,23650,2.3,21.35,15.2132,1009,1352,13291
28-Oct-2025,25169.25,Put,25200,180,9.76,15.2132,1629,19779,13157
14-Oct-2025,25169.25,Put,25500,316.35,9.03,15.2132,1290,7461,13029
28-Oct-2025,25169.25,-,0,25260,0,15.2132,89,240322,12582
20-Oct-2025,25169.25,Put,25000,74.5,9.46,15.2132,2613,12296,12502
28-Oct-2025,25169.25,Call,26000,20.05,8.52,15.2132,1273,72022,11722
14-Oct-2025,25169.25,Call,26800,0.95,18.51,15.2132,1730,2805,11509
20-Oct-2025,25169.25,Call,25500,55.85,8.16,15.2132,1647,9107,11334
14-Oct-2025,25169.25,Call,26700,1,17.61,15.2132,1584,3256,11304
20-Oct-2025,25169.25,Call,25200,174.7,8.21,15.2132,1683,6712,10806
14-Oct-2025,25169.25,Put,23150,1.5,26.27,15.2132,690,1128,10710
20-Oct-2025,25169.25,Put,25200,141.1,9.09,15.2132,1964,6282,10607
28-Oct-2025,25169.25,Call,25300,189.25,7.99,15.2132,-1432,16145,10155
14-Oct-2025,25169.25,Put,23250,1.6,25.26,15.2132,1521,1874,9773
14-Oct-2025,25169.25,Call,26650,1.05,17.19,15.2132,1481,1832,9691
28-Oct-2025,25169.25,Call,25000,375.8,8.02,15.2132,-33,51556,9586
20-Oct-2025,25169.25,Call,25400,84.6,8.15,15.2132,1264,4668,8628
14-Oct-2025,25169.25,Call,27100,0.8,21.09,15.2132,568,1923,8130
20-Oct-2025,25169.25,Call,26000,7.35,9.36,15.2132,1201,7826,8115
28-Oct-2025,25169.25,Put,24500,34.8,11.29,15.2132,598,44306,7997
28-Oct-2025,25169.25,Put,25100,142.7,9.87,15.2132,978,14442,7942
20-Oct-2025,25169.25,Call,25800,14.65,8.58,15.2132,-294,4502,7914
20-Oct-2025,25169.25,Call,25300,124,8.17,15.2132,1146,4964,7544
20-Oct-2025,25169.25,Put,25100,103,9.25,15.2132,1766,5298,7420
20-Oct-2025,25169.25,Call,25600,35.45,8.2,15.2132,499,5191,7123
14-Oct-2025,25169.25,Call,24800,417.3,8.88,15.2132,-124,6695,7030
28-Oct-2025,25169.25,Call,25100,305.7,8.05,15.2132,966,16166,6976
28-Oct-2025,25169.25,Call,25800,36.45,7.95,15.2132,-224,25334,6745
28-Oct-2025,25169.25,Put,24000,15.2,13.55,15.2132,231,49255,6740
14-Oct-2025,25169.25,Put,23550,2.1,22.26,15.2132,558,1056,6738
20-Oct-2025,25169.25,Call,25700,22.55,8.35,15.2132,768,5329,6524
28-Oct-2025,25169.25,Call,25700,52.4,7.89,15.2132,-189,23485,6335
28-Oct-2025,25169.25,Call,25600,74.2,7.88,15.2132,1082,28514,6262
20-Oct-2025,25169.25,Put,24500,16.4,11.41,15.2132,933,6564,6012
28-Oct-2025,25169.25,Put,24800,69.5,10.44,15.2132,284,46400,5798
20-Oct-2025,25169.25,Put,24900,53.2,9.71,15.2132,998,5659,5639
14-Oct-2025,25169.25,Put,23350,1.8,24.4,15.2132,694,921,5434
14-Oct-2025,25169.25,Put,23450,1.9,23.34,15.2132,712,1018,5288
20-Oct-2025,25169.25,Put,24700,28.5,10.49,15.2132,2024,5392,5249
28-Oct-2025,25169.25,Put,24700,54.85,10.71,15.2132,826,28384,5131
28-Oct-2025,25169.25,Put,24900,88.35,10.21,15.2132,152,23544,5022
20-Oct-2025,25169.25,Put,25150,120,9.22,15.2132,1409,2245,4795
20-Oct-2025,25169.25,Put,24800,38.7,10.04,15.2132,712,4638,4695
20-Oct-2025,25169.25,Call,25250,149.1,8.19,15.2132,988,2556,4673
28-Oct-2025,25169.25,Call,25400,143.45,7.96,15.2132,361,15192,4633
20-Oct-2025,25169.25,Call,25100,236.45,8.35,15.2132,509,3168,4605
14-Oct-2025,25169.25,Put,25450,272.95,8.81,15.2132,719,1133,4516
20-Oct-2025,25169.25,Call,25900,10,8.93,15.2132,134,2221,4333
28-Oct-2025,25169.25,Put,25300,225.75,9.77,15.2132,71,9260,4254
28-Oct-2025,25169.25,Put,24600,43.45,10.97,15.2132,720,24728,4226
28-Oct-2025,25169.25,Call,25900,26,8.15,15.2132,173,10858,4193
28-Oct-2025,25169.25,Put,25400,280,9.8,15.2132,2085,7019,4000
20-Oct-2025,25169.25,Call,25550,44.6,8.18,15.2132,228,1166,3990
20-Oct-2025,25169.25,Call,25150,205.4,8.26,15.2132,723,1528,3948
14-Oct-2025,25169.25,Call,26900,0.85,19.4,15.2132,693,1348,3790
28-Oct-2025,25169.25,Call,25150,274.7,7.95,15.2132,903,4245,3592
20-Oct-2025,25169.25,Call,25350,103.85,8.16,15.2132,892,1765,3545
14-Oct-2025,25169.25,Put,22950,1.2,27.96,15.2132,709,921,3535
20-Oct-2025,25169.25,Put,25050,87.4,9.4,15.2132,618,1643,3419
30-Dec-2025,25169.25,Put,23500,64.8,14.14,15.2132,-1599,2786,3339
28-Oct-2025,25169.25,Put,25500,341,9.85,15.2132,660,21557,3332
20-Oct-2025,25169.25,Call,25000,310.1,8.42,15.2132,193,3918,3318
20-Oct-2025,25169.25,Call,25450,69.95,8.13,15.2132,444,1455,3275
28-Oct-2025,25169.25,Put,24300,22.85,12.03,15.2132,28,14602,3169
28-Oct-2025,25169.25,Call,26500,5.45,10.01,15.2132,29,28310,3098
20-Oct-2025,25169.25,Call,25650,28.4,8.26,15.2132,535,2002,3065
20-Oct-2025,25169.25,Put,24850,45.35,9.89,15.2132,600,1995,3064
20-Oct-2025,25169.25,Put,24600,21.25,10.91,15.2132,330,4886,2943
14-Oct-2025,25169.25,Put,23050,1.4,27.25,15.2132,528,964,2907
28-Oct-2025,25169.25,Put,24200,19.8,12.52,15.2132,-60,11682,2808
20-Oct-2025,25169.25,Put,24000,6.9,14.63,15.2132,828,3668,2701
28-Oct-2025,25169.25,Put,24400,28.15,11.66,15.2132,333,13248,2601
14-Oct-2025,25169.25,Call,24850,371.25,8.3,15.2132,155,2060,2588
14-Oct-2025,25169.25,Call,27050,0.8,20.61,15.2132,1287,1717,2478
25-Nov-2025,25169.25,Call,26000,120.85,8.33,15.2132,-52,16904,2466
28-Oct-2025,25169.25,Put,25150,160.05,9.82,15.2132,342,2758,2394
28-Oct-2025,25169.25,Call,26100,14.35,8.71,15.2132,132,7590,2363
20-Oct-2025,25169.25,Put,25300,189,9.08,15.2132,175,1850,2273
20-Oct-2025,25169.25,Put,24400,12.7,11.97,15.2132,342,2981,2249
14-Oct-2025,25169.25,Put,25600,407.7,9.71,15.2132,247,1463,2248
30-Dec-2025,25169.25,Put,24000,101.9,13.26,15.2132,708.666666667,47047.6666667,2213
25-Nov-2025,25169.25,Call,25500,298.8,8.16,15.2132,-131,11738,2209
20-Oct-2025,25169.25,Put,24300,10.45,12.51,15.2132,620,3116,2195
28-Oct-2025,25169.25,Call,26200,10.9,8.99,15.2132,280,9091,2160
28-Oct-2025,25169.25,Call,26300,8.7,9.36,15.2132,240,9327,2062
30-Dec-2025,25169.25,Put,23800,82,13.47,15.2132,1346,2758,1826
28-Oct-2025,25169.25,Call,27000,2.05,11.66,15.2132,857,23952,1808
28-Oct-2025,25169.25,Put,23500,8.9,16.22,15.2132,-50,26688,1796
28-Oct-2025,25169.25,Call,25250,215.45,7.96,15.2132,184,4304,1783
14-Oct-2025,25169.25,Call,26750,1,18.12,15.2132,498,736,1703
28-Oct-2025,25169.25,Put,24100,17.1,13.02,15.2132,-436,5961,1611
20-Oct-2025,25169.25,Call,26100,5.35,9.77,15.2132,201,872,1602
20-Oct-2025,25169.25,Put,25250,164,9.12,15.2132,620,1078,1602
20-Oct-2025,25169.25,Put,24950,63,9.62,15.2132,373,1219,1597
20-Oct-2025,25169.25,Put,24750,32.85,10.35,15.2132,216,1441,1562
30-Dec-2025,25169.25,Call,26000,286.05,8.21,15.2132,67,55725,1494
28-Oct-2025,25169.25,Call,24900,452,7.93,15.2132,-282,13563,1475
28-Oct-2025,25169.25,Put,25050,126.25,9.99,15.2132,56,2648,1447
20-Oct-2025,25169.25,Call,25750,18.3,8.47,15.2132,239,1030,1430
28-Oct-2025,25169.25,Put,23000,6.3,19.14,15.2132,8,30511,1298
25-Nov-2025,25169.25,Put,24000,51,12.83,15.2132,181,16223,1249
25-Nov-2025,25169.25,Call,26500,40.55,8.51,15.2132,319,9721,1231
20-Oct-2025,25169.25,Call,25850,12.05,8.76,15.2132,111,588,1228
28-Oct-2025,25169.25,Call,24800,534.85,7.8,15.2132,-317,23460,1213
20-Oct-2025,25169.25,Put,24200,8.8,13.17,15.2132,276,1872,1206
28-Oct-2025,25169.25,Put,25250,200.15,9.73,15.2132,98,2630,1187
25-Nov-2025,25169.25,Put,25000,206.65,11.36,15.2132,233,13921,1167
28-Oct-2025,25169.25,Put,24950,99,10.13,15.2132,51,2553,1157
28-Oct-2025,25169.25,Call,25550,89.85,7.86,15.2132,44,2836,1139
28-Oct-2025,25169.25,Put,23800,11.8,14.59,15.2132,-110,7383,1135
25-Nov-2025,25169.25,Put,24500,98.85,11.86,15.2132,166,13117,1130
14-Oct-2025,25169.25,Call,26950,0.85,19.77,15.2132,283,556,1107
30-Dec-2025,25169.25,Put,25000,280,12.19,15.2132,83.6666666667,41148,1096
28-Oct-2025,25169.25,Call,26400,6.85,9.68,15.2132,87,6218,1088
20-Oct-2025,25169.25,Call,25950,8.7,9.12,15.2132,289,684,1078
28-Oct-2025,25169.25,Call,25650,62.75,7.9,15.2132,87,3128,1070
20-Oct-2025,25169.25,Call,26200,4.3,10.32,15.2132,350,1463,1054
14-Oct-2025,25169.25,Call,24500,709.1,9.56,15.2132,-173,4039,1045
28-Oct-2025,25169.25,Put,23700,10.7,15.13,15.2132,214,3605,1016
14-Oct-2025,25169.25,Call,24700,511.3,8.87,15.2132,-93,3101,1007
30-Dec-2025,25169.25,Put,23900,91.1,13.32,15.2132,272,723,997
28-Oct-2025,25169.25,Call,25750,44.55,7.98,15.2132,41,3229,977
28-Oct-2025,25169.25,Call,25450,124.55,7.88,15.2132,167,2950,976
25-Nov-2025,25169.25,Put,24300,74,12.16,15.2132,16,4649,957
30-Dec-2025,25169.25,Call,27000,68,8.72,15.2132,-64,33058,922
30-Dec-2025,25169.25,Put,24500,164.05,12.51,15.2132,350,4509,917
30-Dec-2025,25169.25,Call,26500,136.75,8.25,15.2132,559,3996,902
28-Oct-2025,25169.25,Call,26600,4.35,10.29,15.2132,299,1192,891
20-Oct-2025,25169.25,Put,23500,4.35,18.33,15.2132,106,2662,882
20-Oct-2025,25169.25,Put,24650,24.45,10.7,15.2132,209,994,873
28-Oct-2025,25169.25,Put,24750,62.1,10.61,15.2132,198,3930,873
14-Oct-2025,25169.25,Put,25550,358.55,9.46,15.2132,112,379,833
28-Oct-2025,25169.25,Put,24550,38.8,11.13,15.2132,-34,1388,828
20-Oct-2025,25169.25,Call,26500,2.3,11.8,15.2132,192,1465,825
28-Oct-2025,25169.25,Put,23900,13.15,14.04,15.2132,-134,4651,823
28-Oct-2025,25169.25,Put,24050,16.25,13.34,15.2132,-458,1141,818
28-Oct-2025,25169.25,Call,25350,166.2,7.98,15.2132,122,2179,817
25-Nov-2025,25169.25,Call,25600,251.6,8.16,15.2132,268,1879,813
14-Oct-2025,25169.25,Call,26850,0.9,19.12,15.2132,353,614,810
28-Oct-2025,25169.25,Call,24700,620.05,7.47,15.2132,-150,17891,803
20-Oct-2025,25169.25,Put,25500,318.95,9.17,15.2132,451,1239,797
28-Oct-2025,25169.25,Call,24500,798.45,0,15.2132,-49,16407,792
20-Oct-2025,25169.25,Put,23000,2.95,21.78,15.2132,-47,1397,787
25-Nov-2025,25169.25,Put,23500,28.15,14.04,15.2132,43,8558,743
28-Oct-2025,25169.25,Put,24850,78.45,10.33,15.2132,22,2221,718
25-Nov-2025,25169.25,Call,25700,213.1,8.2,15.2132,-340,2008,716
20-Oct-2025,25169.25,Call,25050,273.75,8.38,15.2132,143,559,710
25-Nov-2025,25169.25,Call,25300,403.5,8.12,15.2132,-249,1573,710
28-Oct-2025,25169.25,Call,26550,4.8,10.13,15.2132,-191,189,704
28-Oct-2025,25169.25,Put,26000,749.05,12.53,15.2132,-20,17514,697
28-Oct-2025,25169.25,Put,24650,48.75,10.93,15.2132,81,1934,684
25-Nov-2025,25169.25,-,0,25394.2,0,15.2132,99,14845,676
28-Oct-2025,25169.25,Call,25950,23.05,8.34,15.2132,113,2829,669
28-Oct-2025,25169.25,Call,26800,3,11.02,15.2132,93,6633,638
25-Nov-2025,25169.25,Put,24800,150.25,11.35,15.2132,194,5414,618
14-Oct-2025,25169.25,Put,25700,500,10.64,15.2132,239,1099,604
20-Oct-2025,25169.25,Put,24450,14.5,11.71,15.2132,-17,749,604
28-Oct-2025,25169.25,Call,25050,339,8,15.2132,64,1417,604
20-Oct-2025,25169.25,Put,25400,249.05,9.2,15.2132,91,581,572
25-Nov-2025,25169.25,Call,25000,593.7,7.77,15.2132,98,10723,567
20-Oct-2025,25169.25,Put,24550,18.5,11.22,15.2132,115,679,565
20-Oct-2025,25169.25,Put,23600,4.9,17.64,15.2132,274,609,563
28-Oct-2025,25169.25,Call,26050,16.8,8.59,15.2132,92,1682,540
28-Oct-2025,25169.25,Put,25800,582.95,11.25,15.2132,80,1642,536
25-Nov-2025,25169.25,Put,25200,273.65,11.26,15.2132,70,2595,533
25-Nov-2025,25169.25,Call,26100,96.3,8.26,15.2132,-94,2391,529
30-Dec-2025,25169.25,Put,23000,44.7,15.27,15.2132,57,35561.6666667,516
20-Oct-2025,25169.25,Call,26300,3.8,10.74,15.2132,39,525,514
14-Oct-2025,25169.25,Call,24600,609.1,0,15.2132,10,2310,496
28-Oct-2025,25169.25,Put,23600,9.7,15.65,15.2132,-17,2216,475
25-Nov-2025,25169.25,Put,24200,64.1,12.34,15.2132,-81,4746,474
25-Nov-2025,25169.25,Put,24600,113.45,11.65,15.2132,68,3469,470
20-Oct-2025,25169.25,Put,24100,7.55,13.86,15.2132,78,515,465
28-Oct-2025,25169.25,Put,24350,26.45,11.9,15.2132,-149,2043,458
28-Oct-2025,25169.25,Put,23200,6.8,17.79,15.2132,72,5678,456
20-Oct-2025,25169.25,Put,23800,5.75,16.16,15.2132,174,1167,445
25-Nov-2025,25169.25,Put,23700,35.3,13.5,15.2132,-360,3318,434
28-Oct-2025,25169.25,Put,22600,5.1,21.44,15.2132,9,24978,432
30-Dec-2025,25169.25,Put,24200,122.5,12.91,15.2132,147,877,430
25-Nov-2025,25169.25,Put,24700,131.7,11.49,15.2132,227,3024,403
25-Nov-2025,25169.25,Put,23800,39.75,13.26,15.2132,-120,4195,402
28-Oct-2025,25169.25,Put,23300,7.55,17.36,15.2132,-34,3624,393
30-Dec-2025,25169.25,Call,25200,688.35,7.6,15.2132,-160,365,381
30-Dec-2025,25169.25,Put,24100,111.05,13.07,15.2132,95,252,379
25-Nov-2025,25169.25,Put,25500,404.1,11.17,15.2132,85,7122,377
20-Oct-2025,25169.25,Call,24900,385.9,8.42,15.2132,-18,1116,372
20-Oct-2025,25169.25,Put,25350,217.6,9.03,15.2132,100,244,368
30-Dec-2025,25169.25,Call,25500,514.85,7.99,15.2132,-9,2092,349
30-Dec-2025,25169.25,Call,26100,249,8.15,15.2132,6,2094,345
14-Oct-2025,25169.25,Call,24750,465.5,8.36,15.2132,14,818,332
25-Nov-2025,25169.25,Put,24400,85.15,11.94,15.2132,40,4397,332
30-Dec-2025,25169.25,-,0,25540,0,15.2132,12,3223,331
25-Nov-2025,25169.25,Call,26200,76.4,8.21,15.2132,174,3364,330
30-Dec-2025,25169.25,Put,26000,718,12.28,15.2132,3,45378,321
28-Oct-2025,25169.25,Put,24450,31.15,11.52,15.2132,-86,1392,320
28-Oct-2025,25169.25,Call,25850,31.75,8.08,15.2132,16,1840,320
28-Oct-2025,25169.25,Call,24600,710,6.44,15.2132,-68,7994,319
31-Mar-2026,25169.25,Put,23000,111.6,15.33,15.2132,79,7126,308
30-Dec-2025,25169.25,Call,25000,831.9,7.19,15.2132,12,26737.6666667,299
31-Mar-2026,25169.25,Put,24000,206,14.22,15.2132,116,12975,296
20-Oct-2025,25169.25,Put,22850,2.95,23.02,15.2132,88,226,293
25-Nov-2025,25169.25,Put,23000,19.35,15.78,15.2132,96,6947,286
20-Oct-2025,25169.25,Put,23700,5.3,16.88,15.2132,58,413,283
25-Nov-2025,25169.25,Call,26300,61.95,8.36,15.2132,67,2460,280
28-Oct-2025,25169.25,Put,24250,21.95,12.28,15.2132,15,1293,277
30-Dec-2025,25169.25,Put,25500,455.4,11.94,15.2132,88,1498,272
28-Oct-2025,25169.25,Put,23400,8.7,16.91,15.2132,30,4708,264
20-Oct-2025,25169.25,Call,26150,4.95,10.05,15.2132,89,138,263
25-Nov-2025,25169.25,Put,24900,181.95,11.38,15.2132,51,1605,261
25-Nov-2025,25169.25,Call,27000,16.1,9.35,15.2132,84,4436,256
25-Nov-2025,25169.25,Put,25300,310.05,11.15,15.2132,-6,1459,255
30-Dec-2025,25169.25,Put,23700,75.35,13.69,15.2132,6,1513,248
28-Oct-2025,25169.25,Put,25350,255.5,9.92,15.2132,31,687,246
28-Oct-2025,25169.25,Call,24950,415.25,7.89,15.2132,-37,1208,245
28-Oct-2025,25169.25,Call,26250,9.75,9.08,15.2132,3,1211,245
25-Nov-2025,25169.25,Call,25800,178.7,8.22,15.2132,-9,3231,245
28-Oct-2025,25169.25,Call,26900,2.6,11.41,15.2132,-10,239,242
25-Nov-2025,25169.25,Put,25100,236.35,11.22,15.2132,54,1282,240
14-Oct-2025,25169.25,Call,24000,1206.25,0,15.2132,-108,1637,222
28-Oct-2025,25169.25,Put,25600,407.75,9.95,15.2132,-14,2677,221
04-Nov-2025,25169.25,Put,24600,63.8,11.16,15.2132,-9,156,218
20-Oct-2025,25169.25,Call,27000,1.15,14.75,15.2132,103,330,217
20-Oct-2025,25169.25,Put,23900,6.2,15.33,15.2132,61,505,215
25-Nov-2025,25169.25,Call,25200,464.15,8.01,15.2132,67,3079,205
04-Nov-2025,25169.25,Call,25500,155.95,8.07,15.2132,25,318,199
14-Oct-2025,25169.25,Put,26000,800.05,13.75,15.2132,-3,3074,197
20-Oct-2025,25169.25,Call,26650,2,12.79,15.2132,50,58,196
25-Nov-2025,25169.25,Put,26000,735,12.07,15.2132,14,2991,190
31-Mar-2026,25169.25,Call,27000,315.9,7.95,15.2132,98,14444,188
14-Oct-2025,25169.25,Put,25650,452.45,10.17,15.2132,40,101,185
31-Mar-2026,25169.25,Put,25000,396,13.62,15.2132,38,9771,180
25-Nov-2025,25169.25,Call,25900,145.4,8.29,15.2132,4,1394,177
28-Oct-2025,25169.25,Put,24150,18.55,12.8,15.2132,-36,965,175
20-Oct-2025,25169.25,Call,24950,342.6,8.3,15.2132,3,401,171
30-Dec-2025,25169.25,Put,21000,22.85,21.89,15.2132,28,17891.3333333,171
30-Dec-2025,25169.25,Call,28000,19.55,9.99,15.2132,-24,20346.3333333,171
20-Oct-2025,25169.25,Put,23400,3.95,18.89,15.2132,12,268,170
04-Nov-2025,25169.25,Put,25000,144.65,10.61,15.2132,-19,649,170
20-Oct-2025,25169.25,Put,23200,3.25,20.2,15.2132,-24,274,167
14-Oct-2025,25169.25,Call,24650,560.15,0,15.2132,2,548,166
30-Dec-2025,25169.25,Put,22000,29.6,18.42,15.2132,3,23143.3333333,156
04-Nov-2025,25169.25,Put,25200,219,10.44,15.2132,78,168,153
30-Dec-2025,25169.25,Call,26200,214.85,8.21,15.2132,53,934,152
04-Nov-2025,25169.25,Call,25900,51.65,8.24,15.2132,-8,377,149
25-Nov-2025,25169.25,Call,25400,348.1,8.09,15.2132,26,1594,145
30-Dec-2025,25169.25,Put,20000,16.15,25.05,15.2132,7,11916.6666667,145
20-Oct-2025,25169.25,Call,26250,3.6,10.47,15.2132,40,288,144
30-Dec-2025,25169.25,Put,25100,306.25,12.13,15.2132,31,293,143
25-Nov-2025,25169.25,Put,25400,354.75,11.21,15.2132,-5,1030,134
30-Jun-2026,25169.25,Put,26000,782,14.45,15.2132,76,635,133
14-Oct-2025,25169.25,Put,25800,600,13.42,15.2132,10,531,131
25-Nov-2025,25169.25,Put,23900,45,13.1,15.2132,31,3656,130
31-Mar-2026,25169.25,Call,26000,728,7.52,15.2132,8,9099,128
31-Mar-2026,25169.25,Put,26000,755,13.53,15.2132,12,7718,128
04-Nov-2025,25169.25,Put,24500,55,11.7,15.2132,26,233,124
20-Oct-2025,25169.25,Call,24800,474.4,8.64,15.2132,1,724,122
31-Mar-2026,25169.25,Call,28000,121.9,8.39,15.2132,42,6040,118
30-Dec-2025,25169.25,Call,29000,7.4,11.37,15.2132,45,12099,117
25-Nov-2025,25169.25,Call,25100,527,7.83,15.2132,3,1050,114
20-Oct-2025,25169.25,Put,24250,9.5,12.96,15.2132,37,288,113
28-Oct-2025,25169.25,Put,23950,14.2,13.91,15.2132,0,1084,109
28-Oct-2025,25169.25,Call,24000,1271.8,0,15.2132,19,7818,107
28-Oct-2025,25169.25,Call,24850,479.45,7.1,15.2132,-47,985,102
28-Oct-2025,25169.25,Put,22800,5.75,20.36,15.2132,19,4678,101
30-Dec-2025,25169.25,Put,24800,233.2,12.38,15.2132,32,655,101
20-Oct-2025,25169.25,Call,24850,437,9.45,15.2132,-1,337,98
20-Oct-2025,25169.25,Put,23300,3.6,19.64,15.2132,-14,93,97
04-Nov-2025,25169.25,Put,26000,757.85,12.45,15.2132,1,4,97
20-Oct-2025,25169.25,Call,24750,503.4,8.59,15.2132,5,270,96
30-Dec-2025,25169.25,Put,24600,182.75,12.45,15.2132,67,377,94
25-Nov-2025,25169.25,Put,24100,58.15,12.59,15.2132,-7,2698,92
20-Oct-2025,25169.25,Call,24700,563.05,7,15.2132,3,351,90
20-Oct-2025,25169.25,Put,23150,3.1,20.61,15.2132,8,163,90
04-Nov-2025,25169.25,Call,25200,302.05,8.11,15.2132,27,147,90
04-Nov-2025,25169.25,Put,24000,23.9,13.15,15.2132,37,385,88
28-Oct-2025,25169.25,Put,25700,494.75,10.51,15.2132,25,1971,87
28-Oct-2025,25169.25,Put,23100,6.7,18.55,15.2132,4,1202,86
04-Nov-2025,25169.25,Put,25300,260,10.44,15.2132,74,125,85
25-Nov-2025,25169.25,Put,26500,1144.9,13.55,15.2132,10,931,84
20-Oct-2025,25169.25,Put,25450,283.65,9.38,15.2132,37,71,83
20-Oct-2025,25169.25,Put,24150,8.5,13.56,15.2132,34,132,82
28-Oct-2025,25169.25,Call,26750,3.3,10.94,15.2132,50,248,79
30-Dec-2025,25169.25,Put,19000,12.25,28.28,15.2132,-8,4713,77
28-Oct-2025,25169.25,Put,22700,5.2,20.93,15.2132,9,1000,76
30-Dec-2025,25169.25,Put,24300,134,12.84,15.2132,4,433,73
28-Oct-2025,25169.25,Call,27150,2.25,12.66,15.2132,14,1234,71
14-Oct-2025,25169.25,Call,24550,648.2,0,15.2132,5,259,69
04-Nov-2025,25169.25,Put,25100,180.15,10.59,15.2132,27,107,69
25-Nov-2025,25169.25,Put,22700,16.7,16.98,15.2132,20,1986,69
25-Nov-2025,25169.25,Call,26600,32,8.58,15.2132,1,566,69
30-Dec-2025,25169.25,Put,25300,383,12.08,15.2132,34,215,69
28-Oct-2025,25169.25,Call,26700,3.65,10.85,15.2132,24,677,68
30-Dec-2025,25169.25,Put,24400,148,12.66,15.2132,14,934,68
30-Dec-2025,25169.25,Put,25200,340,12.15,15.2132,18,530,68
28-Oct-2025,25169.25,Call,26150,12.45,8.81,15.2132,4,359,67
20-Oct-2025,25169.25,Put,23050,2.95,21.38,15.2132,22,51,65
30-Dec-2025,25169.25,Call,23000,2550.8,0,15.2132,6,7980.66666667,63
20-Oct-2025,25169.25,Put,25700,505,11.17,15.2132,3,97,62
28-Oct-2025,25169.25,Put,27000,1728.65,19.9,15.2132,-38,11477,62
28-Oct-2025,25169.25,Call,27050,2.15,12.01,15.2132,-21,67,61
30-Dec-2025,25169.25,Call,24000,1636.65,0,15.2132,-3,13376.3333333,61
28-Oct-2025,25169.25,Call,24200,1054.35,0,15.2132,-2,408,60
20-Oct-2025,25169.25,Put,22950,2.85,22.32,15.2132,27,214,59
20-Oct-2025,25169.25,Put,25650,448.4,9.88,15.2132,32,54,59
25-Nov-2025,25169.25,Call,24900,662.25,7.54,15.2132,-7,656,59
20-Oct-2025,25169.25,Put,25600,403.15,9.47,15.2132,4,155,56
04-Nov-2025,25169.25,Call,25100,366,8.06,15.2132,13,55,56
25-Nov-2025,25169.25,Put,25150,253.4,11.23,15.2132,23,169,56
14-Oct-2025,25169.25,Call,24300,896.4,0,15.2132,-28,448,55
28-Oct-2025,25169.25,Call,24300,1006.1,9.81,15.2132,-5,640,55
28-Oct-2025,25169.25,Put,25450,310,9.73,15.2132,5,254,55
04-Nov-2025,25169.25,Put,24700,81.55,11.31,15.2132,-8,164,55
28-Oct-2025,25169.25,Put,23650,10.2,15.38,15.2132,6,303,54
28-Oct-2025,25169.25,Put,23850,12.6,14.31,15.2132,-19,468,54
28-Oct-2025,25169.25,Put,23750,11.15,14.91,15.2132,-10,393,51
25-Nov-2025,25169.25,Call,26700,27,8.78,15.2132,0,577,51
30-Dec-2025,25169.25,Put,24700,208.4,12.4,15.2132,31,240,50
30-Dec-2025,25169.25,Put,24900,254,12.2,15.2132,14,246,50
30-Dec-2025,25169.25,Call,25300,620,7.65,15.2132,-2,119,50
20-Oct-2025,25169.25,Put,23650,5.25,17.34,15.2132,21,91,49
28-Oct-2025,25169.25,Put,26100,848.95,12.54,15.2132,-16,270,48
04-Nov-2025,25169.25,Call,25300,246.25,8.06,15.2132,29,61,48
31-Mar-2026,25169.25,Call,25000,1346.2,0,15.2132,0,4230,48
28-Oct-2025,25169.25,Put,25750,528.35,10.22,15.2132,29,156,46
14-Oct-2025,25169.25,Put,25750,557.1,11.81,15.2132,20,148,45
20-Oct-2025,25169.25,Put,23550,4.4,17.84,15.2132,8,29,45
14-Oct-2025,25169.25,Call,24400,790,0,15.2132,-1,463,44
29-Dec-2026,25169.25,Put,25000,718.95,17.86,15.2132,25,2751.66666667,44
20-Oct-2025,25169.25,Call,26450,2.5,11.57,15.2132,1,196,43
20-Oct-2025,25169.25,Put,23100,3,20.97,15.2132,8,57,43
28-Oct-2025,25169.25,Call,24750,579.75,6.97,15.2132,-5,5985,43
28-Oct-2025,25169.25,Put,22850,5.9,20.08,15.2132,6,81,42
04-Nov-2025,25169.25,Call,25700,87.7,7.98,15.2132,26,231,42
30-Dec-2025,25169.25,Put,26500,1042,12.38,15.2132,24,358,42
29-Dec-2026,25169.25,Put,27000,1313.25,17.45,15.2132,2,785,42
04-Nov-2025,25169.25,Put,25400,313.45,10.35,15.2132,30,62,41
25-Nov-2025,25169.25,Put,24950,192.8,11.41,15.2132,-10,338,41
20-Oct-2025,25169.25,Call,24600,647.9,7.17,15.2132,6,190,40
04-Nov-2025,25169.25,Call,25000,442.85,8.15,15.2132,21,156,40
28-Oct-2025,25169.25,Call,24650,666.1,5.32,15.2132,-10,1134,40
20-Oct-2025,25169.25,Put,23850,6.25,15.84,15.2132,34,35,39
25-Nov-2025,25169.25,Put,23200,21.75,14.99,15.2132,3,631,39
28-Oct-2025,25169.25,Put,23350,7.9,17.04,15.2132,-8,614,38
04-Nov-2025,25169.25,Call,26900,5.9,10.81,15.2132,2,281,38
25-Nov-2025,25169.25,Put,23600,32.5,13.85,15.2132,-3,1447,37
04-Nov-2025,25169.25,Put,24800,104.2,11.19,15.2132,4,144,35
25-Nov-2025,25169.25,Call,24800,725,6.62,15.2132,-3,1072,35
25-Nov-2025,25169.25,Call,25750,188.85,8.12,15.2132,9,158,31
04-Nov-2025,25169.25,Call,26550,13.3,10.07,15.2132,-3,105,30
30-Dec-2025,25169.25,Call,25900,316.6,8.09,15.2132,29,29,30
28-Oct-2025,25169.25,Call,26350,7.4,9.44,15.2132,-11,29,29
25-Nov-2025,25169.25,Call,25150,480.15,7.62,15.2132,2,128,29
29-Dec-2026,25169.25,Put,26000,975,17.52,15.2132,-5,1668,29
20-Oct-2025,25169.25,Call,27050,1.2,14.91,15.2132,7,43,28
30-Dec-2025,25169.25,Call,30000,6.85,14.02,15.2132,10,8133.66666667,28
20-Oct-2025,25169.25,Call,26050,6.45,9.62,15.2132,24,24,27
25-Nov-2025,25169.25,Put,24150,60,12.35,15.2132,-4,167,27
25-Nov-2025,25169.25,Put,25850,619,11.53,15.2132,-13,8,27
20-Oct-2025,25169.25,Put,25550,362.75,9.35,15.2132,16,33,26
25-Nov-2025,25169.25,Put,24650,123.6,11.59,15.2132,6,206,26
30-Dec-2025,25169.25,Call,24500,1195.35,0,15.2132,7,733,26
30-Dec-2025,25169.25,Call,25800,366.15,8.08,15.2132,8,199,26
30-Jun-2026,25169.25,Put,25000,464,14.53,15.2132,-9,1591,26
20-Oct-2025,25169.25,Put,26300,1121,21.09,15.2132,0,3,25
30-Dec-2025,25169.25,Put,27000,1485,14.56,15.2132,0,10910.3333333,25
30-Dec-2025,25169.25,Call,25550,481.85,7.97,15.2132,-3,20,25
30-Dec-2025,25169.25,Call,31000,4.75,15.85,15.2132,5,3670.66666667,25
30-Jun-2026,25169.25,Put,23000,158.4,15.39,15.2132,0,434,25
20-Oct-2025,25169.25,Call,26800,1.65,13.61,15.2132,14,38,24
20-Oct-2025,25169.25,Call,26600,1.85,12.28,15.2132,9,61,24
28-Oct-2025,25169.25,Put,23550,9.25,15.97,15.2132,-6,256,24
30-Dec-2025,25169.25,Put,25550,477.25,11.88,15.2132,-10,31,24
29-Dec-2026,25169.25,Put,24000,502,18.08,15.2132,4,1326.33333333,24
14-Oct-2025,25169.25,Put,26200,1010,19.64,15.2132,5,35,23
20-Oct-2025,25169.25,Call,24500,731,0,15.2132,11,647,23
20-Oct-2025,25169.25,Put,26100,846,0,15.2132,19,22,23
28-Oct-2025,25169.25,Put,26500,1242.25,16.09,15.2132,-9,7858,23
04-Nov-2025,25169.25,Call,25600,120,7.97,15.2132,7,110,23
25-Nov-2025,25169.25,Put,25250,294.9,11.19,15.2132,11,65,23
31-Mar-2026,25169.25,Call,30000,29.1,10.43,15.2132,2,1625,23
20-Oct-2025,25169.25,Call,24550,685.25,0,15.2132,12,22,22
25-Nov-2025,25169.25,Call,24500,983,7,15.2132,6,1175,22
30-Jun-2026,25169.25,Put,24000,271.6,14.85,15.2132,11,1678,22
14-Oct-2025,25169.25,Call,24450,733.95,0,15.2132,-1,171,21
20-Oct-2025,25169.25,Put,25800,585,10.83,15.2132,11,17,21
28-Oct-2025,25169.25,Call,26450,5.85,9.76,15.2132,-6,130,21
31-Mar-2026,25169.25,Call,29000,51.15,9.2,15.2132,6,2015,21
14-Oct-2025,25169.25,Put,25850,667.15,15.4,15.2132,5,15,20
14-Oct-2025,25169.25,Put,25900,712.45,15.39,15.2132,5,56,20
20-Oct-2025,25169.25,Call,27150,1.55,16.07,15.2132,0,180,20
20-Oct-2025,25169.25,Put,26400,1191,19.17,15.2132,0,0,20
28-Oct-2025,25169.25,Call,27100,2.1,12.27,15.2132,6,413,20
25-Nov-2025,25169.25,Put,25600,463.5,11.27,15.2132,3,257,20
14-Oct-2025,25169.25,Call,24100,1096,0,15.2132,10,129,19
20-Oct-2025,25169.25,Call,27100,1.7,15.88,15.2132,0,122,19
20-Oct-2025,25169.25,Call,24400,822.4,0,15.2132,6,319,19
04-Nov-2025,25169.25,Put,24400,45.9,11.78,15.2132,10,106,19
25-Nov-2025,25169.25,Call,24000,1409,0,15.2132,0,611,19
25-Nov-2025,25169.25,Put,27000,1598.15,15.77,15.2132,2,316,19
14-Oct-2025,25169.25,Call,24200,1005.25,0,15.2132,-8,417,18
28-Oct-2025,25169.25,Put,26200,951.5,13.79,15.2132,-8,1247,18
04-Nov-2025,25169.25,Put,25250,227,10.07,15.2132,10,43,18
31-Mar-2026,25169.25,Put,22000,68.2,16.95,15.2132,1,5378,18
31-Mar-2026,25169.25,Put,27000,1310.45,14.19,15.2132,4,3141,18
28-Oct-2025,25169.25,Call,24400,882,0,15.2132,-5,676,17
25-Nov-2025,25169.25,Put,25700,523,11.37,15.2132,-11,182,17
30-Dec-2025,25169.25,Call,25400,571.9,8.01,15.2132,5,102,17
30-Dec-2025,25169.25,Call,25150,724.8,7.69,15.2132,-5,6,17
11-Nov-2025,25169.25,Call,25200,358.9,8.11,0,0,0,16
25-Nov-2025,25169.25,Put,24550,108.5,11.78,15.2132,6,133,16
25-Nov-2025,25169.25,Put,24750,144.2,11.52,15.2132,6,172,16
30-Dec-2025,25169.25,Call,25700,401.1,7.94,15.2132,6,181,16
29-Dec-2026,25169.25,Put,23000,355,18.45,15.2132,3,922.666666667,16
25-Nov-2025,25169.25,Call,25850,156.35,8.41,15.2132,-1,448,15
30-Dec-2025,25169.25,Put,25600,510.05,12.1,15.2132,-3,111,15
30-Dec-2025,25169.25,Put,25400,415.45,11.94,15.2132,0,164,15
30-Dec-2025,25169.25,Call,25600,465.35,8.23,15.2132,4,120,15
20-Oct-2025,25169.25,Put,26000,782,13.12,15.2132,4,54,14
25-Nov-2025,25169.25,Call,25650,225.95,8.46,15.2132,-1,83,14
30-Dec-2025,25169.25,Call,21000,4499.65,0,15.2132,3,5362.66666667,14
30-Jun-2026,25169.25,Call,26000,1100,5.3,15.2132,2,605.333333333,14
04-Nov-2025,25169.25,Call,25150,330.4,7.94,15.2132,0,25,13
25-Nov-2025,25169.25,Call,27150,10.55,9.73,15.2132,0,578,13
30-Dec-2025,25169.25,Put,28000,2425.6,18.77,15.2132,0,10926,13
20-Oct-2025,25169.25,Put,25900,676,11.15,15.2132,6,12,12
20-Oct-2025,25169.25,Call,24300,921,0,15.2132,0,100,12
28-Oct-2025,25169.25,Put,22650,5.25,21.19,15.2132,-5,131,12
28-Oct-2025,25169.25,Put,22900,6.15,19.78,15.2132,10,500,12
25-Nov-2025,25169.25,Put,24850,166.5,11.25,15.2132,-3,152,12
25-Nov-2025,25169.25,Call,24950,621.85,7.49,15.2132,4,84,12
30-Dec-2025,25169.25,Put,29000,3385,22.82,15.2132,2,8573,12
30-Dec-2025,25169.25,Put,30000,4350,26.53,15.2132,6,2515.66666667,12
30-Dec-2025,25169.25,Put,25800,605.9,11.93,15.2132,0,51,12
31-Mar-2026,25169.25,Call,24000,2105,0,15.2132,8,1933,12
14-Oct-2025,25169.25,Put,25950,758.55,15.37,15.2132,3,13,11
20-Oct-2025,25169.25,Call,26400,2.65,11.25,15.2132,0,277,11
28-Oct-2025,25169.25,Put,25900,671,11.73,15.2132,-2,274,11
28-Oct-2025,25169.25,Put,22950,6.3,19.47,15.2132,-1,58,11
25-Nov-2025,25169.25,Put,24450,89.75,11.74,15.2132,8,195,11
28-Oct-2025,25169.25,Call,23500,1750,0,15.2132,2,5663,10
28-Oct-2025,25169.25,Call,23000,2247,0,15.2132,2,14336,10
04-Nov-2025,25169.25,Put,23000,8.3,17.41,15.2132,4,201,10
25-Nov-2025,25169.25,Call,25550,283.1,8.46,15.2132,2,111,10
25-Nov-2025,25169.25,Call,25250,427.9,7.99,15.2132,-3,57,10
30-Dec-2025,25169.25,Call,25100,767.65,7.86,15.2132,1,217,10
29-Dec-2026,25169.25,Call,27000,1400,4.96,15.2132,4,917,10
30-Jun-2026,25169.25,Call,27000,620,6.93,15.2132,6,1113,10
04-Nov-2025,25169.25,Put,25500,348.35,10.23,15.2132,3,64,9
04-Nov-2025,25169.25,Put,24900,120,10.86,15.2132,0,89,9
25-Nov-2025,25169.25,Call,26150,88.55,8.4,15.2132,0,93,9
20-Oct-2025,25169.25,Call,24650,604.3,8.32,15.2132,1,91,8
28-Oct-2025,25169.25,Put,23250,7.45,17.65,15.2132,-1,98,8
28-Oct-2025,25169.25,Put,25550,390.6,10.52,15.2132,-3,309,8
25-Nov-2025,25169.25,Put,23100,20.5,15.38,15.2132,-6,151,8
25-Nov-2025,25169.25,Call,25450,330,8.41,15.2132,0,77,8
25-Nov-2025,25169.25,Call,25350,363,7.83,15.2132,2,84,8
25-Nov-2025,25169.25,Call,24850,719,8.24,15.2132,-1,22,8
30-Jun-2026,25169.25,Call,25000,1753.65,0,15.2132,-5,202,8
20-Oct-2025,25169.25,Call,24200,1018.7,0,15.2132,0,4,7
20-Oct-2025,25169.25,Call,24000,1223.5,0,15.2132,1,13,7
04-Nov-2025,25169.25,Call,25250,279.4,7.72,15.2132,0,26,7
25-Nov-2025,25169.25,Call,24600,905,6.75,15.2132,1,258,7
25-Nov-2025,25169.25,Put,25800,575.9,11.18,15.2132,1,365,7
25-Nov-2025,25169.25,Put,25350,322.6,10.77,15.2132,0,39,7
25-Nov-2025,25169.25,Put,25050,227,11.38,15.2132,1,116,7
25-Nov-2025,25169.25,Call,25050,560.75,7.81,15.2132,2,72,7
31-Mar-2026,25169.25,Put,28000,2062.05,15.91,15.2132,0,1345,7
31-Mar-2026,25169.25,Put,21000,47,18.89,15.2132,3,1543,7
14-Oct-2025,25169.25,Put,26500,1282.7,0,15.2132,-1,21,6
14-Oct-2025,25169.25,Call,24150,1054.15,10.7,15.2132,-1,12,6
20-Oct-2025,25169.25,Call,26550,2.35,12.27,15.2132,4,20,6
28-Oct-2025,25169.25,Call,24100,1195,0,15.2132,2,184,6
04-Nov-2025,25169.25,Call,25350,227,8.29,15.2132,0,14,6
04-Nov-2025,25169.25,Call,24850,551,8.04,15.2132,0,8,6
30-Dec-2025,25169.25,Put,24650,198.75,12.47,15.2132,2,35,6
30-Dec-2025,25169.25,Call,26150,236,8.38,15.2132,-2,24,6
30-Jun-2026,25169.25,Call,24000,2536.55,0,15.2132,2,59,6
20-Oct-2025,25169.25,Call,26900,1.55,14.25,15.2132,0,37,5
20-Oct-2025,25169.25,Call,26850,1.45,13.77,15.2132,0,70,5
28-Oct-2025,25169.25,Call,26950,2.7,11.77,15.2132,0,133,5
04-Nov-2025,25169.25,Put,24950,129.85,10.56,15.2132,-3,39,5
25-Nov-2025,25169.25,Put,25750,555.9,11.47,15.2132,0,35,5
25-Nov-2025,25169.25,Call,24700,804.55,6.01,15.2132,-2,653,5
14-Oct-2025,25169.25,Put,27100,1902.45,36.32,15.2132,0,122,4
20-Oct-2025,25169.25,Call,26750,1.5,13.09,15.2132,0,30,4
28-Oct-2025,25169.25,Put,22750,5.65,20.66,15.2132,0,58,4
04-Nov-2025,25169.25,Call,25450,151.9,7.2,15.2132,0,23,4
04-Nov-2025,25169.25,Call,25050,413.2,8.62,15.2132,2,18,4
25-Nov-2025,25169.25,Call,26800,22.2,8.91,15.2132,0,2095,4
30-Dec-2025,25169.25,Call,24900,896.7,7.12,15.2132,2,141,4
30-Dec-2025,25169.25,Call,22000,3540,0,15.2132,0,6148.66666667,4
30-Dec-2025,25169.25,Put,25050,300,12.21,15.2132,1,25,4
29-Dec-2026,25169.25,Call,29000,625,7.57,15.2132,0,575,4
29-Dec-2026,25169.25,Put,28000,1770,17.81,15.2132,-1,452,4
20-Oct-2025,25169.25,Call,24350,896.75,9.33,15.2132,1,7,3
04-Nov-2025,25169.25,Put,25050,160,10.73,15.2132,0,29,3
25-Nov-2025,25169.25,Put,23300,26.9,15.04,15.2132,0,399,3
30-Dec-2025,25169.25,Put,24950,266.55,12.15,15.2132,1,70,3
30-Dec-2025,25169.25,Call,24800,980,7.14,15.2132,1,172,3
30-Dec-2025,25169.25,Put,25150,330,12.13,15.2132,2,17,3
30-Dec-2025,25169.25,Call,20000,5483.3,0,15.2132,-1,4896.33333333,3
30-Dec-2025,25169.25,Call,25750,393,7.42,15.2132,1,48,3
29-Dec-2026,25169.25,Call,26000,1961,0,15.2132,1,398,3
29-Dec-2026,25169.25,Call,30000,400,8.16,15.2132,1,816,3
14-Oct-2025,25169.25,Put,26300,1090,0,15.2132,0,14,2
14-Oct-2025,25169.25,Call,24250,940.75,0,15.2132,0,40,2
14-Oct-2025,25169.25,Put,26100,884.7,0,15.2132,0,62,2
20-Oct-2025,25169.25,Call,26700,1.8,13,15.2132,0,142,2
28-Oct-2025,25169.25,Put,25850,623,10.46,15.2132,1,96,2
04-Nov-2025,25169.25,Call,24800,586.3,4.17,15.2132,1,28,2
04-Nov-2025,25169.25,Put,24850,107,10.75,15.2132,1,12,2
04-Nov-2025,25169.25,Put,24750,93,11.2,15.2132,0,27,2
25-Nov-2025,25169.25,Put,23400,23.1,14.03,15.2132,-1,1914,2
25-Nov-2025,25169.25,Call,24550,958.1,7.34,15.2132,0,18,2
25-Nov-2025,25169.25,Put,22800,27.25,17.97,15.2132,0,278,2
30-Dec-2025,25169.25,Put,24550,177.85,12.52,15.2132,0,43,2
30-Dec-2025,25169.25,Put,23100,42,14.55,15.2132,-1,186,2
30-Dec-2025,25169.25,Put,26200,839.85,12.22,15.2132,0,6,2
30-Dec-2025,25169.25,Call,25950,280.25,7.75,15.2132,0,36,2
30-Dec-2025,25169.25,Call,25250,663.95,7.9,15.2132,0,194,2
30-Dec-2025,25169.25,Put,26050,739.8,11.99,15.2132,1,3,2
30-Dec-2025,25169.25,Put,18000,8.15,31.1,15.2132,0,2045.66666667,2
30-Dec-2025,25169.25,Put,25700,550,11.94,15.2132,0,40,2
29-Dec-2026,25169.25,Call,25000,2600,0,15.2132,1,804.666666667,2
29-Dec-2026,25169.25,Call,28000,950,6.69,15.2132,0,606,2
28-Oct-2025,25169.25,Call,26850,2.5,0,15.2132,0,91,1
28-Oct-2025,25169.25,Call,24550,779.4,10.37,15.2132,0,189,1
28-Oct-2025,25169.25,Put,25950,678.7,9.4,15.2132,0,49,1
28-Oct-2025,25169.25,Call,23600,1640.35,0,15.2132,0,89,1
28-Oct-2025,25169.25,Put,26300,1012,11.1,15.2132,0,332,1
28-Oct-2025,25169.25,Call,23900,1328.5,0,15.2132,0,59,1
04-Nov-2025,25169.25,Put,23900,19.9,13.41,15.2132,0,3,1
04-Nov-2025,25169.25,Call,24700,668,7.27,15.2132,0,23,1
04-Nov-2025,25169.25,Call,24900,507,7.83,15.2132,0,15,1
28-Oct-2025,25169.25,Put,26600,1305,12.72,15.2132,0,77,1
25-Nov-2025,25169.25,Put,23950,49.45,13.01,15.2132,0,63,1
25-Nov-2025,25169.25,Put,22950,23.8,0,15.2132,0,5,1
25-Nov-2025,25169.25,Put,26100,811.6,12.32,15.2132,0,22,1
30-Dec-2025,25169.25,Call,25050,789.5,7.45,15.2132,0,24,1
30-Dec-2025,25169.25,Call,24750,996,5.88,15.2132,0,7,1
31-Mar-2026,25169.25,Put,20000,33.5,20.96,15.2132,0,878,1
30-Dec-2025,25169.25,Put,23300,55.5,14.51,15.2132,0,109,1
30-Dec-2025,25169.25,Call,25850,309.5,7.49,15.2132,0,44,1
30-Dec-2025,25169.25,Call,25650,397.95,7.34,15.2132,0,26,1
30-Jun-2026,25169.25,Put,22000,105,16.71,15.2132,0,168,1
30-Jun-2026,25169.25,Call,30000,91,9.19,15.2132,0,146,1
29-Dec-2026,25169.25,Put,22000,257,19.18,15.2132,0,807.666666667,1
29-Dec-2026,25169.25,Call,24000,3300,0,15.2132,0,128,1
14-Oct-2025,25169.25,Call,23150,0,0,15.2132,0,1,0
14-Oct-2025,25169.25,Call,23600,0,0,15.2132,0,20,0
14-Oct-2025,25169.25,Call,23200,0,0,15.2132,0,5,0
14-Oct-2025,25169.25,Call,23250,0,0,15.2132,0,1,0
14-Oct-2025,25169.25,Call,23300,0,0,15.2132,0,6,0
14-Oct-2025,25169.25,Call,23100,0,0,15.2132,0,1,0
14-Oct-2025,25169.25,Put,26350,0,0,15.2132,0,8,0
14-Oct-2025,25169.25,Put,26400,0,0,15.2132,0,8,0
14-Oct-2025,25169.25,Put,26450,0,0,15.2132,0,8,0
14-Oct-2025,25169.25,Put,26550,0,0,15.2132,0,0,0
14-Oct-2025,25169.25,Put,26600,0,0,15.2132,0,0,0
14-Oct-2025,25169.25,Put,26650,0,0,15.2132,0,2,0
14-Oct-2025,25169.25,Put,26700,0,0,15.2132,0,0,0
14-Oct-2025,25169.25,Put,26750,0,0,15.2132,0,0,0
14-Oct-2025,25169.25,Put,26800,0,0,15.2132,0,0,0
14-Oct-2025,25169.25,Put,26850,0,0,15.2132,0,0,0
14-Oct-2025,25169.25,Put,26900,0,0,15.2132,0,0,0
14-Oct-2025,25169.25,Put,26950,0,0,15.2132,0,0,0
14-Oct-2025,25169.25,Put,27000,0,0,15.2132,0,2,0
14-Oct-2025,25169.25,Call,24350,0,0,15.2132,0,55,0
14-Oct-2025,25169.25,Put,26050,0,0,15.2132,0,9,0
14-Oct-2025,25169.25,Call,23950,0,0,15.2132,0,5,0
14-Oct-2025,25169.25,Call,24050,0,0,15.2132,0,12,0
14-Oct-2025,25169.25,Call,23350,0,0,15.2132,0,1,0
14-Oct-2025,25169.25,Call,23450,0,0,15.2132,0,1,0
20-Oct-2025,25169.25,Put,23750,0,0,15.2132,0,0,0
14-Oct-2025,25169.25,Put,27050,0,0,15.2132,0,0,0
14-Oct-2025,25169.25,Call,22850,0,0,15.2132,0,90,0
20-Oct-2025,25169.25,Call,22950,0,0,15.2132,0,0,0
14-Oct-2025,25169.25,Call,23700,0,0,15.2132,0,22,0
14-Oct-2025,25169.25,Call,22900,0,0,15.2132,0,0,0
14-Oct-2025,25169.25,Put,26150,0,0,15.2132,0,10,0
20-Oct-2025,25169.25,Call,23050,0,0,15.2132,0,0,0
14-Oct-2025,25169.25,Call,23800,0,0,15.2132,0,54,0
14-Oct-2025,25169.25,Call,23750,0,0,15.2132,0,4,0
14-Oct-2025,25169.25,Call,23550,0,0,15.2132,0,4,0
20-Oct-2025,25169.25,Put,22900,0,0,15.2132,0,76,0
20-Oct-2025,25169.25,Call,23100,0,0,15.2132,0,0,0
14-Oct-2025,25169.25,Call,23000,0,0,15.2132,0,237,0
20-Oct-2025,25169.25,Put,25950,0,0,15.2132,0,8,0
14-Oct-2025,25169.25,Put,27150,0,0,15.2132,0,0,0
14-Oct-2025,25169.25,Call,23050,0,0,15.2132,0,0,0
14-Oct-2025,25169.25,Call,23400,0,0,15.2132,0,9,0
14-Oct-2025,25169.25,Call,23500,0,0,15.2132,0,287,0
14-Oct-2025,25169.25,Call,23900,0,0,15.2132,0,60,0
20-Oct-2025,25169.25,Call,23000,0,0,15.2132,0,0,0
14-Oct-2025,25169.25,Call,23650,0,0,15.2132,0,8,0
14-Oct-2025,25169.25,Call,23850,0,0,15.2132,0,8,0
20-Oct-2025,25169.25,Call,22850,0,0,15.2132,0,3,0
14-Oct-2025,25169.25,Put,26250,0,0,15.2132,0,7,0
14-Oct-2025,25169.25,Call,22950,0,0,15.2132,0,0,0
20-Oct-2025,25169.25,Call,22900,0,0,15.2132,0,0,0
20-Oct-2025,25169.25,Put,26200,0,0,15.2132,0,1,0
20-Oct-2025,25169.25,Put,26700,0,0,15.2132,0,0,0
20-Oct-2025,25169.25,Put,23950,0,0,15.2132,0,0,0
20-Oct-2025,25169.25,Put,24350,0,0,15.2132,0,0,0
20-Oct-2025,25169.25,Put,24050,0,0,15.2132,0,0,0
20-Oct-2025,25169.25,Put,23350,0,0,15.2132,0,0,0
20-Oct-2025,25169.25,Call,26350,0,0,15.2132,0,0,0
20-Oct-2025,25169.25,Call,26950,0,0,15.2132,0,33,0
20-Oct-2025,25169.25,Put,27000,0,0,15.2132,0,0,0
28-Oct-2025,25169.25,Put,26950,0,0,15.2132,0,19,0
28-Oct-2025,25169.25,Put,26900,0,0,15.2132,0,34,0
28-Oct-2025,25169.25,Call,22600,0,0,15.2132,0,141,0
28-Oct-2025,25169.25,Put,27150,0,0,15.2132,0,79,0
28-Oct-2025,25169.25,Call,24450,0,0,15.2132,0,182,0
28-Oct-2025,25169.25,Call,24350,0,0,15.2132,0,115,0
28-Oct-2025,25169.25,Call,23700,0,0,15.2132,0,47,0
20-Oct-2025,25169.25,Put,27150,0,0,15.2132,0,8,0
20-Oct-2025,25169.25,Put,27100,0,0,15.2132,0,0,0
20-Oct-2025,25169.25,Put,27050,0,0,15.2132,0,0,0
20-Oct-2025,25169.25,Put,26950,0,0,15.2132,0,0,0
20-Oct-2025,25169.25,Put,26900,0,0,15.2132,0,0,0
20-Oct-2025,25169.25,Put,26850,0,0,15.2132,0,0,0
20-Oct-2025,25169.25,Put,26800,0,0,15.2132,0,0,0
20-Oct-2025,25169.25,Put,26750,0,0,15.2132,0,0,0
20-Oct-2025,25169.25,Call,23800,0,0,15.2132,0,7,0
20-Oct-2025,25169.25,Put,26150,0,0,15.2132,0,0,0
20-Oct-2025,25169.25,Put,26050,0,0,15.2132,0,3,0
20-Oct-2025,25169.25,Put,25850,0,0,15.2132,0,7,0
20-Oct-2025,25169.25,Put,25750,0,0,15.2132,0,6,0
20-Oct-2025,25169.25,Call,24450,0,0,15.2132,0,4,0
20-Oct-2025,25169.25,Call,24250,0,0,15.2132,0,13,0
20-Oct-2025,25169.25,Put,23450,0,0,15.2132,0,3,0
20-Oct-2025,25169.25,Call,23350,0,0,15.2132,0,0,0
20-Oct-2025,25169.25,Call,23300,0,0,15.2132,0,0,0
20-Oct-2025,25169.25,Put,23250,0,0,15.2132,0,13,0
20-Oct-2025,25169.25,Call,23250,0,0,15.2132,0,0,0
20-Oct-2025,25169.25,Call,23200,0,0,15.2132,0,0,0
20-Oct-2025,25169.25,Call,23150,0,0,15.2132,0,0,0
20-Oct-2025,25169.25,Call,24150,0,0,15.2132,0,2,0
20-Oct-2025,25169.25,Call,24100,0,0,15.2132,0,4,0
20-Oct-2025,25169.25,Call,24050,0,0,15.2132,0,1,0
20-Oct-2025,25169.25,Call,23950,0,0,15.2132,0,1,0
20-Oct-2025,25169.25,Call,23900,0,0,15.2132,0,0,0
20-Oct-2025,25169.25,Call,23850,0,0,15.2132,0,1,0
20-Oct-2025,25169.25,Call,23750,0,0,15.2132,0,1,0
20-Oct-2025,25169.25,Call,23700,0,0,15.2132,0,2,0
20-Oct-2025,25169.25,Call,23650,0,0,15.2132,0,1,0
20-Oct-2025,25169.25,Call,23600,0,0,15.2132,0,0,0
20-Oct-2025,25169.25,Call,23550,0,0,15.2132,0,0,0
20-Oct-2025,25169.25,Call,23500,0,0,15.2132,0,0,0
20-Oct-2025,25169.25,Call,23450,0,0,15.2132,0,0,0
20-Oct-2025,25169.25,Call,23400,0,0,15.2132,0,0,0
20-Oct-2025,25169.25,Put,26650,0,0,15.2132,0,0,0
20-Oct-2025,25169.25,Put,26600,0,0,15.2132,0,0,0
20-Oct-2025,25169.25,Put,26550,0,0,15.2132,0,0,0
20-Oct-2025,25169.25,Put,26500,0,0,15.2132,0,0,0
20-Oct-2025,25169.25,Put,26450,0,0,15.2132,0,0,0
20-Oct-2025,25169.25,Put,26350,0,0,15.2132,0,0,0
20-Oct-2025,25169.25,Put,26250,0,0,15.2132,0,0,0
28-Oct-2025,25169.25,Call,22700,0,0,15.2132,0,116,0
28-Oct-2025,25169.25,Call,22650,0,0,15.2132,0,0,0
28-Oct-2025,25169.25,Put,27050,0,0,15.2132,0,0,0
28-Oct-2025,25169.25,Call,22750,0,0,15.2132,0,0,0
28-Oct-2025,25169.25,Put,23150,0,0,15.2132,0,445,0
28-Oct-2025,25169.25,Put,27100,0,0,15.2132,0,35,0
28-Oct-2025,25169.25,Call,24250,0,0,15.2132,0,66,0
28-Oct-2025,25169.25,Call,23650,0,0,15.2132,0,8,0
28-Oct-2025,25169.25,Call,23550,0,0,15.2132,0,5,0
28-Oct-2025,25169.25,Put,23450,0,0,15.2132,0,391,0
28-Oct-2025,25169.25,Call,23450,0,0,15.2132,0,1,0
28-Oct-2025,25169.25,Call,23400,0,0,15.2132,0,63,0
28-Oct-2025,25169.25,Call,23350,0,0,15.2132,0,5,0
28-Oct-2025,25169.25,Call,23300,0,0,15.2132,0,55,0
28-Oct-2025,25169.25,Call,23250,0,0,15.2132,0,0,0
28-Oct-2025,25169.25,Call,23200,0,0,15.2132,0,145,0
28-Oct-2025,25169.25,Call,23150,0,0,15.2132,0,1,0
28-Oct-2025,25169.25,Call,23100,0,0,15.2132,0,9,0
28-Oct-2025,25169.25,Call,23050,0,0,15.2132,0,1,0
28-Oct-2025,25169.25,Put,26850,0,0,15.2132,0,11,0
28-Oct-2025,25169.25,Put,26450,0,0,15.2132,0,18,0
28-Oct-2025,25169.25,Put,26400,0,0,15.2132,0,171,0
28-Oct-2025,25169.25,Put,26350,0,0,15.2132,0,56,0
28-Oct-2025,25169.25,Put,26250,0,0,15.2132,0,61,0
28-Oct-2025,25169.25,Put,26150,0,0,15.2132,0,26,0
28-Oct-2025,25169.25,Put,26050,0,0,15.2132,0,20,0
28-Oct-2025,25169.25,Call,24150,0,0,15.2132,0,22,0
28-Oct-2025,25169.25,Call,24050,0,0,15.2132,0,25,0
28-Oct-2025,25169.25,Call,23950,0,0,15.2132,0,26,0
28-Oct-2025,25169.25,Call,23850,0,0,15.2132,0,6,0
28-Oct-2025,25169.25,Call,23800,0,0,15.2132,0,326,0
28-Oct-2025,25169.25,Call,23750,0,0,15.2132,0,7,0
28-Oct-2025,25169.25,Put,26800,0,0,15.2132,0,227,0
28-Oct-2025,25169.25,Put,23050,0,0,15.2132,0,406,0
04-Nov-2025,25169.25,Put,23400,0,0,15.2132,0,5,0
04-Nov-2025,25169.25,Put,22850,0,0,15.2132,0,81,0
04-Nov-2025,25169.25,Put,23150,0,0,15.2132,0,1,0
04-Nov-2025,25169.25,Call,26150,0,0,15.2132,0,0,0
04-Nov-2025,25169.25,Call,25550,0,0,15.2132,0,0,0
04-Nov-2025,25169.25,Call,25400,0,0,15.2132,0,0,0
04-Nov-2025,25169.25,Put,23850,0,0,15.2132,0,0,0
04-Nov-2025,25169.25,Put,23800,0,0,15.2132,0,62,0
04-Nov-2025,25169.25,Call,24550,0,0,15.2132,0,0,0
04-Nov-2025,25169.25,Call,24500,0,0,15.2132,0,14,0
04-Nov-2025,25169.25,Call,24650,0,0,15.2132,0,7,0
04-Nov-2025,25169.25,Call,24600,0,0,15.2132,0,2,0
04-Nov-2025,25169.25,Put,24050,0,0,15.2132,0,0,0
04-Nov-2025,25169.25,Put,23950,0,0,15.2132,0,0,0
04-Nov-2025,25169.25,Call,24950,0,0,15.2132,0,10,0
04-Nov-2025,25169.25,Call,24750,0,0,15.2132,0,19,0
04-Nov-2025,25169.25,Put,25450,0,0,15.2132,0,0,0
04-Nov-2025,25169.25,Put,25350,0,0,15.2132,0,0,0
04-Nov-2025,25169.25,Call,26350,0,0,15.2132,0,0,0
04-Nov-2025,25169.25,Call,26050,0,0,15.2132,0,0,0
04-Nov-2025,25169.25,Put,24550,0,0,15.2132,0,0,0
04-Nov-2025,25169.25,Put,25900,0,0,15.2132,0,0,0
28-Oct-2025,25169.25,Put,26650,0,0,15.2132,0,5,0
28-Oct-2025,25169.25,Call,26650,0,0,15.2132,0,343,0
28-Oct-2025,25169.25,Put,26550,0,0,15.2132,0,8,0
28-Oct-2025,25169.25,Put,25650,0,0,15.2132,0,224,0
28-Oct-2025,25169.25,Call,22950,0,0,15.2132,0,1,0
28-Oct-2025,25169.25,Call,22900,0,0,15.2132,0,1,0
28-Oct-2025,25169.25,Call,22850,0,0,15.2132,0,1,0
28-Oct-2025,25169.25,Call,22800,0,0,15.2132,0,1332,0
28-Oct-2025,25169.25,Put,26750,0,0,15.2132,0,8,0
28-Oct-2025,25169.25,Put,26700,0,0,15.2132,0,100,0
04-Nov-2025,25169.25,Put,24200,0,0,15.2132,0,0,0
04-Nov-2025,25169.25,Put,24300,0,0,15.2132,0,0,0
04-Nov-2025,25169.25,Put,23450,0,0,15.2132,0,1,0
04-Nov-2025,25169.25,Put,24250,0,0,15.2132,0,0,0
04-Nov-2025,25169.25,Call,26000,0,0,15.2132,0,0,0
04-Nov-2025,25169.25,Call,23800,0,0,0,0,0,0
04-Nov-2025,25169.25,Call,24050,0,0,0,0,0,0
04-Nov-2025,25169.25,Call,26300,0,0,15.2132,0,0,0
04-Nov-2025,25169.25,Put,26050,0,0,0,0,0,0
04-Nov-2025,25169.25,Call,23950,0,0,0,0,0,0
04-Nov-2025,25169.25,Call,26450,0,0,15.2132,0,0,0
04-Nov-2025,25169.25,Call,23850,0,0,0,0,0,0
04-Nov-2025,25169.25,Put,23700,0,0,15.2132,0,10,0
04-Nov-2025,25169.25,Put,26100,0,0,0,0,0,0
04-Nov-2025,25169.25,Call,23900,0,0,0,0,0,0
04-Nov-2025,25169.25,Put,24350,0,0,15.2132,0,0,0
04-Nov-2025,25169.25,Call,24250,0,0,15.2132,0,0,0
04-Nov-2025,25169.25,Call,26700,0,0,15.2132,0,0,0
04-Nov-2025,25169.25,Call,26650,0,0,15.2132,0,0,0
04-Nov-2025,25169.25,Call,25850,0,0,15.2132,0,0,0
04-Nov-2025,25169.25,Call,26400,0,0,15.2132,0,0,0
04-Nov-2025,25169.25,Put,23750,0,0,15.2132,0,0,0
04-Nov-2025,25169.25,Call,26200,0,0,15.2132,0,0,0
04-Nov-2025,25169.25,Call,24000,0,0,15.2132,0,1,0
04-Nov-2025,25169.25,Put,23050,0,0,15.2132,0,0,0
04-Nov-2025,25169.25,Put,25600,0,0,15.2132,0,6,0
04-Nov-2025,25169.25,Put,25550,0,0,15.2132,0,0,0
04-Nov-2025,25169.25,Call,23750,0,0,0,0,0,0
04-Nov-2025,25169.25,Call,23700,0,0,0,0,0,0
04-Nov-2025,25169.25,Call,23650,0,0,0,0,0,0
04-Nov-2025,25169.25,Call,24150,0,0,15.2132,0,0,0
04-Nov-2025,25169.25,Put,26400,0,0,0,0,0,0
04-Nov-2025,25169.25,Put,26350,0,0,0,0,0,0
04-Nov-2025,25169.25,Put,26300,0,0,0,0,0,0
04-Nov-2025,25169.25,Put,26250,0,0,0,0,0,0
04-Nov-2025,25169.25,Put,26200,0,0,0,0,0,0
04-Nov-2025,25169.25,Put,26150,0,0,0,0,0,0
04-Nov-2025,25169.25,Put,26900,0,0,0,0,0,0
04-Nov-2025,25169.25,Put,26850,0,0,0,0,0,0
04-Nov-2025,25169.25,Put,26800,0,0,0,0,0,0
04-Nov-2025,25169.25,Put,26750,0,0,0,0,0,0
04-Nov-2025,25169.25,Put,26700,0,0,0,0,0,0
04-Nov-2025,25169.25,Put,26650,0,0,0,0,0,0
04-Nov-2025,25169.25,Put,26600,0,0,0,0,0,0
04-Nov-2025,25169.25,Put,26550,0,0,0,0,0,0
04-Nov-2025,25169.25,Put,26450,0,0,0,0,0,0
04-Nov-2025,25169.25,Call,23600,0,0,0,0,0,0
04-Nov-2025,25169.25,Call,23550,0,0,0,0,0,0
04-Nov-2025,25169.25,Call,23500,0,0,0,0,0,0
04-Nov-2025,25169.25,Call,23450,0,0,0,0,0,0
04-Nov-2025,25169.25,Call,23400,0,0,0,0,0,0
04-Nov-2025,25169.25,Call,23350,0,0,0,0,0,0
04-Nov-2025,25169.25,Call,23300,0,0,0,0,0,0
04-Nov-2025,25169.25,Call,23250,0,0,0,0,0,0
04-Nov-2025,25169.25,Call,23200,0,0,0,0,0,0
04-Nov-2025,25169.25,Call,23150,0,0,0,0,0,0
04-Nov-2025,25169.25,Call,23100,0,0,0,0,0,0
04-Nov-2025,25169.25,Call,23050,0,0,0,0,0,0
04-Nov-2025,25169.25,Call,23000,0,0,0,0,0,0
04-Nov-2025,25169.25,Call,22950,0,0,0,0,0,0
04-Nov-2025,25169.25,Call,22900,0,0,0,0,0,0
04-Nov-2025,25169.25,Call,22850,0,0,0,0,0,0
04-Nov-2025,25169.25,Put,24150,0,0,15.2132,0,0,0
04-Nov-2025,25169.25,Put,25150,0,0,15.2132,0,0,0
04-Nov-2025,25169.25,Put,23600,0,0,15.2132,0,4,0
04-Nov-2025,25169.25,Put,23500,0,0,15.2132,0,139,0
04-Nov-2025,25169.25,Put,24100,0,0,15.2132,0,0,0
04-Nov-2025,25169.25,Put,24650,0,0,15.2132,0,1,0
04-Nov-2025,25169.25,Call,26600,0,0,15.2132,0,0,0
04-Nov-2025,25169.25,Call,26100,0,0,15.2132,0,0,0
04-Nov-2025,25169.25,Put,23350,0,0,15.2132,0,2,0
04-Nov-2025,25169.25,Put,23300,0,0,15.2132,0,33,0
04-Nov-2025,25169.25,Call,26800,0,0,15.2132,0,40,0
04-Nov-2025,25169.25,Call,26850,0,0,15.2132,0,0,0
04-Nov-2025,25169.25,Call,26500,0,0,15.2132,0,0,0
04-Nov-2025,25169.25,Call,25950,0,0,15.2132,0,0,0
04-Nov-2025,25169.25,Call,24450,0,0,15.2132,0,0,0
04-Nov-2025,25169.25,Call,24400,0,0,15.2132,0,0,0
04-Nov-2025,25169.25,Call,24350,0,0,15.2132,0,0,0
04-Nov-2025,25169.25,Call,24300,0,0,15.2132,0,0,0
04-Nov-2025,25169.25,Call,24200,0,0,15.2132,0,0,0
04-Nov-2025,25169.25,Call,24100,0,0,15.2132,0,0,0
04-Nov-2025,25169.25,Put,23100,0,0,15.2132,0,10,0
04-Nov-2025,25169.25,Put,22950,0,0,15.2132,0,0,0
04-Nov-2025,25169.25,Put,22900,0,0,15.2132,0,2,0
04-Nov-2025,25169.25,Call,26250,0,0,15.2132,0,0,0
04-Nov-2025,25169.25,Put,23650,0,0,15.2132,0,0,0
04-Nov-2025,25169.25,Put,23250,0,0,15.2132,0,14,0
04-Nov-2025,25169.25,Put,23200,0,0,15.2132,0,6,0
04-Nov-2025,25169.25,Call,25800,0,0,15.2132,0,0,0
04-Nov-2025,25169.25,Call,26750,0,0,15.2132,0,1,0
04-Nov-2025,25169.25,Put,23550,0,0,15.2132,0,0,0
11-Nov-2025,25169.25,Call,25300,0,0,0,0,0,0
11-Nov-2025,25169.25,Call,25250,0,0,0,0,0,0
11-Nov-2025,25169.25,Call,25150,0,0,0,0,0,0
11-Nov-2025,25169.25,Call,25100,0,0,0,0,0,0
11-Nov-2025,25169.25,Put,25050,0,0,0,0,0,0
11-Nov-2025,25169.25,Call,25050,0,0,0,0,0,0
11-Nov-2025,25169.25,Call,25000,0,0,0,0,0,0
11-Nov-2025,25169.25,Put,24950,0,0,0,0,0,0
11-Nov-2025,25169.25,Call,24950,0,0,0,0,0,0
11-Nov-2025,25169.25,Call,24900,0,0,0,0,0,0
11-Nov-2025,25169.25,Call,24850,0,0,0,0,0,0
11-Nov-2025,25169.25,Call,24800,0,0,0,0,0,0
11-Nov-2025,25169.25,Call,24750,0,0,0,0,0,0
11-Nov-2025,25169.25,Call,24700,0,0,0,0,0,0
11-Nov-2025,25169.25,Call,24600,0,0,0,0,0,0
11-Nov-2025,25169.25,Call,24500,0,0,0,0,0,0
11-Nov-2025,25169.25,Put,23700,0,0,0,0,0,0
11-Nov-2025,25169.25,Call,26350,0,0,0,0,0,0
11-Nov-2025,25169.25,Put,25450,0,0,0,0,0,0
11-Nov-2025,25169.25,Call,25450,0,0,0,0,0,0
11-Nov-2025,25169.25,Call,25600,0,0,0,0,0,0
11-Nov-2025,25169.25,Put,23500,0,0,0,0,0,0
11-Nov-2025,25169.25,Put,23450,0,0,0,0,0,0
11-Nov-2025,25169.25,Call,25950,0,0,0,0,0,0
11-Nov-2025,25169.25,Call,25850,0,0,0,0,0,0
11-Nov-2025,25169.25,Call,26450,0,0,0,0,0,0
11-Nov-2025,25169.25,Call,26100,0,0,0,0,0,0
11-Nov-2025,25169.25,Call,26050,0,0,0,0,0,0
11-Nov-2025,25169.25,Put,25100,0,0,0,0,0,0
11-Nov-2025,25169.25,Put,24150,0,0,0,0,0,0
11-Nov-2025,25169.25,Put,24600,0,0,0,0,0,0
11-Nov-2025,25169.25,Call,25900,0,0,0,0,0,0
11-Nov-2025,25169.25,Call,25700,0,0,0,0,0,0
11-Nov-2025,25169.25,Put,24250,0,0,0,0,0,0
11-Nov-2025,25169.25,Put,24200,0,0,0,0,0,0
11-Nov-2025,25169.25,Put,24100,0,0,0,0,0,0
11-Nov-2025,25169.25,Put,24050,0,0,0,0,0,0
11-Nov-2025,25169.25,Put,24000,0,0,0,0,0,0
11-Nov-2025,25169.25,Put,23900,0,0,0,0,0,0
11-Nov-2025,25169.25,Put,23850,0,0,0,0,0,0
11-Nov-2025,25169.25,Put,23800,0,0,0,0,0,0
11-Nov-2025,25169.25,Put,23650,0,0,0,0,0,0
11-Nov-2025,25169.25,Put,23600,0,0,0,0,0,0
11-Nov-2025,25169.25,Put,23550,0,0,0,0,0,0
11-Nov-2025,25169.25,Put,23400,0,0,0,0,0,0
11-Nov-2025,25169.25,Put,23350,0,0,0,0,0,0
11-Nov-2025,25169.25,Put,25400,0,0,0,0,0,0
11-Nov-2025,25169.25,Call,25400,0,0,0,0,0,0
11-Nov-2025,25169.25,Call,26750,0,0,0,0,0,0
11-Nov-2025,25169.25,Call,26700,0,0,0,0,0,0
11-Nov-2025,25169.25,Call,26650,0,0,0,0,0,0
11-Nov-2025,25169.25,Call,26600,0,0,0,0,0,0
11-Nov-2025,25169.25,Call,26500,0,0,0,0,0,0
11-Nov-2025,25169.25,Put,25250,0,0,0,0,0,0
11-Nov-2025,25169.25,Put,25200,0,0,0,0,0,0
11-Nov-2025,25169.25,Put,25150,0,0,0,0,0,0
11-Nov-2025,25169.25,Put,26000,0,0,0,0,0,0
11-Nov-2025,25169.25,Call,26000,0,0,0,0,0,0
11-Nov-2025,25169.25,Put,25950,0,0,0,0,0,0
11-Nov-2025,25169.25,Put,25900,0,0,0,0,0,0
11-Nov-2025,25169.25,Put,25850,0,0,0,0,0,0
11-Nov-2025,25169.25,Put,25800,0,0,0,0,0,0
11-Nov-2025,25169.25,Call,25800,0,0,0,0,0,0
11-Nov-2025,25169.25,Put,25750,0,0,0,0,0,0
11-Nov-2025,25169.25,Call,25750,0,0,0,0,0,0
11-Nov-2025,25169.25,Put,25700,0,0,0,0,0,0
11-Nov-2025,25169.25,Put,25650,0,0,0,0,0,0
11-Nov-2025,25169.25,Call,25650,0,0,0,0,0,0
11-Nov-2025,25169.25,Put,25600,0,0,0,0,0,0
11-Nov-2025,25169.25,Put,25550,0,0,0,0,0,0
11-Nov-2025,25169.25,Call,25550,0,0,0,0,0,0
11-Nov-2025,25169.25,Put,25500,0,0,0,0,0,0
11-Nov-2025,25169.25,Call,25500,0,0,0,0,0,0
11-Nov-2025,25169.25,Call,26400,0,0,0,0,0,0
11-Nov-2025,25169.25,Put,25000,0,0,0,0,0,0
11-Nov-2025,25169.25,Put,24500,0,0,0,0,0,0
04-Nov-2025,25169.25,Put,25950,0,0,15.2132,0,0,0
04-Nov-2025,25169.25,Put,25850,0,0,15.2132,0,0,0
04-Nov-2025,25169.25,Put,25800,0,0,15.2132,0,0,0
04-Nov-2025,25169.25,Put,25750,0,0,15.2132,0,0,0
04-Nov-2025,25169.25,Put,25700,0,0,15.2132,0,0,0
04-Nov-2025,25169.25,Put,25650,0,0,15.2132,0,0,0
04-Nov-2025,25169.25,Call,25750,0,0,15.2132,0,0,0
04-Nov-2025,25169.25,Call,25650,0,0,15.2132,0,0,0
04-Nov-2025,25169.25,Put,24450,0,0,15.2132,0,0,0
04-Nov-2025,25169.25,Put,26500,0,0,0,0,0,0
11-Nov-2025,25169.25,Call,25350,0,0,0,0,0,0
11-Nov-2025,25169.25,Call,26150,0,0,0,0,0,0
11-Nov-2025,25169.25,Call,26250,0,0,0,0,0,0
11-Nov-2025,25169.25,Call,26850,0,0,0,0,0,0
11-Nov-2025,25169.25,Call,26300,0,0,0,0,0,0
11-Nov-2025,25169.25,Call,26200,0,0,0,0,0,0
11-Nov-2025,25169.25,Call,26800,0,0,0,0,0,0
11-Nov-2025,25169.25,Put,24300,0,0,0,0,0,0
11-Nov-2025,25169.25,Put,25350,0,0,0,0,0,0
11-Nov-2025,25169.25,Put,25300,0,0,0,0,0,0
11-Nov-2025,25169.25,Put,24550,0,0,0,0,0,0
11-Nov-2025,25169.25,Put,24350,0,0,0,0,0,0
11-Nov-2025,25169.25,Put,24400,0,0,0,0,0,0
11-Nov-2025,25169.25,Put,24450,0,0,0,0,0,0
11-Nov-2025,25169.25,Put,24650,0,0,0,0,0,0
11-Nov-2025,25169.25,Put,23750,0,0,0,0,0,0
11-Nov-2025,25169.25,Put,23950,0,0,0,0,0,0
25-Nov-2025,25169.25,Call,26650,0,0,15.2132,0,0,0
25-Nov-2025,25169.25,Call,26450,0,0,15.2132,0,0,0
25-Nov-2025,25169.25,Put,26450,0,0,15.2132,0,10,0
25-Nov-2025,25169.25,Put,26800,0,0,15.2132,0,0,0
25-Nov-2025,25169.25,Put,24350,0,0,15.2132,0,92,0
25-Nov-2025,25169.25,Call,24350,0,0,15.2132,0,4,0
25-Nov-2025,25169.25,Call,24300,0,0,15.2132,0,90,0
25-Nov-2025,25169.25,Put,24250,0,0,15.2132,0,55,0
25-Nov-2025,25169.25,Call,24250,0,0,15.2132,0,2,0
25-Nov-2025,25169.25,Call,24200,0,0,15.2132,0,80,0
25-Nov-2025,25169.25,Call,24150,0,0,15.2132,0,3,0
25-Nov-2025,25169.25,Call,24100,0,0,15.2132,0,5,0
25-Nov-2025,25169.25,Call,23950,0,0,15.2132,0,1,0
25-Nov-2025,25169.25,Call,23900,0,0,15.2132,0,3,0
25-Nov-2025,25169.25,Put,23850,0,0,15.2132,0,3,0
25-Nov-2025,25169.25,Call,23800,0,0,15.2132,0,4,0
25-Nov-2025,25169.25,Put,23750,0,0,15.2132,0,0,0
25-Nov-2025,25169.25,Call,23750,0,0,15.2132,0,1,0
25-Nov-2025,25169.25,Call,23700,0,0,15.2132,0,3,0
25-Nov-2025,25169.25,Call,23600,0,0,15.2132,0,0,0
25-Nov-2025,25169.25,Call,23500,0,0,15.2132,0,217,0
25-Nov-2025,25169.25,Call,24400,0,0,15.2132,0,57,0
25-Nov-2025,25169.25,Call,22700,0,0,15.2132,0,0,0
25-Nov-2025,25169.25,Call,23000,0,0,15.2132,0,184,0
25-Nov-2025,25169.25,Put,22900,0,0,15.2132,0,173,0
25-Nov-2025,25169.25,Put,22750,0,0,15.2132,0,64,0
25-Nov-2025,25169.25,Put,26250,0,0,15.2132,0,2,0
25-Nov-2025,25169.25,Put,27150,0,0,15.2132,0,0,0
25-Nov-2025,25169.25,Put,26950,0,0,15.2132,0,0,0
25-Nov-2025,25169.25,Call,26950,0,0,15.2132,0,0,0
25-Nov-2025,25169.25,Put,26900,0,0,15.2132,0,0,0
25-Nov-2025,25169.25,Call,26900,0,0,15.2132,0,0,0
25-Nov-2025,25169.25,Call,27050,0,0,15.2132,0,0,0
25-Nov-2025,25169.25,Put,27100,0,0,15.2132,0,0,0
25-Nov-2025,25169.25,Call,27100,0,0,15.2132,0,0,0
25-Nov-2025,25169.25,Put,27050,0,0,15.2132,0,0,0
25-Nov-2025,25169.25,Put,23450,0,0,15.2132,0,44,0
25-Nov-2025,25169.25,Put,23350,0,0,15.2132,0,1,0
25-Nov-2025,25169.25,Put,23250,0,0,15.2132,0,15,0
25-Nov-2025,25169.25,Put,23150,0,0,15.2132,0,10,0
25-Nov-2025,25169.25,Put,23050,0,0,15.2132,0,7,0
25-Nov-2025,25169.25,Put,22850,0,0,15.2132,0,11,0
25-Nov-2025,25169.25,Call,26050,0,0,15.2132,0,0,0
25-Nov-2025,25169.25,Put,26850,0,0,15.2132,0,0,0
25-Nov-2025,25169.25,Call,26850,0,0,15.2132,0,0,0
11-Nov-2025,25169.25,Call,26550,0,0,0,0,0,0
30-Dec-2025,25169.25,Put,25900,0,0,15.2132,0,32,0
25-Nov-2025,25169.25,Put,23650,0,0,15.2132,0,94,0
25-Nov-2025,25169.25,Put,25450,0,0,15.2132,0,12,0
25-Nov-2025,25169.25,Call,24750,0,0,15.2132,0,39,0
25-Nov-2025,25169.25,Put,24050,0,0,15.2132,0,0,0
25-Nov-2025,25169.25,Call,24050,0,0,15.2132,0,2,0
25-Nov-2025,25169.25,Call,23850,0,0,15.2132,0,5,0
25-Nov-2025,25169.25,Call,23650,0,0,15.2132,0,1,0
25-Nov-2025,25169.25,Call,23550,0,0,15.2132,0,0,0
25-Nov-2025,25169.25,Call,23450,0,0,15.2132,0,30,0
25-Nov-2025,25169.25,Call,23400,0,0,15.2132,0,0,0
25-Nov-2025,25169.25,Call,23350,0,0,15.2132,0,0,0
25-Nov-2025,25169.25,Call,23300,0,0,15.2132,0,3,0
25-Nov-2025,25169.25,Call,23250,0,0,15.2132,0,1,0
25-Nov-2025,25169.25,Call,23200,0,0,15.2132,0,9,0
25-Nov-2025,25169.25,Call,23150,0,0,15.2132,0,0,0
25-Nov-2025,25169.25,Call,23100,0,0,15.2132,0,0,0
25-Nov-2025,25169.25,Call,23050,0,0,15.2132,0,1,0
25-Nov-2025,25169.25,Call,22950,0,0,15.2132,0,0,0
25-Nov-2025,25169.25,Call,22900,0,0,15.2132,0,0,0
25-Nov-2025,25169.25,Call,22850,0,0,15.2132,0,0,0
25-Nov-2025,25169.25,Call,22800,0,0,15.2132,0,0,0
25-Nov-2025,25169.25,Call,22750,0,0,15.2132,0,0,0
25-Nov-2025,25169.25,Put,26050,0,0,15.2132,0,1,0
25-Nov-2025,25169.25,Call,25950,0,0,15.2132,0,0,0
25-Nov-2025,25169.25,Put,25900,0,0,15.2132,0,28,0
25-Nov-2025,25169.25,Put,26200,0,0,15.2132,0,37,0
25-Nov-2025,25169.25,Put,26150,0,0,15.2132,0,3,0
25-Nov-2025,25169.25,Put,26400,0,0,15.2132,0,9,0
25-Nov-2025,25169.25,Call,26400,0,0,15.2132,0,0,0
25-Nov-2025,25169.25,Put,26350,0,0,15.2132,0,5,0
25-Nov-2025,25169.25,Call,26350,0,0,15.2132,0,0,0
25-Nov-2025,25169.25,Put,26300,0,0,15.2132,0,6,0
25-Nov-2025,25169.25,Put,26600,0,0,15.2132,0,0,0
25-Nov-2025,25169.25,Put,26550,0,0,15.2132,0,0,0
25-Nov-2025,25169.25,Call,26550,0,0,15.2132,0,0,0
25-Nov-2025,25169.25,Put,26650,0,0,15.2132,0,0,0
25-Nov-2025,25169.25,Put,26700,0,0,15.2132,0,0,0
25-Nov-2025,25169.25,Put,26750,0,0,15.2132,0,0,0
25-Nov-2025,25169.25,Call,26750,0,0,15.2132,0,0,0
25-Nov-2025,25169.25,Put,25950,0,0,15.2132,0,6,0
25-Nov-2025,25169.25,Put,23550,0,0,15.2132,0,0,0
25-Nov-2025,25169.25,Call,24450,0,0,15.2132,0,4,0
25-Nov-2025,25169.25,Call,24650,0,0,15.2132,0,47,0
25-Nov-2025,25169.25,Call,26250,0,0,15.2132,0,0,0
25-Nov-2025,25169.25,Put,25650,0,0,15.2132,0,19,0
25-Nov-2025,25169.25,Put,25550,0,0,15.2132,0,25,0
30-Dec-2025,25169.25,Put,24350,0,0,15.2132,0,61,0
30-Dec-2025,25169.25,Put,24450,0,0,15.2132,0,54,0
30-Dec-2025,25169.25,Put,22850,0,0,15.2132,0,50,0
30-Dec-2025,25169.25,Put,24250,0,0,15.2132,0,0,0
30-Dec-2025,25169.25,Put,24750,0,0,15.2132,0,39,0
30-Dec-2025,25169.25,Put,23200,0,0,15.2132,0,210,0
30-Dec-2025,25169.25,Put,23150,0,0,15.2132,0,99,0
30-Dec-2025,25169.25,Put,23600,0,0,15.2132,0,1,0
30-Dec-2025,25169.25,Call,26250,0,0,15.2132,0,0,0
30-Dec-2025,25169.25,Put,16000,0,0,15.2132,0,236.666666667,0
30-Dec-2025,25169.25,Call,19000,0,0,15.2132,0,145.666666667,0
30-Dec-2025,25169.25,Call,24450,0,0,15.2132,0,1,0
30-Dec-2025,25169.25,Call,24600,0,0,15.2132,0,1,0
30-Dec-2025,25169.25,Call,24550,0,0,15.2132,0,3,0
30-Dec-2025,25169.25,Call,24950,0,0,15.2132,0,46,0
30-Dec-2025,25169.25,Call,24850,0,0,15.2132,0,16,0
30-Dec-2025,25169.25,Call,24700,0,0,15.2132,0,61,0
30-Dec-2025,25169.25,Call,24650,0,0,15.2132,0,3,0
30-Dec-2025,25169.25,Call,25350,0,0,15.2132,0,5,0
30-Dec-2025,25169.25,Call,26350,0,0,15.2132,0,0,0
30-Dec-2025,25169.25,Put,26150,0,0,15.2132,0,1,0
30-Dec-2025,25169.25,Put,26100,0,0,15.2132,0,4,0
30-Dec-2025,25169.25,Put,25450,0,0,15.2132,0,52,0
30-Dec-2025,25169.25,Put,13000,0,0,15.2132,0,319.666666667,0
30-Dec-2025,25169.25,Call,17000,0,0,15.2132,0,1437.33333333,0
30-Dec-2025,25169.25,Put,26650,0,0,15.2132,0,0,0
30-Dec-2025,25169.25,Call,26400,0,0,15.2132,0,0,0
30-Dec-2025,25169.25,Call,26450,0,0,15.2132,0,0,0
30-Dec-2025,25169.25,Call,24400,0,0,15.2132,0,0,0
30-Dec-2025,25169.25,Call,25450,0,0,15.2132,0,5,0
30-Dec-2025,25169.25,Put,25350,0,0,15.2132,0,25,0
30-Dec-2025,25169.25,Put,25250,0,0,15.2132,0,49,0
30-Dec-2025,25169.25,Put,24050,0,0,15.2132,0,0,0
30-Dec-2025,25169.25,Call,23950,0,0,15.2132,0,0,0
30-Dec-2025,25169.25,Put,23650,0,0,15.2132,0,0,0
30-Dec-2025,25169.25,Put,25850,0,0,15.2132,0,20,0
30-Dec-2025,25169.25,Put,23950,0,0,15.2132,0,0,0
30-Dec-2025,25169.25,Call,26550,0,0,15.2132,0,0,0
30-Dec-2025,25169.25,Put,26450,0,0,15.2132,0,0,0
30-Dec-2025,25169.25,Put,26400,0,0,15.2132,0,0,0
30-Dec-2025,25169.25,Call,26600,0,0,15.2132,0,0,0
30-Dec-2025,25169.25,Put,26550,0,0,15.2132,0,0,0
30-Dec-2025,25169.25,Put,31000,0,0,15.2132,0,0,0
30-Dec-2025,25169.25,Put,25950,0,0,15.2132,0,13,0
30-Dec-2025,25169.25,Put,23850,0,0,15.2132,0,0,0
30-Dec-2025,25169.25,Put,26350,0,0,15.2132,0,0,0
30-Dec-2025,25169.25,Put,26300,0,0,15.2132,0,0,0
30-Dec-2025,25169.25,Call,26300,0,0,15.2132,0,0,0
30-Dec-2025,25169.25,Put,26250,0,0,15.2132,0,0,0
31-Mar-2026,25169.25,Put,31000,0,0,15.2132,0,1,0
31-Mar-2026,25169.25,Put,19000,0,0,15.2132,0,6,0
31-Mar-2026,25169.25,Call,31000,0,0,15.2132,0,0,0
30-Dec-2025,25169.25,Call,24350,0,0,15.2132,0,1,0
30-Dec-2025,25169.25,Call,24300,0,0,15.2132,0,0,0
30-Dec-2025,25169.25,Call,24250,0,0,15.2132,0,0,0
30-Dec-2025,25169.25,Call,24200,0,0,15.2132,0,0,0
30-Dec-2025,25169.25,Call,24150,0,0,15.2132,0,0,0
30-Dec-2025,25169.25,Call,24100,0,0,15.2132,0,0,0
30-Dec-2025,25169.25,Call,24050,0,0,15.2132,0,0,0
30-Dec-2025,25169.25,Call,23900,0,0,15.2132,0,0,0
30-Dec-2025,25169.25,Call,23850,0,0,15.2132,0,0,0
30-Dec-2025,25169.25,Call,23800,0,0,15.2132,0,0,0
30-Dec-2025,25169.25,Call,23750,0,0,15.2132,0,0,0
30-Dec-2025,25169.25,Call,23700,0,0,15.2132,0,0,0
30-Dec-2025,25169.25,Call,23650,0,0,15.2132,0,0,0
30-Dec-2025,25169.25,Call,23600,0,0,15.2132,0,0,0
30-Dec-2025,25169.25,Put,23550,0,0,15.2132,0,37,0
30-Dec-2025,25169.25,Call,23550,0,0,15.2132,0,0,0
30-Dec-2025,25169.25,Call,23500,0,0,15.2132,0,0,0
30-Dec-2025,25169.25,Put,23450,0,0,15.2132,0,82,0
30-Dec-2025,25169.25,Call,23450,0,0,15.2132,0,0,0
30-Dec-2025,25169.25,Put,23400,0,0,15.2132,0,32,0
30-Dec-2025,25169.25,Call,23400,0,0,15.2132,0,0,0
30-Dec-2025,25169.25,Put,23350,0,0,15.2132,0,72,0
30-Dec-2025,25169.25,Call,23350,0,0,15.2132,0,0,0
30-Dec-2025,25169.25,Call,23300,0,0,15.2132,0,0,0
30-Dec-2025,25169.25,Call,23250,0,0,15.2132,0,0,0
30-Dec-2025,25169.25,Call,23200,0,0,15.2132,0,0,0
30-Dec-2025,25169.25,Call,23150,0,0,15.2132,0,0,0
30-Dec-2025,25169.25,Call,23100,0,0,15.2132,0,0,0
30-Dec-2025,25169.25,Call,23050,0,0,15.2132,0,0,0
30-Dec-2025,25169.25,Call,22950,0,0,15.2132,0,0,0
30-Dec-2025,25169.25,Call,22900,0,0,15.2132,0,0,0
30-Dec-2025,25169.25,Call,22850,0,0,15.2132,0,0,0
30-Dec-2025,25169.25,Put,15000,0,0,15.2132,0,181.333333333,0
30-Dec-2025,25169.25,Put,16500,0,0,15.2132,0,48,0
30-Dec-2025,25169.25,Put,17000,0,0,15.2132,0,911.666666667,0
30-Dec-2025,25169.25,Call,18000,0,0,15.2132,0,855.333333333,0
30-Dec-2025,25169.25,Call,16000,0,0,15.2132,0,4.66666666667,0
30-Dec-2025,25169.25,Put,26850,0,0,15.2132,0,0,0
30-Dec-2025,25169.25,Call,26850,0,0,15.2132,0,0,0
30-Dec-2025,25169.25,Put,26800,0,0,15.2132,0,0,0
30-Dec-2025,25169.25,Call,26800,0,0,15.2132,0,0,0
30-Dec-2025,25169.25,Put,26750,0,0,15.2132,0,0,0
30-Dec-2025,25169.25,Call,26750,0,0,15.2132,0,0,0
30-Dec-2025,25169.25,Put,26700,0,0,15.2132,0,0,0
30-Dec-2025,25169.25,Call,26700,0,0,15.2132,0,0,0
30-Dec-2025,25169.25,Put,23750,0,0,15.2132,0,1,0
30-Dec-2025,25169.25,Call,19500,0,0,15.2132,0,15.3333333333,0
30-Dec-2025,25169.25,Put,24850,0,0,15.2132,0,19,0
30-Dec-2025,25169.25,Put,23250,0,0,15.2132,0,125,0
30-Dec-2025,25169.25,Put,23050,0,0,15.2132,0,120,0
30-Dec-2025,25169.25,Put,22950,0,0,15.2132,0,45,0
30-Dec-2025,25169.25,Put,22900,0,0,15.2132,0,185,0
30-Dec-2025,25169.25,Call,26050,0,0,15.2132,0,0,0
30-Dec-2025,25169.25,Call,26650,0,0,15.2132,0,0,0
30-Dec-2025,25169.25,Put,26600,0,0,15.2132,0,0,0
30-Dec-2025,25169.25,Put,25750,0,0,15.2132,0,15,0
30-Dec-2025,25169.25,Put,25650,0,0,15.2132,0,34,0
30-Jun-2026,25169.25,Put,21000,0,0,15.2132,0,4825,0
30-Jun-2026,25169.25,Put,16000,0,0,15.2132,0,30.3333333333,0
31-Mar-2026,25169.25,Call,22000,0,0,15.2132,0,2,0
30-Jun-2026,25169.25,Put,15000,0,0,15.2132,0,17,0
30-Jun-2026,25169.25,Put,14000,0,0,15.2132,0,20.3333333333,0
27-Jun-2028,25169.25,Put,30000,0,0,15.2132,0,0,0
28-Dec-2027,25169.25,Call,30000,0,0,15.2132,0,0,0
28-Dec-2027,25169.25,Call,31000,0,0,15.2132,0,0,0
28-Dec-2027,25169.25,Put,15000,0,0,15.2132,0,8.33333333333,0
28-Dec-2027,25169.25,Put,17000,0,0,15.2132,0,189.333333333,0
28-Dec-2027,25169.25,Put,18000,0,0,15.2132,0,154,0
28-Dec-2027,25169.25,Put,19000,0,0,15.2132,0,9,0
28-Dec-2027,25169.25,Put,20000,0,0,15.2132,0,52.6666666667,0
28-Dec-2027,25169.25,Put,21000,0,0,15.2132,0,13.6666666667,0
28-Dec-2027,25169.25,Put,23000,0,0,15.2132,0,49,0
28-Dec-2027,25169.25,Call,25000,0,0,15.2132,0,3,0
28-Dec-2027,25169.25,Put,26000,0,0,15.2132,0,10,0
28-Dec-2027,25169.25,Put,24000,0,0,15.2132,0,50,0
28-Dec-2027,25169.25,Put,25000,0,0,15.2132,0,25,0
28-Dec-2027,25169.25,Call,29000,0,0,15.2132,0,0,0
28-Dec-2027,25169.25,Put,29000,0,0,15.2132,0,0,0
28-Dec-2027,25169.25,Put,27000,0,0,15.2132,0,4,0
28-Dec-2027,25169.25,Call,28000,0,0,15.2132,0,0,0
28-Dec-2027,25169.25,Put,28000,0,0,15.2132,0,0,0
29-Jun-2027,25169.25,Call,31000,0,0,15.2132,0,0,0
29-Jun-2027,25169.25,Put,19000,0,0,15.2132,0,8,0
29-Jun-2027,25169.25,Call,30000,0,0,15.2132,0,0,0
29-Jun-2027,25169.25,Put,25000,0,0,15.2132,0,0,0
29-Jun-2027,25169.25,Call,29000,0,0,15.2132,0,0,0
29-Jun-2027,25169.25,Put,21000,0,0,15.2132,0,11.6666666667,0
29-Jun-2027,25169.25,Put,27000,0,0,15.2132,0,0,0
29-Jun-2027,25169.25,Put,26000,0,0,15.2132,0,0,0
29-Jun-2027,25169.25,Put,22000,0,0,15.2132,0,0,0
29-Jun-2027,25169.25,Call,28000,0,0,15.2132,0,0,0
29-Jun-2027,25169.25,Put,23000,0,0,15.2132,0,0,0
29-Jun-2027,25169.25,Put,24000,0,0,15.2132,0,0,0
29-Jun-2027,25169.25,Put,18000,0,0,15.2132,0,1.33333333333,0
29-Jun-2027,25169.25,Put,20000,0,0,15.2132,0,0,0
29-Dec-2026,25169.25,Put,31000,0,0,0,0,0,0
29-Dec-2026,25169.25,Put,17000,0,0,15.2132,0,38,0
29-Dec-2026,25169.25,Put,16000,0,0,15.2132,0,32.3333333333,0
29-Dec-2026,25169.25,Put,15000,0,0,15.2132,0,19.6666666667,0
29-Dec-2026,25169.25,Put,14000,0,0,15.2132,0,29.6666666667,0
29-Dec-2026,25169.25,Put,20000,0,0,15.2132,0,568.666666667,0
29-Dec-2026,25169.25,Put,21000,0,0,15.2132,0,502.666666667,0
29-Dec-2026,25169.25,Call,23000,0,0,15.2132,0,66,0
29-Dec-2026,25169.25,Put,12000,0,0,15.2132,0,7.66666666667,0
29-Dec-2026,25169.25,Call,22000,0,0,15.2132,0,21,0
29-Dec-2026,25169.25,Put,19000,0,0,15.2132,0,23,0
29-Dec-2026,25169.25,Put,18000,0,0,15.2132,0,79.3333333333,0
29-Dec-2026,25169.25,Put,13000,0,0,15.2132,0,33,0
29-Dec-2026,25169.25,Call,21000,0,0,15.2132,0,3,0
29-Dec-2026,25169.25,Call,31000,0,0,15.2132,0,285,0
29-Sep-2026,25169.25,Call,26000,0,0,15.2132,0,0,0
29-Sep-2026,25169.25,Call,28000,0,0,15.2132,0,0,0
29-Sep-2026,25169.25,Call,30000,0,0,15.2132,0,0,0
29-Sep-2026,25169.25,Put,20000,0,0,15.2132,0,0,0
29-Sep-2026,25169.25,Call,29000,0,0,15.2132,0,0,0
29-Sep-2026,25169.25,Put,26000,0,0,15.2132,0,0,0
29-Sep-2026,25169.25,Put,24000,0,0,15.2132,0,0,0
29-Sep-2026,25169.25,Put,25000,0,0,15.2132,0,0,0
29-Sep-2026,25169.25,Call,27000,0,0,15.2132,0,0,0
30-Jun-2026,25169.25,Put,27000,0,0,15.2132,0,0,0
30-Jun-2026,25169.25,Put,28000,0,0,15.2132,0,0,0
30-Jun-2026,25169.25,Put,20000,0,0,15.2132,0,4691,0
30-Jun-2026,25169.25,Call,29000,0,0,15.2132,0,0,0
30-Jun-2026,25169.25,Call,31000,0,0,15.2132,0,0,0
30-Jun-2026,25169.25,Call,19000,0,0,15.2132,0,1.33333333333,0
30-Jun-2026,25169.25,Put,13000,0,0,15.2132,0,2.66666666667,0
30-Jun-2026,25169.25,Put,12000,0,0,15.2132,0,4.33333333333,0
30-Jun-2026,25169.25,Call,28000,0,0,15.2132,0,0,0
30-Jun-2026,25169.25,Put,19000,0,0,15.2132,0,3.33333333333,0
25-Jun-2030,25169.25,Put,27000,0,0,15.2132,0,0,0
25-Jun-2030,25169.25,Put,26000,0,0,15.2132,0,0,0
25-Jun-2030,25169.25,Put,19000,0,0,15.2132,0,0,0
24-Dec-2029,25169.25,Put,21000,0,0,15.2132,0,0,0
24-Dec-2029,25169.25,Put,29000,0,0,15.2132,0,0,0
24-Dec-2029,25169.25,Put,26000,0,0,15.2132,0,2,0
24-Dec-2029,25169.25,Put,19000,0,0,15.2132,0,0,0
24-Dec-2029,25169.25,Put,20000,0,0,15.2132,0,0,0
24-Dec-2029,25169.25,Put,24000,0,0,15.2132,0,0,0
24-Dec-2029,25169.25,Put,28000,0,0,15.2132,0,0,0
24-Dec-2029,25169.25,Put,23000,0,0,15.2132,0,34,0
24-Dec-2029,25169.25,Put,31000,0,0,15.2132,0,0,0
24-Dec-2029,25169.25,Put,30000,0,0,15.2132,0,0,0
24-Dec-2029,25169.25,Put,25000,0,0,15.2132,0,3,0
24-Dec-2029,25169.25,Put,22000,0,0,15.2132,0,0,0
26-Jun-2029,25169.25,Put,27000,0,0,15.2132,0,0,0
26-Jun-2029,25169.25,Put,24000,0,0,15.2132,0,0.333333333333,0
26-Jun-2029,25169.25,Put,19000,0,0,15.2132,0,0,0
26-Jun-2029,25169.25,Put,31000,0,0,15.2132,0,0,0
26-Jun-2029,25169.25,Put,28000,0,0,15.2132,0,0,0
26-Jun-2029,25169.25,Put,29000,0,0,15.2132,0,0,0
26-Jun-2029,25169.25,Put,21000,0,0,15.2132,0,0,0
26-Jun-2029,25169.25,Put,26000,0,0,15.2132,0,0.666666666667,0
26-Jun-2029,25169.25,Put,25000,0,0,15.2132,0,0,0
26-Jun-2029,25169.25,Put,23000,0,0,15.2132,0,0,0
26-Jun-2029,25169.25,Put,22000,0,0,15.2132,0,0,0
26-Jun-2029,25169.25,Put,30000,0,0,15.2132,0,0,0
26-Jun-2029,25169.25,Put,20000,0,0,15.2132,0,0,0
26-Dec-2028,25169.25,Put,19000,0,0,15.2132,0,0,0
26-Dec-2028,25169.25,Put,31000,0,0,15.2132,0,0,0
26-Dec-2028,25169.25,Call,30000,0,0,15.2132,0,106,0
26-Dec-2028,25169.25,Put,27000,0,0,15.2132,0,0,0
26-Dec-2028,25169.25,Put,18000,0,0,15.2132,0,1,0
26-Dec-2028,25169.25,Call,31000,0,0,15.2132,0,0,0
26-Dec-2028,25169.25,Put,26000,0,0,15.2132,0,2,0
26-Dec-2028,25169.25,Put,28000,0,0,15.2132,0,0,0
26-Dec-2028,25169.25,Put,23000,0,0,15.2132,0,43,0
26-Dec-2028,25169.25,Put,22000,0,0,15.2132,0,5,0
26-Dec-2028,25169.25,Put,20000,0,0,15.2132,0,14.6666666667,0
26-Dec-2028,25169.25,Put,25000,0,0,15.2132,0,59.3333333333,0
26-Dec-2028,25169.25,Put,29000,0,0,15.2132,0,0,0
26-Dec-2028,25169.25,Put,30000,0,0,15.2132,0,0,0
26-Dec-2028,25169.25,Put,21000,0,0,15.2132,0,16.6666666667,0
26-Dec-2028,25169.25,Put,24000,0,0,15.2132,0,24,0
27-Jun-2028,25169.25,Put,22000,0,0,15.2132,0,4.33333333333,0
27-Jun-2028,25169.25,Put,21000,0,0,15.2132,0,0,0
27-Jun-2028,25169.25,Call,31000,0,0,15.2132,0,0,0
27-Jun-2028,25169.25,Call,30000,0,0,15.2132,0,0,0
27-Jun-2028,25169.25,Put,31000,0,0,0,0,0,0
27-Jun-2028,25169.25,Put,26000,0,0,15.2132,0,0,0
27-Jun-2028,25169.25,Put,20000,0,0,15.2132,0,0,0
27-Jun-2028,25169.25,Put,19000,0,0,15.2132,0,0,0
27-Jun-2028,25169.25,Put,24000,0,0,15.2132,0,0,0
27-Jun-2028,25169.25,Put,27000,0,0,15.2132,0,0,0
27-Jun-2028,25169.25,Put,28000,0,0,15.2132,0,0,0
27-Jun-2028,25169.25,Put,29000,0,0,15.2132,0,0,0
28-Dec-2027,25169.25,Put,22000,0,0,15.2132,0,23.3333333333,0
27-Jun-2028,25169.25,Put,25000,0,0,15.2132,0,0,0
27-Jun-2028,25169.25,Put,23000,0,0,15.2132,0,0,0
25-Jun-2030,25169.25,Put,20000,0,0,15.2132,0,0,0
24-Dec-2029,25169.25,Put,27000,0,0,15.2132,0,0,0
25-Jun-2030,25169.25,Put,29000,0,0,15.2132,0,0,0
25-Jun-2030,25169.25,Put,31000,0,0,15.2132,0,0,0
25-Jun-2030,25169.25,Put,25000,0,0,15.2132,0,0,0
25-Jun-2030,25169.25,Put,28000,0,0,15.2132,0,0,0
25-Jun-2030,25169.25,Put,24000,0,0,15.2132,0,0,0
25-Jun-2030,25169.25,Put,21000,0,0,15.2132,0,0,0
25-Jun-2030,25169.25,Put,23000,0,0,15.2132,0,0,0
25-Jun-2030,25169.25,Put,22000,0,0,15.2132,0,0,0
25-Jun-2030,25169.25,Put,30000,0,0,15.2132,0,0,0
