28-Oct-2025,334.4,Call,340,3.8,17.41,29.0059,1083,2800,4699
28-Oct-2025,334.4,-,0,336.05,0,29.0059,547,64781,2822
28-Oct-2025,334.4,Call,350,1.3,18.16,29.0059,291,3634,2383
28-Oct-2025,334.4,Call,345,2.2,17.62,29.0059,96,4270,2350
28-Oct-2025,334.4,Put,335,5,18.06,29.0059,53,547,2052
28-Oct-2025,334.4,Call,335,6.15,17.64,29.0059,235,469,1600
28-Oct-2025,334.4,Put,340,7.7,17.94,29.0059,-52,1149,1565
28-Oct-2025,334.4,Call,342.5,2.9,17.61,29.0059,83,533,1126
28-Oct-2025,334.4,Put,337.5,6.2,17.96,29.0059,33,217,1065
28-Oct-2025,334.4,Put,330,3.1,18.39,29.0059,46,900,991
28-Oct-2025,334.4,Call,337.5,4.8,17.65,29.0059,102,315,943
28-Oct-2025,334.4,Call,360,0.55,20.43,29.0059,22,1376,834
28-Oct-2025,334.4,Call,355,0.8,19.05,29.0059,53,726,780
28-Oct-2025,334.4,Call,330,9.3,18.21,29.0059,162,613,619
28-Oct-2025,334.4,Put,325,1.9,19.11,29.0059,93,583,555
28-Oct-2025,334.4,Put,332.5,3.95,18.25,29.0059,15,217,528
28-Oct-2025,334.4,Call,380,0.1,24,29.0059,-87,1360,409
28-Oct-2025,334.4,Put,342.5,9.6,18.39,29.0059,41,404,387
25-Nov-2025,334.4,-,0,335.65,0,29.0059,128,2913,361
28-Oct-2025,334.4,Put,320,1.15,20.14,29.0059,3,601,314
28-Oct-2025,334.4,Call,347.5,1.7,17.9,29.0059,14,517,312
28-Oct-2025,334.4,Call,370,0.25,22.6,29.0059,-75,1609,310
28-Oct-2025,334.4,Put,345,11.3,18.15,29.0059,-11,834,253
28-Oct-2025,334.4,Call,332.5,7.6,18.03,29.0059,24,82,247
28-Oct-2025,334.4,Call,352.5,1.05,18.78,29.0059,78,206,182
28-Oct-2025,334.4,Put,310,0.45,22.35,29.0059,-6,694,165
28-Oct-2025,334.4,Call,365,0.3,20.68,29.0059,-9,232,127
28-Oct-2025,334.4,Put,315,0.7,20.96,29.0059,37,107,105
28-Oct-2025,334.4,Put,350,15.3,18.47,29.0059,4,756,89
28-Oct-2025,334.4,Call,325,12.6,17.9,29.0059,35,92,71
28-Oct-2025,334.4,Put,327.5,2.45,19.09,29.0059,32,77,68
28-Oct-2025,334.4,Call,320,16.5,16.36,29.0059,9,215,58
28-Oct-2025,334.4,Call,375,0.2,24.21,29.0059,9,903,54
28-Oct-2025,334.4,Call,357.5,0.65,19.66,29.0059,0,86,54
30-Dec-2025,334.4,-,0,337.5,0,29.0059,24,177,52
25-Nov-2025,334.4,Put,320,4.15,23.33,29.0059,35,179,48
28-Oct-2025,334.4,Call,327.5,10.75,18.36,29.0059,9,33,45
28-Oct-2025,334.4,Put,317.5,0.95,20.75,29.0059,13,50,41
28-Oct-2025,334.4,Put,360,24.45,21,29.0059,6,372,40
28-Oct-2025,334.4,Put,307.5,0.4,23.52,0,0,33,38
28-Oct-2025,334.4,Put,312.5,0.55,21.55,29.0059,14,51,36
28-Oct-2025,334.4,Call,400,0.05,29.74,29.0059,0,181,34
25-Nov-2025,334.4,Put,310,2,23.04,29.0059,28,129,31
28-Oct-2025,334.4,Put,322.5,1.85,21.13,29.0059,8,29,29
25-Nov-2025,334.4,Put,300,1,23.85,29.0059,23,57,28
28-Oct-2025,334.4,Put,300,0.25,26.29,29.0059,-3,586,27
25-Nov-2025,334.4,Call,360,2.4,18.93,29.0059,10,65,24
28-Oct-2025,334.4,Call,390,0.1,28.27,29.0059,-13,202,23
28-Oct-2025,334.4,Put,305,0.25,24.58,29.0059,15,548,18
28-Oct-2025,334.4,Call,322.5,14.1,14.98,29.0059,8,24,18
25-Nov-2025,334.4,Put,340,12.35,24.02,29.0059,13,56,18
25-Nov-2025,334.4,Call,350,4.6,18.63,29.0059,12,29,18
25-Nov-2025,334.4,Call,340,7.7,17.31,29.0059,10,67,17
25-Nov-2025,334.4,Call,320,19.65,14.05,29.0059,14,19,17
28-Oct-2025,334.4,Put,355,20.95,25.8,29.0059,7,46,16
25-Nov-2025,334.4,Call,380,0.95,22.1,29.0059,1,47,16
28-Oct-2025,334.4,Call,362.5,0.4,20.47,29.0059,0,104,15
28-Oct-2025,334.4,Put,380,44.3,31.63,29.0059,-6,1217,14
25-Nov-2025,334.4,Put,360,26.6,27.02,29.0059,6,42,14
28-Oct-2025,334.4,Put,347.5,14,21.41,29.0059,0,102,13
28-Oct-2025,334.4,Put,352.5,17.7,20.02,29.0059,6,24,13
28-Oct-2025,334.4,Call,300,35.9,23.06,29.0059,10,43,11
25-Nov-2025,334.4,Put,330,7.5,23.53,29.0059,5,318,10
28-Oct-2025,334.4,Call,317.5,19.15,19.49,29.0059,2,2,7
28-Oct-2025,334.4,Put,357.5,22.4,22.12,29.0059,0,18,6
28-Oct-2025,334.4,Call,367.5,0.35,22.7,29.0059,2,36,6
25-Nov-2025,334.4,Put,332.5,8.9,24.33,29.0059,2,2,6
28-Oct-2025,334.4,Put,390,55,44.49,29.0059,2,353,5
28-Oct-2025,334.4,Call,385,0.1,26.16,29.0059,0,83,3
25-Nov-2025,334.4,Call,342.5,7.45,19.05,29.0059,1,1,3
25-Nov-2025,334.4,Call,335,10,16.88,29.0059,2,2,3
28-Oct-2025,334.4,Call,310,26.25,21.85,29.0059,0,4,2
28-Oct-2025,334.4,Put,370,34,21.2,29.0059,0,100,1
25-Nov-2025,334.4,Call,357.5,5.05,24.52,29.0059,0,0,1
30-Dec-2025,334.4,Call,370,3.6,19.62,29.0059,0,28,1
25-Nov-2025,334.4,Put,325,5.5,23.05,29.0059,0,0,1
30-Dec-2025,334.4,Call,350,7.2,16.67,29.0059,0,1,1
25-Nov-2025,334.4,Put,390,55,39.08,29.0059,0,1,1
28-Oct-2025,334.4,Put,290,0.1,28.52,29.0059,0,5,1
28-Oct-2025,334.4,Call,372.5,0,0,29.0059,0,1,0
28-Oct-2025,334.4,Put,372.5,0,0,29.0059,0,0,0
28-Oct-2025,334.4,Put,365,0,0,29.0059,0,24,0
28-Oct-2025,334.4,Call,295,0,0,29.0059,0,0,0
28-Oct-2025,334.4,Put,295,0,0,29.0059,0,0,0
28-Oct-2025,334.4,Call,305,0,0,29.0059,0,1,0
28-Oct-2025,334.4,Call,315,0,0,29.0059,0,0,0
28-Oct-2025,334.4,Call,312.5,0,0,29.0059,0,1,0
25-Nov-2025,334.4,Put,355,0,0,29.0059,0,0,0
25-Nov-2025,334.4,Put,367.5,0,0,29.0059,0,0,0
25-Nov-2025,334.4,Put,352.5,0,0,29.0059,0,0,0
28-Oct-2025,334.4,Put,385,0,0,29.0059,0,0,0
25-Nov-2025,334.4,Put,375,0,0,29.0059,0,0,0
25-Nov-2025,334.4,Put,357.5,0,0,29.0059,0,0,0
28-Oct-2025,334.4,Put,367.5,0,0,29.0059,0,4,0
25-Nov-2025,334.4,Call,370,0,0,29.0059,0,0,0
25-Nov-2025,334.4,Call,385,0,0,29.0059,0,5,0
25-Nov-2025,334.4,Call,347.5,0,0,29.0059,0,0,0
25-Nov-2025,334.4,Call,337.5,0,0,29.0059,0,0,0
30-Dec-2025,334.4,Call,365,0,0,29.0059,0,0,0
25-Nov-2025,334.4,Call,327.5,0,0,29.0059,0,0,0
25-Nov-2025,334.4,Put,295,0,0,29.0059,0,0,0
30-Dec-2025,334.4,Put,315,0,0,29.0059,0,0,0
25-Nov-2025,334.4,Call,372.5,0,0,29.0059,0,0,0
30-Dec-2025,334.4,Put,310,0,0,29.0059,0,0,0
30-Dec-2025,334.4,Call,355,0,0,29.0059,0,0,0
28-Oct-2025,334.4,Put,362.5,0,0,29.0059,0,11,0
30-Dec-2025,334.4,Put,345,0,0,29.0059,0,0,0
28-Oct-2025,334.4,Call,290,0,0,29.0059,0,0,0
25-Nov-2025,334.4,Call,367.5,0,0,29.0059,0,0,0
25-Nov-2025,334.4,Put,337.5,0,0,29.0059,0,0,0
25-Nov-2025,334.4,Put,315,0,0,29.0059,0,0,0
25-Nov-2025,334.4,Put,290,0,0,29.0059,0,0,0
25-Nov-2025,334.4,Put,335,0,0,29.0059,0,11,0
28-Oct-2025,334.4,Call,307.5,0,0,0,0,0,0
25-Nov-2025,334.4,Put,365,0,0,29.0059,0,0,0
25-Nov-2025,334.4,Put,347.5,0,0,29.0059,0,0,0
30-Dec-2025,334.4,Call,345,0,0,29.0059,0,0,0
25-Nov-2025,334.4,Put,380,0,0,29.0059,0,0,0
25-Nov-2025,334.4,Call,390,0,0,29.0059,0,0,0
28-Oct-2025,334.4,Put,400,0,0,29.0059,0,5,0
30-Dec-2025,334.4,Call,330,0,0,29.0059,0,0,0
30-Dec-2025,334.4,Put,355,0,0,29.0059,0,0,0
25-Nov-2025,334.4,Put,317.5,0,0,29.0059,0,0,0
25-Nov-2025,334.4,Call,305,0,0,29.0059,0,0,0
25-Nov-2025,334.4,Put,372.5,0,0,29.0059,0,0,0
25-Nov-2025,334.4,Put,327.5,0,0,29.0059,0,0,0
30-Dec-2025,334.4,Put,290,0,0,29.0059,0,0,0
25-Nov-2025,334.4,Put,362.5,0,0,29.0059,0,0,0
25-Nov-2025,334.4,Put,312.5,0,0,29.0059,0,0,0
25-Nov-2025,334.4,Call,332.5,0,0,29.0059,0,0,0
30-Dec-2025,334.4,Call,360,0,0,29.0059,0,0,0
30-Dec-2025,334.4,Put,350,0,0,29.0059,0,0,0
25-Nov-2025,334.4,Call,317.5,0,0,29.0059,0,0,0
25-Nov-2025,334.4,Put,307.5,0,0,0,0,0,0
28-Oct-2025,334.4,Put,375,0,0,29.0059,0,0,0
25-Nov-2025,334.4,Put,342.5,0,0,29.0059,0,0,0
25-Nov-2025,334.4,Put,305,0,0,29.0059,0,0,0
25-Nov-2025,334.4,Call,375,0,0,29.0059,0,0,0
30-Dec-2025,334.4,Put,300,0,0,29.0059,0,0,0
25-Nov-2025,334.4,Put,322.5,0,0,29.0059,0,0,0
30-Dec-2025,334.4,Call,325,0,0,0,0,0,0
25-Nov-2025,334.4,Call,307.5,0,0,0,0,0,0
25-Nov-2025,334.4,Call,300,0,0,29.0059,0,0,0
25-Nov-2025,334.4,Put,350,0,0,29.0059,0,0,0
25-Nov-2025,334.4,Call,345,0,0,29.0059,0,0,0
30-Dec-2025,334.4,Put,340,0,0,29.0059,0,0,0
25-Nov-2025,334.4,Put,345,0,0,29.0059,0,0,0
25-Nov-2025,334.4,Call,325,0,0,29.0059,0,0,0
25-Nov-2025,334.4,Call,295,0,0,29.0059,0,0,0
30-Dec-2025,334.4,Put,335,0,0,29.0059,0,0,0
30-Dec-2025,334.4,Call,335,0,0,29.0059,0,0,0
25-Nov-2025,334.4,Call,322.5,0,0,29.0059,0,0,0
25-Nov-2025,334.4,Call,315,0,0,29.0059,0,0,0
30-Dec-2025,334.4,Call,340,0,0,29.0059,0,0,0
30-Dec-2025,334.4,Put,325,0,0,29.0059,0,0,0
25-Nov-2025,334.4,Call,352.5,0,0,29.0059,0,0,0
25-Nov-2025,334.4,Call,330,0,0,29.0059,0,0,0
25-Nov-2025,334.4,Put,370,0,0,29.0059,0,0,0
25-Nov-2025,334.4,Call,310,0,0,29.0059,0,0,0
25-Nov-2025,334.4,Call,365,0,0,29.0059,0,0,0
30-Dec-2025,334.4,Call,380,0,0,29.0059,0,0,0
25-Nov-2025,334.4,Call,312.5,0,0,29.0059,0,0,0
25-Nov-2025,334.4,Call,355,0,0,29.0059,0,1,0
30-Dec-2025,334.4,Put,320,0,0,29.0059,0,0,0
25-Nov-2025,334.4,Call,362.5,0,0,29.0059,0,0,0
25-Nov-2025,334.4,Call,290,0,0,29.0059,0,0,0
30-Dec-2025,334.4,Put,330,0,0,29.0059,0,0,0
25-Nov-2025,334.4,Put,385,0,0,29.0059,0,0,0
