28-Oct-2025,1377.3,-,0,1382.5,0,24.4922,1333,259926,7257
28-Oct-2025,1377.3,Call,1400,17.55,18.87,24.4922,1393,18698,7185
28-Oct-2025,1377.3,Call,1380,26.7,18.95,24.4922,508,7238,4151
28-Oct-2025,1377.3,Call,1390,21.9,18.78,24.4922,601,4279,3179
28-Oct-2025,1377.3,Put,1380,23.65,20.11,24.4922,182,6565,3111
28-Oct-2025,1377.3,Call,1420,10.4,18.41,24.4922,167,6722,2828
28-Oct-2025,1377.3,Put,1360,15.35,20.14,24.4922,10,4777,2204
28-Oct-2025,1377.3,Call,1500,1.3,20.51,24.4922,350,9943,1864
28-Oct-2025,1377.3,Call,1410,13.65,18.52,24.4922,92,2174,1830
28-Oct-2025,1377.3,Put,1370,19.1,20.27,24.4922,-18,4480,1764
28-Oct-2025,1377.3,Call,1450,4.6,18.58,24.4922,-5,3970,1734
28-Oct-2025,1377.3,Put,1400,34.2,20.18,24.4922,125,7463,1634
28-Oct-2025,1377.3,Put,1350,12.05,20.16,24.4922,202,3475,1466
28-Oct-2025,1377.3,Put,1390,28.65,20.18,24.4922,42,3083,1308
28-Oct-2025,1377.3,Call,1370,32.2,18.79,24.4922,44,3914,1307
28-Oct-2025,1377.3,Call,1430,7.9,18.34,24.4922,265,2324,1248
28-Oct-2025,1377.3,Put,1300,3.25,21.23,24.4922,88,3888,1184
28-Oct-2025,1377.3,Call,1460,3.4,18.68,24.4922,-13,2297,1174
28-Oct-2025,1377.3,Call,1440,6.1,18.45,24.4922,149,5128,1079
28-Oct-2025,1377.3,Call,1360,38.4,18.85,24.4922,-15,3833,1011
28-Oct-2025,1377.3,Put,1340,9.35,20.38,24.4922,37,2422,991
28-Oct-2025,1377.3,Call,1470,2.6,18.94,24.4922,70,1205,885
28-Oct-2025,1377.3,Put,1330,7.25,20.54,24.4922,-41,1835,866
28-Oct-2025,1377.3,Call,1350,45,18.89,24.4922,73,1815,799
25-Nov-2025,1377.3,-,0,1390.6,0,24.4922,227,10800,750
28-Oct-2025,1377.3,Put,1320,5.55,20.75,24.4922,47,1726,587
25-Nov-2025,1377.3,Call,1400,31.85,17.14,24.4922,124,1306,530
28-Oct-2025,1377.3,Put,1410,40.4,19.99,24.4922,69,1325,491
28-Oct-2025,1377.3,Call,1480,2,19.12,24.4922,50,1402,451
28-Oct-2025,1377.3,Put,1310,4.25,20.98,24.4922,56,789,426
28-Oct-2025,1377.3,Put,1420,47.25,19.77,24.4922,88,1467,391
28-Oct-2025,1377.3,Call,1490,1.55,19.56,24.4922,-2,1316,303
28-Oct-2025,1377.3,Put,1290,2.4,21.53,24.4922,60,724,299
28-Oct-2025,1377.3,Call,1300,86.15,18.29,24.4922,14,1727,211
28-Oct-2025,1377.3,Call,1560,0.6,24.7,24.4922,28,1341,206
28-Oct-2025,1377.3,Put,1280,1.85,22,24.4922,6,2162,185
28-Oct-2025,1377.3,Put,1250,0.85,23.54,24.4922,-3,847,146
28-Oct-2025,1377.3,Call,1510,1,20.65,24.4922,21,864,145
28-Oct-2025,1377.3,Call,1600,0.4,27.46,24.4922,31,2647,143
25-Nov-2025,1377.3,Put,1400,40.3,18.77,24.4922,53,995,110
28-Oct-2025,1377.3,Put,1440,62.6,19.92,24.4922,35,1665,87
30-Dec-2025,1377.3,-,0,1398.8,0,24.4922,50,2768,85
28-Oct-2025,1377.3,Call,1540,0.6,22.44,24.4922,-25,1169,82
25-Nov-2025,1377.3,Call,1500,6.85,18.53,24.4922,18,1025,81
28-Oct-2025,1377.3,Call,1520,0.8,21.09,24.4922,10,967,79
28-Oct-2025,1377.3,Put,1450,70.85,20.75,24.4922,29,936,70
25-Nov-2025,1377.3,Call,1420,24,17.39,24.4922,36,189,69
28-Oct-2025,1377.3,Call,1340,52.45,18.62,24.4922,42,668,67
28-Oct-2025,1377.3,Put,1270,1.35,22.09,24.4922,17,845,58
25-Nov-2025,1377.3,Put,1280,4.75,19.16,24.4922,52,121,55
25-Nov-2025,1377.3,Put,1340,15.55,18.67,24.4922,33,224,52
28-Oct-2025,1377.3,Put,1430,55,20.14,24.4922,12,528,49
25-Nov-2025,1377.3,Call,1450,14.8,17.5,24.4922,12,61,47
28-Oct-2025,1377.3,Put,1460,79.8,21.05,24.4922,2,646,45
28-Oct-2025,1377.3,Put,1260,1.05,22.62,24.4922,-7,1368,44
25-Nov-2025,1377.3,Put,1380,30.35,18.86,24.4922,10,136,41
28-Oct-2025,1377.3,Put,1200,0.5,28.57,24.4922,-2,2315,39
28-Oct-2025,1377.3,Put,1500,115.95,19.17,24.4922,8,4049,39
25-Nov-2025,1377.3,Put,1360,22.45,18.92,24.4922,0,332,37
25-Nov-2025,1377.3,Put,1300,7.55,19.23,24.4922,4,377,33
25-Nov-2025,1377.3,Call,1380,42,17.18,24.4922,7,109,33
30-Dec-2025,1377.3,Call,1400,44.5,15.31,24.4922,-3,180,33
25-Nov-2025,1377.3,Call,1600,1.8,21.78,24.4922,17,387,30
25-Nov-2025,1377.3,Call,1390,36.7,17.19,24.4922,9,78,30
28-Oct-2025,1377.3,Call,1320,69,19.88,24.4922,-6,412,26
25-Nov-2025,1377.3,Call,1350,64.9,19.75,24.4922,17,29,26
28-Oct-2025,1377.3,Call,1310,79,22.06,24.4922,-7,153,25
25-Nov-2025,1377.3,Put,1240,2.8,21.35,24.4922,-1,148,25
28-Oct-2025,1377.3,Call,1530,0.7,21.81,24.4922,2,199,22
25-Nov-2025,1377.3,Call,1520,5.4,19.35,24.4922,-2,58,20
28-Oct-2025,1377.3,Put,1480,91.55,0,24.4922,3,375,19
28-Oct-2025,1377.3,Call,1580,0.4,25.4,24.4922,0,338,17
28-Oct-2025,1377.3,Put,1240,0.6,23.47,24.4922,-3,1641,16
28-Oct-2025,1377.3,Call,1280,110.9,31.37,24.4922,-9,92,16
28-Oct-2025,1377.3,Put,1470,82.05,0,24.4922,6,148,16
25-Nov-2025,1377.3,Put,1260,3.95,20.68,24.4922,13,63,15
28-Oct-2025,1377.3,Call,1330,66.9,26.24,24.4922,7,325,14
25-Nov-2025,1377.3,Call,1470,10.5,17.63,24.4922,11,54,14
25-Nov-2025,1377.3,Put,1350,18.55,18.66,24.4922,5,74,13
25-Nov-2025,1377.3,Call,1440,17.8,17.64,24.4922,5,122,13
28-Oct-2025,1377.3,Put,1600,215.7,0,24.4922,11,1504,12
28-Oct-2025,1377.3,Put,1490,96.95,0,24.4922,4,71,10
25-Nov-2025,1377.3,Call,1370,47.65,17.17,24.4922,7,53,8
30-Dec-2025,1377.3,Put,1300,12.35,18.99,24.4922,6,42,8
30-Dec-2025,1377.3,Call,1500,12.5,16.02,24.4922,6,11,8
28-Oct-2025,1377.3,Put,1230,0.55,24.6,24.4922,1,442,7
25-Nov-2025,1377.3,Call,1360,54,17.27,24.4922,2,48,7
25-Nov-2025,1377.3,Call,1460,12.8,17.76,24.4922,0,104,7
25-Nov-2025,1377.3,Call,1430,20.65,17.48,24.4922,3,23,6
25-Nov-2025,1377.3,Put,1320,11.25,19.15,24.4922,1,60,6
25-Nov-2025,1377.3,Call,1480,9.5,18.22,24.4922,3,42,6
25-Nov-2025,1377.3,Put,1200,1.5,23,24.4922,3,18,5
25-Nov-2025,1377.3,Put,1500,112,19.82,24.4922,2,16,5
25-Nov-2025,1377.3,Put,1450,71,18.64,24.4922,4,14,5
28-Oct-2025,1377.3,Put,1180,0.4,30.52,24.4922,0,95,4
28-Oct-2025,1377.3,Put,1560,168.05,0,24.4922,1,369,3
28-Oct-2025,1377.3,Call,1200,189.4,46.24,24.4922,2,143,3
25-Nov-2025,1377.3,Call,1540,4.55,20.45,24.4922,0,0,3
28-Oct-2025,1377.3,Call,1620,0.35,28.96,24.4922,0,133,2
25-Nov-2025,1377.3,Put,1460,75.5,16.84,24.4922,0,1,2
25-Nov-2025,1377.3,Put,1330,12.6,18.48,24.4922,0,18,2
25-Nov-2025,1377.3,Put,1430,56.1,17.98,24.4922,0,36,2
25-Nov-2025,1377.3,Put,1440,65.2,19.3,24.4922,0,12,2
28-Oct-2025,1377.3,Call,1270,121.5,34.47,24.4922,0,145,1
28-Oct-2025,1377.3,Put,1160,0.35,32.79,24.4922,0,105,1
25-Nov-2025,1377.3,Call,1300,108.1,24.49,24.4922,0,18,1
25-Nov-2025,1377.3,Put,1310,7.6,17.86,24.4922,0,21,1
30-Dec-2025,1377.3,Call,1480,18.6,16.85,24.4922,0,23,1
25-Nov-2025,1377.3,Call,1410,38,22.48,24.4922,0,0,1
28-Oct-2025,1377.3,Put,1620,0,0,24.4922,0,68,0
28-Oct-2025,1377.3,Put,1510,0,0,24.4922,0,61,0
28-Oct-2025,1377.3,Call,1140,0,0,24.4922,0,14,0
28-Oct-2025,1377.3,Put,1220,0,0,24.4922,0,257,0
28-Oct-2025,1377.3,Put,1140,0,0,24.4922,0,144,0
28-Oct-2025,1377.3,Put,1530,0,0,24.4922,0,28,0
28-Oct-2025,1377.3,Put,1640,0,0,24.4922,0,1809,0
28-Oct-2025,1377.3,Call,1640,0,0,24.4922,0,194,0
28-Oct-2025,1377.3,Call,1260,0,0,24.4922,0,83,0
28-Oct-2025,1377.3,Put,1540,0,0,24.4922,0,317,0
28-Oct-2025,1377.3,Put,1520,0,0,24.4922,0,224,0
28-Oct-2025,1377.3,Call,1290,0,0,24.4922,0,108,0
28-Oct-2025,1377.3,Call,1250,0,0,24.4922,0,137,0
28-Oct-2025,1377.3,Call,1240,0,0,24.4922,0,75,0
28-Oct-2025,1377.3,Call,1160,0,0,24.4922,0,9,0
28-Oct-2025,1377.3,Call,1180,0,0,24.4922,0,1163,0
28-Oct-2025,1377.3,Call,1220,0,0,24.4922,0,42,0
28-Oct-2025,1377.3,Put,1580,0,0,24.4922,0,71,0
25-Nov-2025,1377.3,Call,1490,0,0,24.4922,0,0,0
25-Nov-2025,1377.3,Put,1420,0,0,24.4922,0,0,0
25-Nov-2025,1377.3,Call,1580,0,0,24.4922,0,0,0
25-Nov-2025,1377.3,Call,1560,0,0,24.4922,0,18,0
25-Nov-2025,1377.3,Put,1540,0,0,24.4922,0,0,0
25-Nov-2025,1377.3,Put,1560,0,0,24.4922,0,0,0
25-Nov-2025,1377.3,Call,1160,0,0,24.4922,0,0,0
25-Nov-2025,1377.3,Call,1180,0,0,24.4922,0,0,0
25-Nov-2025,1377.3,Call,1200,0,0,24.4922,0,0,0
25-Nov-2025,1377.3,Call,1220,0,0,24.4922,0,0,0
25-Nov-2025,1377.3,Call,1320,0,0,24.4922,0,0,0
25-Nov-2025,1377.3,Put,1490,0,0,24.4922,0,0,0
25-Nov-2025,1377.3,Put,1160,0,0,24.4922,0,0,0
25-Nov-2025,1377.3,Call,1250,0,0,24.4922,0,0,0
25-Nov-2025,1377.3,Call,1270,0,0,24.4922,0,0,0
25-Nov-2025,1377.3,Call,1310,0,0,24.4922,0,0,0
25-Nov-2025,1377.3,Call,1330,0,0,24.4922,0,0,0
25-Nov-2025,1377.3,Call,1260,0,0,24.4922,0,0,0
25-Nov-2025,1377.3,Call,1280,0,0,24.4922,0,0,0
25-Nov-2025,1377.3,Call,1290,0,0,24.4922,0,0,0
25-Nov-2025,1377.3,Put,1390,0,0,24.4922,0,0,0
25-Nov-2025,1377.3,Call,1240,0,0,24.4922,0,0,0
25-Nov-2025,1377.3,Put,1410,0,0,24.4922,0,0,0
25-Nov-2025,1377.3,Put,1180,0,0,24.4922,0,0,0
25-Nov-2025,1377.3,Put,1370,0,0,24.4922,0,0,0
25-Nov-2025,1377.3,Put,1250,0,0,24.4922,0,0,0
25-Nov-2025,1377.3,Call,1340,0,0,24.4922,0,0,0
30-Dec-2025,1377.3,Call,1380,0,0,24.4922,0,0,0
30-Dec-2025,1377.3,Put,1240,0,0,24.4922,0,0,0
25-Nov-2025,1377.3,Put,1270,0,0,24.4922,0,0,0
25-Nov-2025,1377.3,Put,1470,0,0,24.4922,0,0,0
25-Nov-2025,1377.3,Put,1520,0,0,24.4922,0,0,0
25-Nov-2025,1377.3,Put,1580,0,0,24.4922,0,0,0
25-Nov-2025,1377.3,Put,1290,0,0,24.4922,0,0,0
25-Nov-2025,1377.3,Put,1600,0,0,24.4922,0,27,0
30-Dec-2025,1377.3,Call,1560,0,0,24.4922,0,13,0
30-Dec-2025,1377.3,Call,1600,0,0,0,0,0,0
30-Dec-2025,1377.3,Call,1360,0,0,24.4922,0,0,0
30-Dec-2025,1377.3,Call,1440,0,0,24.4922,0,1,0
25-Nov-2025,1377.3,Put,1220,0,0,24.4922,0,0,0
25-Nov-2025,1377.3,Put,1480,0,0,24.4922,0,0,0
30-Dec-2025,1377.3,Put,1360,0,0,24.4922,0,0,0
30-Dec-2025,1377.3,Put,1200,0,0,24.4922,0,0,0
30-Dec-2025,1377.3,Put,1400,0,0,24.4922,0,0,0
30-Dec-2025,1377.3,Put,1260,0,0,24.4922,0,0,0
30-Dec-2025,1377.3,Put,1380,0,0,24.4922,0,1,0
30-Dec-2025,1377.3,Call,1420,0,0,24.4922,0,0,0
30-Dec-2025,1377.3,Put,1440,0,0,24.4922,0,0,0
30-Dec-2025,1377.3,Call,1460,0,0,24.4922,0,0,0
30-Dec-2025,1377.3,Put,1420,0,0,24.4922,0,0,0
30-Dec-2025,1377.3,Put,1160,0,0,24.4922,0,0,0
30-Dec-2025,1377.3,Put,1340,0,0,24.4922,0,0,0
30-Dec-2025,1377.3,Put,1280,0,0,24.4922,0,0,0
30-Dec-2025,1377.3,Call,1520,0,0,24.4922,0,0,0
30-Dec-2025,1377.3,Put,1320,0,0,24.4922,0,2,0
