28-Oct-2025,859.9,Call,870,11.85,17.8,26.5008,735,7439,10130
28-Oct-2025,859.9,-,0,863.6,0,26.5008,1084,125497,7337
28-Oct-2025,859.9,Call,880,8.1,17.84,26.5008,108,9853,7223
28-Oct-2025,859.9,Call,900,3.85,19.04,26.5008,309,9837,6050
28-Oct-2025,859.9,Put,860,12.7,18.75,26.5008,283,2565,6022
28-Oct-2025,859.9,Call,860,16.75,17.74,26.5008,524,3197,4762
28-Oct-2025,859.9,Put,850,8.75,18.75,26.5008,81,2589,3909
28-Oct-2025,859.9,Call,875,9.9,17.89,26.5008,161,2429,3691
28-Oct-2025,859.9,Put,870,17.9,18.5,26.5008,-8,4459,3676
28-Oct-2025,859.9,Call,890,5.55,18.42,26.5008,81,2931,3223
28-Oct-2025,859.9,Call,865,14.1,17.88,26.5008,351,1504,3096
28-Oct-2025,859.9,Put,865,15.15,18.47,26.5008,68,1075,3055
28-Oct-2025,859.9,Put,840,5.85,19,26.5008,216,2981,2198
28-Oct-2025,859.9,Put,855,10.65,18.56,26.5008,103,479,2171
28-Oct-2025,859.9,Call,920,1.95,20.59,26.5008,367,6034,2107
28-Oct-2025,859.9,Call,885,6.7,18.23,26.5008,24,1223,1607
28-Oct-2025,859.9,Call,910,2.75,19.79,26.5008,80,1794,1606
28-Oct-2025,859.9,Call,850,22.8,17.82,26.5008,203,1142,1133
28-Oct-2025,859.9,Call,940,1.1,22.39,26.5008,39,1810,938
28-Oct-2025,859.9,Put,830,3.95,19.56,26.5008,-156,2181,923
28-Oct-2025,859.9,Call,950,0.8,23.02,26.5008,176,2477,827
28-Oct-2025,859.9,Put,875,20.85,18.84,26.5008,30,1059,804
28-Oct-2025,859.9,Put,820,2.7,20.36,26.5008,-51,3816,783
28-Oct-2025,859.9,Call,930,1.4,21.3,26.5008,-115,951,761
28-Oct-2025,859.9,Put,845,7.2,18.82,26.5008,121,358,716
28-Oct-2025,859.9,Put,880,24.5,19.07,26.5008,-25,1928,670
28-Oct-2025,859.9,Put,800,1.25,21.86,26.5008,102,2411,624
28-Oct-2025,859.9,Call,1000,0.35,29.07,26.5008,-92,1185,456
25-Nov-2025,859.9,-,0,868.45,0,26.5008,76,2643,449
28-Oct-2025,859.9,Call,905,3.2,19.31,26.5008,20,438,432
28-Oct-2025,859.9,Call,855,19.4,18.02,26.5008,133,398,412
28-Oct-2025,859.9,Call,895,4.65,18.72,26.5008,-23,391,409
28-Oct-2025,859.9,Put,810,1.75,21.18,26.5008,33,1431,399
28-Oct-2025,859.9,Put,835,4.85,19.17,26.5008,-31,423,362
28-Oct-2025,859.9,Put,825,3.2,19.67,26.5008,14,425,350
28-Oct-2025,859.9,Call,960,0.65,24.08,26.5008,45,1812,338
28-Oct-2025,859.9,Call,915,2.25,20.21,26.5008,-21,476,258
28-Oct-2025,859.9,Call,980,0.5,27.07,26.5008,103,1207,245
28-Oct-2025,859.9,Call,970,0.5,25.23,26.5008,100,321,205
28-Oct-2025,859.9,Call,840,29.4,18.32,26.5008,0,814,180
28-Oct-2025,859.9,Put,780,0.6,23.78,26.5008,51,635,172
28-Oct-2025,859.9,Put,900,39.8,19.17,26.5008,0,1913,159
28-Oct-2025,859.9,Put,790,0.85,22.74,26.5008,-8,316,148
28-Oct-2025,859.9,Call,925,1.65,21.26,26.5008,27,267,134
25-Nov-2025,859.9,Put,820,6.95,20.18,26.5008,45,357,120
25-Nov-2025,859.9,Call,900,12.2,19.04,26.5008,31,422,114
28-Oct-2025,859.9,Put,815,2.15,20.75,26.5008,46,173,111
25-Nov-2025,859.9,Put,800,4.2,21.08,26.5008,41,377,87
28-Oct-2025,859.9,Put,885,27.75,18.93,26.5008,-2,224,85
25-Nov-2025,859.9,Call,960,3.5,21.42,26.5008,-4,339,75
28-Oct-2025,859.9,Call,800,63.8,18.02,26.5008,18,680,64
30-Dec-2025,859.9,-,0,873.6,0,26.5008,19,259,63
25-Nov-2025,859.9,Call,920,8.05,19.76,26.5008,22,308,63
28-Oct-2025,859.9,Put,770,0.4,24.57,26.5008,-3,730,62
28-Oct-2025,859.9,Call,990,0.4,27.91,26.5008,-10,105,59
28-Oct-2025,859.9,Call,830,37.2,18.16,26.5008,18,448,57
25-Nov-2025,859.9,Call,860,28.3,18.5,26.5008,28,142,53
28-Oct-2025,859.9,Call,820,46.3,19.33,26.5008,-4,505,50
28-Oct-2025,859.9,Put,890,31.4,19.13,26.5008,0,442,46
25-Nov-2025,859.9,Call,930,6.45,20.18,26.5008,33,34,40
28-Oct-2025,859.9,Call,810,55.35,18.39,26.5008,-7,281,39
25-Nov-2025,859.9,Put,840,11.75,19.62,26.5008,10,369,38
28-Oct-2025,859.9,Call,845,26.3,17.94,26.5008,27,101,37
28-Oct-2025,859.9,Put,910,49.15,20.73,26.5008,13,83,34
28-Oct-2025,859.9,Put,920,58.95,23.24,26.5008,10,345,31
28-Oct-2025,859.9,Put,700,0.15,36.5,26.5008,0,97,30
25-Nov-2025,859.9,Call,800,72,18.2,26.5008,4,87,28
25-Nov-2025,859.9,Call,840,39.9,17.81,26.5008,14,136,27
25-Nov-2025,859.9,Call,870,23.5,18.39,26.5008,11,77,26
28-Oct-2025,859.9,Call,935,1.2,21.89,26.5008,4,189,25
28-Oct-2025,859.9,Put,760,0.3,25.8,26.5008,1,316,19
25-Nov-2025,859.9,Put,850,15.9,20.07,26.5008,9,89,19
25-Nov-2025,859.9,Put,870,25.4,20.58,26.5008,7,53,17
25-Nov-2025,859.9,Put,810,5.45,20.61,26.5008,3,27,17
25-Nov-2025,859.9,Put,860,20,20.05,26.5008,2,141,17
25-Nov-2025,859.9,Call,880,18.6,18.46,26.5008,5,120,17
30-Dec-2025,859.9,Call,980,5.45,20.02,26.5008,13,19,16
28-Oct-2025,859.9,Put,905,44.05,20.21,26.5008,1,64,13
28-Oct-2025,859.9,Put,750,0.25,27.39,26.5008,0,331,12
28-Oct-2025,859.9,Call,835,32.85,18.12,26.5008,5,58,12
28-Oct-2025,859.9,Put,720,0.2,33.25,26.5008,0,57,8
25-Nov-2025,859.9,Call,850,34.65,18.94,26.5008,3,57,8
25-Nov-2025,859.9,Put,830,8,18.56,26.5008,4,37,8
25-Nov-2025,859.9,Call,1000,1.65,23.36,26.5008,-2,88,8
28-Oct-2025,859.9,Put,740,0.2,0,26.5008,0,241,6
28-Oct-2025,859.9,Put,915,53.7,21.2,26.5008,0,69,4
25-Nov-2025,859.9,Put,900,40,17.7,26.5008,1,39,3
28-Oct-2025,859.9,Put,980,109.1,0,26.5008,0,56,2
28-Oct-2025,859.9,Call,780,85,29.66,26.5008,0,49,2
28-Oct-2025,859.9,Put,895,36.3,19.55,26.5008,-1,83,2
28-Oct-2025,859.9,Put,805,2,22.99,26.5008,0,0,2
25-Nov-2025,859.9,Call,875,23.85,20.95,26.5008,1,1,2
25-Nov-2025,859.9,Call,890,15.2,18.83,26.5008,0,6,2
25-Nov-2025,859.9,Call,820,53,15.29,26.5008,1,62,2
30-Dec-2025,859.9,Put,850,20,19.98,26.5008,1,5,2
28-Oct-2025,859.9,Call,790,77,32.56,26.5008,0,56,1
28-Oct-2025,859.9,Put,950,82.6,0,26.5008,0,154,1
30-Dec-2025,859.9,Call,880,31,19.35,26.5008,0,0,1
28-Oct-2025,859.9,Put,1000,0,0,26.5008,0,2,0
28-Oct-2025,859.9,Put,930,0,0,26.5008,0,34,0
28-Oct-2025,859.9,Call,680,0,0,26.5008,0,11,0
28-Oct-2025,859.9,Call,700,0,0,26.5008,0,163,0
28-Oct-2025,859.9,Call,760,0,0,26.5008,0,40,0
28-Oct-2025,859.9,Put,960,0,0,26.5008,0,11,0
28-Oct-2025,859.9,Call,740,0,0,26.5008,0,42,0
28-Oct-2025,859.9,Put,730,0,0,26.5008,0,5,0
28-Oct-2025,859.9,Put,970,0,0,26.5008,0,0,0
28-Oct-2025,859.9,Put,990,0,0,26.5008,0,0,0
28-Oct-2025,859.9,Call,815,0,0,26.5008,0,0,0
28-Oct-2025,859.9,Call,825,0,0,26.5008,0,0,0
28-Oct-2025,859.9,Put,925,0,0,26.5008,0,0,0
28-Oct-2025,859.9,Put,935,0,0,26.5008,0,0,0
28-Oct-2025,859.9,Call,805,0,0,26.5008,0,0,0
28-Oct-2025,859.9,Put,940,0,0,26.5008,0,87,0
28-Oct-2025,859.9,Call,750,0,0,26.5008,0,197,0
28-Oct-2025,859.9,Call,770,0,0,26.5008,0,50,0
25-Nov-2025,859.9,Call,865,0,0,26.5008,0,1,0
25-Nov-2025,859.9,Put,865,0,0,26.5008,0,0,0
25-Nov-2025,859.9,Put,875,0,0,26.5008,0,0,0
25-Nov-2025,859.9,Call,885,0,0,26.5008,0,0,0
25-Nov-2025,859.9,Put,885,0,0,26.5008,0,0,0
25-Nov-2025,859.9,Put,890,0,0,26.5008,0,0,0
25-Nov-2025,859.9,Call,895,0,0,26.5008,0,0,0
25-Nov-2025,859.9,Put,895,0,0,26.5008,0,0,0
25-Nov-2025,859.9,Call,905,0,0,26.5008,0,0,0
25-Nov-2025,859.9,Put,905,0,0,26.5008,0,0,0
25-Nov-2025,859.9,Call,910,0,0,26.5008,0,1,0
25-Nov-2025,859.9,Put,910,0,0,26.5008,0,0,0
25-Nov-2025,859.9,Call,915,0,0,26.5008,0,0,0
25-Nov-2025,859.9,Put,915,0,0,26.5008,0,0,0
25-Nov-2025,859.9,Call,925,0,0,26.5008,0,0,0
25-Nov-2025,859.9,Put,925,0,0,26.5008,0,0,0
25-Nov-2025,859.9,Put,930,0,0,26.5008,0,0,0
25-Nov-2025,859.9,Call,950,0,0,26.5008,0,0,0
25-Nov-2025,859.9,Put,950,0,0,26.5008,0,0,0
25-Nov-2025,859.9,Call,810,0,0,26.5008,0,0,0
25-Nov-2025,859.9,Call,815,0,0,26.5008,0,0,0
25-Nov-2025,859.9,Call,740,0,0,26.5008,0,0,0
25-Nov-2025,859.9,Call,760,0,0,26.5008,0,0,0
25-Nov-2025,859.9,Call,780,0,0,26.5008,0,0,0
25-Nov-2025,859.9,Put,960,0,0,26.5008,0,0,0
25-Nov-2025,859.9,Put,980,0,0,26.5008,0,0,0
25-Nov-2025,859.9,Put,970,0,0,26.5008,0,0,0
25-Nov-2025,859.9,Put,990,0,0,26.5008,0,0,0
25-Nov-2025,859.9,Call,750,0,0,26.5008,0,0,0
25-Nov-2025,859.9,Call,770,0,0,26.5008,0,0,0
25-Nov-2025,859.9,Put,760,0,0,26.5008,0,0,0
25-Nov-2025,859.9,Put,780,0,0,26.5008,0,0,0
25-Nov-2025,859.9,Put,880,0,0,26.5008,0,4,0
25-Nov-2025,859.9,Put,815,0,0,26.5008,0,0,0
25-Nov-2025,859.9,Call,825,0,0,26.5008,0,0,0
25-Nov-2025,859.9,Put,825,0,0,26.5008,0,0,0
25-Nov-2025,859.9,Call,830,0,0,26.5008,0,0,0
25-Nov-2025,859.9,Call,835,0,0,26.5008,0,0,0
25-Nov-2025,859.9,Put,835,0,0,26.5008,0,0,0
25-Nov-2025,859.9,Call,845,0,0,26.5008,0,0,0
25-Nov-2025,859.9,Put,845,0,0,26.5008,0,0,0
25-Nov-2025,859.9,Call,855,0,0,26.5008,0,0,0
25-Nov-2025,859.9,Put,855,0,0,26.5008,0,0,0
25-Nov-2025,859.9,Put,750,0,0,26.5008,0,0,0
25-Nov-2025,859.9,Put,770,0,0,26.5008,0,0,0
25-Nov-2025,859.9,Put,790,0,0,26.5008,0,0,0
25-Nov-2025,859.9,Put,920,0,0,26.5008,0,0,0
25-Nov-2025,859.9,Put,940,0,0,26.5008,0,0,0
25-Nov-2025,859.9,Call,935,0,0,26.5008,0,0,0
25-Nov-2025,859.9,Call,970,0,0,26.5008,0,0,0
25-Nov-2025,859.9,Call,990,0,0,26.5008,0,0,0
25-Nov-2025,859.9,Put,935,0,0,26.5008,0,0,0
25-Nov-2025,859.9,Call,805,0,0,26.5008,0,0,0
25-Nov-2025,859.9,Put,805,0,0,26.5008,0,0,0
25-Nov-2025,859.9,Call,980,0,0,26.5008,0,0,0
25-Nov-2025,859.9,Put,740,0,0,26.5008,0,0,0
25-Nov-2025,859.9,Call,940,0,0,26.5008,0,0,0
25-Nov-2025,859.9,Call,790,0,0,26.5008,0,0,0
30-Dec-2025,859.9,Call,940,0,0,26.5008,0,0,0
30-Dec-2025,859.9,Call,900,0,0,26.5008,0,4,0
30-Dec-2025,859.9,Put,800,0,0,26.5008,0,0,0
30-Dec-2025,859.9,Put,820,0,0,26.5008,0,0,0
30-Dec-2025,859.9,Put,840,0,0,26.5008,0,0,0
30-Dec-2025,859.9,Put,780,0,0,26.5008,0,0,0
30-Dec-2025,859.9,Put,810,0,0,26.5008,0,0,0
30-Dec-2025,859.9,Call,870,0,0,26.5008,0,0,0
30-Dec-2025,859.9,Call,890,0,0,26.5008,0,0,0
30-Dec-2025,859.9,Put,890,0,0,26.5008,0,0,0
30-Dec-2025,859.9,Put,900,0,0,26.5008,0,0,0
30-Dec-2025,859.9,Call,910,0,0,26.5008,0,0,0
30-Dec-2025,859.9,Put,870,0,0,26.5008,0,0,0
30-Dec-2025,859.9,Call,920,0,0,26.5008,0,0,0
30-Dec-2025,859.9,Call,1000,0,0,26.5008,0,4,0
30-Dec-2025,859.9,Put,830,0,0,26.5008,0,0,0
30-Dec-2025,859.9,Put,910,0,0,26.5008,0,0,0
30-Dec-2025,859.9,Put,860,0,0,26.5008,0,0,0
30-Dec-2025,859.9,Call,930,0,0,26.5008,0,0,0
30-Dec-2025,859.9,Put,760,0,0,26.5008,0,0,0
30-Dec-2025,859.9,Call,960,0,0,26.5008,0,0,0
30-Dec-2025,859.9,Put,880,0,0,26.5008,0,0,0
30-Dec-2025,859.9,Put,740,0,0,26.5008,0,0,0
30-Dec-2025,859.9,Call,840,0,0,26.5008,0,0,0
30-Dec-2025,859.9,Call,850,0,0,26.5008,0,0,0
30-Dec-2025,859.9,Call,860,0,0,26.5008,0,0,0
