28-Oct-2025,172.86,Call,175,3.1,23.17,34.5665,-125,3333,7804
28-Oct-2025,172.86,-,0,173.71,0,34.5665,1018,33313,7266
28-Oct-2025,172.86,Call,180,1.55,23.55,34.5665,-45,3491,4805
28-Oct-2025,172.86,Call,172.5,4.4,23.02,34.5665,-4,1319,4381
28-Oct-2025,172.86,Put,170,2.15,23.5,34.5665,374,1902,4225
28-Oct-2025,172.86,Call,170,5.85,23.09,34.5665,-49,1891,3487
28-Oct-2025,172.86,Call,190,0.4,26.81,34.5665,70,1644,3334
28-Oct-2025,172.86,Put,172.5,3.15,22.84,34.5665,275,964,2582
28-Oct-2025,172.86,Call,185,0.75,25.33,34.5665,103,1305,2180
28-Oct-2025,172.86,Call,177.5,2.2,23.29,34.5665,17,964,2017
28-Oct-2025,172.86,Put,167.5,1.4,23.56,34.5665,58,799,1855
28-Oct-2025,172.86,Put,165,0.95,23.98,34.5665,-43,1615,1854
28-Oct-2025,172.86,Put,155,0.2,28.78,34.5665,108,929,1494
28-Oct-2025,172.86,Put,175,4.4,23.09,34.5665,115,1165,1435
28-Oct-2025,172.86,Put,160,0.45,26.76,34.5665,118,1347,1390
28-Oct-2025,172.86,Call,195,0.2,29.45,34.5665,-45,968,1051
28-Oct-2025,172.86,Put,150,0.15,33.64,34.5665,135,1333,922
28-Oct-2025,172.86,Call,182.5,1.05,23.89,34.5665,59,625,817
28-Oct-2025,172.86,Call,200,0.1,29.5,34.5665,-152,825,607
25-Nov-2025,172.86,-,0,174.65,0,34.5665,82,881,484
28-Oct-2025,172.86,Put,162.5,0.6,24.94,34.5665,45,591,461
28-Oct-2025,172.86,Call,167.5,7.7,23.99,34.5665,0,307,434
28-Oct-2025,172.86,Call,165,9.65,24.64,34.5665,-8,339,257
28-Oct-2025,172.86,Put,180,7.7,23.65,34.5665,13,572,252
28-Oct-2025,172.86,Put,177.5,5.9,23.29,34.5665,8,160,232
28-Oct-2025,172.86,Call,187.5,0.55,25.87,34.5665,8,276,202
28-Oct-2025,172.86,Put,157.5,0.3,27.75,34.5665,7,220,155
28-Oct-2025,172.86,Call,160,14.6,32.06,34.5665,-42,447,135
30-Dec-2025,172.86,-,0,176.34,0,34.5665,17,94,87
28-Oct-2025,172.86,Put,152.5,0.15,30.45,34.5665,-29,151,86
25-Nov-2025,172.86,Call,190,1.5,24.72,34.5665,11,160,73
25-Nov-2025,172.86,Call,180,4,24.03,34.5665,3,142,73
25-Nov-2025,172.86,Call,200,0.6,25.7,34.5665,26,48,60
25-Nov-2025,172.86,Put,160,1.3,25,34.5665,13,101,58
25-Nov-2025,172.86,Call,175,5.7,22.47,34.5665,10,66,56
28-Oct-2025,172.86,Call,157.5,17.05,35.79,34.5665,1,60,54
28-Oct-2025,172.86,Call,162.5,12.45,31.27,34.5665,5,64,51
28-Oct-2025,172.86,Put,182.5,9.35,20.88,34.5665,0,41,44
28-Oct-2025,172.86,Put,185,11.5,20.49,34.5665,10,85,42
25-Nov-2025,172.86,Put,150,0.5,28.72,34.5665,10,45,39
28-Oct-2025,172.86,Put,187.5,14.05,24.58,34.5665,11,35,34
28-Oct-2025,172.86,Put,190,16.1,15.84,34.5665,7,113,32
25-Nov-2025,172.86,Call,170,8.8,23.96,34.5665,-16,33,29
25-Nov-2025,172.86,Put,165,2.2,24.36,34.5665,5,66,26
25-Nov-2025,172.86,Put,170,3.85,24.61,34.5665,7,44,25
25-Nov-2025,172.86,Call,185,2.45,23.8,34.5665,5,103,18
28-Oct-2025,172.86,Call,155,19.65,41.47,34.5665,6,158,17
28-Oct-2025,172.86,Put,145,0.1,37.59,34.5665,4,399,12
25-Nov-2025,172.86,Put,175,6.05,24.54,34.5665,7,37,10
30-Dec-2025,172.86,Call,190,2.75,21.96,34.5665,2,14,10
28-Oct-2025,172.86,Call,150,23.2,0,34.5665,-1,128,6
28-Oct-2025,172.86,Put,195,20.8,0,34.5665,0,68,4
28-Oct-2025,172.86,Call,140,33,0,34.5665,-2,50,3
28-Oct-2025,172.86,Put,140,0.05,39.86,34.5665,0,79,3
25-Nov-2025,172.86,Call,195,1,25.3,34.5665,0,10,3
28-Oct-2025,172.86,Put,130,0.05,51.82,34.5665,1,135,2
25-Nov-2025,172.86,Call,160,16,23.43,34.5665,0,4,2
28-Oct-2025,172.86,Put,147.5,0.1,34.52,34.5665,0,340,1
25-Nov-2025,172.86,Put,130,0.2,41.52,34.5665,0,13,1
25-Nov-2025,172.86,Call,165,12,23.12,34.5665,0,10,1
28-Oct-2025,172.86,Call,145,0,0,34.5665,0,26,0
28-Oct-2025,172.86,Put,142.5,0,0,34.5665,0,15,0
28-Oct-2025,172.86,Call,147.5,0,0,34.5665,0,3,0
28-Oct-2025,172.86,Call,152.5,0,0,34.5665,0,20,0
28-Oct-2025,172.86,Call,130,0,0,34.5665,0,118,0
28-Oct-2025,172.86,Call,135,0,0,34.5665,0,7,0
28-Oct-2025,172.86,Put,200,0,0,34.5665,0,23,0
25-Nov-2025,172.86,Call,150,0,0,34.5665,0,0,0
25-Nov-2025,172.86,Put,200,0,0,34.5665,0,0,0
25-Nov-2025,172.86,Call,167.5,0,0,34.5665,0,3,0
25-Nov-2025,172.86,Put,185,0,0,34.5665,0,0,0
25-Nov-2025,172.86,Call,157.5,0,0,34.5665,0,0,0
25-Nov-2025,172.86,Call,155,0,0,34.5665,0,0,0
25-Nov-2025,172.86,Put,177.5,0,0,34.5665,0,0,0
25-Nov-2025,172.86,Call,145,0,0,34.5665,0,0,0
25-Nov-2025,172.86,Call,130,0,0,34.5665,0,1,0
25-Nov-2025,172.86,Put,172.5,0,0,34.5665,0,0,0
25-Nov-2025,172.86,Call,172.5,0,0,34.5665,0,0,0
25-Nov-2025,172.86,Put,182.5,0,0,34.5665,0,0,0
25-Nov-2025,172.86,Put,157.5,0,0,34.5665,0,0,0
25-Nov-2025,172.86,Call,152.5,0,0,34.5665,0,0,0
25-Nov-2025,172.86,Put,155,0,0,34.5665,0,0,0
30-Dec-2025,172.86,Call,165,0,0,34.5665,0,0,0
25-Nov-2025,172.86,Put,195,0,0,34.5665,0,0,0
30-Dec-2025,172.86,Put,190,0,0,34.5665,0,0,0
30-Dec-2025,172.86,Put,150,0,0,34.5665,0,0,0
30-Dec-2025,172.86,Call,170,0,0,34.5665,0,2,0
25-Nov-2025,172.86,Put,180,0,0,34.5665,0,24,0
30-Dec-2025,172.86,Put,185,0,0,34.5665,0,0,0
30-Dec-2025,172.86,Call,150,0,0,34.5665,0,0,0
30-Dec-2025,172.86,Call,185,0,0,34.5665,0,0,0
25-Nov-2025,172.86,Put,190,0,0,34.5665,0,0,0
30-Dec-2025,172.86,Call,180,0,0,34.5665,0,4,0
30-Dec-2025,172.86,Call,155,0,0,34.5665,0,0,0
25-Nov-2025,172.86,Put,162.5,0,0,34.5665,0,0,0
25-Nov-2025,172.86,Call,162.5,0,0,34.5665,0,0,0
25-Nov-2025,172.86,Put,167.5,0,0,34.5665,0,0,0
30-Dec-2025,172.86,Put,155,0,0,34.5665,0,0,0
25-Nov-2025,172.86,Call,177.5,0,0,34.5665,0,0,0
30-Dec-2025,172.86,Call,200,0,0,34.5665,0,0,0
25-Nov-2025,172.86,Call,182.5,0,0,34.5665,0,0,0
30-Dec-2025,172.86,Put,200,0,0,34.5665,0,0,0
25-Nov-2025,172.86,Put,152.5,0,0,34.5665,0,0,0
25-Nov-2025,172.86,Call,187.5,0,0,34.5665,0,0,0
30-Dec-2025,172.86,Call,140,0,0,34.5665,0,0,0
30-Dec-2025,172.86,Call,160,0,0,34.5665,0,0,0
30-Dec-2025,172.86,Put,180,0,0,34.5665,0,0,0
30-Dec-2025,172.86,Put,160,0,0,34.5665,0,3,0
30-Dec-2025,172.86,Put,165,0,0,34.5665,0,4,0
30-Dec-2025,172.86,Put,175,0,0,34.5665,0,0,0
25-Nov-2025,172.86,Put,145,0,0,34.5665,0,0,0
25-Nov-2025,172.86,Put,187.5,0,0,34.5665,0,0,0
30-Dec-2025,172.86,Put,170,0,0,34.5665,0,0,0
30-Dec-2025,172.86,Call,175,0,0,34.5665,0,0,0
