28-Oct-2025,1442.2,Call,1440,29.3,24.27,39.1122,-457,2455,3088
28-Oct-2025,1442.2,-,0,1448.6,0,39.1122,49,45448,2312
28-Oct-2025,1442.2,Call,1460,19.7,24.03,39.1122,-22,2013,1903
28-Oct-2025,1442.2,Call,1500,8.6,24.83,39.1122,-46,2724,1159
28-Oct-2025,1442.2,Call,1420,41.9,24.63,39.1122,-183,1141,1141
28-Oct-2025,1442.2,Put,1400,8.1,23.04,39.1122,-16,2917,973
28-Oct-2025,1442.2,Put,1440,20.65,21.96,39.1122,45,852,857
28-Oct-2025,1442.2,Call,1480,13.2,24.21,39.1122,28,831,851
28-Oct-2025,1442.2,Put,1420,13.15,22.35,39.1122,32,966,843
28-Oct-2025,1442.2,Call,1400,57,25.89,39.1122,-79,1721,554
28-Oct-2025,1442.2,Put,1460,30.95,21.86,39.1122,-9,339,499
28-Oct-2025,1442.2,Put,1380,5.2,24.56,39.1122,57,1245,440
28-Oct-2025,1442.2,Put,1360,3.35,25.82,39.1122,14,684,293
25-Nov-2025,1442.2,-,0,1456.5,0,39.1122,68,1671,277
28-Oct-2025,1442.2,Call,1520,5.85,25.7,39.1122,4,491,235
28-Oct-2025,1442.2,Call,1540,4,26.94,39.1122,23,380,227
28-Oct-2025,1442.2,Call,1600,1.7,31.3,39.1122,-21,1543,133
28-Oct-2025,1442.2,Put,1300,1.35,32.31,39.1122,-61,675,123
28-Oct-2025,1442.2,Put,1340,2.45,28.19,39.1122,-4,623,117
25-Nov-2025,1442.2,Put,1400,22,23.73,39.1122,47,375,97
28-Oct-2025,1442.2,Put,1500,59.4,22.21,39.1122,-25,317,82
25-Nov-2025,1442.2,Call,1500,28.2,24.05,39.1122,22,75,70
28-Oct-2025,1442.2,Put,1280,1,34.29,39.1122,-28,223,67
28-Oct-2025,1442.2,Call,1580,2.25,30.24,39.1122,4,102,64
25-Nov-2025,1442.2,Call,1400,80,24.42,39.1122,6,188,59
25-Nov-2025,1442.2,Call,1600,8.75,25.32,39.1122,26,169,58
25-Nov-2025,1442.2,Call,1440,54,23.04,39.1122,22,176,56
28-Oct-2025,1442.2,Call,1560,2.85,28.36,39.1122,3,357,51
28-Oct-2025,1442.2,Put,1480,43.5,22.07,39.1122,1,109,49
28-Oct-2025,1442.2,Put,1320,1.65,29.64,39.1122,17,278,49
28-Oct-2025,1442.2,Call,1360,93.55,33.16,39.1122,-3,247,45
28-Oct-2025,1442.2,Call,1380,74.8,31.05,39.1122,-31,428,45
28-Oct-2025,1442.2,Put,1200,0.5,44.46,39.1122,-12,89,33
30-Dec-2025,1442.2,-,0,1467.4,0,39.1122,5,180,27
28-Oct-2025,1442.2,Call,1640,1.1,34.93,39.1122,-17,428,25
25-Nov-2025,1442.2,Call,1420,65.8,23.59,39.1122,21,55,24
28-Oct-2025,1442.2,Put,1240,0.75,39.84,39.1122,-2,87,9
28-Oct-2025,1442.2,Put,1260,0.8,36.27,39.1122,0,139,4
25-Nov-2025,1442.2,Put,1480,56.75,28.05,39.1122,1,1,4
25-Nov-2025,1442.2,Call,1680,3.4,26.85,39.1122,0,95,3
25-Nov-2025,1442.2,Put,1340,10.2,25.54,39.1122,2,3,3
25-Nov-2025,1442.2,Call,1460,44.95,23.95,39.1122,1,18,3
28-Oct-2025,1442.2,Call,1340,112,35.77,39.1122,-1,143,2
25-Nov-2025,1442.2,Put,1500,74.8,26.12,39.1122,1,113,2
25-Nov-2025,1442.2,Put,1420,28.2,28.27,39.1122,1,1,2
25-Nov-2025,1442.2,Call,1480,36.3,24,39.1122,-1,60,2
25-Nov-2025,1442.2,Put,1300,6.2,27.18,39.1122,0,82,1
28-Oct-2025,1442.2,Put,1600,0,0,39.1122,0,45,0
28-Oct-2025,1442.2,Put,1580,0,0,39.1122,0,0,0
28-Oct-2025,1442.2,Call,1200,0,0,39.1122,0,103,0
28-Oct-2025,1442.2,Call,1240,0,0,39.1122,0,0,0
28-Oct-2025,1442.2,Put,1560,0,0,39.1122,0,28,0
28-Oct-2025,1442.2,Call,1320,0,0,39.1122,0,19,0
28-Oct-2025,1442.2,Put,1640,0,0,39.1122,0,4,0
28-Oct-2025,1442.2,Put,1120,0,0,39.1122,0,55,0
28-Oct-2025,1442.2,Call,1300,0,0,39.1122,0,112,0
28-Oct-2025,1442.2,Call,1280,0,0,39.1122,0,4,0
28-Oct-2025,1442.2,Call,1260,0,0,39.1122,0,8,0
28-Oct-2025,1442.2,Put,1520,0,0,39.1122,0,172,0
28-Oct-2025,1442.2,Put,1540,0,0,39.1122,0,4,0
25-Nov-2025,1442.2,Put,1320,0,0,39.1122,0,0,0
25-Nov-2025,1442.2,Put,1240,0,0,39.1122,0,0,0
28-Oct-2025,1442.2,Put,1180,0,0,39.1122,0,10,0
25-Nov-2025,1442.2,Put,1600,0,0,39.1122,0,1,0
25-Nov-2025,1442.2,Call,1340,0,0,39.1122,0,0,0
25-Nov-2025,1442.2,Call,1380,0,0,39.1122,0,1,0
25-Nov-2025,1442.2,Put,1640,0,0,39.1122,0,0,0
25-Nov-2025,1442.2,Put,1360,0,0,39.1122,0,0,0
25-Nov-2025,1442.2,Call,1560,0,0,39.1122,0,0,0
25-Nov-2025,1442.2,Put,1380,0,0,39.1122,0,0,0
25-Nov-2025,1442.2,Put,1200,0,0,39.1122,0,0,0
25-Nov-2025,1442.2,Put,1260,0,0,39.1122,0,0,0
25-Nov-2025,1442.2,Call,1280,0,0,39.1122,0,0,0
25-Nov-2025,1442.2,Call,1320,0,0,39.1122,0,1,0
25-Nov-2025,1442.2,Call,1240,0,0,39.1122,0,0,0
25-Nov-2025,1442.2,Put,1440,0,0,39.1122,0,0,0
25-Nov-2025,1442.2,Call,1580,0,0,39.1122,0,0,0
25-Nov-2025,1442.2,Call,1200,0,0,39.1122,0,0,0
25-Nov-2025,1442.2,Call,1520,0,0,39.1122,0,0,0
25-Nov-2025,1442.2,Call,1260,0,0,39.1122,0,0,0
25-Nov-2025,1442.2,Put,1520,0,0,39.1122,0,0,0
25-Nov-2025,1442.2,Put,1580,0,0,39.1122,0,0,0
25-Nov-2025,1442.2,Put,1460,0,0,39.1122,0,0,0
25-Nov-2025,1442.2,Call,1360,0,0,39.1122,0,6,0
30-Dec-2025,1442.2,Put,1520,0,0,39.1122,0,0,0
25-Nov-2025,1442.2,Call,1540,0,0,39.1122,0,0,0
25-Nov-2025,1442.2,Put,1280,0,0,39.1122,0,0,0
25-Nov-2025,1442.2,Put,1560,0,0,39.1122,0,0,0
25-Nov-2025,1442.2,Put,1540,0,0,39.1122,0,0,0
30-Dec-2025,1442.2,Put,1120,0,0,39.1122,0,0,0
30-Dec-2025,1442.2,Put,1400,0,0,39.1122,0,0,0
30-Dec-2025,1442.2,Put,1440,0,0,39.1122,0,4,0
30-Dec-2025,1442.2,Call,1480,0,0,39.1122,0,0,0
25-Nov-2025,1442.2,Call,1640,0,0,39.1122,0,0,0
25-Nov-2025,1442.2,Call,1300,0,0,39.1122,0,6,0
30-Dec-2025,1442.2,Put,1200,0,0,39.1122,0,0,0
30-Dec-2025,1442.2,Call,1440,0,0,39.1122,0,0,0
30-Dec-2025,1442.2,Put,1480,0,0,39.1122,0,0,0
30-Dec-2025,1442.2,Call,1400,0,0,39.1122,0,3,0
