28-Oct-2025,1054.35,Call,1050,24.8,26,31.0891,136,1964,10049
28-Oct-2025,1054.35,-,0,1056.45,0,31.0891,1325,116926,9787
28-Oct-2025,1054.35,Call,1040,30.3,25.34,31.0891,-473,1427,6999
28-Oct-2025,1054.35,Call,1060,19.65,26.03,31.0891,41,1141,5707
28-Oct-2025,1054.35,Call,1030,37,25.39,31.0891,-667,1094,5321
28-Oct-2025,1054.35,Put,1030,11.1,28.28,31.0891,323,1494,4604
28-Oct-2025,1054.35,Call,1100,6.35,25.85,31.0891,-486,2604,4395
28-Oct-2025,1054.35,Put,1020,8.4,28.58,31.0891,1128,2866,4364
28-Oct-2025,1054.35,Call,1020,43.9,25.12,31.0891,-585,1520,3530
28-Oct-2025,1054.35,Call,1070,15.1,25.85,31.0891,277,922,3198
28-Oct-2025,1054.35,Put,1000,4.5,29.23,31.0891,184,1765,3189
28-Oct-2025,1054.35,Call,1080,11.5,25.82,31.0891,42,1444,3061
28-Oct-2025,1054.35,Put,1040,14.5,28.3,31.0891,629,876,2960
28-Oct-2025,1054.35,Put,1010,6.15,29.01,31.0891,132,746,2429
28-Oct-2025,1054.35,Put,1050,18.7,28.47,31.0891,335,953,1904
28-Oct-2025,1054.35,Call,1090,8.55,25.65,31.0891,75,997,1841
28-Oct-2025,1054.35,Put,980,2.5,30.24,31.0891,38,1057,1645
28-Oct-2025,1054.35,Put,990,3.4,29.98,31.0891,-44,512,1387
28-Oct-2025,1054.35,Call,1000,60.15,24.09,31.0891,-92,1254,1338
25-Nov-2025,1054.35,-,0,1062.05,0,31.0891,356,2619,1312
28-Oct-2025,1054.35,Call,1140,1.6,26.17,31.0891,-97,925,1037
28-Oct-2025,1054.35,Put,970,1.8,31.25,31.0891,-22,642,913
28-Oct-2025,1054.35,Call,1110,4.5,25.86,31.0891,69,455,888
28-Oct-2025,1054.35,Put,1060,23.95,28.26,31.0891,183,316,814
28-Oct-2025,1054.35,Put,950,1.05,32.97,31.0891,-99,1099,791
28-Oct-2025,1054.35,Call,1010,51.4,22.58,31.0891,-113,328,760
25-Nov-2025,1054.35,Call,1050,40.1,22.6,31.0891,42,132,689
28-Oct-2025,1054.35,Put,960,1.4,32.13,31.0891,0,634,675
28-Oct-2025,1054.35,Call,1160,0.8,27.03,31.0891,223,1722,609
28-Oct-2025,1054.35,Call,1120,3.3,25.88,31.0891,25,592,607
28-Oct-2025,1054.35,Put,940,0.75,33.91,31.0891,-133,457,490
25-Nov-2025,1054.35,Call,1100,20,23.76,31.0891,8,587,374
28-Oct-2025,1054.35,Put,1070,29.05,28.42,31.0891,41,91,298
25-Nov-2025,1054.35,Call,1000,72.5,21.29,31.0891,34,394,270
25-Nov-2025,1054.35,Put,1050,29.45,26.41,31.0891,136,191,259
28-Oct-2025,1054.35,Put,930,0.6,35.21,31.0891,-117,317,255
28-Oct-2025,1054.35,Call,1130,2.25,26.04,31.0891,67,88,247
25-Nov-2025,1054.35,Put,1000,12.4,26.39,31.0891,51,354,231
28-Oct-2025,1054.35,Put,900,0.4,38.99,31.0891,-38,1000,225
28-Oct-2025,1054.35,Call,990,68.45,0,31.0891,-25,201,196
28-Oct-2025,1054.35,Put,920,0.6,36.72,31.0891,-52,593,179
28-Oct-2025,1054.35,Put,1080,36.05,28.77,31.0891,35,80,174
25-Nov-2025,1054.35,Put,950,4.75,27.81,31.0891,5,201,166
25-Nov-2025,1054.35,Call,1040,45.65,22.04,31.0891,-15,188,165
25-Nov-2025,1054.35,Put,1040,24.95,26.17,31.0891,52,79,157
25-Nov-2025,1054.35,Put,980,8.45,26.83,31.0891,59,174,155
28-Oct-2025,1054.35,Call,980,77.35,0,31.0891,-16,255,142
30-Dec-2025,1054.35,-,0,1067.6,0,31.0891,-22,259,139
28-Oct-2025,1054.35,Put,1100,50.1,28.98,31.0891,11,594,133
25-Nov-2025,1054.35,Call,1030,51.65,21.96,31.0891,14,83,125
28-Oct-2025,1054.35,Put,860,0.1,41.79,31.0891,-2,568,111
28-Oct-2025,1054.35,Call,960,96.25,0,31.0891,-2,218,97
28-Oct-2025,1054.35,Put,1090,43.2,28.77,31.0891,1,35,92
25-Nov-2025,1054.35,Call,1160,7.85,25.12,31.0891,46,106,89
25-Nov-2025,1054.35,Call,1080,26.45,23.3,31.0891,9,87,88
28-Oct-2025,1054.35,Call,950,102,0,31.0891,20,606,86
28-Oct-2025,1054.35,Call,970,86.6,0,31.0891,10,500,84
25-Nov-2025,1054.35,Call,1120,14.65,24.22,31.0891,40,167,83
25-Nov-2025,1054.35,Put,1020,17.9,26.32,31.0891,2,70,75
28-Oct-2025,1054.35,Put,910,0.45,38,31.0891,-28,281,69
28-Oct-2025,1054.35,Put,1110,59.3,38.41,31.0891,18,30,62
25-Nov-2025,1054.35,Put,900,1.85,30.19,31.0891,-7,118,62
25-Nov-2025,1054.35,Call,1060,34.8,22.92,31.0891,23,61,62
28-Oct-2025,1054.35,Call,940,115.5,0,31.0891,-21,522,59
28-Oct-2025,1054.35,Put,1120,68,30.81,31.0891,14,35,58
25-Nov-2025,1054.35,Call,1020,58.2,18.83,31.0891,-9,71,49
28-Oct-2025,1054.35,Put,890,0.25,39.54,31.0891,-9,156,46
28-Oct-2025,1054.35,Put,800,0.15,57.23,31.0891,5,157,42
25-Nov-2025,1054.35,Put,1010,14.85,26.27,31.0891,18,18,38
25-Nov-2025,1054.35,Call,990,79,18.55,31.0891,5,22,32
25-Nov-2025,1054.35,Put,960,5.75,27.28,31.0891,12,14,31
25-Nov-2025,1054.35,Put,1100,58,27.3,31.0891,20,20,30
28-Oct-2025,1054.35,Call,900,154.9,0,31.0891,-5,334,26
28-Oct-2025,1054.35,Put,850,0.1,43.92,31.0891,0,607,19
25-Nov-2025,1054.35,Call,1180,5.6,25.68,31.0891,14,14,19
25-Nov-2025,1054.35,Put,920,2.95,29.65,31.0891,-4,35,17
25-Nov-2025,1054.35,Put,990,10.05,26.37,31.0891,13,14,17
25-Nov-2025,1054.35,Put,910,2.35,29.85,31.0891,0,90,14
25-Nov-2025,1054.35,Call,1090,23,22.99,31.0891,7,30,12
25-Nov-2025,1054.35,Call,1010,65.2,21.32,31.0891,2,7,12
25-Nov-2025,1054.35,Call,1110,14.7,22.08,31.0891,7,13,11
28-Oct-2025,1054.35,Put,880,0.25,41.82,31.0891,-6,160,10
30-Dec-2025,1054.35,Put,900,3.4,26.22,31.0891,-4,15,9
25-Nov-2025,1054.35,Put,930,3.5,29.09,31.0891,2,2,9
25-Nov-2025,1054.35,Call,1140,9.2,23.25,31.0891,6,16,9
28-Oct-2025,1054.35,Call,820,237.85,0,31.0891,-1,7,7
25-Nov-2025,1054.35,Put,1030,21.15,26.08,31.0891,4,4,7
30-Dec-2025,1054.35,Call,1120,22,20.29,31.0891,-4,6,7
25-Nov-2025,1054.35,Put,1060,35,27.05,31.0891,5,5,6
25-Nov-2025,1054.35,Call,860,180.1,0,31.0891,5,17,6
25-Nov-2025,1054.35,Call,1130,12.45,24.39,31.0891,4,4,5
28-Oct-2025,1054.35,Put,870,0.15,39.67,31.0891,-1,148,3
28-Oct-2025,1054.35,Put,1160,105,72.31,31.0891,-1,175,3
28-Oct-2025,1054.35,Put,840,0.15,48.12,31.0891,-1,151,3
28-Oct-2025,1054.35,Call,870,163.45,0,31.0891,-1,14,2
25-Nov-2025,1054.35,Put,1090,51.95,0,31.0891,0,0,1
30-Dec-2025,1054.35,Call,1140,13.9,18.72,31.0891,0,0,1
25-Nov-2025,1054.35,Call,910,130,0,31.0891,0,0,1
25-Nov-2025,1054.35,Call,900,140.9,0,31.0891,0,1,1
28-Oct-2025,1054.35,Put,1130,0,0,31.0891,0,0,0
28-Oct-2025,1054.35,Put,1200,0,0,31.0891,0,0,0
28-Oct-2025,1054.35,Put,790,0,0,31.0891,0,3,0
28-Oct-2025,1054.35,Put,760,0,0,31.0891,0,8,0
28-Oct-2025,1054.35,Put,780,0,0,31.0891,0,11,0
28-Oct-2025,1054.35,Put,740,0,0,31.0891,0,8,0
28-Oct-2025,1054.35,Call,910,0,0,31.0891,0,62,0
28-Oct-2025,1054.35,Call,930,0,0,31.0891,0,50,0
28-Oct-2025,1054.35,Call,1180,0,0,31.0891,0,0,0
28-Oct-2025,1054.35,Put,1180,0,0,31.0891,0,0,0
28-Oct-2025,1054.35,Call,860,0,0,31.0891,0,56,0
28-Oct-2025,1054.35,Call,920,0,0,31.0891,0,164,0
28-Oct-2025,1054.35,Call,830,0,0,31.0891,0,7,0
28-Oct-2025,1054.35,Call,850,0,0,31.0891,0,6,0
28-Oct-2025,1054.35,Put,1140,0,0,31.0891,0,11,0
28-Oct-2025,1054.35,Call,840,0,0,31.0891,0,8,0
28-Oct-2025,1054.35,Call,800,0,0,31.0891,0,105,0
28-Oct-2025,1054.35,Call,880,0,0,31.0891,0,63,0
25-Nov-2025,1054.35,Put,860,0,0,31.0891,0,0,0
25-Nov-2025,1054.35,Put,890,0,0,31.0891,0,4,0
25-Nov-2025,1054.35,Call,960,0,0,31.0891,0,0,0
25-Nov-2025,1054.35,Put,1080,0,0,31.0891,0,0,0
25-Nov-2025,1054.35,Put,880,0,0,31.0891,0,0,0
25-Nov-2025,1054.35,Call,950,0,0,31.0891,0,0,0
25-Nov-2025,1054.35,Put,970,0,0,31.0891,0,0,0
25-Nov-2025,1054.35,Call,940,0,0,31.0891,0,0,0
25-Nov-2025,1054.35,Call,980,0,0,31.0891,0,0,0
25-Nov-2025,1054.35,Call,920,0,0,31.0891,0,3,0
25-Nov-2025,1054.35,Put,780,0,0,31.0891,0,14,0
25-Nov-2025,1054.35,Put,940,0,0,31.0891,0,0,0
25-Nov-2025,1054.35,Put,840,0,0,31.0891,0,0,0
25-Nov-2025,1054.35,Call,840,0,0,31.0891,0,3,0
25-Nov-2025,1054.35,Call,1070,0,0,31.0891,0,0,0
25-Nov-2025,1054.35,Put,1110,0,0,31.0891,0,0,0
25-Nov-2025,1054.35,Put,1200,0,0,31.0891,0,0,0
30-Dec-2025,1054.35,Put,980,0,0,31.0891,0,0,0
30-Dec-2025,1054.35,Call,1100,0,0,31.0891,0,0,0
30-Dec-2025,1054.35,Call,1060,0,0,31.0891,0,0,0
30-Dec-2025,1054.35,Put,1060,0,0,31.0891,0,0,0
28-Oct-2025,1054.35,Call,890,0,0,31.0891,0,16,0
30-Dec-2025,1054.35,Put,1040,0,0,31.0891,0,0,0
25-Nov-2025,1054.35,Put,1140,0,0,31.0891,0,0,0
25-Nov-2025,1054.35,Put,1070,0,0,31.0891,0,0,0
28-Oct-2025,1054.35,Call,1200,0,0,31.0891,0,0,0
28-Oct-2025,1054.35,Put,820,0,0,31.0891,0,86,0
25-Nov-2025,1054.35,Call,930,0,0,31.0891,0,0,0
25-Nov-2025,1054.35,Put,1180,0,0,31.0891,0,0,0
25-Nov-2025,1054.35,Call,890,0,0,31.0891,0,0,0
25-Nov-2025,1054.35,Call,820,0,0,31.0891,0,1,0
25-Nov-2025,1054.35,Put,1120,0,0,31.0891,0,0,0
30-Dec-2025,1054.35,Put,1000,0,0,31.0891,0,0,0
25-Nov-2025,1054.35,Call,1200,0,0,31.0891,0,0,0
30-Dec-2025,1054.35,Put,1100,0,0,31.0891,0,0,0
25-Nov-2025,1054.35,Put,800,0,0,31.0891,0,8,0
30-Dec-2025,1054.35,Put,960,0,0,31.0891,0,0,0
25-Nov-2025,1054.35,Put,1160,0,0,31.0891,0,0,0
30-Dec-2025,1054.35,Put,840,0,0,31.0891,0,0,0
25-Nov-2025,1054.35,Call,880,0,0,31.0891,0,0,0
25-Nov-2025,1054.35,Put,1130,0,0,31.0891,0,0,0
30-Dec-2025,1054.35,Call,1200,0,0,31.0891,0,0,0
30-Dec-2025,1054.35,Put,880,0,0,31.0891,0,0,0
30-Dec-2025,1054.35,Put,1020,0,0,31.0891,0,0,0
30-Dec-2025,1054.35,Call,1080,0,0,31.0891,0,0,0
30-Dec-2025,1054.35,Put,920,0,0,31.0891,0,0,0
25-Nov-2025,1054.35,Call,970,0,0,31.0891,0,0,0
30-Dec-2025,1054.35,Call,1020,0,0,31.0891,0,0,0
30-Dec-2025,1054.35,Put,1080,0,0,31.0891,0,0,0
30-Dec-2025,1054.35,Call,1040,0,0,31.0891,0,0,0
30-Dec-2025,1054.35,Call,1160,0,0,31.0891,0,0,0
30-Dec-2025,1054.35,Put,940,0,0,31.0891,0,0,0
25-Nov-2025,1054.35,Put,820,0,0,31.0891,0,0,0
