28-Oct-2025,1236.2,-,0,1232.6,0,38.477,268,22047,3950
28-Oct-2025,1236.2,Call,1240,20.8,23.65,38.477,-127,812,2274
28-Oct-2025,1236.2,Call,1220,30.55,22.7,38.477,-382,1245,1848
28-Oct-2025,1236.2,Call,1300,5.6,26.75,38.477,19,1452,1680
28-Oct-2025,1236.2,Call,1280,8.5,25.46,38.477,22,492,1132
25-Nov-2025,1236.2,-,0,1229.2,0,38.477,672,2398,1069
28-Oct-2025,1236.2,Call,1260,15.05,24.23,38.477,-37,578,1061
28-Oct-2025,1236.2,Put,1200,11.6,29.32,38.477,76,893,928
28-Oct-2025,1236.2,Call,1200,43.8,21.76,38.477,-163,595,829
28-Oct-2025,1236.2,Put,1220,18.65,29.02,38.477,71,744,821
28-Oct-2025,1236.2,Put,1180,7.1,29.7,38.477,-11,296,466
28-Oct-2025,1236.2,Put,1240,28,29.52,38.477,29,229,352
28-Oct-2025,1236.2,Put,1160,4.2,30.45,38.477,-64,232,300
28-Oct-2025,1236.2,Put,1140,2.6,32.2,38.477,30,352,250
28-Oct-2025,1236.2,Call,1320,3.8,27.76,38.477,6,327,213
28-Oct-2025,1236.2,Call,1360,1.8,30.83,38.477,95,256,195
28-Oct-2025,1236.2,Put,1260,40.7,30.46,38.477,-2,160,132
28-Oct-2025,1236.2,Call,1180,59.25,12.61,38.477,-19,70,105
28-Oct-2025,1236.2,Put,1120,1.75,34.06,38.477,-7,123,101
28-Oct-2025,1236.2,Call,1340,2.5,28.9,38.477,21,191,77
30-Dec-2025,1236.2,-,0,1228,0,38.477,12,119,67
28-Oct-2025,1236.2,Put,1100,1.2,36.54,38.477,1,353,65
28-Oct-2025,1236.2,Put,1280,56.15,32.47,38.477,-7,61,65
28-Oct-2025,1236.2,Put,1320,91,37.61,38.477,-4,15,59
28-Oct-2025,1236.2,Put,1300,70.05,35.58,38.477,-2,342,49
28-Oct-2025,1236.2,Call,1380,1.35,32.63,38.477,17,81,46
28-Oct-2025,1236.2,Put,1080,0.95,39.14,38.477,8,169,43
25-Nov-2025,1236.2,Call,1240,45.35,23.77,38.477,15,101,34
28-Oct-2025,1236.2,Call,1160,81.25,0,38.477,0,89,33
28-Oct-2025,1236.2,Call,1120,116.75,0,38.477,-2,25,26
28-Oct-2025,1236.2,Call,1140,100.15,0,38.477,-2,39,26
28-Oct-2025,1236.2,Put,1360,125.95,46.25,38.477,3,16,24
28-Oct-2025,1236.2,Put,1400,165,54.05,38.477,-4,30,22
28-Oct-2025,1236.2,Call,1400,1.05,34.11,38.477,0,361,18
25-Nov-2025,1236.2,Put,1200,33.65,33.77,38.477,0,83,14
25-Nov-2025,1236.2,Call,1300,23,25.65,38.477,-2,70,13
25-Nov-2025,1236.2,Call,1400,6.85,27.8,38.477,4,7,6
25-Nov-2025,1236.2,Call,1260,38,25.21,38.477,4,17,6
25-Nov-2025,1236.2,Put,1240,51,35.13,38.477,0,34,6
28-Oct-2025,1236.2,Put,1060,0.5,39.42,38.477,-2,126,3
25-Nov-2025,1236.2,Put,1100,8.5,35.85,38.477,0,9,3
25-Nov-2025,1236.2,Call,1220,55,22.68,38.477,1,21,2
25-Nov-2025,1236.2,Put,1160,18.5,32.49,38.477,0,20,2
25-Nov-2025,1236.2,Call,1200,55.8,12.77,38.477,1,3,2
28-Oct-2025,1236.2,Call,1440,0.45,35.69,38.477,0,10,1
28-Oct-2025,1236.2,Put,1000,0.75,54.86,38.477,0,69,1
25-Nov-2025,1236.2,Call,1360,10.8,26.46,38.477,0,0,1
25-Nov-2025,1236.2,Put,1120,10,32.32,38.477,0,1,1
25-Nov-2025,1236.2,Call,1340,15,26.87,38.477,0,8,1
25-Nov-2025,1236.2,Put,1340,129,45.51,38.477,0,3,1
28-Oct-2025,1236.2,Put,1020,0,0,38.477,0,11,0
28-Oct-2025,1236.2,Put,960,0,0,38.477,0,15,0
28-Oct-2025,1236.2,Call,1100,0,0,38.477,0,22,0
28-Oct-2025,1236.2,Put,1440,0,0,38.477,0,0,0
28-Oct-2025,1236.2,Put,1040,0,0,38.477,0,101,0
28-Oct-2025,1236.2,Put,980,0,0,38.477,0,14,0
28-Oct-2025,1236.2,Put,1340,0,0,38.477,0,19,0
28-Oct-2025,1236.2,Call,1080,0,0,38.477,0,25,0
28-Oct-2025,1236.2,Call,1480,0,0,38.477,0,15,0
28-Oct-2025,1236.2,Put,1480,0,0,38.477,0,12,0
28-Oct-2025,1236.2,Put,920,0,0,38.477,0,11,0
28-Oct-2025,1236.2,Call,1060,0,0,38.477,0,6,0
28-Oct-2025,1236.2,Call,1040,0,0,38.477,0,0,0
28-Oct-2025,1236.2,Call,1000,0,0,38.477,0,0,0
25-Nov-2025,1236.2,Call,1160,0,0,38.477,0,0,0
25-Nov-2025,1236.2,Call,1320,0,0,38.477,0,5,0
25-Nov-2025,1236.2,Put,1080,0,0,38.477,0,2,0
25-Nov-2025,1236.2,Put,1280,0,0,38.477,0,9,0
25-Nov-2025,1236.2,Call,1080,0,0,38.477,0,0,0
25-Nov-2025,1236.2,Call,1040,0,0,38.477,0,0,0
25-Nov-2025,1236.2,Call,1000,0,0,38.477,0,0,0
25-Nov-2025,1236.2,Call,1120,0,0,38.477,0,0,0
25-Nov-2025,1236.2,Put,1040,0,0,38.477,0,0,0
25-Nov-2025,1236.2,Call,1140,0,0,38.477,0,0,0
25-Nov-2025,1236.2,Put,1360,0,0,38.477,0,0,0
25-Nov-2025,1236.2,Put,1000,0,0,38.477,0,0,0
25-Nov-2025,1236.2,Put,1320,0,0,38.477,0,3,0
25-Nov-2025,1236.2,Call,1100,0,0,38.477,0,0,0
25-Nov-2025,1236.2,Put,1400,0,0,38.477,0,0,0
25-Nov-2025,1236.2,Put,1440,0,0,38.477,0,0,0
25-Nov-2025,1236.2,Put,1260,0,0,38.477,0,11,0
25-Nov-2025,1236.2,Put,1220,0,0,38.477,0,0,0
25-Nov-2025,1236.2,Call,1180,0,0,38.477,0,1,0
25-Nov-2025,1236.2,Put,1300,0,0,38.477,0,4,0
25-Nov-2025,1236.2,Put,1140,0,0,38.477,0,0,0
30-Dec-2025,1236.2,Put,1120,0,0,38.477,0,0,0
25-Nov-2025,1236.2,Call,1280,0,0,38.477,0,7,0
25-Nov-2025,1236.2,Call,1440,0,0,38.477,0,0,0
25-Nov-2025,1236.2,Put,1180,0,0,38.477,0,6,0
30-Dec-2025,1236.2,Put,1160,0,0,38.477,0,0,0
30-Dec-2025,1236.2,Call,1200,0,0,38.477,0,0,0
30-Dec-2025,1236.2,Call,1320,0,0,38.477,0,0,0
30-Dec-2025,1236.2,Put,1200,0,0,38.477,0,0,0
30-Dec-2025,1236.2,Put,1240,0,0,38.477,0,0,0
30-Dec-2025,1236.2,Put,1280,0,0,38.477,0,0,0
30-Dec-2025,1236.2,Call,1240,0,0,38.477,0,0,0
30-Dec-2025,1236.2,Call,1280,0,0,38.477,0,0,0
30-Dec-2025,1236.2,Call,1360,0,0,38.477,0,0,0
