28-Oct-2025,234.49,Call,240,3.05,27.99,45.9985,25,1587,883
28-Oct-2025,234.49,-,0,235,0,45.9985,-47,21872,808
28-Oct-2025,234.49,Call,235,5.1,28.05,45.9985,-42,493,771
28-Oct-2025,234.49,Put,230,2.8,28.94,45.9985,8,525,322
28-Oct-2025,234.49,Put,235,4.9,28.82,45.9985,36,448,290
28-Oct-2025,234.49,Call,237.5,3.95,28.15,45.9985,-36,239,251
28-Oct-2025,234.49,Call,250,1,30.58,45.9985,-13,2283,234
28-Oct-2025,234.49,Call,245,1.75,29.2,45.9985,11,975,213
28-Oct-2025,234.49,Put,240,8,29.5,45.9985,74,877,207
28-Oct-2025,234.49,Call,230,7.95,27.56,45.9985,-19,293,168
28-Oct-2025,234.49,Call,232.5,6.3,27.67,45.9985,-12,119,162
28-Oct-2025,234.49,Put,232.5,3.75,29,45.9985,-6,124,159
28-Oct-2025,234.49,Put,225,1.5,29.37,45.9985,-5,370,155
28-Oct-2025,234.49,Put,220,0.85,30.52,45.9985,1,459,154
28-Oct-2025,234.49,Call,242.5,2.35,29.22,45.9985,11,409,133
28-Oct-2025,234.49,Call,260,0.4,33.53,45.9985,-29,701,105
25-Nov-2025,234.49,-,0,236.1,0,45.9985,3,878,84
28-Oct-2025,234.49,Call,227.5,9.65,28.59,45.9985,-12,60,53
28-Oct-2025,234.49,Put,227.5,2.15,29.35,45.9985,6,147,53
28-Oct-2025,234.49,Put,237.5,6.4,28.97,45.9985,-1,172,48
28-Oct-2025,234.49,Call,220,16.1,28.23,45.9985,-2,147,29
28-Oct-2025,234.49,Call,280,0.1,41.71,45.9985,-9,311,23
28-Oct-2025,234.49,Call,225,11.7,27.7,45.9985,-1,119,22
28-Oct-2025,234.49,Call,247.5,1.3,29.26,45.9985,4,243,20
28-Oct-2025,234.49,Call,255,0.6,32.56,45.9985,-3,381,20
25-Nov-2025,234.49,Call,240,8,29.57,45.9985,10,60,19
28-Oct-2025,234.49,Put,245,11.45,30.76,45.9985,-1,390,17
28-Oct-2025,234.49,Put,250,15.5,30.94,45.9985,-2,246,17
28-Oct-2025,234.49,Put,260,24.95,37.14,45.9985,-4,310,16
28-Oct-2025,234.49,Call,217.5,18.35,27.75,45.9985,1,7,15
28-Oct-2025,234.49,Call,265,0.3,36.33,45.9985,-5,243,14
28-Oct-2025,234.49,Put,222.5,1.1,30.42,45.9985,6,126,14
25-Nov-2025,234.49,Put,200,0.85,35.43,45.9985,8,37,13
28-Oct-2025,234.49,Put,247.5,13.5,31.49,45.9985,-2,105,11
28-Oct-2025,234.49,Put,255,20.25,35,45.9985,-1,88,10
25-Nov-2025,234.49,Put,220,3.5,32.41,45.9985,2,44,10
28-Oct-2025,234.49,Call,222.5,13.75,26.39,45.9985,1,36,8
28-Oct-2025,234.49,Call,257.5,0.5,32.6,45.9985,0,93,8
28-Oct-2025,234.49,Put,252.5,18.65,40.14,45.9985,-2,50,8
28-Oct-2025,234.49,Call,252.5,0.8,30.75,45.9985,-2,174,8
28-Oct-2025,234.49,Put,210,0.3,36.48,45.9985,1,225,7
25-Nov-2025,234.49,Put,225,4.8,31.84,45.9985,-1,26,6
28-Oct-2025,234.49,Put,242.5,9.25,28.34,45.9985,0,104,5
28-Oct-2025,234.49,Put,215,0.4,33.18,45.9985,0,181,4
25-Nov-2025,234.49,Put,230,6.25,30.64,45.9985,1,66,4
30-Dec-2025,234.49,-,0,238.03,0,45.9985,-2,135,3
28-Oct-2025,234.49,Put,257.5,22.6,36.27,45.9985,0,36,3
28-Oct-2025,234.49,Put,200,0.15,43.38,45.9985,0,237,3
25-Nov-2025,234.49,Call,250,4.7,30.06,45.9985,-1,43,3
28-Oct-2025,234.49,Put,217.5,0.65,32.82,45.9985,1,21,2
25-Nov-2025,234.49,Call,255,3.5,30.29,45.9985,0,25,2
25-Nov-2025,234.49,Call,230,13.15,28.7,45.9985,-1,4,2
28-Oct-2025,234.49,Call,270,0.2,38.05,45.9985,0,533,1
25-Nov-2025,234.49,Call,270,1.5,31.96,45.9985,0,33,1
25-Nov-2025,234.49,Put,235,8.6,0,45.9985,0,12,1
25-Nov-2025,234.49,Call,245,6.4,30.42,45.9985,0,8,1
25-Nov-2025,234.49,Call,260,2.65,30.87,45.9985,0,74,1
28-Oct-2025,234.49,Call,215,0,0,45.9985,0,35,0
28-Oct-2025,234.49,Put,265,0,0,45.9985,0,59,0
28-Oct-2025,234.49,Put,180,0,0,45.9985,0,34,0
28-Oct-2025,234.49,Call,210,0,0,45.9985,0,80,0
28-Oct-2025,234.49,Put,280,0,0,45.9985,0,120,0
28-Oct-2025,234.49,Put,270,0,0,45.9985,0,89,0
28-Oct-2025,234.49,Call,195,0,0,45.9985,0,0,0
28-Oct-2025,234.49,Put,170,0,0,45.9985,0,31,0
28-Oct-2025,234.49,Call,180,0,0,45.9985,0,0,0
28-Oct-2025,234.49,Call,262.5,0,0,45.9985,0,45,0
28-Oct-2025,234.49,Call,200,0,0,45.9985,0,42,0
28-Oct-2025,234.49,Put,262.5,0,0,45.9985,0,30,0
28-Oct-2025,234.49,Put,205,0,0,45.9985,0,46,0
28-Oct-2025,234.49,Call,205,0,0,45.9985,0,10,0
28-Oct-2025,234.49,Call,267.5,0,0,45.9985,0,19,0
28-Oct-2025,234.49,Put,195,0,0,45.9985,0,9,0
28-Oct-2025,234.49,Put,267.5,0,0,45.9985,0,17,0
28-Oct-2025,234.49,Put,212.5,0,0,45.9985,0,0,0
25-Nov-2025,234.49,Call,252.5,0,0,45.9985,0,0,0
28-Oct-2025,234.49,Put,275,0,0,45.9985,0,2,0
25-Nov-2025,234.49,Put,270,0,0,45.9985,0,13,0
28-Oct-2025,234.49,Call,275,0,0,45.9985,0,71,0
25-Nov-2025,234.49,Call,257.5,0,0,45.9985,0,0,0
28-Oct-2025,234.49,Call,212.5,0,0,45.9985,0,0,0
25-Nov-2025,234.49,Put,195,0,0,0,0,0,0
25-Nov-2025,234.49,Put,205,0,0,45.9985,0,0,0
25-Nov-2025,234.49,Call,275,0,0,45.9985,0,0,0
25-Nov-2025,234.49,Put,215,0,0,45.9985,0,0,0
25-Nov-2025,234.49,Put,245,0,0,45.9985,0,8,0
25-Nov-2025,234.49,Put,217.5,0,0,45.9985,0,0,0
25-Nov-2025,234.49,Call,265,0,0,45.9985,0,6,0
25-Nov-2025,234.49,Put,227.5,0,0,45.9985,0,0,0
25-Nov-2025,234.49,Put,232.5,0,0,45.9985,0,0,0
25-Nov-2025,234.49,Put,280,0,0,45.9985,0,0,0
25-Nov-2025,234.49,Put,210,0,0,45.9985,0,3,0
25-Nov-2025,234.49,Put,222.5,0,0,45.9985,0,1,0
25-Nov-2025,234.49,Call,247.5,0,0,45.9985,0,0,0
25-Nov-2025,234.49,Call,262.5,0,0,45.9985,0,0,0
25-Nov-2025,234.49,Put,267.5,0,0,45.9985,0,0,0
25-Nov-2025,234.49,Call,212.5,0,0,45.9985,0,0,0
25-Nov-2025,234.49,Call,220,0,0,45.9985,0,3,0
25-Nov-2025,234.49,Call,195,0,0,0,0,0,0
25-Nov-2025,234.49,Put,262.5,0,0,45.9985,0,0,0
25-Nov-2025,234.49,Call,235,0,0,45.9985,0,5,0
25-Nov-2025,234.49,Put,212.5,0,0,45.9985,0,0,0
25-Nov-2025,234.49,Put,242.5,0,0,45.9985,0,1,0
25-Nov-2025,234.49,Put,240,0,0,45.9985,0,31,0
25-Nov-2025,234.49,Call,237.5,0,0,45.9985,0,0,0
25-Nov-2025,234.49,Put,255,0,0,45.9985,0,3,0
25-Nov-2025,234.49,Put,247.5,0,0,45.9985,0,0,0
25-Nov-2025,234.49,Call,215,0,0,45.9985,0,0,0
25-Nov-2025,234.49,Put,237.5,0,0,45.9985,0,0,0
25-Nov-2025,234.49,Put,257.5,0,0,45.9985,0,0,0
25-Nov-2025,234.49,Put,252.5,0,0,45.9985,0,0,0
25-Nov-2025,234.49,Put,265,0,0,45.9985,0,0,0
25-Nov-2025,234.49,Put,275,0,0,45.9985,0,0,0
25-Nov-2025,234.49,Call,217.5,0,0,45.9985,0,0,0
25-Nov-2025,234.49,Call,205,0,0,45.9985,0,0,0
25-Nov-2025,234.49,Call,267.5,0,0,45.9985,0,0,0
25-Nov-2025,234.49,Call,225,0,0,45.9985,0,0,0
25-Nov-2025,234.49,Put,250,0,0,45.9985,0,30,0
30-Dec-2025,234.49,Put,215,0,0,45.9985,0,0,0
25-Nov-2025,234.49,Call,210,0,0,45.9985,0,20,0
25-Nov-2025,234.49,Call,222.5,0,0,45.9985,0,0,0
25-Nov-2025,234.49,Call,227.5,0,0,45.9985,0,0,0
25-Nov-2025,234.49,Call,242.5,0,0,45.9985,0,0,0
25-Nov-2025,234.49,Call,280,0,0,45.9985,0,0,0
25-Nov-2025,234.49,Call,232.5,0,0,45.9985,0,0,0
30-Dec-2025,234.49,Call,260,0,0,45.9985,0,0,0
30-Dec-2025,234.49,Put,245,0,0,45.9985,0,0,0
30-Dec-2025,234.49,Call,245,0,0,45.9985,0,0,0
25-Nov-2025,234.49,Call,200,0,0,45.9985,0,0,0
30-Dec-2025,234.49,Call,235,0,0,45.9985,0,0,0
30-Dec-2025,234.49,Put,250,0,0,45.9985,0,0,0
30-Dec-2025,234.49,Call,240,0,0,45.9985,0,0,0
30-Dec-2025,234.49,Call,225,0,0,45.9985,0,0,0
25-Nov-2025,234.49,Put,260,0,0,45.9985,0,46,0
30-Dec-2025,234.49,Put,220,0,0,45.9985,0,0,0
30-Dec-2025,234.49,Put,235,0,0,45.9985,0,0,0
30-Dec-2025,234.49,Put,230,0,0,45.9985,0,0,0
30-Dec-2025,234.49,Put,225,0,0,45.9985,0,0,0
30-Dec-2025,234.49,Put,210,0,0,45.9985,0,0,0
30-Dec-2025,234.49,Call,255,0,0,45.9985,0,0,0
30-Dec-2025,234.49,Call,230,0,0,45.9985,0,0,0
30-Dec-2025,234.49,Call,265,0,0,45.9985,0,0,0
30-Dec-2025,234.49,Call,250,0,0,45.9985,0,0,0
30-Dec-2025,234.49,Put,240,0,0,45.9985,0,0,0
30-Dec-2025,234.49,Call,270,0,0,45.9985,0,1,0
