28-Oct-2025,766.35,-,0,769.5,0,33.1711,50,46582,1045
28-Oct-2025,766.35,Call,780,9,22.74,33.1711,-104,2170,660
28-Oct-2025,766.35,Call,770,13.35,22.82,33.1711,-64,1408,576
28-Oct-2025,766.35,Call,800,3.85,23.77,33.1711,-62,2600,527
28-Oct-2025,766.35,Put,740,3.95,24.88,33.1711,-22,460,432
28-Oct-2025,766.35,Call,760,18.65,22.48,33.1711,-77,776,397
28-Oct-2025,766.35,Put,760,9.3,24.12,33.1711,57,670,352
28-Oct-2025,766.35,Call,790,5.95,22.91,33.1711,-13,1027,326
28-Oct-2025,766.35,Put,750,6.25,23.91,33.1711,51,1054,277
28-Oct-2025,766.35,Put,770,13.7,23.58,33.1711,2,780,231
28-Oct-2025,766.35,Call,810,2.5,24.49,33.1711,0,1193,150
25-Nov-2025,766.35,-,0,773.55,0,33.1711,30,977,119
28-Oct-2025,766.35,Call,750,25.35,23.78,33.1711,-22,684,113
28-Oct-2025,766.35,Call,830,1.15,26.84,33.1711,8,431,107
28-Oct-2025,766.35,Put,780,19.95,24.4,33.1711,-21,880,97
28-Oct-2025,766.35,Call,740,32.65,22.87,33.1711,-15,116,89
28-Oct-2025,766.35,Put,720,1.6,26.79,33.1711,8,971,67
28-Oct-2025,766.35,Put,730,2.55,25.71,33.1711,-6,447,61
28-Oct-2025,766.35,Call,820,1.8,25.65,33.1711,7,786,47
28-Oct-2025,766.35,Put,710,1.1,28.4,33.1711,5,271,43
28-Oct-2025,766.35,Call,840,0.9,28.28,33.1711,9,607,42
28-Oct-2025,766.35,Put,700,0.8,29.94,33.1711,-6,943,25
28-Oct-2025,766.35,Put,790,26.15,23.23,33.1711,0,427,22
28-Oct-2025,766.35,Put,800,34.95,23.13,33.1711,4,250,18
30-Dec-2025,766.35,-,0,777.5,0,33.1711,-4,136,16
28-Oct-2025,766.35,Call,860,0.5,30.75,33.1711,1,646,15
28-Oct-2025,766.35,Call,850,0.8,30.56,33.1711,0,313,12
25-Nov-2025,766.35,Put,760,19,25.55,33.1711,8,36,12
28-Oct-2025,766.35,Call,720,50.95,26.53,33.1711,0,74,9
28-Oct-2025,766.35,Call,730,42,25.88,33.1711,4,142,8
25-Nov-2025,766.35,Put,750,15.5,25.98,33.1711,2,12,7
28-Oct-2025,766.35,Call,700,70.05,29.65,33.1711,0,139,5
28-Oct-2025,766.35,Put,680,0.35,32.38,33.1711,-1,430,3
25-Nov-2025,766.35,Call,770,27.95,24.63,33.1711,0,28,3
25-Nov-2025,766.35,Call,800,15.65,24.97,33.1711,1,100,3
25-Nov-2025,766.35,Call,760,31.5,22.72,33.1711,0,71,3
28-Oct-2025,766.35,Call,710,60.6,29.08,33.1711,1,34,2
28-Oct-2025,766.35,Put,840,71.35,29.69,33.1711,1,31,2
25-Nov-2025,766.35,Call,880,2.55,26.57,33.1711,1,36,2
25-Nov-2025,766.35,Call,850,5.45,26.31,33.1711,0,51,2
25-Nov-2025,766.35,Call,780,23.1,24.25,33.1711,-1,43,2
25-Nov-2025,766.35,Call,820,9.85,24.84,33.1711,0,41,2
28-Oct-2025,766.35,Call,880,0.3,33.25,33.1711,0,480,1
25-Nov-2025,766.35,Put,770,24,26.06,33.1711,0,8,1
25-Nov-2025,766.35,Put,800,43,28.13,33.1711,0,31,1
28-Oct-2025,766.35,Call,600,0,0,33.1711,0,2,0
28-Oct-2025,766.35,Call,620,0,0,33.1711,0,1,0
28-Oct-2025,767.1,Call,640,0,0,33.1711,0,0,0
28-Oct-2025,766.35,Put,820,0,0,33.1711,0,118,0
28-Oct-2025,766.35,Put,850,0,0,33.1711,0,55,0
28-Oct-2025,766.35,Put,650,0,0,33.1711,0,139,0
28-Oct-2025,766.35,Call,690,0,0,33.1711,0,18,0
28-Oct-2025,766.35,Put,660,0,0,33.1711,0,25,0
28-Oct-2025,766.35,Put,900,0,0,33.1711,0,4,0
28-Oct-2025,766.35,Call,660,0,0,33.1711,0,23,0
28-Oct-2025,766.35,Call,650,0,0,33.1711,0,15,0
28-Oct-2025,766.35,Call,670,0,0,33.1711,0,15,0
28-Oct-2025,766.35,Put,690,0,0,33.1711,0,358,0
28-Oct-2025,766.35,Put,670,0,0,33.1711,0,81,0
28-Oct-2025,766.35,Put,860,0,0,33.1711,0,8,0
28-Oct-2025,766.35,Put,880,0,0,33.1711,0,0,0
28-Oct-2025,766.35,Put,830,0,0,33.1711,0,14,0
25-Nov-2025,766.35,Call,790,0,0,33.1711,0,8,0
28-Oct-2025,766.35,Put,600,0,0,33.1711,0,34,0
25-Nov-2025,766.35,Call,740,0,0,33.1711,0,0,0
28-Oct-2025,766.35,Put,640,0,0,33.1711,0,0,0
28-Oct-2025,766.35,Call,900,0,0,33.1711,0,61,0
25-Nov-2025,766.35,Call,700,0,0,33.1711,0,1,0
25-Nov-2025,766.35,Put,710,0,0,33.1711,0,50,0
25-Nov-2025,766.35,Put,680,0,0,33.1711,0,65,0
28-Oct-2025,766.35,Put,620,0,0,33.1711,0,23,0
25-Nov-2025,766.35,Call,680,0,0,33.1711,0,3,0
25-Nov-2025,766.35,Call,640,0,0,33.1711,0,0,0
25-Nov-2025,766.35,Put,730,0,0,33.1711,0,95,0
25-Nov-2025,766.35,Put,720,0,0,33.1711,0,0,0
25-Nov-2025,766.35,Put,830,0,0,33.1711,0,0,0
25-Nov-2025,766.35,Put,810,0,0,33.1711,0,4,0
25-Nov-2025,766.35,Call,900,0,0,33.1711,0,14,0
25-Nov-2025,766.35,Call,750,0,0,33.1711,0,2,0
25-Nov-2025,766.35,Put,900,0,0,33.1711,0,0,0
25-Nov-2025,766.35,Call,830,0,0,33.1711,0,28,0
25-Nov-2025,766.35,Put,860,0,0,33.1711,0,0,0
25-Nov-2025,766.35,Call,710,0,0,33.1711,0,0,0
25-Nov-2025,766.35,Call,810,0,0,33.1711,0,18,0
25-Nov-2025,766.35,Put,660,0,0,33.1711,0,2,0
25-Nov-2025,766.35,Put,790,0,0,33.1711,0,1,0
25-Nov-2025,766.35,Put,700,0,0,33.1711,0,185,0
30-Dec-2025,766.35,Call,860,0,0,33.1711,0,0,0
30-Dec-2025,766.35,Call,780,0,0,33.1711,0,0,0
30-Dec-2025,766.35,Put,740,0,0,33.1711,0,0,0
25-Nov-2025,766.35,Put,740,0,0,33.1711,0,8,0
25-Nov-2025,767.1,Put,820,0,0,33.1711,0,14,0
25-Nov-2025,766.35,Call,720,0,0,33.1711,0,4,0
25-Nov-2025,766.35,Put,690,0,0,33.1711,0,1,0
28-Oct-2025,766.35,Call,680,0,0,33.1711,0,15,0
25-Nov-2025,766.35,Call,690,0,0,33.1711,0,0,0
25-Nov-2025,766.35,Put,840,0,0,33.1711,0,0,0
25-Nov-2025,766.35,Put,850,0,0,33.1711,0,2,0
25-Nov-2025,766.35,Put,640,0,0,33.1711,0,0,0
28-Oct-2025,766.35,Put,810,0,0,33.1711,0,102,0
30-Dec-2025,766.35,Call,800,0,0,33.1711,0,0,0
30-Dec-2025,766.35,Put,760,0,0,33.1711,0,0,0
25-Nov-2025,767.1,Put,880,0,0,33.1711,0,0,0
25-Nov-2025,766.35,Call,840,0,0,33.1711,0,4,0
30-Dec-2025,766.35,Call,760,0,0,33.1711,0,0,0
30-Dec-2025,766.35,Put,720,0,0,33.1711,0,0,0
30-Dec-2025,766.35,Put,780,0,0,33.1711,0,0,0
25-Nov-2025,767.1,Put,780,0,0,33.1711,0,8,0
25-Nov-2025,766.35,Call,660,0,0,33.1711,0,0,0
30-Dec-2025,766.35,Call,820,0,0,33.1711,0,3,0
25-Nov-2025,766.35,Call,730,0,0,33.1711,0,0,0
30-Dec-2025,766.35,Put,800,0,0,33.1711,0,0,0
30-Dec-2025,766.35,Call,840,0,0,33.1711,0,0,0
25-Nov-2025,766.35,Call,860,0,0,33.1711,0,17,0
