28-Oct-2025,153,-,0,153.43,0,32.1223,244,20082,634
28-Oct-2025,153,Call,155,2.25,25.99,32.1223,47,1366,483
28-Oct-2025,153,Call,160,0.9,26.72,32.1223,14,1188,189
28-Oct-2025,153,Put,152.5,2.4,24.84,32.1223,-2,183,172
28-Oct-2025,153,Call,150,4.85,24.58,32.1223,-18,912,155
28-Oct-2025,153,Put,154,3.2,25.33,32.1223,12,147,154
28-Oct-2025,153,Call,153,3.1,25.38,32.1223,6,122,152
28-Oct-2025,153,Put,155,3.8,25.65,32.1223,0,804,125
25-Nov-2025,153,-,0,154.21,0,32.1223,35,1137,124
28-Oct-2025,153,Call,154,2.65,25.26,32.1223,8,177,119
28-Oct-2025,153,Call,152.5,3.4,25.26,32.1223,4,212,106
28-Oct-2025,153,Call,156,1.9,25.84,32.1223,2,514,105
28-Oct-2025,153,Put,150,1.45,25.01,32.1223,-11,907,105
28-Oct-2025,153,Call,152,3.7,25.47,32.1223,-3,84,86
28-Oct-2025,153,Call,157,1.5,26.16,32.1223,-4,309,73
28-Oct-2025,153,Put,153,2.7,24.98,32.1223,4,136,62
28-Oct-2025,153,Call,151,4.35,25.99,32.1223,3,63,46
28-Oct-2025,153,Call,165,0.35,28.5,32.1223,3,551,34
25-Nov-2025,153,Call,160,2.85,24.37,32.1223,17,361,32
28-Oct-2025,153,Put,151,1.8,25.49,32.1223,-1,86,28
28-Oct-2025,153,Put,145,0.45,26.03,32.1223,4,391,25
28-Oct-2025,153,Call,159,1.05,26.57,32.1223,5,146,25
25-Nov-2025,153,Put,145,1.55,24.82,32.1223,7,26,21
28-Oct-2025,153,Put,156,4.4,25.51,32.1223,-4,133,19
28-Oct-2025,153,Put,140,0.2,30.57,32.1223,5,435,19
28-Oct-2025,153,Call,170,0.15,30.92,32.1223,0,712,19
28-Oct-2025,153,Call,157.5,1.45,26.16,32.1223,2,197,18
28-Oct-2025,153,Put,157.5,5.45,25.86,32.1223,-10,104,16
28-Oct-2025,153,Put,157,5.2,26.81,32.1223,-3,80,16
28-Oct-2025,153,Put,158,5.8,25.76,32.1223,-5,27,14
28-Oct-2025,153,Call,161,0.75,27.11,32.1223,1,129,14
30-Dec-2025,153,-,0,154.9,0,32.1223,2,123,13
28-Oct-2025,153,Call,168,0.2,29.67,32.1223,1,159,13
28-Oct-2025,153,Call,174,0.1,34.05,32.1223,0,62,12
28-Oct-2025,153,Put,147.5,0.85,25.71,32.1223,0,201,12
25-Nov-2025,153,Call,155,4.75,24.32,32.1223,-1,286,12
28-Oct-2025,153,Put,165,12.1,33.02,32.1223,4,202,9
28-Oct-2025,153,Call,148,6.5,26.88,32.1223,-2,30,9
28-Oct-2025,153,Put,152,2.25,25.47,32.1223,4,135,9
25-Nov-2025,153,Put,150,3.15,25.43,32.1223,3,149,9
28-Oct-2025,153,Call,147.5,6.7,24.65,32.1223,-1,115,8
28-Oct-2025,153,Put,146,0.6,26.11,32.1223,3,54,8
28-Oct-2025,153,Call,167,0.25,29.53,32.1223,-5,31,8
25-Nov-2025,153,Put,140,0.75,25.49,32.1223,4,140,8
28-Oct-2025,153,Put,162.5,9.5,26.41,32.1223,1,25,7
28-Oct-2025,153,Put,142,0.2,26.75,32.1223,3,97,7
28-Oct-2025,153,Call,158,1.4,27.07,32.1223,1,99,7
28-Oct-2025,153,Call,142.5,11.45,33.13,32.1223,1,102,6
28-Oct-2025,153,Call,144,10.05,31.29,32.1223,1,19,6
28-Oct-2025,153,Put,162,8.9,23.72,32.1223,-5,29,6
28-Oct-2025,153,Put,160,7.5,27.65,32.1223,0,202,6
28-Oct-2025,153,Call,164,0.45,28.62,32.1223,0,84,5
28-Oct-2025,153,Call,147,7.2,25.96,32.1223,2,66,5
28-Oct-2025,153,Call,166,0.3,29.12,32.1223,-1,39,5
28-Oct-2025,153,Put,161,8.05,24.08,32.1223,-1,23,5
28-Oct-2025,153,Put,163,9.8,23.71,32.1223,0,8,5
28-Oct-2025,153,Put,142.5,0.25,27.15,32.1223,0,182,5
28-Oct-2025,153,Call,145,9.15,30.37,32.1223,-2,400,5
25-Nov-2025,153,Call,165,1.7,25.23,32.1223,1,73,5
28-Oct-2025,153,Call,162.5,0.6,28.17,32.1223,0,119,4
28-Oct-2025,153,Call,149,5.85,27.72,32.1223,-1,41,4
28-Oct-2025,153,Call,141,13.25,41.84,32.1223,3,7,4
28-Oct-2025,153,Call,143,10.85,30.11,32.1223,-1,7,4
28-Oct-2025,153,Put,149,1.15,25.51,32.1223,0,79,4
28-Oct-2025,153,Put,159,6.55,25.74,32.1223,0,42,4
28-Oct-2025,153,Put,132.5,0.05,35.74,32.1223,0,12,4
28-Oct-2025,153,Put,170,16.4,0,32.1223,0,124,4
28-Oct-2025,153,Call,146,8.6,33.66,32.1223,0,15,3
28-Oct-2025,153,Put,166,12.55,20.64,32.1223,2,5,3
28-Oct-2025,153,Put,164,10.7,23.16,32.1223,0,20,3
28-Oct-2025,153,Call,163,0.5,28.39,32.1223,0,60,3
28-Oct-2025,153,Call,162,0.65,27.88,32.1223,-1,203,3
25-Nov-2025,153,Call,170,1.05,26.56,32.1223,0,137,3
25-Nov-2025,153,Call,150,7.7,25.24,32.1223,0,71,3
25-Nov-2025,153,Call,178,0.45,27.98,32.1223,1,59,3
28-Oct-2025,153,Put,141,0.2,28.66,32.1223,0,22,2
28-Oct-2025,153,Put,148,0.9,24.98,32.1223,0,156,2
28-Oct-2025,153,Put,147,0.75,25.73,32.1223,0,84,2
28-Oct-2025,153,Put,137.5,0.1,31.03,32.1223,0,112,2
28-Oct-2025,153,Call,142,12.3,40.13,32.1223,0,7,1
28-Oct-2025,153,Put,144,0.3,25.29,32.1223,0,36,1
28-Oct-2025,153,Call,172,0.15,33.73,32.1223,0,343,1
28-Oct-2025,153,Call,176,0.05,33.03,32.1223,0,208,1
28-Oct-2025,153,Put,135,0.1,35.34,32.1223,0,173,1
28-Oct-2025,153,Put,130,0.05,39.76,32.1223,0,161,1
25-Nov-2025,153,Call,166,1.45,24.87,32.1223,0,8,1
25-Nov-2025,153,Put,147,2.05,24.75,32.1223,0,12,1
28-Oct-2025,153,Call,130,0,0,32.1223,0,21,0
28-Oct-2025,153,Put,125,0,0,32.1223,0,13,0
28-Oct-2025,153,Call,127,0,0,32.1223,0,5,0
28-Oct-2025,153,Call,120,0,0,32.1223,0,43,0
28-Oct-2025,153,Put,178,0,0,32.1223,0,21,0
28-Oct-2025,153,Call,178,0,0,32.1223,0,6,0
28-Oct-2025,153,Call,137.5,0,0,32.1223,0,12,0
28-Oct-2025,153,Put,143,0,0,32.1223,0,24,0
28-Oct-2025,153,Put,128,0,0,32.1223,0,1,0
28-Oct-2025,153,Put,134,0,0,32.1223,0,0,0
28-Oct-2025,153,Call,128,0,0,32.1223,0,0,0
28-Oct-2025,153,Call,136,0,0,32.1223,0,1,0
28-Oct-2025,153,Call,138,0,0,32.1223,0,2,0
28-Oct-2025,153,Call,134,0,0,32.1223,0,0,0
28-Oct-2025,153,Put,132,0,0,32.1223,0,0,0
28-Oct-2025,153,Put,168,0,0,32.1223,0,0,0
28-Oct-2025,153,Put,172,0,0,32.1223,0,0,0
28-Oct-2025,153,Put,136,0,0,32.1223,0,24,0
28-Oct-2025,153,Put,138,0,0,32.1223,0,13,0
28-Oct-2025,153,Put,167,0,0,32.1223,0,0,0
28-Oct-2025,153,Call,132,0,0,32.1223,0,0,0
28-Oct-2025,153,Call,139,0,0,32.1223,0,9,0
28-Oct-2025,153,Call,140,0,0,32.1223,0,155,0
28-Oct-2025,153,Put,120,0,0,32.1223,0,60,0
28-Oct-2025,153,Put,176,0,0,32.1223,0,6,0
28-Oct-2025,153,Call,132.5,0,0,32.1223,0,5,0
28-Oct-2025,153,Put,115,0,0,32.1223,0,49,0
28-Oct-2025,153,Put,139,0,0,32.1223,0,18,0
28-Oct-2025,153,Put,174,0,0,32.1223,0,0,0
28-Oct-2025,153,Call,125,0,0,32.1223,0,10,0
28-Oct-2025,153,Put,127.5,0,0,32.1223,0,18,0
28-Oct-2025,153,Call,135,0,0,32.1223,0,27,0
25-Nov-2025,153,Put,166,0,0,32.1223,0,0,0
25-Nov-2025,153,Call,130,0,0,32.1223,0,0,0
25-Nov-2025,153,Put,170,0,0,32.1223,0,10,0
25-Nov-2025,153,Put,155,0,0,32.1223,0,126,0
25-Nov-2025,153,Put,160,0,0,32.1223,0,43,0
25-Nov-2025,153,Call,128,0,0,32.1223,0,0,0
25-Nov-2025,153,Call,132,0,0,32.1223,0,0,0
25-Nov-2025,153,Call,134,0,0,32.1223,0,0,0
25-Nov-2025,153,Call,136,0,0,32.1223,0,0,0
25-Nov-2025,153,Put,168,0,0,32.1223,0,0,0
25-Nov-2025,153,Put,172,0,0,32.1223,0,0,0
25-Nov-2025,153,Call,163,0,0,32.1223,0,0,0
25-Nov-2025,153,Call,167,0,0,32.1223,0,1,0
25-Nov-2025,153,Put,130,0,0,32.1223,0,19,0
25-Nov-2025,153,Call,140,0,0,32.1223,0,7,0
25-Nov-2025,153,Call,174,0,0,32.1223,0,0,0
25-Nov-2025,153,Put,141,0,0,32.1223,0,0,0
25-Nov-2025,153,Put,142,0,0,32.1223,0,0,0
25-Nov-2025,153,Put,143,0,0,32.1223,0,0,0
25-Nov-2025,153,Put,144,0,0,32.1223,0,5,0
25-Nov-2025,153,Call,161,0,0,32.1223,0,0,0
25-Nov-2025,153,Call,162,0,0,32.1223,0,7,0
25-Nov-2025,153,Call,164,0,0,32.1223,0,0,0
25-Nov-2025,153,Call,168,0,0,32.1223,0,0,0
25-Nov-2025,153,Call,172,0,0,32.1223,0,0,0
25-Nov-2025,153,Call,145,0,0,32.1223,0,2,0
25-Nov-2025,153,Put,136,0,0,32.1223,0,0,0
25-Nov-2025,153,Put,165,0,0,32.1223,0,1,0
25-Nov-2025,153,Put,174,0,0,32.1223,0,0,0
25-Nov-2025,153,Put,176,0,0,32.1223,0,0,0
25-Nov-2025,153,Put,134,0,0,32.1223,0,0,0
25-Nov-2025,153,Put,163,0,0,32.1223,0,0,0
25-Nov-2025,153,Put,167,0,0,32.1223,0,0,0
25-Nov-2025,153,Call,176,0,0,32.1223,0,1,0
25-Nov-2025,153,Put,138,0,0,32.1223,0,0,0
25-Nov-2025,153,Put,139,0,0,32.1223,0,0,0
25-Nov-2025,153,Call,141,0,0,32.1223,0,0,0
25-Nov-2025,153,Put,153,0,0,32.1223,0,0,0
25-Nov-2025,153,Call,157,0,0,32.1223,0,0,0
25-Nov-2025,153,Put,158,0,0,32.1223,0,0,0
25-Nov-2025,153,Put,159,0,0,32.1223,0,0,0
25-Nov-2025,153,Put,162,0,0,32.1223,0,2,0
30-Dec-2025,153,Call,160,0,0,32.1223,0,26,0
30-Dec-2025,153,Put,146,0,0,32.1223,0,0,0
25-Nov-2025,153,Call,143,0,0,32.1223,0,0,0
25-Nov-2025,153,Put,132,0,0,32.1223,0,0,0
30-Dec-2025,153,Put,148,0,0,32.1223,0,4,0
25-Nov-2025,153,Put,146,0,0,32.1223,0,0,0
25-Nov-2025,153,Call,138,0,0,32.1223,0,0,0
25-Nov-2025,153,Put,178,0,0,32.1223,0,0,0
25-Nov-2025,153,Call,144,0,0,32.1223,0,0,0
25-Nov-2025,153,Call,147,0,0,32.1223,0,0,0
25-Nov-2025,153,Call,142,0,0,32.1223,0,2,0
30-Dec-2025,153,Put,140,0,0,32.1223,0,0,0
25-Nov-2025,153,Call,153,0,0,32.1223,0,4,0
30-Dec-2025,153,Call,140,0,0,32.1223,0,0,0
25-Nov-2025,153,Call,146,0,0,32.1223,0,0,0
25-Nov-2025,153,Put,152,0,0,32.1223,0,4,0
25-Nov-2025,153,Call,139,0,0,32.1223,0,0,0
25-Nov-2025,153,Put,148,0,0,32.1223,0,0,0
25-Nov-2025,153,Call,149,0,0,32.1223,0,0,0
25-Nov-2025,153,Put,157,0,0,32.1223,0,0,0
25-Nov-2025,153,Put,156,0,0,32.1223,0,2,0
25-Nov-2025,153,Put,151,0,0,32.1223,0,0,0
25-Nov-2025,153,Call,148,0,0,32.1223,0,2,0
30-Dec-2025,153,Put,154,0,0,32.1223,0,0,0
25-Nov-2025,153,Put,154,0,0,32.1223,0,0,0
30-Dec-2025,153,Put,160,0,0,32.1223,0,0,0
25-Nov-2025,153,Put,161,0,0,32.1223,0,0,0
25-Nov-2025,153,Call,152,0,0,32.1223,0,0,0
30-Dec-2025,153,Put,144,0,0,32.1223,0,0,0
30-Dec-2025,153,Put,162,0,0,32.1223,0,0,0
25-Nov-2025,153,Call,156,0,0,32.1223,0,0,0
30-Dec-2025,153,Put,152,0,0,32.1223,0,0,0
25-Nov-2025,153,Call,154,0,0,32.1223,0,2,0
25-Nov-2025,153,Call,158,0,0,32.1223,0,8,0
25-Nov-2025,153,Put,164,0,0,32.1223,0,0,0
25-Nov-2025,153,Call,151,0,0,32.1223,0,0,0
25-Nov-2025,153,Call,159,0,0,32.1223,0,1,0
25-Nov-2025,153,Put,149,0,0,32.1223,0,7,0
30-Dec-2025,153,Put,158,0,0,32.1223,0,0,0
30-Dec-2025,153,Call,168,0,0,32.1223,0,1,0
30-Dec-2025,153,Put,156,0,0,32.1223,0,0,0
30-Dec-2025,153,Call,164,0,0,32.1223,0,0,0
30-Dec-2025,153,Call,162,0,0,32.1223,0,0,0
30-Dec-2025,153,Call,172,0,0,32.1223,0,0,0
30-Dec-2025,153,Call,166,0,0,32.1223,0,2,0
30-Dec-2025,153,Call,152,0,0,32.1223,0,0,0
30-Dec-2025,153,Call,156,0,0,32.1223,0,0,0
30-Dec-2025,153,Call,154,0,0,32.1223,0,0,0
30-Dec-2025,153,Call,150,0,0,32.1223,0,3,0
30-Dec-2025,153,Put,150,0,0,32.1223,0,1,0
30-Dec-2025,153,Call,158,0,0,32.1223,0,0,0
