28-Oct-2025,586.85,Call,600,7.25,27.05,34.093,119,1102,909
28-Oct-2025,586.85,-,0,589,0,34.093,28,17192,456
28-Oct-2025,586.85,Call,610,4.65,27.8,34.093,21,809,418
28-Oct-2025,586.85,Call,620,3,28.81,34.093,-18,1147,342
28-Oct-2025,586.85,Call,590,11.3,26.9,34.093,18,337,241
28-Oct-2025,586.85,Call,650,1,33.83,34.093,49,1567,202
28-Oct-2025,586.85,Call,630,2,30.29,34.093,20,1221,124
28-Oct-2025,586.85,Put,570,4.6,26.87,34.093,4,391,124
28-Oct-2025,586.85,Put,580,7.55,26.27,34.093,-2,455,114
28-Oct-2025,586.85,Call,640,1.5,32.34,34.093,12,1358,103
28-Oct-2025,586.85,Call,580,16.9,27.2,34.093,18,205,98
28-Oct-2025,586.85,Put,590,12.05,26.55,34.093,-6,261,97
28-Oct-2025,586.85,Put,600,18.3,26.41,34.093,-2,398,90
28-Oct-2025,586.85,Put,550,1.55,28.98,34.093,-1,467,67
25-Nov-2025,586.85,-,0,592.75,0,34.093,12,660,59
28-Oct-2025,586.85,Put,560,2.75,28.09,34.093,5,372,57
28-Oct-2025,586.85,Call,660,0.75,35.79,34.093,0,308,52
28-Oct-2025,586.85,Put,520,0.5,36.16,34.093,16,89,43
25-Nov-2025,586.85,Call,600,19.5,28.66,34.093,30,94,39
28-Oct-2025,586.85,Put,540,1.05,31.41,34.093,-4,144,35
28-Oct-2025,586.85,Call,700,0.3,42.74,34.093,19,549,29
28-Oct-2025,586.85,Call,570,23.65,26.65,34.093,1,32,29
28-Oct-2025,586.85,Call,670,0.55,36.89,34.093,2,305,27
28-Oct-2025,586.85,Put,610,25.65,27.57,34.093,-4,219,20
28-Oct-2025,586.85,Call,560,31.8,27.01,34.093,6,28,15
28-Oct-2025,586.85,Call,680,0.45,39,34.093,3,270,12
30-Dec-2025,586.85,-,0,596.75,0,34.093,3,142,11
25-Nov-2025,586.85,Put,600,26.05,28.99,34.093,7,69,10
25-Nov-2025,586.85,Put,580,16.5,29.15,34.093,-1,40,9
25-Nov-2025,586.85,Put,550,6.6,28.61,34.093,1,24,7
28-Oct-2025,586.85,Put,620,33.95,30.33,34.093,1,421,5
28-Oct-2025,586.85,Put,630,43.1,33.7,34.093,-1,219,4
28-Oct-2025,586.85,Call,550,39.75,24.5,34.093,0,8,3
28-Oct-2025,586.85,Call,690,0.4,41.48,34.093,0,55,3
25-Nov-2025,586.85,Call,700,1.5,30.63,34.093,1,29,2
28-Oct-2025,586.85,Call,720,0.25,47.39,34.093,0,165,2
25-Nov-2025,586.85,Put,590,21.2,29.34,34.093,0,0,1
28-Oct-2025,586.85,Call,740,0,0,34.093,0,4,0
28-Oct-2025,586.85,Put,500,0,0,34.093,0,0,0
28-Oct-2025,586.85,Put,480,0,0,0,0,0,0
28-Oct-2025,586.85,Put,700,0,0,34.093,0,96,0
28-Oct-2025,586.85,Call,480,0,0,0,0,0,0
28-Oct-2025,586.85,Put,530,0,0,0,0,0,0
28-Oct-2025,586.85,Call,520,0,0,34.093,0,0,0
28-Oct-2025,586.85,Put,670,0,0,34.093,0,22,0
25-Nov-2025,586.85,Put,670,0,0,34.093,0,0,0
25-Nov-2025,586.85,Put,690,0,0,34.093,0,0,0
25-Nov-2025,586.85,Put,530,0,0,0,0,0,0
25-Nov-2025,586.85,Call,520,0,0,34.093,0,0,0
25-Nov-2025,586.85,Put,540,0,0,34.093,0,1,0
25-Nov-2025,586.85,Put,500,0,0,34.093,0,0,0
25-Nov-2025,586.85,Put,480,0,0,34.093,0,0,0
28-Oct-2025,586.85,Call,730,0,0,34.093,0,10,0
28-Oct-2025,586.85,Put,660,0,0,34.093,0,42,0
25-Nov-2025,586.85,Put,630,0,0,34.093,0,2,0
28-Oct-2025,586.85,Put,740,0,0,34.093,0,9,0
25-Nov-2025,586.85,Call,660,0,0,34.093,0,0,0
28-Oct-2025,586.85,Call,500,0,0,34.093,0,1,0
25-Nov-2025,586.85,Call,670,0,0,34.093,0,4,0
30-Dec-2025,586.85,Put,560,0,0,34.093,0,0,0
25-Nov-2025,586.85,Put,650,0,0,34.093,0,3,0
28-Oct-2025,586.85,Put,760,0,0,34.093,0,6,0
25-Nov-2025,586.85,Call,560,0,0,34.093,0,2,0
28-Oct-2025,586.85,Put,640,0,0,34.093,0,121,0
28-Oct-2025,586.85,Call,710,0,0,34.093,0,62,0
28-Oct-2025,586.85,Put,690,0,0,34.093,0,18,0
25-Nov-2025,586.85,Put,520,0,0,34.093,0,0,0
30-Dec-2025,586.85,Put,540,0,0,34.093,0,0,0
25-Nov-2025,586.85,Call,680,0,0,34.093,0,0,0
25-Nov-2025,586.85,Call,530,0,0,0,0,0,0
30-Dec-2025,586.85,Put,640,0,0,34.093,0,2,0
25-Nov-2025,586.85,Call,500,0,0,34.093,0,2,0
25-Nov-2025,586.85,Put,720,0,0,34.093,0,0,0
25-Nov-2025,586.85,Put,610,0,0,34.093,0,0,0
28-Oct-2025,586.85,Put,720,0,0,34.093,0,0,0
30-Dec-2025,586.85,Call,620,0,0,34.093,0,0,0
25-Nov-2025,586.85,Call,550,0,0,34.093,0,0,0
30-Dec-2025,586.85,Put,580,0,0,34.093,0,0,0
25-Nov-2025,586.85,Call,720,0,0,34.093,0,0,0
25-Nov-2025,586.85,Call,570,0,0,34.093,0,0,0
25-Nov-2025,586.85,Put,760,0,0,34.093,0,1,0
25-Nov-2025,586.85,Put,680,0,0,34.093,0,0,0
28-Oct-2025,586.85,Call,530,0,0,0,0,0,0
25-Nov-2025,586.85,Call,540,0,0,34.093,0,0,0
25-Nov-2025,586.85,Call,590,0,0,34.093,0,1,0
25-Nov-2025,586.85,Call,640,0,0,34.093,0,2,0
30-Dec-2025,586.85,Put,600,0,0,34.093,0,0,0
30-Dec-2025,586.85,Put,620,0,0,34.093,0,0,0
30-Dec-2025,586.85,Call,680,0,0,34.093,0,0,0
30-Dec-2025,586.85,Call,720,0,0,34.093,0,0,0
25-Nov-2025,586.85,Call,620,0,0,34.093,0,2,0
30-Dec-2025,586.85,Call,580,0,0,34.093,0,0,0
25-Nov-2025,586.85,Put,660,0,0,34.093,0,4,0
25-Nov-2025,586.85,Put,560,0,0,34.093,0,0,0
25-Nov-2025,586.85,Call,650,0,0,34.093,0,11,0
25-Nov-2025,586.85,Put,700,0,0,34.093,0,0,0
28-Oct-2025,586.85,Put,680,0,0,34.093,0,29,0
25-Nov-2025,586.85,Call,690,0,0,34.093,0,0,0
25-Nov-2025,586.85,Put,620,0,0,34.093,0,1,0
30-Dec-2025,586.85,Call,660,0,0,34.093,0,0,0
28-Oct-2025,586.85,Call,540,0,0,34.093,0,7,0
25-Nov-2025,586.85,Put,640,0,0,34.093,0,1,0
25-Nov-2025,586.85,Call,610,0,0,34.093,0,30,0
25-Nov-2025,586.85,Call,630,0,0,34.093,0,4,0
25-Nov-2025,586.85,Put,570,0,0,34.093,0,0,0
30-Dec-2025,586.85,Call,600,0,0,34.093,0,0,0
28-Oct-2025,586.85,Put,650,0,0,34.093,0,171,0
30-Dec-2025,586.85,Call,640,0,0,34.093,0,0,0
25-Nov-2025,586.85,Call,480,0,0,34.093,0,0,0
25-Nov-2025,586.85,Call,580,0,0,34.093,0,0,0
