28-Oct-2025,584.35,Call,600,6.4,26.76,34.093,207,1190,1629
28-Oct-2025,584.35,-,0,586.55,0,34.093,72,17236,1016
28-Oct-2025,584.35,Call,610,4,27.31,34.093,23,811,790
28-Oct-2025,584.35,Call,620,2.65,28.81,34.093,25,1190,659
28-Oct-2025,584.35,Call,590,9.85,26.18,34.093,52,371,466
28-Oct-2025,584.35,Call,640,1.2,31.75,34.093,111,1457,396
28-Oct-2025,584.35,Call,630,1.7,30.19,34.093,53,1254,364
28-Oct-2025,584.35,Call,650,0.85,33.4,34.093,61,1579,359
28-Oct-2025,584.35,Put,580,8.35,26.03,34.093,25,482,286
28-Oct-2025,584.35,Call,580,15,25.89,34.093,103,290,283
28-Oct-2025,584.35,Put,570,5,26.41,34.093,8,395,232
28-Oct-2025,584.35,Put,550,1.65,28.26,34.093,64,532,184
25-Nov-2025,584.35,-,0,590.25,0,34.093,48,696,160
28-Oct-2025,584.35,Put,600,19.4,26.1,34.093,5,405,159
28-Oct-2025,584.35,Call,660,0.65,35.39,34.093,39,347,151
28-Oct-2025,584.35,Put,590,13.15,26.4,34.093,-1,266,140
28-Oct-2025,584.35,Put,560,2.85,27.03,34.093,18,385,82
28-Oct-2025,584.35,Put,540,1,29.97,34.093,9,157,81
25-Nov-2025,584.35,Call,600,18.05,28.98,34.093,50,114,79
28-Oct-2025,584.35,Call,670,0.5,37.24,34.093,6,309,65
28-Oct-2025,584.35,Put,520,0.5,35.21,34.093,21,94,57
28-Oct-2025,584.35,Call,570,21.95,27.16,34.093,3,34,47
28-Oct-2025,584.35,Call,680,0.4,39.18,34.093,1,268,46
28-Oct-2025,584.35,Put,610,27.6,28.54,34.093,-5,218,41
28-Oct-2025,584.35,Call,700,0.3,43.61,34.093,19,549,35
28-Oct-2025,584.35,Call,560,29.45,26.89,34.093,8,30,31
30-Dec-2025,584.35,-,0,592.7,0,34.093,9,148,27
25-Nov-2025,584.35,Put,600,27,29.95,34.093,20,82,26
25-Nov-2025,584.35,Put,580,16.9,28.45,34.093,4,45,16
25-Nov-2025,584.35,Put,550,7.55,29.51,34.093,5,28,15
28-Oct-2025,584.35,Put,620,36.5,31.31,34.093,-3,417,15
28-Oct-2025,584.35,Put,630,44.95,29.15,34.093,-5,215,13
28-Oct-2025,584.35,Call,550,37.6,24.7,34.093,0,8,10
28-Oct-2025,584.35,Call,690,0.3,40.59,34.093,0,55,9
28-Oct-2025,584.35,Call,540,47.5,29.47,34.093,1,8,9
25-Nov-2025,584.35,Call,700,1.4,30.79,34.093,1,29,8
25-Nov-2025,584.35,Call,650,5.15,28.99,34.093,4,15,6
25-Nov-2025,584.35,Put,590,22.2,29.23,34.093,2,2,3
25-Nov-2025,584.35,Call,610,14.65,28.63,34.093,1,31,3
28-Oct-2025,584.35,Call,720,0.25,48.22,34.093,0,165,2
25-Nov-2025,584.35,Call,640,6.85,28.89,34.093,0,2,1
25-Nov-2025,584.35,Put,620,40.2,0,34.093,0,1,1
25-Nov-2025,584.35,Call,670,2.8,0,34.093,0,4,1
28-Oct-2025,584.35,Call,500,0,0,34.093,0,1,0
28-Oct-2025,584.35,Call,530,0,0,0,0,0,0
28-Oct-2025,584.35,Put,480,0,0,0,0,0,0
28-Oct-2025,584.35,Call,730,0,0,34.093,0,10,0
28-Oct-2025,584.35,Call,480,0,0,0,0,0,0
28-Oct-2025,584.35,Put,500,0,0,34.093,0,0,0
28-Oct-2025,584.35,Put,640,0,0,34.093,0,121,0
28-Oct-2025,584.35,Call,740,0,0,34.093,0,4,0
28-Oct-2025,584.35,Put,650,0,0,34.093,0,171,0
28-Oct-2025,584.35,Put,670,0,0,34.093,0,22,0
28-Oct-2025,584.35,Call,520,0,0,34.093,0,0,0
28-Oct-2025,584.35,Put,690,0,0,34.093,0,18,0
28-Oct-2025,584.35,Put,680,0,0,34.093,0,29,0
28-Oct-2025,584.35,Put,720,0,0,34.093,0,0,0
28-Oct-2025,584.35,Call,710,0,0,34.093,0,62,0
28-Oct-2025,584.35,Put,740,0,0,34.093,0,9,0
28-Oct-2025,584.35,Put,530,0,0,0,0,0,0
25-Nov-2025,584.35,Put,560,0,0,34.093,0,0,0
25-Nov-2025,584.35,Call,570,0,0,34.093,0,0,0
25-Nov-2025,584.35,Put,480,0,0,34.093,0,0,0
25-Nov-2025,584.35,Call,560,0,0,34.093,0,2,0
28-Oct-2025,584.35,Put,660,0,0,34.093,0,42,0
25-Nov-2025,584.35,Call,720,0,0,34.093,0,0,0
28-Oct-2025,584.35,Put,700,0,0,34.093,0,96,0
25-Nov-2025,584.35,Call,590,0,0,34.093,0,1,0
25-Nov-2025,584.35,Call,550,0,0,34.093,0,0,0
25-Nov-2025,584.35,Put,640,0,0,34.093,0,1,0
25-Nov-2025,584.35,Put,500,0,0,34.093,0,0,0
25-Nov-2025,584.35,Put,540,0,0,34.093,0,1,0
25-Nov-2025,584.35,Call,680,0,0,34.093,0,0,0
25-Nov-2025,584.35,Put,660,0,0,34.093,0,4,0
25-Nov-2025,584.35,Put,720,0,0,34.093,0,0,0
25-Nov-2025,584.35,Put,520,0,0,34.093,0,0,0
25-Nov-2025,584.35,Call,620,0,0,34.093,0,2,0
25-Nov-2025,584.35,Put,690,0,0,34.093,0,0,0
25-Nov-2025,584.35,Call,500,0,0,34.093,0,2,0
28-Oct-2025,584.35,Put,760,0,0,34.093,0,6,0
25-Nov-2025,584.35,Put,570,0,0,34.093,0,0,0
25-Nov-2025,584.35,Put,610,0,0,34.093,0,0,0
25-Nov-2025,584.35,Call,520,0,0,34.093,0,0,0
25-Nov-2025,584.35,Put,650,0,0,34.093,0,3,0
25-Nov-2025,584.35,Put,700,0,0,34.093,0,0,0
30-Dec-2025,584.35,Put,580,0,0,34.093,0,0,0
25-Nov-2025,584.35,Put,760,0,0,34.093,0,1,0
25-Nov-2025,584.35,Put,630,0,0,34.093,0,2,0
25-Nov-2025,584.35,Put,530,0,0,0,0,0,0
25-Nov-2025,584.35,Call,630,0,0,34.093,0,4,0
30-Dec-2025,584.35,Put,540,0,0,34.093,0,0,0
25-Nov-2025,584.35,Call,480,0,0,34.093,0,0,0
25-Nov-2025,584.35,Call,530,0,0,0,0,0,0
25-Nov-2025,584.35,Call,660,0,0,34.093,0,0,0
25-Nov-2025,584.35,Call,690,0,0,34.093,0,0,0
30-Dec-2025,584.35,Call,620,0,0,34.093,0,0,0
25-Nov-2025,584.35,Put,680,0,0,34.093,0,0,0
25-Nov-2025,584.35,Call,540,0,0,34.093,0,0,0
30-Dec-2025,584.35,Call,580,0,0,34.093,0,0,0
25-Nov-2025,584.35,Put,670,0,0,34.093,0,0,0
25-Nov-2025,584.35,Call,580,0,0,34.093,0,0,0
30-Dec-2025,584.35,Call,680,0,0,34.093,0,0,0
30-Dec-2025,584.35,Call,720,0,0,34.093,0,0,0
30-Dec-2025,584.35,Call,600,0,0,34.093,0,0,0
30-Dec-2025,584.35,Call,640,0,0,34.093,0,0,0
30-Dec-2025,584.35,Put,600,0,0,34.093,0,0,0
30-Dec-2025,584.35,Call,660,0,0,34.093,0,0,0
30-Dec-2025,584.35,Put,560,0,0,34.093,0,0,0
30-Dec-2025,584.35,Put,620,0,0,34.093,0,0,0
30-Dec-2025,584.35,Put,640,0,0,34.093,0,2,0
