28-Oct-2025,3834.1,Call,3800,67.45,13.48,27.9658,523,8487,18168
28-Oct-2025,3834.1,-,0,3841.2,0,27.9658,1414,87384,9138
28-Oct-2025,3834.1,Call,3900,23,15.23,27.9658,532,3469,7999
28-Oct-2025,3834.1,Put,3800,28.8,17.2,27.9658,1974,3695,6556
28-Oct-2025,3834.1,Call,3820,55.55,13.78,27.9658,876,2215,6162
28-Oct-2025,3834.1,Call,3840,45.1,14.16,27.9658,969,1847,5395
28-Oct-2025,3834.1,Call,3850,39.75,14.04,27.9658,941,4136,5227
28-Oct-2025,3834.1,Call,4000,7.5,17.51,27.9658,220,3990,4413
28-Oct-2025,3834.1,Put,3700,8.05,18.38,27.9658,38,2368,3700
28-Oct-2025,3834.1,Call,3780,80.15,13.08,27.9658,-258,1031,3325
28-Oct-2025,3834.1,Put,3750,15.45,17.6,27.9658,600,1366,3298
28-Oct-2025,3834.1,Put,3600,3,21.37,27.9658,108,2282,1958
28-Oct-2025,3834.1,Call,3750,103.6,12.4,27.9658,-511,1273,1905
28-Oct-2025,3834.1,Put,3820,36.65,17.34,27.9658,445,786,1875
28-Oct-2025,3834.1,Call,3700,146.05,0,27.9658,-256,1891,1686
28-Oct-2025,3834.1,Put,3780,22.75,17.44,27.9658,396,807,1644
28-Oct-2025,3834.1,Put,3740,13.85,17.69,27.9658,118,384,1393
25-Nov-2025,3834.1,-,0,3860.8,0,27.9658,703,2730,1376
28-Oct-2025,3834.1,Put,3760,17.95,17.66,27.9658,222,610,1277
28-Oct-2025,3834.1,Call,3760,96,12.64,27.9658,-202,351,1109
28-Oct-2025,3834.1,Call,3720,128.55,9.27,27.9658,-493,189,1067
28-Oct-2025,3834.1,Put,3650,4.8,19.87,27.9658,-150,968,1054
28-Oct-2025,3834.1,Put,3840,46.3,17.58,27.9658,451,595,1008
28-Oct-2025,3834.1,Call,3860,36,14.54,27.9658,109,494,907
28-Oct-2025,3834.1,Call,3950,12.7,16.25,27.9658,-54,722,890
28-Oct-2025,3834.1,Put,3720,10.45,18.01,27.9658,-8,201,819
28-Oct-2025,3834.1,Put,3850,50.75,17.67,27.9658,268,425,618
28-Oct-2025,3834.1,Call,3960,11.2,16.42,27.9658,-149,239,607
28-Oct-2025,3834.1,Call,3880,29,14.79,27.9658,52,261,578
28-Oct-2025,3834.1,Put,3500,1.25,24.7,27.9658,-174,1312,559
28-Oct-2025,3834.1,Put,3640,4.4,20.22,27.9658,-133,149,508
28-Oct-2025,3834.1,Call,4100,2.75,19.8,27.9658,119,2306,483
28-Oct-2025,3834.1,Call,3920,18,15.54,27.9658,70,185,481
28-Oct-2025,3834.1,Call,4050,4.4,18.56,27.9658,4,866,435
25-Nov-2025,3834.1,Call,4000,54.3,19.58,27.9658,140,491,435
25-Nov-2025,3834.1,Call,3800,136.5,18.43,27.9658,48,365,433
28-Oct-2025,3834.1,Put,3680,6.45,18.89,27.9658,104,412,426
25-Nov-2025,3834.1,Put,3600,20.65,21.6,27.9658,218,595,420
25-Nov-2025,3834.1,Put,3700,39,21.26,27.9658,240,348,415
25-Nov-2025,3834.1,Put,3800,72.7,21.38,27.9658,230,301,408
28-Oct-2025,3834.1,Call,4200,1.65,23.57,27.9658,10,1195,392
28-Oct-2025,3834.1,Call,3940,14.25,15.78,27.9658,2,150,371
28-Oct-2025,3834.1,Call,3740,109.8,11.76,27.9658,-81,286,353
28-Oct-2025,3834.1,Put,3550,1.9,23.28,27.9658,-5,415,327
28-Oct-2025,3834.1,Call,3980,9.2,16.87,27.9658,7,258,299
25-Nov-2025,3834.1,Put,3900,123.75,21.9,27.9658,218,228,259
28-Oct-2025,3834.1,Put,3560,2.1,22.81,27.9658,-4,91,255
28-Oct-2025,3834.1,Put,3900,84,18.71,27.9658,55,408,222
28-Oct-2025,3834.1,Put,3660,5.3,19.56,27.9658,-24,229,180
28-Oct-2025,3834.1,Call,3600,244.9,0,27.9658,-60,877,180
28-Oct-2025,3834.1,Call,4080,3.2,19.12,27.9658,-1,537,169
25-Nov-2025,3834.1,Call,3900,85.9,19.03,27.9658,70,143,163
28-Oct-2025,3834.1,Put,3400,0.45,26.35,27.9658,-30,688,160
28-Oct-2025,3834.1,Put,3860,54,18.33,27.9658,53,142,139
28-Oct-2025,3834.1,Call,4040,5,18.44,27.9658,4,187,136
28-Oct-2025,3834.1,Put,3450,0.7,25.69,27.9658,-27,599,99
25-Nov-2025,3834.1,Put,3500,10.65,22.47,27.9658,70,70,95
25-Nov-2025,3834.1,Call,4400,7,22.67,27.9658,70,188,90
30-Dec-2025,3834.1,-,0,3888,0,27.9658,-13,1331,89
25-Nov-2025,3834.1,Put,3400,6.3,24.23,27.9658,27,204,89
25-Nov-2025,3834.1,Call,4200,19.3,21.03,27.9658,24,152,88
25-Nov-2025,3834.1,Call,3700,199.85,15.99,27.9658,4,79,73
28-Oct-2025,3834.1,Call,3500,347,0,27.9658,-3,290,71
28-Oct-2025,3834.1,Call,3650,199.65,0,27.9658,-1,351,66
28-Oct-2025,3834.1,Call,3680,162.9,0,27.9658,0,1005,61
28-Oct-2025,3834.1,Put,4000,163,22.66,27.9658,12,320,58
28-Oct-2025,3834.1,Put,3880,67.15,18.46,27.9658,10,28,46
28-Oct-2025,3834.1,Put,3620,3.45,20.8,27.9658,32,32,40
25-Nov-2025,3834.1,Call,3920,77.75,18.54,27.9658,27,30,37
25-Nov-2025,3834.1,Put,3760,57.95,21.29,27.9658,17,19,36
25-Nov-2025,3834.1,Put,3720,45.55,21.29,27.9658,14,22,29
25-Nov-2025,3834.1,Call,3760,157,16.55,27.9658,3,19,24
25-Nov-2025,3834.1,Put,3840,90.8,21.57,27.9658,16,23,24
28-Oct-2025,3834.1,Put,3520,1.4,23.58,27.9658,-1,161,22
28-Oct-2025,3834.1,Put,3350,0.35,29.14,27.9658,-2,143,21
25-Nov-2025,3834.1,Put,3740,50.5,21.21,27.9658,14,17,20
28-Oct-2025,3834.1,Put,3480,1.05,25.31,27.9658,-10,126,18
25-Nov-2025,3834.1,Put,3880,111.75,22.41,27.9658,13,13,18
25-Nov-2025,3834.1,Call,3780,149.25,17.85,27.9658,4,18,18
25-Nov-2025,3834.1,Call,3600,289.95,0,27.9658,8,57,17
28-Oct-2025,3834.1,Put,3200,0.35,37.61,27.9658,0,228,16
28-Oct-2025,3834.1,Put,3540,1.5,22.83,27.9658,-9,151,13
25-Nov-2025,3834.1,Put,4000,190.75,23.69,27.9658,10,12,13
28-Oct-2025,3834.1,Put,3300,0.35,31.94,27.9658,-1,543,12
28-Oct-2025,3834.1,Put,3460,1.45,27.84,27.9658,0,1,10
28-Oct-2025,3834.1,Call,4240,1.25,24.4,27.9658,8,42,9
25-Nov-2025,3834.1,Put,3860,101.4,22.27,27.9658,8,8,9
28-Oct-2025,3834.1,Put,3920,100.1,20.62,27.9658,6,6,8
25-Nov-2025,3834.1,Call,3880,96.7,18.62,27.9658,4,4,5
28-Oct-2025,3834.1,Put,3440,0.95,27.39,27.9658,-1,47,4
28-Oct-2025,3834.1,Put,4200,362,37.4,27.9658,-2,7,3
28-Oct-2025,3834.1,Call,3640,200.45,0,27.9658,-2,30,3
25-Nov-2025,3834.1,Call,3940,71.85,18.97,27.9658,1,4,3
25-Nov-2025,3834.1,Call,3540,331,0,27.9658,1,1,2
28-Oct-2025,3834.1,Call,3200,630.45,0,27.9658,0,55,1
25-Nov-2025,3834.1,Put,3780,78.2,24.07,27.9658,0,6,1
25-Nov-2025,3834.1,Call,3660,201,0,27.9658,0,2,1
28-Oct-2025,3834.1,Put,4100,0,0,27.9658,0,270,0
28-Oct-2025,3834.1,Call,3540,0,0,27.9658,0,0,0
28-Oct-2025,3834.1,Put,3240,0,0,27.9658,0,0,0
28-Oct-2025,3834.1,Put,3280,0,0,27.9658,0,0,0
28-Oct-2025,3834.1,Put,3320,0,0,27.9658,0,1,0
28-Oct-2025,3834.1,Put,3360,0,0,27.9658,0,0,0
28-Oct-2025,3834.1,Call,3560,0,0,27.9658,0,0,0
28-Oct-2025,3834.1,Call,3620,0,0,27.9658,0,23,0
28-Oct-2025,3834.1,Call,3660,0,0,27.9658,0,86,0
28-Oct-2025,3834.1,Call,3450,0,0,27.9658,0,38,0
28-Oct-2025,3834.1,Put,3950,0,0,27.9658,0,28,0
28-Oct-2025,3834.1,Call,4020,0,0,27.9658,0,0,0
28-Oct-2025,3834.1,Put,4020,0,0,27.9658,0,0,0
28-Oct-2025,3834.1,Call,4280,0,0,27.9658,0,0,0
28-Oct-2025,3834.1,Put,4280,0,0,27.9658,0,0,0
28-Oct-2025,3834.1,Put,3940,0,0,27.9658,0,0,0
28-Oct-2025,3834.1,Call,4160,0,0,27.9658,0,5,0
28-Oct-2025,3834.1,Put,3000,0,0,27.9658,0,26,0
28-Oct-2025,3834.1,Call,3320,0,0,27.9658,0,0,0
28-Oct-2025,3834.1,Call,3480,0,0,27.9658,0,0,0
28-Oct-2025,3834.1,Put,4040,0,0,27.9658,0,0,0
28-Oct-2025,3834.1,Put,4080,0,0,27.9658,0,0,0
28-Oct-2025,3834.1,Put,4120,0,0,27.9658,0,0,0
28-Oct-2025,3834.1,Call,4120,0,0,27.9658,0,300,0
25-Nov-2025,3834.1,Put,3320,0,0,27.9658,0,0,0
25-Nov-2025,3834.1,Call,3620,0,0,27.9658,0,0,0
25-Nov-2025,3834.1,Put,4040,0,0,27.9658,0,0,0
25-Nov-2025,3834.1,Put,3920,0,0,27.9658,0,0,0
28-Oct-2025,3834.1,Put,3250,0,0,27.9658,0,30,0
25-Nov-2025,3834.1,Call,3740,0,0,27.9658,0,0,0
25-Nov-2025,3834.1,Put,3660,0,0,27.9658,0,3,0
25-Nov-2025,3834.1,Put,3560,0,0,27.9658,0,0,0
25-Nov-2025,3834.1,Call,3460,0,0,27.9658,0,0,0
25-Nov-2025,3834.1,Put,3640,0,0,27.9658,0,3,0
25-Nov-2025,3834.1,Put,3980,0,0,27.9658,0,1,0
28-Oct-2025,3834.1,Call,3240,0,0,27.9658,0,0,0
25-Nov-2025,3834.1,Put,3960,0,0,27.9658,0,0,0
25-Nov-2025,3834.1,Put,4200,0,0,27.9658,0,0,0
28-Oct-2025,3834.1,Put,3980,0,0,27.9658,0,0,0
25-Nov-2025,3834.1,Put,4080,0,0,27.9658,0,0,0
25-Nov-2025,3834.1,Call,4040,0,0,27.9658,0,0,0
28-Oct-2025,3834.1,Put,4240,0,0,27.9658,0,0,0
25-Nov-2025,3834.1,Call,3980,0,0,27.9658,0,0,0
28-Oct-2025,3834.1,Put,4160,0,0,27.9658,0,0,0
25-Nov-2025,3834.1,Put,3200,0,0,27.9658,0,36,0
25-Nov-2025,3834.1,Put,3540,0,0,27.9658,0,0,0
25-Nov-2025,3834.1,Call,3640,0,0,27.9658,0,0,0
25-Nov-2025,3834.1,Call,3500,0,0,27.9658,0,0,0
28-Oct-2025,3834.1,Call,3280,0,0,27.9658,0,0,0
25-Nov-2025,3834.1,Call,3820,0,0,27.9658,0,3,0
28-Oct-2025,3834.1,Call,3550,0,0,27.9658,0,174,0
25-Nov-2025,3834.1,Put,3440,0,0,27.9658,0,0,0
25-Nov-2025,3834.1,Call,4120,0,0,27.9658,0,0,0
28-Oct-2025,3834.1,Call,3360,0,0,27.9658,0,0,0
25-Nov-2025,3834.1,Put,3360,0,0,27.9658,0,0,0
25-Nov-2025,3834.1,Call,3360,0,0,27.9658,0,0,0
25-Nov-2025,3834.1,Call,3280,0,0,27.9658,0,0,0
25-Nov-2025,3834.1,Call,3480,0,0,27.9658,0,0,0
25-Nov-2025,3834.1,Call,3440,0,0,27.9658,0,0,0
25-Nov-2025,3834.1,Call,4080,0,0,27.9658,0,0,0
28-Oct-2025,3834.1,Put,3960,0,0,27.9658,0,0,0
28-Oct-2025,3834.1,Call,3440,0,0,27.9658,0,0,0
25-Nov-2025,3834.1,Put,3520,0,0,27.9658,0,0,0
25-Nov-2025,3834.1,Put,3680,0,0,27.9658,0,4,0
25-Nov-2025,3834.1,Put,3280,0,0,27.9658,0,0,0
28-Oct-2025,3834.1,Put,3580,0,0,27.9658,0,0,0
25-Nov-2025,3834.1,Call,3840,0,0,27.9658,0,0,0
25-Nov-2025,3834.1,Put,4240,0,0,27.9658,0,0,0
30-Dec-2025,3834.1,Call,3960,0,0,27.9658,0,0,0
25-Nov-2025,3834.1,Call,3680,0,0,27.9658,0,0,0
25-Nov-2025,3834.1,Put,3580,0,0,27.9658,0,0,0
25-Nov-2025,3834.1,Put,3480,0,0,27.9658,0,0,0
25-Nov-2025,3834.1,Put,4020,0,0,27.9658,0,0,0
25-Nov-2025,3834.1,Call,3520,0,0,27.9658,0,0,0
25-Nov-2025,3834.1,Call,3400,0,0,27.9658,0,4,0
25-Nov-2025,3834.1,Call,3720,0,0,27.9658,0,1,0
25-Nov-2025,3834.1,Put,3460,0,0,27.9658,0,0,0
30-Dec-2025,3834.1,Put,3960,0,0,27.9658,0,0,0
28-Oct-2025,3834.1,Call,3520,0,0,27.9658,0,0,0
25-Nov-2025,3834.1,Put,3240,0,0,27.9658,0,0,0
25-Nov-2025,3834.1,Call,3580,0,0,27.9658,0,0,0
25-Nov-2025,3834.1,Call,4280,0,0,0,0,0,0
25-Nov-2025,3834.1,Call,3200,0,0,27.9658,0,0,0
28-Oct-2025,3834.1,Call,3300,0,0,27.9658,0,1,0
30-Dec-2025,3834.1,Put,3680,0,0,27.9658,0,0,0
30-Dec-2025,3834.1,Put,3560,0,0,27.9658,0,0,0
25-Nov-2025,3834.1,Put,3940,0,0,27.9658,0,0,0
25-Nov-2025,3834.1,Call,3860,0,0,27.9658,0,0,0
25-Nov-2025,3834.1,Put,3620,0,0,27.9658,0,0,0
25-Nov-2025,3834.1,Put,3820,0,0,27.9658,0,0,0
25-Nov-2025,3834.1,Call,3240,0,0,27.9658,0,0,0
30-Dec-2025,3834.1,Call,4040,0,0,27.9658,0,0,0
25-Nov-2025,3834.1,Call,4240,0,0,0,0,0,0
25-Nov-2025,3834.1,Put,4280,0,0,27.9658,0,0,0
28-Oct-2025,3834.1,Call,3580,0,0,27.9658,0,0,0
25-Nov-2025,3834.1,Put,4160,0,0,27.9658,0,0,0
30-Dec-2025,3834.1,Put,4000,0,0,27.9658,0,0,0
30-Dec-2025,3834.1,Put,3200,0,0,27.9658,0,19,0
30-Dec-2025,3834.1,Put,4040,0,0,0,0,0,0
25-Nov-2025,3834.1,Call,3960,0,0,27.9658,0,0,0
28-Oct-2025,3834.1,Call,3460,0,0,27.9658,0,0,0
25-Nov-2025,3834.1,Call,3560,0,0,27.9658,0,0,0
25-Nov-2025,3834.1,Call,4160,0,0,27.9658,0,0,0
25-Nov-2025,3834.1,Call,3320,0,0,27.9658,0,0,0
28-Oct-2025,3834.1,Call,3400,0,0,27.9658,0,39,0
25-Nov-2025,3834.1,Call,4020,0,0,27.9658,0,0,0
25-Nov-2025,3834.1,Put,4120,0,0,27.9658,0,0,0
30-Dec-2025,3834.1,Call,3800,0,0,27.9658,0,2,0
30-Dec-2025,3834.1,Put,3600,0,0,27.9658,0,0,0
30-Dec-2025,3834.1,Put,3440,0,0,0,0,0,0
30-Dec-2025,3834.1,Call,3720,0,0,27.9658,0,0,0
30-Dec-2025,3834.1,Put,3640,0,0,27.9658,0,0,0
30-Dec-2025,3834.1,Call,4000,0,0,27.9658,0,2,0
30-Dec-2025,3834.1,Put,3720,0,0,27.9658,0,0,0
30-Dec-2025,3834.1,Call,3840,0,0,27.9658,0,0,0
30-Dec-2025,3834.1,Call,3760,0,0,27.9658,0,0,0
30-Dec-2025,3834.1,Call,3920,0,0,27.9658,0,0,0
30-Dec-2025,3834.1,Call,4080,0,0,27.9658,0,0,0
30-Dec-2025,3834.1,Put,3800,0,0,27.9658,0,0,0
30-Dec-2025,3834.1,Put,3880,0,0,27.9658,0,0,0
30-Dec-2025,3834.1,Put,3840,0,0,27.9658,0,0,0
30-Dec-2025,3834.1,Call,3880,0,0,27.9658,0,0,0
30-Dec-2025,3834.1,Put,3920,0,0,27.9658,0,0,0
30-Dec-2025,3834.1,Put,3760,0,0,27.9658,0,0,0
