28-Oct-2025,16294,Call,16500,140.1,16.65,25.8421,-113,6013,5855
28-Oct-2025,16294,Call,16300,220.3,15.65,25.8421,-49,4612,5577
28-Oct-2025,16294,Call,16400,176.6,16.14,25.8421,-49,4329,5066
28-Oct-2025,16294,Put,16000,92.4,18.46,25.8421,275,4934,4334
28-Oct-2025,16294,Put,16300,204.05,18.65,25.8421,502,1844,4279
28-Oct-2025,16294,-,0,16320,0,25.8421,983,54444,3853
28-Oct-2025,16294,Call,17000,44.8,19.25,25.8421,-54,7650,3654
28-Oct-2025,16294,Call,16200,269.9,15.27,25.8421,-17,6310,2817
28-Oct-2025,16294,Put,16200,156.15,18.3,25.8421,416,2164,2779
28-Oct-2025,16294,Put,15500,29.35,21.67,25.8421,90,3447,2082
28-Oct-2025,16294,Call,16600,108.8,16.86,25.8421,22,1723,2009
28-Oct-2025,16294,Call,16700,84.5,17.28,25.8421,-189,1759,1853
28-Oct-2025,16294,Call,16800,66.75,17.89,25.8421,-77,2794,1826
28-Oct-2025,16294,Put,15800,55.5,19.48,25.8421,234,1952,1591
28-Oct-2025,16294,Put,15000,12.7,26.34,25.8421,-168,5020,1400
28-Oct-2025,16294,Call,16900,53.65,18.46,25.8421,-184,1296,1344
28-Oct-2025,16294,Put,16100,120.7,18.41,25.8421,79,1247,1341
28-Oct-2025,16294,Put,16400,259.9,19,25.8421,140,797,1222
28-Oct-2025,16294,Call,16000,406.75,14.81,25.8421,19,3094,1083
28-Oct-2025,16294,Call,17600,14.65,23.26,25.8421,77,3153,1049
28-Oct-2025,16294,Put,15900,70.8,18.99,25.8421,-204,1236,1044
28-Oct-2025,16294,Call,17500,17,22.41,25.8421,118,1929,924
28-Oct-2025,16294,Call,16100,335.45,14.98,25.8421,-37,2223,768
28-Oct-2025,16294,Call,17200,30.05,20.72,25.8421,-38,2595,728
28-Oct-2025,16294,Put,15700,43.45,19.95,25.8421,-39,727,696
28-Oct-2025,16294,Call,18000,9.05,26.42,25.8421,34,3777,546
28-Oct-2025,16294,Put,16500,324,19.1,25.8421,27,781,489
25-Nov-2025,16294,-,0,16408,0,25.8421,221,2143,476
28-Oct-2025,16294,Put,15300,19.55,23.41,25.8421,34,456,447
28-Oct-2025,16294,Call,17300,25,21.2,25.8421,-78,652,432
28-Oct-2025,16294,Put,14000,1.5,32.21,25.8421,-10,1937,429
28-Oct-2025,16294,Call,17800,10.9,24.65,25.8421,4,1963,388
28-Oct-2025,16294,Call,17400,20.45,21.79,25.8421,-49,826,383
25-Nov-2025,16294,Call,17000,242,20.6,25.8421,84,339,366
28-Oct-2025,16294,Call,17100,36.45,19.81,25.8421,21,877,363
28-Oct-2025,16294,Put,15600,35.2,20.73,25.8421,32,713,356
28-Oct-2025,16294,Put,15400,23.8,22.55,25.8421,-40,622,331
28-Oct-2025,16294,Put,14500,5,29.77,25.8421,-27,1533,310
28-Oct-2025,16294,Call,18400,6.5,29.79,25.8421,38,213,288
28-Oct-2025,16294,Put,15200,16.75,24.38,25.8421,28,452,177
28-Oct-2025,16294,Call,18200,7.2,27.9,25.8421,6,860,156
25-Nov-2025,16294,Put,16000,281.6,22.6,25.8421,23,376,138
25-Nov-2025,16294,Put,15000,71,23.74,25.8421,31,188,105
28-Oct-2025,16294,Call,15900,483.8,14.45,25.8421,7,537,99
25-Nov-2025,16294,Call,18000,68.75,21.71,25.8421,16,171,84
28-Oct-2025,16294,Put,13000,1.55,45.93,25.8421,-4,261,74
25-Nov-2025,16294,Put,16300,406,22.32,25.8421,61,61,64
25-Nov-2025,16294,Put,15500,142,22.74,25.8421,11,95,56
30-Dec-2025,16294,-,0,16499,0,25.8421,14,379,54
28-Oct-2025,16294,Call,15800,569.7,13.71,25.8421,1,458,54
25-Nov-2025,16294,Call,16100,646,19.82,25.8421,17,19,48
28-Oct-2025,16294,Put,14800,9,27.96,25.8421,-23,488,47
25-Nov-2025,16294,Call,16400,480,20.01,25.8421,1,69,47
28-Oct-2025,16294,Call,15500,861.8,13.69,25.8421,0,547,46
25-Nov-2025,16294,Call,16500,430,20.11,25.8421,14,132,36
28-Oct-2025,16294,Put,13800,1.8,35.58,25.8421,-26,112,35
28-Oct-2025,16294,Put,13500,1.35,38.48,25.8421,-3,33,35
28-Oct-2025,16294,Call,15000,1335,0,25.8421,-1,682,34
25-Nov-2025,16294,Call,16000,730,20.86,25.8421,16,157,32
28-Oct-2025,16294,Put,14700,7,28.07,25.8421,8,391,25
28-Oct-2025,16294,Put,14900,10.9,27.27,25.8421,-13,269,25
25-Nov-2025,16294,Put,16200,360,22.65,25.8421,14,19,25
28-Oct-2025,16294,Put,15100,13.2,24.9,25.8421,0,359,23
28-Oct-2025,16294,Put,14600,6,29.2,25.8421,-6,142,23
28-Oct-2025,16294,Put,17000,715.45,23.57,25.8421,-3,185,22
28-Oct-2025,16294,Put,16600,389.8,20.54,25.8421,4,115,21
28-Oct-2025,16294,Put,14200,1.95,30.47,25.8421,0,1125,16
25-Nov-2025,16294,Call,15500,1070,19.32,25.8421,7,39,16
25-Nov-2025,16294,Call,16200,600,20.51,25.8421,7,15,15
25-Nov-2025,16294,Call,16300,531,19.92,25.8421,8,11,14
28-Oct-2025,16294,Put,14300,2.35,29.78,25.8421,-2,458,12
25-Nov-2025,16294,Call,15000,1490,17.12,25.8421,6,40,10
28-Oct-2025,16294,Call,15700,665.55,12.37,25.8421,-5,187,9
28-Oct-2025,16294,Put,14400,3.05,29.36,25.8421,0,158,8
28-Oct-2025,16294,Put,13900,1.25,32.89,25.8421,-1,55,6
25-Nov-2025,16294,Call,16600,390.65,20.29,25.8421,3,8,5
28-Oct-2025,16294,Put,17400,1092.65,28.74,25.8421,3,4,4
28-Oct-2025,16294,Put,16800,579.8,25.3,25.8421,-1,54,3
28-Oct-2025,16294,Put,14100,1.65,31.22,25.8421,0,151,3
28-Oct-2025,16294,Put,17300,999.15,27.76,25.8421,1,1,3
28-Oct-2025,16294,Put,16700,460,20.76,25.8421,1,58,3
25-Nov-2025,16294,Put,16400,450,22.65,25.8421,2,2,3
25-Nov-2025,16294,Put,14000,45.1,32.09,25.8421,1,3,3
28-Oct-2025,16294,Call,18600,4.75,30.7,25.8421,-1,9,2
28-Oct-2025,16294,Put,16900,662.85,26.25,25.8421,0,19,2
28-Oct-2025,16294,Put,12800,1.45,48.4,25.8421,-1,43,2
28-Oct-2025,16294,Put,13400,1.4,39.98,25.8421,-1,152,2
28-Oct-2025,16294,Call,14800,1523,0,25.8421,0,205,2
28-Oct-2025,16294,Call,14000,2245,0,25.8421,0,189,1
25-Nov-2025,16294,Call,17200,199,21.08,25.8421,0,1,1
28-Oct-2025,16294,Call,15600,0,0,25.8421,0,90,0
28-Oct-2025,16294,Put,18400,0,0,25.8421,0,0,0
28-Oct-2025,16294,Call,14600,0,0,25.8421,0,0,0
28-Oct-2025,16294,Call,15100,0,0,25.8421,0,8,0
28-Oct-2025,16294,Put,13700,0,0,25.8421,0,6,0
28-Oct-2025,16294,Call,13400,0,0,25.8421,0,1,0
28-Oct-2025,16294,Call,13600,0,0,25.8421,0,2,0
28-Oct-2025,16294,Call,13800,0,0,25.8421,0,0,0
28-Oct-2025,16294,Call,13700,0,0,25.8421,0,3,0
28-Oct-2025,16294,Put,18600,0,0,25.8421,0,0,0
28-Oct-2025,16294,Call,14500,0,0,25.8421,0,105,0
28-Oct-2025,16294,Put,13200,0,0,25.8421,0,51,0
28-Oct-2025,16294,Call,13200,0,0,25.8421,0,5,0
28-Oct-2025,16294,Put,17500,0,0,25.8421,0,21,0
28-Oct-2025,16294,Call,14400,0,0,25.8421,0,2,0
28-Oct-2025,16294,Put,18200,0,0,25.8421,0,0,0
28-Oct-2025,16294,Put,17200,0,0,25.8421,0,3,0
28-Oct-2025,16294,Call,15200,0,0,25.8421,0,45,0
28-Oct-2025,16294,Put,18000,0,0,25.8421,0,1,0
28-Oct-2025,16294,Put,17600,0,0,25.8421,0,0,0
28-Oct-2025,16294,Put,17800,0,0,25.8421,0,0,0
28-Oct-2025,16294,Call,14900,0,0,25.8421,0,34,0
28-Oct-2025,16294,Call,13500,0,0,25.8421,0,17,0
28-Oct-2025,16294,Put,17100,0,0,25.8421,0,6,0
28-Oct-2025,16294,Put,13600,0,0,25.8421,0,11,0
28-Oct-2025,16294,Call,13000,0,0,25.8421,0,53,0
28-Oct-2025,16294,Call,15400,0,0,25.8421,0,15,0
28-Oct-2025,16294,Call,14200,0,0,25.8421,0,4,0
28-Oct-2025,16294,Call,15300,0,0,25.8421,0,26,0
28-Oct-2025,16294,Call,14700,0,0,25.8421,0,3,0
25-Nov-2025,16294,Put,13600,0,0,25.8421,0,0,0
25-Nov-2025,16294,Put,15300,0,0,25.8421,0,0,0
25-Nov-2025,16294,Call,14900,0,0,25.8421,0,0,0
25-Nov-2025,16294,Call,15100,0,0,25.8421,0,0,0
25-Nov-2025,16294,Call,15300,0,0,25.8421,0,0,0
25-Nov-2025,16294,Call,15600,0,0,25.8421,0,1,0
25-Nov-2025,16294,Call,15800,0,0,25.8421,0,1,0
25-Nov-2025,16294,Put,15700,0,0,25.8421,0,0,0
25-Nov-2025,16294,Put,15900,0,0,25.8421,0,0,0
25-Nov-2025,16294,Put,16500,0,0,25.8421,0,6,0
25-Nov-2025,16294,Put,16700,0,0,25.8421,0,0,0
25-Nov-2025,16294,Put,16900,0,0,25.8421,0,0,0
25-Nov-2025,16294,Put,17100,0,0,25.8421,0,0,0
25-Nov-2025,16294,Call,15400,0,0,25.8421,0,0,0
25-Nov-2025,16294,Put,16600,0,0,25.8421,0,0,0
25-Nov-2025,16294,Put,14200,0,0,25.8421,0,0,0
25-Nov-2025,16294,Put,15600,0,0,25.8421,0,0,0
25-Nov-2025,16294,Call,17300,0,0,25.8421,0,0,0
25-Nov-2025,16294,Call,13600,0,0,25.8421,0,0,0
25-Nov-2025,16294,Call,13800,0,0,25.8421,0,0,0
25-Nov-2025,16294,Call,14000,0,0,25.8421,0,0,0
25-Nov-2025,16294,Call,14200,0,0,25.8421,0,0,0
25-Nov-2025,16294,Put,17800,0,0,25.8421,0,0,0
25-Nov-2025,16294,Put,18000,0,0,25.8421,0,0,0
25-Nov-2025,16294,Put,18200,0,0,25.8421,0,0,0
25-Nov-2025,16294,Put,18400,0,0,25.8421,0,0,0
25-Nov-2025,16294,Put,14900,0,0,25.8421,0,0,0
25-Nov-2025,16294,Put,13800,0,0,25.8421,0,22,0
25-Nov-2025,16294,Call,18200,0,0,25.8421,0,0,0
25-Nov-2025,16294,Call,17500,0,0,25.8421,0,1,0
25-Nov-2025,16294,Put,17500,0,0,25.8421,0,0,0
25-Nov-2025,16294,Call,15700,0,0,25.8421,0,0,0
25-Nov-2025,16294,Call,14600,0,0,25.8421,0,0,0
25-Nov-2025,16294,Call,14800,0,0,25.8421,0,1,0
25-Nov-2025,16294,Call,17400,0,0,25.8421,0,3,0
25-Nov-2025,16294,Put,16100,0,0,25.8421,0,0,0
25-Nov-2025,16294,Call,16800,0,0,25.8421,0,0,0
25-Nov-2025,16294,Put,15400,0,0,25.8421,0,0,0
25-Nov-2025,16294,Call,14400,0,0,25.8421,0,0,0
25-Nov-2025,16294,Put,15200,0,0,25.8421,0,0,0
25-Nov-2025,16294,Put,16800,0,0,25.8421,0,0,0
25-Nov-2025,16294,Put,17000,0,0,25.8421,0,0,0
25-Nov-2025,16294,Put,17200,0,0,25.8421,0,0,0
25-Nov-2025,16294,Put,17400,0,0,25.8421,0,0,0
25-Nov-2025,16294,Put,17600,0,0,25.8421,0,0,0
25-Nov-2025,16294,Call,16900,0,0,25.8421,0,0,0
25-Nov-2025,16294,Put,15100,0,0,25.8421,0,1,0
25-Nov-2025,16294,Call,14700,0,0,25.8421,0,0,0
25-Nov-2025,16294,Call,18600,0,0,25.8421,0,0,0
25-Nov-2025,16294,Call,17600,0,0,25.8421,0,0,0
25-Nov-2025,16294,Call,18400,0,0,25.8421,0,11,0
25-Nov-2025,16294,Call,16700,0,0,25.8421,0,0,0
25-Nov-2025,16294,Call,17100,0,0,25.8421,0,10,0
25-Nov-2025,16294,Put,15800,0,0,25.8421,0,0,0
25-Nov-2025,16294,Put,17300,0,0,25.8421,0,0,0
30-Dec-2025,16294,Call,16400,0,0,25.8421,0,0,0
30-Dec-2025,16294,Put,16200,0,0,25.8421,0,0,0
30-Dec-2025,16294,Put,16000,0,0,25.8421,0,6,0
25-Nov-2025,16294,Put,18600,0,0,25.8421,0,0,0
25-Nov-2025,16294,Call,15900,0,0,25.8421,0,0,0
30-Dec-2025,16294,Call,16200,0,0,25.8421,0,0,0
25-Nov-2025,16294,Call,15200,0,0,25.8421,0,0,0
30-Dec-2025,16294,Call,17000,0,0,25.8421,0,0,0
30-Dec-2025,16294,Put,15800,0,0,25.8421,0,0,0
30-Dec-2025,16294,Call,16000,0,0,25.8421,0,2,0
30-Dec-2025,16294,Call,17600,0,0,25.8421,0,0,0
30-Dec-2025,16294,Call,18000,0,0,25.8421,0,0,0
