28-Oct-2025,341.25,Call,340,5.15,15.14,28.827,-15,4110,3872
28-Oct-2025,341.25,Call,345,2.6,14.73,28.827,634,6848,3137
28-Oct-2025,341.25,Put,340,3.15,16.79,28.827,268,1186,2377
28-Oct-2025,341.25,-,0,342.15,0,28.827,254,61340,2174
28-Oct-2025,341.25,Call,342.5,3.75,14.85,28.827,-75,1779,2012
28-Oct-2025,341.25,Call,350,1.3,15.57,28.827,-10,4338,1223
28-Oct-2025,341.25,Put,335,1.7,17.58,28.827,47,917,1221
28-Oct-2025,341.25,Put,342.5,4.25,16.47,28.827,49,247,1068
28-Oct-2025,341.25,Put,330,0.9,18.94,28.827,-60,847,1068
28-Oct-2025,341.25,Put,337.5,2.3,17.26,28.827,66,321,929
28-Oct-2025,341.25,Call,337.5,6.85,15.04,28.827,-126,175,831
28-Oct-2025,341.25,Call,335,8.7,15.58,28.827,-145,399,817
28-Oct-2025,341.25,Call,360,0.45,18.13,28.827,96,1466,799
28-Oct-2025,341.25,Call,355,0.75,16.92,28.827,-34,799,689
28-Oct-2025,341.25,Put,345,5.55,16.23,28.827,-43,727,533
25-Nov-2025,341.25,-,0,341.75,0,28.827,228,3619,530
28-Oct-2025,341.25,Call,347.5,1.8,15.04,28.827,63,601,462
28-Oct-2025,341.25,Put,332.5,1.25,18.14,28.827,-29,197,307
28-Oct-2025,341.25,Call,330,13.1,14.73,28.827,-43,418,285
28-Oct-2025,341.25,Put,320,0.3,22.98,28.827,39,582,278
28-Oct-2025,341.25,Call,352.5,0.95,16.11,28.827,48,267,197
28-Oct-2025,341.25,Put,325,0.5,20.94,28.827,14,391,138
28-Oct-2025,341.25,Put,350,9.25,17.49,28.827,-12,582,116
28-Oct-2025,341.25,Call,370,0.2,21.21,28.827,25,1662,105
28-Oct-2025,341.25,Call,380,0.1,25.58,28.827,-4,1358,92
28-Oct-2025,341.25,Put,327.5,0.7,19.94,28.827,-8,90,85
28-Oct-2025,341.25,Call,332.5,11,15.79,28.827,-37,149,82
28-Oct-2025,341.25,Put,310,0.1,25.27,28.827,-17,584,78
25-Nov-2025,341.25,Call,350,5.85,16.98,28.827,15,193,75
25-Nov-2025,341.25,Put,330,4.1,22.14,28.827,9,360,65
25-Nov-2025,341.25,Call,340,9.95,14.91,28.827,16,164,65
28-Oct-2025,341.25,Put,305,0.1,28.78,28.827,0,560,57
28-Oct-2025,341.25,Put,315,0.2,24.39,28.827,19,89,54
28-Oct-2025,341.25,Put,347.5,7.1,16.7,28.827,-2,122,42
25-Nov-2025,341.25,Put,325,2.95,22.24,28.827,13,236,42
28-Oct-2025,341.25,Call,357.5,0.55,17.56,28.827,26,92,41
30-Dec-2025,341.25,-,0,344,0,28.827,0,285,35
25-Nov-2025,341.25,Call,360,3,17.86,28.827,28,215,34
28-Oct-2025,341.25,Call,365,0.25,19.85,28.827,0,224,33
28-Oct-2025,341.25,Put,352.5,11.1,20.44,28.827,13,49,32
28-Oct-2025,341.25,Call,327.5,15.4,15.22,28.827,2,34,26
25-Nov-2025,341.25,Put,320,2.05,22.58,28.827,-12,164,26
28-Oct-2025,341.25,Call,325,17.75,12.98,28.827,4,57,21
25-Nov-2025,341.25,Put,310,1.05,23.8,28.827,1,158,19
28-Oct-2025,341.25,Put,360,18.05,28.2,28.827,-1,309,16
28-Oct-2025,341.25,Call,375,0.15,24.24,28.827,-11,857,16
28-Oct-2025,341.25,Put,322.5,0.4,21.52,28.827,0,61,15
28-Oct-2025,341.25,Put,355,13.35,26.78,28.827,1,45,11
25-Nov-2025,341.25,Call,380,1,20.69,28.827,10,85,11
28-Oct-2025,341.25,Call,320,22.55,0,28.827,-2,220,9
25-Nov-2025,341.25,Put,340,7.9,22.77,28.827,5,110,9
28-Oct-2025,341.25,Call,390,0.1,30.97,28.827,-1,387,7
25-Nov-2025,341.25,Put,350,14.25,25.65,28.827,3,23,7
28-Oct-2025,341.25,Put,317.5,0.3,24.28,28.827,0,20,6
28-Oct-2025,341.25,Call,362.5,0.35,19.44,28.827,1,94,5
25-Nov-2025,341.25,Call,355,4.15,17.39,28.827,2,29,5
28-Oct-2025,341.25,Put,380,39.35,48.67,28.827,0,1216,4
28-Oct-2025,341.25,Call,367.5,0.25,21.55,28.827,-3,57,4
25-Nov-2025,341.25,Put,315,1.55,23.53,28.827,3,24,4
28-Oct-2025,341.25,Put,357.5,15.7,29.62,28.827,0,20,3
28-Oct-2025,341.25,Put,300,0.05,29.5,28.827,-2,570,3
25-Nov-2025,341.25,Put,335,6.1,23.16,28.827,1,39,3
25-Nov-2025,341.25,Put,332.5,5,22.53,28.827,1,4,3
28-Oct-2025,341.25,Call,372.5,0.5,28.53,28.827,0,1,2
28-Oct-2025,341.25,Put,390,47.65,0,28.827,0,354,1
25-Nov-2025,341.25,Call,320,23.85,0,28.827,0,33,1
25-Nov-2025,341.25,Put,360,20.6,0,28.827,0,54,1
25-Nov-2025,341.25,Call,342.5,8,14.34,28.827,0,3,1
28-Oct-2025,341.25,Call,300,0,0,28.827,0,43,0
28-Oct-2025,341.25,Call,310,0,0,28.827,0,3,0
28-Oct-2025,341.25,Put,370,0,0,28.827,0,100,0
28-Oct-2025,341.25,Call,295,0,0,28.827,0,0,0
28-Oct-2025,341.25,Put,400,0,0,28.827,0,5,0
28-Oct-2025,341.25,Put,375,0,0,28.827,0,0,0
28-Oct-2025,341.25,Call,305,0,0,28.827,0,1,0
28-Oct-2025,341.25,Call,315,0,0,28.827,0,8,0
28-Oct-2025,341.25,Call,400,0,0,28.827,0,114,0
28-Oct-2025,341.25,Put,295,0,0,28.827,0,0,0
28-Oct-2025,341.25,Put,365,0,0,28.827,0,18,0
28-Oct-2025,341.25,Call,307.5,0,0,28.827,0,0,0
28-Oct-2025,341.25,Put,307.5,0,0,28.827,0,34,0
28-Oct-2025,341.25,Put,367.5,0,0,28.827,0,4,0
28-Oct-2025,341.25,Call,312.5,0,0,28.827,0,1,0
28-Oct-2025,341.25,Put,312.5,0,0,28.827,0,16,0
28-Oct-2025,341.25,Put,362.5,0,0,28.827,0,16,0
28-Oct-2025,341.25,Call,317.5,0,0,28.827,0,12,0
28-Oct-2025,341.25,Call,322.5,0,0,28.827,0,30,0
28-Oct-2025,341.25,Call,385,0,0,28.827,0,66,0
28-Oct-2025,341.25,Call,290,0,0,28.827,0,1,0
28-Oct-2025,341.25,Put,290,0,0,28.827,0,16,0
28-Oct-2025,341.25,Call,285,0,0,28.827,0,0,0
28-Oct-2025,341.25,Put,372.5,0,0,28.827,0,0,0
28-Oct-2025,341.25,Put,285,0,0,28.827,0,0,0
25-Nov-2025,341.25,Call,357.5,0,0,28.827,0,1,0
28-Oct-2025,341.25,Put,385,0,0,28.827,0,0,0
25-Nov-2025,341.25,Put,365,0,0,28.827,0,8,0
25-Nov-2025,341.25,Put,362.5,0,0,28.827,0,0,0
25-Nov-2025,341.25,Put,367.5,0,0,28.827,0,0,0
25-Nov-2025,341.25,Put,357.5,0,0,28.827,0,0,0
25-Nov-2025,341.25,Put,375,0,0,28.827,0,0,0
25-Nov-2025,341.25,Call,385,0,0,28.827,0,5,0
25-Nov-2025,341.25,Put,300,0,0,28.827,0,65,0
25-Nov-2025,341.25,Put,305,0,0,28.827,0,0,0
25-Nov-2025,341.25,Call,305,0,0,28.827,0,1,0
25-Nov-2025,341.25,Put,385,0,0,28.827,0,0,0
25-Nov-2025,341.25,Put,290,0,0,28.827,0,0,0
25-Nov-2025,341.25,Put,295,0,0,28.827,0,0,0
25-Nov-2025,341.25,Put,355,0,0,28.827,0,0,0
25-Nov-2025,341.25,Call,372.5,0,0,28.827,0,0,0
25-Nov-2025,341.25,Call,295,0,0,28.827,0,0,0
25-Nov-2025,341.25,Put,372.5,0,0,28.827,0,0,0
25-Nov-2025,341.25,Call,330,0,0,28.827,0,0,0
25-Nov-2025,341.25,Call,290,0,0,28.827,0,0,0
25-Nov-2025,341.25,Call,300,0,0,28.827,0,0,0
25-Nov-2025,341.25,Put,390,0,0,28.827,0,5,0
25-Nov-2025,341.25,Call,307.5,0,0,28.827,0,0,0
25-Nov-2025,341.25,Put,307.5,0,0,28.827,0,0,0
25-Nov-2025,341.25,Call,362.5,0,0,28.827,0,0,0
25-Nov-2025,341.25,Call,365,0,0,28.827,0,0,0
25-Nov-2025,341.25,Call,367.5,0,0,28.827,0,0,0
25-Nov-2025,341.25,Call,335,0,0,28.827,0,20,0
25-Nov-2025,341.25,Call,345,0,0,28.827,0,0,0
25-Nov-2025,341.25,Put,345,0,0,28.827,0,0,0
25-Nov-2025,341.25,Call,285,0,0,28.827,0,0,0
25-Nov-2025,341.25,Call,375,0,0,28.827,0,13,0
25-Nov-2025,341.25,Put,370,0,0,28.827,0,0,0
25-Nov-2025,341.25,Put,380,0,0,28.827,0,0,0
25-Nov-2025,341.25,Call,390,0,0,28.827,0,0,0
25-Nov-2025,341.25,Call,370,0,0,28.827,0,0,0
25-Nov-2025,341.25,Put,317.5,0,0,28.827,0,0,0
25-Nov-2025,341.25,Put,322.5,0,0,28.827,0,0,0
25-Nov-2025,341.25,Call,312.5,0,0,28.827,0,0,0
25-Nov-2025,341.25,Call,332.5,0,0,28.827,0,0,0
25-Nov-2025,341.25,Call,310,0,0,28.827,0,0,0
25-Nov-2025,341.25,Call,325,0,0,28.827,0,0,0
25-Nov-2025,341.25,Put,312.5,0,0,28.827,0,0,0
25-Nov-2025,341.25,Call,317.5,0,0,28.827,0,0,0
25-Nov-2025,341.25,Call,315,0,0,28.827,0,1,0
25-Nov-2025,341.25,Call,347.5,0,0,28.827,0,0,0
25-Nov-2025,341.25,Put,327.5,0,0,28.827,0,0,0
30-Dec-2025,341.25,Put,280,0,0,28.827,0,0,0
25-Nov-2025,341.25,Put,342.5,0,0,28.827,0,0,0
30-Dec-2025,341.25,Call,355,0,0,28.827,0,0,0
25-Nov-2025,341.25,Call,322.5,0,0,28.827,0,0,0
30-Dec-2025,341.25,Put,350,0,0,28.827,0,0,0
25-Nov-2025,341.25,Put,337.5,0,0,28.827,0,0,0
30-Dec-2025,341.25,Put,330,0,0,28.827,0,0,0
30-Dec-2025,341.25,Call,345,0,0,28.827,0,0,0
30-Dec-2025,341.25,Call,370,0,0,28.827,0,18,0
30-Dec-2025,341.25,Put,345,0,0,28.827,0,0,0
25-Nov-2025,341.25,Put,352.5,0,0,28.827,0,0,0
25-Nov-2025,341.25,Put,347.5,0,0,28.827,0,0,0
25-Nov-2025,341.25,Call,337.5,0,0,28.827,0,0,0
30-Dec-2025,341.25,Call,330,0,0,28.827,0,0,0
30-Dec-2025,341.25,Call,340,0,0,28.827,0,0,0
30-Dec-2025,341.25,Put,320,0,0,28.827,0,0,0
30-Dec-2025,341.25,Call,365,0,0,28.827,0,0,0
25-Nov-2025,341.25,Call,327.5,0,0,28.827,0,0,0
30-Dec-2025,341.25,Put,315,0,0,28.827,0,0,0
30-Dec-2025,341.25,Call,350,0,0,28.827,0,1,0
25-Nov-2025,341.25,Call,352.5,0,0,28.827,0,0,0
30-Dec-2025,341.25,Put,340,0,0,28.827,0,0,0
30-Dec-2025,341.25,Call,335,0,0,28.827,0,0,0
30-Dec-2025,341.25,Put,355,0,0,28.827,0,0,0
30-Dec-2025,341.25,Call,360,0,0,28.827,0,0,0
30-Dec-2025,341.25,Put,325,0,0,28.827,0,0,0
30-Dec-2025,341.25,Call,380,0,0,28.827,0,0,0
30-Dec-2025,341.25,Put,335,0,0,28.827,0,0,0
