28-Oct-2025,1377.9,-,0,1383.8,0,24.2799,925,248100,7630
28-Oct-2025,1377.9,Call,1400,15.2,21.69,24.2799,-1,21301,7562
28-Oct-2025,1377.9,Call,1380,24.05,21.76,24.2799,171,9855,6673
28-Oct-2025,1377.9,Put,1380,19.65,20.47,24.2799,230,7012,3888
28-Oct-2025,1377.9,Call,1390,19.15,21.55,24.2799,117,4976,3305
28-Oct-2025,1377.9,Call,1370,29.55,21.78,24.2799,28,4769,3042
25-Nov-2025,1377.9,-,0,1391.5,0,24.2799,1880,23546,2894
28-Oct-2025,1377.9,Put,1370,15.35,20.66,24.2799,-56,4330,2648
28-Oct-2025,1377.9,Put,1360,11.75,20.68,24.2799,-74,4738,2384
28-Oct-2025,1377.9,Call,1410,11.7,21.52,24.2799,187,2916,2265
28-Oct-2025,1377.9,Call,1420,8.8,21.53,24.2799,69,7565,2037
28-Oct-2025,1377.9,Put,1350,8.75,20.85,24.2799,67,4013,1813
28-Oct-2025,1377.9,Put,1400,30.7,20.27,24.2799,33,8024,1550
28-Oct-2025,1377.9,Call,1450,4,22.43,24.2799,153,4854,1521
28-Oct-2025,1377.9,Call,1440,5.3,22.26,24.2799,259,7056,1416
28-Oct-2025,1377.9,Put,1340,6.5,21.03,24.2799,-62,2738,1385
28-Oct-2025,1377.9,Call,1430,6.8,21.8,24.2799,87,2356,1384
28-Oct-2025,1377.9,Put,1390,24.7,20.53,24.2799,37,3469,1336
28-Oct-2025,1377.9,Call,1360,35.9,21.97,24.2799,-60,3828,1329
28-Oct-2025,1377.9,Call,1500,1.35,25.62,24.2799,351,12558,1320
28-Oct-2025,1377.9,Put,1330,4.85,21.5,24.2799,-1,1973,1264
28-Oct-2025,1377.9,Call,1350,43.1,22.31,24.2799,20,1973,1093
28-Oct-2025,1377.9,Put,1320,3.6,21.95,24.2799,-95,1926,1049
25-Nov-2025,1377.9,Call,1400,31.6,18.55,24.2799,131,2362,820
28-Oct-2025,1377.9,Call,1460,3,22.79,24.2799,23,2382,753
28-Oct-2025,1377.9,Put,1300,2.1,23.31,24.2799,105,4089,722
25-Nov-2025,1377.9,Call,1360,53.8,18.92,24.2799,589,727,712
28-Oct-2025,1377.9,Put,1410,37.25,20.24,24.2799,-39,1269,694
28-Oct-2025,1377.9,Put,1310,2.7,22.63,24.2799,-15,832,459
28-Oct-2025,1377.9,Call,1470,2.35,23.22,24.2799,3,1477,432
25-Nov-2025,1377.9,Call,1500,6.35,19.75,24.2799,78,1696,390
25-Nov-2025,1377.9,Call,1380,41.6,18.68,24.2799,21,561,322
28-Oct-2025,1377.9,Call,1490,1.6,24.79,24.2799,25,1493,311
25-Nov-2025,1377.9,Call,1450,14.25,18.75,24.2799,118,441,272
28-Oct-2025,1377.9,Call,1480,1.9,23.92,24.2799,41,1642,257
25-Nov-2025,1377.9,Put,1400,38.7,19.22,24.2799,132,1505,230
25-Nov-2025,1377.9,Put,1300,7,20.13,24.2799,97,623,222
28-Oct-2025,1377.9,Put,1280,1.2,24.58,24.2799,-10,2255,186
28-Oct-2025,1377.9,Call,1340,50.85,22.66,24.2799,14,882,176
25-Nov-2025,1377.9,Put,1360,20.8,19.27,24.2799,59,454,164
25-Nov-2025,1377.9,Call,1390,36.5,18.75,24.2799,39,286,163
28-Oct-2025,1377.9,Put,1290,1.6,23.99,24.2799,-13,822,161
28-Oct-2025,1377.9,Put,1270,0.95,25.43,24.2799,-29,825,156
25-Nov-2025,1377.9,Put,1450,71.15,19.71,24.2799,118,152,137
28-Oct-2025,1377.9,Call,1600,0.35,33.61,24.2799,71,2390,133
28-Oct-2025,1377.9,Put,1250,0.7,27.8,24.2799,-15,779,130
30-Dec-2025,1377.9,-,0,1400.4,0,24.2799,-16,3730,117
25-Nov-2025,1377.9,Call,1300,98.35,18.55,24.2799,94,341,114
25-Nov-2025,1377.9,Put,1330,12.55,19.77,24.2799,106,173,110
25-Nov-2025,1377.9,Put,1350,17.4,19.25,24.2799,9,182,100
28-Oct-2025,1377.9,Call,1510,1.05,26.02,24.2799,33,928,98
28-Oct-2025,1377.9,Put,1200,0.45,34.74,24.2799,5,2263,95
28-Oct-2025,1377.9,Call,1560,0.6,30.79,24.2799,16,1535,93
28-Oct-2025,1377.9,Call,1300,86.65,26.91,24.2799,37,1596,92
25-Nov-2025,1377.9,Call,1370,48,19.09,24.2799,-4,277,92
28-Oct-2025,1377.9,Put,1440,60.95,20.91,24.2799,10,1646,90
25-Nov-2025,1377.9,Put,1380,29.1,19.41,24.2799,45,378,88
28-Oct-2025,1377.9,Call,1520,0.9,26.86,24.2799,9,918,83
25-Nov-2025,1377.9,Call,1420,23.05,18.61,24.2799,22,383,77
25-Nov-2025,1377.9,Call,1520,4.65,20.15,24.2799,29,235,75
28-Oct-2025,1377.9,Call,1330,58.5,22.31,24.2799,23,336,72
28-Oct-2025,1377.9,Put,1420,44.05,19.86,24.2799,-6,1573,66
28-Oct-2025,1377.9,Put,1260,0.75,25.95,24.2799,-11,1368,64
25-Nov-2025,1377.9,Put,1390,33.15,19.06,24.2799,54,199,63
28-Oct-2025,1377.9,Put,1450,69,19.68,24.2799,-7,901,61
30-Dec-2025,1377.9,Call,1400,44.25,16.2,24.2799,6,250,53
25-Nov-2025,1377.9,Call,1350,60,18.7,24.2799,5,84,51
25-Nov-2025,1377.9,Call,1410,26.9,18.48,24.2799,15,37,48
28-Oct-2025,1377.9,Put,1160,0.3,39.72,24.2799,-39,64,47
25-Nov-2025,1377.9,Call,1460,12,18.82,24.2799,28,216,46
25-Nov-2025,1377.9,Put,1280,4.7,20.53,24.2799,23,237,42
28-Oct-2025,1377.9,Put,1430,52,19.95,24.2799,-10,489,41
28-Oct-2025,1377.9,Put,1460,78,19.34,24.2799,-14,631,40
28-Oct-2025,1377.9,Call,1540,0.6,27.99,24.2799,-8,1041,40
28-Oct-2025,1377.9,Put,1240,0.5,28.13,24.2799,-5,1501,38
25-Nov-2025,1377.9,Call,1600,1.55,22.81,24.2799,-1,459,37
25-Nov-2025,1377.9,Put,1270,4.05,21.06,24.2799,34,34,36
28-Oct-2025,1377.9,Call,1640,0.25,36.93,24.2799,-1,247,30
25-Nov-2025,1377.9,Put,1340,14.5,19.31,24.2799,6,394,29
28-Oct-2025,1377.9,Put,1500,116.7,21.02,24.2799,-7,4096,28
28-Oct-2025,1377.9,Call,1320,67.2,22.88,24.2799,1,421,25
25-Nov-2025,1377.9,Put,1250,2.9,21.9,24.2799,3,47,23
25-Nov-2025,1377.9,Put,1370,24.95,19.46,24.2799,10,267,22
25-Nov-2025,1377.9,Put,1420,50.5,19.03,24.2799,12,53,20
25-Nov-2025,1377.9,Call,1440,17,18.78,24.2799,11,177,18
25-Nov-2025,1377.9,Call,1560,2.7,21.55,24.2799,0,53,17
30-Dec-2025,1377.9,Call,1500,12.6,16.91,24.2799,6,82,16
25-Nov-2025,1377.9,Call,1470,10.3,19.08,24.2799,6,116,15
25-Nov-2025,1377.9,Call,1490,7.45,19.48,24.2799,11,12,15
28-Oct-2025,1377.9,Put,1220,0.4,30.69,24.2799,-1,248,14
28-Oct-2025,1377.9,Put,1600,217,39.64,24.2799,7,1930,14
25-Nov-2025,1377.9,Put,1460,78.25,19.48,24.2799,10,13,13
25-Nov-2025,1377.9,Put,1440,64.1,19.74,24.2799,5,33,13
28-Oct-2025,1377.9,Call,1530,0.65,26.9,24.2799,-2,196,12
25-Nov-2025,1377.9,Put,1320,10.3,19.8,24.2799,4,143,12
25-Nov-2025,1377.9,Call,1430,20.1,18.79,24.2799,3,62,11
25-Nov-2025,1377.9,Put,1240,2.45,22.31,24.2799,4,267,10
25-Nov-2025,1377.9,Put,1260,3.35,21.36,24.2799,-2,116,10
28-Oct-2025,1377.9,Call,1310,77.05,25.18,24.2799,0,187,8
25-Nov-2025,1377.9,Call,1480,8.65,19.18,24.2799,-2,236,8
25-Nov-2025,1377.9,Put,1500,112.5,20.23,24.2799,7,53,8
28-Oct-2025,1377.9,Call,1180,201.95,0,24.2799,0,1164,7
28-Oct-2025,1377.9,Put,1470,88.3,22.14,24.2799,3,117,6
28-Oct-2025,1377.9,Call,1200,183,33.35,24.2799,-2,164,6
25-Nov-2025,1377.9,Put,1410,44,19.16,24.2799,4,20,6
25-Nov-2025,1377.9,Put,1430,57.05,19.56,24.2799,-1,44,5
28-Oct-2025,1377.9,Put,1230,0.45,29.45,24.2799,-2,377,4
25-Nov-2025,1377.9,Call,1200,192,18.4,24.2799,1,2,4
28-Oct-2025,1377.9,Put,1640,255,0,24.2799,-1,1826,4
25-Nov-2025,1377.9,Put,1200,1.55,24.93,24.2799,3,75,4
28-Oct-2025,1377.9,Call,1140,241,0,24.2799,0,12,3
30-Dec-2025,1377.9,Call,1480,15.25,16.09,24.2799,1,57,3
28-Oct-2025,1377.9,Call,1290,96.75,29.61,24.2799,0,146,2
28-Oct-2025,1377.9,Put,1140,0.25,42.24,24.2799,0,131,2
25-Nov-2025,1377.9,Call,1340,67.65,19.16,24.2799,1,1,2
30-Dec-2025,1377.9,Call,1380,54,15.75,24.2799,1,1,2
30-Dec-2025,1377.9,Call,1560,5.75,17.8,24.2799,0,44,2
28-Oct-2025,1377.9,Put,1530,145.1,0,24.2799,0,28,1
28-Oct-2025,1377.9,Put,1480,95,0,24.2799,0,369,1
25-Nov-2025,1377.9,Put,1310,8.4,19.86,24.2799,0,59,1
30-Dec-2025,1377.9,Put,1400,44,19,24.2799,0,52,1
25-Nov-2025,1377.9,Call,1540,3.35,20.63,24.2799,0,52,1
30-Dec-2025,1377.9,Put,1300,11.5,19.19,24.2799,0,102,1
28-Oct-2025,1377.9,Call,1580,0,0,24.2799,0,259,0
28-Oct-2025,1377.9,Put,1180,0,0,24.2799,0,78,0
28-Oct-2025,1377.9,Put,1510,0,0,24.2799,0,61,0
28-Oct-2025,1377.9,Call,1620,0,0,24.2799,0,100,0
28-Oct-2025,1377.9,Put,1620,0,0,24.2799,0,72,0
28-Oct-2025,1377.9,Call,1260,0,0,24.2799,0,87,0
28-Oct-2025,1377.9,Call,1280,0,0,24.2799,0,123,0
28-Oct-2025,1377.9,Put,1520,0,0,24.2799,0,218,0
28-Oct-2025,1377.9,Put,1540,0,0,24.2799,0,324,0
28-Oct-2025,1377.9,Call,1270,0,0,24.2799,0,145,0
28-Oct-2025,1377.9,Call,1240,0,0,24.2799,0,69,0
28-Oct-2025,1377.9,Put,1490,0,0,24.2799,0,72,0
28-Oct-2025,1377.9,Call,1160,0,0,24.2799,0,9,0
25-Nov-2025,1377.9,Put,1490,0,0,24.2799,0,0,0
25-Nov-2025,1377.9,Put,1600,0,0,24.2799,0,30,0
28-Oct-2025,1377.9,Call,1220,0,0,24.2799,0,42,0
25-Nov-2025,1377.9,Call,1220,0,0,24.2799,0,0,0
25-Nov-2025,1377.9,Call,1310,0,0,24.2799,0,0,0
25-Nov-2025,1377.9,Call,1320,0,0,24.2799,0,0,0
25-Nov-2025,1377.9,Call,1280,0,0,24.2799,0,0,0
25-Nov-2025,1377.9,Put,1220,0,0,24.2799,0,17,0
25-Nov-2025,1377.9,Put,1560,0,0,24.2799,0,0,0
30-Dec-2025,1377.9,Call,1600,0,0,24.2799,0,0,0
30-Dec-2025,1377.9,Call,1420,0,0,24.2799,0,0,0
25-Nov-2025,1377.9,Put,1520,0,0,24.2799,0,0,0
28-Oct-2025,1377.9,Call,1250,0,0,24.2799,0,134,0
30-Dec-2025,1377.9,Call,1460,0,0,24.2799,0,0,0
25-Nov-2025,1377.9,Call,1180,0,0,24.2799,0,0,0
28-Oct-2025,1377.9,Put,1580,0,0,24.2799,0,71,0
25-Nov-2025,1377.9,Call,1250,0,0,24.2799,0,0,0
30-Dec-2025,1377.9,Call,1520,0,0,24.2799,0,0,0
30-Dec-2025,1377.9,Put,1380,0,0,24.2799,0,2,0
25-Nov-2025,1377.9,Call,1260,0,0,24.2799,0,0,0
25-Nov-2025,1377.9,Call,1270,0,0,24.2799,0,0,0
25-Nov-2025,1377.9,Call,1330,0,0,24.2799,0,0,0
25-Nov-2025,1377.9,Put,1480,0,0,24.2799,0,0,0
30-Dec-2025,1377.9,Put,1320,0,0,24.2799,0,6,0
30-Dec-2025,1377.9,Put,1340,0,0,24.2799,0,0,0
25-Nov-2025,1377.9,Put,1180,0,0,24.2799,0,0,0
30-Dec-2025,1377.9,Put,1260,0,0,24.2799,0,0,0
25-Nov-2025,1377.9,Call,1240,0,0,24.2799,0,1,0
25-Nov-2025,1377.9,Put,1540,0,0,24.2799,0,0,0
25-Nov-2025,1377.9,Call,1160,0,0,24.2799,0,0,0
30-Dec-2025,1377.9,Put,1360,0,0,24.2799,0,0,0
25-Nov-2025,1377.9,Put,1290,0,0,24.2799,0,0,0
25-Nov-2025,1377.9,Call,1290,0,0,24.2799,0,0,0
25-Nov-2025,1377.9,Put,1580,0,0,24.2799,0,0,0
30-Dec-2025,1377.9,Put,1280,0,0,24.2799,0,10,0
25-Nov-2025,1377.9,Put,1470,0,0,24.2799,0,0,0
25-Nov-2025,1377.9,Call,1580,0,0,24.2799,0,0,0
30-Dec-2025,1377.9,Put,1240,0,0,24.2799,0,0,0
25-Nov-2025,1377.9,Put,1160,0,0,24.2799,0,0,0
30-Dec-2025,1377.9,Put,1440,0,0,24.2799,0,0,0
30-Dec-2025,1377.9,Call,1440,0,0,24.2799,0,1,0
30-Dec-2025,1377.9,Put,1200,0,0,24.2799,0,45,0
28-Oct-2025,1377.9,Put,1560,0,0,24.2799,0,371,0
30-Dec-2025,1377.9,Put,1420,0,0,24.2799,0,0,0
