28-Oct-2025,1661.1,Call,1680,15.2,16.72,24.0473,-11,4272,2162
28-Oct-2025,1661.1,Call,1700,8.4,16.46,24.0473,96,2740,1796
28-Oct-2025,1661.1,Call,1720,4.85,17,24.0473,-46,1057,1596
28-Oct-2025,1661.1,Call,1660,25.6,17.41,24.0473,-92,1482,1547
28-Oct-2025,1661.1,-,0,1667.8,0,24.0473,253,42562,1451
28-Oct-2025,1661.1,Put,1600,5.3,21.46,24.0473,184,1771,1303
28-Oct-2025,1661.1,Call,1800,0.9,21.88,24.0473,-653,891,1172
28-Oct-2025,1661.1,Put,1660,18,17.09,24.0473,110,628,992
28-Oct-2025,1661.1,Put,1580,3.95,23.54,24.0473,335,1306,836
28-Oct-2025,1661.1,Call,1740,2.95,18.13,24.0473,76,737,774
28-Oct-2025,1661.1,Put,1640,11.55,18.11,24.0473,35,786,740
28-Oct-2025,1661.1,Call,1640,38.75,18.49,24.0473,-18,667,677
28-Oct-2025,1661.1,Put,1500,1.7,32.69,24.0473,-12,1815,613
28-Oct-2025,1661.1,Put,1680,27.4,16.29,24.0473,79,688,559
28-Oct-2025,1661.1,Put,1620,7.65,19.13,24.0473,81,751,545
25-Nov-2025,1661.1,-,0,1676.1,0,24.0473,225,1086,402
28-Oct-2025,1661.1,Put,1700,41,15.97,24.0473,8,1096,293
28-Oct-2025,1661.1,Put,1560,3.05,25.68,24.0473,17,651,272
28-Oct-2025,1661.1,Put,1540,2.45,28.06,24.0473,-5,844,155
28-Oct-2025,1661.1,Call,1760,1.8,19.15,24.0473,5,413,116
28-Oct-2025,1661.1,Call,1620,54.85,20.54,24.0473,8,132,105
28-Oct-2025,1661.1,Put,1720,57.3,14.22,24.0473,-8,154,74
28-Oct-2025,1661.1,Call,1780,1.3,20.62,24.0473,-13,188,62
28-Oct-2025,1661.1,Call,1600,72.55,22.75,24.0473,-5,846,46
28-Oct-2025,1661.1,Put,1420,0.55,38.76,24.0473,-11,160,36
28-Oct-2025,1661.1,Put,1520,2,30.3,24.0473,4,331,27
28-Oct-2025,1661.1,Call,1820,0.8,23.97,24.0473,-10,151,27
25-Nov-2025,1661.1,Call,1760,16.3,19.84,24.0473,7,41,19
28-Oct-2025,1661.1,Put,1760,93.45,0,24.0473,-1,53,16
25-Nov-2025,1661.1,Put,1600,17.5,21.41,24.0473,1,292,15
28-Oct-2025,1661.1,Put,1460,0.9,35.38,24.0473,-3,496,12
28-Oct-2025,1661.1,Call,1580,91.25,27.67,24.0473,-2,167,11
25-Nov-2025,1661.1,Call,1800,9.5,20.24,24.0473,1,106,7
25-Nov-2025,1661.1,Call,1680,44.8,20.04,24.0473,5,32,7
28-Oct-2025,1661.1,Put,1740,75.15,0,24.0473,1,63,5
25-Nov-2025,1661.1,Call,1660,58.45,21.55,24.0473,0,19,4
30-Dec-2025,1661.1,-,0,1687.7,0,24.0473,0,107,3
28-Oct-2025,1661.1,Call,1840,0.55,24.95,24.0473,0,113,3
28-Oct-2025,1661.1,Put,1800,131.2,0,24.0473,0,59,3
25-Nov-2025,1661.1,Put,1740,80.2,19.83,24.0473,0,0,3
28-Oct-2025,1661.1,Put,1400,0.5,41.2,24.0473,0,486,1
28-Oct-2025,1661.1,Put,1480,1.15,33.62,24.0473,0,372,1
28-Oct-2025,1661.1,Call,1880,0.35,27.74,24.0473,0,251,1
25-Nov-2025,1661.1,Call,1820,7.5,20.73,24.0473,0,10,1
25-Nov-2025,1661.1,Put,1700,56,20.48,24.0473,0,24,1
28-Oct-2025,1661.1,Put,1440,0,0,24.0473,0,172,0
28-Oct-2025,1661.1,Put,1780,0,0,24.0473,0,12,0
28-Oct-2025,1661.1,Call,1540,0,0,24.0473,0,65,0
28-Oct-2025,1661.1,Put,1840,0,0,24.0473,0,1,0
28-Oct-2025,1661.1,Call,1920,0,0,24.0473,0,0,0
28-Oct-2025,1661.1,Put,1920,0,0,24.0473,0,0,0
28-Oct-2025,1661.1,Put,1320,0,0,24.0473,0,2,0
28-Oct-2025,1661.1,Call,1560,0,0,24.0473,0,87,0
28-Oct-2025,1661.1,Put,1360,0,0,24.0473,0,31,0
28-Oct-2025,1661.1,Put,1880,0,0,24.0473,0,29,0
28-Oct-2025,1661.1,Put,1820,0,0,24.0473,0,0,0
28-Oct-2025,1661.1,Call,1480,0,0,24.0473,0,0,0
28-Oct-2025,1661.1,Call,1460,0,0,24.0473,0,9,0
28-Oct-2025,1661.1,Call,1400,0,0,24.0473,0,1,0
28-Oct-2025,1661.1,Call,1440,0,0,24.0473,0,0,0
28-Oct-2025,1661.1,Call,1500,0,0,24.0473,0,76,0
25-Nov-2025,1661.1,Call,1560,0,0,24.0473,0,0,0
25-Nov-2025,1661.1,Put,1400,0,0,24.0473,0,0,0
25-Nov-2025,1661.1,Call,1880,0,0,24.0473,0,0,0
25-Nov-2025,1661.1,Call,1640,0,0,24.0473,0,31,0
28-Oct-2025,1661.1,Call,1520,0,0,24.0473,0,48,0
25-Nov-2025,1661.1,Call,1780,0,0,24.0473,0,5,0
25-Nov-2025,1661.1,Put,1480,0,0,24.0473,0,0,0
25-Nov-2025,1661.1,Put,1660,0,0,24.0473,0,0,0
25-Nov-2025,1661.1,Put,1780,0,0,24.0473,0,0,0
25-Nov-2025,1661.1,Call,1840,0,0,24.0473,0,26,0
25-Nov-2025,1661.1,Put,1540,0,0,24.0473,0,37,0
25-Nov-2025,1661.1,Put,1820,0,0,24.0473,0,0,0
25-Nov-2025,1661.1,Put,1440,0,0,24.0473,0,0,0
25-Nov-2025,1661.1,Call,1740,0,0,24.0473,0,1,0
25-Nov-2025,1661.1,Call,1620,0,0,24.0473,0,0,0
25-Nov-2025,1661.1,Put,1500,0,0,24.0473,0,0,0
25-Nov-2025,1661.1,Put,1560,0,0,24.0473,0,0,0
25-Nov-2025,1661.1,Put,1580,0,0,24.0473,0,13,0
25-Nov-2025,1661.1,Call,1540,0,0,24.0473,0,0,0
25-Nov-2025,1661.1,Put,1640,0,0,24.0473,0,32,0
25-Nov-2025,1661.1,Call,1720,0,0,24.0473,0,11,0
25-Nov-2025,1661.1,Put,1620,0,0,24.0473,0,10,0
25-Nov-2025,1661.1,Call,1920,0,0,24.0473,0,0,0
25-Nov-2025,1661.1,Call,1700,0,0,24.0473,0,41,0
25-Nov-2025,1661.1,Call,1600,0,0,24.0473,0,2,0
25-Nov-2025,1661.1,Put,1880,0,0,24.0473,0,0,0
25-Nov-2025,1661.1,Put,1520,0,0,24.0473,0,0,0
25-Nov-2025,1661.1,Call,1440,0,0,24.0473,0,0,0
25-Nov-2025,1661.1,Call,1400,0,0,24.0473,0,0,0
25-Nov-2025,1661.1,Call,1520,0,0,24.0473,0,0,0
25-Nov-2025,1661.1,Put,1680,0,0,24.0473,0,7,0
25-Nov-2025,1661.1,Put,1720,0,0,24.0473,0,0,0
25-Nov-2025,1661.1,Call,1500,0,0,24.0473,0,0,0
25-Nov-2025,1661.1,Put,1760,0,0,24.0473,0,0,0
25-Nov-2025,1661.1,Put,1840,0,0,24.0473,0,0,0
25-Nov-2025,1661.1,Call,1480,0,0,24.0473,0,0,0
25-Nov-2025,1661.1,Put,1920,0,0,24.0473,0,0,0
25-Nov-2025,1661.1,Call,1580,0,0,24.0473,0,0,0
30-Dec-2025,1661.1,Put,1600,0,0,24.0473,0,0,0
30-Dec-2025,1661.1,Put,1440,0,0,24.0473,0,0,0
30-Dec-2025,1661.1,Put,1520,0,0,24.0473,0,0,0
30-Dec-2025,1661.1,Put,1720,0,0,24.0473,0,0,0
30-Dec-2025,1661.1,Put,1560,0,0,24.0473,0,0,0
30-Dec-2025,1661.1,Call,1920,0,0,24.0473,0,0,0
30-Dec-2025,1661.1,Call,1640,0,0,24.0473,0,1,0
25-Nov-2025,1661.1,Put,1800,0,0,24.0473,0,1,0
30-Dec-2025,1661.1,Call,1800,0,0,24.0473,0,10,0
30-Dec-2025,1661.1,Put,1680,0,0,24.0473,0,0,0
30-Dec-2025,1661.1,Put,1640,0,0,24.0473,0,21,0
30-Dec-2025,1661.1,Call,1720,0,0,24.0473,0,0,0
30-Dec-2025,1661.1,Call,1680,0,0,24.0473,0,0,0
30-Dec-2025,1661.1,Put,1480,0,0,24.0473,0,0,0
30-Dec-2025,1661.1,Call,1760,0,0,24.0473,0,1,0
