28-Oct-2025,171.88,Call,175,2.3,26.14,34.4097,57,4430,1816
28-Oct-2025,171.88,Call,190,0.25,31.74,34.4097,12,2086,1783
28-Oct-2025,171.88,Call,172.5,3.35,25.83,34.4097,-90,1581,1737
28-Oct-2025,171.88,-,0,172.66,0,34.4097,276,35163,1578
28-Oct-2025,171.88,Call,180,1.05,27.69,34.4097,-87,5482,1300
28-Oct-2025,171.88,Put,170,2.1,25.19,34.4097,39,1758,1105
28-Oct-2025,171.88,Call,170,4.75,26.38,34.4097,-49,2090,1059
28-Oct-2025,171.88,Call,177.5,1.55,26.73,34.4097,25,1548,818
28-Oct-2025,171.88,Put,155,0.2,33.93,34.4097,-5,734,681
28-Oct-2025,171.88,Put,160,0.4,30.17,34.4097,25,1409,558
28-Oct-2025,171.88,Put,165,0.85,26.01,34.4097,-29,1795,548
28-Oct-2025,171.88,Call,185,0.45,29.39,34.4097,36,1792,537
28-Oct-2025,171.88,Put,172.5,3.15,24.77,34.4097,23,1201,479
28-Oct-2025,171.88,Put,167.5,1.4,26.26,34.4097,-5,843,282
25-Nov-2025,171.88,-,0,173.6,0,34.4097,78,1618,267
28-Oct-2025,171.88,Call,182.5,0.65,27.31,34.4097,6,2277,234
28-Oct-2025,171.88,Put,162.5,0.5,27.91,34.4097,77,610,224
28-Oct-2025,171.88,Put,175,4.6,24.72,34.4097,-21,1392,219
28-Oct-2025,171.88,Call,167.5,6.5,26.3,34.4097,26,329,172
28-Oct-2025,171.88,Put,150,0.1,37.47,34.4097,-56,1458,140
25-Nov-2025,171.88,Put,170,3.8,24.34,34.4097,77,240,130
28-Oct-2025,171.88,Call,187.5,0.35,30.53,34.4097,-6,413,113
28-Oct-2025,171.88,Put,152.5,0.1,33.69,34.4097,-3,130,95
28-Oct-2025,171.88,Put,157.5,0.25,31.23,34.4097,44,241,82
28-Oct-2025,171.88,Put,177.5,6.3,25.22,34.4097,-33,557,82
28-Oct-2025,171.88,Call,165,8.5,27.34,34.4097,6,349,71
25-Nov-2025,171.88,Call,180,3.3,24.84,34.4097,-7,398,66
28-Oct-2025,171.88,Put,180,8.3,25.99,34.4097,-9,810,40
25-Nov-2025,171.88,Call,190,1.2,25.85,34.4097,8,262,32
30-Dec-2025,171.88,-,0,174.78,0,34.4097,-6,209,27
25-Nov-2025,171.88,Put,155,0.75,27.45,34.4097,-9,34,25
25-Nov-2025,171.88,Call,175,5.1,24.1,34.4097,10,170,25
28-Oct-2025,171.88,Call,160,12.95,29.8,34.4097,-10,333,24
25-Nov-2025,171.88,Call,185,2,25.01,34.4097,-8,194,24
28-Oct-2025,171.88,Call,192.5,0.15,31.84,34.4097,3,38,23
28-Oct-2025,171.88,Call,162.5,10.75,28.25,34.4097,5,64,21
25-Nov-2025,171.88,Call,200,0.45,27.09,34.4097,9,133,21
25-Nov-2025,171.88,Call,170,7.6,23.43,34.4097,6,102,21
25-Nov-2025,171.88,Put,175,6.2,25.2,34.4097,12,121,21
28-Oct-2025,171.88,Put,185,12.75,27.82,34.4097,3,214,17
28-Oct-2025,171.88,Put,187.5,15.1,28.68,34.4097,2,46,15
25-Nov-2025,171.88,Put,160,1.25,25.68,34.4097,4,263,13
28-Oct-2025,171.88,Call,157.5,15.4,33.47,34.4097,0,40,11
25-Nov-2025,171.88,Put,165,2.25,24.98,34.4097,0,203,11
25-Nov-2025,171.88,Call,172.5,6.2,23.83,34.4097,6,11,10
28-Oct-2025,171.88,Call,200,0.1,38.14,34.4097,0,1274,8
28-Oct-2025,171.88,Call,195,0.1,32.59,34.4097,0,1318,6
28-Oct-2025,171.88,Put,140,0.05,48.05,34.4097,0,74,5
28-Oct-2025,171.88,Put,182.5,10.45,26.61,34.4097,0,84,5
28-Oct-2025,171.88,Put,147.5,0.1,41.27,34.4097,0,348,4
25-Nov-2025,171.88,Put,150,0.45,29.29,34.4097,1,77,4
25-Nov-2025,171.88,Put,190,17.4,27.69,34.4097,1,17,4
28-Oct-2025,171.88,Call,150,22.4,0,34.4097,0,119,2
28-Oct-2025,171.88,Put,142.5,0.1,48.96,34.4097,0,18,2
25-Nov-2025,171.88,Call,195,0.7,25.95,34.4097,0,81,2
25-Nov-2025,171.88,Call,182.5,2.55,24.75,34.4097,0,0,1
25-Nov-2025,171.88,Call,165,10.7,22.8,34.4097,0,24,1
25-Nov-2025,171.88,Call,160,14.6,22.27,34.4097,0,30,1
25-Nov-2025,171.88,Put,180,9.4,0,34.4097,0,53,1
25-Nov-2025,171.88,Put,130,0.15,42.12,34.4097,0,13,1
25-Nov-2025,171.88,Call,167.5,9,23.07,34.4097,0,4,1
30-Dec-2025,171.88,Call,180,5.15,22.37,34.4097,0,5,1
28-Oct-2025,171.88,Call,135,0,0,34.4097,0,7,0
28-Oct-2025,171.88,Put,145,0,0,34.4097,0,384,0
28-Oct-2025,171.88,Call,155,0,0,34.4097,0,155,0
28-Oct-2025,171.88,Put,190,0,0,34.4097,0,114,0
28-Oct-2025,171.88,Call,140,0,0,34.4097,0,65,0
28-Oct-2025,171.88,Call,145,0,0,34.4097,0,26,0
28-Oct-2025,171.88,Call,147.5,0,0,34.4097,0,3,0
28-Oct-2025,171.88,Call,152.5,0,0,34.4097,0,20,0
28-Oct-2025,171.88,Put,130,0,0,34.4097,0,141,0
28-Oct-2025,171.88,Put,192.5,0,0,34.4097,0,0,0
28-Oct-2025,171.88,Call,130,0,0,34.4097,0,118,0
28-Oct-2025,171.88,Put,195,0,0,34.4097,0,69,0
28-Oct-2025,171.88,Put,200,0,0,34.4097,0,27,0
25-Nov-2025,171.88,Put,195,0,0,34.4097,0,0,0
25-Nov-2025,171.88,Put,145,0,0,34.4097,0,2,0
25-Nov-2025,171.88,Call,130,0,0,34.4097,0,1,0
25-Nov-2025,171.88,Put,200,0,0,34.4097,0,0,0
25-Nov-2025,171.88,Call,155,0,0,34.4097,0,2,0
25-Nov-2025,171.88,Call,192.5,0,0,34.4097,0,0,0
25-Nov-2025,171.88,Call,145,0,0,34.4097,0,0,0
25-Nov-2025,171.88,Call,150,0,0,34.4097,0,3,0
25-Nov-2025,171.88,Put,192.5,0,0,34.4097,0,0,0
25-Nov-2025,171.88,Put,182.5,0,0,34.4097,0,0,0
25-Nov-2025,171.88,Call,187.5,0,0,34.4097,0,0,0
25-Nov-2025,171.88,Put,187.5,0,0,34.4097,0,0,0
25-Nov-2025,171.88,Put,185,0,0,34.4097,0,0,0
25-Nov-2025,171.88,Put,152.5,0,0,34.4097,0,0,0
25-Nov-2025,171.88,Call,157.5,0,0,34.4097,0,0,0
25-Nov-2025,171.88,Put,162.5,0,0,34.4097,0,0,0
25-Nov-2025,171.88,Call,152.5,0,0,34.4097,0,0,0
25-Nov-2025,171.88,Put,167.5,0,0,34.4097,0,1,0
25-Nov-2025,171.88,Call,162.5,0,0,34.4097,0,0,0
25-Nov-2025,171.88,Call,177.5,0,0,34.4097,0,0,0
25-Nov-2025,171.88,Put,157.5,0,0,34.4097,0,0,0
30-Dec-2025,171.88,Put,190,0,0,34.4097,0,0,0
30-Dec-2025,171.88,Put,170,0,0,34.4097,0,1,0
30-Dec-2025,171.88,Call,160,0,0,34.4097,0,0,0
30-Dec-2025,171.88,Call,170,0,0,34.4097,0,6,0
25-Nov-2025,171.88,Put,177.5,0,0,34.4097,0,0,0
30-Dec-2025,171.88,Call,165,0,0,34.4097,0,0,0
25-Nov-2025,171.88,Put,172.5,0,0,34.4097,0,2,0
30-Dec-2025,171.88,Put,150,0,0,34.4097,0,0,0
30-Dec-2025,171.88,Put,180,0,0,34.4097,0,0,0
30-Dec-2025,171.88,Call,150,0,0,34.4097,0,0,0
30-Dec-2025,171.88,Put,155,0,0,34.4097,0,0,0
30-Dec-2025,171.88,Call,155,0,0,34.4097,0,0,0
30-Dec-2025,171.88,Call,175,0,0,34.4097,0,0,0
30-Dec-2025,171.88,Call,185,0,0,34.4097,0,1,0
30-Dec-2025,171.88,Put,165,0,0,34.4097,0,5,0
30-Dec-2025,171.88,Put,185,0,0,34.4097,0,0,0
30-Dec-2025,171.88,Call,200,0,0,34.4097,0,0,0
30-Dec-2025,171.88,Call,210,0,0,34.4097,0,0,0
30-Dec-2025,171.88,Put,210,0,0,34.4097,0,1,0
30-Dec-2025,171.88,Call,140,0,0,34.4097,0,0,0
30-Dec-2025,171.88,Put,175,0,0,34.4097,0,0,0
30-Dec-2025,171.88,Put,200,0,0,34.4097,0,0,0
30-Dec-2025,171.88,Call,190,0,0,34.4097,0,25,0
30-Dec-2025,171.88,Put,160,0,0,34.4097,0,3,0
