28-Oct-2025,389.95,Call,400,7.15,36.48,35.8352,6778,11432,37333
28-Oct-2025,389.95,-,0,390,0,35.8352,12500,36108,26897
28-Oct-2025,389.95,Call,450,0.85,45.36,35.8352,2131,6632,23125
28-Oct-2025,389.95,Call,420,2.85,39.71,35.8352,2048,7905,20175
28-Oct-2025,389.95,Call,410,4.5,37.85,35.8352,2051,6155,19298
28-Oct-2025,389.95,Call,470,0.45,50.68,35.8352,1062,5524,19245
28-Oct-2025,389.95,Put,390,11,40.06,35.8352,1534,3110,16428
28-Oct-2025,389.95,Call,430,1.8,41.85,35.8352,483,4576,14729
28-Oct-2025,389.95,Call,440,1.2,43.83,35.8352,606,4102,13564
28-Oct-2025,389.95,Put,380,6.75,39.73,35.8352,720,2030,11599
28-Oct-2025,389.95,Call,390,11.15,35.32,35.8352,2175,2809,11029
28-Oct-2025,389.95,Call,460,0.6,48.17,35.8352,1573,3304,10575
28-Oct-2025,389.95,Put,400,17,41.46,35.8352,937,2928,10389
28-Oct-2025,389.95,Put,370,4.1,41.2,35.8352,605,1346,8213
25-Nov-2025,389.95,-,0,392.75,0,35.8352,3256,7885,7244
28-Oct-2025,389.95,Put,340,0.95,49.47,35.8352,1561,2547,6654
28-Oct-2025,389.95,Put,330,0.65,52.54,35.8352,646,1528,6604
28-Oct-2025,389.95,Put,350,1.5,46.38,35.8352,700,2271,6190
28-Oct-2025,389.95,Put,360,2.5,43.17,35.8352,96,1110,5020
28-Oct-2025,389.95,Put,320,0.45,56.13,0,0,548,3380
28-Oct-2025,389.95,Put,410,24.35,43.05,35.8352,154,1135,2576
28-Oct-2025,389.95,Call,380,16.9,34.4,35.8352,381,643,2340
25-Nov-2025,389.95,Call,400,17.35,38.07,35.8352,655,1370,2111
28-Oct-2025,389.95,Call,480,0.35,53.25,0,0,487,1987
25-Nov-2025,389.95,Call,450,5.2,41.07,35.8352,249,1221,1359
28-Oct-2025,389.95,Put,300,0.2,64.22,0,0,434,1321
25-Nov-2025,389.95,Call,420,10.65,39.09,35.8352,338,820,1210
30-Dec-2025,389.95,-,0,395.45,0,35.8352,788,1674,977
25-Nov-2025,389.95,Call,470,3.35,42.9,35.8352,87,588,754
28-Oct-2025,389.95,Call,500,0.25,57.32,0,0,329,710
25-Nov-2025,389.95,Put,400,24.35,40.98,35.8352,278,620,689
28-Oct-2025,389.95,Put,420,32.75,46.1,35.8352,27,576,672
25-Nov-2025,389.95,Call,440,6.55,40.38,35.8352,91,294,650
25-Nov-2025,389.95,Call,430,8.4,39.6,35.8352,165,310,509
25-Nov-2025,389.95,Put,380,14.5,40.9,35.8352,83,187,471
25-Nov-2025,389.95,Put,350,6,42.98,35.8352,86,295,462
28-Oct-2025,389.95,Call,370,24.3,33.81,35.8352,96,137,368
25-Nov-2025,389.95,Call,410,13.8,38.31,35.8352,99,305,365
25-Nov-2025,389.95,Put,390,18.95,40.34,35.8352,133,244,356
25-Nov-2025,389.95,Call,390,22,38.49,35.8352,157,224,311
25-Nov-2025,389.95,Put,340,4.3,43.92,35.8352,26,113,223
25-Nov-2025,389.95,Call,500,1.6,44.9,0,0,122,208
25-Nov-2025,389.95,Call,460,4.2,41.39,35.8352,45,133,201
25-Nov-2025,389.95,Put,370,10.9,41.23,35.8352,62,86,198
28-Oct-2025,389.95,Put,450,60.7,57.31,35.8352,46,185,149
25-Nov-2025,389.95,Put,330,3.15,45.3,35.8352,33,54,141
25-Nov-2025,389.95,Put,360,8.05,41.99,35.8352,37,40,106
28-Oct-2025,389.95,Call,350,42.05,33.69,35.8352,13,65,103
30-Dec-2025,389.95,Call,400,25.5,36.77,35.8352,63,73,86
25-Nov-2025,389.95,Put,500,104.65,37.89,0,0,75,81
28-Oct-2025,389.95,Put,440,50.85,54.49,35.8352,41,53,76
25-Nov-2025,389.95,Call,380,27.55,37.75,35.8352,33,73,71
30-Dec-2025,389.95,Call,440,12.2,37.62,35.8352,42,56,61
25-Nov-2025,389.95,Put,300,1.25,50.39,0,0,48,57
28-Oct-2025,389.95,Call,360,32.2,28.19,35.8352,18,46,37
28-Oct-2025,389.95,Put,470,77.35,0,35.8352,4,81,35
25-Nov-2025,389.95,Put,410,30.6,41.99,35.8352,15,23,29
25-Nov-2025,389.95,Put,480,87,44.3,0,0,21,28
25-Nov-2025,389.95,Put,420,37.7,43.08,35.8352,7,16,25
30-Dec-2025,389.95,Call,420,17.9,37.15,35.8352,7,29,25
28-Oct-2025,389.95,Put,430,41.85,52.68,35.8352,2,103,24
28-Oct-2025,389.95,Put,460,67.7,0,35.8352,13,56,21
25-Nov-2025,389.95,Call,370,34.4,39.04,35.8352,18,18,19
25-Nov-2025,389.95,Call,480,2.7,43.83,0,0,8,14
25-Nov-2025,389.95,Put,450,60,41.71,35.8352,10,10,12
30-Dec-2025,389.95,Put,360,11.6,38.99,35.8352,11,11,12
28-Oct-2025,389.95,Put,500,107.45,0,0,0,10,11
30-Dec-2025,389.95,Put,400,28.65,39.37,35.8352,1,19,7
25-Nov-2025,389.95,Put,440,50,36.94,35.8352,1,1,2
25-Nov-2025,389.95,Call,300,93.95,35.65,0,0,0,1
28-Oct-2025,389.95,Call,340,0,0,35.8352,0,0,0
28-Oct-2025,389.95,Call,330,0,0,35.8352,0,0,0
28-Oct-2025,389.95,Call,300,0,0,0,0,0,0
28-Oct-2025,389.95,Call,320,0,0,0,0,0,0
25-Nov-2025,389.95,Call,320,0,0,0,0,0,0
25-Nov-2025,389.95,Put,460,0,0,35.8352,0,0,0
28-Oct-2025,389.95,Put,480,0,0,0,0,0,0
25-Nov-2025,389.95,Call,350,0,0,35.8352,0,0,0
25-Nov-2025,389.95,Put,470,0,0,35.8352,0,0,0
25-Nov-2025,389.95,Call,340,0,0,35.8352,0,0,0
25-Nov-2025,389.95,Call,330,0,0,35.8352,0,0,0
25-Nov-2025,389.95,Call,360,0,0,35.8352,0,0,0
30-Dec-2025,389.95,Call,520,0,0,0,0,0,0
25-Nov-2025,389.95,Put,320,0,0,0,0,0,0
30-Dec-2025,389.95,Put,320,0,0,35.8352,0,0,0
25-Nov-2025,389.95,Put,430,0,0,35.8352,0,0,0
30-Dec-2025,389.95,Put,420,0,0,35.8352,0,0,0
30-Dec-2025,389.95,Call,460,0,0,35.8352,0,0,0
30-Dec-2025,389.95,Put,380,0,0,35.8352,0,0,0
30-Dec-2025,389.95,Call,480,0,0,35.8352,0,0,0
30-Dec-2025,389.95,Put,340,0,0,35.8352,0,0,0
30-Dec-2025,389.95,Put,440,0,0,0,0,0,0
30-Dec-2025,389.95,Call,380,0,0,35.8352,0,0,0
30-Dec-2025,389.95,Put,280,0,0,0,0,0,0
