28-Oct-2025,1452.4,-,0,1440.7,0,30.0988,1618,25883,6496
28-Oct-2025,1452.4,Call,1460,18.3,17.82,30.0988,1055,2256,6136
28-Oct-2025,1452.4,Call,1500,7.85,20.6,30.0988,606,2536,5804
28-Oct-2025,1452.4,Call,1480,12.05,19.46,30.0988,483,2001,5327
28-Oct-2025,1452.4,Call,1440,26.8,15.62,30.0988,537,1165,3498
28-Oct-2025,1452.4,Put,1440,25.15,31.18,30.0988,345,1123,3447
28-Oct-2025,1452.4,Put,1400,10.8,29.7,30.0988,-14,1390,2789
28-Oct-2025,1452.4,Put,1460,36.6,32.88,30.0988,28,958,2241
28-Oct-2025,1452.4,Call,1520,5.05,22.03,30.0988,151,862,2214
28-Oct-2025,1452.4,Put,1420,16.6,30.47,30.0988,164,888,1854
28-Oct-2025,1452.4,Put,1380,6.8,29.83,30.0988,-52,633,1582
28-Oct-2025,1452.4,Call,1540,3.4,23.31,30.0988,-151,742,1470
28-Oct-2025,1452.4,Call,1600,1.1,27.6,30.0988,-49,1410,1142
28-Oct-2025,1452.4,Call,1560,2.3,24.85,30.0988,25,796,972
28-Oct-2025,1452.4,Put,1360,4.3,30.65,30.0988,88,749,971
28-Oct-2025,1452.4,Call,1580,1.55,26.27,30.0988,-34,523,811
28-Oct-2025,1452.4,Put,1340,2.85,31.61,30.0988,-69,555,766
28-Oct-2025,1452.4,Put,1480,50.5,36.18,30.0988,-117,343,547
25-Nov-2025,1452.4,-,0,1448.7,0,30.0988,152,2774,533
28-Oct-2025,1452.4,Call,1420,38.2,8.54,30.0988,11,503,457
28-Oct-2025,1452.4,Call,1620,0.75,28.94,30.0988,-50,423,441
28-Oct-2025,1452.4,Put,1300,1.4,34.15,30.0988,-113,558,420
28-Oct-2025,1452.4,Put,1320,2.05,32.75,30.0988,-86,261,419
25-Nov-2025,1452.4,Call,1500,25.95,20.37,30.0988,67,221,295
28-Oct-2025,1452.4,Call,1640,0.55,30.31,30.0988,-75,322,264
28-Oct-2025,1452.4,Put,1500,67.15,38.6,30.0988,12,467,254
28-Oct-2025,1452.4,Call,1400,52.45,0,30.0988,14,331,252
28-Oct-2025,1452.4,Put,1280,0.85,34.86,30.0988,16,277,222
25-Nov-2025,1452.4,Put,1400,25,27.69,30.0988,47,151,144
25-Nov-2025,1452.4,Put,1320,8.15,27.74,30.0988,-53,59,122
28-Oct-2025,1452.4,Call,1660,0.4,30.53,30.0988,-18,555,101
28-Oct-2025,1452.4,Call,1700,0.35,35.25,30.0988,35,256,91
28-Oct-2025,1452.4,Put,1240,0.45,38.36,30.0988,-17,500,86
25-Nov-2025,1452.4,Call,1600,7.4,22.69,30.0988,14,92,83
28-Oct-2025,1452.4,Put,1260,0.6,36.47,30.0988,-20,74,76
25-Nov-2025,1452.4,Call,1460,39.55,18.55,30.0988,30,62,76
28-Oct-2025,1452.4,Call,1680,0.35,32.91,30.0988,-2,172,64
30-Dec-2025,1452.4,-,0,1457.9,0,30.0988,22,114,51
28-Oct-2025,1452.4,Put,1200,0.1,37.95,30.0988,-1,609,51
25-Nov-2025,1452.4,Call,1480,32.05,19.53,30.0988,24,44,51
25-Nov-2025,1452.4,Put,1360,14.6,27.31,30.0988,-1,124,41
25-Nov-2025,1452.4,Put,1340,10.7,27.26,30.0988,-16,16,39
25-Nov-2025,1452.4,Put,1500,77,30.28,30.0988,9,150,31
28-Oct-2025,1452.4,Call,1320,120.95,0,30.0988,0,61,30
28-Oct-2025,1452.4,Put,1520,84.05,42.09,30.0988,-8,85,28
28-Oct-2025,1452.4,Call,1340,103.65,0,30.0988,10,62,24
25-Nov-2025,1452.4,Call,1560,11.95,21.59,30.0988,1,21,21
28-Oct-2025,1452.4,Call,1380,67.35,0,30.0988,1,110,20
25-Nov-2025,1452.4,Put,1460,51.5,28.42,30.0988,0,20,20
28-Oct-2025,1452.4,Put,1540,103.85,45.87,30.0988,3,63,18
28-Oct-2025,1452.4,Call,1720,0.2,35.12,30.0988,5,25,17
25-Nov-2025,1452.4,Call,1400,72.25,14.23,30.0988,2,20,17
30-Dec-2025,1452.4,Put,1400,40.85,28.82,30.0988,14,16,15
25-Nov-2025,1452.4,Call,1520,20.7,21.13,30.0988,0,0,10
28-Oct-2025,1452.4,Call,1360,83.25,0,30.0988,0,81,9
25-Nov-2025,1452.4,Call,1440,49,17.63,30.0988,1,11,9
28-Oct-2025,1452.4,Put,1580,142,53.98,30.0988,2,7,8
28-Oct-2025,1452.4,Call,1760,0.2,39.34,30.0988,0,44,7
28-Oct-2025,1452.4,Call,1300,141.8,0,30.0988,0,48,6
25-Nov-2025,1452.4,Put,1440,42,28.52,30.0988,1,42,6
28-Oct-2025,1452.4,Put,1560,122.75,49.9,30.0988,-2,114,5
25-Nov-2025,1452.4,Put,1600,165,41.19,30.0988,1,27,3
25-Nov-2025,1452.4,Put,1480,62.75,28.85,30.0988,0,38,2
28-Oct-2025,1452.4,Put,1600,159,54.87,30.0988,0,296,1
28-Oct-2025,1452.4,Put,1640,203,69.04,30.0988,0,3,1
28-Oct-2025,1452.4,Put,1720,280,81.13,30.0988,0,8,1
25-Nov-2025,1452.4,Put,1520,90.3,30.73,30.0988,0,3,1
28-Oct-2025,1452.4,Put,1700,0,0,30.0988,0,20,0
28-Oct-2025,1452.4,Put,1620,0,0,30.0988,0,16,0
28-Oct-2025,1452.4,Call,1240,0,0,30.0988,0,0,0
28-Oct-2025,1452.4,Put,1760,0,0,30.0988,0,46,0
28-Oct-2025,1452.4,Call,1280,0,0,30.0988,0,0,0
28-Oct-2025,1452.4,Put,1660,0,0,30.0988,0,8,0
28-Oct-2025,1452.4,Call,1160,0,0,30.0988,0,0,0
28-Oct-2025,1452.4,Call,1260,0,0,30.0988,0,0,0
25-Nov-2025,1452.4,Call,1540,0,0,30.0988,0,0,0
25-Nov-2025,1452.4,Call,1680,0,0,30.0988,0,0,0
25-Nov-2025,1452.4,Call,1580,0,0,30.0988,0,0,0
25-Nov-2025,1452.4,Put,1420,0,0,30.0988,0,23,0
25-Nov-2025,1452.4,Put,1240,0,0,30.0988,0,0,0
25-Nov-2025,1452.4,Call,1620,0,0,30.0988,0,0,0
25-Nov-2025,1452.4,Call,1720,0,0,30.0988,0,0,0
25-Nov-2025,1452.4,Put,1680,0,0,30.0988,0,2,0
25-Nov-2025,1452.4,Put,1760,0,0,30.0988,0,1,0
25-Nov-2025,1452.4,Put,1160,0,0,30.0988,0,0,0
25-Nov-2025,1452.4,Put,1620,0,0,30.0988,0,6,0
25-Nov-2025,1452.4,Call,1280,0,0,30.0988,0,0,0
25-Nov-2025,1452.4,Put,1540,0,0,30.0988,0,0,0
25-Nov-2025,1452.4,Put,1380,0,0,30.0988,0,0,0
25-Nov-2025,1452.4,Put,1580,0,0,30.0988,0,0,0
25-Nov-2025,1452.4,Call,1360,0,0,30.0988,0,0,0
25-Nov-2025,1452.4,Put,1200,0,0,30.0988,0,0,0
25-Nov-2025,1452.4,Call,1160,0,0,30.0988,0,0,0
25-Nov-2025,1452.4,Call,1340,0,0,30.0988,0,0,0
30-Dec-2025,1452.4,Put,1320,0,0,30.0988,0,0,0
25-Nov-2025,1452.4,Call,1200,0,0,30.0988,0,0,0
25-Nov-2025,1452.4,Call,1240,0,0,30.0988,0,0,0
25-Nov-2025,1452.4,Call,1260,0,0,30.0988,0,0,0
25-Nov-2025,1452.4,Call,1300,0,0,30.0988,0,0,0
25-Nov-2025,1452.4,Put,1560,0,0,30.0988,0,4,0
30-Dec-2025,1452.4,Call,1400,0,0,30.0988,0,0,0
30-Dec-2025,1452.4,Call,1520,0,0,30.0988,0,0,0
30-Dec-2025,1452.4,Call,1600,0,0,30.0988,0,0,0
30-Dec-2025,1452.4,Put,1360,0,0,30.0988,0,0,0
28-Oct-2025,1452.4,Put,1680,0,0,30.0988,0,38,0
25-Nov-2025,1452.4,Call,1420,0,0,30.0988,0,0,0
25-Nov-2025,1452.4,Put,1720,0,0,30.0988,0,0,0
30-Dec-2025,1452.4,Call,1440,0,0,30.0988,0,0,0
25-Nov-2025,1452.4,Call,1640,0,0,30.0988,0,0,0
30-Dec-2025,1452.4,Put,1440,0,0,30.0988,0,0,0
30-Dec-2025,1452.4,Put,1480,0,0,30.0988,0,0,0
25-Nov-2025,1452.4,Call,1320,0,0,30.0988,0,0,0
30-Dec-2025,1452.4,Call,1560,0,0,30.0988,0,0,0
30-Dec-2025,1452.4,Call,1680,0,0,30.0988,0,0,0
30-Dec-2025,1452.4,Call,1480,0,0,30.0988,0,0,0
30-Dec-2025,1452.4,Put,1520,0,0,30.0988,0,0,0
25-Nov-2025,1452.4,Put,1300,0,0,30.0988,0,0,0
25-Nov-2025,1452.4,Put,1280,0,0,30.0988,0,0,0
25-Nov-2025,1452.4,Put,1260,0,0,30.0988,0,0,0
25-Nov-2025,1452.4,Put,1640,0,0,30.0988,0,0,0
28-Oct-2025,1452.4,Put,1160,0,0,30.0988,0,29,0
28-Oct-2025,1452.4,Call,1200,0,0,30.0988,0,2,0
25-Nov-2025,1452.4,Call,1380,0,0,30.0988,0,0,0
