28-Oct-2025,1460.3,Call,1460,19.85,14.8,30.0988,983,2184,9941
28-Oct-2025,1460.3,-,0,1448,0,30.0988,2157,26422,8500
28-Oct-2025,1460.3,Call,1480,12.8,17.16,30.0988,185,1703,8397
28-Oct-2025,1460.3,Call,1500,8.15,18.87,30.0988,231,2161,8306
28-Oct-2025,1460.3,Call,1440,29.1,10.37,30.0988,468,1096,5666
28-Oct-2025,1460.3,Put,1440,21,29.83,30.0988,569,1347,5087
28-Oct-2025,1460.3,Put,1400,8.25,28.57,30.0988,69,1473,3970
28-Oct-2025,1460.3,Put,1460,31.75,31.25,30.0988,73,1003,3207
28-Oct-2025,1460.3,Call,1520,5.15,20.35,30.0988,115,826,3185
28-Oct-2025,1460.3,Put,1420,13,28.71,30.0988,130,854,2464
28-Oct-2025,1460.3,Put,1380,5,28.28,30.0988,-115,570,2218
28-Oct-2025,1460.3,Call,1540,3.35,21.91,30.0988,-197,696,1974
28-Oct-2025,1460.3,Call,1560,2.25,23.3,30.0988,-57,714,1511
28-Oct-2025,1460.3,Put,1360,3.15,29.45,30.0988,-50,611,1457
28-Oct-2025,1460.3,Call,1600,1.2,26.26,30.0988,-78,1381,1350
28-Oct-2025,1460.3,Put,1340,1.95,30.28,30.0988,-90,534,1044
28-Oct-2025,1460.3,Call,1580,1.6,24.71,30.0988,-45,512,1003
25-Nov-2025,1460.3,-,0,1456.2,0,30.0988,288,2910,790
28-Oct-2025,1460.3,Put,1480,44.5,32.42,30.0988,-152,308,738
28-Oct-2025,1460.3,Call,1420,42.8,0,30.0988,0,492,676
28-Oct-2025,1460.3,Put,1320,1.4,32.1,30.0988,-60,287,580
28-Oct-2025,1460.3,Call,1620,0.75,26.99,30.0988,-77,396,542
28-Oct-2025,1460.3,Put,1300,0.9,33.23,30.0988,-112,559,539
25-Nov-2025,1460.3,Call,1500,28.4,19.5,30.0988,61,215,426
28-Oct-2025,1460.3,Call,1400,56.05,0,30.0988,2,319,377
28-Oct-2025,1460.3,Put,1500,60,35.12,30.0988,24,479,357
28-Oct-2025,1460.3,Call,1640,0.55,28.35,30.0988,-76,321,273
28-Oct-2025,1460.3,Put,1280,0.6,34.57,30.0988,-4,257,265
25-Nov-2025,1460.3,Put,1400,21.85,27.04,30.0988,64,168,205
25-Nov-2025,1460.3,Put,1320,6.35,27.01,30.0988,-26,86,193
25-Nov-2025,1460.3,Call,1600,7.8,21.79,30.0988,28,106,115
28-Oct-2025,1460.3,Call,1660,0.45,30.06,30.0988,-18,555,109
25-Nov-2025,1460.3,Call,1460,45.5,18.55,30.0988,33,65,106
28-Oct-2025,1460.3,Call,1700,0.35,33.8,30.0988,33,254,100
28-Oct-2025,1460.3,Put,1240,0.35,38.53,30.0988,-16,501,96
28-Oct-2025,1460.3,Put,1260,0.55,37.52,30.0988,-22,72,85
30-Dec-2025,1460.3,-,0,1466,0,30.0988,27,119,68
28-Oct-2025,1460.3,Put,1200,0.1,39.21,30.0988,-2,608,67
25-Nov-2025,1460.3,Call,1480,35,18.45,30.0988,27,47,66
28-Oct-2025,1460.3,Call,1680,0.35,31.45,30.0988,-2,172,64
25-Nov-2025,1460.3,Put,1340,8.45,26.51,30.0988,-6,26,55
25-Nov-2025,1460.3,Put,1360,11.6,26.41,30.0988,-1,124,49
28-Oct-2025,1460.3,Put,1520,83.05,46.55,30.0988,-16,77,42
28-Oct-2025,1460.3,Call,1380,76.25,0,30.0988,-4,105,36
25-Nov-2025,1460.3,Put,1500,70,29.67,30.0988,8,149,36
28-Oct-2025,1460.3,Call,1320,122.95,0,30.0988,-1,60,35
25-Nov-2025,1460.3,Call,1560,13.5,21.06,30.0988,5,25,29
25-Nov-2025,1460.3,Put,1460,46.5,28.26,30.0988,3,23,27
28-Oct-2025,1460.3,Call,1720,0.3,35.41,30.0988,5,25,26
28-Oct-2025,1460.3,Call,1340,101.8,0,30.0988,12,64,25
28-Oct-2025,1460.3,Put,1540,96.7,46.23,30.0988,1,61,25
25-Nov-2025,1460.3,Call,1400,79,11.59,30.0988,6,24,21
25-Nov-2025,1460.3,Put,1420,28.6,27.13,30.0988,15,38,20
30-Dec-2025,1460.3,Put,1400,40.8,30.17,30.0988,18,20,19
28-Oct-2025,1460.3,Call,1360,90.8,0,30.0988,2,83,15
25-Nov-2025,1460.3,Call,1440,55,17.11,30.0988,3,13,15
25-Nov-2025,1460.3,Put,1440,37,27.82,30.0988,1,42,15
25-Nov-2025,1460.3,Put,1300,5.5,28.58,30.0988,0,0,14
25-Nov-2025,1460.3,Call,1520,23.15,20.52,30.0988,13,13,14
28-Oct-2025,1460.3,Call,1760,0.2,37.99,30.0988,-6,38,11
28-Oct-2025,1460.3,Put,1580,142,62.83,30.0988,2,7,8
25-Nov-2025,1460.3,Put,1600,155,39.66,30.0988,4,30,8
28-Oct-2025,1460.3,Call,1300,140.25,0,30.0988,2,50,7
25-Nov-2025,1460.3,Put,1520,91,34.39,30.0988,5,8,7
28-Oct-2025,1460.3,Put,1600,150,54.05,30.0988,-1,295,6
28-Oct-2025,1460.3,Put,1560,119.2,54.45,30.0988,-1,115,6
25-Nov-2025,1460.3,Put,1480,60,30.14,30.0988,3,41,6
28-Oct-2025,1460.3,Put,1720,276.5,88.47,30.0988,1,9,3
28-Oct-2025,1460.3,Put,1640,203,78.95,30.0988,0,3,1
28-Oct-2025,1460.3,Put,1620,179,69.58,30.0988,0,16,1
25-Nov-2025,1460.3,Call,1420,60.2,10.3,30.0988,0,0,1
28-Oct-2025,1460.3,Call,1200,0,0,30.0988,0,2,0
28-Oct-2025,1460.3,Call,1240,0,0,30.0988,0,0,0
28-Oct-2025,1460.3,Call,1280,0,0,30.0988,0,0,0
28-Oct-2025,1460.3,Put,1680,0,0,30.0988,0,38,0
28-Oct-2025,1460.3,Put,1760,0,0,30.0988,0,46,0
28-Oct-2025,1460.3,Put,1660,0,0,30.0988,0,8,0
28-Oct-2025,1460.3,Put,1700,0,0,30.0988,0,20,0
28-Oct-2025,1460.3,Call,1260,0,0,30.0988,0,0,0
28-Oct-2025,1460.3,Call,1160,0,0,30.0988,0,0,0
25-Nov-2025,1460.3,Put,1560,0,0,30.0988,0,4,0
25-Nov-2025,1460.3,Put,1640,0,0,30.0988,0,0,0
25-Nov-2025,1460.3,Call,1280,0,0,30.0988,0,0,0
28-Oct-2025,1460.3,Put,1160,0,0,30.0988,0,29,0
25-Nov-2025,1460.3,Put,1680,0,0,30.0988,0,2,0
25-Nov-2025,1460.3,Call,1320,0,0,30.0988,0,0,0
25-Nov-2025,1460.3,Put,1200,0,0,30.0988,0,0,0
25-Nov-2025,1460.3,Put,1540,0,0,30.0988,0,0,0
25-Nov-2025,1460.3,Call,1680,0,0,30.0988,0,0,0
25-Nov-2025,1460.3,Call,1580,0,0,30.0988,0,0,0
25-Nov-2025,1460.3,Call,1540,0,0,30.0988,0,0,0
25-Nov-2025,1460.3,Put,1720,0,0,30.0988,0,0,0
25-Nov-2025,1460.3,Put,1760,0,0,30.0988,0,1,0
25-Nov-2025,1460.3,Put,1580,0,0,30.0988,0,0,0
25-Nov-2025,1460.3,Put,1240,0,0,30.0988,0,0,0
25-Nov-2025,1460.3,Put,1380,0,0,30.0988,0,0,0
25-Nov-2025,1460.3,Put,1260,0,0,30.0988,0,0,0
25-Nov-2025,1460.3,Call,1380,0,0,30.0988,0,0,0
25-Nov-2025,1460.3,Put,1280,0,0,30.0988,0,0,0
25-Nov-2025,1460.3,Call,1640,0,0,30.0988,0,0,0
25-Nov-2025,1460.3,Call,1720,0,0,30.0988,0,0,0
25-Nov-2025,1460.3,Put,1620,0,0,30.0988,0,6,0
25-Nov-2025,1460.3,Call,1620,0,0,30.0988,0,0,0
25-Nov-2025,1460.3,Call,1360,0,0,30.0988,0,0,0
25-Nov-2025,1460.3,Put,1160,0,0,30.0988,0,0,0
25-Nov-2025,1460.3,Call,1240,0,0,30.0988,0,0,0
25-Nov-2025,1460.3,Call,1300,0,0,30.0988,0,0,0
25-Nov-2025,1460.3,Call,1260,0,0,30.0988,0,0,0
25-Nov-2025,1460.3,Call,1160,0,0,30.0988,0,0,0
25-Nov-2025,1460.3,Call,1340,0,0,30.0988,0,0,0
30-Dec-2025,1460.3,Put,1360,0,0,30.0988,0,0,0
30-Dec-2025,1460.3,Call,1440,0,0,30.0988,0,0,0
30-Dec-2025,1460.3,Call,1400,0,0,30.0988,0,0,0
25-Nov-2025,1460.3,Call,1200,0,0,30.0988,0,0,0
30-Dec-2025,1460.3,Call,1520,0,0,30.0988,0,0,0
30-Dec-2025,1460.3,Call,1560,0,0,30.0988,0,0,0
30-Dec-2025,1460.3,Put,1320,0,0,30.0988,0,0,0
30-Dec-2025,1460.3,Put,1520,0,0,30.0988,0,0,0
30-Dec-2025,1460.3,Put,1440,0,0,30.0988,0,0,0
30-Dec-2025,1460.3,Call,1480,0,0,30.0988,0,0,0
30-Dec-2025,1460.3,Call,1680,0,0,30.0988,0,0,0
30-Dec-2025,1460.3,Put,1480,0,0,30.0988,0,0,0
30-Dec-2025,1460.3,Call,1600,0,0,30.0988,0,0,0
