28-Oct-2025,483,-,0,485.15,0,38.4203,111,84698,5119
28-Oct-2025,483,Call,480,13.4,30.51,38.4203,30,3405,3633
28-Oct-2025,483,Call,500,5.25,30.37,38.4203,146,4259,3426
28-Oct-2025,483,Call,490,8.6,29.76,38.4203,-37,2103,2839
28-Oct-2025,483,Put,480,8.3,30.11,38.4203,196,2191,2474
28-Oct-2025,483,Put,470,4.9,29.8,38.4203,38,1704,1801
28-Oct-2025,483,Call,510,3.05,31.23,38.4203,85,1804,1729
28-Oct-2025,483,Put,450,1.7,33.14,38.4203,-264,1625,1657
28-Oct-2025,483,Call,485,10.75,30.21,38.4203,50,822,1633
28-Oct-2025,483,Put,460,2.85,31.14,38.4203,211,2181,1577
28-Oct-2025,483,Call,520,1.7,31.25,38.4203,15,1723,1493
28-Oct-2025,483,Put,475,6.5,29.6,38.4203,107,1163,986
28-Oct-2025,483,Call,484,11.2,29.17,38.4203,28,295,959
28-Oct-2025,483,Put,465,3.75,30.46,38.4203,28,607,904
28-Oct-2025,483,Call,495,6.7,29.41,38.4203,38,409,778
28-Oct-2025,483,Put,440,1.05,34.91,38.4203,-31,1074,729
28-Oct-2025,483,Put,490,13.35,28.75,38.4203,-8,303,595
28-Oct-2025,483,Call,505,4,29.96,38.4203,-1,209,506
28-Oct-2025,483,Put,485,10.7,28.9,38.4203,94,651,501
28-Oct-2025,483,Call,470,19.9,29.41,38.4203,-57,1485,482
25-Nov-2025,483,-,0,487.8,0,38.4203,106,2494,444
28-Oct-2025,483,Call,475,16.5,30.22,38.4203,-7,425,376
28-Oct-2025,483,Put,420,0.45,40.91,38.4203,108,672,337
28-Oct-2025,483,Put,430,0.7,37.15,38.4203,-28,1681,324
28-Oct-2025,483,Call,530,1,32.89,38.4203,-24,1289,281
28-Oct-2025,483,Call,540,0.65,34.12,38.4203,-76,958,246
28-Oct-2025,483,Put,464,3.6,30.63,38.4203,-16,167,198
25-Nov-2025,483,Call,500,14.1,29.34,38.4203,14,630,182
28-Oct-2025,483,Put,455,2.2,32.25,38.4203,-4,397,165
28-Oct-2025,483,Call,515,2.3,30.73,38.4203,13,148,145
28-Oct-2025,483,Call,550,0.4,35.92,38.4203,-70,292,131
28-Oct-2025,483,Put,435,0.8,36.28,38.4203,-13,316,124
28-Oct-2025,483,Put,445,1.3,34.19,38.4203,-20,181,114
28-Oct-2025,483,Put,500,20.15,31.09,38.4203,9,523,109
30-Dec-2025,483,-,0,489.7,0,38.4203,-4,548,90
28-Oct-2025,483,Put,400,0.3,49.23,38.4203,-3,850,90
25-Nov-2025,483,Put,460,8.1,29.88,38.4203,12,180,89
28-Oct-2025,483,Call,460,28,31.61,38.4203,-7,1130,77
25-Nov-2025,483,Put,420,2.1,33.36,38.4203,14,101,68
25-Nov-2025,483,Call,470,27.9,28.07,38.4203,2,238,62
25-Nov-2025,483,Call,520,8.05,30.19,38.4203,12,186,60
28-Oct-2025,483,Put,495,16.6,29,38.4203,-2,75,59
25-Nov-2025,483,Put,440,3.85,30.8,38.4203,-2,423,57
25-Nov-2025,483,Put,430,2.7,31.78,38.4203,14,512,52
25-Nov-2025,483,Call,480,22.15,28.24,38.4203,3,231,51
25-Nov-2025,483,Call,530,6.25,30.94,38.4203,25,68,51
28-Oct-2025,483,Put,410,0.35,44.77,38.4203,-15,1090,47
25-Nov-2025,483,Put,480,15.25,30.88,38.4203,19,171,47
28-Oct-2025,483,Put,505,23.65,26.61,38.4203,2,23,43
25-Nov-2025,483,Call,560,2.5,31.71,38.4203,0,157,43
25-Nov-2025,483,Call,485,20.75,30.12,38.4203,19,44,42
25-Nov-2025,483,Call,510,10.75,29.76,38.4203,10,61,35
28-Oct-2025,483,Call,450,36.85,39.21,38.4203,10,648,33
25-Nov-2025,483,Put,450,5.5,29.81,38.4203,4,214,32
25-Nov-2025,483,Put,470,10.9,29.43,38.4203,14,172,29
28-Oct-2025,483,Call,465,23.1,31.34,38.4203,-7,149,27
28-Oct-2025,483,Call,525,1.3,31.66,38.4203,17,77,27
25-Nov-2025,483,Put,475,13.15,29.53,38.4203,14,25,26
25-Nov-2025,483,Put,410,1.55,34.81,38.4203,18,18,25
25-Nov-2025,483,Put,425,2.35,32.29,38.4203,18,37,24
25-Nov-2025,483,Put,500,26.95,31.14,38.4203,8,185,24
25-Nov-2025,483,Call,465,31.6,28.89,38.4203,12,12,22
25-Nov-2025,483,Call,490,18.05,28.47,38.4203,6,74,22
28-Oct-2025,483,Put,380,0.2,57.2,38.4203,0,274,21
25-Nov-2025,483,Put,445,4.7,30.38,38.4203,10,43,21
28-Oct-2025,483,Put,520,36.3,23.03,38.4203,3,89,20
25-Nov-2025,483,Put,465,9.35,29.32,38.4203,11,24,20
25-Nov-2025,483,Call,550,3.45,31.53,38.4203,8,41,20
28-Oct-2025,483,Call,455,32.35,37.28,38.4203,-8,49,18
25-Nov-2025,483,Put,485,18.05,30.15,38.4203,8,39,18
25-Nov-2025,483,Put,510,33,30.51,38.4203,15,21,18
28-Oct-2025,483,Call,440,44.65,33.04,38.4203,-1,371,17
25-Nov-2025,483,Call,460,34.9,28.66,38.4203,4,40,17
25-Nov-2025,483,Put,490,20.95,30.67,38.4203,4,60,17
28-Oct-2025,483,Put,425,0.5,38.78,38.4203,-7,134,12
25-Nov-2025,483,Call,540,4.6,30.85,38.4203,-6,152,12
25-Nov-2025,483,Call,515,9.3,30.11,38.4203,9,9,12
28-Oct-2025,483,Put,364,0.1,60.73,38.4203,1,5,2
28-Oct-2025,483,Call,410,71,0,38.4203,0,17,1
28-Oct-2025,483,Put,390,0.25,53.4,38.4203,0,469,1
28-Oct-2025,483,Call,430,51.45,0,38.4203,0,384,1
25-Nov-2025,483,Call,440,50.5,28.95,38.4203,0,35,1
25-Nov-2025,483,Put,400,1.15,0,38.4203,0,128,1
25-Nov-2025,483,Put,435,3.55,31.94,38.4203,0,19,1
28-Oct-2025,483,Call,425,0,0,38.4203,0,0,0
28-Oct-2025,483,Call,435,0,0,38.4203,0,38,0
28-Oct-2025,483,Call,390,0,0,38.4203,0,0,0
28-Oct-2025,483,Put,370,0,0,38.4203,0,41,0
28-Oct-2025,483,Call,445,0,0,38.4203,0,35,0
28-Oct-2025,483,Call,360,0,0,38.4203,0,11,0
28-Oct-2025,483,Call,380,0,0,38.4203,0,35,0
28-Oct-2025,483,Put,510,0,0,38.4203,0,177,0
28-Oct-2025,483,Call,400,0,0,38.4203,0,103,0
28-Oct-2025,483,Put,540,0,0,38.4203,0,66,0
28-Oct-2025,483,Put,515,0,0,38.4203,0,18,0
28-Oct-2025,483,Put,360,0,0,38.4203,0,40,0
28-Oct-2025,483,Put,550,0,0,38.4203,0,12,0
28-Oct-2025,483,Put,525,0,0,38.4203,0,0,0
28-Oct-2025,483,Put,530,0,0,38.4203,0,10,0
28-Oct-2025,483,Call,424,0,0,38.4203,0,70,0
28-Oct-2025,483,Call,420,0,0,38.4203,0,222,0
25-Nov-2025,483,Call,400,0,0,38.4203,0,28,0
25-Nov-2025,483,Put,525,0,0,38.4203,0,0,0
25-Nov-2025,483,Put,550,0,0,38.4203,0,0,0
25-Nov-2025,483,Call,390,0,0,38.4203,0,0,0
25-Nov-2025,483,Call,450,0,0,38.4203,0,9,0
25-Nov-2025,483,Call,505,0,0,38.4203,0,3,0
25-Nov-2025,483,Call,525,0,0,38.4203,0,0,0
25-Nov-2025,483,Call,475,0,0,38.4203,0,12,0
25-Nov-2025,483,Call,455,0,0,38.4203,0,7,0
25-Nov-2025,483,Call,420,0,0,38.4203,0,0,0
25-Nov-2025,483,Call,410,0,0,38.4203,0,0,0
25-Nov-2025,483,Call,425,0,0,38.4203,0,0,0
25-Nov-2025,483,Call,430,0,0,38.4203,0,0,0
25-Nov-2025,483,Call,435,0,0,38.4203,0,0,0
25-Nov-2025,483,Call,445,0,0,38.4203,0,0,0
25-Nov-2025,483,Call,495,0,0,38.4203,0,3,0
25-Nov-2025,483,Put,495,0,0,38.4203,0,30,0
25-Nov-2025,483,Put,505,0,0,38.4203,0,0,0
25-Nov-2025,483,Put,530,0,0,38.4203,0,0,0
25-Nov-2025,483,Put,455,0,0,38.4203,0,12,0
25-Nov-2025,483,Put,515,0,0,38.4203,0,0,0
25-Nov-2025,483,Put,520,0,0,38.4203,0,0,0
25-Nov-2025,483,Put,540,0,0,38.4203,0,0,0
25-Nov-2025,483,Put,390,0,0,38.4203,0,0,0
30-Dec-2025,483,Call,470,0,0,38.4203,0,0,0
30-Dec-2025,483,Call,480,0,0,38.4203,0,1,0
30-Dec-2025,483,Put,480,0,0,38.4203,0,1,0
30-Dec-2025,483,Call,490,0,0,38.4203,0,0,0
30-Dec-2025,483,Put,490,0,0,38.4203,0,0,0
30-Dec-2025,483,Put,500,0,0,38.4203,0,0,0
30-Dec-2025,483,Call,510,0,0,38.4203,0,2,0
30-Dec-2025,483,Put,510,0,0,38.4203,0,0,0
30-Dec-2025,483,Put,440,0,0,38.4203,0,0,0
30-Dec-2025,483,Put,470,0,0,38.4203,0,0,0
30-Dec-2025,483,Put,400,0,0,38.4203,0,0,0
30-Dec-2025,483,Put,420,0,0,38.4203,0,0,0
30-Dec-2025,483,Put,430,0,0,38.4203,0,0,0
30-Dec-2025,483,Call,520,0,0,38.4203,0,0,0
30-Dec-2025,483,Put,460,0,0,38.4203,0,3,0
30-Dec-2025,483,Put,410,0,0,38.4203,0,0,0
30-Dec-2025,483,Call,530,0,0,38.4203,0,0,0
30-Dec-2025,483,Call,500,0,0,38.4203,0,0,0
30-Dec-2025,483,Put,450,0,0,38.4203,0,2,0
30-Dec-2025,483,Call,540,0,0,38.4203,0,0,0
