25-Nov-2025,9065,-,0,9114,0,30.0929,151,39910,1705
28-Oct-2025,9065,-,0,9073.5,0,30.0929,-295,5150,1176
28-Oct-2025,9065,Call,9200,1.8,15.48,30.0929,-79,1458,999
28-Oct-2025,9065,Put,9000,6.15,18.05,30.0929,-92,1065,532
28-Oct-2025,9065,Call,9300,0.8,20.04,30.0929,-22,920,460
28-Oct-2025,9065,Call,9100,12.65,15.75,30.0929,-76,509,432
25-Nov-2025,9065,Call,9100,257.5,24.09,30.0929,34,539,384
25-Nov-2025,9065,Call,9200,211,24.16,30.0929,76,588,288
28-Oct-2025,9065,Put,8900,2.8,25.32,30.0929,-20,375,263
25-Nov-2025,9065,Put,9000,192.5,25.56,30.0929,45,590,228
28-Oct-2025,9065,Call,9400,0.5,26.66,30.0929,-31,606,210
25-Nov-2025,9065,Call,9500,112,24.68,30.0929,36,797,167
28-Oct-2025,9065,Put,9100,34,11.76,30.0929,-30,368,159
28-Oct-2025,9065,Put,9200,122,12.55,30.0929,-25,342,157
25-Nov-2025,9065,Put,9200,292.3,25.58,30.0929,94,725,152
25-Nov-2025,9065,Call,10000,36,26.27,30.0929,20,772,151
28-Oct-2025,9065,Call,9500,0.1,32.26,30.0929,-42,876,150
28-Oct-2025,9065,Call,9000,76,23.97,30.0929,-65,480,141
25-Nov-2025,9065,Call,9000,315.25,23.95,30.0929,21,471,119
28-Oct-2025,9065,Put,8800,1,30.51,30.0929,-28,878,112
25-Nov-2025,9065,Put,9100,240,25.37,30.0929,25,391,98
25-Nov-2025,9065,Put,8500,54.35,26.27,30.0929,-7,521,92
25-Nov-2025,9065,Call,9700,70,25.07,30.0929,32,234,83
28-Oct-2025,9065,Call,9700,0.3,46.62,30.0929,-20,227,77
25-Nov-2025,9065,Call,9300,176.5,24.48,30.0929,1,224,61
25-Nov-2025,9065,Call,9400,139.95,24.49,30.0929,-2,173,58
28-Oct-2025,9065,Put,8500,0.5,53.19,30.0929,-40,518,57
28-Oct-2025,9065,Call,9600,0.2,39.1,30.0929,5,364,57
25-Nov-2025,9065,Call,9600,92,24.81,30.0929,13,256,54
28-Oct-2025,9065,Call,10000,0.05,56.38,30.0929,-38,1385,50
25-Nov-2025,9065,Call,10800,7.5,30.98,30.0929,22,125,48
25-Nov-2025,9065,Put,8700,90,25.45,30.0929,19,195,46
25-Nov-2025,9065,Put,9300,345.95,24.55,30.0929,14,153,33
28-Oct-2025,9065,Put,8700,0.45,34.4,30.0929,-15,631,32
25-Nov-2025,9065,Put,8800,119.75,25.53,30.0929,8,160,32
25-Nov-2025,9065,Put,8300,31,26.93,30.0929,-1,196,29
30-Dec-2025,9065,-,0,9181,0,30.0929,13,449,26
25-Nov-2025,9065,Call,9900,47.6,26.14,30.0929,14,131,26
28-Oct-2025,9065,Call,8900,191.35,28.12,30.0929,-12,202,25
28-Oct-2025,9065,Call,9800,0.9,60.23,30.0929,-6,492,22
25-Nov-2025,9065,Put,8100,15.95,28.08,30.0929,5,33,20
28-Oct-2025,9065,Call,10400,0.05,77.54,30.0929,-7,236,19
28-Oct-2025,9065,Put,9300,193.1,0,30.0929,0,95,15
28-Oct-2025,9065,Put,8000,0.15,82.29,30.0929,-12,325,14
28-Oct-2025,9065,Put,8300,0.05,55.03,30.0929,-9,411,14
25-Nov-2025,9065,Put,9500,467.95,26.26,30.0929,6,126,14
28-Oct-2025,9065,Put,9500,384.15,0,30.0929,-8,78,13
28-Oct-2025,9065,Put,8600,0.6,47.38,30.0929,-7,438,13
28-Oct-2025,9065,Put,10000,900,0,30.0929,-1,53,12
25-Nov-2025,9065,Put,8900,149.85,25.17,30.0929,6,107,12
25-Nov-2025,9065,Call,8900,386.85,24.7,30.0929,-3,78,12
28-Oct-2025,9065,Call,8700,400,49.7,30.0929,-7,576,11
25-Nov-2025,9065,Put,8000,13,29.11,30.0929,9,263,11
25-Nov-2025,9065,Put,8200,24.05,27.82,30.0929,1,141,10
25-Nov-2025,9065,Put,9600,559.95,26.32,30.0929,9,10,10
28-Oct-2025,9065,Call,8800,323,65.32,30.0929,-5,409,8
28-Oct-2025,9065,Put,8400,0.25,65.26,30.0929,-3,364,8
25-Nov-2025,9065,Call,9800,55.5,25.39,30.0929,-2,105,8
25-Nov-2025,9065,Call,8500,670,25.69,30.0929,0,23,8
28-Oct-2025,9065,Put,8200,0.15,67.65,30.0929,-5,409,7
28-Oct-2025,9065,Put,9400,310,0,30.0929,-2,96,7
25-Nov-2025,9065,Put,8600,69.95,25.53,30.0929,4,162,7
25-Nov-2025,9065,Put,8400,40,26.33,30.0929,-1,151,7
28-Oct-2025,9065,Put,8100,0.1,79.93,30.0929,-5,149,6
28-Oct-2025,9065,Call,10200,0.1,70.9,30.0929,0,231,5
28-Oct-2025,9065,Call,9900,0.05,50.86,30.0929,-2,571,5
28-Oct-2025,9065,Call,8500,609,88.81,30.0929,-4,98,5
28-Oct-2025,9065,Put,9800,684,0,30.0929,0,24,5
25-Nov-2025,9065,Call,10200,24.5,27.78,30.0929,0,73,5
28-Oct-2025,9065,Call,8600,499.3,58.13,30.0929,0,386,3
28-Oct-2025,9065,Call,7600,1515,209.74,30.0929,0,4,3
25-Nov-2025,9065,Put,10000,864.95,25.5,30.0929,1,121,3
28-Oct-2025,9065,Call,10300,0.05,0,30.0929,0,70,2
28-Oct-2025,9065,Call,10100,0.05,0,30.0929,0,125,2
28-Oct-2025,9065,Put,9600,481.9,0,30.0929,-1,17,2
25-Nov-2025,9065,Put,7800,10,31.92,30.0929,0,41,1
25-Nov-2025,9065,Put,9900,738.9,16.5,30.0929,0,0,1
25-Nov-2025,9065,Call,10400,17.75,28.54,30.0929,0,131,1
28-Oct-2025,9065,Call,10600,0,0,30.0929,0,0,0
28-Oct-2025,9065,Call,7800,0,0,30.0929,0,0,0
28-Oct-2025,9065,Call,8000,0,0,30.0929,0,37,0
28-Oct-2025,9065,Put,7700,0,0,30.0929,0,631,0
28-Oct-2025,9065,Put,10200,0,0,30.0929,0,1,0
28-Oct-2025,9065,Put,7400,0,0,30.0929,0,201,0
28-Oct-2025,9065,Call,8300,0,0,30.0929,0,83,0
28-Oct-2025,9065,Call,7700,0,0,30.0929,0,0,0
28-Oct-2025,9065,Put,10600,0,0,30.0929,0,0,0
28-Oct-2025,9065,Call,7900,0,0,30.0929,0,0,0
28-Oct-2025,9065,Put,10100,0,0,30.0929,0,0,0
28-Oct-2025,9065,Call,8200,0,0,30.0929,0,51,0
28-Oct-2025,9065,Call,7200,0,0,30.0929,0,0,0
28-Oct-2025,9065,Call,8100,0,0,30.0929,0,0,0
28-Oct-2025,9065,Call,8400,0,0,30.0929,0,123,0
28-Oct-2025,9065,Put,9900,0,0,30.0929,0,3,0
28-Oct-2025,9065,Put,9700,0,0,30.0929,0,26,0
28-Oct-2025,9065,Put,7900,0,0,30.0929,0,129,0
28-Oct-2025,9065,Put,10400,0,0,30.0929,0,9,0
28-Oct-2025,9065,Put,7800,0,0,30.0929,0,113,0
28-Oct-2025,9065,Put,7600,0,0,30.0929,0,386,0
28-Oct-2025,9065,Call,7400,0,0,30.0929,0,0,0
25-Nov-2025,9065,Put,7900,0,0,30.0929,0,0,0
25-Nov-2025,9065,Call,8100,0,0,30.0929,0,0,0
25-Nov-2025,9065,Call,7900,0,0,30.0929,0,4,0
25-Nov-2025,9065,Call,8700,0,0,30.0929,0,38,0
25-Nov-2025,9065,Call,8300,0,0,30.0929,0,0,0
25-Nov-2025,9065,Put,10600,0,0,30.0929,0,0,0
25-Nov-2025,9065,Call,8800,0,0,30.0929,0,102,0
25-Nov-2025,9065,Put,7200,0,0,30.0929,0,0,0
25-Nov-2025,9065,Call,8600,0,0,30.0929,0,36,0
25-Nov-2025,9065,Put,9700,0,0,30.0929,0,0,0
25-Nov-2025,9065,Call,10600,0,0,30.0929,0,29,0
25-Nov-2025,9065,Put,7600,0,0,30.0929,0,134,0
25-Nov-2025,9065,Put,7400,0,0,30.0929,0,0,0
25-Nov-2025,9065,Call,10100,0,0,30.0929,0,39,0
25-Nov-2025,9065,Put,10100,0,0,30.0929,0,0,0
25-Nov-2025,9065,Put,10400,0,0,30.0929,0,23,0
25-Nov-2025,9065,Call,7700,0,0,30.0929,0,1,0
25-Nov-2025,9065,Call,7200,0,0,30.0929,0,0,0
25-Nov-2025,9065,Call,7600,0,0,30.0929,0,1,0
25-Nov-2025,9065,Put,7700,0,0,30.0929,0,0,0
25-Nov-2025,9065,Call,7400,0,0,30.0929,0,0,0
25-Nov-2025,9065,Call,7800,0,0,30.0929,0,0,0
25-Nov-2025,9065,Call,8200,0,0,30.0929,0,3,0
25-Nov-2025,9065,Put,9400,0,0,30.0929,0,39,0
25-Nov-2025,9065,Call,8000,0,0,30.0929,0,6,0
25-Nov-2025,9065,Call,8400,0,0,30.0929,0,0,0
25-Nov-2025,9065,Put,9800,0,0,30.0929,0,2,0
30-Dec-2025,9065,Put,9200,0,0,30.0929,0,12,0
30-Dec-2025,9065,Call,10400,0,0,30.0929,0,0,0
30-Dec-2025,9065,Call,9600,0,0,30.0929,0,7,0
30-Dec-2025,9065,Call,9400,0,0,30.0929,0,1,0
30-Dec-2025,9065,Put,9000,0,0,30.0929,0,4,0
30-Dec-2025,9065,Put,8200,0,0,30.0929,0,0,0
30-Dec-2025,9065,Call,9000,0,0,30.0929,0,0,0
30-Dec-2025,9065,Put,8800,0,0,30.0929,0,0,0
30-Dec-2025,9065,Put,9400,0,0,30.0929,0,0,0
30-Dec-2025,9065,Put,8000,0,0,30.0929,0,15,0
30-Dec-2025,9065,Call,10000,0,0,30.0929,0,0,0
25-Nov-2025,9065,Put,10200,0,0,30.0929,0,2,0
30-Dec-2025,9065,Put,7600,0,0,30.0929,0,82,0
30-Dec-2025,9065,Call,9200,0,0,30.0929,0,9,0
30-Dec-2025,9065,Call,9800,0,0,30.0929,0,0,0
30-Dec-2025,9065,Call,10200,0,0,30.0929,0,0,0
30-Dec-2025,9065,Put,8600,0,0,30.0929,0,2,0
