25-Nov-2025,274.6,-,0,276.15,0,35.2168,826,37009,2911
25-Nov-2025,274.6,Call,280,6.55,26.54,35.2168,185,1700,1443
28-Oct-2025,274.6,-,0,274.55,0,35.2168,119,7312,1344
25-Nov-2025,274.6,Call,275,8.9,26.61,35.2168,125,590,955
25-Nov-2025,274.6,Call,270,11.8,26.92,35.2168,-183,916,819
25-Nov-2025,274.6,Put,270,5.45,27.84,35.2168,-39,877,704
25-Nov-2025,274.6,Call,300,1.6,27.75,35.2168,-110,857,658
25-Nov-2025,274.6,Put,280,10.2,27.67,35.2168,59,992,634
25-Nov-2025,274.6,Call,285,4.7,27.1,35.2168,36,322,565
28-Oct-2025,274.6,Call,280,0.2,28.95,35.2168,-205,742,546
25-Nov-2025,274.6,Call,290,3.35,26.89,35.2168,63,884,534
25-Nov-2025,274.6,Put,275,7.6,27.78,35.2168,74,324,517
28-Oct-2025,274.6,Put,272.5,0.3,18.08,35.2168,-29,136,488
28-Oct-2025,274.6,Call,275,1,20.53,35.2168,-201,361,488
28-Oct-2025,274.6,Call,285,0.1,40.81,35.2168,-144,951,385
25-Nov-2025,274.6,Call,277.5,7.6,26.69,35.2168,11,283,367
25-Nov-2025,274.6,Put,265,3.9,28.1,35.2168,82,350,322
25-Nov-2025,274.6,Put,260,2.7,28.81,35.2168,-46,857,279
28-Oct-2025,274.6,Put,270,0.15,24.46,35.2168,-55,426,279
28-Oct-2025,274.6,Call,270,4.5,27.4,35.2168,-81,533,238
25-Nov-2025,274.6,Call,272.5,10.25,26.8,35.2168,5,233,216
25-Nov-2025,274.6,Put,272.5,6.4,27.58,35.2168,13,131,191
28-Oct-2025,274.6,Call,277.5,0.35,24.1,35.2168,-27,147,189
25-Nov-2025,274.6,Put,277.5,8.75,27.42,35.2168,6,286,187
25-Nov-2025,274.6,Put,250,1.3,30.94,35.2168,15,735,182
25-Nov-2025,274.6,Call,282.5,5.55,26.66,35.2168,13,51,157
28-Oct-2025,274.6,Put,267.5,0.1,31.17,35.2168,-95,260,152
28-Oct-2025,274.6,Put,265,0.05,39.83,35.2168,-53,429,103
28-Oct-2025,274.6,Call,260,14.5,46.75,35.2168,-56,553,102
25-Nov-2025,274.6,Put,267.5,4.6,28.08,35.2168,1,115,99
28-Oct-2025,274.6,Put,275,1.35,21.85,35.2168,-7,107,90
28-Oct-2025,274.6,Call,272.5,2.2,24.28,35.2168,-39,196,85
30-Dec-2025,274.6,-,0,277.7,0,35.2168,13,214,80
25-Nov-2025,274.6,Put,245,0.85,31.61,35.2168,29,91,78
25-Nov-2025,274.6,Put,300,25.35,28.25,35.2168,57,142,75
28-Oct-2025,274.6,Call,290,0.1,55.83,35.2168,3,621,63
25-Nov-2025,274.6,Call,305,1.15,28.25,35.2168,-6,161,61
25-Nov-2025,274.6,Call,260,18.7,27.23,35.2168,10,389,60
28-Oct-2025,274.6,Call,282.5,0.15,35.8,35.2168,-24,200,55
25-Nov-2025,274.6,Put,255,1.9,30.06,35.2168,7,464,48
28-Oct-2025,274.6,Call,267.5,7.4,0,35.2168,-17,197,44
25-Nov-2025,274.6,Call,295,2.4,27.47,35.2168,2,302,44
25-Nov-2025,274.6,Put,282.5,11.85,27.54,35.2168,6,51,43
25-Nov-2025,274.6,Put,285,13.5,27.72,35.2168,-8,44,34
28-Oct-2025,274.6,Call,265,9.95,47.49,35.2168,-19,594,31
25-Nov-2025,274.6,Call,287.5,3.9,27,35.2168,6,49,28
25-Nov-2025,274.6,Call,267.5,13.25,27.17,35.2168,-2,50,27
25-Nov-2025,274.6,Put,290,17,28.13,35.2168,7,643,23
25-Nov-2025,274.6,Put,262.5,3.15,28.32,35.2168,2,36,23
25-Nov-2025,274.6,Put,257.5,2.25,28.95,35.2168,-16,41,22
25-Nov-2025,274.6,Call,265,14.95,27.21,35.2168,1,162,18
25-Nov-2025,274.6,Call,240,36.5,30.56,35.2168,1,118,18
25-Nov-2025,274.6,Put,240,0.6,32.97,35.2168,-14,141,17
28-Oct-2025,274.6,Call,250,24.8,98.43,35.2168,-11,387,16
25-Nov-2025,274.6,Put,230,0.35,35.77,35.2168,-4,153,16
25-Nov-2025,274.6,Put,252.5,1.5,30.03,35.2168,13,70,16
25-Nov-2025,274.6,Call,292.5,2.85,27.23,35.2168,5,30,14
28-Oct-2025,274.6,Put,260,0.05,50.57,35.2168,-5,837,14
28-Oct-2025,274.6,Put,285,10.75,55.08,35.2168,-7,48,14
25-Nov-2025,274.6,Call,250,27.45,28.65,35.2168,-2,587,14
25-Nov-2025,274.6,Call,297.5,1.95,27.64,35.2168,5,16,13
28-Oct-2025,274.6,Put,280,5.6,29.97,35.2168,-6,111,12
28-Oct-2025,274.6,Put,290,15.7,70.87,35.2168,0,296,10
28-Oct-2025,274.6,Put,200,0.1,257.89,35.2168,0,53,10
28-Oct-2025,274.6,Put,277.5,2.85,0,35.2168,2,92,9
28-Oct-2025,274.6,Call,255,19.85,84.76,35.2168,-3,196,9
25-Nov-2025,274.6,Call,310,0.8,28.79,0,0,5,9
25-Nov-2025,274.6,Put,242.5,0.7,32.14,35.2168,-5,33,9
28-Oct-2025,274.6,Call,262.5,12.35,57.03,35.2168,-4,125,8
28-Oct-2025,274.6,Call,287.5,0.1,48.45,35.2168,-2,89,7
25-Nov-2025,274.6,Put,287.5,15.05,27.91,35.2168,4,4,7
28-Oct-2025,274.6,Call,257.5,17.1,0,35.2168,-4,53,6
28-Oct-2025,274.6,Call,230,45.5,226.89,35.2168,0,182,5
28-Oct-2025,274.6,Put,220,0.05,172.17,35.2168,0,177,5
28-Oct-2025,274.6,Call,220,55.25,253.63,35.2168,0,181,5
28-Oct-2025,274.6,Put,255,0.05,65.64,35.2168,3,308,5
28-Oct-2025,274.6,Call,300,0.05,75.51,35.2168,0,196,4
30-Dec-2025,274.6,Call,300,4.2,24.7,35.2168,0,31,4
25-Nov-2025,274.6,Put,292.5,18.9,23.66,35.2168,2,2,4
25-Nov-2025,274.6,Call,230,46.5,33.25,35.2168,2,28,4
28-Oct-2025,274.6,Call,295,0.05,63.02,35.2168,-1,311,3
28-Oct-2025,274.6,Call,292.5,0.1,63,35.2168,-1,65,3
25-Nov-2025,274.6,Put,305,29.9,30.39,35.2168,-2,47,3
30-Dec-2025,274.6,Put,260,4,25.02,35.2168,0,9,3
28-Oct-2025,274.6,Put,240,0.05,110.57,35.2168,0,541,2
28-Oct-2025,274.6,Call,247.5,27,107.19,35.2168,-1,74,2
28-Oct-2025,274.6,Put,262.5,0.05,42.94,35.2168,-1,217,2
28-Oct-2025,274.6,Put,250,0.05,80.6,35.2168,0,1092,1
28-Oct-2025,274.6,Call,240,36.35,219.06,35.2168,0,231,1
28-Oct-2025,274.6,Call,245,29.55,0,35.2168,0,77,1
25-Nov-2025,274.6,Call,257.5,20.75,0,35.2168,0,2,1
25-Nov-2025,274.6,Call,252.5,25.3,28.87,35.2168,0,3,1
30-Dec-2025,274.6,Put,250,2.2,25.93,35.2168,0,39,1
25-Nov-2025,274.6,Call,262.5,16.8,0,35.2168,0,22,1
28-Oct-2025,274.6,Call,297.5,0,0,35.2168,0,0,0
28-Oct-2025,274.6,Put,310,0,0,0,0,0,0
28-Oct-2025,274.6,Put,295,0,0,35.2168,0,0,0
28-Oct-2025,274.6,Put,300,0,0,35.2168,0,18,0
28-Oct-2025,274.6,Put,222.5,0,0,35.2168,0,33,0
28-Oct-2025,274.6,Call,227.5,0,0,35.2168,0,1,0
28-Oct-2025,274.6,Put,232.5,0,0,35.2168,0,32,0
28-Oct-2025,274.6,Put,242.5,0,0,35.2168,0,100,0
28-Oct-2025,274.6,Put,297.5,0,0,35.2168,0,0,0
28-Oct-2025,274.6,Call,235,0,0,35.2168,0,16,0
28-Oct-2025,274.6,Put,210,0,0,35.2168,0,5,0
28-Oct-2025,274.6,Call,242.5,0,0,35.2168,0,34,0
28-Oct-2025,274.6,Put,292.5,0,0,35.2168,0,0,0
28-Oct-2025,274.6,Put,237.5,0,0,35.2168,0,31,0
28-Oct-2025,274.6,Put,230,0,0,35.2168,0,250,0
28-Oct-2025,274.6,Put,257.5,0,0,35.2168,0,216,0
28-Oct-2025,274.6,Put,227.5,0,0,35.2168,0,33,0
28-Oct-2025,274.6,Put,212.5,0,0,35.2168,0,1,0
28-Oct-2025,274.6,Call,305,0,0,35.2168,0,41,0
28-Oct-2025,274.6,Call,310,0,0,0,0,0,0
28-Oct-2025,274.6,Put,305,0,0,35.2168,0,10,0
28-Oct-2025,274.6,Put,247.5,0,0,35.2168,0,84,0
28-Oct-2025,274.6,Call,225,0,0,35.2168,0,14,0
28-Oct-2025,274.6,Put,225,0,0,35.2168,0,68,0
25-Nov-2025,274.6,Call,237.5,0,0,35.2168,0,0,0
28-Oct-2025,274.6,Call,237.5,0,0,35.2168,0,13,0
25-Nov-2025,274.6,Put,225,0,0,35.2168,0,0,0
28-Oct-2025,274.6,Put,282.5,0,0,35.2168,0,31,0
25-Nov-2025,274.6,Put,235,0,0,35.2168,0,18,0
28-Oct-2025,274.6,Put,235,0,0,35.2168,0,179,0
28-Oct-2025,274.6,Put,252.5,0,0,35.2168,0,116,0
25-Nov-2025,274.6,Call,247.5,0,0,35.2168,0,0,0
28-Oct-2025,274.6,Put,215,0,0,35.2168,0,20,0
30-Dec-2025,274.6,Put,240,0,0,35.2168,0,0,0
25-Nov-2025,274.6,Put,237.5,0,0,35.2168,0,36,0
30-Dec-2025,274.6,Put,230,0,0,35.2168,0,0,0
30-Dec-2025,274.6,Put,290,0,0,35.2168,0,0,0
28-Oct-2025,274.6,Call,232.5,0,0,35.2168,0,3,0
25-Nov-2025,274.6,Call,242.5,0,0,35.2168,0,0,0
30-Dec-2025,274.6,Call,280,0,0,35.2168,0,1,0
25-Nov-2025,274.6,Put,295,0,0,35.2168,0,0,0
28-Oct-2025,274.6,Put,245,0,0,35.2168,0,497,0
28-Oct-2025,274.6,Call,200,0,0,35.2168,0,12,0
30-Dec-2025,274.6,Put,285,0,0,35.2168,0,0,0
28-Oct-2025,274.6,Call,210,0,0,35.2168,0,3,0
25-Nov-2025,274.6,Put,247.5,0,0,35.2168,0,0,0
30-Dec-2025,274.6,Put,270,0,0,35.2168,0,0,0
30-Dec-2025,274.6,Put,255,0,0,35.2168,0,19,0
25-Nov-2025,274.6,Put,297.5,0,0,35.2168,0,0,0
30-Dec-2025,274.6,Put,245,0,0,35.2168,0,0,0
28-Oct-2025,274.6,Call,252.5,0,0,35.2168,0,58,0
28-Oct-2025,274.6,Put,287.5,0,0,35.2168,0,21,0
30-Dec-2025,274.6,Call,285,0,0,35.2168,0,0,0
30-Dec-2025,274.6,Call,265,0,0,35.2168,0,0,0
25-Nov-2025,274.6,Put,310,0,0,0,0,0,0
30-Dec-2025,274.6,Call,295,0,0,35.2168,0,0,0
25-Nov-2025,274.6,Call,255,0,0,35.2168,0,14,0
25-Nov-2025,274.6,Call,245,0,0,35.2168,0,4,0
30-Dec-2025,274.6,Call,290,0,0,35.2168,0,0,0
25-Nov-2025,274.6,Call,235,0,0,35.2168,0,5,0
30-Dec-2025,274.6,Put,265,0,0,35.2168,0,0,0
30-Dec-2025,274.6,Put,275,0,0,35.2168,0,0,0
25-Nov-2025,274.6,Call,225,0,0,35.2168,0,12,0
30-Dec-2025,274.6,Put,280,0,0,35.2168,0,0,0
30-Dec-2025,274.6,Call,275,0,0,35.2168,0,0,0
30-Dec-2025,274.6,Call,270,0,0,35.2168,0,1,0
