25-Nov-2025,361.75,-,0,363.4,0,38.8196,129,13093,347
28-Oct-2025,361.75,-,0,361.3,0,38.8196,-15,3398,280
28-Oct-2025,361.75,Call,370,0.2,0,38.8196,-12,597,39
28-Oct-2025,361.75,Call,365,0.85,0,38.8196,-19,315,39
28-Oct-2025,361.75,Put,355,0.15,0,38.8196,-25,116,36
25-Nov-2025,361.75,Call,370,8.4,0,38.8196,1,487,28
25-Nov-2025,361.75,Call,360,13.1,0,38.8196,1,246,24
25-Nov-2025,361.75,Call,400,1.9,0,38.8196,5,389,23
25-Nov-2025,361.75,Call,380,5.15,0,38.8196,5,327,21
28-Oct-2025,361.75,Call,360,2.2,0,38.8196,-2,338,18
25-Nov-2025,361.75,Call,390,3.05,0,38.8196,4,424,16
25-Nov-2025,361.75,Put,360,9.35,0,38.8196,3,199,12
25-Nov-2025,361.75,Put,350,5.55,0,38.8196,-2,194,11
25-Nov-2025,361.75,Put,365,11.7,0,38.8196,-3,54,11
28-Oct-2025,361.75,Put,350,0.1,0,38.8196,-5,366,10
28-Oct-2025,361.75,Put,360,1.05,0,38.8196,-3,209,10
25-Nov-2025,361.75,Put,330,1.7,0,38.8196,0,86,9
25-Nov-2025,361.75,Put,320,0.9,0,38.8196,0,76,9
28-Oct-2025,361.75,Call,380,0.05,0,38.8196,-3,428,8
28-Oct-2025,361.75,Call,350,10.95,0,38.8196,-7,197,8
30-Dec-2025,361.75,-,0,366.1,0,38.8196,2,154,6
28-Oct-2025,361.75,Call,400,0.05,0,38.8196,0,437,6
25-Nov-2025,361.75,Call,365,10.4,0,38.8196,2,135,6
25-Nov-2025,361.75,Put,340,3.15,0,38.8196,0,315,5
25-Nov-2025,361.75,Put,310,0.5,0,38.8196,0,47,5
28-Oct-2025,361.75,Put,320,0.05,0,38.8196,0,143,4
25-Nov-2025,361.75,Call,410,1.15,0,38.8196,-1,48,4
28-Oct-2025,361.75,Put,370,8.5,0,38.8196,0,130,3
28-Oct-2025,361.75,Call,375,0.05,0,38.8196,-2,317,3
28-Oct-2025,361.75,Put,315,0.05,0,38.8196,0,91,3
28-Oct-2025,361.75,Call,390,0.05,0,38.8196,0,240,3
28-Oct-2025,361.75,Put,335,0.05,0,38.8196,0,228,3
25-Nov-2025,361.75,Call,375,6.55,0,38.8196,0,56,3
25-Nov-2025,361.75,Put,370,14.5,0,38.8196,-1,201,3
28-Oct-2025,361.75,Call,385,0.05,0,38.8196,-1,111,2
25-Nov-2025,361.75,Put,345,4.05,0,38.8196,0,31,2
25-Nov-2025,361.75,Call,420,0.7,0,38.8196,1,12,2
28-Oct-2025,361.75,Call,300,62.35,0,38.8196,0,3,1
28-Oct-2025,361.75,Call,340,21.9,0,38.8196,0,56,1
28-Oct-2025,361.75,Call,410,0.05,0,38.8196,0,179,1
25-Nov-2025,361.75,Call,350,18.95,0,38.8196,0,57,1
25-Nov-2025,361.75,Put,325,1.5,0,38.8196,0,3,1
25-Nov-2025,361.75,Put,355,7.1,0,38.8196,0,20,1
28-Oct-2025,361.75,Put,325,0,0,38.8196,0,166,0
28-Oct-2025,361.75,Call,335,0,0,38.8196,0,22,0
28-Oct-2025,361.75,Call,345,0,0,38.8196,0,109,0
28-Oct-2025,361.75,Put,365,0,0,38.8196,0,94,0
28-Oct-2025,361.75,Put,375,0,0,38.8196,0,24,0
28-Oct-2025,361.75,Put,385,0,0,38.8196,0,29,0
28-Oct-2025,361.75,Put,300,0,0,38.8196,0,179,0
28-Oct-2025,361.75,Call,395,0,0,38.8196,0,73,0
28-Oct-2025,361.75,Put,340,0,0,38.8196,0,212,0
28-Oct-2025,361.75,Call,355,0,0,38.8196,0,139,0
28-Oct-2025,361.75,Put,345,0,0,38.8196,0,188,0
28-Oct-2025,361.75,Put,330,0,0,38.8196,0,214,0
28-Oct-2025,361.75,Call,420,0,0,38.8196,0,32,0
28-Oct-2025,361.75,Put,290,0,0,38.8196,0,7,0
28-Oct-2025,361.75,Call,310,0,0,38.8196,0,10,0
28-Oct-2025,361.75,Call,330,0,0,38.8196,0,12,0
28-Oct-2025,361.75,Put,410,0,0,38.8196,0,2,0
25-Nov-2025,361.75,Put,385,0,0,38.8196,0,7,0
28-Oct-2025,361.75,Put,395,0,0,38.8196,0,10,0
28-Oct-2025,361.75,Call,320,0,0,38.8196,0,28,0
28-Oct-2025,361.75,Put,305,0,0,38.8196,0,1,0
25-Nov-2025,361.75,Put,390,0,0,38.8196,0,29,0
28-Oct-2025,361.75,Put,310,0,0,38.8196,0,83,0
25-Nov-2025,361.75,Call,300,0,0,38.8196,0,4,0
28-Oct-2025,361.75,Put,285,0,0,38.8196,0,35,0
25-Nov-2025,361.75,Call,325,0,0,38.8196,0,2,0
25-Nov-2025,361.75,Call,330,0,0,38.8196,0,7,0
25-Nov-2025,361.75,Put,400,0,0,38.8196,0,40,0
25-Nov-2025,361.75,Put,420,0,0,38.8196,0,3,0
25-Nov-2025,361.75,Put,335,0,0,38.8196,0,1,0
25-Nov-2025,361.75,Call,340,0,0,38.8196,0,10,0
28-Oct-2025,361.75,Put,400,0,0,38.8196,0,19,0
25-Nov-2025,361.75,Put,410,0,0,38.8196,0,15,0
25-Nov-2025,361.75,Call,335,0,0,38.8196,0,2,0
28-Oct-2025,361.75,Put,420,0,0,38.8196,0,8,0
30-Dec-2025,361.75,Put,350,0,0,38.8196,0,0,0
28-Oct-2025,361.75,Call,325,0,0,38.8196,0,16,0
28-Oct-2025,361.75,Call,315,0,0,38.8196,0,9,0
25-Nov-2025,361.75,Put,395,0,0,38.8196,0,0,0
30-Dec-2025,361.75,Put,360,0,0,38.8196,0,0,0
28-Oct-2025,361.75,Put,380,0,0,38.8196,0,29,0
25-Nov-2025,361.75,Call,345,0,0,38.8196,0,0,0
30-Dec-2025,361.75,Put,380,0,0,38.8196,0,0,0
25-Nov-2025,361.75,Call,315,0,0,38.8196,0,0,0
25-Nov-2025,361.75,Put,380,0,0,38.8196,0,28,0
30-Dec-2025,361.75,Call,420,0,0,38.8196,0,20,0
30-Dec-2025,361.75,Put,330,0,0,38.8196,0,0,0
30-Dec-2025,361.75,Call,360,0,0,38.8196,0,0,0
25-Nov-2025,361.75,Put,300,0,0,38.8196,0,45,0
25-Nov-2025,361.75,Call,395,0,0,38.8196,0,0,0
30-Dec-2025,361.75,Call,370,0,0,38.8196,0,1,0
25-Nov-2025,361.75,Call,355,0,0,38.8196,0,21,0
28-Oct-2025,361.75,Put,390,0,0,38.8196,0,35,0
30-Dec-2025,361.75,Put,370,0,0,38.8196,0,1,0
30-Dec-2025,361.75,Put,340,0,0,38.8196,0,1,0
28-Oct-2025,361.75,Put,295,0,0,38.8196,0,4,0
30-Dec-2025,361.75,Call,390,0,0,38.8196,0,1,0
25-Nov-2025,361.75,Call,385,0,0,38.8196,0,13,0
30-Dec-2025,361.75,Call,400,0,0,38.8196,0,0,0
25-Nov-2025,361.75,Call,310,0,0,38.8196,0,4,0
25-Nov-2025,361.75,Put,315,0,0,38.8196,0,0,0
25-Nov-2025,361.75,Call,320,0,0,38.8196,0,5,0
30-Dec-2025,361.75,Call,380,0,0,38.8196,0,0,0
25-Nov-2025,361.75,Put,375,0,0,38.8196,0,26,0
