25-Nov-2025,1579.9,-,0,1587.8,0,27.0101,906,39054,1355
28-Oct-2025,1579.9,Call,1600,0.15,12.59,27.0101,-458,2246,1315
28-Oct-2025,1579.9,-,0,1579,0,27.0101,381,6244,1244
28-Oct-2025,1579.9,Put,1580,2.25,9.51,27.0101,-117,1787,825
28-Oct-2025,1579.9,Call,1580,1.7,0,27.0101,-35,1406,714
28-Oct-2025,1579.9,Call,1590,0.5,9.17,27.0101,-50,832,492
28-Oct-2025,1579.9,Call,1610,0.15,18.94,27.0101,-113,696,394
28-Oct-2025,1579.9,Call,1620,0.05,20.46,27.0101,-76,680,363
25-Nov-2025,1579.9,Call,1600,39.15,24.2,27.0101,29,2015,322
25-Nov-2025,1579.9,Call,1700,11.1,25.75,27.0101,131,1264,249
28-Oct-2025,1579.9,Put,1570,0.35,12.66,27.0101,-101,421,244
25-Nov-2025,1579.9,Call,1580,48.45,24.21,27.0101,14,241,234
28-Oct-2025,1579.9,Call,1680,0.1,43.15,27.0101,-63,1181,198
28-Oct-2025,1579.9,Put,1590,11.35,14.84,27.0101,71,259,186
28-Oct-2025,1579.9,Call,1700,0.1,54.76,27.0101,-127,1921,142
28-Oct-2025,1579.9,Call,1630,0.05,22.97,27.0101,-95,304,132
25-Nov-2025,1579.9,Call,1800,3.3,28.11,27.0101,19,1002,132
28-Oct-2025,1579.9,Call,1670,0.05,42.52,27.0101,-114,428,129
28-Oct-2025,1579.9,Call,1640,0.05,27.17,27.0101,-43,1180,122
25-Nov-2025,1579.9,Put,1590,44.9,26.42,27.0101,2,95,113
25-Nov-2025,1579.9,Call,1680,15.2,25.31,27.0101,58,287,111
25-Nov-2025,1579.9,Call,1620,30.55,24.27,27.0101,14,687,111
25-Nov-2025,1579.9,Call,1590,43.55,24.62,27.0101,20,145,103
28-Oct-2025,1579.9,Call,1740,0.1,70.29,27.0101,-80,249,99
28-Oct-2025,1579.9,Call,1650,0.05,31.28,27.0101,-81,1151,89
28-Oct-2025,1579.9,Put,1600,21.65,28.91,27.0101,-23,430,77
25-Nov-2025,1579.9,Put,1580,40,26.66,27.0101,13,222,77
25-Nov-2025,1579.9,Put,1560,31.15,26.28,27.0101,9,233,73
28-Oct-2025,1579.9,Put,1520,0.15,37.28,27.0101,-8,299,69
25-Nov-2025,1579.9,Put,1550,27.4,26.34,27.0101,1,135,69
28-Oct-2025,1579.9,Put,1560,0.1,14.2,27.0101,-19,414,57
25-Nov-2025,1579.9,Call,1650,21.35,24.73,27.0101,-5,461,55
25-Nov-2025,1579.9,Call,1610,34.85,24.44,27.0101,10,199,55
25-Nov-2025,1579.9,Put,1600,50.6,26.62,27.0101,0,752,55
25-Nov-2025,1579.9,Put,1500,13.6,27.15,27.0101,-8,1084,53
25-Nov-2025,1579.9,Call,1710,9.7,25.84,27.0101,-11,92,44
28-Oct-2025,1579.9,Put,1550,0.15,20.51,27.0101,-14,245,42
25-Nov-2025,1579.9,Call,1630,27,24.6,27.0101,4,171,38
28-Oct-2025,1579.9,Put,1530,0.15,30.76,27.0101,-35,191,37
25-Nov-2025,1579.9,Call,1740,6.6,26.48,27.0101,17,289,37
25-Nov-2025,1579.9,Call,1660,18.7,24.93,27.0101,-5,314,37
28-Oct-2025,1579.9,Call,1660,0.05,35.31,27.0101,-13,2125,36
25-Nov-2025,1579.9,Call,1640,24,24.5,27.0101,8,382,35
28-Oct-2025,1579.9,Put,1670,87.55,59.58,27.0101,-23,179,24
28-Oct-2025,1579.9,Call,1750,0.05,68.95,27.0101,-3,290,23
28-Oct-2025,1579.9,Put,1500,0.05,40.01,27.0101,-12,519,23
25-Nov-2025,1579.9,Call,1560,60.95,23.84,27.0101,0,84,23
25-Nov-2025,1579.9,Put,1620,62.25,26.88,27.0101,4,145,23
25-Nov-2025,1579.9,Put,1400,2.9,29.42,27.0101,-11,218,23
28-Oct-2025,1579.9,Put,1540,0.05,22.14,27.0101,-16,253,22
25-Nov-2025,1579.9,Call,1720,8.5,26.42,27.0101,-1,131,21
28-Oct-2025,1579.9,Call,1800,0.05,86.17,27.0101,-15,742,19
28-Oct-2025,1579.9,Put,1340,0.05,110.91,27.0101,-4,178,18
25-Nov-2025,1579.9,Put,1570,35.45,26.33,27.0101,-1,75,18
30-Dec-2025,1579.9,-,0,1597,0,27.0101,4,314,17
25-Nov-2025,1579.9,Call,1570,54.05,23.81,27.0101,0,34,15
28-Oct-2025,1579.9,Call,1570,10.25,0,27.0101,-2,139,14
25-Nov-2025,1579.9,Call,1690,12.85,25.51,27.0101,3,114,14
25-Nov-2025,1579.9,Put,1480,9.75,27.27,27.0101,-5,198,13
25-Nov-2025,1579.9,Put,1610,55.9,26.69,27.0101,2,69,12
25-Nov-2025,1579.9,Put,1490,11.7,27.23,27.0101,-5,270,12
25-Nov-2025,1579.9,Call,1780,4.25,27.47,27.0101,5,132,11
25-Nov-2025,1579.9,Call,1760,5.2,26.84,27.0101,5,128,10
28-Oct-2025,1579.9,Put,1610,27.1,20.5,27.0101,0,106,9
25-Nov-2025,1579.9,Put,1520,18.05,26.78,27.0101,-1,201,9
25-Nov-2025,1579.9,Put,1470,8.65,27.57,27.0101,-7,113,9
28-Oct-2025,1579.9,Call,1690,0.05,46.99,27.0101,-7,142,8
25-Nov-2025,1579.9,Call,1670,17.05,24.96,27.0101,0,190,8
28-Oct-2025,1579.9,Call,1720,0.05,58.17,27.0101,-2,1275,7
25-Nov-2025,1579.9,Put,1540,23.75,26.58,27.0101,4,134,7
25-Nov-2025,1579.9,Call,1840,2.2,29.36,27.0101,0,30,7
28-Oct-2025,1579.9,Call,1560,20.6,0,27.0101,0,222,6
28-Oct-2025,1579.9,Call,1780,0.05,79.39,27.0101,-4,97,6
28-Oct-2025,1579.9,Call,1760,0.05,72.47,27.0101,-2,134,6
25-Nov-2025,1579.9,Call,1520,86.15,24.29,27.0101,0,43,6
25-Nov-2025,1579.9,Call,1820,2.55,28.68,27.0101,1,125,6
25-Nov-2025,1579.9,Put,1660,89.5,27.79,27.0101,0,85,6
28-Oct-2025,1579.9,Call,1860,0.05,105.8,27.0101,-3,32,5
28-Oct-2025,1579.9,Put,1660,78.6,64.11,27.0101,-4,207,5
28-Oct-2025,1579.9,Put,1380,0.1,99.57,27.0101,0,149,5
28-Oct-2025,1579.9,Put,1420,0.05,75.16,27.0101,-1,192,5
25-Nov-2025,1579.9,Call,1550,67.4,23.91,27.0101,2,47,5
25-Nov-2025,1579.9,Call,1770,4.75,27.13,27.0101,-1,47,5
25-Nov-2025,1579.9,Call,1750,6.1,26.99,27.0101,0,83,5
28-Oct-2025,1579.9,Put,1400,0.05,84.01,27.0101,-1,155,4
28-Oct-2025,1579.9,Put,1510,0.1,38.62,27.0101,-2,68,4
28-Oct-2025,1579.9,Call,1540,41,0,27.0101,-1,339,4
28-Oct-2025,1579.9,Call,1840,0.05,99.37,27.0101,-3,34,4
25-Nov-2025,1579.9,Put,1510,15.35,26.85,27.0101,2,68,4
28-Oct-2025,1579.9,Call,1520,62.95,0,27.0101,0,243,3
28-Oct-2025,1579.9,Call,1500,77.5,0,27.0101,0,188,3
28-Oct-2025,1579.9,Put,1620,36.15,0,27.0101,-1,234,3
25-Nov-2025,1579.9,Put,1460,8,28.65,27.0101,0,265,3
25-Nov-2025,1579.9,Put,1340,1.25,32.03,27.0101,0,5,3
28-Oct-2025,1579.9,Put,1640,56.55,0,27.0101,0,255,2
28-Oct-2025,1579.9,Put,1280,0.05,138.57,27.0101,0,31,2
25-Nov-2025,1579.9,Put,1630,69,26.98,27.0101,0,61,2
25-Nov-2025,1579.9,Call,1500,105,24.76,27.0101,0,122,2
25-Nov-2025,1579.9,Put,1450,6.2,28.03,27.0101,0,62,2
25-Nov-2025,1579.9,Put,1530,20.6,26.76,27.0101,0,81,2
25-Nov-2025,1579.9,Put,1640,75,28.55,27.0101,-1,139,2
25-Nov-2025,1579.9,Call,1730,7.7,25.99,27.0101,1,73,2
25-Nov-2025,1579.9,Call,1540,72.15,0,27.0101,0,68,2
28-Oct-2025,1579.9,Put,1680,99.2,81.1,27.0101,0,86,1
28-Oct-2025,1579.9,Put,1490,0.05,44.41,27.0101,0,122,1
28-Oct-2025,1579.9,Call,1530,50,0,27.0101,0,27,1
28-Oct-2025,1579.9,Put,1650,66.7,31.42,27.0101,0,240,1
28-Oct-2025,1579.9,Put,1630,47.3,34.35,27.0101,0,141,1
28-Oct-2025,1579.9,Put,1480,0.05,48.8,27.0101,0,330,1
25-Nov-2025,1579.9,Put,1440,5.1,28,27.0101,0,115,1
25-Nov-2025,1579.9,Put,1700,120.8,29.55,27.0101,0,50,1
25-Nov-2025,1579.9,Put,1680,104.65,28.99,27.0101,0,40,1
28-Oct-2025,1579.9,Call,1400,0,0,27.0101,0,20,0
28-Oct-2025,1579.9,Call,1360,0,0,27.0101,0,0,0
28-Oct-2025,1579.9,Call,1320,0,0,27.0101,0,0,0
28-Oct-2025,1579.9,Call,1440,0,0,27.0101,0,7,0
28-Oct-2025,1579.9,Call,1480,0,0,27.0101,0,32,0
28-Oct-2025,1579.9,Put,1720,0,0,27.0101,0,11,0
28-Oct-2025,1579.9,Put,1760,0,0,27.0101,0,0,0
28-Oct-2025,1579.9,Put,1800,0,0,27.0101,0,1,0
28-Oct-2025,1579.9,Put,1840,0,0,27.0101,0,0,0
28-Oct-2025,1579.9,Put,1860,0,0,27.0101,0,0,0
28-Oct-2025,1579.9,Put,1880,0,0,27.0101,0,0,0
28-Oct-2025,1579.9,Put,1770,0,0,27.0101,0,0,0
28-Oct-2025,1579.9,Call,1820,0,0,27.0101,0,5,0
28-Oct-2025,1579.9,Put,1820,0,0,27.0101,0,0,0
28-Oct-2025,1579.9,Call,1770,0,0,27.0101,0,36,0
28-Oct-2025,1579.9,Call,1880,0,0,27.0101,0,0,0
28-Oct-2025,1579.9,Call,1710,0,0,27.0101,0,162,0
28-Oct-2025,1579.9,Put,1710,0,0,27.0101,0,19,0
28-Oct-2025,1579.9,Call,1730,0,0,27.0101,0,170,0
28-Oct-2025,1579.9,Put,1730,0,0,27.0101,0,13,0
28-Oct-2025,1579.9,Put,1750,0,0,27.0101,0,0,0
28-Oct-2025,1579.9,Put,1390,0,0,27.0101,0,109,0
28-Oct-2025,1579.9,Put,1410,0,0,27.0101,0,19,0
28-Oct-2025,1579.9,Put,1430,0,0,27.0101,0,165,0
28-Oct-2025,1579.9,Put,1450,0,0,27.0101,0,114,0
28-Oct-2025,1579.9,Call,1510,0,0,27.0101,0,82,0
28-Oct-2025,1579.9,Put,1260,0,0,27.0101,0,0,0
28-Oct-2025,1579.9,Put,1300,0,0,27.0101,0,5,0
28-Oct-2025,1579.9,Call,1550,0,0,27.0101,0,73,0
28-Oct-2025,1579.9,Call,1370,0,0,27.0101,0,0,0
28-Oct-2025,1579.9,Put,1370,0,0,27.0101,0,0,0
28-Oct-2025,1579.9,Call,1900,0,0,27.0101,0,0,0
28-Oct-2025,1579.9,Put,1700,0,0,27.0101,0,13,0
28-Oct-2025,1579.9,Put,1740,0,0,27.0101,0,5,0
28-Oct-2025,1579.9,Call,1420,0,0,27.0101,0,2,0
28-Oct-2025,1579.9,Call,1460,0,0,27.0101,0,12,0
28-Oct-2025,1579.9,Put,1690,0,0,27.0101,0,17,0
28-Oct-2025,1579.9,Put,1320,0,0,27.0101,0,18,0
28-Oct-2025,1579.9,Call,1260,0,0,27.0101,0,0,0
28-Oct-2025,1579.9,Call,1300,0,0,27.0101,0,0,0
28-Oct-2025,1579.9,Call,1340,0,0,27.0101,0,0,0
28-Oct-2025,1579.9,Call,1390,0,0,27.0101,0,0,0
28-Oct-2025,1579.9,Call,1410,0,0,27.0101,0,0,0
28-Oct-2025,1579.9,Call,1430,0,0,27.0101,0,0,0
28-Oct-2025,1579.9,Call,1450,0,0,27.0101,0,15,0
28-Oct-2025,1579.9,Call,1470,0,0,27.0101,0,3,0
28-Oct-2025,1579.9,Put,1470,0,0,27.0101,0,29,0
28-Oct-2025,1579.9,Call,1490,0,0,27.0101,0,41,0
28-Oct-2025,1579.9,Put,1780,0,0,27.0101,0,0,0
28-Oct-2025,1579.9,Put,1460,0,0,27.0101,0,323,0
28-Oct-2025,1579.9,Put,1900,0,0,27.0101,0,0,0
28-Oct-2025,1579.9,Call,1380,0,0,27.0101,0,0,0
28-Oct-2025,1579.9,Put,1360,0,0,27.0101,0,79,0
25-Nov-2025,1579.9,Put,1650,0,0,27.0101,0,100,0
25-Nov-2025,1579.9,Put,1320,0,0,27.0101,0,0,0
25-Nov-2025,1579.9,Put,1420,0,0,27.0101,0,0,0
25-Nov-2025,1579.9,Put,1410,0,0,27.0101,0,0,0
25-Nov-2025,1579.9,Put,1300,0,0,27.0101,0,0,0
25-Nov-2025,1579.9,Put,1780,0,0,27.0101,0,0,0
25-Nov-2025,1579.9,Put,1820,0,0,27.0101,0,0,0
25-Nov-2025,1579.9,Put,1800,0,0,27.0101,0,0,0
25-Nov-2025,1579.9,Put,1880,0,0,27.0101,0,0,0
25-Nov-2025,1579.9,Put,1730,0,0,27.0101,0,0,0
25-Nov-2025,1579.9,Put,1750,0,0,27.0101,0,0,0
25-Nov-2025,1579.9,Put,1710,0,0,27.0101,0,0,0
25-Nov-2025,1579.9,Put,1760,0,0,27.0101,0,0,0
25-Nov-2025,1579.9,Put,1840,0,0,27.0101,0,0,0
25-Nov-2025,1579.9,Call,1300,0,0,27.0101,0,0,0
25-Nov-2025,1579.9,Call,1480,0,0,27.0101,0,0,0
25-Nov-2025,1579.9,Call,1490,0,0,27.0101,0,0,0
25-Nov-2025,1579.9,Call,1450,0,0,27.0101,0,0,0
25-Nov-2025,1579.9,Put,1360,0,0,27.0101,0,0,0
28-Oct-2025,1579.9,Call,1280,0,0,27.0101,0,0,0
28-Oct-2025,1579.9,Put,1440,0,0,27.0101,0,194,0
25-Nov-2025,1579.9,Put,1720,0,0,27.0101,0,16,0
25-Nov-2025,1579.9,Call,1260,0,0,27.0101,0,0,0
25-Nov-2025,1579.9,Call,1430,0,0,27.0101,0,0,0
25-Nov-2025,1579.9,Call,1420,0,0,27.0101,0,0,0
25-Nov-2025,1579.9,Call,1380,0,0,27.0101,0,0,0
25-Nov-2025,1579.9,Call,1340,0,0,27.0101,0,0,0
25-Nov-2025,1579.9,Call,1470,0,0,27.0101,0,0,0
25-Nov-2025,1579.9,Put,1670,0,0,27.0101,0,89,0
25-Nov-2025,1579.9,Put,1860,0,0,27.0101,0,0,0
25-Nov-2025,1579.9,Put,1260,0,0,27.0101,0,0,0
25-Nov-2025,1579.9,Put,1370,0,0,27.0101,0,0,0
25-Nov-2025,1579.9,Call,1360,0,0,27.0101,0,0,0
25-Nov-2025,1579.9,Call,1390,0,0,27.0101,0,0,0
25-Nov-2025,1579.9,Put,1740,0,0,27.0101,0,0,0
25-Nov-2025,1579.9,Call,1880,0,0,27.0101,0,38,0
25-Nov-2025,1579.9,Call,1460,0,0,27.0101,0,0,0
25-Nov-2025,1579.9,Call,1410,0,0,27.0101,0,0,0
25-Nov-2025,1579.9,Put,1770,0,0,27.0101,0,0,0
25-Nov-2025,1579.9,Put,1430,0,0,27.0101,0,0,0
25-Nov-2025,1579.9,Put,1900,0,0,27.0101,0,51,0
25-Nov-2025,1579.9,Call,1900,0,0,27.0101,0,50,0
25-Nov-2025,1579.9,Call,1400,0,0,27.0101,0,0,0
25-Nov-2025,1579.9,Call,1440,0,0,27.0101,0,0,0
25-Nov-2025,1579.9,Call,1860,0,0,27.0101,0,0,0
30-Dec-2025,1579.9,Put,1620,0,0,27.0101,0,0,0
30-Dec-2025,1579.9,Call,1720,0,0,27.0101,0,20,0
30-Dec-2025,1579.9,Call,1680,0,0,27.0101,0,0,0
25-Nov-2025,1579.9,Call,1320,0,0,27.0101,0,0,0
25-Nov-2025,1579.9,Call,1280,0,0,27.0101,0,0,0
25-Nov-2025,1579.9,Put,1390,0,0,27.0101,0,0,0
25-Nov-2025,1579.9,Put,1380,0,0,27.0101,0,0,0
25-Nov-2025,1579.9,Call,1370,0,0,27.0101,0,0,0
25-Nov-2025,1579.9,Call,1530,0,0,27.0101,0,0,0
25-Nov-2025,1579.9,Call,1510,0,0,27.0101,0,3,0
25-Nov-2025,1579.9,Put,1690,0,0,27.0101,0,40,0
25-Nov-2025,1579.9,Put,1280,0,0,27.0101,0,0,0
30-Dec-2025,1579.9,Put,1600,0,0,27.0101,0,51,0
30-Dec-2025,1579.9,Put,1660,0,0,27.0101,0,0,0
30-Dec-2025,1579.9,Put,1480,0,0,27.0101,0,0,0
30-Dec-2025,1579.9,Call,1800,0,0,27.0101,0,62,0
30-Dec-2025,1579.9,Put,1520,0,0,27.0101,0,3,0
30-Dec-2025,1579.9,Call,1740,0,0,27.0101,0,0,0
30-Dec-2025,1579.9,Call,1840,0,0,27.0101,0,23,0
30-Dec-2025,1579.9,Call,1660,0,0,27.0101,0,0,0
30-Dec-2025,1579.9,Call,1700,0,0,27.0101,0,0,0
30-Dec-2025,1579.9,Call,1560,0,0,27.0101,0,0,0
30-Dec-2025,1579.9,Call,1580,0,0,27.0101,0,0,0
30-Dec-2025,1579.9,Put,1500,0,0,27.0101,0,9,0
30-Dec-2025,1579.9,Put,1580,0,0,27.0101,0,0,0
30-Dec-2025,1579.9,Put,1560,0,0,27.0101,0,14,0
30-Dec-2025,1579.9,Call,1760,0,0,27.0101,0,19,0
30-Dec-2025,1579.9,Put,1540,0,0,27.0101,0,11,0
30-Dec-2025,1579.9,Call,1620,0,0,27.0101,0,0,0
30-Dec-2025,1579.9,Call,1600,0,0,27.0101,0,1,0
30-Dec-2025,1579.9,Call,1640,0,0,27.0101,0,0,0
30-Dec-2025,1579.9,Call,1920,0,0,27.0101,0,1,0
30-Dec-2025,1579.9,Put,1640,0,0,27.0101,0,0,0
