25-Nov-2025,394.35,-,0,391.6,0,28.4244,1818,29447,3646
28-Oct-2025,394.35,-,0,394,0,28.4244,506,22964,2916
28-Oct-2025,394.35,Call,400,0.1,18.8,28.4244,-139,1374,1180
25-Nov-2025,394.35,Call,400,5.35,14.98,28.4244,87,2091,865
28-Oct-2025,394.35,Call,395,0.2,5.7,28.4244,-21,1561,694
28-Oct-2025,394.35,Put,395,1.15,8.33,28.4244,-197,510,541
25-Nov-2025,394.35,Call,395,7.15,13.71,28.4244,51,813,493
25-Nov-2025,394.35,Put,395,10.3,26.05,28.4244,30,676,383
25-Nov-2025,394.35,Put,390,7.75,24.97,28.4244,30,1047,376
28-Oct-2025,394.35,Put,385,0.15,29.89,28.4244,-92,808,344
25-Nov-2025,394.35,Call,390,9.5,11.84,28.4244,-11,1159,326
25-Nov-2025,394.35,Call,410,2.75,16.57,28.4244,54,762,283
25-Nov-2025,394.35,Call,397.5,6.15,14.18,28.4244,36,255,233
28-Oct-2025,394.35,Put,390,0.15,15.33,28.4244,-65,522,223
28-Oct-2025,394.35,Call,410,0.05,35.09,28.4244,-112,732,200
28-Oct-2025,394.35,Put,375,0.05,45.12,28.4244,-32,387,196
28-Oct-2025,394.35,Call,397.5,0.1,11.99,28.4244,-40,195,189
25-Nov-2025,394.35,Call,420,1.4,18.08,28.4244,-14,853,187
25-Nov-2025,394.35,Put,385,5.6,24.27,28.4244,34,660,180
28-Oct-2025,394.35,Call,405,0.05,25.33,28.4244,0,763,178
25-Nov-2025,394.35,Put,400,13.35,27.43,28.4244,-5,1089,171
28-Oct-2025,394.35,Put,380,0.1,42.02,28.4244,-101,510,157
30-Dec-2025,394.35,-,0,394.55,0,28.4244,76,775,149
25-Nov-2025,394.35,Put,397.5,11.9,26.66,28.4244,18,178,135
25-Nov-2025,394.35,Put,380,3.8,23.86,28.4244,12,1168,134
28-Oct-2025,394.35,Call,390,4.3,0,28.4244,-56,366,132
25-Nov-2025,394.35,Call,402.5,4.6,15.46,28.4244,24,142,122
25-Nov-2025,394.35,Put,392.5,8.9,25.56,28.4244,4,272,117
25-Nov-2025,394.35,Call,405,3.9,15.88,28.4244,28,267,117
28-Oct-2025,394.35,Put,400,5.85,24.08,28.4244,-43,320,104
28-Oct-2025,394.35,Call,415,0.05,44.36,28.4244,-48,427,91
28-Oct-2025,394.35,Put,392.5,0.25,11.64,28.4244,-34,155,74
28-Oct-2025,394.35,Put,387.5,0.15,23.56,28.4244,-11,377,73
25-Nov-2025,394.35,Call,392.5,8.3,12.68,28.4244,11,256,69
25-Nov-2025,394.35,Put,370,1.9,24.19,28.4244,-10,663,60
25-Nov-2025,394.35,Call,415,1.95,17.47,28.4244,26,191,59
25-Nov-2025,394.35,Call,380,15.75,0,28.4244,10,355,50
25-Nov-2025,394.35,Put,402.5,15,28.01,28.4244,4,44,46
25-Nov-2025,394.35,Call,450,0.35,23.52,28.4244,2,802,43
25-Nov-2025,394.35,Put,375,2.7,23.78,28.4244,-2,223,40
25-Nov-2025,394.35,Put,382.5,4.7,24.33,28.4244,15,103,37
28-Oct-2025,394.35,Put,370,0.05,55.24,28.4244,-11,283,35
28-Oct-2025,394.35,Call,402.5,0.05,20.2,28.4244,-2,120,34
25-Nov-2025,394.35,Put,420,29.55,33.47,28.4244,-3,202,30
25-Nov-2025,394.35,Put,410,20.95,30.56,28.4244,-9,113,28
28-Oct-2025,394.35,Call,385,9.25,0,28.4244,-8,431,25
25-Nov-2025,394.35,Put,387.5,6.5,24.87,28.4244,5,110,25
25-Nov-2025,394.35,Put,405,16.95,28.77,28.4244,6,52,25
28-Oct-2025,394.35,Call,392.5,1.7,0,28.4244,-4,144,24
28-Oct-2025,394.35,Call,380,14.25,44.31,28.4244,-17,171,22
25-Nov-2025,394.35,Call,382.5,13.95,0,28.4244,1,55,20
28-Oct-2025,394.35,Put,397.5,3.65,0,28.4244,-1,148,17
25-Nov-2025,394.35,Put,360,0.95,25.42,28.4244,-1,211,17
25-Nov-2025,394.35,Call,385,12.4,0,28.4244,-2,210,17
28-Oct-2025,394.35,Call,412.5,0.05,39.78,28.4244,-3,28,16
25-Nov-2025,394.35,Call,377.5,17.45,0,28.4244,-2,35,16
28-Oct-2025,394.35,Put,365,0.05,65.29,28.4244,-8,214,13
28-Oct-2025,394.35,Put,410,15.9,0,28.4244,-8,26,12
25-Nov-2025,394.35,Put,415,24,30.58,28.4244,0,51,11
25-Nov-2025,394.35,Call,387.5,10.9,9.64,28.4244,0,105,10
25-Nov-2025,394.35,Call,440,0.45,21.53,28.4244,0,126,10
25-Nov-2025,394.35,Call,407.5,3.35,16.68,28.4244,2,80,9
28-Oct-2025,394.35,Put,382.5,0.15,29.64,28.4244,-2,338,8
28-Oct-2025,394.35,Put,405,8.9,0,28.4244,-7,26,8
25-Nov-2025,394.35,Put,362.5,1,24.36,28.4244,0,72,8
25-Nov-2025,394.35,Put,350,0.6,27.49,28.4244,5,259,8
28-Oct-2025,394.35,Call,375,22.1,113.88,28.4244,0,76,7
28-Oct-2025,394.35,Call,370,24.25,0,28.4244,-1,134,7
25-Nov-2025,394.35,Call,430,0.8,19.99,28.4244,2,150,6
28-Oct-2025,394.35,Put,377.5,0.1,44.6,28.4244,-2,134,5
25-Nov-2025,394.35,Put,450,57.5,48.55,28.4244,4,1512,5
25-Nov-2025,394.35,Call,412.5,2.7,18.09,28.4244,0,36,5
25-Nov-2025,394.35,Put,377.5,2.65,22.23,28.4244,0,39,5
30-Dec-2025,394.35,Put,380,6,22.13,28.4244,2,32,5
28-Oct-2025,394.35,Call,407.5,0.05,30.28,28.4244,-1,76,4
28-Oct-2025,394.35,Call,420,0.05,53.28,28.4244,0,845,4
28-Oct-2025,394.35,Put,360,0.05,75.31,28.4244,0,360,4
28-Oct-2025,394.35,Put,450,53,0,28.4244,0,295,3
28-Oct-2025,394.35,Call,450,0.05,101.78,28.4244,1,588,3
25-Nov-2025,394.35,Call,360,33,0,28.4244,1,54,3
25-Nov-2025,394.35,Call,425,1.15,19.52,28.4244,0,60,3
28-Oct-2025,394.35,Put,367.5,0.05,60.28,28.4244,0,77,2
28-Oct-2025,394.35,Call,377.5,16.4,95.72,28.4244,0,61,2
25-Nov-2025,394.35,Put,430,36.95,35.12,28.4244,0,26,2
25-Nov-2025,394.35,Put,372.5,2,23.22,28.4244,1,42,2
25-Nov-2025,394.35,Call,417.5,1.65,18.05,28.4244,0,55,2
28-Oct-2025,394.35,Call,360,34.45,0,28.4244,0,37,1
28-Oct-2025,394.35,Call,430,0.05,70.27,28.4244,0,116,1
28-Oct-2025,394.35,Call,382.5,14,75.72,28.4244,0,182,1
25-Nov-2025,394.35,Call,435,0.6,20.78,28.4244,0,41,1
25-Nov-2025,394.35,Put,355,0.6,25.43,28.4244,0,64,1
25-Nov-2025,394.35,Call,350,44,0,28.4244,0,34,1
30-Dec-2025,394.35,Put,385,7.5,22.04,28.4244,0,12,1
28-Oct-2025,394.35,Call,445,0,0,28.4244,0,14,0
28-Oct-2025,394.35,Put,417.5,0,0,28.4244,0,1,0
28-Oct-2025,394.35,Call,417.5,0,0,28.4244,0,38,0
28-Oct-2025,394.35,Put,407.5,0,0,28.4244,0,9,0
28-Oct-2025,394.35,Put,412.5,0,0,28.4244,0,8,0
28-Oct-2025,394.35,Put,372.5,0,0,28.4244,0,112,0
28-Oct-2025,394.35,Put,362.5,0,0,28.4244,0,42,0
28-Oct-2025,394.35,Put,425,0,0,28.4244,0,1,0
28-Oct-2025,394.35,Put,330,0,0,28.4244,0,41,0
28-Oct-2025,394.35,Put,355,0,0,28.4244,0,82,0
28-Oct-2025,394.35,Call,422.5,0,0,28.4244,0,0,0
28-Oct-2025,394.35,Put,460,0,0,28.4244,0,8,0
28-Oct-2025,394.35,Put,335,0,0,28.4244,0,15,0
28-Oct-2025,394.35,Call,357.5,0,0,28.4244,0,0,0
28-Oct-2025,394.35,Put,422.5,0,0,28.4244,0,0,0
28-Oct-2025,394.35,Call,335,0,0,28.4244,0,0,0
28-Oct-2025,394.35,Put,357.5,0,0,28.4244,0,4,0
28-Oct-2025,394.35,Call,427.5,0,0,0,0,0,0
28-Oct-2025,394.35,Put,340,0,0,28.4244,0,46,0
28-Oct-2025,394.35,Call,355,0,0,28.4244,0,6,0
28-Oct-2025,394.35,Call,345,0,0,28.4244,0,7,0
28-Oct-2025,394.35,Put,427.5,0,0,0,0,0,0
28-Oct-2025,394.35,Call,365,0,0,28.4244,0,42,0
28-Oct-2025,394.35,Put,415,0,0,28.4244,0,50,0
28-Oct-2025,394.35,Call,362.5,0,0,28.4244,0,15,0
28-Oct-2025,394.35,Put,435,0,0,28.4244,0,0,0
28-Oct-2025,394.35,Put,445,0,0,28.4244,0,0,0
28-Oct-2025,394.35,Call,372.5,0,0,28.4244,0,42,0
28-Oct-2025,394.35,Call,367.5,0,0,28.4244,0,29,0
28-Oct-2025,394.35,Put,310,0,0,28.4244,0,15,0
28-Oct-2025,394.35,Call,440,0,0,28.4244,0,210,0
28-Oct-2025,394.35,Call,320,0,0,28.4244,0,0,0
28-Oct-2025,394.35,Call,387.5,0,0,28.4244,0,454,0
28-Oct-2025,394.35,Put,320,0,0,28.4244,0,63,0
28-Oct-2025,394.35,Call,330,0,0,28.4244,0,1,0
28-Oct-2025,394.35,Put,402.5,0,0,28.4244,0,19,0
28-Oct-2025,394.35,Put,345,0,0,28.4244,0,9,0
28-Oct-2025,394.35,Put,350,0,0,28.4244,0,214,0
28-Oct-2025,394.35,Call,340,0,0,28.4244,0,0,0
28-Oct-2025,394.35,Call,460,0,0,28.4244,0,55,0
28-Oct-2025,394.35,Put,430,0,0,28.4244,0,65,0
28-Oct-2025,394.35,Put,325,0,0,28.4244,0,77,0
28-Oct-2025,394.35,Call,350,0,0,28.4244,0,3,0
28-Oct-2025,394.35,Put,440,0,0,28.4244,0,54,0
28-Oct-2025,394.35,Call,325,0,0,28.4244,0,0,0
28-Oct-2025,394.35,Call,425,0,0,28.4244,0,282,0
28-Oct-2025,394.35,Call,455,0,0,28.4244,0,0,0
28-Oct-2025,394.35,Call,435,0,0,28.4244,0,455,0
28-Oct-2025,394.35,Call,352.5,0,0,28.4244,0,0,0
28-Oct-2025,394.35,Put,352.5,0,0,28.4244,0,0,0
28-Oct-2025,394.35,Put,455,0,0,28.4244,0,0,0
25-Nov-2025,394.35,Put,335,0,0,28.4244,0,0,0
28-Oct-2025,394.35,Put,420,0,0,28.4244,0,105,0
25-Nov-2025,394.35,Call,427.5,0,0,0,0,0,0
25-Nov-2025,394.35,Put,427.5,0,0,0,0,0,0
25-Nov-2025,394.35,Put,422.5,0,0,28.4244,0,0,0
25-Nov-2025,394.35,Put,455,0,0,28.4244,0,6,0
25-Nov-2025,394.35,Call,422.5,0,0,28.4244,0,8,0
25-Nov-2025,394.35,Put,325,0,0,28.4244,0,0,0
25-Nov-2025,394.35,Call,455,0,0,28.4244,0,0,0
25-Nov-2025,394.35,Put,340,0,0,28.4244,0,0,0
25-Nov-2025,394.35,Call,325,0,0,28.4244,0,0,0
25-Nov-2025,394.35,Put,412.5,0,0,28.4244,0,0,0
25-Nov-2025,394.35,Put,425,0,0,28.4244,0,0,0
25-Nov-2025,394.35,Put,440,0,0,28.4244,0,149,0
25-Nov-2025,394.35,Put,407.5,0,0,28.4244,0,0,0
25-Nov-2025,394.35,Call,355,0,0,28.4244,0,0,0
25-Nov-2025,394.35,Put,417.5,0,0,28.4244,0,0,0
25-Nov-2025,394.35,Put,435,0,0,28.4244,0,0,0
25-Nov-2025,394.35,Call,330,0,0,28.4244,0,0,0
25-Nov-2025,394.35,Put,445,0,0,28.4244,0,0,0
25-Nov-2025,394.35,Put,345,0,0,28.4244,0,0,0
25-Nov-2025,394.35,Call,345,0,0,28.4244,0,0,0
25-Nov-2025,394.35,Call,365,0,0,28.4244,0,0,0
25-Nov-2025,394.35,Call,320,0,0,28.4244,0,0,0
25-Nov-2025,394.35,Call,335,0,0,28.4244,0,0,0
25-Nov-2025,394.35,Call,367.5,0,0,28.4244,0,0,0
25-Nov-2025,394.35,Call,362.5,0,0,28.4244,0,0,0
25-Nov-2025,394.35,Put,367.5,0,0,28.4244,0,0,0
25-Nov-2025,394.35,Put,365,0,0,28.4244,0,0,0
25-Nov-2025,394.35,Call,372.5,0,0,28.4244,0,0,0
25-Nov-2025,394.35,Call,375,0,0,28.4244,0,0,0
25-Nov-2025,394.35,Call,340,0,0,28.4244,0,0,0
25-Nov-2025,394.35,Call,370,0,0,28.4244,0,54,0
25-Nov-2025,394.35,Call,445,0,0,28.4244,0,3,0
25-Nov-2025,394.35,Put,357.5,0,0,28.4244,0,0,0
25-Nov-2025,394.35,Call,357.5,0,0,28.4244,0,0,0
25-Nov-2025,394.35,Put,352.5,0,0,28.4244,0,0,0
25-Nov-2025,394.35,Call,352.5,0,0,28.4244,0,0,0
25-Nov-2025,394.35,Put,320,0,0,28.4244,0,9,0
25-Nov-2025,394.35,Put,330,0,0,28.4244,0,0,0
30-Dec-2025,394.35,Put,375,0,0,28.4244,0,0,0
30-Dec-2025,394.35,Call,425,0,0,28.4244,0,2,0
30-Dec-2025,394.35,Put,330,0,0,28.4244,0,0,0
30-Dec-2025,394.35,Put,360,0,0,28.4244,0,5,0
30-Dec-2025,394.35,Call,415,0,0,28.4244,0,0,0
30-Dec-2025,394.35,Put,405,0,0,28.4244,0,0,0
30-Dec-2025,394.35,Put,395,0,0,28.4244,0,0,0
30-Dec-2025,394.35,Call,420,0,0,28.4244,0,0,0
30-Dec-2025,394.35,Put,400,0,0,28.4244,0,0,0
30-Dec-2025,394.35,Call,380,0,0,28.4244,0,0,0
30-Dec-2025,394.35,Call,390,0,0,28.4244,0,5,0
30-Dec-2025,394.35,Put,390,0,0,28.4244,0,46,0
30-Dec-2025,394.35,Put,410,0,0,28.4244,0,0,0
30-Dec-2025,394.35,Call,410,0,0,28.4244,0,7,0
30-Dec-2025,394.35,Call,400,0,0,28.4244,0,47,0
30-Dec-2025,394.35,Call,395,0,0,28.4244,0,0,0
30-Dec-2025,394.35,Put,370,0,0,28.4244,0,0,0
30-Dec-2025,394.35,Call,405,0,0,28.4244,0,0,0
