25-Nov-2025,6932,-,0,6972.5,0,27.789,118,17474,302
28-Oct-2025,6932,-,0,6930,0,27.789,-8,3557,179
28-Oct-2025,6932,Call,7000,2.8,14.91,27.789,-44,941,116
28-Oct-2025,6932,Call,7200,0.3,29.96,27.789,-38,679,102
28-Oct-2025,6932,Call,6950,12.1,14.29,27.789,-7,190,83
25-Nov-2025,6932,Call,7000,157,21.63,27.789,8,375,82
28-Oct-2025,6932,Put,6800,2.9,24.02,27.789,-25,211,69
25-Nov-2025,6932,Call,6900,209.25,21.49,27.789,12,161,65
28-Oct-2025,6932,Put,6700,2.3,32.28,27.789,-19,334,50
28-Oct-2025,6932,Put,6500,0.85,53.26,27.789,-18,570,49
28-Oct-2025,6932,Call,7100,0.7,22.59,27.789,-27,564,48
28-Oct-2025,6932,Call,7050,0.55,17.89,27.789,-22,367,47
28-Oct-2025,6932,Call,6900,39.1,11.82,27.789,-14,287,43
28-Oct-2025,6932,Put,6900,13.85,18.8,27.789,-7,102,34
28-Oct-2025,6932,Call,7150,0.6,27.16,27.789,-9,301,24
28-Oct-2025,6932,Call,7500,0.05,48.47,27.789,-15,715,21
25-Nov-2025,6932,Call,7200,83,21.67,27.789,11,233,21
25-Nov-2025,6932,Call,7100,118.05,20.85,27.789,6,204,21
28-Oct-2025,6932,Call,7300,0.45,41.37,27.789,-8,255,16
25-Nov-2025,6932,Call,7500,29.95,22.89,27.789,-7,304,16
28-Oct-2025,6932,Put,6600,0.3,44.04,27.789,-2,256,15
28-Oct-2025,6932,Put,6750,1,27.76,27.789,-8,135,13
25-Nov-2025,6932,Put,6800,98.5,23.21,27.789,3,169,13
25-Nov-2025,6932,Put,7000,187.45,23.49,27.789,0,125,13
28-Oct-2025,6932,Put,6650,0.15,30.51,27.789,-6,142,12
25-Nov-2025,6932,Put,6900,139.8,23.56,27.789,6,164,12
28-Oct-2025,6932,Call,7800,0.1,74.34,27.789,0,130,10
30-Dec-2025,6932,-,0,7000,0,27.789,2,125,8
28-Oct-2025,6932,Put,6950,40.2,21.74,27.789,-4,152,8
28-Oct-2025,6932,Call,7400,0.15,46.46,27.789,-2,197,8
28-Oct-2025,6932,Call,7600,0.05,55.91,27.789,0,375,8
25-Nov-2025,6932,Call,7600,22.05,23.62,27.789,0,251,8
28-Oct-2025,6932,Put,6850,5.75,22.1,27.789,2,112,8
28-Oct-2025,6932,Call,7550,0.1,55.38,27.789,0,76,7
28-Oct-2025,6932,Call,7700,0.05,63.17,27.789,0,757,7
25-Nov-2025,6932,Put,6500,34,24.6,27.789,-1,391,7
25-Nov-2025,6932,Call,7050,129.9,20.79,27.789,3,36,7
25-Nov-2025,6932,Call,6850,240.6,21.73,27.789,-1,20,7
28-Oct-2025,6932,Call,6850,81.05,0,27.789,0,126,4
28-Oct-2025,6932,Put,7000,94.2,37.78,27.789,-3,196,4
28-Oct-2025,6932,Put,6350,0.2,61.4,27.789,-2,7,3
25-Nov-2025,6932,Put,6650,63.05,24.54,27.789,0,16,3
25-Nov-2025,6932,Call,8000,6.55,26.27,27.789,1,131,3
25-Nov-2025,6932,Call,7400,40.7,22.13,27.789,0,87,2
25-Nov-2025,6932,Call,7550,27.2,23.65,27.789,0,37,2
28-Oct-2025,6932,Call,6600,338.65,58.91,27.789,0,29,1
28-Oct-2025,6932,Call,6500,425,0,27.789,0,35,1
28-Oct-2025,6932,Put,6450,0.6,58.23,27.789,0,41,1
28-Oct-2025,6932,Put,6400,0.05,49.72,27.789,0,369,1
25-Nov-2025,6932,Put,6100,7,27.21,27.789,0,31,1
25-Nov-2025,6932,Call,7700,19.7,25.49,27.789,0,7,1
25-Nov-2025,6932,Put,6700,74.55,24.29,27.789,0,164,1
25-Nov-2025,6932,Put,6200,10.15,26.32,27.789,0,18,1
25-Nov-2025,6932,Put,6950,179.1,0,27.789,0,2,1
25-Nov-2025,6932,Call,6950,175.75,20.63,27.789,0,38,1
28-Oct-2025,6932,Put,7600,0,0,27.789,0,0,0
28-Oct-2025,6932,Put,7250,0,0,27.789,0,6,0
28-Oct-2025,6932,Call,7450,0,0,27.789,0,32,0
28-Oct-2025,6932,Call,7900,0,0,27.789,0,180,0
28-Oct-2025,6932,Put,7350,0,0,27.789,0,3,0
28-Oct-2025,6932,Put,7900,0,0,27.789,0,0,0
28-Oct-2025,6932,Put,7800,0,0,27.789,0,0,0
28-Oct-2025,6932,Put,7550,0,0,27.789,0,0,0
28-Oct-2025,6932,Put,7050,0,0,27.789,0,103,0
28-Oct-2025,6932,Put,7200,0,0,27.789,0,74,0
28-Oct-2025,6932,Put,7150,0,0,27.789,0,11,0
28-Oct-2025,6932,Put,7400,0,0,27.789,0,107,0
28-Oct-2025,6932,Call,6650,0,0,27.789,0,0,0
28-Oct-2025,6932,Put,6200,0,0,27.789,0,965,0
28-Oct-2025,6932,Put,7700,0,0,27.789,0,0,0
28-Oct-2025,6932,Call,5900,0,0,27.789,0,0,0
28-Oct-2025,6932,Call,6100,0,0,27.789,0,2,0
28-Oct-2025,6932,Call,6200,0,0,27.789,0,28,0
28-Oct-2025,6932,Call,6300,0,0,27.789,0,6,0
28-Oct-2025,6932,Call,6400,0,0,27.789,0,18,0
28-Oct-2025,6932,Put,5700,0,0,27.789,0,1,0
28-Oct-2025,6932,Call,6250,0,0,27.789,0,0,0
28-Oct-2025,6932,Call,6350,0,0,27.789,0,0,0
28-Oct-2025,6932,Call,6450,0,0,27.789,0,0,0
28-Oct-2025,6932,Call,6550,0,0,27.789,0,3,0
28-Oct-2025,6932,Put,7450,0,0,27.789,0,1,0
28-Oct-2025,6932,Call,6750,0,0,27.789,0,11,0
28-Oct-2025,6932,Put,5800,0,0,27.789,0,13,0
28-Oct-2025,6932,Put,6000,0,0,27.789,0,362,0
28-Oct-2025,6932,Put,6100,0,0,27.789,0,468,0
28-Oct-2025,6932,Call,6000,0,0,27.789,0,71,0
28-Oct-2025,6932,Put,5900,0,0,27.789,0,31,0
28-Oct-2025,6932,Put,7500,0,0,27.789,0,262,0
28-Oct-2025,6932,Call,6700,0,0,27.789,0,37,0
28-Oct-2025,6932,Call,6800,0,0,27.789,0,171,0
28-Oct-2025,6932,Call,5500,0,0,27.789,0,4,0
28-Oct-2025,6932,Call,7650,0,0,27.789,0,0,0
28-Oct-2025,6932,Put,7650,0,0,27.789,0,0,0
28-Oct-2025,6932,Put,7300,0,0,27.789,0,10,0
28-Oct-2025,6932,Call,8000,0,0,27.789,0,184,0
28-Oct-2025,6932,Call,7350,0,0,27.789,0,24,0
28-Oct-2025,6932,Put,5950,0,0,27.789,0,9,0
28-Oct-2025,6932,Put,6050,0,0,27.789,0,65,0
28-Oct-2025,6932,Put,6150,0,0,27.789,0,11,0
28-Oct-2025,6932,Put,6250,0,0,27.789,0,18,0
28-Oct-2025,6932,Put,6550,0,0,27.789,0,32,0
28-Oct-2025,6932,Call,5600,0,0,27.789,0,9,0
28-Oct-2025,6932,Put,6300,0,0,27.789,0,183,0
25-Nov-2025,6932,Call,5800,0,0,27.789,0,5,0
25-Nov-2025,6932,Put,6400,0,0,27.789,0,94,0
25-Nov-2025,6932,Call,6500,0,0,27.789,0,93,0
25-Nov-2025,6932,Call,6600,0,0,27.789,0,0,0
25-Nov-2025,6932,Put,7100,0,0,27.789,0,103,0
25-Nov-2025,6932,Put,7900,0,0,27.789,0,0,0
25-Nov-2025,6932,Call,6450,0,0,27.789,0,0,0
25-Nov-2025,6932,Put,6000,0,0,27.789,0,9,0
25-Nov-2025,6932,Call,7800,0,0,27.789,0,18,0
28-Oct-2025,6932,Put,5850,0,0,27.789,0,43,0
28-Oct-2025,6932,Put,7100,0,0,27.789,0,160,0
25-Nov-2025,6932,Call,6300,0,0,27.789,0,12,0
25-Nov-2025,6932,Put,7250,0,0,27.789,0,0,0
25-Nov-2025,6932,Put,7800,0,0,27.789,0,0,0
25-Nov-2025,6932,Put,7300,0,0,27.789,0,1,0
25-Nov-2025,6932,Put,7600,0,0,27.789,0,0,0
28-Oct-2025,6932,Call,7250,0,0,27.789,0,194,0
28-Oct-2025,6932,Call,5800,0,0,27.789,0,0,0
25-Nov-2025,6932,Put,7400,0,0,27.789,0,0,0
25-Nov-2025,6932,Call,6700,0,0,27.789,0,0,0
25-Nov-2025,6932,Put,5900,0,0,27.789,0,20,0
28-Oct-2025,6932,Call,5300,0,0,27.789,0,3,0
28-Oct-2025,6932,Call,5700,0,0,27.789,0,1,0
25-Nov-2025,6932,Call,6350,0,0,27.789,0,0,0
28-Oct-2025,6932,Put,8000,0,0,27.789,0,0,0
25-Nov-2025,6932,Put,7150,0,0,27.789,0,0,0
30-Dec-2025,6932,Call,7300,0,0,27.789,0,0,0
25-Nov-2025,6932,Call,6400,0,0,27.789,0,6,0
25-Nov-2025,6932,Call,7300,0,0,27.789,0,80,0
25-Nov-2025,6932,Call,7650,0,0,27.789,0,1,0
25-Nov-2025,6932,Put,7700,0,0,27.789,0,0,0
25-Nov-2025,6932,Put,6450,0,0,27.789,0,0,0
25-Nov-2025,6932,Call,6100,0,0,27.789,0,0,0
25-Nov-2025,6932,Call,6800,0,0,27.789,0,131,0
25-Nov-2025,6932,Put,7500,0,0,27.789,0,56,0
25-Nov-2025,6932,Call,7250,0,0,27.789,0,7,0
25-Nov-2025,6932,Call,6550,0,0,27.789,0,0,0
28-Oct-2025,6932,Call,5400,0,0,27.789,0,8,0
25-Nov-2025,6932,Put,7550,0,0,27.789,0,0,0
25-Nov-2025,6932,Call,6650,0,0,27.789,0,0,0
30-Dec-2025,6932,Call,6800,0,0,27.789,0,0,0
30-Dec-2025,6932,Put,6800,0,0,27.789,0,0,0
25-Nov-2025,6932,Put,6750,0,0,27.789,0,17,0
25-Nov-2025,6932,Put,6550,0,0,27.789,0,1,0
30-Dec-2025,6932,Call,7100,0,0,27.789,0,0,0
25-Nov-2025,6932,Call,6250,0,0,27.789,0,0,0
25-Nov-2025,6932,Put,7450,0,0,27.789,0,0,0
30-Dec-2025,6932,Put,7200,0,0,27.789,0,0,0
25-Nov-2025,6932,Put,6850,0,0,27.789,0,58,0
30-Dec-2025,6932,Call,6900,0,0,27.789,0,2,0
30-Dec-2025,6932,Put,6600,0,0,27.789,0,0,0
30-Dec-2025,6932,Call,7400,0,0,27.789,0,0,0
25-Nov-2025,6932,Call,7900,0,0,27.789,0,34,0
25-Nov-2025,6932,Put,7350,0,0,27.789,0,0,0
25-Nov-2025,6932,Put,6600,0,0,27.789,0,113,0
25-Nov-2025,6932,Call,7450,0,0,27.789,0,0,0
30-Dec-2025,6932,Put,7100,0,0,27.789,0,0,0
25-Nov-2025,6932,Call,6750,0,0,27.789,0,7,0
25-Nov-2025,6932,Put,8000,0,0,27.789,0,0,0
25-Nov-2025,6932,Put,7050,0,0,27.789,0,2,0
30-Dec-2025,6932,Put,7000,0,0,27.789,0,0,0
25-Nov-2025,6932,Call,5900,0,0,27.789,0,20,0
25-Nov-2025,6932,Put,6350,0,0,27.789,0,0,0
25-Nov-2025,6932,Put,6250,0,0,27.789,0,0,0
25-Nov-2025,6932,Put,6300,0,0,27.789,0,177,0
25-Nov-2025,6932,Put,7200,0,0,27.789,0,147,0
25-Nov-2025,6932,Call,7350,0,0,27.789,0,19,0
25-Nov-2025,6932,Put,7650,0,0,27.789,0,0,0
25-Nov-2025,6932,Put,5800,0,0,27.789,0,0,0
30-Dec-2025,6932,Put,6500,0,0,27.789,0,4,0
25-Nov-2025,6932,Call,6200,0,0,27.789,0,8,0
30-Dec-2025,6932,Call,7200,0,0,27.789,0,0,0
30-Dec-2025,6932,Call,7500,0,0,27.789,0,0,0
25-Nov-2025,6932,Call,6000,0,0,27.789,0,88,0
30-Dec-2025,6932,Call,7000,0,0,27.789,0,0,0
25-Nov-2025,6932,Call,7150,0,0,27.789,0,3,0
30-Dec-2025,6932,Put,6900,0,0,27.789,0,0,0
30-Dec-2025,6932,Put,6700,0,0,27.789,0,0,0
