25-Nov-2025,471.6,-,0,473.65,0,44.13,3648,27629,6956
28-Oct-2025,471.6,-,0,471.15,0,44.13,-14,6572,4205
25-Nov-2025,471.6,Call,500,7.4,31.57,44.13,784,2479,2795
25-Nov-2025,471.6,Call,480,13.95,30.98,44.13,346,1018,1916
25-Nov-2025,471.6,Call,550,1.8,37.04,44.13,452,4134,1371
25-Nov-2025,471.6,Call,490,10.2,31.32,44.13,245,1041,1329
25-Nov-2025,471.6,Call,520,3.95,33,44.13,384,1600,1272
28-Oct-2025,471.6,Call,500,0.05,48.24,44.13,-641,1305,1226
28-Oct-2025,471.6,Call,480,0.1,20.73,44.13,-11,272,1039
28-Oct-2025,471.6,Put,480,8.05,24.21,44.13,-222,336,1036
28-Oct-2025,471.6,Put,470,0.7,16.55,44.13,-221,299,1020
28-Oct-2025,471.6,Call,490,0.05,36.94,44.13,-290,609,978
25-Nov-2025,471.6,Call,510,5.35,32.39,44.13,31,651,889
28-Oct-2025,471.6,Call,485,0.1,28.26,44.13,-43,198,722
28-Oct-2025,471.6,Call,520,0.05,75.99,44.13,-318,1700,654
25-Nov-2025,471.6,Call,530,2.85,33.72,44.13,202,726,613
25-Nov-2025,471.6,Put,480,19.9,33.03,44.13,68,576,608
25-Nov-2025,471.6,Call,470,18.7,30.76,44.13,119,198,560
28-Oct-2025,471.6,Put,475,4.2,21.02,44.13,-2,223,532
28-Oct-2025,471.6,Call,510,0.05,62.44,44.13,-330,1272,515
25-Nov-2025,471.6,Put,450,6.9,32.46,44.13,28,714,489
28-Oct-2025,471.6,Call,475,0.4,16.41,44.13,82,160,481
28-Oct-2025,471.6,Call,495,0.05,40.83,44.13,-88,237,475
25-Nov-2025,471.6,Put,470,14.65,32.59,44.13,57,347,429
25-Nov-2025,471.6,Call,540,2.1,34.85,44.13,51,1025,413
28-Oct-2025,471.6,Call,530,0.05,88.99,44.13,-159,729,406
25-Nov-2025,471.6,Put,490,26,34.5,44.13,14,461,382
25-Nov-2025,471.6,Put,430,2.85,33.26,44.13,173,308,302
25-Nov-2025,471.6,Call,495,8.65,30.97,44.13,39,230,295
25-Nov-2025,471.6,Put,460,10.2,32.48,44.13,3,570,289
28-Oct-2025,471.6,Call,550,0.05,113.68,44.13,-140,988,283
25-Nov-2025,471.6,Put,440,4.6,32.93,44.13,9,523,266
25-Nov-2025,471.6,Call,475,16.1,30.58,44.13,126,133,266
25-Nov-2025,471.6,Call,560,1.4,37.95,44.13,-10,685,255
25-Nov-2025,471.6,Call,485,12.05,31.12,44.13,56,197,247
28-Oct-2025,471.6,Put,500,28.4,75.54,44.13,-167,356,239
28-Oct-2025,471.6,Call,540,0.05,101.54,44.13,-122,834,233
25-Nov-2025,471.6,Put,475,17,33.03,44.13,28,88,233
30-Dec-2025,471.6,-,0,477.55,0,44.13,124,998,222
28-Oct-2025,471.6,Call,505,0.1,55.43,44.13,-140,271,218
25-Nov-2025,471.6,Put,485,22.65,33.57,44.13,-87,113,207
28-Oct-2025,471.6,Call,525,0.05,82.55,44.13,-65,512,188
25-Nov-2025,471.6,Call,525,3.45,33.66,44.13,31,214,181
25-Nov-2025,471.6,Call,505,6.15,31.33,44.13,33,131,180
25-Nov-2025,471.6,Put,500,33,34.65,44.13,37,598,170
28-Oct-2025,471.6,Put,490,18.35,53.4,44.13,-103,360,152
25-Nov-2025,471.6,Call,580,0.85,40.02,44.13,14,459,148
28-Oct-2025,471.6,Call,515,0.05,69.28,44.13,-98,448,145
25-Nov-2025,471.6,Call,515,4.65,32.79,44.13,9,171,137
28-Oct-2025,471.6,Put,460,0.05,24.92,44.13,-91,441,126
25-Nov-2025,471.6,Put,420,1.9,34.44,44.13,50,210,124
25-Nov-2025,471.6,Call,545,2,36,44.13,-7,92,94
25-Nov-2025,471.6,Put,410,1.25,35.65,44.13,31,161,92
28-Oct-2025,471.6,Call,560,0.05,125.45,44.13,-8,703,89
25-Nov-2025,471.6,Put,465,12.1,32.77,44.13,6,67,88
28-Oct-2025,471.6,Call,460,11,0,44.13,-26,332,87
28-Oct-2025,471.6,Put,485,13.2,38.88,44.13,-34,210,83
25-Nov-2025,471.6,Call,570,1,38.36,44.13,15,153,83
28-Oct-2025,471.6,Call,470,2.6,0,44.13,-10,156,73
28-Oct-2025,471.6,Put,465,0.05,15.98,44.13,-22,74,71
28-Oct-2025,471.6,Put,520,48.5,116.74,44.13,-44,92,67
25-Nov-2025,471.6,Call,450,31.4,30.31,44.13,36,122,62
25-Nov-2025,471.6,Put,435,3.55,32.93,44.13,24,57,60
28-Oct-2025,471.6,Put,510,38.65,102.37,44.13,-33,181,58
28-Oct-2025,471.6,Put,450,0.05,41.95,44.13,-55,466,57
25-Nov-2025,471.6,Put,520,49,36.18,44.13,20,230,55
25-Nov-2025,471.6,Put,510,41.1,36.26,44.13,4,101,54
25-Nov-2025,471.6,Put,445,5.55,32.73,44.13,18,47,52
25-Nov-2025,471.6,Put,495,28.35,32.18,44.13,0,32,47
25-Nov-2025,471.6,Call,460,24.3,29.71,44.13,12,51,46
25-Nov-2025,471.6,Call,555,1.6,37.45,44.13,36,43,43
25-Nov-2025,471.6,Put,455,8.35,32.66,44.13,9,100,40
28-Oct-2025,471.6,Call,535,0.05,95.32,44.13,-34,81,39
25-Nov-2025,471.6,Call,535,2.5,34.39,44.13,10,90,32
28-Oct-2025,471.6,Call,570,0.05,136.89,44.13,-1,196,30
30-Dec-2025,471.6,Call,550,5.8,32.82,44.13,8,63,29
28-Oct-2025,471.6,Put,495,23.05,54.56,44.13,-19,134,27
25-Nov-2025,471.6,Call,465,21.2,29.65,44.13,5,5,27
28-Oct-2025,471.6,Put,380,0.05,159.08,44.13,10,33,22
28-Oct-2025,471.6,Put,550,79,186.1,44.13,-15,72,20
25-Nov-2025,471.6,Put,505,36.75,34.69,44.13,10,16,19
28-Oct-2025,471.6,Put,530,58.35,128.65,44.13,-10,65,17
25-Nov-2025,471.6,Put,540,60.25,0,44.13,-4,9,16
28-Oct-2025,471.6,Put,515,43.5,107.53,44.13,-8,54,12
25-Nov-2025,471.6,Call,440,40.05,33.18,44.13,2,46,12
25-Nov-2025,471.6,Put,525,53.75,34.02,44.13,2,13,12
30-Dec-2025,471.6,Put,440,9.65,32.78,44.13,6,71,12
25-Nov-2025,471.6,Put,550,77.2,43.88,44.13,5,35,10
30-Dec-2025,471.6,Put,470,20,31.99,44.13,-8,15,10
28-Oct-2025,471.6,Put,505,34.1,102.83,44.13,-7,98,9
28-Oct-2025,471.6,Put,445,0.05,50.27,44.13,1,24,8
25-Nov-2025,471.6,Put,380,0.6,43.32,44.13,7,9,8
30-Dec-2025,471.6,Call,500,16.15,30.86,44.13,0,43,8
28-Oct-2025,471.6,Call,545,0.05,107.66,44.13,-2,93,7
28-Oct-2025,471.6,Call,450,20.25,0,44.13,-2,65,7
28-Oct-2025,471.6,Put,540,66,0,44.13,-5,33,6
25-Nov-2025,471.6,Put,515,45,36.26,44.13,3,8,6
30-Dec-2025,471.6,Call,560,4.5,32.76,44.13,0,29,6
28-Oct-2025,471.6,Put,410,0.05,108.03,44.13,-4,81,5
28-Oct-2025,471.6,Call,555,0.1,129.6,44.13,0,23,4
28-Oct-2025,471.6,Put,440,0.05,58.53,44.13,-3,148,4
28-Oct-2025,471.6,Put,455,0.05,33.52,44.13,0,95,4
28-Oct-2025,471.6,Put,400,0.05,124.8,44.13,-2,119,3
30-Dec-2025,471.6,Call,520,11,31.92,44.13,0,1,3
28-Oct-2025,471.6,Put,535,64.05,0,44.13,-1,15,2
28-Oct-2025,471.6,Call,580,0.05,148.02,44.13,0,411,2
28-Oct-2025,471.6,Put,525,53,102.58,44.13,-1,34,2
28-Oct-2025,471.6,Call,455,17.15,0,44.13,0,19,2
30-Dec-2025,471.6,Put,480,23.85,30.71,44.13,0,0,2
28-Oct-2025,471.6,Call,440,31.5,0,44.13,0,47,1
28-Oct-2025,471.6,Put,420,0.05,91.45,44.13,0,255,1
28-Oct-2025,471.6,Call,430,50.1,245.77,44.13,0,58,1
28-Oct-2025,471.6,Call,400,67.05,0,44.13,0,32,1
28-Oct-2025,471.6,Call,445,26.2,0,44.13,0,22,1
25-Nov-2025,471.6,Put,530,58,38,44.13,0,0,1
28-Oct-2025,471.6,Call,420,0,0,44.13,0,22,0
28-Oct-2025,471.6,Put,560,0,0,44.13,0,15,0
28-Oct-2025,471.6,Put,570,0,0,44.13,0,4,0
28-Oct-2025,471.6,Put,360,0,0,44.13,0,16,0
28-Oct-2025,471.6,Call,410,0,0,44.13,0,4,0
28-Oct-2025,471.6,Put,580,0,0,44.13,0,6,0
28-Oct-2025,471.6,Put,555,0,0,44.13,0,12,0
28-Oct-2025,471.6,Put,545,0,0,44.13,0,28,0
28-Oct-2025,471.6,Put,390,0,0,44.13,0,16,0
28-Oct-2025,471.6,Put,340,0,0,44.13,0,10,0
28-Oct-2025,471.6,Call,390,0,0,44.13,0,1,0
28-Oct-2025,471.6,Call,435,0,0,44.13,0,0,0
28-Oct-2025,471.6,Put,430,0,0,44.13,0,129,0
28-Oct-2025,471.6,Put,435,0,0,44.13,0,4,0
28-Oct-2025,471.6,Call,465,0,0,44.13,0,24,0
25-Nov-2025,471.6,Put,570,0,0,44.13,0,1,0
25-Nov-2025,471.6,Put,545,0,0,44.13,0,4,0
25-Nov-2025,471.6,Call,420,0,0,44.13,0,0,0
25-Nov-2025,471.6,Call,435,0,0,44.13,0,0,0
25-Nov-2025,471.6,Call,445,0,0,44.13,0,0,0
25-Nov-2025,471.6,Call,430,0,0,44.13,0,0,0
25-Nov-2025,471.6,Put,560,0,0,44.13,0,5,0
25-Nov-2025,471.6,Call,455,0,0,44.13,0,0,0
25-Nov-2025,471.6,Call,410,0,0,44.13,0,0,0
25-Nov-2025,471.6,Put,580,0,0,44.13,0,30,0
25-Nov-2025,471.6,Put,555,0,0,44.13,0,0,0
25-Nov-2025,471.6,Put,360,0,0,44.13,0,11,0
25-Nov-2025,471.6,Put,535,0,0,44.13,0,2,0
30-Dec-2025,471.6,Call,490,0,0,44.13,0,0,0
30-Dec-2025,471.6,Call,480,0,0,44.13,0,0,0
30-Dec-2025,471.6,Put,500,0,0,44.13,0,3,0
30-Dec-2025,471.6,Put,510,0,0,44.13,0,0,0
30-Dec-2025,471.6,Put,520,0,0,44.13,0,0,0
30-Dec-2025,471.6,Put,490,0,0,44.13,0,0,0
30-Dec-2025,471.6,Call,530,0,0,44.13,0,0,0
30-Dec-2025,471.6,Call,510,0,0,44.13,0,0,0
30-Dec-2025,471.6,Call,540,0,0,44.13,0,0,0
30-Dec-2025,471.6,Put,420,0,0,44.13,0,0,0
30-Dec-2025,471.6,Call,470,0,0,44.13,0,0,0
30-Dec-2025,471.6,Put,450,0,0,44.13,0,0,0
30-Dec-2025,471.6,Put,430,0,0,44.13,0,0,0
30-Dec-2025,471.6,Call,460,0,0,0,0,0,0
30-Dec-2025,471.6,Call,580,0,0,44.13,0,4,0
30-Dec-2025,471.6,Put,460,0,0,44.13,0,0,0
