25-Nov-2025,179,-,0,180.1,0,33.899,1195,33382,3006
28-Oct-2025,179,-,0,178.83,0,33.899,44,6806,2229
25-Nov-2025,179,Call,180,5.4,26.44,33.899,-79,1754,1726
28-Oct-2025,179,Call,180,0.5,24.66,33.899,-416,2530,1006
28-Oct-2025,179,Put,175,0.05,26.78,33.899,49,967,725
25-Nov-2025,179,Call,185,3.2,26.22,33.899,50,652,542
28-Oct-2025,179,Call,177.5,1.65,14.77,33.899,-140,793,536
25-Nov-2025,179,Call,177.5,6.6,26.28,33.899,-61,405,520
25-Nov-2025,179,Call,175,8.2,26.44,33.899,-9,869,512
28-Oct-2025,179,Call,175,3.85,0,33.899,-76,1029,476
28-Oct-2025,179,Put,177.5,0.25,20.04,33.899,-88,474,457
25-Nov-2025,179,Put,175,3.05,27.6,33.899,185,836,454
28-Oct-2025,179,Call,182.5,0.1,26.31,33.899,-43,1867,422
25-Nov-2025,179,Call,190,1.75,25.75,33.899,50,828,383
25-Nov-2025,179,Put,177.5,4.1,26.94,33.899,80,403,284
25-Nov-2025,179,Put,170,1.7,27.93,33.899,63,899,269
25-Nov-2025,179,Put,180,5.2,27.18,33.899,17,723,239
25-Nov-2025,179,Call,170,11.85,26.37,33.899,-14,328,196
28-Oct-2025,179,Call,185,0.05,34.73,33.899,27,987,189
25-Nov-2025,179,Call,182.5,4.25,26.42,33.899,16,179,153
25-Nov-2025,179,Put,160,0.45,30.57,33.899,12,641,150
28-Oct-2025,179,Put,170,0.05,52.03,33.899,-54,1992,143
28-Oct-2025,179,Put,180,1.6,25.21,33.899,34,572,142
25-Nov-2025,179,Call,195,1,26.33,33.899,-4,315,138
25-Nov-2025,179,Put,165,0.85,28.33,33.899,3,648,122
25-Nov-2025,179,Call,187.5,2.4,25.88,33.899,16,240,116
25-Nov-2025,179,Call,200,0.55,27.66,33.899,25,506,111
25-Nov-2025,179,Call,172.5,9.8,26.46,33.899,2,125,111
30-Dec-2025,179,-,0,181.5,0,33.899,45,510,108
25-Nov-2025,179,Put,172.5,2.3,27.32,33.899,28,263,108
25-Nov-2025,179,Call,192.5,1.35,26.42,33.899,4,143,65
25-Nov-2025,179,Put,167.5,1.2,27.99,33.899,33,144,65
28-Oct-2025,179,Put,172.5,0.05,39.62,33.899,-29,568,61
28-Oct-2025,179,Call,190,0.05,57.05,33.899,54,1543,58
25-Nov-2025,179,Put,182.5,6.55,27,33.899,0,45,44
28-Oct-2025,179,Put,185,6.1,48.37,33.899,-4,80,36
28-Oct-2025,179,Call,170,9,0,33.899,-4,759,33
25-Nov-2025,179,Put,185,7.95,26.93,33.899,10,289,32
28-Oct-2025,179,Call,140,39.1,0,33.899,-4,23,25
28-Oct-2025,179,Call,165,14,0,33.899,-1,150,24
25-Nov-2025,179,Put,190,11.45,26.84,33.899,17,98,24
28-Oct-2025,179,Put,182.5,3.5,27.58,33.899,0,126,23
28-Oct-2025,179,Put,165,0.05,76.27,33.899,-13,1024,17
25-Nov-2025,179,Call,160,20.5,27.39,33.899,0,228,17
28-Oct-2025,179,Call,172.5,5.5,0,33.899,-4,363,16
25-Nov-2025,179,Call,167.5,13.9,26.71,33.899,2,18,14
25-Nov-2025,179,Call,165,16,26.41,33.899,-1,228,14
25-Nov-2025,179,Put,150,0.15,34.22,33.899,0,194,13
25-Nov-2025,179,Put,157.5,0.35,31.07,33.899,0,23,13
25-Nov-2025,179,Call,150,30.2,0,33.899,0,79,12
28-Oct-2025,179,Put,167.5,0.05,64.21,33.899,0,482,10
25-Nov-2025,179,Put,187.5,9.8,27.88,33.899,6,26,10
25-Nov-2025,179,Put,192.5,13.6,28.46,33.899,9,9,10
25-Nov-2025,179,Put,200,20.15,31.84,33.899,3,136,9
25-Nov-2025,179,Call,162.5,18.3,27.33,33.899,1,20,8
28-Oct-2025,179,Call,160,18,0,33.899,-1,98,6
28-Oct-2025,179,Put,160,0.05,100.31,33.899,0,1046,4
28-Oct-2025,179,Call,187.5,0.05,46.18,33.899,0,235,4
25-Nov-2025,179,Put,155,0.3,32.93,33.899,0,113,4
30-Dec-2025,179,Call,190,3.5,21.93,33.899,0,39,4
25-Nov-2025,179,Put,195,15.6,27.66,33.899,3,48,4
28-Oct-2025,179,Put,150,0.05,148.87,33.899,0,1547,3
28-Oct-2025,179,Put,162.5,0.05,88.29,33.899,0,358,3
28-Oct-2025,179,Call,157.5,20.35,0,33.899,0,25,3
28-Oct-2025,179,Put,190,12.1,125.53,33.899,0,73,2
28-Oct-2025,179,Call,150,28.45,0,33.899,0,53,2
25-Nov-2025,179,Put,145,0.15,39.53,33.899,0,10,2
28-Oct-2025,179,Call,195,0.05,77.54,33.899,0,1014,1
28-Oct-2025,179,Call,200,0.05,96.78,33.899,0,912,1
28-Oct-2025,179,Put,145,0,0,33.899,0,362,0
28-Oct-2025,179,Call,155,0,0,33.899,0,109,0
28-Oct-2025,179,Call,130,0,0,33.899,0,47,0
28-Oct-2025,179,Put,187.5,0,0,33.899,0,47,0
28-Oct-2025,179,Put,140,0,0,33.899,0,147,0
28-Oct-2025,179,Put,142.5,0,0,33.899,0,27,0
28-Oct-2025,179,Call,147.5,0,0,33.899,0,3,0
28-Oct-2025,179,Call,152.5,0,0,33.899,0,19,0
28-Oct-2025,179,Put,152.5,0,0,33.899,0,109,0
28-Oct-2025,179,Call,162.5,0,0,33.899,0,34,0
28-Oct-2025,179,Put,195,0,0,33.899,0,50,0
28-Oct-2025,179,Put,155,0,0,33.899,0,663,0
28-Oct-2025,179,Call,192.5,0,0,33.899,0,78,0
28-Oct-2025,179,Call,145,0,0,33.899,0,10,0
28-Oct-2025,179,Put,157.5,0,0,33.899,0,153,0
28-Oct-2025,179,Put,200,0,0,33.899,0,15,0
28-Oct-2025,179,Put,130,0,0,33.899,0,144,0
28-Oct-2025,179,Call,135,0,0,33.899,0,1,0
28-Oct-2025,179,Put,147.5,0,0,33.899,0,343,0
25-Nov-2025,179,Call,130,0,0,33.899,0,141,0
25-Nov-2025,179,Put,152.5,0,0,33.899,0,0,0
25-Nov-2025,179,Call,152.5,0,0,33.899,0,1,0
28-Oct-2025,179,Put,192.5,0,0,33.899,0,0,0
28-Oct-2025,179,Call,167.5,0,0,33.899,0,196,0
30-Dec-2025,179,Call,180,0,0,33.899,0,12,0
25-Nov-2025,179,Call,145,0,0,33.899,0,22,0
30-Dec-2025,179,Call,200,0,0,33.899,0,0,0
25-Nov-2025,179,Put,130,0,0,33.899,0,113,0
30-Dec-2025,179,Put,170,0,0,33.899,0,4,0
25-Nov-2025,179,Call,155,0,0,33.899,0,34,0
30-Dec-2025,179,Call,165,0,0,33.899,0,0,0
30-Dec-2025,179,Put,180,0,0,33.899,0,3,0
30-Dec-2025,179,Put,160,0,0,33.899,0,5,0
30-Dec-2025,179,Put,165,0,0,33.899,0,6,0
25-Nov-2025,179,Put,162.5,0,0,33.899,0,101,0
30-Dec-2025,179,Call,175,0,0,33.899,0,3,0
30-Dec-2025,179,Put,175,0,0,33.899,0,5,0
30-Dec-2025,179,Call,185,0,0,33.899,0,4,0
30-Dec-2025,179,Call,160,0,0,33.899,0,0,0
30-Dec-2025,179,Put,150,0,0,33.899,0,0,0
30-Dec-2025,179,Put,140,0,0,33.899,0,0,0
25-Nov-2025,179,Call,157.5,0,0,33.899,0,0,0
30-Dec-2025,179,Call,210,0,0,33.899,0,4,0
30-Dec-2025,179,Call,170,0,0,33.899,0,5,0
30-Dec-2025,179,Put,185,0,0,33.899,0,0,0
30-Dec-2025,179,Put,210,0,0,33.899,0,1,0
