25-Nov-2025,3070,-,0,3086.6,0,24.489,3663,131877,9308
28-Oct-2025,3070,-,0,3067.7,0,24.489,565,28085,6931
28-Oct-2025,3070,Call,3100,1.1,14.02,24.489,-460,6557,3231
28-Oct-2025,3070,Call,3200,0.25,35.26,24.489,-915,8928,2531
25-Nov-2025,3070,Call,3100,57.9,17.89,24.489,356,6124,2312
25-Nov-2025,3070,Call,3200,24.6,18.39,24.489,272,5420,1490
28-Oct-2025,3070,Call,3120,0.5,18.16,24.489,-372,1195,1474
28-Oct-2025,3070,Call,3060,14,12.16,24.489,148,1323,1253
25-Nov-2025,3070,Call,3300,9.85,19.46,24.489,82,2977,1215
25-Nov-2025,3070,Put,3100,70.8,20.03,24.489,219,3780,1075
25-Nov-2025,3070,Call,3080,67.3,17.76,24.489,45,1675,1060
28-Oct-2025,3070,Call,3080,5.9,16.05,24.489,-2,1054,1038
28-Oct-2025,3070,Put,3040,1.05,14.33,24.489,-67,1338,1025
28-Oct-2025,3070,Put,3060,7.4,19.47,24.489,41,973,977
25-Nov-2025,3070,Put,3060,51.25,19.87,24.489,254,1504,970
28-Oct-2025,3070,Call,3140,0.5,22.54,24.489,-107,1496,963
28-Oct-2025,3070,Put,3000,0.1,19.99,24.489,-263,2673,884
25-Nov-2025,3070,Put,3000,30.3,20,24.489,119,4416,808
28-Oct-2025,3070,Call,3160,0.25,25.84,24.489,-198,1319,768
30-Dec-2025,3070,-,0,3103.7,0,24.489,426,4951,709
28-Oct-2025,3070,Put,3080,19.5,22.91,24.489,-12,889,618
25-Nov-2025,3070,Call,3400,4.2,20.91,24.489,188,2138,599
25-Nov-2025,3070,Put,3200,136.8,20.85,24.489,266,1999,596
25-Nov-2025,3070,Put,3080,60.95,19.91,24.489,152,1465,591
25-Nov-2025,3070,Call,3120,49,17.74,24.489,-29,767,575
25-Nov-2025,3070,Put,2900,12.3,21.4,24.489,184,2256,525
28-Oct-2025,3070,Call,3040,26.4,0,24.489,-96,1078,504
28-Oct-2025,3070,Call,3000,66,0,24.489,-50,3977,503
25-Nov-2025,3070,Call,3060,78.45,17.74,24.489,99,1173,477
28-Oct-2025,3070,Put,3100,35.3,26.48,24.489,-105,848,462
25-Nov-2025,3070,Call,3240,16.8,18.79,24.489,99,3039,439
25-Nov-2025,3070,Call,3000,117.6,17,24.489,36,3112,438
28-Oct-2025,3070,Call,3180,0.2,30.61,24.489,-254,1016,418
28-Oct-2025,3070,Put,3020,0.15,15.6,24.489,17,850,336
25-Nov-2025,3070,Call,3140,41.45,17.76,24.489,53,989,320
25-Nov-2025,3070,Put,3400,315.85,27.03,24.489,127,1282,318
28-Oct-2025,3070,Call,3300,0.2,55.68,24.489,-196,2972,304
25-Nov-2025,3070,Put,2800,5.35,23.64,24.489,40,1671,300
25-Nov-2025,3070,Call,3040,90.05,17.45,24.489,22,840,292
28-Oct-2025,3070,Put,2980,0.05,21.89,24.489,-162,1841,253
28-Oct-2025,3070,Put,2900,0.1,42.11,24.489,-149,2789,247
28-Oct-2025,3070,Call,3220,0.1,35.66,24.489,-141,857,242
25-Nov-2025,3070,Put,3040,43.4,19.95,24.489,40,924,233
25-Nov-2025,3070,Call,3160,34.7,17.99,24.489,23,804,219
28-Oct-2025,3070,Put,2700,0.05,82.26,24.489,-155,1465,216
25-Nov-2025,3070,Put,3120,81.6,20.29,24.489,31,459,204
25-Nov-2025,3070,Put,3140,94.3,20.41,24.489,56,394,199
28-Oct-2025,3070,Call,3320,0.05,51.86,24.489,-5,1411,198
25-Nov-2025,3070,Call,3360,5.7,20.33,24.489,35,376,197
25-Nov-2025,3070,Put,3020,36.65,19.96,24.489,27,389,195
28-Oct-2025,3070,Put,2960,0.1,28.35,24.489,-46,1710,193
28-Oct-2025,3070,Call,3400,0.15,73.3,24.489,-142,1598,168
25-Nov-2025,3070,Call,3260,14.05,18.91,24.489,19,711,166
25-Nov-2025,3070,Call,3180,29.15,18.06,24.489,19,632,159
28-Oct-2025,3070,Call,3240,0.1,37.01,24.489,-87,1336,155
28-Oct-2025,3070,Put,2940,0.15,35.84,24.489,-58,1204,148
25-Nov-2025,3070,Call,3220,20.05,18.48,24.489,26,627,128
25-Nov-2025,3070,Call,3520,2,23.74,24.489,24,977,120
25-Nov-2025,3070,Call,2900,197,16.96,24.489,53,865,115
28-Oct-2025,3070,Put,3400,334,124.65,24.489,-105,766,109
25-Nov-2025,3070,Call,3280,11.7,19.12,24.489,21,464,109
28-Oct-2025,3070,Put,2860,0.15,53.5,24.489,-56,604,105
28-Oct-2025,3070,Put,2800,0.05,64.81,24.489,-85,1680,104
25-Nov-2025,3070,Put,3300,223.15,23.53,24.489,33,933,96
25-Nov-2025,3070,Put,2920,14.5,20.89,24.489,37,479,93
25-Nov-2025,3070,Put,2980,25.65,20.23,24.489,7,483,93
28-Oct-2025,3070,Put,2920,0.15,40.74,24.489,-31,1310,91
28-Oct-2025,3070,Put,2880,0.1,46.66,24.489,-13,629,78
28-Oct-2025,3070,Call,3260,0.15,43.76,24.489,-41,865,76
28-Oct-2025,3070,Call,3360,0.1,63,24.489,-63,335,75
25-Nov-2025,3070,Call,3320,8.2,19.64,24.489,-7,568,71
28-Oct-2025,3070,Call,3600,0.1,104.99,24.489,7,453,69
28-Oct-2025,3070,Put,2600,0.05,104.28,24.489,-66,1579,67
28-Oct-2025,3070,Put,3200,135,0,24.489,-17,559,67
25-Nov-2025,3070,Call,3020,103.3,17.86,24.489,-2,291,65
25-Nov-2025,3070,Put,2880,10.45,21.64,24.489,10,304,58
28-Oct-2025,3070,Put,3120,54.75,0,24.489,4,458,50
28-Oct-2025,3070,Call,3340,0.1,55.45,24.489,-10,1434,50
28-Oct-2025,3070,Call,3380,0.1,66.7,24.489,-5,113,44
28-Oct-2025,3070,Call,2900,166.8,0,24.489,-30,1190,43
28-Oct-2025,3070,Call,3480,0.05,79.5,24.489,-23,296,43
28-Oct-2025,3070,Call,3420,0.05,69.4,24.489,1,228,42
25-Nov-2025,3070,Put,2960,21.15,20.45,24.489,4,709,41
25-Nov-2025,3070,Put,2700,2.75,26.78,24.489,0,640,41
28-Oct-2025,3070,Put,3160,96,49.1,24.489,-5,177,39
28-Oct-2025,3070,Call,3020,46.25,0,24.489,-15,621,36
25-Nov-2025,3070,Put,2860,8.6,22.11,24.489,2,329,35
28-Oct-2025,3070,Call,3280,0.1,49.86,24.489,-16,302,34
28-Oct-2025,3070,Call,2960,105.55,0,24.489,-11,2060,34
25-Nov-2025,3070,Put,2940,17.2,20.47,24.489,19,303,33
28-Oct-2025,3070,Put,3600,536,0,24.489,-1,671,32
28-Oct-2025,3070,Call,2940,125.35,0,24.489,-23,765,32
25-Nov-2025,3070,Call,3440,3.15,21.7,24.489,-7,328,32
28-Oct-2025,3070,Put,3300,235,95.55,24.489,-26,663,31
25-Nov-2025,3070,Put,3680,585,31.48,24.489,19,707,31
25-Nov-2025,3070,Put,3160,105.05,19.44,24.489,4,193,30
25-Nov-2025,3070,Put,3240,170.5,22.24,24.489,18,362,28
28-Oct-2025,3070,Call,2920,147,0,24.489,-21,1160,26
28-Oct-2025,3070,Put,2840,0.1,60.13,24.489,-11,404,25
25-Nov-2025,3070,Put,3180,122.35,20.88,24.489,-2,148,25
28-Oct-2025,3070,Put,2720,0.1,83.05,24.489,-18,307,23
25-Nov-2025,3070,Put,2840,7.1,22.44,24.489,1,535,21
28-Oct-2025,3070,Call,2880,200.9,107.64,24.489,-11,442,20
25-Nov-2025,3070,Put,2780,4.5,24.07,24.489,8,379,17
30-Dec-2025,3070,Put,3000,47.1,19.26,24.489,7,468,17
28-Oct-2025,3070,Put,3140,74.5,48.79,24.489,-2,281,15
25-Nov-2025,3070,Call,3480,2.45,22.76,24.489,4,226,15
25-Nov-2025,3070,Put,3280,204.4,23.32,24.489,9,60,14
25-Nov-2025,3070,Put,2600,2,31.17,24.489,2,230,14
28-Oct-2025,3070,Put,3240,175,70.24,24.489,-1,42,13
28-Oct-2025,3070,Put,2760,0.1,73.91,24.489,-4,285,12
25-Nov-2025,3070,Put,3360,279,25.87,24.489,3,44,12
25-Nov-2025,3070,Call,2800,288.25,20.56,24.489,9,224,12
30-Dec-2025,3070,Call,3520,11,20.97,24.489,1,208,12
28-Oct-2025,3070,Call,2980,84,0,24.489,-7,581,11
25-Nov-2025,3070,Call,3600,1.2,25.16,24.489,9,350,11
25-Nov-2025,3070,Put,3560,472,31.56,24.489,9,362,10
28-Oct-2025,3070,Put,3180,101.7,0,24.489,0,111,8
28-Oct-2025,3070,Call,3640,0.05,134.34,24.489,4,194,8
28-Oct-2025,3070,Put,2680,0.05,86.63,24.489,0,672,8
25-Nov-2025,3070,Call,2960,145.05,16.85,24.489,-2,451,8
25-Nov-2025,3070,Call,2980,131.05,17.33,24.489,5,199,8
28-Oct-2025,3070,Call,3520,0.05,86.07,24.489,-5,256,7
28-Oct-2025,3070,Call,2800,278,128.97,24.489,-6,756,7
28-Oct-2025,3070,Put,2560,0.05,113.23,24.489,-4,413,7
28-Oct-2025,3070,Put,3440,361,0,24.489,-2,14,6
28-Oct-2025,3070,Put,2520,0.05,122.27,24.489,-3,174,6
28-Oct-2025,3070,Put,3640,575,186.79,24.489,0,560,6
25-Nov-2025,3070,Call,2600,485,0,24.489,2,83,6
25-Nov-2025,3070,Put,2560,1.55,32.29,24.489,0,16,6
28-Oct-2025,3070,Put,2640,0.05,95.41,24.489,0,467,5
25-Nov-2025,3070,Put,2480,1.3,36.07,24.489,0,22,5
30-Dec-2025,3070,Call,3000,153.1,15.72,24.489,1,243,5
28-Oct-2025,3070,Put,2820,0.2,64.96,24.489,-1,203,4
28-Oct-2025,3070,Put,3260,195,83.13,24.489,0,39,4
28-Oct-2025,3070,Put,2740,0.05,73.58,24.489,-2,535,4
28-Oct-2025,3070,Call,2600,463,0,24.489,0,264,4
25-Nov-2025,3070,Call,3680,0.6,25.85,24.489,1,701,4
25-Nov-2025,3070,Call,2920,182.85,19.13,24.489,-2,26,4
28-Oct-2025,3070,Put,2780,0.05,64.95,24.489,0,153,3
25-Nov-2025,3070,Put,3260,183.3,20.71,24.489,1,127,3
30-Dec-2025,3070,Put,2960,36.05,19.28,24.489,1,76,3
30-Dec-2025,3070,Call,3120,87.35,16.91,24.489,1,57,3
28-Oct-2025,3070,Put,2660,0.05,91.01,24.489,0,399,2
28-Oct-2025,3070,Put,3220,178.1,125.73,24.489,0,46,2
25-Nov-2025,3070,Put,3220,149.8,20.04,24.489,0,101,2
25-Nov-2025,3070,Put,2440,1.25,38.2,24.489,1,37,2
25-Nov-2025,3070,Call,2940,172.55,22,24.489,-1,55,2
30-Dec-2025,3070,Call,3280,35,17.73,24.489,-1,124,2
30-Dec-2025,3070,Put,2800,10,19.66,24.489,0,83,2
30-Dec-2025,3070,Call,3360,22.5,18.56,24.489,1,65,2
28-Oct-2025,3070,Put,3480,408.35,0,24.489,0,85,1
28-Oct-2025,3070,Put,3360,295,113.3,24.489,0,7,1
25-Nov-2025,3070,Put,3480,392,0,24.489,0,139,1
28-Oct-2025,3070,Call,3440,0.05,72.8,24.489,0,157,1
25-Nov-2025,3070,Put,2720,3.1,26.04,24.489,0,184,1
25-Nov-2025,3070,Call,2860,236.95,19.9,24.489,0,16,1
25-Nov-2025,3070,Call,3560,1.4,24.11,24.489,0,76,1
30-Dec-2025,3070,Put,3080,73.25,18.37,24.489,0,0,1
30-Dec-2025,3070,Put,3120,90,17.98,24.489,0,1,1
28-Oct-2025,3070,Call,2480,0,0,24.489,0,2,0
28-Oct-2025,3070,Put,2480,0,0,24.489,0,125,0
28-Oct-2025,3070,Put,2400,0,0,24.489,0,224,0
28-Oct-2025,3070,Call,2440,0,0,24.489,0,0,0
28-Oct-2025,3070,Put,2440,0,0,24.489,0,26,0
28-Oct-2025,3070,Call,2780,0,0,24.489,0,9,0
28-Oct-2025,3070,Call,2760,0,0,24.489,0,47,0
28-Oct-2025,3070,Put,3520,0,0,24.489,0,41,0
28-Oct-2025,3070,Call,2680,0,0,24.489,0,0,0
28-Oct-2025,3070,Call,2520,0,0,24.489,0,0,0
28-Oct-2025,3070,Put,3280,0,0,24.489,0,25,0
28-Oct-2025,3070,Put,3340,0,0,24.489,0,13,0
28-Oct-2025,3070,Call,2860,0,0,24.489,0,199,0
28-Oct-2025,3070,Call,2820,0,0,24.489,0,107,0
28-Oct-2025,3070,Call,2740,0,0,24.489,0,9,0
28-Oct-2025,3070,Call,2720,0,0,24.489,0,18,0
28-Oct-2025,3070,Call,2660,0,0,24.489,0,0,0
28-Oct-2025,3070,Put,3320,0,0,24.489,0,13,0
28-Oct-2025,3070,Put,3420,0,0,24.489,0,14,0
25-Nov-2025,3070,Put,2680,0,0,24.489,0,64,0
25-Nov-2025,3070,Call,2740,0,0,24.489,0,0,0
28-Oct-2025,3070,Put,3560,0,0,24.489,0,65,0
25-Nov-2025,3070,Call,2560,0,0,24.489,0,0,0
25-Nov-2025,3070,Call,2640,0,0,24.489,0,0,0
25-Nov-2025,3070,Call,2660,0,0,24.489,0,0,0
25-Nov-2025,3070,Call,2780,0,0,24.489,0,0,0
28-Oct-2025,3070,Call,3560,0,0,24.489,0,137,0
25-Nov-2025,3070,Call,2720,0,0,24.489,0,0,0
25-Nov-2025,3070,Put,2660,0,0,24.489,0,35,0
25-Nov-2025,3070,Call,2680,0,0,24.489,0,0,0
28-Oct-2025,3070,Call,2700,0,0,24.489,0,58,0
25-Nov-2025,3070,Put,3520,0,0,24.489,0,192,0
28-Oct-2025,3070,Call,2560,0,0,24.489,0,0,0
25-Nov-2025,3070,Call,2700,0,0,24.489,0,0,0
25-Nov-2025,3070,Call,2520,0,0,24.489,0,0,0
25-Nov-2025,3070,Put,2640,0,0,24.489,0,0,0
28-Oct-2025,3070,Call,2840,0,0,24.489,0,134,0
25-Nov-2025,3070,Put,2820,0,0,24.489,0,106,0
25-Nov-2025,3070,Call,2820,0,0,24.489,0,0,0
28-Oct-2025,3070,Call,2640,0,0,24.489,0,1,0
25-Nov-2025,3070,Call,2880,0,0,24.489,0,115,0
25-Nov-2025,3070,Call,2840,0,0,24.489,0,9,0
25-Nov-2025,3070,Call,2760,0,0,24.489,0,0,0
25-Nov-2025,3070,Put,3440,0,0,24.489,0,39,0
25-Nov-2025,3070,Call,2480,0,0,24.489,0,0,0
25-Nov-2025,3070,Put,2520,0,0,24.489,0,21,0
25-Nov-2025,3070,Put,3320,0,0,24.489,0,41,0
25-Nov-2025,3070,Call,2440,0,0,24.489,0,0,0
25-Nov-2025,3070,Put,2760,0,0,24.489,0,208,0
25-Nov-2025,3070,Put,2740,0,0,24.489,0,187,0
30-Dec-2025,3070,Put,3040,0,0,24.489,0,25,0
30-Dec-2025,3070,Put,2880,0,0,24.489,0,0,0
30-Dec-2025,3070,Put,2680,0,0,24.489,0,0,0
30-Dec-2025,3070,Call,3440,0,0,24.489,0,47,0
30-Dec-2025,3070,Put,3160,0,0,24.489,0,0,0
30-Dec-2025,3070,Put,2920,0,0,24.489,0,0,0
30-Dec-2025,3070,Call,3240,0,0,24.489,0,34,0
30-Dec-2025,3070,Put,2640,0,0,24.489,0,0,0
30-Dec-2025,3070,Put,2720,0,0,24.489,0,0,0
30-Dec-2025,3070,Put,3200,0,0,24.489,0,39,0
30-Dec-2025,3070,Put,2560,0,0,24.489,0,0,0
30-Dec-2025,3070,Call,3040,0,0,24.489,0,0,0
30-Dec-2025,3070,Call,3600,0,0,0,0,0,0
30-Dec-2025,3070,Call,3160,0,0,24.489,0,4,0
30-Dec-2025,3070,Call,3080,0,0,24.489,0,0,0
30-Dec-2025,3070,Put,2760,0,0,24.489,0,0,0
30-Dec-2025,3070,Call,3320,0,0,24.489,0,11,0
30-Dec-2025,3070,Put,2840,0,0,24.489,0,55,0
