25-Nov-2025,11995,-,0,12068,0,25.3023,712,40281,1305
28-Oct-2025,11995,Call,12400,0.3,26.39,25.3023,-352,581,1127
28-Oct-2025,11995,-,0,12002,0,25.3023,157,10470,584
28-Oct-2025,11995,Call,12300,1.3,23.99,25.3023,-139,540,567
28-Oct-2025,11995,Call,12100,11.75,18.96,25.3023,-55,538,564
28-Oct-2025,11995,Call,12200,4.8,22.38,25.3023,-79,830,458
28-Oct-2025,11995,Call,13000,0.05,47.79,25.3023,-280,1179,314
25-Nov-2025,11995,Call,12000,287.5,18.19,25.3023,31,897,279
28-Oct-2025,11995,Put,12200,208,0,25.3023,-6,1069,276
25-Nov-2025,11995,Put,12000,210,19.05,25.3023,33,927,265
28-Oct-2025,11995,Call,12500,0.1,27.65,25.3023,-54,927,233
28-Oct-2025,11995,Call,12600,0.05,30.54,25.3023,-56,867,204
25-Nov-2025,11995,Put,11500,62,19.03,25.3023,-24,382,191
25-Nov-2025,11995,Call,12500,98.15,18.76,25.3023,33,1049,172
25-Nov-2025,11995,Call,12200,193.15,18.48,25.3023,25,343,150
28-Oct-2025,11995,Put,12000,44,11.87,25.3023,-6,319,132
28-Oct-2025,11995,Put,11600,2.55,28.76,25.3023,-33,157,130
25-Nov-2025,11995,Call,13000,29,19.94,25.3023,23,969,120
25-Nov-2025,11995,Call,12100,237.9,18.56,25.3023,7,329,112
25-Nov-2025,11995,Call,12300,153.6,18.72,25.3023,27,613,107
25-Nov-2025,11995,Put,12100,265.1,19.13,25.3023,20,334,105
28-Oct-2025,11995,Put,11900,15,20.04,25.3023,-19,192,95
28-Oct-2025,11995,Call,12000,52.5,23.23,25.3023,-22,284,94
25-Nov-2025,11995,Put,11900,170.1,18.9,25.3023,46,242,90
28-Oct-2025,11995,Put,11800,2.2,18.08,25.3023,-25,489,83
25-Nov-2025,11995,Call,12400,125,18.9,25.3023,20,393,65
25-Nov-2025,11995,Put,11600,80.2,18.9,25.3023,18,324,39
25-Nov-2025,11995,Put,11800,136,19.09,25.3023,23,258,38
25-Nov-2025,11995,Put,12200,305,17.97,25.3023,16,184,31
30-Dec-2025,11995,-,0,12150,0,25.3023,14,345,28
25-Nov-2025,11995,Call,12800,46.55,19.43,25.3023,6,150,28
28-Oct-2025,11995,Put,12400,370,0,25.3023,-19,88,28
25-Nov-2025,11995,Put,11700,104.35,19.02,25.3023,12,125,28
28-Oct-2025,11995,Put,11700,4,30.9,25.3023,-3,204,24
25-Nov-2025,11995,Call,12600,77,18.83,25.3023,7,231,21
25-Nov-2025,11995,Call,12700,59.4,19.21,25.3023,5,188,21
25-Nov-2025,11995,Call,11900,345.5,18.84,25.3023,-3,111,20
28-Oct-2025,11995,Call,12900,0.1,46.09,25.3023,-18,198,20
25-Nov-2025,11995,Call,13200,18.15,20.79,25.3023,9,122,20
28-Oct-2025,11995,Put,12100,116.35,14.3,25.3023,-8,230,18
28-Oct-2025,11995,Call,12800,0.1,41.61,25.3023,-9,401,17
28-Oct-2025,11995,Call,13200,0.05,56.03,25.3023,-1,513,17
28-Oct-2025,11995,Call,13300,0.05,60.07,25.3023,-2,442,16
25-Nov-2025,11995,Call,11800,410,18.99,25.3023,5,34,15
28-Oct-2025,11995,Call,12700,0.05,34.96,25.3023,-8,439,14
28-Oct-2025,11995,Call,13100,0.05,51.94,25.3023,-11,268,13
25-Nov-2025,11995,Put,11000,17.5,21.63,25.3023,-8,239,12
25-Nov-2025,11995,Call,13400,13.5,21.88,25.3023,1,191,10
28-Oct-2025,11995,Call,11800,206.25,31.76,25.3023,-4,57,7
28-Oct-2025,11995,Put,11400,0.05,30.98,25.3023,-5,187,7
25-Nov-2025,11995,Put,12500,518.9,19.03,25.3023,3,154,6
25-Nov-2025,11995,Call,11500,640,20.02,25.3023,0,36,6
25-Nov-2025,11995,Put,12300,360,17.44,25.3023,1,232,5
28-Oct-2025,11995,Call,13500,0.05,68,25.3023,0,933,5
25-Nov-2025,11995,Put,12400,435,18.03,25.3023,1,82,5
25-Nov-2025,11995,Put,11200,26.35,20.17,25.3023,0,28,5
28-Oct-2025,11995,Call,13400,0.05,64.06,25.3023,0,288,4
28-Oct-2025,11995,Put,12500,483,0,25.3023,-3,185,4
28-Oct-2025,11995,Put,11300,0.05,35.94,25.3023,0,228,4
25-Nov-2025,11995,Put,10800,9.35,22.14,25.3023,0,39,4
28-Oct-2025,11995,Put,11100,0.05,45.87,25.3023,-1,101,3
28-Oct-2025,11995,Put,12300,275,0,25.3023,0,212,3
28-Oct-2025,11995,Call,14400,0.05,101.55,25.3023,-1,120,3
25-Nov-2025,11995,Call,14000,13.35,28.99,25.3023,0,47,3
28-Oct-2025,11995,Put,11200,0.05,40.9,25.3023,-2,303,3
28-Oct-2025,11995,Put,12600,573.05,0,25.3023,0,249,2
28-Oct-2025,11995,Call,14000,0.05,87.03,25.3023,0,73,1
28-Oct-2025,11995,Call,11700,315,48.33,25.3023,0,26,1
28-Oct-2025,11995,Put,11000,0.05,50.84,25.3023,0,214,1
28-Oct-2025,11995,Put,11500,0.35,0,25.3023,0,264,1
28-Oct-2025,11995,Put,10600,0,0,25.3023,0,7,0
28-Oct-2025,11995,Call,13600,0,0,25.3023,0,50,0
28-Oct-2025,11995,Call,13800,0,0,25.3023,0,26,0
28-Oct-2025,11995,Call,10400,0,0,25.3023,0,8,0
28-Oct-2025,11995,Put,12700,0,0,25.3023,0,63,0
28-Oct-2025,11995,Put,12900,0,0,25.3023,0,17,0
28-Oct-2025,11995,Put,13100,0,0,25.3023,0,0,0
28-Oct-2025,11995,Put,13300,0,0,25.3023,0,5,0
28-Oct-2025,11995,Call,13700,0,0,25.3023,0,24,0
28-Oct-2025,11995,Call,10900,0,0,25.3023,0,0,0
28-Oct-2025,11995,Call,11100,0,0,25.3023,0,1,0
28-Oct-2025,11995,Call,10200,0,0,25.3023,0,0,0
28-Oct-2025,11995,Call,11500,0,0,25.3023,0,27,0
28-Oct-2025,11995,Call,11900,0,0,25.3023,0,124,0
28-Oct-2025,11995,Put,13500,0,0,25.3023,0,0,0
28-Oct-2025,11995,Put,10400,0,0,25.3023,0,45,0
28-Oct-2025,11995,Call,10600,0,0,25.3023,0,1,0
28-Oct-2025,11995,Put,10900,0,0,25.3023,0,735,0
28-Oct-2025,11995,Call,11300,0,0,25.3023,0,0,0
28-Oct-2025,11995,Call,10700,0,0,25.3023,0,0,0
28-Oct-2025,11995,Put,10700,0,0,25.3023,0,0,0
28-Oct-2025,11995,Put,10800,0,0,25.3023,0,363,0
28-Oct-2025,11995,Call,11200,0,0,25.3023,0,10,0
28-Oct-2025,11995,Call,11400,0,0,25.3023,0,15,0
28-Oct-2025,11995,Call,11600,0,0,25.3023,0,18,0
28-Oct-2025,11995,Put,13200,0,0,25.3023,0,5,0
28-Oct-2025,11995,Put,13600,0,0,25.3023,0,0,0
25-Nov-2025,11995,Put,10400,0,0,25.3023,0,0,0
25-Nov-2025,11995,Put,13600,0,0,25.3023,0,0,0
28-Oct-2025,11995,Call,14200,0,0,25.3023,0,4,0
28-Oct-2025,11995,Put,13400,0,0,25.3023,0,0,0
28-Oct-2025,11995,Put,13800,0,0,25.3023,0,0,0
25-Nov-2025,11995,Call,10700,0,0,25.3023,0,0,0
25-Nov-2025,11995,Put,14200,0,0,25.3023,0,0,0
25-Nov-2025,11995,Call,13300,0,0,25.3023,0,0,0
28-Oct-2025,11995,Call,11000,0,0,25.3023,0,2,0
25-Nov-2025,11995,Call,14200,0,0,25.3023,0,2,0
28-Oct-2025,11995,Put,12800,0,0,25.3023,0,14,0
30-Dec-2025,11995,Put,12400,0,0,25.3023,0,3,0
25-Nov-2025,11995,Call,10200,0,0,25.3023,0,0,0
30-Dec-2025,11995,Put,10000,0,0,25.3023,0,0,0
25-Nov-2025,11995,Call,12900,0,0,25.3023,0,0,0
28-Oct-2025,11995,Put,14000,0,0,25.3023,0,0,0
30-Dec-2025,11995,Call,13600,0,0,25.3023,0,39,0
25-Nov-2025,11995,Call,13100,0,0,25.3023,0,0,0
25-Nov-2025,11995,Call,10600,0,0,25.3023,0,0,0
30-Dec-2025,11995,Call,12200,0,0,25.3023,0,0,0
25-Nov-2025,11995,Put,13100,0,0,25.3023,0,0,0
28-Oct-2025,11995,Put,13000,0,0,25.3023,0,125,0
30-Dec-2025,11995,Call,12000,0,0,25.3023,0,3,0
25-Nov-2025,11995,Put,10700,0,0,25.3023,0,0,0
25-Nov-2025,11995,Call,11400,0,0,25.3023,0,0,0
25-Nov-2025,11995,Call,10900,0,0,25.3023,0,0,0
25-Nov-2025,11995,Put,13500,0,0,25.3023,0,0,0
25-Nov-2025,11995,Put,12700,0,0,25.3023,0,44,0
25-Nov-2025,11995,Put,12900,0,0,25.3023,0,0,0
25-Nov-2025,11995,Put,14000,0,0,25.3023,0,0,0
25-Nov-2025,11995,Put,11100,0,0,25.3023,0,16,0
25-Nov-2025,11995,Put,10200,0,0,25.3023,0,0,0
25-Nov-2025,11995,Put,10600,0,0,25.3023,0,0,0
25-Nov-2025,11995,Put,13200,0,0,25.3023,0,0,0
28-Oct-2025,11995,Call,10800,0,0,25.3023,0,5,0
25-Nov-2025,11995,Call,11300,0,0,25.3023,0,0,0
30-Dec-2025,11995,Put,12200,0,0,25.3023,0,0,0
25-Nov-2025,11995,Put,13800,0,0,25.3023,0,0,0
28-Oct-2025,11995,Put,14200,0,0,25.3023,0,0,0
30-Dec-2025,11995,Call,13200,0,0,25.3023,0,0,0
25-Nov-2025,11995,Call,11100,0,0,25.3023,0,0,0
30-Dec-2025,11995,Put,12000,0,0,25.3023,0,0,0
25-Nov-2025,11995,Call,13500,0,0,25.3023,0,0,0
25-Nov-2025,11995,Put,11400,0,0,25.3023,0,0,0
25-Nov-2025,11995,Call,11700,0,0,25.3023,0,0,0
25-Nov-2025,11995,Call,10400,0,0,25.3023,0,0,0
30-Dec-2025,11995,Call,13400,0,0,25.3023,0,0,0
25-Nov-2025,11995,Put,11300,0,0,25.3023,0,0,0
25-Nov-2025,11995,Call,13600,0,0,25.3023,0,26,0
25-Nov-2025,11995,Put,13000,0,0,25.3023,0,140,0
25-Nov-2025,11995,Call,10800,0,0,25.3023,0,0,0
25-Nov-2025,11995,Put,12600,0,0,25.3023,0,0,0
25-Nov-2025,11995,Put,12800,0,0,25.3023,0,1,0
25-Nov-2025,11995,Put,13300,0,0,25.3023,0,0,0
30-Dec-2025,11995,Call,12400,0,0,25.3023,0,0,0
30-Dec-2025,11995,Call,12600,0,0,25.3023,0,1,0
25-Nov-2025,11995,Put,10900,0,0,25.3023,0,39,0
30-Dec-2025,11995,Put,12600,0,0,25.3023,0,0,0
25-Nov-2025,11995,Call,13800,0,0,25.3023,0,10,0
25-Nov-2025,11995,Call,11600,0,0,25.3023,0,21,0
30-Dec-2025,11995,Call,13000,0,0,25.3023,0,1,0
25-Nov-2025,11995,Call,11000,0,0,25.3023,0,2,0
30-Dec-2025,11995,Call,12800,0,0,25.3023,0,0,0
30-Dec-2025,11995,Put,11400,0,0,25.3023,0,0,0
30-Dec-2025,11995,Put,11800,0,0,25.3023,0,0,0
25-Nov-2025,11995,Call,11200,0,0,25.3023,0,0,0
30-Dec-2025,11995,Put,11600,0,0,25.3023,0,3,0
25-Nov-2025,11995,Put,13400,0,0,25.3023,0,0,0
