25-Nov-2025,11997,-,0,12083,0,25.3023,168,39737,408
28-Oct-2025,11997,Call,12400,0.95,0,25.3023,-4,929,227
28-Oct-2025,11997,Call,13000,0.3,0,25.3023,-194,1265,203
28-Oct-2025,11997,Call,12600,0.05,0,25.3023,-4,919,147
28-Oct-2025,11997,Call,12300,1.65,0,25.3023,-8,671,130
28-Oct-2025,11997,Call,12500,0.3,0,25.3023,2,983,130
28-Oct-2025,11997,-,0,12010,0,25.3023,31,10344,126
28-Oct-2025,11997,Call,12100,13.95,0,25.3023,-21,572,101
25-Nov-2025,11997,Call,12000,298,0,25.3023,8,874,100
28-Oct-2025,11997,Call,12200,6,0,25.3023,-7,902,90
25-Nov-2025,11997,Put,12000,213.6,19.21,25.3023,12,906,80
25-Nov-2025,11997,Put,12100,263.2,0,25.3023,16,330,68
25-Nov-2025,11997,Call,12500,103.05,0,25.3023,21,1037,54
28-Oct-2025,11997,Put,11900,14.7,0,25.3023,0,211,50
25-Nov-2025,11997,Call,12200,201.45,18.94,25.3023,2,320,50
25-Nov-2025,11997,Put,11900,170,19.07,25.3023,31,227,48
25-Nov-2025,11997,Call,12300,165.3,0,25.3023,17,603,39
25-Nov-2025,11997,Call,13000,31.85,0,25.3023,4,950,36
28-Oct-2025,11997,Call,12000,42.05,0,25.3023,-2,304,29
25-Nov-2025,11997,Put,11500,64,0,25.3023,3,409,29
25-Nov-2025,11997,Put,11800,133.7,0,25.3023,16,251,21
25-Nov-2025,11997,Call,12100,245,0,25.3023,1,323,20
28-Oct-2025,11997,Put,11800,1.65,0,25.3023,0,514,18
28-Oct-2025,11997,Put,12000,36.65,0,25.3023,0,325,15
28-Oct-2025,11997,Put,12200,204.75,0,25.3023,-7,1068,15
25-Nov-2025,11997,Call,12800,50,19.58,25.3023,2,146,10
25-Nov-2025,11997,Put,12200,311.05,0,25.3023,3,171,10
25-Nov-2025,11997,Put,11000,17.5,0,25.3023,0,247,10
30-Dec-2025,11997,-,0,12161,0,25.3023,1,332,9
25-Nov-2025,11997,Call,11900,357.2,0,25.3023,2,116,7
25-Nov-2025,11997,Call,12700,60,0,25.3023,5,188,7
25-Nov-2025,11997,Call,12600,81.25,0,25.3023,2,226,6
25-Nov-2025,11997,Call,11800,410,0,25.3023,0,29,6
28-Oct-2025,11997,Put,11400,0.05,0,25.3023,-4,188,5
28-Oct-2025,11997,Put,12100,128,0,25.3023,0,238,5
25-Nov-2025,11997,Put,11700,106.5,0,25.3023,2,115,5
28-Oct-2025,11997,Call,12800,0.15,0,25.3023,0,410,4
28-Oct-2025,11997,Put,11300,0.05,36.41,25.3023,0,228,4
28-Oct-2025,11997,Put,11100,0.05,0,25.3023,-1,101,3
28-Oct-2025,11997,Call,14400,0.05,0,25.3023,-1,120,3
25-Nov-2025,11997,Call,14000,13.35,0,25.3023,0,47,3
25-Nov-2025,11997,Put,12400,439.75,0,25.3023,0,81,3
25-Nov-2025,11997,Put,11600,82.6,0,25.3023,0,306,3
28-Oct-2025,11997,Call,13400,0.05,0,25.3023,0,288,2
28-Oct-2025,11997,Put,11700,0.25,0,25.3023,0,207,2
28-Oct-2025,11997,Call,11800,211.1,0,25.3023,-1,60,2
28-Oct-2025,11997,Call,13300,0.05,0,25.3023,0,444,2
28-Oct-2025,11997,Call,13500,0.05,0,25.3023,0,933,2
28-Oct-2025,11997,Put,11200,0.05,0,25.3023,0,305,2
25-Nov-2025,11997,Put,12300,372.75,0,25.3023,0,231,2
25-Nov-2025,11997,Call,13200,20,0,25.3023,0,113,2
28-Oct-2025,11997,Call,13200,0.05,0,25.3023,0,514,1
28-Oct-2025,11997,Call,14000,0.05,86.59,25.3023,0,73,1
28-Oct-2025,11997,Put,11000,0.05,0,25.3023,0,214,1
25-Nov-2025,11997,Call,12400,134.05,0,25.3023,0,373,1
25-Nov-2025,11997,Call,11500,635,0,25.3023,0,36,1
28-Oct-2025,11997,Call,13600,0,0,25.3023,0,50,0
28-Oct-2025,11997,Put,10600,0,0,25.3023,0,7,0
28-Oct-2025,11997,Call,13800,0,0,25.3023,0,26,0
28-Oct-2025,11997,Call,10400,0,0,25.3023,0,8,0
28-Oct-2025,11997,Put,12700,0,0,25.3023,0,63,0
28-Oct-2025,11997,Put,12900,0,0,25.3023,0,17,0
28-Oct-2025,11997,Put,13100,0,0,25.3023,0,0,0
28-Oct-2025,11997,Call,13700,0,0,25.3023,0,24,0
28-Oct-2025,11997,Put,13300,0,0,25.3023,0,5,0
28-Oct-2025,11997,Call,10900,0,0,25.3023,0,0,0
28-Oct-2025,11997,Put,12500,0,0,25.3023,0,188,0
28-Oct-2025,11997,Call,11100,0,0,25.3023,0,1,0
28-Oct-2025,11997,Call,11500,0,0,25.3023,0,27,0
28-Oct-2025,11997,Put,12300,0,0,25.3023,0,212,0
28-Oct-2025,11997,Call,10200,0,0,25.3023,0,0,0
28-Oct-2025,11997,Call,11700,0,0,25.3023,0,26,0
28-Oct-2025,11997,Call,11900,0,0,25.3023,0,124,0
28-Oct-2025,11997,Put,10400,0,0,25.3023,0,45,0
28-Oct-2025,11997,Put,10900,0,0,25.3023,0,735,0
28-Oct-2025,11997,Put,13500,0,0,25.3023,0,0,0
28-Oct-2025,11997,Call,11300,0,0,25.3023,0,0,0
28-Oct-2025,11997,Put,11600,0,0,25.3023,0,190,0
28-Oct-2025,11997,Put,12600,0,0,25.3023,0,249,0
28-Oct-2025,11997,Put,10700,0,0,25.3023,0,0,0
28-Oct-2025,11997,Call,10700,0,0,25.3023,0,0,0
28-Oct-2025,11997,Call,11200,0,0,25.3023,0,10,0
28-Oct-2025,11997,Put,10800,0,0,25.3023,0,363,0
28-Oct-2025,11997,Call,11600,0,0,25.3023,0,18,0
28-Oct-2025,11997,Put,12800,0,0,25.3023,0,14,0
28-Oct-2025,11997,Call,11400,0,0,25.3023,0,15,0
28-Oct-2025,11997,Put,13000,0,0,25.3023,0,125,0
28-Oct-2025,11997,Put,13200,0,0,25.3023,0,5,0
28-Oct-2025,11997,Put,14000,0,0,25.3023,0,0,0
28-Oct-2025,11997,Put,13400,0,0,25.3023,0,0,0
28-Oct-2025,11997,Put,13800,0,0,25.3023,0,0,0
28-Oct-2025,11997,Call,10600,0,0,25.3023,0,1,0
28-Oct-2025,11997,Put,13600,0,0,25.3023,0,0,0
28-Oct-2025,11997,Call,12700,0,0,25.3023,0,447,0
28-Oct-2025,11997,Call,12900,0,0,25.3023,0,216,0
28-Oct-2025,11997,Call,13100,0,0,25.3023,0,279,0
28-Oct-2025,11997,Put,14200,0,0,25.3023,0,0,0
28-Oct-2025,11997,Call,10800,0,0,25.3023,0,5,0
28-Oct-2025,11997,Call,11000,0,0,25.3023,0,2,0
28-Oct-2025,11997,Call,14200,0,0,25.3023,0,4,0
28-Oct-2025,11997,Put,12400,0,0,25.3023,0,107,0
28-Oct-2025,11997,Put,11500,0,0,25.3023,0,264,0
25-Nov-2025,11997,Call,13500,0,0,25.3023,0,0,0
25-Nov-2025,11997,Put,10400,0,0,25.3023,0,0,0
25-Nov-2025,11997,Put,12800,0,0,25.3023,0,1,0
25-Nov-2025,11997,Call,10700,0,0,25.3023,0,0,0
25-Nov-2025,11997,Put,10700,0,0,25.3023,0,0,0
25-Nov-2025,11997,Call,10200,0,0,25.3023,0,0,0
25-Nov-2025,11997,Call,10900,0,0,25.3023,0,0,0
25-Nov-2025,11997,Call,11100,0,0,25.3023,0,0,0
25-Nov-2025,11997,Call,11300,0,0,25.3023,0,0,0
25-Nov-2025,11997,Put,12500,0,0,25.3023,0,151,0
25-Nov-2025,11997,Call,11700,0,0,25.3023,0,0,0
25-Nov-2025,11997,Call,12900,0,0,25.3023,0,0,0
25-Nov-2025,11997,Put,14200,0,0,25.3023,0,0,0
25-Nov-2025,11997,Put,10600,0,0,25.3023,0,0,0
25-Nov-2025,11997,Call,13100,0,0,25.3023,0,0,0
25-Nov-2025,11997,Put,12700,0,0,25.3023,0,44,0
25-Nov-2025,11997,Call,13600,0,0,25.3023,0,26,0
25-Nov-2025,11997,Put,10800,0,0,25.3023,0,39,0
25-Nov-2025,11997,Put,11400,0,0,25.3023,0,0,0
25-Nov-2025,11997,Put,11100,0,0,25.3023,0,16,0
25-Nov-2025,11997,Put,13600,0,0,25.3023,0,0,0
25-Nov-2025,11997,Put,13800,0,0,25.3023,0,0,0
25-Nov-2025,11997,Put,14000,0,0,25.3023,0,0,0
25-Nov-2025,11997,Put,12900,0,0,25.3023,0,0,0
25-Nov-2025,11997,Put,13300,0,0,25.3023,0,0,0
25-Nov-2025,11997,Call,13300,0,0,25.3023,0,0,0
25-Nov-2025,11997,Put,10200,0,0,25.3023,0,0,0
25-Nov-2025,11997,Put,10900,0,0,25.3023,0,39,0
25-Nov-2025,11997,Call,13800,0,0,25.3023,0,10,0
25-Nov-2025,11997,Call,10400,0,0,25.3023,0,0,0
25-Nov-2025,11997,Call,10600,0,0,25.3023,0,0,0
25-Nov-2025,11997,Put,13000,0,0,25.3023,0,140,0
25-Nov-2025,11997,Put,11300,0,0,25.3023,0,0,0
25-Nov-2025,11997,Put,13100,0,0,25.3023,0,0,0
25-Nov-2025,11997,Call,14200,0,0,25.3023,0,2,0
25-Nov-2025,11997,Put,13200,0,0,25.3023,0,0,0
25-Nov-2025,11997,Call,11200,0,0,25.3023,0,0,0
30-Dec-2025,11997,Put,11400,0,0,25.3023,0,0,0
25-Nov-2025,11997,Put,12600,0,0,25.3023,0,0,0
25-Nov-2025,11997,Put,13500,0,0,25.3023,0,0,0
25-Nov-2025,11997,Put,13400,0,0,25.3023,0,0,0
30-Dec-2025,11997,Call,12000,0,0,25.3023,0,3,0
25-Nov-2025,11997,Put,11200,0,0,25.3023,0,28,0
25-Nov-2025,11997,Call,11000,0,0,25.3023,0,2,0
25-Nov-2025,11997,Call,10800,0,0,25.3023,0,0,0
30-Dec-2025,11997,Put,11800,0,0,25.3023,0,0,0
30-Dec-2025,11997,Call,12600,0,0,25.3023,0,1,0
30-Dec-2025,11997,Put,12400,0,0,25.3023,0,3,0
30-Dec-2025,11997,Put,12200,0,0,25.3023,0,0,0
30-Dec-2025,11997,Call,12400,0,0,25.3023,0,0,0
30-Dec-2025,11997,Put,12600,0,0,25.3023,0,0,0
30-Dec-2025,11997,Call,12800,0,0,25.3023,0,0,0
30-Dec-2025,11997,Call,13600,0,0,25.3023,0,39,0
30-Dec-2025,11997,Put,10000,0,0,25.3023,0,0,0
30-Dec-2025,11997,Call,13200,0,0,25.3023,0,0,0
30-Dec-2025,11997,Call,13400,0,0,25.3023,0,0,0
30-Dec-2025,11997,Put,12000,0,0,25.3023,0,0,0
25-Nov-2025,11997,Call,11400,0,0,25.3023,0,0,0
25-Nov-2025,11997,Call,11600,0,0,25.3023,0,21,0
25-Nov-2025,11997,Call,13400,0,0,25.3023,0,190,0
30-Dec-2025,11997,Call,13000,0,0,25.3023,0,1,0
30-Dec-2025,11997,Put,11600,0,0,25.3023,0,3,0
30-Dec-2025,11997,Call,12200,0,0,25.3023,0,0,0
