28-Oct-2025,7428,-,0,7461.5,0,26.753,76,23005,711
28-Oct-2025,7428,Call,7500,110,15.41,26.753,44,405,447
28-Oct-2025,7428,Put,7400,100.2,17.85,26.753,45,407,339
28-Oct-2025,7428,Call,7700,45.5,15.93,26.753,54,458,316
28-Oct-2025,7428,Call,7600,71,15.53,26.753,24,575,294
28-Oct-2025,7428,Call,8000,11.7,17.63,26.753,146,888,271
28-Oct-2025,7428,Call,7800,29.1,16.44,26.753,42,700,255
28-Oct-2025,7428,Call,7400,163.05,14.23,26.753,70,243,200
28-Oct-2025,7428,Call,7450,135.2,15.35,26.753,45,90,194
28-Oct-2025,7428,Call,7650,56.9,15.59,26.753,2,140,123
28-Oct-2025,7428,Call,7750,36.4,15.8,26.753,36,68,83
28-Oct-2025,7428,Call,7900,18,16.9,26.753,-16,233,81
28-Oct-2025,7428,Put,6800,8.1,21.82,26.753,50,168,81
28-Oct-2025,7428,Put,7100,27.45,19.06,26.753,35,69,78
28-Oct-2025,7428,Put,7000,17.7,19.82,26.753,7,222,75
28-Oct-2025,7428,Put,7450,122.2,17.63,26.753,29,76,75
28-Oct-2025,7428,Put,7300,67.05,17.75,26.753,16,57,57
28-Oct-2025,7428,Put,7500,157.65,18.8,26.753,7,300,33
28-Oct-2025,7428,Call,7550,83.85,14.96,26.753,10,84,23
28-Oct-2025,7428,Put,7600,220.1,19.35,26.753,3,377,12
28-Oct-2025,7428,Put,7350,82,18.53,26.753,-1,65,10
25-Nov-2025,7428,-,0,7500,0,26.753,5,223,9
28-Oct-2025,7428,Call,7350,192.2,15.43,26.753,6,13,9
28-Oct-2025,7428,Put,7700,294.7,20.37,26.753,0,198,8
28-Oct-2025,7428,Call,7300,216,13.79,26.753,5,6,8
28-Oct-2025,7428,Call,8400,3.35,21.73,26.753,3,98,6
28-Oct-2025,7428,Put,7800,379.1,21.92,26.753,-2,69,3
30-Dec-2025,7428,-,0,0,0,26.753,0,8,0
28-Oct-2025,7428,Call,8900,0,0,26.753,0,25,0
28-Oct-2025,7428,Call,7850,0,0,26.753,0,2,0
28-Oct-2025,7428,Put,6300,0,0,26.753,0,0,0
28-Oct-2025,7428,Call,6200,0,0,26.753,0,0,0
28-Oct-2025,7428,Put,6200,0,0,26.753,0,0,0
28-Oct-2025,7428,Put,7050,0,0,26.753,0,0,0
28-Oct-2025,7428,Put,6700,0,0,26.753,0,22,0
28-Oct-2025,7428,Put,7200,0,0,26.753,0,0,0
28-Oct-2025,7428,Put,6900,0,0,26.753,0,0,0
28-Oct-2025,7428,Call,8100,0,0,26.753,0,0,0
28-Oct-2025,7428,Call,7150,0,0,26.753,0,0,0
28-Oct-2025,7428,Put,7650,0,0,26.753,0,10,0
28-Oct-2025,7428,Put,7850,0,0,26.753,0,3,0
28-Oct-2025,7428,Put,7950,0,0,26.753,0,0,0
28-Oct-2025,7428,Call,8050,0,0,26.753,0,0,0
28-Oct-2025,7428,Put,8050,0,0,26.753,0,1,0
28-Oct-2025,7428,Put,7550,0,0,26.753,0,19,0
28-Oct-2025,7428,Call,8200,0,0,26.753,0,0,0
28-Oct-2025,7428,Put,7250,0,0,26.753,0,0,0
28-Oct-2025,7428,Put,6500,0,0,26.753,0,4,0
28-Oct-2025,7428,Call,8700,0,0,26.753,0,1,0
28-Oct-2025,7428,Put,7150,0,0,26.753,0,0,0
28-Oct-2025,7428,Put,6600,0,0,26.753,0,0,0
28-Oct-2025,7428,Call,7200,0,0,26.753,0,0,0
28-Oct-2025,7428,Put,8200,0,0,26.753,0,0,0
28-Oct-2025,7428,Put,8300,0,0,26.753,0,0,0
28-Oct-2025,7428,Put,8400,0,0,26.753,0,0,0
28-Oct-2025,7428,Call,6950,0,0,26.753,0,0,0
28-Oct-2025,7428,Call,6500,0,0,26.753,0,0,0
28-Oct-2025,7428,Put,6400,0,0,26.753,0,0,0
28-Oct-2025,7428,Put,6850,0,0,26.753,0,0,0
28-Oct-2025,7428,Call,6900,0,0,26.753,0,0,0
28-Oct-2025,7428,Put,8600,0,0,26.753,0,0,0
28-Oct-2025,7428,Call,6400,0,0,26.753,0,0,0
28-Oct-2025,7428,Call,6850,0,0,26.753,0,0,0
25-Nov-2025,7428,Call,6300,0,0,26.753,0,0,0
25-Nov-2025,7428,Call,6700,0,0,26.753,0,0,0
25-Nov-2025,7428,Put,7100,0,0,26.753,0,0,0
25-Nov-2025,7428,Put,8400,0,0,26.753,0,0,0
28-Oct-2025,7428,Put,8500,0,0,26.753,0,0,0
25-Nov-2025,7428,Put,7800,0,0,26.753,0,0,0
28-Oct-2025,7428,Call,7000,0,0,26.753,0,16,0
28-Oct-2025,7428,Call,7100,0,0,26.753,0,0,0
28-Oct-2025,7428,Put,6950,0,0,26.753,0,0,0
28-Oct-2025,7428,Call,8300,0,0,26.753,0,0,0
25-Nov-2025,7428,Call,6400,0,0,26.753,0,0,0
25-Nov-2025,7428,Put,7050,0,0,26.753,0,0,0
28-Oct-2025,7428,Call,6800,0,0,26.753,0,2,0
25-Nov-2025,7428,Call,7900,0,0,26.753,0,0,0
28-Oct-2025,7428,Call,7050,0,0,26.753,0,0,0
25-Nov-2025,7428,Put,7200,0,0,26.753,0,0,0
28-Oct-2025,7428,Put,8000,0,0,26.753,0,2,0
25-Nov-2025,7428,Call,6600,0,0,26.753,0,0,0
25-Nov-2025,7428,Call,7850,0,0,26.753,0,0,0
28-Oct-2025,7428,Call,7250,0,0,26.753,0,0,0
25-Nov-2025,7428,Put,8600,0,0,26.753,0,0,0
25-Nov-2025,7428,Put,7650,0,0,26.753,0,0,0
28-Oct-2025,7428,Put,8100,0,0,26.753,0,0,0
25-Nov-2025,7428,Put,6800,0,0,26.753,0,0,0
25-Nov-2025,7428,Put,8050,0,0,0,0,0,0
28-Oct-2025,7428,Call,7950,0,0,26.753,0,3,0
25-Nov-2025,7428,Call,7950,0,0,26.753,0,0,0
25-Nov-2025,7428,Put,8000,0,0,26.753,0,0,0
25-Nov-2025,7428,Put,8200,0,0,26.753,0,0,0
25-Nov-2025,7428,Call,8000,0,0,26.753,0,0,0
28-Oct-2025,7428,Call,6600,0,0,26.753,0,0,0
25-Nov-2025,7428,Put,7700,0,0,26.753,0,0,0
25-Nov-2025,7428,Call,7650,0,0,26.753,0,0,0
25-Nov-2025,7428,Call,7000,0,0,26.753,0,0,0
28-Oct-2025,7428,Call,8600,0,0,26.753,0,3,0
25-Nov-2025,7428,Put,7400,0,0,26.753,0,0,0
28-Oct-2025,7428,Call,6700,0,0,26.753,0,0,0
25-Nov-2025,7428,Call,7150,0,0,26.753,0,0,0
25-Nov-2025,7428,Put,6900,0,0,26.753,0,0,0
25-Nov-2025,7428,Put,7150,0,0,26.753,0,0,0
25-Nov-2025,7428,Put,7250,0,0,26.753,0,0,0
25-Nov-2025,7428,Put,7350,0,0,26.753,0,0,0
25-Nov-2025,7428,Call,7050,0,0,26.753,0,0,0
28-Oct-2025,7428,Put,7900,0,0,26.753,0,16,0
25-Nov-2025,7428,Call,7200,0,0,26.753,0,0,0
28-Oct-2025,7428,Call,8500,0,0,26.753,0,0,0
25-Nov-2025,7428,Call,7450,0,0,26.753,0,0,0
28-Oct-2025,7428,Put,7750,0,0,26.753,0,22,0
25-Nov-2025,7428,Put,7950,0,0,26.753,0,0,0
25-Nov-2025,7428,Call,7300,0,0,26.753,0,0,0
25-Nov-2025,7428,Call,7250,0,0,26.753,0,0,0
25-Nov-2025,7428,Call,8600,0,0,0,0,0,0
28-Oct-2025,7428,Call,6300,0,0,26.753,0,0,0
25-Nov-2025,7428,Call,7700,0,0,26.753,0,0,0
25-Nov-2025,7428,Put,7000,0,0,26.753,0,0,0
25-Nov-2025,7428,Put,8300,0,0,26.753,0,0,0
25-Nov-2025,7428,Put,6850,0,0,26.753,0,0,0
25-Nov-2025,7428,Call,7600,0,0,26.753,0,0,0
25-Nov-2025,7428,Call,6200,0,0,26.753,0,0,0
25-Nov-2025,7428,Put,7750,0,0,26.753,0,0,0
25-Nov-2025,7428,Put,6950,0,0,26.753,0,0,0
25-Nov-2025,7428,Call,6850,0,0,26.753,0,0,0
25-Nov-2025,7428,Call,6800,0,0,26.753,0,0,0
25-Nov-2025,7428,Call,8100,0,0,26.753,0,0,0
25-Nov-2025,7428,Call,6950,0,0,26.753,0,0,0
25-Nov-2025,7428,Call,8500,0,0,0,0,0,0
25-Nov-2025,7428,Put,7500,0,0,26.753,0,2,0
25-Nov-2025,7428,Call,7550,0,0,26.753,0,0,0
25-Nov-2025,7428,Put,7900,0,0,26.753,0,0,0
25-Nov-2025,7428,Call,6500,0,0,26.753,0,0,0
25-Nov-2025,7428,Call,7350,0,0,26.753,0,0,0
25-Nov-2025,7428,Put,7600,0,0,26.753,0,0,0
25-Nov-2025,7428,Put,8500,0,0,26.753,0,0,0
25-Nov-2025,7428,Put,8100,0,0,26.753,0,0,0
25-Nov-2025,7428,Call,7500,0,0,26.753,0,0,0
25-Nov-2025,7428,Put,7850,0,0,26.753,0,0,0
28-Oct-2025,7428,Call,8550,0,0,26.753,0,5,0
25-Nov-2025,7428,Call,7100,0,0,26.753,0,0,0
25-Nov-2025,7428,Put,7300,0,0,26.753,0,0,0
25-Nov-2025,7428,Call,8050,0,0,0,0,0,0
25-Nov-2025,7428,Put,7550,0,0,26.753,0,0,0
25-Nov-2025,7428,Call,7750,0,0,26.753,0,0,0
25-Nov-2025,7428,Call,7800,0,0,26.753,0,0,0
25-Nov-2025,7428,Call,6900,0,0,26.753,0,0,0
25-Nov-2025,7428,Call,8200,0,0,26.753,0,0,0
25-Nov-2025,7428,Call,7400,0,0,26.753,0,0,0
25-Nov-2025,7428,Put,7450,0,0,26.753,0,0,0
