28-Oct-2025,8625,-,0,8681.5,0,30.8815,978,43068,7297
28-Oct-2025,8625,Call,9000,105,24.8,30.8815,233,3472,5918
28-Oct-2025,8625,Call,8900,134.45,24.57,30.8815,1150,2114,4787
28-Oct-2025,8625,Call,8800,170.05,24.29,30.8815,367,2410,4265
28-Oct-2025,8625,Call,8700,211.25,23.89,30.8815,382,1468,3866
28-Oct-2025,8625,Call,8600,261.1,23.78,30.8815,271,718,3332
28-Oct-2025,8625,Put,8500,134.7,24.16,30.8815,231,1307,2868
28-Oct-2025,8625,Call,9500,28.7,26.42,30.8815,346,2573,2604
28-Oct-2025,8625,Call,9200,60.75,25.2,30.8815,174,1902,2290
28-Oct-2025,8625,Call,8500,319.25,23.69,30.8815,244,437,2173
28-Oct-2025,8625,Call,9100,80.75,24.87,30.8815,31,1015,2143
28-Oct-2025,8625,Put,8600,176.9,23.88,30.8815,237,639,2009
28-Oct-2025,8625,Call,9300,47.65,25.76,30.8815,166,1112,1434
28-Oct-2025,8625,Put,8000,28.2,25.1,30.8815,192,883,1314
28-Oct-2025,8625,Put,8300,75,23.99,30.8815,156,493,1254
28-Oct-2025,8625,Call,9400,36.45,26.13,30.8815,274,997,1251
28-Oct-2025,8625,Put,8400,99.85,24.09,30.8815,95,772,1115
28-Oct-2025,8625,Put,8700,224.95,24.23,30.8815,79,1022,1053
28-Oct-2025,8625,Put,8200,53.4,24.17,30.8815,143,630,1006
28-Oct-2025,8625,Call,10000,9.8,29.72,30.8815,87,1922,921
28-Oct-2025,8625,Call,9900,11.9,29.02,30.8815,408,629,776
28-Oct-2025,8625,Call,9600,22.4,27.12,30.8815,79,454,697
28-Oct-2025,8625,Put,8800,282.2,24.13,30.8815,66,1185,629
28-Oct-2025,8625,Call,9800,14.6,28.32,30.8815,178,438,555
28-Oct-2025,8625,Put,8100,39.2,24.68,30.8815,78,318,491
28-Oct-2025,8625,Call,9700,17.95,27.63,30.8815,34,367,389
25-Nov-2025,8625,-,0,8700,0,30.8815,79,855,300
28-Oct-2025,8625,Call,8400,381.8,23.45,30.8815,55,143,299
28-Oct-2025,8625,Put,7400,3.3,28.39,30.8815,209,255,281
28-Oct-2025,8625,Put,7800,14.65,26.09,30.8815,89,296,223
28-Oct-2025,8625,Put,7900,20,25.7,30.8815,106,235,221
28-Oct-2025,8625,Put,7600,6,26.7,30.8815,89,468,217
28-Oct-2025,8625,Put,7700,8.4,25.91,30.8815,3,160,131
28-Oct-2025,8625,Call,10200,7.7,31.69,30.8815,-11,240,88
28-Oct-2025,8625,Put,9000,419.35,24.97,30.8815,6,702,75
28-Oct-2025,8625,Put,8900,349.15,24.54,30.8815,7,419,71
28-Oct-2025,8625,Call,8300,448.9,26.35,30.8815,13,88,64
28-Oct-2025,8625,Call,10400,5.1,32.78,30.8815,-12,244,54
25-Nov-2025,8625,Call,10000,46.6,27.55,30.8815,12,115,49
28-Oct-2025,8625,Call,8000,714.65,26.11,30.8815,9,38,47
28-Oct-2025,8625,Put,9100,481.5,23.25,30.8815,-12,124,42
28-Oct-2025,8625,Put,9200,576.65,25.59,30.8815,-6,487,38
30-Dec-2025,8625,-,0,8732.5,0,30.8815,27,68,37
28-Oct-2025,8625,Call,10300,6.6,32.46,30.8815,2,92,34
28-Oct-2025,8625,Call,10100,8.15,30.37,30.8815,9,135,33
25-Nov-2025,8625,Call,9000,221.1,24.79,30.8815,16,32,29
28-Oct-2025,8625,Put,9400,795.5,34.42,30.8815,-9,35,24
28-Oct-2025,8625,Call,8200,527.65,25.59,30.8815,7,44,22
25-Nov-2025,8625,Put,8000,80,25.85,30.8815,7,22,21
25-Nov-2025,8625,Call,8700,330,23.29,30.8815,15,20,21
25-Nov-2025,8625,Call,8900,253.5,24.34,30.8815,13,15,19
28-Oct-2025,8625,Put,9300,663.55,26.3,30.8815,-1,54,13
25-Nov-2025,8625,Put,8500,227.3,26.05,30.8815,10,10,11
28-Oct-2025,8625,Put,9500,850,24.34,30.8815,-2,125,8
30-Dec-2025,8625,Put,8000,150,27.59,0,0,0,8
28-Oct-2025,8625,Put,10000,1417,54.11,30.8815,4,130,5
25-Nov-2025,8625,Call,10800,15.95,30.67,30.8815,1,2,3
25-Nov-2025,8625,Call,8600,390,23.87,30.8815,2,2,3
25-Nov-2025,8625,Put,8300,189.65,29,30.8815,0,6,3
25-Nov-2025,8625,Put,8400,194.65,26.47,30.8815,2,10,3
25-Nov-2025,8625,Put,8200,155,28.67,30.8815,1,6,3
25-Nov-2025,8625,Call,8500,432.5,22.65,30.8815,1,1,2
25-Nov-2025,8625,Call,8800,305,25.01,30.8815,0,0,1
25-Nov-2025,8625,Call,9600,60,23.12,30.8815,0,4,1
28-Oct-2025,8625,Put,7200,0,0,30.8815,0,0,0
28-Oct-2025,8625,Call,8100,0,0,30.8815,0,0,0
28-Oct-2025,8625,Put,10400,0,0,30.8815,0,6,0
28-Oct-2025,8625,Call,7800,0,0,30.8815,0,0,0
28-Oct-2025,8625,Put,9800,0,0,30.8815,0,24,0
28-Oct-2025,8625,Call,7700,0,0,30.8815,0,0,0
28-Oct-2025,8625,Call,7900,0,0,30.8815,0,0,0
28-Oct-2025,8625,Call,7400,0,0,30.8815,0,0,0
28-Oct-2025,8625,Call,7600,0,0,30.8815,0,4,0
28-Oct-2025,8625,Put,9600,0,0,30.8815,0,10,0
28-Oct-2025,8625,Call,7200,0,0,30.8815,0,0,0
28-Oct-2025,8625,Put,10200,0,0,30.8815,0,2,0
28-Oct-2025,8625,Put,9700,0,0,30.8815,0,31,0
28-Oct-2025,8625,Put,9900,0,0,30.8815,0,3,0
25-Nov-2025,8625,Put,9000,0,0,30.8815,0,0,0
25-Nov-2025,8625,Call,9500,0,0,30.8815,0,0,0
25-Nov-2025,8625,Put,7400,0,0,30.8815,0,0,0
25-Nov-2025,8625,Put,7800,0,0,30.8815,0,20,0
25-Nov-2025,8625,Put,8800,0,0,30.8815,0,0,0
25-Nov-2025,8625,Call,8100,0,0,30.8815,0,0,0
25-Nov-2025,8625,Call,7600,0,0,30.8815,0,0,0
25-Nov-2025,8625,Put,8600,0,0,30.8815,0,0,0
25-Nov-2025,8625,Call,7400,0,0,30.8815,0,0,0
25-Nov-2025,8625,Call,9100,0,0,30.8815,0,0,0
25-Nov-2025,8625,Call,9300,0,0,30.8815,0,0,0
25-Nov-2025,8625,Call,7800,0,0,30.8815,0,0,0
25-Nov-2025,8625,Call,8000,0,0,30.8815,0,0,0
25-Nov-2025,8625,Put,8900,0,0,30.8815,0,0,0
25-Nov-2025,8625,Call,8200,0,0,30.8815,0,0,0
25-Nov-2025,8625,Put,7900,0,0,30.8815,0,0,0
25-Nov-2025,8625,Put,8100,0,0,30.8815,0,1,0
25-Nov-2025,8625,Put,10000,0,0,30.8815,0,0,0
25-Nov-2025,8625,Call,8300,0,0,30.8815,0,0,0
25-Nov-2025,8625,Put,7600,0,0,30.8815,0,73,0
25-Nov-2025,8625,Put,9300,0,0,30.8815,0,0,0
25-Nov-2025,8625,Call,8400,0,0,30.8815,0,0,0
25-Nov-2025,8625,Put,9800,0,0,30.8815,0,0,0
25-Nov-2025,8625,Call,7700,0,0,0,0,0,0
25-Nov-2025,8625,Put,7200,0,0,0,0,0,0
25-Nov-2025,8625,Put,9600,0,0,30.8815,0,0,0
25-Nov-2025,8625,Put,7700,0,0,0,0,0,0
25-Nov-2025,8625,Call,9200,0,0,30.8815,0,0,0
25-Nov-2025,8625,Call,7900,0,0,30.8815,0,0,0
30-Dec-2025,8625,Put,7600,0,0,0,0,0,0
25-Nov-2025,8625,Call,9400,0,0,30.8815,0,2,0
25-Nov-2025,8625,Put,9500,0,0,30.8815,0,0,0
25-Nov-2025,8625,Call,7200,0,0,30.8815,0,0,0
30-Dec-2025,8625,Call,9000,0,0,0,0,0,0
25-Nov-2025,8625,Put,9100,0,0,30.8815,0,0,0
25-Nov-2025,8625,Call,9800,0,0,30.8815,0,0,0
25-Nov-2025,8625,Put,9400,0,0,30.8815,0,0,0
30-Dec-2025,8625,Call,10000,0,0,30.8815,0,0,0
25-Nov-2025,8625,Put,8700,0,0,30.8815,0,0,0
25-Nov-2025,8625,Put,9200,0,0,30.8815,0,0,0
30-Dec-2025,8625,Put,8200,0,0,0,0,0,0
30-Dec-2025,8625,Call,8400,0,0,0,0,0,0
