28-Oct-2025,1996.1,-,0,2006.1,0,28.3947,274,34847,2188
28-Oct-2025,1996.1,Call,2000,47.1,20.44,28.3947,296,721,2052
28-Oct-2025,1996.1,Call,2100,13.3,21.06,28.3947,228,988,1148
28-Oct-2025,1996.1,Call,2040,29.4,20.48,28.3947,323,692,945
28-Oct-2025,1996.1,Call,1980,58.3,20.44,28.3947,85,140,890
28-Oct-2025,1996.1,Put,1800,2.4,25.44,28.3947,335,622,875
28-Oct-2025,1996.1,Put,1980,32.05,21.93,28.3947,45,200,813
28-Oct-2025,1996.1,Call,2020,37.5,20.43,28.3947,25,281,777
28-Oct-2025,1996.1,Put,1960,24.75,21.89,28.3947,66,212,720
28-Oct-2025,1996.1,Put,2000,40.45,21.74,28.3947,56,517,655
28-Oct-2025,1996.1,Put,1900,10.7,22.62,28.3947,199,474,604
28-Oct-2025,1996.1,Call,2060,23,20.56,28.3947,81,391,561
28-Oct-2025,1996.1,Put,1940,18.9,22.32,28.3947,63,216,432
28-Oct-2025,1996.1,Call,2080,17.5,20.63,28.3947,74,217,392
28-Oct-2025,1996.1,Call,2200,3.1,22.14,28.3947,105,392,358
28-Oct-2025,1996.1,Call,2240,1.5,22.5,28.3947,260,411,347
28-Oct-2025,1996.1,Call,2220,2.1,22.05,28.3947,201,316,317
28-Oct-2025,1996.1,Put,2020,50.95,22.03,28.3947,4,174,291
28-Oct-2025,1996.1,Put,1920,14.45,22.57,28.3947,22,99,216
28-Oct-2025,1996.1,Call,2140,7.45,21.29,28.3947,13,154,167
28-Oct-2025,1996.1,Call,2160,5.5,21.46,28.3947,20,171,166
28-Oct-2025,1996.1,Call,1960,68.65,18.88,28.3947,45,79,161
28-Oct-2025,1996.1,Put,1880,8,23.18,28.3947,27,148,160
28-Oct-2025,1996.1,Call,2120,10.1,21.11,28.3947,33,123,157
25-Nov-2025,1996.1,-,0,2016.5,0,28.3947,47,278,149
28-Oct-2025,1996.1,Put,1860,6.05,23.74,28.3947,39,128,142
28-Oct-2025,1996.1,Put,1820,3.35,24.85,28.3947,34,72,110
28-Oct-2025,1996.1,Call,2180,4.15,21.82,28.3947,8,65,99
28-Oct-2025,1996.1,Put,1840,4.4,24.09,28.3947,26,68,90
28-Oct-2025,1996.1,Put,2040,62.9,22.15,28.3947,6,131,80
28-Oct-2025,1996.1,Put,1740,1.3,28.16,28.3947,66,103,78
25-Nov-2025,1996.1,Call,2000,74.9,20.41,28.3947,23,49,63
28-Oct-2025,1996.1,Call,1900,117,18.59,28.3947,10,94,59
28-Oct-2025,1996.1,Call,1940,85,18.35,28.3947,15,33,59
28-Oct-2025,1996.1,Put,1720,1.05,29.08,28.3947,-5,454,48
25-Nov-2025,1996.1,Put,1880,19.35,23.41,28.3947,22,29,48
28-Oct-2025,1996.1,Call,2260,1.2,22.87,28.3947,-4,209,47
28-Oct-2025,1996.1,Call,1800,200,0,28.3947,29,97,47
28-Oct-2025,1996.1,Call,2280,0.8,22.83,28.3947,-10,240,46
28-Oct-2025,1996.1,Call,1720,278.5,0,28.3947,-18,31,32
30-Dec-2025,1996.1,-,0,2026,0,28.3947,5,14,16
28-Oct-2025,1996.1,Call,1740,244.5,0,28.3947,0,25,14
28-Oct-2025,1996.1,Call,2320,0.7,24.99,28.3947,1,86,11
28-Oct-2025,1996.1,Put,2200,200.4,31.34,28.3947,-3,102,10
28-Oct-2025,1996.1,Put,2100,107,23.54,28.3947,1,267,9
25-Nov-2025,1996.1,Put,1900,23.6,23.27,28.3947,4,5,8
28-Oct-2025,1996.1,Call,2400,0.4,27.92,28.3947,5,25,6
25-Nov-2025,1996.1,Call,2020,55.5,17.41,28.3947,0,6,6
25-Nov-2025,1996.1,Put,1920,31.55,24.34,28.3947,0,0,5
28-Oct-2025,1996.1,Put,2160,170,33.52,28.3947,0,16,4
28-Oct-2025,1996.1,Call,1920,92,12.83,28.3947,2,8,4
28-Oct-2025,1996.1,Call,2360,0.45,25.98,28.3947,3,4,4
28-Oct-2025,1996.1,Put,1760,1.75,27.62,28.3947,2,2,4
25-Nov-2025,1996.1,Call,1900,131.95,15.6,28.3947,0,3,4
28-Oct-2025,1996.1,Call,1780,219,0,28.3947,0,4,3
28-Oct-2025,1996.1,Put,2080,95.6,25.41,28.3947,1,29,3
25-Nov-2025,1996.1,Call,2160,20.95,21.55,28.3947,-1,0,2
28-Oct-2025,1996.1,Put,2240,242,37.09,28.3947,0,5,2
25-Nov-2025,1996.1,Call,2100,32.5,20.22,28.3947,1,1,2
25-Nov-2025,1996.1,Put,2000,64,25.18,28.3947,0,0,1
25-Nov-2025,1996.1,Call,2080,34.95,18.83,28.3947,0,0,1
25-Nov-2025,1996.1,Call,1980,82.5,19.1,28.3947,0,0,1
25-Nov-2025,1996.1,Call,1920,119.95,17.71,28.3947,0,0,1
25-Nov-2025,1996.1,Call,1940,104.95,17.64,28.3947,0,0,1
28-Oct-2025,1996.1,Put,2400,0,0,28.3947,0,89,0
28-Oct-2025,1996.1,Call,1680,0,0,28.3947,0,0,0
28-Oct-2025,1996.1,Put,1680,0,0,28.3947,0,1,0
28-Oct-2025,1996.1,Call,1760,0,0,28.3947,0,3,0
28-Oct-2025,1996.1,Call,1840,0,0,28.3947,0,0,0
28-Oct-2025,1996.1,Call,1880,0,0,28.3947,0,9,0
28-Oct-2025,1996.1,Put,2120,0,0,28.3947,0,9,0
28-Oct-2025,1996.1,Call,1820,0,0,28.3947,0,7,0
28-Oct-2025,1996.1,Call,1860,0,0,28.3947,0,2,0
28-Oct-2025,1996.1,Put,2140,0,0,28.3947,0,2,0
28-Oct-2025,1996.1,Put,2060,0,0,28.3947,0,68,0
25-Nov-2025,1996.1,Put,1980,0,0,28.3947,0,0,0
28-Oct-2025,1996.1,Put,2320,0,0,28.3947,0,12,0
25-Nov-2025,1996.1,Put,1720,0,0,28.3947,0,0,0
28-Oct-2025,1996.1,Put,2280,0,0,28.3947,0,7,0
25-Nov-2025,1996.1,Put,1820,0,0,28.3947,0,0,0
25-Nov-2025,1996.1,Put,1960,0,0,28.3947,0,1,0
25-Nov-2025,1996.1,Call,2200,0,0,28.3947,0,0,0
25-Nov-2025,1996.1,Put,2320,0,0,28.3947,0,0,0
25-Nov-2025,1996.1,Call,1720,0,0,28.3947,0,0,0
25-Nov-2025,1996.1,Call,1680,0,0,28.3947,0,0,0
25-Nov-2025,1996.1,Put,1800,0,0,28.3947,0,0,0
25-Nov-2025,1996.1,Put,2100,0,0,28.3947,0,0,0
25-Nov-2025,1996.1,Call,2140,0,0,28.3947,0,0,0
25-Nov-2025,1996.1,Call,2400,0,0,28.3947,0,1,0
25-Nov-2025,1996.1,Put,2020,0,0,28.3947,0,0,0
28-Oct-2025,1996.1,Put,2180,0,0,28.3947,0,0,0
25-Nov-2025,1996.1,Put,1680,0,0,0,0,0,0
25-Nov-2025,1996.1,Put,1760,0,0,28.3947,0,0,0
25-Nov-2025,1996.1,Call,2040,0,0,28.3947,0,0,0
25-Nov-2025,1996.1,Call,1880,0,0,28.3947,0,0,0
25-Nov-2025,1996.1,Put,1940,0,0,28.3947,0,0,0
25-Nov-2025,1996.1,Put,1840,0,0,28.3947,0,0,0
25-Nov-2025,1996.1,Put,2060,0,0,28.3947,0,0,0
25-Nov-2025,1996.1,Call,1820,0,0,28.3947,0,0,0
25-Nov-2025,1996.1,Put,2120,0,0,28.3947,0,0,0
25-Nov-2025,1996.1,Put,2240,0,0,28.3947,0,0,0
25-Nov-2025,1996.1,Put,2180,0,0,28.3947,0,0,0
25-Nov-2025,1996.1,Call,1860,0,0,28.3947,0,0,0
25-Nov-2025,1996.1,Call,1800,0,0,28.3947,0,0,0
25-Nov-2025,1996.1,Put,2400,0,0,28.3947,0,1,0
25-Nov-2025,1996.1,Call,2120,0,0,28.3947,0,0,0
25-Nov-2025,1996.1,Call,1840,0,0,28.3947,0,0,0
25-Nov-2025,1996.1,Call,2320,0,0,28.3947,0,0,0
25-Nov-2025,1996.1,Call,1760,0,0,28.3947,0,0,0
25-Nov-2025,1996.1,Put,2140,0,0,28.3947,0,0,0
25-Nov-2025,1996.1,Call,2240,0,0,28.3947,0,2,0
25-Nov-2025,1996.1,Put,2040,0,0,28.3947,0,0,0
25-Nov-2025,1996.1,Call,2060,0,0,28.3947,0,0,0
25-Nov-2025,1996.1,Call,2280,0,0,28.3947,0,0,0
25-Nov-2025,1996.1,Put,2080,0,0,28.3947,0,0,0
25-Nov-2025,1996.1,Call,2180,0,0,28.3947,0,0,0
25-Nov-2025,1996.1,Put,2200,0,0,28.3947,0,0,0
25-Nov-2025,1996.1,Put,2160,0,0,28.3947,0,0,0
30-Dec-2025,1996.1,Put,1880,0,0,28.3947,0,0,0
25-Nov-2025,1996.1,Put,1860,0,0,28.3947,0,0,0
25-Nov-2025,1996.1,Put,2280,0,0,28.3947,0,0,0
25-Nov-2025,1996.1,Call,1960,0,0,28.3947,0,0,0
30-Dec-2025,1996.1,Put,1840,0,0,28.3947,0,0,0
30-Dec-2025,1996.1,Call,2000,0,0,28.3947,0,0,0
