28-Oct-2025,55460.95,Call,56000,496.55,9.96,17.481,5713,34396,76943
28-Oct-2025,55460.95,Put,55500,508.05,11.42,17.481,3686,21844,70765
28-Oct-2025,55460.95,Call,55500,763.25,10.14,17.481,3407,24749,69856
28-Oct-2025,55460.95,Call,55400,825.5,10.18,17.481,3325,6814,51808
28-Oct-2025,55460.95,Put,55000,340.95,11.73,17.481,5220,44282,50675
28-Oct-2025,55460.95,Put,55400,469.55,11.49,17.481,3504,7554,49683
28-Oct-2025,55460.95,Call,57000,165.1,9.67,17.481,1607,60664,45496
28-Oct-2025,55460.95,Put,55300,434,11.55,17.481,1975,8041,42901
28-Oct-2025,55460.95,Call,55300,890.2,10.21,17.481,1550,7033,34047
28-Oct-2025,55460.95,Put,54000,145.45,12.58,17.481,2647,34733,30312
28-Oct-2025,55460.95,Call,56500,296,9.79,17.481,1781,18476,29135
28-Oct-2025,55460.95,Put,55200,399.5,11.61,17.481,1617,6572,25712
28-Oct-2025,55460.95,Call,58000,49,10.07,17.481,3754,29481,23841
28-Oct-2025,55460.95,Call,57500,88.8,9.78,17.481,1702,14157,22836
28-Oct-2025,55460.95,Call,55800,595.9,10.06,17.481,1476,5211,22522
28-Oct-2025,55460.95,Call,55600,706.05,10.12,17.481,1510,6643,22475
28-Oct-2025,55460.95,Call,55700,649.9,10.08,17.481,1715,6405,22140
28-Oct-2025,55460.95,Put,53000,66.5,13.84,17.481,1800,25579,21062
28-Oct-2025,55460.95,Put,54500,223.75,12.1,17.481,2512,22178,20931
28-Oct-2025,55460.95,Call,55000,1095.2,10.25,17.481,85,26060,17286
28-Oct-2025,55460.95,Put,55600,548.3,11.38,17.481,1209,5103,17101
28-Oct-2025,55460.95,Put,53500,95.5,13.11,17.481,1808,19490,16093
28-Oct-2025,55460.95,Call,55900,543.4,10.01,17.481,1216,3360,15783
28-Oct-2025,55460.95,Call,55200,956.85,10.28,17.481,236,3718,15748
28-Oct-2025,55460.95,Call,56100,451,10,17.481,558,2582,14946
28-Oct-2025,55460.95,Call,56200,406.45,9.87,17.481,306,3252,14123
28-Oct-2025,55460.95,Put,52000,35.65,15.54,17.481,581,16947,13357
28-Oct-2025,55460.95,Put,55100,370.55,11.67,17.481,588,4143,13344
28-Oct-2025,55460.95,Call,58500,28.5,10.53,17.481,2031,9675,12714
28-Oct-2025,55460.95,Put,52500,47.4,14.64,17.481,669,16027,12694
28-Oct-2025,55460.95,Put,56000,738.5,11.22,17.481,760,14060,12069
28-Oct-2025,55460.95,Put,55700,594.1,11.3,17.481,1273,5047,11904
28-Oct-2025,55460.95,Call,56300,369,9.86,17.481,138,3681,10468
28-Oct-2025,55460.95,Put,55800,638.45,11.28,17.481,2108,3380,10389
28-Oct-2025,55460.95,-,0,55753,0,17.481,2380,56191,10377
28-Oct-2025,55460.95,Call,56400,329.4,9.81,17.481,107,3059,10312
28-Oct-2025,55460.95,Call,59000,19.1,11.2,17.481,1948,13993,10057
28-Oct-2025,55460.95,Put,54700,266.35,11.97,17.481,505,7517,9784
28-Oct-2025,55460.95,Put,54800,289.95,11.87,17.481,249,6418,9621
28-Oct-2025,55460.95,Call,56700,237,9.73,17.481,-354,3081,8578
28-Oct-2025,55460.95,Call,56800,209.35,9.72,17.481,531,2477,8544
28-Oct-2025,55460.95,Put,54900,314.4,11.76,17.481,272,5725,8132
28-Oct-2025,55460.95,Call,56600,264.7,9.74,17.481,-24,2452,7910
28-Oct-2025,55460.95,Call,60000,10.45,12.76,17.481,151,11974,7834
28-Oct-2025,55460.95,Put,51000,22.6,17.58,17.481,-91,12886,7238
28-Oct-2025,55460.95,Put,54600,241.75,12.04,17.481,-7,5554,7123
28-Oct-2025,55460.95,Call,57300,115.05,9.8,17.481,105,2421,7003
28-Oct-2025,55460.95,Call,55100,1025.15,10.41,17.481,183,2185,6878
28-Oct-2025,55460.95,Call,59500,14,12.01,17.481,1433,4191,6378
28-Oct-2025,55460.95,Put,51500,28.3,16.57,17.481,372,6160,5637
28-Oct-2025,55460.95,Put,54300,186.45,12.26,17.481,748,3073,5470
28-Oct-2025,55460.95,Call,56900,186.1,9.7,17.481,355,1595,5448
28-Oct-2025,55460.95,Call,57200,129.7,9.71,17.481,988,1810,5135
28-Oct-2025,55460.95,Call,57400,100.85,9.76,17.481,837,1592,4729
28-Oct-2025,55460.95,Put,50500,18.85,18.63,17.481,252,4301,4663
28-Oct-2025,55460.95,Call,57100,146.6,9.74,17.481,476,1744,4547
28-Oct-2025,55460.95,Put,54400,202.6,12.18,17.481,295,2796,4500
28-Oct-2025,55460.95,Put,54200,171.4,12.32,17.481,821,3346,4342
28-Oct-2025,55460.95,Put,50000,16.35,19.78,17.481,478,7675,4285
28-Oct-2025,55460.95,Call,57800,63.2,9.97,17.481,134,1670,4170
28-Oct-2025,55460.95,Call,58200,40,10.24,17.481,1034,2389,3836
28-Oct-2025,55460.95,Call,54500,1477.45,10.64,17.481,600,8595,3637
28-Oct-2025,55460.95,Call,57700,70.85,9.91,17.481,-94,1007,3490
28-Oct-2025,55460.95,Put,53200,75.15,13.52,17.481,235,1882,3437
28-Oct-2025,55460.95,Put,55900,686.7,11.25,17.481,449,1025,3302
28-Oct-2025,55460.95,Put,53400,88.7,13.21,17.481,543,1305,2963
28-Oct-2025,55460.95,Put,53800,120.75,12.69,17.481,103,2858,2771
28-Oct-2025,55460.95,Put,53300,80.9,13.37,17.481,318,1602,2695
28-Oct-2025,55460.95,Put,49000,12.75,22.09,17.481,36,2989,2650
28-Oct-2025,55460.95,Put,52800,56.8,14.13,17.481,-787,976,2611
28-Oct-2025,55460.95,Put,53900,131.85,12.66,17.481,438,2958,2606
28-Oct-2025,55460.95,Put,53700,111.4,12.85,17.481,68,1875,2483
28-Oct-2025,55460.95,Put,48000,11.35,24.7,17.481,153,3926,2478
28-Oct-2025,55460.95,Put,54100,155.45,12.44,17.481,367,2182,2458
28-Oct-2025,55460.95,Call,60500,8.3,13.59,17.481,302,2350,2254
28-Oct-2025,55460.95,Call,58100,44.5,10.17,17.481,9,623,2177
28-Oct-2025,55460.95,Call,58700,24.55,10.9,17.481,284,1307,2120
28-Oct-2025,55460.95,Put,46000,8.65,29.98,17.481,73,7348,2083
28-Oct-2025,55460.95,Call,54900,1167,10.6,17.481,-438,2579,1900
28-Oct-2025,55460.95,Call,54800,1250.3,10.34,17.481,-98,2150,1817
28-Oct-2025,55460.95,Put,49500,14,20.88,17.481,-41,1239,1772
28-Oct-2025,55460.95,Put,52600,49.85,14.42,17.481,-220,1204,1769
28-Oct-2025,55460.95,Call,57600,80.55,9.88,17.481,378,378,1728
28-Oct-2025,55460.95,Put,53100,70,13.66,17.481,680,1616,1727
28-Oct-2025,55460.95,Call,58900,21.25,11.09,17.481,132,1121,1664
28-Oct-2025,55460.95,Put,47500,11,26.18,17.481,-420,818,1548
28-Oct-2025,55460.95,Put,56500,1036.85,10.79,17.481,199,2814,1460
28-Oct-2025,55460.95,Call,58400,33.1,10.48,17.481,139,827,1418
28-Oct-2025,55460.95,Call,58300,35.65,10.37,17.481,-1,440,1406
28-Oct-2025,55460.95,Call,61000,7.15,14.5,17.481,35,4059,1317
28-Oct-2025,55460.95,Put,47000,10.1,27.47,17.481,36,2429,1299
28-Oct-2025,55460.95,Put,57000,1399.5,11.25,17.481,-48,30278,1281
28-Oct-2025,55460.95,Call,58600,27.4,10.69,17.481,150,497,1271
28-Oct-2025,55460.95,Put,53600,102,12.96,17.481,134,991,1218
28-Oct-2025,55460.95,Put,52900,60.8,13.97,17.481,100,281,1143
28-Oct-2025,55460.95,Call,59100,18.35,11.42,17.481,-74,379,1093
25-Nov-2025,55460.95,Put,48000,20.2,19.22,17.481,409,1235,1075
28-Oct-2025,55460.95,Call,59400,15.6,11.97,17.481,512,893,1040
28-Oct-2025,55460.95,Call,54000,1895.45,10.31,17.481,-175,7780,1028
28-Oct-2025,55460.95,Put,48500,11.6,23.36,17.481,-46,672,965
28-Oct-2025,55460.95,Put,52700,53.4,14.3,17.481,-40,661,961
28-Oct-2025,55460.95,Call,63000,4.4,17.92,17.481,-19,4273,955
25-Nov-2025,55460.95,Call,60000,50.5,10.45,17.481,517,1282,944
28-Oct-2025,55460.95,Put,56100,783.2,10.97,17.481,72,538,912
28-Oct-2025,55460.95,Call,62000,5.4,16.32,17.481,143,1306,796
25-Nov-2025,55460.95,Put,55000,506.4,12.04,17.481,197,1986,794
25-Nov-2025,55460.95,-,0,56059,0,17.481,-97,4675,756
28-Oct-2025,55460.95,Call,54700,1318.2,10.45,17.481,-28,1969,751
25-Nov-2025,55460.95,Call,57000,489.25,9.56,17.481,115,1957,650
28-Oct-2025,55460.95,Put,52300,41.3,14.98,17.481,82,331,643
28-Oct-2025,55460.95,Put,51700,30.45,16.08,17.481,441,537,638
25-Nov-2025,55460.95,Call,59000,102.5,9.88,17.481,-165,703,625
28-Oct-2025,55460.95,Call,63500,4.35,18.98,17.481,191,1479,604
25-Nov-2025,55460.95,Call,56000,938.9,9.52,17.481,52,1324,592
28-Oct-2025,55460.95,Call,54600,1393.7,11.07,17.481,-147,2326,582
28-Oct-2025,55460.95,Put,52200,37.85,15,17.481,119,508,581
28-Oct-2025,55460.95,Call,62500,4.6,17,17.481,6,1037,570
28-Oct-2025,55460.95,Put,46500,9.6,28.77,17.481,111,3040,555
28-Oct-2025,55460.95,Put,52400,44.15,14.82,17.481,246,246,545
25-Nov-2025,55460.95,Put,54000,278.95,12.44,17.481,45,2391,545
25-Nov-2025,55460.95,Put,56000,870,11.87,17.481,167,925,528
28-Oct-2025,55460.95,Put,49900,16.95,19.93,17.481,-7,313,466
28-Oct-2025,55460.95,Put,56200,845.65,10.98,17.481,88,507,458
25-Nov-2025,55460.95,Call,58000,233.5,9.59,17.481,328,328,449
25-Nov-2025,55460.95,Put,53500,205,12.76,17.481,88,1167,442
28-Oct-2025,55460.95,Put,51600,29,16.28,17.481,73,246,401
28-Oct-2025,55460.95,Put,51300,25.65,17.03,17.481,86,244,389
28-Oct-2025,55460.95,Put,56400,982,10.82,17.481,18,612,382
28-Oct-2025,55460.95,Call,59700,12.45,12.32,17.481,89,188,377
28-Oct-2025,55460.95,Put,56300,898.5,10.87,17.481,70,405,356
28-Oct-2025,55460.95,Call,52000,3775,9.39,17.481,-4,1771,348
28-Oct-2025,55460.95,Put,52100,37.5,15.32,17.481,19,125,347
28-Oct-2025,55460.95,Put,51800,31.4,15.83,17.481,131,328,343
28-Oct-2025,55460.95,Call,61500,6,15.3,17.481,150,611,319
30-Dec-2025,55460.95,Call,57000,918.75,9.36,17.481,-87,3872,313
25-Nov-2025,55460.95,Call,55000,1555,9.61,17.481,25,902,302
28-Oct-2025,55460.95,Call,60100,9.75,12.93,17.481,63,129,290
28-Oct-2025,55460.95,Put,51900,33.9,15.7,17.481,-25,459,281
25-Nov-2025,55460.95,Put,55500,669.05,11.88,17.481,24,568,276
28-Oct-2025,55460.95,Call,59800,11.5,12.27,17.481,22,214,216
30-Dec-2025,55460.95,-,0,56425.4,0,17.481,78,604,209
30-Dec-2025,55460.95,Put,54000,426.3,13.03,17.481,35,5242,205
25-Nov-2025,55460.95,Call,57500,338,9.63,17.481,67,169,202
25-Nov-2025,55460.95,Put,53000,152,13.09,17.481,67,2067,200
25-Nov-2025,55460.95,Put,54500,377.1,12.14,17.481,18,768,200
25-Nov-2025,55460.95,Call,55500,1214.05,9.7,17.481,79,506,195
30-Dec-2025,55460.95,Put,57000,1488.1,12.66,17.481,19,5102,186
28-Oct-2025,55460.95,Put,51200,24.55,17.13,17.481,56,220,184
28-Oct-2025,55460.95,Put,50400,18.45,18.89,17.481,7,118,180
25-Nov-2025,55460.95,Call,56500,686.2,9.53,17.481,45,624,175
28-Oct-2025,55460.95,Put,51400,26.4,16.68,17.481,17,375,173
28-Oct-2025,55460.95,Put,50900,21.85,17.77,17.481,-32,297,171
28-Oct-2025,55460.95,Call,60200,9.15,13.03,17.481,9,62,168
30-Dec-2025,55460.95,Call,60000,160.1,9.61,17.481,63,2271,168
25-Nov-2025,55460.95,Put,52000,89,14.04,17.481,42,1000,160
25-Nov-2025,55460.95,Put,50000,46.55,17.02,17.481,33,805,154
30-Dec-2025,55460.95,Put,52500,215,13.76,17.481,19,2918.28571429,151
28-Oct-2025,55460.95,Put,50600,19.35,18.54,17.481,11,62,150
25-Nov-2025,55460.95,Put,55200,560.1,11.88,17.481,65,125,145
28-Oct-2025,55460.95,Put,48700,12.2,22.9,17.481,61,102,144
28-Oct-2025,55460.95,Call,59600,13.65,12.23,17.481,-29,108,141
25-Nov-2025,55460.95,Call,55400,1306.15,9.83,17.481,79,170,140
28-Oct-2025,55460.95,Call,59900,11.25,12.63,17.481,-3,56,137
28-Oct-2025,55460.95,Put,50300,19.6,18.91,17.481,-43,190,124
28-Oct-2025,55460.95,Call,60800,7.3,14.07,17.481,5,114,123
30-Dec-2025,55460.95,Put,55500,825,12.65,17.481,13,1793.71428571,122
28-Oct-2025,55460.95,Call,53500,2374.8,12.16,17.481,11,943,121
28-Oct-2025,55460.95,Put,56700,1185.25,10.97,17.481,11,174,120
28-Oct-2025,55460.95,Call,50000,5730,0,17.481,37,3444,112
28-Oct-2025,55460.95,Put,60000,4210,16.32,17.481,91,3482,111
28-Oct-2025,55460.95,Call,54400,1552.95,10.61,17.481,-3,587,107
25-Nov-2025,55460.95,Put,49000,29.25,17.9,17.481,-27,127,100
28-Oct-2025,55460.95,Put,49800,18.1,20.71,17.481,0,216,99
28-Oct-2025,55460.95,Put,58000,2272,10.73,17.481,28,3607,97
28-Oct-2025,55460.95,Call,53000,2799.95,7.76,17.481,23,1431,95
28-Oct-2025,55460.95,Put,49100,12.6,21.97,17.481,4,73,93
30-Dec-2025,55460.95,Put,56000,1010,12.62,17.481,82,147,91
30-Dec-2025,55460.95,Call,58500,412.2,9.45,17.481,21,1086,86
28-Oct-2025,55460.95,Put,59000,3240,14.97,17.481,-44,1895,85
28-Oct-2025,55460.95,Put,50200,16.7,19.22,17.481,8,79,84
28-Oct-2025,55460.95,Put,49300,13.25,21.33,17.481,-6,63,82
25-Nov-2025,55460.95,Put,52500,112,13.41,17.481,29,657,82
28-Oct-2025,55460.95,Put,57500,1832.4,11.2,17.481,33,1121,81
30-Dec-2025,55460.95,Call,55500,1705,8.81,17.481,-15,1021,77
28-Oct-2025,55460.95,Put,51100,23.9,17.38,17.481,38,38,73
25-Nov-2025,55460.95,Put,47500,17.8,19.9,17.481,-16,46,73
25-Nov-2025,55460.95,Put,57000,1410,11.73,17.481,6,388,71
28-Oct-2025,55460.95,Put,59500,3739.05,16.78,17.481,34,106,70
30-Dec-2025,55460.95,Put,51000,118.45,14.84,17.481,6.85714285714,998.714285714,68
28-Oct-2025,55460.95,Call,54300,1637.45,10.17,17.481,-17,441,67
28-Oct-2025,55460.95,Put,50700,20.75,18.26,17.481,8,183,63
25-Nov-2025,55460.95,Call,54500,1859.9,8.17,17.481,-3,228,63
25-Nov-2025,55460.95,Call,54000,2301.55,8.59,17.481,-1,549,62
28-Oct-2025,55460.95,Put,56600,1089.25,10.73,17.481,3,126,61
30-Dec-2025,55460.95,Call,56000,1400,8.76,17.481,31,124,58
25-Nov-2025,55460.95,Call,55600,1177,9.77,17.481,22,32,56
28-Oct-2025,55460.95,Put,56800,1233.45,11.08,17.481,-4,210,53
30-Dec-2025,55460.95,Call,54000,2780,7.18,17.481,-34,708.714285714,52
25-Nov-2025,55460.95,Put,46000,13.95,22.54,17.481,10,133,49
25-Nov-2025,55460.95,Put,56500,1124.6,11.78,17.481,20,58,49
25-Nov-2025,55460.95,Put,58000,2132.5,12.27,17.481,31,51,41
25-Nov-2025,55460.95,Put,47000,15.05,20.6,17.481,0,52,41
25-Nov-2025,55460.95,Put,55400,625,11.8,17.481,13,50,39
28-Oct-2025,55460.95,Call,60900,7.5,14.35,17.481,1,50,38
25-Nov-2025,55460.95,Put,48500,23.7,18.54,17.481,-32,47,37
28-Oct-2025,55460.95,Put,50100,16.9,19.57,17.481,0,73,36
28-Oct-2025,55460.95,Call,54100,1825.05,11.27,17.481,0,300,35
28-Oct-2025,55460.95,Call,60400,8.2,13.61,17.481,-2,37,34
28-Oct-2025,55460.95,Call,60300,9.4,13.19,17.481,6,55,33
28-Oct-2025,55460.95,Call,60600,6.85,13.49,17.481,-11,13,31
28-Oct-2025,55460.95,Call,54200,1723.65,10.39,17.481,-7,436,31
25-Nov-2025,55460.95,Put,55900,836,11.88,17.481,15,22,29
25-Nov-2025,55460.95,Call,57100,434.35,9.23,17.481,17,23,26
28-Oct-2025,55460.95,Put,49700,15.2,20.5,17.481,-4,106,24
25-Nov-2025,55460.95,Call,55800,1034.75,9.47,17.481,15,26,24
25-Nov-2025,55460.95,Put,54700,430,12.22,17.481,6,166,24
25-Nov-2025,55460.95,Call,63000,14.5,13.49,17.481,1,49,23
25-Nov-2025,55460.95,Put,56400,1099.8,12.12,17.481,0,24,23
25-Nov-2025,55460.95,Call,56700,609.55,9.61,17.481,10,42,22
25-Nov-2025,55460.95,Call,62000,25,12.86,17.481,20,32,21
25-Nov-2025,55460.95,Call,55700,1106.4,9.64,17.481,3,15,21
25-Nov-2025,55460.95,Call,55200,1406,9.4,17.481,6,47,21
28-Oct-2025,55460.95,Call,60700,7.55,13.89,17.481,4,15,20
25-Nov-2025,55460.95,Put,56700,1243.7,11.88,17.481,16,21,18
25-Nov-2025,55460.95,Put,56200,970,11.79,17.481,5,19,17
25-Nov-2025,55460.95,Put,55800,812.5,12.13,17.481,7,41,17
28-Oct-2025,55460.95,Put,49600,14.85,20.74,17.481,-4,75,16
25-Nov-2025,55460.95,Call,55300,1327.25,9.24,17.481,3,32,16
30-Dec-2025,55460.95,Call,56400,1179.45,9.04,17.481,0,0,15
28-Oct-2025,55460.95,Put,49400,13.7,21.12,17.481,0,69,12
25-Nov-2025,55460.95,Call,56600,650.5,9.61,17.481,-4,70,12
28-Oct-2025,55460.95,Put,48900,12,22.25,17.481,-10,43,11
28-Oct-2025,55460.95,Call,48000,7661.85,0,17.481,2,2170,11
28-Oct-2025,55460.95,Call,53700,2153.15,10.33,17.481,0,151,11
25-Nov-2025,55460.95,Call,52000,4080,0,17.481,9,54,11
28-Oct-2025,55460.95,Put,49200,13.2,21.62,17.481,-1,74,10
28-Oct-2025,55460.95,Put,56900,1335.5,11.36,17.481,3,59,9
28-Oct-2025,55460.95,Put,57800,2079.45,11.73,17.481,0,17,9
25-Nov-2025,55460.95,Call,56400,753.5,9.8,17.481,3,3,9
25-Nov-2025,55460.95,Put,55700,755.35,12.18,17.481,3,9,9
31-Mar-2026,55460.95,Call,60000,680,8.66,17.481,0,491,9
28-Oct-2025,55460.95,Call,53600,2280.8,11.98,17.481,-5,97,8
30-Dec-2025,55460.95,Call,55000,1990,7.9,17.481,4,12,8
28-Oct-2025,55460.95,Put,63000,7206,26.9,17.481,6,1051,7
28-Oct-2025,55460.95,Put,57200,1550,10.98,17.481,-6,74,7
25-Nov-2025,55460.95,Call,53500,2745,8.13,17.481,0,32,7
30-Dec-2025,55460.95,Put,58500,2466.5,13.47,17.481,0,298,7
31-Mar-2026,55460.95,Put,57000,1580,13.78,17.481,0,85,7
25-Nov-2025,55460.95,Call,56200,830.55,9.58,17.481,3,39,6
28-Oct-2025,55460.95,Put,57100,1482,11.24,17.481,-4,37,6
25-Nov-2025,55460.95,Call,58700,132.75,9.79,17.481,0,1,6
30-Dec-2025,55460.95,Put,48000,40.1,17.39,17.481,0,1,6
28-Oct-2025,55460.95,Call,47000,8690,0,17.481,0,367,5
28-Oct-2025,55460.95,Put,50800,22.2,18.13,17.481,1,5,5
28-Oct-2025,55460.95,Call,53800,2052.5,11.18,17.481,0,102,5
25-Nov-2025,55460.95,Put,57500,1786,12.39,17.481,-1,13,5
25-Nov-2025,55460.95,Call,59500,70,10.09,17.481,3,68,5
28-Oct-2025,55460.95,Put,62000,6224.65,24.79,17.481,-1,636,4
28-Oct-2025,55460.95,Call,52700,3182,15.91,17.481,0,9,4
25-Nov-2025,55460.95,Put,51500,78.1,14.9,17.481,3,93,4
25-Nov-2025,55460.95,Call,55900,964.45,9.3,17.481,1,19,4
25-Nov-2025,55460.95,Put,56300,1048.2,12.12,17.481,2,28,4
31-Mar-2026,55460.95,Call,58500,1121.8,8.05,17.481,3,71,4
28-Oct-2025,55460.95,Put,58500,2795.9,15.19,17.481,1,166,3
28-Oct-2025,55460.95,Put,58400,2625.1,12.02,17.481,0,12,3
28-Oct-2025,55460.95,Call,49000,6770.6,0,17.481,1,520,3
25-Nov-2025,55460.95,Call,53000,3138.5,0,17.481,1,63,3
28-Oct-2025,55460.95,Call,53400,2349.35,0,17.481,0,149,2
25-Nov-2025,55460.95,Put,56600,1242.95,12.54,17.481,1,14,2
25-Nov-2025,55460.95,Put,61000,4900,17.66,17.481,0,1,2
25-Nov-2025,55460.95,Put,56100,945.1,12.07,17.481,0,13,2
30-Dec-2025,55460.95,Call,56500,1077.2,8.58,17.481,0,13,2
25-Nov-2025,55460.95,Put,54600,429.9,12.62,17.481,0,29,2
31-Mar-2026,55460.95,Call,57000,1836,7.59,17.481,1,416,2
28-Oct-2025,55460.95,Call,48500,7200,0,17.481,0,19,1
28-Oct-2025,55460.95,Call,59300,52.55,14.59,17.481,0,0,1
28-Oct-2025,55460.95,Call,50500,5250,0,17.481,0,77,1
28-Oct-2025,55460.95,Call,51000,4675,0,17.481,0,1068,1
28-Oct-2025,55460.95,Call,51300,4339.45,0,17.481,0,11,1
28-Oct-2025,55460.95,Call,52500,3300.25,10.26,17.481,0,215,1
28-Oct-2025,55460.95,Call,50700,5007.75,0,17.481,0,7,1
25-Nov-2025,55460.95,Call,56300,792.5,9.71,17.481,0,23,1
25-Nov-2025,55460.95,Put,54100,290,12.3,17.481,0,45,1
25-Nov-2025,55460.95,Call,54900,1555.45,8.41,17.481,0,43,1
25-Nov-2025,55460.95,Call,54700,1730.85,8.76,17.481,0,39,1
25-Nov-2025,55460.95,Call,50000,6000,0,17.481,0,147,1
25-Nov-2025,55460.95,Put,49500,44.5,18.08,17.481,0,35,1
25-Nov-2025,55460.95,Call,55100,1446.1,8.98,17.481,0,4,1
30-Dec-2025,55460.95,Call,64500,129.15,16.8,17.481,0,1,1
30-Dec-2025,55460.95,Call,62500,209.25,15.3,0,0,0,1
28-Oct-2025,55460.95,Put,57300,0,0,17.481,0,45,0
28-Oct-2025,55460.95,Put,57900,0,0,17.481,0,17,0
28-Oct-2025,55460.95,Put,63500,0,0,17.481,0,211,0
28-Oct-2025,55460.95,Call,46000,0,0,17.481,0,17,0
28-Oct-2025,55460.95,Call,57900,0,0,17.481,0,0,0
28-Oct-2025,55460.95,Put,59900,0,0,17.481,0,11,0
28-Oct-2025,55460.95,Put,60300,0,0,17.481,0,6,0
28-Oct-2025,55460.95,Put,60200,0,0,17.481,0,6,0
28-Oct-2025,55460.95,Put,58900,0,0,17.481,0,29,0
28-Oct-2025,55460.95,Put,59700,0,0,17.481,0,6,0
28-Oct-2025,55460.95,Put,59600,0,0,17.481,0,8,0
28-Oct-2025,55460.95,Put,60700,0,0,17.481,0,4,0
28-Oct-2025,55460.95,Put,60500,0,0,17.481,0,17,0
28-Oct-2025,55460.95,Put,60900,0,0,17.481,0,3,0
28-Oct-2025,55460.95,Put,60600,0,0,17.481,0,6,0
28-Oct-2025,55460.95,Put,61500,0,0,17.481,0,4,0
28-Oct-2025,55460.95,Put,62500,0,0,17.481,0,1,0
28-Oct-2025,55460.95,Put,59800,0,0,17.481,0,6,0
28-Oct-2025,55460.95,Call,47500,0,0,17.481,0,1,0
28-Oct-2025,55460.95,Call,50100,0,0,17.481,0,45,0
28-Oct-2025,55460.95,Call,50200,0,0,17.481,0,3,0
28-Oct-2025,55460.95,Call,50300,0,0,17.481,0,5,0
28-Oct-2025,55460.95,Put,59400,0,0,17.481,0,8,0
28-Oct-2025,55460.95,Put,60400,0,0,17.481,0,6,0
28-Oct-2025,55460.95,Call,50400,0,0,17.481,0,4,0
28-Oct-2025,55460.95,Put,60800,0,0,17.481,0,3,0
28-Oct-2025,55460.95,Put,58600,0,0,17.481,0,15,0
28-Oct-2025,55460.95,Call,58800,0,0,17.481,0,0,0
28-Oct-2025,55460.95,Put,59100,0,0,17.481,0,8,0
28-Oct-2025,55460.95,Call,59200,0,0,17.481,0,0,0
28-Oct-2025,55460.95,Put,59300,0,0,17.481,0,8,0
28-Oct-2025,55460.95,Put,59200,0,0,17.481,0,10,0
28-Oct-2025,55460.95,Put,57400,0,0,17.481,0,22,0
28-Oct-2025,55460.95,Call,49500,0,0,17.481,0,8,0
28-Oct-2025,55460.95,Call,51100,0,0,17.481,0,6,0
28-Oct-2025,55460.95,Call,51200,0,0,17.481,0,10,0
28-Oct-2025,55460.95,Call,51400,0,0,17.481,0,12,0
28-Oct-2025,55460.95,Call,51500,0,0,17.481,0,40,0
28-Oct-2025,55460.95,Call,51600,0,0,17.481,0,18,0
28-Oct-2025,55460.95,Call,51700,0,0,17.481,0,18,0
28-Oct-2025,55460.95,Call,51800,0,0,17.481,0,20,0
28-Oct-2025,55460.95,Call,51900,0,0,17.481,0,14,0
28-Oct-2025,55460.95,Call,52100,0,0,17.481,0,12,0
28-Oct-2025,55460.95,Call,52200,0,0,17.481,0,10,0
28-Oct-2025,55460.95,Call,52300,0,0,17.481,0,14,0
28-Oct-2025,55460.95,Call,52400,0,0,17.481,0,9,0
28-Oct-2025,55460.95,Call,52600,0,0,17.481,0,13,0
28-Oct-2025,55460.95,Call,52800,0,0,17.481,0,15,0
28-Oct-2025,55460.95,Call,52900,0,0,17.481,0,46,0
28-Oct-2025,55460.95,Call,53100,0,0,17.481,0,8,0
28-Oct-2025,55460.95,Put,60100,0,0,17.481,0,9,0
28-Oct-2025,55460.95,Put,57600,0,0,17.481,0,20,0
28-Oct-2025,55460.95,Put,57700,0,0,17.481,0,19,0
28-Oct-2025,55460.95,Call,49600,0,0,17.481,0,0,0
28-Oct-2025,55460.95,Call,48700,0,0,17.481,0,0,0
28-Oct-2025,55460.95,Put,58700,0,0,17.481,0,9,0
28-Oct-2025,55460.95,Call,49900,0,0,17.481,0,1,0
28-Oct-2025,55460.95,Call,49800,0,0,17.481,0,1,0
28-Oct-2025,55460.95,Call,49700,0,0,17.481,0,1,0
28-Oct-2025,55460.95,Put,58100,0,0,17.481,0,16,0
28-Oct-2025,55460.95,Call,53300,0,0,17.481,0,17,0
28-Oct-2025,55460.95,Call,53200,0,0,17.481,0,17,0
25-Nov-2025,55460.95,Put,60300,0,0,17.481,0,1,0
25-Nov-2025,55460.95,Call,60300,0,0,17.481,0,0,0
25-Nov-2025,55460.95,Put,49100,0,0,17.481,0,0,0
25-Nov-2025,55460.95,Put,58700,0,0,17.481,0,2,0
25-Nov-2025,55460.95,Put,52800,0,0,17.481,0,0,0
25-Nov-2025,55460.95,Put,53900,0,0,17.481,0,0,0
25-Nov-2025,55460.95,Call,59900,0,0,17.481,0,0,0
25-Nov-2025,55460.95,Put,62000,0,0,17.481,0,1,0
28-Oct-2025,55460.95,Call,50900,0,0,17.481,0,6,0
28-Oct-2025,55460.95,Call,50800,0,0,17.481,0,6,0
28-Oct-2025,55460.95,Call,49400,0,0,17.481,0,0,0
28-Oct-2025,55460.95,Call,49300,0,0,17.481,0,0,0
28-Oct-2025,55460.95,Call,49200,0,0,17.481,0,0,0
28-Oct-2025,55460.95,Call,49100,0,0,17.481,0,0,0
28-Oct-2025,55460.95,Call,48900,0,0,17.481,0,0,0
28-Oct-2025,55460.95,Put,48800,0,0,17.481,0,62,0
28-Oct-2025,55460.95,Call,48800,0,0,17.481,0,2,0
28-Oct-2025,55460.95,Call,50600,0,0,17.481,0,5,0
28-Oct-2025,55460.95,Call,46500,0,0,17.481,0,36,0
28-Oct-2025,55460.95,Put,61000,0,0,17.481,0,580,0
28-Oct-2025,55460.95,Put,58800,0,0,17.481,0,10,0
28-Oct-2025,55460.95,Put,58300,0,0,17.481,0,9,0
28-Oct-2025,55460.95,Put,58200,0,0,17.481,0,23,0
28-Oct-2025,55460.95,Call,53900,0,0,17.481,0,186,0
25-Nov-2025,55460.95,Call,60400,0,0,17.481,0,0,0
25-Nov-2025,55460.95,Put,60200,0,0,17.481,0,1,0
25-Nov-2025,55460.95,Put,58400,0,0,17.481,0,5,0
25-Nov-2025,55460.95,Call,60200,0,0,17.481,0,0,0
25-Nov-2025,55460.95,Put,50600,0,0,17.481,0,0,0
25-Nov-2025,55460.95,Put,51000,0,0,17.481,0,0,0
25-Nov-2025,55460.95,Put,51100,0,0,17.481,0,0,0
25-Nov-2025,55460.95,Put,51800,0,0,17.481,0,0,0
25-Nov-2025,55460.95,Put,50700,0,0,17.481,0,0,0
25-Nov-2025,55460.95,Put,50400,0,0,17.481,0,0,0
25-Nov-2025,55460.95,Put,52900,0,0,17.481,0,0,0
25-Nov-2025,55460.95,Put,49800,0,0,17.481,0,0,0
25-Nov-2025,55460.95,Put,49300,0,0,17.481,0,0,0
25-Nov-2025,55460.95,Put,50500,0,0,17.481,0,0,0
25-Nov-2025,55460.95,Call,57900,0,0,17.481,0,0,0
25-Nov-2025,55460.95,Call,57600,0,0,17.481,0,0,0
25-Nov-2025,55460.95,Call,57800,0,0,17.481,0,0,0
25-Nov-2025,55460.95,Call,57700,0,0,17.481,0,0,0
25-Nov-2025,55460.95,Call,51600,0,0,17.481,0,0,0
25-Nov-2025,55460.95,Put,59100,0,0,17.481,0,2,0
25-Nov-2025,55460.95,Put,62500,0,0,17.481,0,0,0
25-Nov-2025,55460.95,Call,51900,0,0,17.481,0,0,0
25-Nov-2025,55460.95,Call,51700,0,0,17.481,0,0,0
25-Nov-2025,55460.95,Call,52100,0,0,17.481,0,5,0
25-Nov-2025,55460.95,Call,52400,0,0,17.481,0,0,0
25-Nov-2025,55460.95,Call,52300,0,0,17.481,0,0,0
25-Nov-2025,55460.95,Call,52200,0,0,17.481,0,0,0
25-Nov-2025,55460.95,Call,52500,0,0,17.481,0,5,0
25-Nov-2025,55460.95,Call,51800,0,0,17.481,0,0,0
25-Nov-2025,55460.95,Call,52700,0,0,17.481,0,0,0
25-Nov-2025,55460.95,Call,52600,0,0,17.481,0,1,0
25-Nov-2025,55460.95,Call,57200,0,0,17.481,0,0,0
25-Nov-2025,55460.95,Call,56800,0,0,17.481,0,0,0
25-Nov-2025,55460.95,Call,46500,0,0,17.481,0,0,0
25-Nov-2025,55460.95,Put,53400,0,0,17.481,0,0,0
25-Nov-2025,55460.95,Put,53300,0,0,17.481,0,0,0
25-Nov-2025,55460.95,Call,59400,0,0,17.481,0,0,0
25-Nov-2025,55460.95,Call,59300,0,0,17.481,0,0,0
25-Nov-2025,55460.95,Call,60100,0,0,17.481,0,0,0
25-Nov-2025,55460.95,Put,59000,0,0,17.481,0,2,0
25-Nov-2025,55460.95,Put,50300,0,0,17.481,0,0,0
25-Nov-2025,55460.95,Put,49600,0,0,17.481,0,0,0
25-Nov-2025,55460.95,Call,56100,0,0,17.481,0,23,0
25-Nov-2025,55460.95,Put,59200,0,0,17.481,0,1,0
25-Nov-2025,55460.95,Call,59200,0,0,17.481,0,0,0
25-Nov-2025,55460.95,Put,50900,0,0,17.481,0,1,0
25-Nov-2025,55460.95,Call,58200,0,0,17.481,0,0,0
25-Nov-2025,55460.95,Call,58100,0,0,17.481,0,0,0
25-Nov-2025,55460.95,Put,57800,0,0,17.481,0,6,0
25-Nov-2025,55460.95,Put,57400,0,0,17.481,0,4,0
25-Nov-2025,55460.95,Put,57300,0,0,17.481,0,2,0
25-Nov-2025,55460.95,Put,57200,0,0,17.481,0,3,0
25-Nov-2025,55460.95,Put,56900,0,0,17.481,0,8,0
25-Nov-2025,55460.95,Put,56800,0,0,17.481,0,5,0
25-Nov-2025,55460.95,Put,59900,0,0,17.481,0,2,0
25-Nov-2025,55460.95,Call,58900,0,0,17.481,0,0,0
25-Nov-2025,55460.95,Put,60100,0,0,17.481,0,1,0
25-Nov-2025,55460.95,Put,60700,0,0,17.481,0,4,0
25-Nov-2025,55460.95,Call,60700,0,0,17.481,0,0,0
25-Nov-2025,55460.95,Put,59500,0,0,17.481,0,7,0
25-Nov-2025,55460.95,Call,46000,0,0,17.481,0,0,0
25-Nov-2025,55460.95,Call,48700,0,0,17.481,0,0,0
25-Nov-2025,55460.95,Put,60600,0,0,17.481,0,1,0
25-Nov-2025,55460.95,Call,60600,0,0,17.481,0,0,0
25-Nov-2025,55460.95,Call,54100,0,0,17.481,0,3,0
25-Nov-2025,55460.95,Put,53800,0,0,17.481,0,0,0
25-Nov-2025,55460.95,Put,53100,0,0,17.481,0,0,0
25-Nov-2025,55460.95,Put,46500,0,0,17.481,0,9,0
25-Nov-2025,55460.95,Put,59800,0,0,17.481,0,2,0
25-Nov-2025,55460.95,Put,58500,0,0,17.481,0,3,0
25-Nov-2025,55460.95,Put,59400,0,0,17.481,0,2,0
25-Nov-2025,55460.95,Put,59300,0,0,17.481,0,3,0
25-Nov-2025,55460.95,Call,62500,0,0,17.481,0,1,0
25-Nov-2025,55460.95,Call,58800,0,0,17.481,0,0,0
25-Nov-2025,55460.95,Call,58600,0,0,17.481,0,1,0
25-Nov-2025,55460.95,Call,58400,0,0,17.481,0,0,0
25-Nov-2025,55460.95,Call,58300,0,0,17.481,0,0,0
25-Nov-2025,55460.95,Put,57700,0,0,17.481,0,8,0
25-Nov-2025,55460.95,Put,58600,0,0,17.481,0,2,0
25-Nov-2025,55460.95,Put,51700,0,0,17.481,0,0,0
25-Nov-2025,55460.95,Put,49400,0,0,17.481,0,4,0
25-Nov-2025,55460.95,Put,50200,0,0,17.481,0,0,0
25-Nov-2025,55460.95,Put,50100,0,0,17.481,0,0,0
25-Nov-2025,55460.95,Put,48900,0,0,17.481,0,0,0
25-Nov-2025,55460.95,Put,48700,0,0,17.481,0,0,0
25-Nov-2025,55460.95,Put,61500,0,0,17.481,0,1,0
25-Nov-2025,55460.95,Put,60000,0,0,17.481,0,53,0
25-Nov-2025,55460.95,Call,53200,0,0,17.481,0,0,0
25-Nov-2025,55460.95,Put,53700,0,0,17.481,0,0,0
25-Nov-2025,55460.95,Put,53600,0,0,17.481,0,0,0
25-Nov-2025,55460.95,Call,56900,0,0,17.481,0,0,0
25-Nov-2025,55460.95,Call,52900,0,0,17.481,0,0,0
25-Nov-2025,55460.95,Call,52800,0,0,17.481,0,0,0
25-Nov-2025,55460.95,Call,57400,0,0,17.481,0,0,0
25-Nov-2025,55460.95,Put,59700,0,0,17.481,0,2,0
25-Nov-2025,55460.95,Put,59600,0,0,17.481,0,2,0
25-Nov-2025,55460.95,Put,55600,0,0,17.481,0,6,0
25-Nov-2025,55460.95,Put,49700,0,0,17.481,0,0,0
25-Nov-2025,55460.95,Put,60500,0,0,17.481,0,1,0
25-Nov-2025,55460.95,Put,57600,0,0,17.481,0,6,0
25-Nov-2025,55460.95,Put,55300,0,0,17.481,0,0,0
25-Nov-2025,55460.95,Put,54800,0,0,17.481,0,1,0
25-Nov-2025,55460.95,Put,52400,0,0,17.481,0,0,0
25-Nov-2025,55460.95,Put,52100,0,0,17.481,0,0,0
25-Nov-2025,55460.95,Put,51900,0,0,17.481,0,0,0
25-Nov-2025,55460.95,Put,51300,0,0,17.481,0,0,0
25-Nov-2025,55460.95,Put,49900,0,0,17.481,0,0,0
25-Nov-2025,55460.95,Put,58800,0,0,17.481,0,3,0
25-Nov-2025,55460.95,Put,58100,0,0,17.481,0,2,0
25-Nov-2025,55460.95,Put,57900,0,0,17.481,0,9,0
25-Nov-2025,55460.95,Put,51600,0,0,17.481,0,0,0
25-Nov-2025,55460.95,Put,58900,0,0,17.481,0,2,0
25-Nov-2025,55460.95,Put,50800,0,0,17.481,0,0,0
25-Nov-2025,55460.95,Put,48800,0,0,17.481,0,0,0
25-Nov-2025,55460.95,Call,61500,0,0,17.481,0,3,0
25-Nov-2025,55460.95,Call,61000,0,0,17.481,0,0,0
25-Nov-2025,55460.95,Call,60500,0,0,17.481,0,0,0
25-Nov-2025,55460.95,Call,58500,0,0,17.481,0,0,0
25-Nov-2025,55460.95,Call,54600,0,0,17.481,0,18,0
25-Nov-2025,55460.95,Put,54300,0,0,17.481,0,0,0
25-Nov-2025,55460.95,Call,54300,0,0,17.481,0,3,0
25-Nov-2025,55460.95,Put,54200,0,0,17.481,0,0,0
25-Nov-2025,55460.95,Put,58300,0,0,17.481,0,2,0
25-Nov-2025,55460.95,Call,59800,0,0,17.481,0,0,0
25-Nov-2025,55460.95,Call,59700,0,0,17.481,0,0,0
25-Nov-2025,55460.95,Call,47500,0,0,17.481,0,0,0
25-Nov-2025,55460.95,Call,47000,0,0,17.481,0,0,0
25-Nov-2025,55460.95,Call,49900,0,0,17.481,0,1,0
25-Nov-2025,55460.95,Call,49800,0,0,17.481,0,0,0
25-Nov-2025,55460.95,Call,49700,0,0,17.481,0,0,0
25-Nov-2025,55460.95,Call,49600,0,0,17.481,0,0,0
25-Nov-2025,55460.95,Call,49500,0,0,17.481,0,0,0
25-Nov-2025,55460.95,Call,49400,0,0,17.481,0,0,0
25-Nov-2025,55460.95,Call,49300,0,0,17.481,0,0,0
25-Nov-2025,55460.95,Call,49200,0,0,17.481,0,0,0
25-Nov-2025,55460.95,Call,49100,0,0,17.481,0,0,0
25-Nov-2025,55460.95,Call,49000,0,0,17.481,0,0,0
25-Nov-2025,55460.95,Call,48900,0,0,17.481,0,0,0
25-Nov-2025,55460.95,Call,48800,0,0,17.481,0,0,0
25-Nov-2025,55460.95,Call,48500,0,0,17.481,0,0,0
25-Nov-2025,55460.95,Call,48000,0,0,17.481,0,80,0
25-Nov-2025,55460.95,Put,58200,0,0,17.481,0,2,0
25-Nov-2025,55460.95,Put,49200,0,0,17.481,0,0,0
25-Nov-2025,55460.95,Call,59100,0,0,17.481,0,0,0
25-Nov-2025,55460.95,Put,63000,0,0,17.481,0,0,0
25-Nov-2025,55460.95,Put,60400,0,0,17.481,0,1,0
25-Nov-2025,55460.95,Put,55100,0,0,17.481,0,0,0
25-Nov-2025,55460.95,Put,52300,0,0,17.481,0,0,0
25-Nov-2025,55460.95,Put,52200,0,0,17.481,0,0,0
25-Nov-2025,55460.95,Put,51400,0,0,17.481,0,0,0
25-Nov-2025,55460.95,Put,54900,0,0,17.481,0,0,0
25-Nov-2025,55460.95,Put,52600,0,0,17.481,0,0,0
25-Nov-2025,55460.95,Put,51200,0,0,17.481,0,0,0
25-Nov-2025,55460.95,Call,57300,0,0,17.481,0,0,0
25-Nov-2025,55460.95,Put,52700,0,0,17.481,0,0,0
25-Nov-2025,55460.95,Call,59600,0,0,17.481,0,0,0
25-Nov-2025,55460.95,Call,51400,0,0,17.481,0,0,0
25-Nov-2025,55460.95,Call,51500,0,0,17.481,0,5,0
25-Nov-2025,55460.95,Call,53300,0,0,17.481,0,1,0
25-Nov-2025,55460.95,Call,53600,0,0,17.481,0,2,0
25-Nov-2025,55460.95,Call,53700,0,0,17.481,0,1,0
25-Nov-2025,55460.95,Call,53400,0,0,17.481,0,1,0
25-Nov-2025,55460.95,Call,53900,0,0,17.481,0,2,0
25-Nov-2025,55460.95,Put,53200,0,0,17.481,0,0,0
25-Nov-2025,55460.95,Call,53800,0,0,17.481,0,11,0
25-Nov-2025,55460.95,Call,54200,0,0,17.481,0,3,0
25-Nov-2025,55460.95,Call,54400,0,0,17.481,0,2,0
25-Nov-2025,55460.95,Put,54400,0,0,17.481,0,0,0
25-Nov-2025,55460.95,Call,54800,0,0,17.481,0,46,0
30-Dec-2025,55460.95,Call,51700,0,0,17.481,0,0,0
30-Dec-2025,55460.95,Call,51600,0,0,17.481,0,0,0
30-Dec-2025,55460.95,Put,51500,0,0,17.481,0,0,0
30-Dec-2025,55460.95,Call,51300,0,0,17.481,0,0,0
30-Dec-2025,55460.95,Call,50800,0,0,17.481,0,0,0
30-Dec-2025,55460.95,Call,50700,0,0,17.481,0,0,0
30-Dec-2025,55460.95,Call,50400,0,0,17.481,0,0,0
30-Dec-2025,55460.95,Put,50000,0,0,17.481,0,0,0
30-Dec-2025,55460.95,Call,50000,0,0,17.481,0,0,0
30-Dec-2025,55460.95,Call,49900,0,0,17.481,0,0,0
30-Dec-2025,55460.95,Call,49700,0,0,17.481,0,0,0
30-Dec-2025,55460.95,Call,49600,0,0,17.481,0,0,0
30-Dec-2025,55460.95,Put,47000,0,0,17.481,0,1,0
30-Dec-2025,55460.95,Call,58100,0,0,17.481,0,0,0
30-Dec-2025,55460.95,Call,58000,0,0,17.481,0,0,0
30-Dec-2025,55460.95,Call,57900,0,0,17.481,0,0,0
30-Dec-2025,55460.95,Call,57800,0,0,17.481,0,0,0
30-Dec-2025,55460.95,Call,57600,0,0,17.481,0,0,0
30-Dec-2025,55460.95,Call,57500,0,0,17.481,0,0,0
30-Dec-2025,55460.95,Put,53100,0,0,17.481,0,0,0
30-Dec-2025,55460.95,Put,49900,0,0,0,0,0,0
30-Dec-2025,55460.95,Put,49800,0,0,0,0,0,0
30-Dec-2025,55460.95,Call,61500,0,0,17.481,0,0,0
30-Dec-2025,55460.95,Put,53500,0,0,17.481,0,0,0
30-Dec-2025,55460.95,Put,52000,0,0,17.481,0,0,0
30-Dec-2025,55460.95,Put,51800,0,0,17.481,0,0,0
30-Dec-2025,55460.95,Put,51700,0,0,17.481,0,0,0
30-Dec-2025,55460.95,Put,51400,0,0,17.481,0,0,0
30-Dec-2025,55460.95,Put,51300,0,0,17.481,0,0,0
30-Dec-2025,55460.95,Put,50900,0,0,17.481,0,0,0
30-Dec-2025,55460.95,Put,50800,0,0,17.481,0,0,0
30-Dec-2025,55460.95,Put,50300,0,0,17.481,0,0,0
30-Dec-2025,55460.95,Put,50200,0,0,17.481,0,0,0
30-Dec-2025,55460.95,Put,56200,0,0,17.481,0,0,0
30-Dec-2025,55460.95,Put,56100,0,0,17.481,0,0,0
30-Dec-2025,55460.95,Put,52800,0,0,17.481,0,0,0
30-Dec-2025,55460.95,Put,52700,0,0,17.481,0,0,0
30-Dec-2025,55460.95,Put,52600,0,0,17.481,0,0,0
30-Dec-2025,55460.95,Call,46500,0,0,17.481,0,0,0
30-Dec-2025,55460.95,Put,48500,0,0,17.481,0,0,0
30-Dec-2025,55460.95,Put,47500,0,0,17.481,0,0,0
30-Dec-2025,55460.95,Call,57400,0,0,17.481,0,0,0
30-Dec-2025,55460.95,Call,56800,0,0,17.481,0,0,0
30-Dec-2025,55460.95,Call,56700,0,0,17.481,0,0,0
30-Dec-2025,55460.95,Call,56300,0,0,17.481,0,0,0
30-Dec-2025,55460.95,Call,55900,0,0,17.481,0,0,0
30-Dec-2025,55460.95,Call,63000,0,0,17.481,0,0,0
30-Dec-2025,55460.95,Put,55900,0,0,17.481,0,0,0
30-Dec-2025,55460.95,Put,51900,0,0,17.481,0,0,0
30-Dec-2025,55460.95,Put,53000,0,0,17.481,0,0,0
30-Dec-2025,55460.95,Put,53200,0,0,17.481,0,0,0
30-Dec-2025,55460.95,Put,60000,0,0,17.481,0,0,0
30-Dec-2025,55460.95,Put,52300,0,0,0,0,0,0
30-Dec-2025,55460.95,Put,52200,0,0,0,0,0,0
30-Dec-2025,55460.95,Put,49000,0,0,17.481,0,1,0
30-Dec-2025,55460.95,Call,52500,0,0,17.481,0,0,0
30-Dec-2025,55460.95,Put,64500,0,0,17.481,0,0,0
25-Nov-2025,55460.95,Put,57100,0,0,17.481,0,3,0
25-Nov-2025,55460.95,Call,53100,0,0,17.481,0,0,0
25-Nov-2025,55460.95,Call,50200,0,0,17.481,0,1,0
25-Nov-2025,55460.95,Call,50100,0,0,17.481,0,0,0
25-Nov-2025,55460.95,Call,51300,0,0,17.481,0,0,0
25-Nov-2025,55460.95,Call,51200,0,0,17.481,0,0,0
25-Nov-2025,55460.95,Call,51100,0,0,17.481,0,1,0
25-Nov-2025,55460.95,Call,51000,0,0,17.481,0,8,0
25-Nov-2025,55460.95,Call,50900,0,0,17.481,0,1,0
25-Nov-2025,55460.95,Call,50800,0,0,17.481,0,1,0
25-Nov-2025,55460.95,Call,50700,0,0,17.481,0,2,0
25-Nov-2025,55460.95,Call,50600,0,0,17.481,0,1,0
25-Nov-2025,55460.95,Call,50500,0,0,17.481,0,5,0
25-Nov-2025,55460.95,Call,50400,0,0,17.481,0,1,0
25-Nov-2025,55460.95,Call,50300,0,0,17.481,0,2,0
30-Dec-2025,55460.95,Call,51200,0,0,17.481,0,0,0
30-Dec-2025,55460.95,Call,51100,0,0,17.481,0,0,0
30-Dec-2025,55460.95,Call,50900,0,0,17.481,0,0,0
30-Dec-2025,55460.95,Put,52400,0,0,0,0,0,0
30-Dec-2025,55460.95,Put,53400,0,0,17.481,0,0,0
30-Dec-2025,55460.95,Put,46500,0,0,17.481,0,0,0
30-Dec-2025,55460.95,Put,56600,0,0,17.481,0,0,0
30-Dec-2025,55460.95,Call,49500,0,0,17.481,0,0,0
30-Dec-2025,55460.95,Call,48000,0,0,17.481,0,0,0
30-Dec-2025,55460.95,Call,61000,0,0,17.481,0,0,0
30-Dec-2025,55460.95,Call,60500,0,0,17.481,0,0,0
30-Dec-2025,55460.95,Call,57700,0,0,17.481,0,0,0
30-Dec-2025,55460.95,Call,57300,0,0,17.481,0,0,0
30-Dec-2025,55460.95,Call,57200,0,0,17.481,0,0,0
30-Dec-2025,55460.95,Call,57100,0,0,17.481,0,0,0
30-Dec-2025,55460.95,Call,56900,0,0,17.481,0,0,0
30-Dec-2025,55460.95,Call,56600,0,0,17.481,0,0,0
30-Dec-2025,55460.95,Call,56200,0,0,17.481,0,0,0
30-Dec-2025,55460.95,Call,56100,0,0,17.481,0,0,0
30-Dec-2025,55460.95,Call,55800,0,0,17.481,0,0,0
30-Dec-2025,55460.95,Call,55700,0,0,17.481,0,0,0
30-Dec-2025,55460.95,Put,55400,0,0,17.481,0,0,0
30-Dec-2025,55460.95,Call,55400,0,0,17.481,0,0,0
30-Dec-2025,55460.95,Put,55300,0,0,17.481,0,0,0
30-Dec-2025,55460.95,Put,55200,0,0,17.481,0,0,0
30-Dec-2025,55460.95,Put,55100,0,0,17.481,0,0,0
30-Dec-2025,55460.95,Put,55000,0,0,17.481,0,0,0
30-Dec-2025,55460.95,Put,43500,0,0,17.481,0,37.8571428571,0
30-Dec-2025,55460.95,Call,51000,0,0,17.481,0,131.142857143,0
30-Dec-2025,55460.95,Put,59500,0,0,17.481,0,0,0
30-Dec-2025,55460.95,Put,59300,0,0,17.481,0,0,0
30-Dec-2025,55460.95,Put,58300,0,0,17.481,0,0,0
30-Dec-2025,55460.95,Put,55600,0,0,17.481,0,0,0
30-Dec-2025,55460.95,Call,55600,0,0,17.481,0,0,0
30-Dec-2025,55460.95,Call,55300,0,0,17.481,0,0,0
30-Dec-2025,55460.95,Call,55200,0,0,17.481,0,0,0
30-Dec-2025,55460.95,Call,55100,0,0,17.481,0,0,0
30-Dec-2025,55460.95,Call,54800,0,0,17.481,0,0,0
30-Dec-2025,55460.95,Call,54700,0,0,17.481,0,0,0
30-Dec-2025,55460.95,Call,54500,0,0,17.481,0,0,0
30-Dec-2025,55460.95,Call,54400,0,0,17.481,0,0,0
30-Dec-2025,55460.95,Call,54300,0,0,17.481,0,0,0
30-Dec-2025,55460.95,Call,54200,0,0,17.481,0,0,0
30-Dec-2025,55460.95,Call,53900,0,0,17.481,0,0,0
30-Dec-2025,55460.95,Call,53800,0,0,17.481,0,0,0
30-Dec-2025,55460.95,Call,53700,0,0,17.481,0,0,0
30-Dec-2025,55460.95,Call,53600,0,0,17.481,0,0,0
30-Dec-2025,55460.95,Call,53500,0,0,17.481,0,0,0
30-Dec-2025,55460.95,Call,53200,0,0,17.481,0,0,0
30-Dec-2025,55460.95,Call,53100,0,0,17.481,0,0,0
30-Dec-2025,55460.95,Call,53000,0,0,17.481,0,0,0
30-Dec-2025,55460.95,Call,52700,0,0,17.481,0,0,0
30-Dec-2025,55460.95,Call,52400,0,0,17.481,0,0,0
30-Dec-2025,55460.95,Call,52300,0,0,17.481,0,0,0
30-Dec-2025,55460.95,Call,52200,0,0,17.481,0,0,0
30-Dec-2025,55460.95,Call,62000,0,0,17.481,0,0,0
30-Dec-2025,55460.95,Call,59600,0,0,17.481,0,0,0
30-Dec-2025,55460.95,Call,59500,0,0,17.481,0,0,0
30-Dec-2025,55460.95,Call,59400,0,0,17.481,0,0,0
30-Dec-2025,55460.95,Call,59300,0,0,17.481,0,0,0
30-Dec-2025,55460.95,Call,59200,0,0,17.481,0,0,0
30-Dec-2025,55460.95,Call,59100,0,0,17.481,0,0,0
30-Dec-2025,55460.95,Call,59000,0,0,17.481,0,0,0
30-Dec-2025,55460.95,Call,58900,0,0,17.481,0,0,0
30-Dec-2025,55460.95,Call,58800,0,0,17.481,0,0,0
30-Dec-2025,55460.95,Call,58700,0,0,17.481,0,0,0
30-Dec-2025,55460.95,Call,58600,0,0,17.481,0,0,0
30-Dec-2025,55460.95,Call,58400,0,0,17.481,0,0,0
30-Dec-2025,55460.95,Call,58200,0,0,17.481,0,0,0
30-Dec-2025,55460.95,Call,58300,0,0,17.481,0,0,0
30-Dec-2025,55460.95,Call,52000,0,0,17.481,0,0,0
30-Dec-2025,55460.95,Call,51800,0,0,17.481,0,0,0
30-Dec-2025,55460.95,Call,52100,0,0,17.481,0,0,0
30-Dec-2025,55460.95,Call,51900,0,0,17.481,0,0,0
30-Dec-2025,55460.95,Call,52900,0,0,17.481,0,0,0
30-Dec-2025,55460.95,Call,51500,0,0,17.481,0,0,0
30-Dec-2025,55460.95,Put,53800,0,0,17.481,0,0,0
30-Dec-2025,55460.95,Put,53600,0,0,17.481,0,0,0
30-Dec-2025,55460.95,Put,53900,0,0,17.481,0,0,0
30-Dec-2025,55460.95,Call,53400,0,0,17.481,0,0,0
30-Dec-2025,55460.95,Call,54600,0,0,17.481,0,0,0
30-Dec-2025,55460.95,Call,52600,0,0,17.481,0,0,0
30-Dec-2025,55460.95,Put,54400,0,0,17.481,0,0,0
30-Dec-2025,55460.95,Call,52800,0,0,17.481,0,0,0
30-Dec-2025,55460.95,Call,47500,0,0,17.481,0,0,0
30-Dec-2025,55460.95,Put,49500,0,0,17.481,0,0,0
30-Dec-2025,55460.95,Put,54300,0,0,17.481,0,0,0
30-Dec-2025,55460.95,Call,47000,0,0,17.481,0,0,0
30-Dec-2025,55460.95,Call,51400,0,0,17.481,0,0,0
30-Dec-2025,55460.95,Call,54100,0,0,17.481,0,0,0
30-Dec-2025,55460.95,Put,53700,0,0,17.481,0,0,0
30-Dec-2025,55460.95,Call,49800,0,0,17.481,0,0,0
30-Dec-2025,55460.95,Call,53300,0,0,17.481,0,0,0
30-Dec-2025,55460.95,Call,49000,0,0,17.481,0,0,0
30-Dec-2025,55460.95,Put,54200,0,0,17.481,0,0,0
30-Dec-2025,55460.95,Call,50100,0,0,17.481,0,0,0
30-Dec-2025,55460.95,Call,48500,0,0,17.481,0,0,0
30-Dec-2025,55460.95,Call,50200,0,0,17.481,0,0,0
30-Dec-2025,55460.95,Call,50300,0,0,17.481,0,0,0
30-Dec-2025,55460.95,Call,50500,0,0,17.481,0,0,0
30-Dec-2025,55460.95,Put,50500,0,0,17.481,0,0,0
30-Dec-2025,55460.95,Put,54600,0,0,17.481,0,0,0
30-Dec-2025,55460.95,Put,54800,0,0,17.481,0,0,0
30-Dec-2025,55460.95,Call,50600,0,0,17.481,0,0,0
30-Dec-2025,55460.95,Put,54900,0,0,17.481,0,0,0
30-Jun-2026,55460.95,Call,60000,0,0,17.481,0,0,0
30-Jun-2026,55460.95,Call,58500,0,0,17.481,0,0,0
31-Mar-2026,55460.95,Put,54000,0,0,17.481,0,0,0
31-Mar-2026,55460.95,Put,55500,0,0,17.481,0,0,0
31-Mar-2026,55460.95,Put,60000,0,0,17.481,0,6,0
31-Mar-2026,55460.95,Call,63000,0,0,17.481,0,0,0
31-Mar-2026,55460.95,Put,49500,0,0,17.481,0,0,0
31-Mar-2026,55460.95,Call,61500,0,0,17.481,0,0,0
31-Mar-2026,55460.95,Call,64500,0,0,17.481,0,0,0
31-Mar-2026,55460.95,Put,46500,0,0,17.481,0,0,0
31-Mar-2026,55460.95,Put,48000,0,0,17.481,0,0,0
31-Mar-2026,55460.95,Put,51000,0,0,17.481,0,0,0
31-Mar-2026,55460.95,Put,52500,0,0,17.481,0,0,0
30-Dec-2025,55460.95,Put,57900,0,0,17.481,0,0,0
30-Dec-2025,55460.95,Put,57800,0,0,17.481,0,0,0
30-Dec-2025,55460.95,Put,50700,0,0,0,0,0,0
30-Dec-2025,55460.95,Call,60100,0,0,0,0,0,0
30-Dec-2025,55460.95,Put,59900,0,0,0,0,0,0
30-Dec-2025,55460.95,Call,59900,0,0,0,0,0,0
30-Dec-2025,55460.95,Put,59800,0,0,0,0,0,0
30-Dec-2025,55460.95,Call,59800,0,0,0,0,0,0
30-Dec-2025,55460.95,Put,59700,0,0,0,0,0,0
30-Dec-2025,55460.95,Call,59700,0,0,0,0,0,0
30-Dec-2025,55460.95,Put,56900,0,0,0,0,0,0
30-Dec-2025,55460.95,Put,51600,0,0,0,0,0,0
30-Dec-2025,55460.95,Put,51200,0,0,0,0,0,0
30-Dec-2025,55460.95,Put,51100,0,0,0,0,0,0
30-Dec-2025,55460.95,Put,50400,0,0,0,0,0,0
30-Dec-2025,55460.95,Put,50100,0,0,0,0,0,0
30-Dec-2025,55460.95,Put,49700,0,0,0,0,0,0
30-Dec-2025,55460.95,Put,49600,0,0,0,0,0,0
30-Dec-2025,55460.95,Put,60300,0,0,0,0,0,0
30-Dec-2025,55460.95,Call,60300,0,0,0,0,0,0
30-Dec-2025,55460.95,Put,60200,0,0,0,0,0,0
30-Dec-2025,55460.95,Call,60200,0,0,0,0,0,0
30-Dec-2025,55460.95,Put,60100,0,0,0,0,0,0
30-Dec-2025,55460.95,Put,56700,0,0,17.481,0,0,0
30-Dec-2025,55460.95,Put,54100,0,0,17.481,0,0,0
30-Dec-2025,55460.95,Put,62500,0,0,0,0,0,0
30-Dec-2025,55460.95,Put,54500,0,0,17.481,0,0,0
30-Dec-2025,55460.95,Put,59200,0,0,17.481,0,0,0
30-Dec-2025,55460.95,Put,63000,0,0,17.481,0,0,0
30-Dec-2025,55460.95,Put,61500,0,0,17.481,0,0,0
30-Dec-2025,55460.95,Put,62000,0,0,17.481,0,0,0
30-Dec-2025,55460.95,Put,61000,0,0,17.481,0,0,0
30-Dec-2025,55460.95,Put,60500,0,0,17.481,0,0,0
30-Dec-2025,55460.95,Put,59600,0,0,17.481,0,0,0
30-Dec-2025,55460.95,Put,58900,0,0,17.481,0,0,0
30-Dec-2025,55460.95,Put,58800,0,0,17.481,0,0,0
30-Dec-2025,55460.95,Put,58700,0,0,17.481,0,0,0
30-Dec-2025,55460.95,Put,58600,0,0,17.481,0,0,0
30-Dec-2025,55460.95,Put,58200,0,0,17.481,0,0,0
30-Dec-2025,55460.95,Put,58100,0,0,17.481,0,0,0
30-Dec-2025,55460.95,Put,57700,0,0,17.481,0,0,0
30-Dec-2025,55460.95,Put,57600,0,0,17.481,0,0,0
30-Dec-2025,55460.95,Put,57500,0,0,17.481,0,0,0
30-Dec-2025,55460.95,Put,57400,0,0,17.481,0,0,0
30-Dec-2025,55460.95,Put,52100,0,0,17.481,0,0,0
30-Dec-2025,55460.95,Put,54700,0,0,0,0,0,0
30-Dec-2025,55460.95,Put,58000,0,0,17.481,0,0,0
30-Dec-2025,55460.95,Put,56800,0,0,17.481,0,0,0
30-Dec-2025,55460.95,Put,55800,0,0,17.481,0,0,0
30-Dec-2025,55460.95,Put,55700,0,0,17.481,0,0,0
30-Dec-2025,55460.95,Put,53300,0,0,17.481,0,0,0
30-Dec-2025,55460.95,Put,59000,0,0,17.481,0,0,0
30-Dec-2025,55460.95,Put,52900,0,0,17.481,0,0,0
30-Dec-2025,55460.95,Put,59400,0,0,17.481,0,0,0
30-Dec-2025,55460.95,Put,59100,0,0,17.481,0,0,0
30-Dec-2025,55460.95,Put,57300,0,0,17.481,0,0,0
30-Dec-2025,55460.95,Put,57200,0,0,17.481,0,0,0
30-Dec-2025,55460.95,Put,57100,0,0,17.481,0,0,0
30-Dec-2025,55460.95,Put,56500,0,0,17.481,0,0,0
30-Dec-2025,55460.95,Put,56400,0,0,17.481,0,0,0
30-Dec-2025,55460.95,Put,56300,0,0,17.481,0,0,0
30-Dec-2025,55460.95,Call,54900,0,0,17.481,0,0,0
30-Jun-2026,55460.95,Put,48000,0,0,17.481,0,0,0
30-Jun-2026,55460.95,Call,64500,0,0,17.481,0,0,0
30-Jun-2026,55460.95,Put,46500,0,0,17.481,0,0,0
30-Jun-2026,55460.95,Put,58500,0,0,17.481,0,0,0
30-Jun-2026,55460.95,Put,51000,0,0,17.481,0,0,0
30-Jun-2026,55460.95,Put,55500,0,0,17.481,0,0,0
30-Jun-2026,55460.95,Put,54000,0,0,17.481,0,0,0
30-Jun-2026,55460.95,Put,57000,0,0,17.481,0,0,0
30-Jun-2026,55460.95,Put,52500,0,0,17.481,0,0,0
29-Sep-2026,55460.95,Call,61500,0,0,0,0,0,0
30-Jun-2026,55460.95,Put,49500,0,0,17.481,0,0,0
30-Jun-2026,55460.95,Call,61500,0,0,17.481,0,0,0
30-Jun-2026,55460.95,Call,63000,0,0,17.481,0,0,0
29-Sep-2026,55460.95,Call,60000,0,0,0,0,0,0
