28-Oct-2025,1221,Call,1220,35.3,23.97,38.9125,165,1221,1052
28-Oct-2025,1221,-,0,1220.8,0,38.9125,66,20220,669
28-Oct-2025,1221,Call,1240,25.5,24.22,38.9125,21,336,250
28-Oct-2025,1221,Call,1300,9.15,25.3,38.9125,13,694,242
28-Oct-2025,1221,Call,1200,46.45,23.7,38.9125,49,552,151
28-Oct-2025,1221,Put,1200,24.15,29.1,38.9125,21,602,118
28-Oct-2025,1221,Put,1220,31.85,29.27,38.9125,-1,418,93
28-Oct-2025,1221,Call,1260,18.55,24.2,38.9125,16,312,79
28-Oct-2025,1221,Put,1100,4.1,31.92,38.9125,-14,315,71
25-Nov-2025,1221,-,0,1222,0,38.9125,-2,361,54
28-Oct-2025,1221,Call,1340,5.05,26.95,38.9125,0,145,40
28-Oct-2025,1221,Call,1280,13,24.98,38.9125,8,153,39
28-Oct-2025,1221,Put,1180,16.4,28.7,38.9125,9,202,35
28-Oct-2025,1221,Put,1140,8.6,30.04,38.9125,-9,112,31
28-Oct-2025,1221,Put,1120,5.5,30.73,38.9125,3,55,17
28-Oct-2025,1221,Put,1160,12,29.66,38.9125,-3,191,15
25-Nov-2025,1221,Call,1300,26.45,26.46,38.9125,3,3,4
28-Oct-2025,1221,Put,1360,133.5,31.21,38.9125,1,11,2
25-Nov-2025,1221,Call,1220,57.65,25.34,38.9125,1,19,2
30-Dec-2025,1221,-,0,1229.7,0,38.9125,0,8,1
28-Oct-2025,1221,Call,1360,3.5,27.44,38.9125,0,26,1
28-Oct-2025,1221,Call,1440,3.25,38.02,38.9125,0,6,1
28-Oct-2025,1221,Put,1020,1.65,39.92,38.9125,0,12,1
28-Oct-2025,1221,Call,1480,0.75,33.41,38.9125,0,9,1
28-Oct-2025,1221,Put,1060,2.3,35.26,38.9125,0,37,1
28-Oct-2025,1221,Call,1140,95,24.67,38.9125,0,16,1
28-Oct-2025,1221,Put,920,0,0,38.9125,0,11,0
28-Oct-2025,1221,Put,1080,0,0,38.9125,0,71,0
28-Oct-2025,1221,Call,1160,0,0,38.9125,0,34,0
28-Oct-2025,1221,Call,1400,0,0,38.9125,0,125,0
28-Oct-2025,1221,Put,1400,0,0,38.9125,0,36,0
28-Oct-2025,1221,Put,1300,0,0,38.9125,0,333,0
28-Oct-2025,1221,Put,1340,0,0,38.9125,0,7,0
28-Oct-2025,1221,Call,1100,0,0,38.9125,0,8,0
28-Oct-2025,1221,Put,960,0,0,38.9125,0,41,0
28-Oct-2025,1221,Put,1000,0,0,38.9125,0,79,0
28-Oct-2025,1221,Call,1000,0,0,38.9125,0,0,0
28-Oct-2025,1221,Call,1040,0,0,38.9125,0,0,0
28-Oct-2025,1221,Put,1280,0,0,38.9125,0,72,0
28-Oct-2025,1221,Call,1080,0,0,38.9125,0,0,0
28-Oct-2025,1221,Put,1480,0,0,38.9125,0,7,0
28-Oct-2025,1221,Put,1040,0,0,38.9125,0,27,0
28-Oct-2025,1221,Call,1060,0,0,38.9125,0,4,0
28-Oct-2025,1221,Put,980,0,0,38.9125,0,13,0
25-Nov-2025,1221,Call,1260,0,0,38.9125,0,0,0
25-Nov-2025,1221,Put,1040,0,0,38.9125,0,0,0
25-Nov-2025,1221,Call,1340,0,0,38.9125,0,0,0
25-Nov-2025,1221,Put,1100,0,0,38.9125,0,0,0
25-Nov-2025,1221,Call,1320,0,0,38.9125,0,0,0
25-Nov-2025,1221,Put,1300,0,0,38.9125,0,0,0
25-Nov-2025,1221,Call,1400,0,0,38.9125,0,0,0
25-Nov-2025,1221,Put,1220,0,0,38.9125,0,0,0
25-Nov-2025,1221,Put,1120,0,0,38.9125,0,0,0
25-Nov-2025,1221,Call,1280,0,0,38.9125,0,0,0
25-Nov-2025,1221,Call,1200,0,0,38.9125,0,0,0
25-Nov-2025,1221,Call,1160,0,0,38.9125,0,0,0
25-Nov-2025,1221,Put,1180,0,0,38.9125,0,0,0
25-Nov-2025,1221,Call,1180,0,0,38.9125,0,0,0
25-Nov-2025,1221,Call,1360,0,0,38.9125,0,0,0
