28-Oct-2025,174.97,-,0,176,0,36.9021,46,31226,297
28-Oct-2025,174.97,Call,180,2.8,0,36.9021,40,1583,146
28-Oct-2025,174.97,Call,175,4.95,0,36.9021,5,893,113
28-Oct-2025,174.97,Put,175,3.8,0,36.9021,8,979,79
28-Oct-2025,174.97,Call,185,1.55,0,36.9021,10,916,53
28-Oct-2025,174.97,Call,190,0.85,0,36.9021,7,1141,45
28-Oct-2025,174.97,Put,170,2.05,0,36.9021,2,744,41
28-Oct-2025,174.97,Put,180,6.7,0,36.9021,8,894,41
28-Oct-2025,174.97,Put,177.5,5.1,0,36.9021,2,422,38
28-Oct-2025,174.97,Call,177.5,3.75,0,36.9021,5,471,37
25-Nov-2025,174.97,Call,200,1.35,0,36.9021,-16,115,24
28-Oct-2025,174.97,Call,200,0.3,0,36.9021,0,1020,22
30-Dec-2025,174.97,-,0,178,0,36.9021,9,21,17
28-Oct-2025,174.97,Call,182.5,2,0,36.9021,0,706,15
28-Oct-2025,174.97,Call,172.5,6.45,0,36.9021,3,127,14
28-Oct-2025,174.97,Put,172.5,2.8,0,36.9021,0,286,14
25-Nov-2025,174.97,-,0,176.66,0,36.9021,2,875,12
28-Oct-2025,174.97,Put,167.5,1.4,0,36.9021,1,148,10
28-Oct-2025,174.97,Call,165,11.95,0,36.9021,5,92,10
28-Oct-2025,174.97,Call,170,7.95,0,36.9021,3,281,9
28-Oct-2025,174.97,Call,195,0.45,0,36.9021,1,244,7
28-Oct-2025,174.97,Put,165,1,0,36.9021,2,376,7
28-Oct-2025,174.97,Call,202.5,0.25,0,36.9021,0,22,5
25-Nov-2025,174.97,Put,160,1.55,0,36.9021,2,31,4
28-Oct-2025,174.97,Put,185,10.7,0,36.9021,0,459,3
28-Oct-2025,174.97,Call,187.5,1.15,0,36.9021,0,155,2
28-Oct-2025,174.97,Put,152.5,0.25,0,36.9021,0,59,2
28-Oct-2025,174.97,Put,150,0.2,34.04,36.9021,0,66,2
25-Nov-2025,174.97,Call,180,6.1,0,36.9021,0,5,2
28-Oct-2025,174.97,Put,160,0.55,0,36.9021,1,267,2
28-Oct-2025,174.97,Call,155,21.3,0,36.9021,0,29,1
28-Oct-2025,174.97,Call,167.5,10,0,36.9021,0,74,1
28-Oct-2025,174.97,Put,195,19.7,0,36.9021,0,272,1
28-Oct-2025,174.97,Call,197.5,0.45,0,36.9021,0,91,1
28-Oct-2025,174.97,Put,162.5,0.7,0,36.9021,0,37,1
28-Oct-2025,174.97,Put,190,0,0,36.9021,0,247,0
28-Oct-2025,174.97,Put,210,0,0,36.9021,0,123,0
28-Oct-2025,174.97,Put,197.5,0,0,36.9021,0,9,0
28-Oct-2025,174.97,Put,182.5,0,0,36.9021,0,138,0
28-Oct-2025,174.97,Call,157.5,0,0,36.9021,0,23,0
28-Oct-2025,174.97,Put,140,0,0,36.9021,0,1,0
28-Oct-2025,174.97,Call,150,0,0,36.9021,0,1,0
28-Oct-2025,174.97,Call,162.5,0,0,36.9021,0,7,0
28-Oct-2025,174.97,Put,155,0,0,36.9021,0,56,0
28-Oct-2025,174.97,Put,205,0,0,36.9021,0,670,0
28-Oct-2025,174.97,Put,200,0,0,36.9021,0,468,0
25-Nov-2025,174.97,Call,157.5,0,0,0,0,0,0
28-Oct-2025,174.97,Call,210,0,0,36.9021,0,122,0
25-Nov-2025,174.97,Put,177.5,0,0,36.9021,0,0,0
25-Nov-2025,174.97,Put,182.5,0,0,36.9021,0,0,0
25-Nov-2025,174.97,Call,172.5,0,0,36.9021,0,0,0
28-Oct-2025,174.97,Call,205,0,0,36.9021,0,144,0
25-Nov-2025,174.97,Call,150,0,0,36.9021,0,0,0
28-Oct-2025,174.97,Put,192.5,0,0,36.9021,0,47,0
25-Nov-2025,174.97,Call,187.5,0,0,36.9021,0,0,0
28-Oct-2025,174.97,Call,160,0,0,36.9021,0,59,0
25-Nov-2025,174.97,Put,187.5,0,0,36.9021,0,0,0
25-Nov-2025,174.97,Put,167.5,0,0,36.9021,0,0,0
25-Nov-2025,174.97,Call,192.5,0,0,36.9021,0,0,0
25-Nov-2025,174.97,Call,162.5,0,0,36.9021,0,0,0
25-Nov-2025,174.97,Call,182.5,0,0,36.9021,0,0,0
25-Nov-2025,174.97,Put,190,0,0,36.9021,0,0,0
25-Nov-2025,174.97,Call,165,0,0,36.9021,0,0,0
25-Nov-2025,174.97,Put,170,0,0,36.9021,0,3,0
25-Nov-2025,174.97,Put,200,0,0,36.9021,0,0,0
25-Nov-2025,174.97,Put,175,0,0,36.9021,0,0,0
30-Dec-2025,174.97,Put,160,0,0,36.9021,0,0,0
25-Nov-2025,174.97,Put,172.5,0,0,36.9021,0,0,0
30-Dec-2025,174.97,Call,200,0,0,36.9021,0,0,0
30-Dec-2025,174.97,Call,175,0,0,36.9021,0,0,0
28-Oct-2025,174.97,Call,192.5,0,0,36.9021,0,155,0
25-Nov-2025,174.97,Call,155,0,0,36.9021,0,0,0
30-Dec-2025,174.97,Call,180,0,0,36.9021,0,0,0
25-Nov-2025,174.97,Put,162.5,0,0,36.9021,0,0,0
30-Dec-2025,174.97,Put,185,0,0,36.9021,0,0,0
25-Nov-2025,174.97,Call,195,0,0,36.9021,0,0,0
30-Dec-2025,174.97,Put,175,0,0,36.9021,0,0,0
25-Nov-2025,174.97,Put,180,0,0,36.9021,0,0,0
30-Dec-2025,174.97,Call,170,0,0,36.9021,0,0,0
25-Nov-2025,174.97,Put,150,0,0,36.9021,0,0,0
25-Nov-2025,174.97,Put,155,0,0,36.9021,0,0,0
25-Nov-2025,174.97,Put,185,0,0,36.9021,0,0,0
30-Dec-2025,174.97,Call,185,0,0,36.9021,0,0,0
30-Dec-2025,174.97,Call,195,0,0,36.9021,0,0,0
25-Nov-2025,174.97,Call,160,0,0,36.9021,0,0,0
25-Nov-2025,174.97,Put,157.5,0,0,0,0,0,0
25-Nov-2025,174.97,Call,210,0,0,36.9021,0,1,0
30-Dec-2025,174.97,Call,165,0,0,0,0,0,0
28-Oct-2025,174.97,Put,187.5,0,0,36.9021,0,40,0
30-Dec-2025,174.97,Put,165,0,0,36.9021,0,0,0
25-Nov-2025,174.97,Call,167.5,0,0,36.9021,0,0,0
30-Dec-2025,174.97,Put,180,0,0,36.9021,0,0,0
25-Nov-2025,174.97,Put,192.5,0,0,36.9021,0,0,0
30-Dec-2025,174.97,Put,190,0,0,36.9021,0,0,0
25-Nov-2025,174.97,Call,190,0,0,36.9021,0,5,0
25-Nov-2025,174.97,Call,177.5,0,0,36.9021,0,0,0
25-Nov-2025,174.97,Call,170,0,0,36.9021,0,0,0
30-Dec-2025,174.97,Put,170,0,0,36.9021,0,0,0
25-Nov-2025,174.97,Put,210,0,0,36.9021,0,1,0
25-Nov-2025,174.97,Call,175,0,0,36.9021,0,0,0
28-Oct-2025,174.97,Put,157.5,0,0,36.9021,0,1,0
25-Nov-2025,174.97,Put,165,0,0,36.9021,0,0,0
25-Nov-2025,174.97,Put,195,0,0,36.9021,0,0,0
30-Dec-2025,174.97,Call,190,0,0,36.9021,0,0,0
25-Nov-2025,174.97,Call,185,0,0,36.9021,0,6,0
