28-Oct-2025,175.06,-,0,176.15,0,36.9021,84,31264,591
28-Oct-2025,175.16,Call,175,5,23.46,36.9021,58,946,343
28-Oct-2025,175.06,Call,180,2.8,24.09,36.9021,71,1614,286
28-Oct-2025,175.06,Call,185,1.5,24.55,36.9021,20,926,189
28-Oct-2025,175.06,Put,175,3.75,23.87,36.9021,31,1002,187
28-Oct-2025,175.16,Call,177.5,3.75,23.68,36.9021,21,487,121
28-Oct-2025,175.06,Put,170,2,24.28,36.9021,17,759,112
28-Oct-2025,175.06,Call,190,0.8,26.86,36.9021,1,1135,106
28-Oct-2025,175.16,Put,177.5,5.05,23.64,36.9021,10,430,102
28-Oct-2025,175.06,Put,180,6.75,24.43,36.9021,22,908,94
28-Oct-2025,175.06,Call,200,0.35,30.57,36.9021,-19,1001,73
28-Oct-2025,175.16,Put,165,0.9,25.08,36.9021,23,397,65
25-Nov-2025,175.16,-,0,177,0,36.9021,16,889,46
28-Oct-2025,175.16,Put,172.5,2.7,23.67,36.9021,1,287,45
28-Oct-2025,175.06,Call,182.5,2.05,24.22,36.9021,8,714,41
25-Nov-2025,175.06,Call,200,1.35,28.38,36.9021,-23,108,32
28-Oct-2025,175.06,Put,185,10.5,21.88,36.9021,22,481,27
30-Dec-2025,175.16,-,0,177.86,0,36.9021,12,24,25
28-Oct-2025,175.06,Call,172.5,6.2,23.63,36.9021,3,127,25
28-Oct-2025,175.06,Call,170,8.35,26.58,36.9021,4,282,25
28-Oct-2025,175.16,Call,195,0.5,28.03,36.9021,7,250,21
28-Oct-2025,175.16,Put,167.5,1.4,24.7,36.9021,1,148,19
28-Oct-2025,175.06,Call,165,12.5,30.11,36.9021,4,91,13
28-Oct-2025,175.16,Call,202.5,0.25,30.76,36.9021,7,29,8
28-Oct-2025,175.06,Call,192.5,0.65,27.21,36.9021,0,155,6
28-Oct-2025,175.16,Put,160,0.5,27.28,36.9021,1,267,6
25-Nov-2025,175.06,Call,180,5.9,26.58,36.9021,3,8,6
28-Oct-2025,175.16,Call,187.5,1.2,26.23,36.9021,1,156,4
28-Oct-2025,175.06,Put,162.5,0.65,25.73,36.9021,1,38,4
25-Nov-2025,175.06,Put,160,1.55,27.87,36.9021,2,31,4
28-Oct-2025,175.16,Call,167.5,9.8,24.14,36.9021,1,75,3
28-Oct-2025,175.06,Call,162.5,14.65,31.42,36.9021,0,7,2
28-Oct-2025,175.16,Put,155,0.3,30.32,36.9021,0,56,2
28-Oct-2025,175.06,Put,192.5,16.9,25.94,36.9021,0,47,2
28-Oct-2025,175.06,Put,152.5,0.25,32.23,36.9021,0,59,2
28-Oct-2025,175.06,Put,150,0.2,33.83,36.9021,0,66,2
25-Nov-2025,175.16,Call,185,4,26.29,36.9021,1,7,2
28-Oct-2025,175.06,Put,195,19.7,32.38,36.9021,0,272,1
28-Oct-2025,175.06,Call,155,21.3,32.49,36.9021,0,29,1
28-Oct-2025,175.16,Call,160,16.45,27.67,36.9021,0,59,1
28-Oct-2025,175.16,Put,187.5,12.15,22.4,36.9021,0,40,1
28-Oct-2025,175.06,Call,197.5,0.45,29.84,36.9021,0,91,1
28-Oct-2025,175.16,Call,205,0.2,31.6,36.9021,0,144,1
28-Oct-2025,175.06,Call,210,0.15,33.97,36.9021,0,122,1
25-Nov-2025,175.16,Put,170,3.8,26.27,36.9021,0,3,1
28-Oct-2025,175.16,Put,140,0,0,36.9021,0,1,0
28-Oct-2025,175.16,Call,157.5,0,0,36.9021,0,23,0
28-Oct-2025,175.16,Put,182.5,0,0,36.9021,0,138,0
28-Oct-2025,175.16,Put,200,0,0,36.9021,0,468,0
28-Oct-2025,175.16,Put,197.5,0,0,36.9021,0,9,0
28-Oct-2025,175.16,Put,210,0,0,36.9021,0,123,0
28-Oct-2025,175.16,Put,205,0,0,36.9021,0,670,0
28-Oct-2025,175.16,Put,190,0,0,36.9021,0,247,0
28-Oct-2025,175.16,Put,157.5,0,0,36.9021,0,1,0
28-Oct-2025,175.16,Call,150,0,0,36.9021,0,1,0
25-Nov-2025,175.16,Call,210,0,0,36.9021,0,1,0
25-Nov-2025,175.16,Call,190,0,0,36.9021,0,5,0
25-Nov-2025,175.16,Put,175,0,0,36.9021,0,0,0
25-Nov-2025,175.06,Put,195,0,0,36.9021,0,0,0
25-Nov-2025,175.16,Put,150,0,0,36.9021,0,0,0
25-Nov-2025,175.16,Put,210,0,0,36.9021,0,1,0
25-Nov-2025,175.06,Put,157.5,0,0,0,0,0,0
25-Nov-2025,175.06,Call,160,0,0,36.9021,0,0,0
25-Nov-2025,175.16,Call,157.5,0,0,0,0,0,0
25-Nov-2025,175.06,Call,155,0,0,36.9021,0,0,0
25-Nov-2025,175.06,Put,180,0,0,36.9021,0,0,0
25-Nov-2025,175.06,Call,165,0,0,36.9021,0,0,0
25-Nov-2025,175.06,Put,185,0,0,36.9021,0,0,0
25-Nov-2025,175.16,Put,192.5,0,0,36.9021,0,0,0
25-Nov-2025,175.16,Put,155,0,0,36.9021,0,0,0
25-Nov-2025,175.16,Put,190,0,0,36.9021,0,0,0
25-Nov-2025,175.06,Put,165,0,0,36.9021,0,0,0
25-Nov-2025,175.16,Call,162.5,0,0,36.9021,0,0,0
25-Nov-2025,175.16,Call,172.5,0,0,36.9021,0,0,0
25-Nov-2025,175.16,Put,200,0,0,36.9021,0,0,0
25-Nov-2025,175.06,Call,182.5,0,0,36.9021,0,0,0
25-Nov-2025,175.16,Put,182.5,0,0,36.9021,0,0,0
25-Nov-2025,175.16,Call,167.5,0,0,36.9021,0,0,0
25-Nov-2025,175.16,Call,192.5,0,0,36.9021,0,0,0
25-Nov-2025,175.16,Put,177.5,0,0,36.9021,0,0,0
25-Nov-2025,175.06,Call,177.5,0,0,36.9021,0,0,0
25-Nov-2025,175.06,Call,150,0,0,36.9021,0,0,0
25-Nov-2025,175.06,Put,187.5,0,0,36.9021,0,0,0
25-Nov-2025,175.16,Call,187.5,0,0,36.9021,0,0,0
25-Nov-2025,175.06,Put,162.5,0,0,36.9021,0,0,0
25-Nov-2025,175.06,Call,195,0,0,36.9021,0,0,0
25-Nov-2025,175.06,Put,167.5,0,0,36.9021,0,0,0
25-Nov-2025,175.16,Call,170,0,0,36.9021,0,0,0
25-Nov-2025,175.06,Put,172.5,0,0,36.9021,0,0,0
25-Nov-2025,175.06,Call,175,0,0,36.9021,0,0,0
30-Dec-2025,175.06,Put,165,0,0,36.9021,0,0,0
30-Dec-2025,175.06,Call,200,0,0,36.9021,0,0,0
30-Dec-2025,175.16,Put,170,0,0,36.9021,0,0,0
30-Dec-2025,175.06,Put,185,0,0,36.9021,0,0,0
30-Dec-2025,175.06,Call,180,0,0,36.9021,0,0,0
30-Dec-2025,175.06,Call,165,0,0,0,0,0,0
30-Dec-2025,175.06,Call,185,0,0,36.9021,0,0,0
30-Dec-2025,175.16,Call,175,0,0,36.9021,0,0,0
30-Dec-2025,175.06,Put,180,0,0,36.9021,0,0,0
30-Dec-2025,175.16,Put,190,0,0,36.9021,0,0,0
30-Dec-2025,175.06,Call,170,0,0,36.9021,0,0,0
30-Dec-2025,175.16,Put,175,0,0,36.9021,0,0,0
30-Dec-2025,175.16,Put,160,0,0,36.9021,0,0,0
30-Dec-2025,175.16,Call,195,0,0,36.9021,0,0,0
30-Dec-2025,175.16,Call,190,0,0,36.9021,0,0,0
