28-Oct-2025,2530.8,-,0,2538,0,22.921,15,49322,2863
28-Oct-2025,2530.8,Put,2500,29.6,19.01,22.921,221,1341,2212
28-Oct-2025,2530.8,Call,2600,23,16.74,22.921,252,2195,1828
28-Oct-2025,2530.8,Call,2560,37.2,16.2,22.921,362,950,1145
28-Oct-2025,2530.8,Put,2520,37.2,19.01,22.921,73,409,903
28-Oct-2025,2530.8,Call,2540,46.95,16.36,22.921,44,439,720
28-Oct-2025,2530.8,Call,2500,69,15.91,22.921,-11,729,578
28-Oct-2025,2530.8,Call,2700,6.55,18.22,22.921,79,1371,493
28-Oct-2025,2530.8,Call,2640,13.75,16.92,22.921,55,539,456
28-Oct-2025,2530.8,Put,2400,7.75,20,22.921,136,981,413
28-Oct-2025,2530.8,Put,2460,18.1,19.38,22.921,60,345,382
28-Oct-2025,2530.8,Call,2520,56.7,15.82,22.921,-5,222,370
28-Oct-2025,2530.8,Put,2440,13.65,19.43,22.921,7,467,358
28-Oct-2025,2530.8,Call,2580,29.55,16.51,22.921,27,1327,350
28-Oct-2025,2530.8,Put,2540,46.8,19.19,22.921,75,462,341
28-Oct-2025,2530.8,Put,2480,23.5,19.25,22.921,13,264,260
28-Oct-2025,2530.8,Call,2620,18.3,16.66,22.921,42,266,224
28-Oct-2025,2530.8,Put,2360,4.7,20.67,22.921,-67,245,221
28-Oct-2025,2530.8,Call,2480,82.9,15.28,22.921,-24,145,180
28-Oct-2025,2530.8,Call,2800,2.15,20.23,22.921,-4,1220,165
28-Oct-2025,2530.8,Call,2740,4,18.91,22.921,16,180,143
28-Oct-2025,2530.8,Put,2560,57.8,19.69,22.921,2,253,140
28-Oct-2025,2530.8,Call,2660,10.8,17.37,22.921,38,292,126
28-Oct-2025,2530.8,Put,2380,6.05,20.26,22.921,-2,101,115
28-Oct-2025,2530.8,Put,2420,10.5,19.86,22.921,24,138,109
28-Oct-2025,2530.8,Call,2680,8.2,17.62,22.921,-19,292,102
28-Oct-2025,2530.8,Call,2720,5.05,18.58,22.921,6,213,77
28-Oct-2025,2530.8,Put,2600,82.35,20.18,22.921,-23,727,76
25-Nov-2025,2530.8,-,0,2532,0,22.921,17,1049,68
28-Oct-2025,2530.8,Put,2580,70.65,20.07,22.921,-8,103,60
28-Oct-2025,2530.8,Call,2760,3.15,19.31,22.921,18,168,56
25-Nov-2025,2530.8,Call,2840,7.35,19.19,22.921,30,41,51
28-Oct-2025,2530.8,Call,2780,2.55,19.79,22.921,-21,234,48
28-Oct-2025,2530.8,Put,2320,2.75,21.49,22.921,8,263,39
25-Nov-2025,2530.8,Put,2520,65,22.55,22.921,19,82,35
28-Oct-2025,2530.8,Put,2300,2.2,22.13,22.921,-1,550,35
25-Nov-2025,2530.8,Put,2400,23.9,21.52,22.921,4,66,31
28-Oct-2025,2530.8,Call,2880,1.85,24.57,22.921,0,138,30
28-Oct-2025,2530.8,Put,2340,3.65,21.11,22.921,18,18,20
25-Nov-2025,2530.8,Call,2400,148.9,0,22.921,11,17,20
25-Nov-2025,2530.8,Call,2600,40,14.22,22.921,9,18,17
28-Oct-2025,2530.8,Call,2900,1.2,24.01,22.921,-3,96,15
28-Oct-2025,2530.8,Call,2840,1.6,21.72,22.921,4,57,13
28-Oct-2025,2530.8,Call,2460,99.55,16.82,22.921,-2,92,11
28-Oct-2025,2530.8,Call,2400,147,15.66,22.921,3,127,9
25-Nov-2025,2530.8,Put,2500,54,21.77,22.921,7,15,9
28-Oct-2025,2530.8,Call,3000,0.8,28.05,22.921,1,302,9
30-Dec-2025,2530.8,-,0,2546,0,22.921,1,8,8
25-Nov-2025,2530.8,Call,2640,32.1,15.83,22.921,3,18,7
28-Oct-2025,2530.8,Call,2300,239.25,0,22.921,0,5,5
25-Nov-2025,2530.8,Put,2600,113.6,24.83,22.921,0,0,4
25-Nov-2025,2530.8,Put,2540,76.4,23.21,22.921,3,3,4
28-Oct-2025,2530.8,Put,2700,162.85,21.02,22.921,-2,392,4
28-Oct-2025,2530.8,Call,2920,1,24.42,22.921,1,82,4
25-Nov-2025,2530.8,Call,2520,78,13.66,22.921,2,3,3
28-Oct-2025,2530.8,Put,2200,1,26.4,22.921,0,87,2
28-Oct-2025,2530.8,Put,2660,129,20.56,22.921,1,27,2
28-Oct-2025,2530.8,Call,2440,110.95,13.66,22.921,0,49,2
28-Oct-2025,2530.8,Put,2680,0,0,22.921,0,56,0
28-Oct-2025,2530.8,Put,2880,0,0,22.921,0,0,0
28-Oct-2025,2530.8,Put,2780,0,0,22.921,0,1,0
28-Oct-2025,2530.8,Put,2740,0,0,22.921,0,0,0
28-Oct-2025,2530.8,Call,2340,0,0,22.921,0,1,0
28-Oct-2025,2530.8,Call,2960,0,0,22.921,0,4,0
28-Oct-2025,2530.8,Put,2920,0,0,22.921,0,0,0
28-Oct-2025,2530.8,Call,2320,0,0,22.921,0,1,0
28-Oct-2025,2530.8,Put,3000,0,0,22.921,0,1,0
28-Oct-2025,2530.8,Call,2120,0,0,22.921,0,0,0
28-Oct-2025,2530.8,Put,2120,0,0,22.921,0,6,0
25-Nov-2025,2530.8,Put,2420,0,0,22.921,0,0,0
25-Nov-2025,2530.8,Put,2720,0,0,22.921,0,0,0
25-Nov-2025,2530.8,Call,2120,0,0,22.921,0,0,0
25-Nov-2025,2530.8,Call,2360,0,0,22.921,0,0,0
25-Nov-2025,2530.8,Put,2480,0,0,22.921,0,0,0
28-Oct-2025,2530.8,Put,2240,0,0,22.921,0,95,0
28-Oct-2025,2530.8,Call,2240,0,0,22.921,0,4,0
25-Nov-2025,2530.8,Put,2460,0,0,22.921,0,0,0
28-Oct-2025,2530.8,Put,2800,0,0,22.921,0,72,0
25-Nov-2025,2530.8,Put,2780,0,0,0,0,0,0
25-Nov-2025,2530.8,Call,2340,0,0,22.921,0,0,0
25-Nov-2025,2530.8,Put,2920,0,0,22.921,0,0,0
25-Nov-2025,2530.8,Put,2200,0,0,22.921,0,0,0
25-Nov-2025,2530.8,Call,2760,0,0,22.921,0,0,0
25-Nov-2025,2530.8,Put,2700,0,0,22.921,0,0,0
25-Nov-2025,2530.8,Put,2620,0,0,22.921,0,0,0
25-Nov-2025,2530.8,Call,2800,0,0,22.921,0,0,0
30-Dec-2025,2530.8,Put,2160,0,0,0,0,0,0
25-Nov-2025,2530.8,Call,2620,0,0,22.921,0,0,0
30-Dec-2025,2530.8,Put,2520,0,0,22.921,0,0,0
28-Oct-2025,2530.8,Call,2380,0,0,22.921,0,13,0
25-Nov-2025,2530.8,Call,2440,0,0,22.921,0,0,0
25-Nov-2025,2530.8,Call,2560,0,0,22.921,0,0,0
25-Nov-2025,2530.8,Call,2500,0,0,22.921,0,0,0
28-Oct-2025,2530.8,Call,2200,0,0,22.921,0,4,0
28-Oct-2025,2530.8,Put,2900,0,0,22.921,0,3,0
25-Nov-2025,2530.8,Put,2840,0,0,22.921,0,0,0
28-Oct-2025,2530.8,Put,2280,0,0,22.921,0,1,0
28-Oct-2025,2530.8,Put,2820,0,0,22.921,0,2,0
28-Oct-2025,2530.8,Put,2720,0,0,22.921,0,8,0
25-Nov-2025,2530.8,Call,2380,0,0,22.921,0,0,0
25-Nov-2025,2530.8,Call,2660,0,0,22.921,0,0,0
28-Oct-2025,2530.8,Call,2160,0,0,22.921,0,0,0
28-Oct-2025,2530.8,Call,2860,0,0,22.921,0,5,0
25-Nov-2025,2530.8,Call,2580,0,0,22.921,0,0,0
28-Oct-2025,2530.8,Call,2360,0,0,22.921,0,0,0
25-Nov-2025,2530.8,Put,2880,0,0,22.921,0,0,0
25-Nov-2025,2530.8,Put,2360,0,0,22.921,0,0,0
28-Oct-2025,2530.8,Put,2760,0,0,22.921,0,1,0
25-Nov-2025,2530.8,Call,2300,0,0,22.921,0,0,0
25-Nov-2025,2530.8,Call,2320,0,0,22.921,0,0,0
25-Nov-2025,2530.8,Call,2700,0,0,22.921,0,0,0
25-Nov-2025,2530.8,Call,2920,0,0,22.921,0,0,0
30-Dec-2025,2530.8,Call,2800,0,0,0,0,0,0
25-Nov-2025,2530.8,Put,2660,0,0,22.921,0,0,0
28-Oct-2025,2530.8,Put,2620,0,0,22.921,0,38,0
28-Oct-2025,2530.8,Call,2280,0,0,22.921,0,3,0
25-Nov-2025,2530.8,Call,2160,0,0,22.921,0,0,0
28-Oct-2025,2530.8,Put,2840,0,0,22.921,0,9,0
25-Nov-2025,2530.8,Call,2200,0,0,22.921,0,0,0
28-Oct-2025,2530.8,Put,2260,0,0,22.921,0,1,0
25-Nov-2025,2530.8,Put,2300,0,0,22.921,0,0,0
28-Oct-2025,2530.8,Call,2820,0,0,22.921,0,4,0
28-Oct-2025,2530.8,Put,2640,0,0,22.921,0,50,0
25-Nov-2025,2530.8,Call,2280,0,0,22.921,0,0,0
25-Nov-2025,2530.8,Put,2560,0,0,22.921,0,0,0
25-Nov-2025,2530.8,Call,2420,0,0,22.921,0,0,0
25-Nov-2025,2530.8,Call,2780,0,0,0,0,0,0
25-Nov-2025,2530.8,Put,2580,0,0,22.921,0,0,0
25-Nov-2025,2530.8,Call,2480,0,0,22.921,0,0,0
30-Dec-2025,2530.8,Put,2400,0,0,0,0,0,0
28-Oct-2025,2530.8,Put,2160,0,0,22.921,0,7,0
25-Nov-2025,2530.8,Put,2740,0,0,22.921,0,0,0
25-Nov-2025,2530.8,Call,2720,0,0,22.921,0,0,0
25-Nov-2025,2530.8,Put,2380,0,0,22.921,0,0,0
25-Nov-2025,2530.8,Call,2880,0,0,22.921,0,0,0
25-Nov-2025,2530.8,Call,2540,0,0,22.921,0,0,0
25-Nov-2025,2530.8,Put,2640,0,0,22.921,0,0,0
25-Nov-2025,2530.8,Put,2440,0,0,22.921,0,0,0
25-Nov-2025,2530.8,Call,2460,0,0,22.921,0,0,0
25-Nov-2025,2530.8,Call,2680,0,0,22.921,0,0,0
28-Oct-2025,2530.8,Call,2420,0,0,22.921,0,12,0
25-Nov-2025,2530.8,Call,2740,0,0,22.921,0,0,0
25-Nov-2025,2530.8,Put,2760,0,0,22.921,0,0,0
25-Nov-2025,2530.8,Put,2320,0,0,22.921,0,0,0
25-Nov-2025,2530.8,Put,2340,0,0,22.921,0,0,0
25-Nov-2025,2530.8,Put,2800,0,0,22.921,0,0,0
25-Nov-2025,2530.8,Call,2240,0,0,22.921,0,0,0
25-Nov-2025,2530.8,Put,2680,0,0,22.921,0,0,0
