28-Oct-2025,150.1,Call,150,4,21.84,32.3369,223,1407,1955
28-Oct-2025,150.1,-,0,151.06,0,32.3369,354,16951,1595
28-Oct-2025,150.1,Call,155,1.9,21.92,32.3369,75,984,799
28-Oct-2025,150.1,Put,150,2.8,21.54,32.3369,36,611,752
28-Oct-2025,150.1,Call,160,0.85,22.92,32.3369,49,659,569
28-Oct-2025,150.1,Call,152.5,2.75,21.64,32.3369,55,297,341
28-Oct-2025,150.1,Call,151,3.4,21.53,32.3369,40,104,335
28-Oct-2025,150.1,Call,152,2.95,21.57,32.3369,49,88,287
28-Oct-2025,150.1,Put,147.5,1.9,21.71,32.3369,-9,292,275
28-Oct-2025,150.1,Put,145,1.2,22.14,32.3369,36,465,272
28-Oct-2025,150.1,Call,165,0.35,24.16,32.3369,21,270,217
28-Oct-2025,150.1,Put,151,3.3,21.28,32.3369,21,53,192
28-Oct-2025,150.1,Put,149,2.45,21.5,32.3369,31,52,189
28-Oct-2025,150.1,Call,149,4.5,22.51,32.3369,31,40,178
25-Nov-2025,150.1,-,0,151.7,0,32.3369,67,481,171
28-Oct-2025,150.1,Put,148,2.05,21.83,32.3369,17,48,150
28-Oct-2025,150.1,Call,172,0.1,25.52,32.3369,48,156,121
28-Oct-2025,150.1,Put,152,3.85,21.68,32.3369,12,27,103
28-Oct-2025,150.1,Put,140,0.5,23.73,32.3369,20,326,102
28-Oct-2025,150.1,Call,148,5.15,21.9,32.3369,13,23,99
28-Oct-2025,150.1,Put,152.5,4.3,21.77,32.3369,-9,144,93
28-Oct-2025,150.1,Call,147.5,5.4,21.8,32.3369,1,161,87
28-Oct-2025,150.1,Put,130,0.1,29.03,32.3369,43,225,86
28-Oct-2025,150.1,Call,170,0.2,26.74,32.3369,-9,268,83
28-Oct-2025,150.1,Put,155,5.85,21.49,32.3369,2,402,80
28-Oct-2025,150.1,Call,145,7,21.56,32.3369,8,496,74
28-Oct-2025,150.1,Put,135,0.25,27.03,32.3369,27,226,72
28-Oct-2025,150.1,Put,144,1,22.47,32.3369,25,42,57
25-Nov-2025,150.1,Call,160,2.5,23.34,32.3369,8,48,54
28-Oct-2025,150.1,Call,154,2.2,21.75,32.3369,22,36,53
28-Oct-2025,150.1,Put,147,1.75,21.51,32.3369,17,35,47
28-Oct-2025,150.1,Put,142.5,0.75,22.93,32.3369,5,174,40
28-Oct-2025,150.1,Put,142,0.7,22.77,32.3369,26,31,38
28-Oct-2025,150.1,Put,146,1.45,21.58,32.3369,20,25,37
28-Oct-2025,150.1,Call,156,1.6,22.57,32.3369,7,39,32
28-Oct-2025,150.1,Call,153,2.55,21.63,32.3369,10,38,32
28-Oct-2025,150.1,Put,137.5,0.4,26.22,32.3369,22,138,29
28-Oct-2025,150.1,Call,166,0.3,24.48,32.3369,20,20,29
28-Oct-2025,150.1,Call,158,1.15,22.39,32.3369,15,19,28
28-Oct-2025,150.1,Put,138,0.35,24.59,32.3369,7,13,27
28-Oct-2025,150.1,Call,157,1.25,21.82,32.3369,-2,136,27
25-Nov-2025,150.1,Put,140,1.35,24.22,32.3369,7,37,26
28-Oct-2025,150.1,Call,162.5,0.5,23.15,32.3369,-4,41,25
28-Oct-2025,150.1,Call,147,5.55,21.27,32.3369,3,77,23
28-Oct-2025,150.1,Call,146,6.5,21.37,32.3369,7,11,23
25-Nov-2025,150.1,Call,150,5.95,21.62,32.3369,7,28,23
30-Dec-2025,150.1,-,0,152.35,0,32.3369,7,18,22
28-Oct-2025,150.1,Call,157.5,1.25,22.74,32.3369,2,69,22
28-Oct-2025,150.1,Call,164,0.4,23.71,32.3369,19,23,22
28-Oct-2025,150.1,Put,160,10,24.12,32.3369,0,109,17
28-Oct-2025,150.1,Call,162,0.6,23.71,32.3369,12,17,17
28-Oct-2025,150.1,Put,153,4.5,21.14,32.3369,3,5,13
28-Oct-2025,150.1,Put,158,8.25,22.88,32.3369,3,12,13
28-Oct-2025,150.1,Call,140,11.1,20.94,32.3369,0,151,13
28-Oct-2025,150.1,Call,168,0.25,25.76,32.3369,1,22,13
25-Nov-2025,150.1,Put,150,4.5,24.04,32.3369,10,10,13
28-Oct-2025,150.1,Put,156,6.6,21.79,32.3369,1,6,12
28-Oct-2025,150.1,Put,143,0.9,23,32.3369,10,10,12
25-Nov-2025,150.1,Call,155,3.55,21.21,32.3369,2,30,11
28-Oct-2025,150.1,Put,154,5.2,21.62,32.3369,3,8,10
28-Oct-2025,150.1,Call,161,0.7,23.4,32.3369,3,9,10
28-Oct-2025,150.1,Put,136,0.25,26.66,32.3369,2,2,10
28-Oct-2025,150.1,Call,135,15.75,0,32.3369,-3,27,8
28-Oct-2025,150.1,Call,159,1,21.34,32.3369,3,16,8
28-Oct-2025,150.1,Put,141,0.6,23.35,32.3369,4,9,7
28-Oct-2025,150.1,Put,157,7.5,23.02,32.3369,1,18,6
28-Oct-2025,150.1,Call,144,7.85,12.85,32.3369,4,12,5
28-Oct-2025,150.1,Put,157.5,7.9,23.19,32.3369,-1,19,5
28-Oct-2025,150.1,Put,127.5,0.15,34.46,32.3369,0,13,1
28-Oct-2025,150.1,Put,128,0.15,33.78,32.3369,0,0,1
28-Oct-2025,150.1,Put,120,0,0,32.3369,0,59,0
28-Oct-2025,150.1,Call,125,0,0,32.3369,0,10,0
28-Oct-2025,150.1,Put,115,0,0,32.3369,0,24,0
28-Oct-2025,150.1,Call,132.5,0,0,32.3369,0,5,0
28-Oct-2025,150.1,Put,132.5,0,0,32.3369,0,42,0
28-Oct-2025,150.1,Put,170,0,0,32.3369,0,11,0
28-Oct-2025,150.1,Put,159,0,0,32.3369,0,15,0
28-Oct-2025,150.1,Put,161,0,0,32.3369,0,3,0
28-Oct-2025,150.1,Put,162,0,0,32.3369,0,5,0
28-Oct-2025,150.1,Put,164,0,0,32.3369,0,0,0
28-Oct-2025,150.1,Put,166,0,0,32.3369,0,0,0
28-Oct-2025,150.1,Call,128,0,0,32.3369,0,0,0
28-Oct-2025,150.1,Call,132,0,0,32.3369,0,0,0
28-Oct-2025,150.1,Put,132,0,0,32.3369,0,0,0
28-Oct-2025,150.1,Call,134,0,0,32.3369,0,0,0
28-Oct-2025,150.1,Put,134,0,0,32.3369,0,0,0
28-Oct-2025,150.1,Call,136,0,0,32.3369,0,1,0
28-Oct-2025,150.1,Call,138,0,0,32.3369,0,2,0
28-Oct-2025,150.1,Call,139,0,0,32.3369,0,1,0
28-Oct-2025,150.1,Put,139,0,0,32.3369,0,4,0
28-Oct-2025,150.1,Call,141,0,0,32.3369,0,3,0
28-Oct-2025,150.1,Call,142,0,0,32.3369,0,1,0
28-Oct-2025,150.1,Call,143,0,0,32.3369,0,2,0
28-Oct-2025,150.1,Put,168,0,0,32.3369,0,0,0
28-Oct-2025,150.1,Put,172,0,0,32.3369,0,0,0
28-Oct-2025,150.1,Put,165,0,0,32.3369,0,219,0
28-Oct-2025,150.1,Put,125,0,0,32.3369,0,1,0
28-Oct-2025,150.1,Call,130,0,0,32.3369,0,18,0
28-Oct-2025,150.1,Call,137.5,0,0,32.3369,0,13,0
25-Nov-2025,150.1,Put,130,0,0,32.3369,0,0,0
25-Nov-2025,150.1,Call,162,0,0,32.3369,0,0,0
28-Oct-2025,150.1,Call,127,0,0,32.3369,0,5,0
28-Oct-2025,150.1,Call,142.5,0,0,32.3369,0,107,0
25-Nov-2025,150.1,Call,148,0,0,32.3369,0,0,0
28-Oct-2025,150.1,Put,162.5,0,0,32.3369,0,3,0
25-Nov-2025,150.1,Call,164,0,0,32.3369,0,0,0
25-Nov-2025,150.1,Put,151,0,0,32.3369,0,0,0
25-Nov-2025,150.1,Put,172,0,0,32.3369,0,0,0
25-Nov-2025,150.1,Call,147,0,0,32.3369,0,0,0
25-Nov-2025,150.1,Call,136,0,0,32.3369,0,0,0
25-Nov-2025,150.1,Call,128,0,0,32.3369,0,0,0
25-Nov-2025,150.1,Put,148,0,0,32.3369,0,0,0
25-Nov-2025,150.1,Put,145,0,0,32.3369,0,0,0
25-Nov-2025,150.1,Call,141,0,0,32.3369,0,0,0
25-Nov-2025,150.1,Call,144,0,0,32.3369,0,0,0
25-Nov-2025,150.1,Call,153,0,0,32.3369,0,0,0
25-Nov-2025,150.1,Put,141,0,0,32.3369,0,0,0
25-Nov-2025,150.1,Call,161,0,0,32.3369,0,0,0
25-Nov-2025,150.1,Put,157,0,0,32.3369,0,0,0
25-Nov-2025,150.1,Put,142,0,0,32.3369,0,0,0
25-Nov-2025,150.1,Call,166,0,0,32.3369,0,0,0
25-Nov-2025,150.1,Put,156,0,0,32.3369,0,0,0
25-Nov-2025,150.1,Put,143,0,0,32.3369,0,0,0
25-Nov-2025,150.1,Call,140,0,0,32.3369,0,2,0
25-Nov-2025,150.1,Put,144,0,0,32.3369,0,0,0
25-Nov-2025,150.1,Call,157,0,0,32.3369,0,0,0
25-Nov-2025,150.1,Put,146,0,0,32.3369,0,0,0
25-Nov-2025,150.1,Put,139,0,0,32.3369,0,0,0
25-Nov-2025,150.1,Call,156,0,0,32.3369,0,0,0
25-Nov-2025,150.1,Call,138,0,0,32.3369,0,0,0
25-Nov-2025,150.1,Put,162,0,0,32.3369,0,0,0
30-Dec-2025,150.1,Call,154,0,0,0,0,0,0
25-Nov-2025,150.1,Put,138,0,0,32.3369,0,0,0
25-Nov-2025,150.1,Put,155,0,0,32.3369,0,0,0
25-Nov-2025,150.1,Call,132,0,0,32.3369,0,0,0
25-Nov-2025,150.1,Put,147,0,0,32.3369,0,0,0
25-Nov-2025,150.1,Call,151,0,0,32.3369,0,0,0
30-Dec-2025,150.1,Call,160,0,0,32.3369,0,0,0
25-Nov-2025,150.1,Put,168,0,0,32.3369,0,0,0
30-Dec-2025,150.1,Call,156,0,0,0,0,0,0
25-Nov-2025,150.1,Put,152,0,0,32.3369,0,0,0
25-Nov-2025,150.1,Call,134,0,0,32.3369,0,0,0
25-Nov-2025,150.1,Put,159,0,0,32.3369,0,0,0
25-Nov-2025,150.1,Call,159,0,0,32.3369,0,0,0
28-Oct-2025,150.1,Call,120,0,0,32.3369,0,46,0
25-Nov-2025,150.1,Call,170,0,0,32.3369,0,0,0
25-Nov-2025,150.1,Call,139,0,0,32.3369,0,0,0
30-Dec-2025,150.1,Put,140,0,0,32.3369,0,0,0
25-Nov-2025,150.1,Put,164,0,0,32.3369,0,0,0
25-Nov-2025,150.1,Call,154,0,0,32.3369,0,0,0
25-Nov-2025,150.1,Put,160,0,0,32.3369,0,0,0
25-Nov-2025,150.1,Call,143,0,0,32.3369,0,0,0
25-Nov-2025,150.1,Call,152,0,0,32.3369,0,0,0
25-Nov-2025,150.1,Put,154,0,0,32.3369,0,0,0
25-Nov-2025,150.1,Put,158,0,0,32.3369,0,0,0
25-Nov-2025,150.1,Call,146,0,0,32.3369,0,0,0
25-Nov-2025,150.1,Call,149,0,0,32.3369,0,0,0
25-Nov-2025,150.1,Put,153,0,0,32.3369,0,0,0
25-Nov-2025,150.1,Put,166,0,0,32.3369,0,0,0
25-Nov-2025,150.1,Call,145,0,0,32.3369,0,0,0
30-Dec-2025,150.1,Call,152,0,0,0,0,0,0
30-Dec-2025,150.1,Put,150,0,0,32.3369,0,0,0
25-Nov-2025,150.1,Put,170,0,0,32.3369,0,0,0
30-Dec-2025,150.1,Call,150,0,0,32.3369,0,0,0
25-Nov-2025,150.1,Call,130,0,0,32.3369,0,0,0
30-Dec-2025,150.1,Call,140,0,0,32.3369,0,0,0
25-Nov-2025,150.1,Call,142,0,0,32.3369,0,0,0
25-Nov-2025,150.1,Put,149,0,0,32.3369,0,0,0
25-Nov-2025,150.1,Call,158,0,0,32.3369,0,0,0
25-Nov-2025,150.1,Put,161,0,0,32.3369,0,0,0
