28-Oct-2025,2093.5,Call,2100,44.85,18.86,27.7453,235,3373,6502
28-Oct-2025,2093.5,-,0,2102,0,27.7453,1130,93179,4837
28-Oct-2025,2093.5,Call,2080,55.85,18.54,27.7453,128,972,2606
28-Oct-2025,2093.5,Call,2200,12,19.47,27.7453,96,1173,2260
28-Oct-2025,2093.5,Call,2060,68.35,18.38,27.7453,-516,1046,2023
28-Oct-2025,2093.5,Call,2120,35.45,18.8,27.7453,182,825,2021
28-Oct-2025,2093.5,Put,2000,11.15,21.5,27.7453,560,3330,1729
28-Oct-2025,2093.5,Call,2140,27.45,18.8,27.7453,96,979,1586
28-Oct-2025,2093.5,Call,2160,20.95,18.89,27.7453,146,1303,1578
28-Oct-2025,2093.5,Put,2080,33.65,21.25,27.7453,470,790,1473
28-Oct-2025,2093.5,Put,2060,25.85,21.11,27.7453,154,1686,1296
28-Oct-2025,2093.5,Put,2040,19.8,21.2,27.7453,129,1824,1223
28-Oct-2025,2093.5,Call,2180,15.85,19.13,27.7453,112,454,1076
28-Oct-2025,2093.5,Put,2020,14.8,21.4,27.7453,132,1032,907
28-Oct-2025,2093.5,Put,2100,42.5,21.25,27.7453,169,951,899
28-Oct-2025,2093.5,Call,2040,81.35,18.09,27.7453,-70,929,826
28-Oct-2025,2093.5,Call,2280,3.75,20.63,27.7453,34,565,527
28-Oct-2025,2093.5,Call,2000,113.15,18.62,27.7453,-42,1323,492
28-Oct-2025,2093.5,Call,2240,6.75,20.02,27.7453,113,343,444
28-Oct-2025,2093.5,Call,2260,5,20.28,27.7453,34,481,388
28-Oct-2025,2093.5,Put,1900,3.35,25.14,27.7453,-40,1816,387
28-Oct-2025,2093.5,Put,1980,8.6,22.16,27.7453,49,601,358
28-Oct-2025,2093.5,Call,2220,8.85,19.76,27.7453,82,256,323
28-Oct-2025,2093.5,Put,1960,6.6,22.7,27.7453,17,688,288
28-Oct-2025,2093.5,Put,2120,53.1,21.08,27.7453,72,218,243
28-Oct-2025,2093.5,Call,2020,96.8,18.25,27.7453,-5,738,228
28-Oct-2025,2093.5,Put,1940,5.15,23.39,27.7453,32,421,217
25-Nov-2025,2093.5,-,0,2112.7,0,27.7453,42,1127,171
28-Oct-2025,2093.5,Put,1920,4,24.2,27.7453,3,328,169
28-Oct-2025,2093.5,Put,1880,2.7,25.97,27.7453,-1,218,130
28-Oct-2025,2093.5,Call,2320,2.3,21.79,27.7453,47,122,95
30-Dec-2025,2093.5,-,0,2122.4,0,27.7453,20,76,55
28-Oct-2025,2093.5,Put,1840,1.55,27.27,27.7453,-13,238,54
28-Oct-2025,2093.5,Put,2160,78.15,20.87,27.7453,27,153,40
28-Oct-2025,2093.5,Call,2360,1.4,22.79,27.7453,29,32,38
28-Oct-2025,2093.5,Put,2200,109,22,27.7453,16,477,27
28-Oct-2025,2093.5,Put,1820,1.35,28.46,27.7453,2,119,26
28-Oct-2025,2093.5,Put,1800,1,28.92,27.7453,-5,373,22
28-Oct-2025,2093.5,Put,2180,93.9,22.19,27.7453,15,17,21
28-Oct-2025,2093.5,Put,1860,2.1,26.72,27.7453,3,178,21
25-Nov-2025,2093.5,Put,2000,20.45,20.38,27.7453,9,60,19
28-Oct-2025,2093.5,Put,2140,64.85,21.15,27.7453,1,54,16
28-Oct-2025,2093.5,Call,1980,131,18.87,27.7453,-4,185,16
28-Oct-2025,2093.5,Call,1940,165.2,0,27.7453,-3,77,15
25-Nov-2025,2093.5,Call,2240,17.5,17.66,27.7453,3,32,15
28-Oct-2025,2093.5,Call,1960,148.65,16.35,27.7453,-1,225,6
25-Nov-2025,2093.5,Call,2200,28,17.98,27.7453,3,27,6
25-Nov-2025,2093.5,Call,2100,68.4,18.26,27.7453,1,5,3
25-Nov-2025,2093.5,Call,2140,48,17.52,27.7453,0,0,2
28-Oct-2025,2093.5,Call,1900,188.55,0,27.7453,0,217,2
28-Oct-2025,2093.5,Put,1720,0.75,34.63,27.7453,0,29,1
28-Oct-2025,2093.5,Put,1780,1.25,31.73,27.7453,0,76,1
28-Oct-2025,2093.5,Put,2280,185,29.25,27.7453,0,6,1
25-Nov-2025,2093.5,Call,2040,91.8,12,27.7453,0,10,1
25-Nov-2025,2093.5,Call,2280,26,24.53,27.7453,0,0,1
25-Nov-2025,2093.5,Call,1880,230,0,27.7453,0,0,1
25-Nov-2025,2093.5,Call,2000,121.9,7.96,27.7453,0,6,1
28-Oct-2025,2093.5,Call,1840,0,0,27.7453,0,6,0
28-Oct-2025,2093.5,Call,1880,0,0,27.7453,0,15,0
28-Oct-2025,2093.5,Put,2240,0,0,27.7453,0,1,0
28-Oct-2025,2093.5,Put,2360,0,0,27.7453,0,0,0
28-Oct-2025,2093.5,Put,2220,0,0,27.7453,0,0,0
28-Oct-2025,2093.5,Call,1800,0,0,27.7453,0,3,0
28-Oct-2025,2093.5,Put,2260,0,0,27.7453,0,0,0
28-Oct-2025,2093.5,Put,2320,0,0,27.7453,0,1,0
28-Oct-2025,2093.5,Call,1920,0,0,27.7453,0,40,0
25-Nov-2025,2093.5,Call,2160,0,0,27.7453,0,0,0
25-Nov-2025,2093.5,Put,2360,0,0,0,0,0,0
25-Nov-2025,2093.5,Put,1900,0,0,27.7453,0,0,0
25-Nov-2025,2093.5,Call,2180,0,0,27.7453,0,0,0
25-Nov-2025,2093.5,Put,2260,0,0,0,0,0,0
25-Nov-2025,2093.5,Put,1840,0,0,27.7453,0,11,0
25-Nov-2025,2093.5,Put,2320,0,0,27.7453,0,0,0
25-Nov-2025,2093.5,Call,2120,0,0,27.7453,0,0,0
25-Nov-2025,2093.5,Call,1960,0,0,27.7453,0,0,0
25-Nov-2025,2093.5,Put,1960,0,0,27.7453,0,0,0
25-Nov-2025,2093.5,Put,2220,0,0,0,0,0,0
25-Nov-2025,2093.5,Call,2260,0,0,0,0,0,0
28-Oct-2025,2093.5,Call,1860,0,0,27.7453,0,0,0
25-Nov-2025,2093.5,Call,2020,0,0,27.7453,0,0,0
25-Nov-2025,2093.5,Put,1980,0,0,27.7453,0,0,0
25-Nov-2025,2093.5,Put,1800,0,0,27.7453,0,0,0
25-Nov-2025,2093.5,Put,1860,0,0,27.7453,0,0,0
25-Nov-2025,2093.5,Put,1920,0,0,27.7453,0,0,0
25-Nov-2025,2093.5,Call,2220,0,0,0,0,0,0
25-Nov-2025,2093.5,Put,2080,0,0,27.7453,0,0,0
25-Nov-2025,2093.5,Call,2060,0,0,27.7453,0,0,0
25-Nov-2025,2093.5,Call,1900,0,0,27.7453,0,0,0
25-Nov-2025,2093.5,Put,2100,0,0,27.7453,0,0,0
25-Nov-2025,2093.5,Call,2320,0,0,27.7453,0,0,0
25-Nov-2025,2093.5,Call,1840,0,0,27.7453,0,0,0
25-Nov-2025,2093.5,Put,2180,0,0,27.7453,0,0,0
25-Nov-2025,2093.5,Put,2140,0,0,27.7453,0,0,0
25-Nov-2025,2093.5,Put,2200,0,0,27.7453,0,0,0
25-Nov-2025,2093.5,Put,2160,0,0,27.7453,0,0,0
25-Nov-2025,2093.5,Call,1920,0,0,27.7453,0,0,0
25-Nov-2025,2093.5,Put,1940,0,0,27.7453,0,0,0
25-Nov-2025,2093.5,Put,1880,0,0,27.7453,0,0,0
25-Nov-2025,2093.5,Call,1940,0,0,27.7453,0,0,0
25-Nov-2025,2093.5,Call,2080,0,0,27.7453,0,0,0
25-Nov-2025,2093.5,Call,1980,0,0,27.7453,0,0,0
25-Nov-2025,2093.5,Call,1800,0,0,27.7453,0,0,0
25-Nov-2025,2093.5,Put,2120,0,0,27.7453,0,0,0
30-Dec-2025,2093.5,Put,1760,0,0,0,0,0,0
25-Nov-2025,2093.5,Put,2280,0,0,27.7453,0,0,0
25-Nov-2025,2093.5,Put,2240,0,0,27.7453,0,0,0
30-Dec-2025,2093.5,Call,2200,0,0,27.7453,0,1,0
25-Nov-2025,2093.5,Put,2020,0,0,27.7453,0,0,0
25-Nov-2025,2093.5,Put,2040,0,0,27.7453,0,0,0
25-Nov-2025,2093.5,Put,2060,0,0,27.7453,0,0,0
25-Nov-2025,2093.5,Call,2360,0,0,0,0,0,0
30-Dec-2025,2093.5,Call,2320,0,0,0,0,0,0
25-Nov-2025,2093.5,Call,1860,0,0,27.7453,0,0,0
