07-Oct-2025,24791.6,Put,24800,69.35,8.03,15.2917,154160,262776,3345403
07-Oct-2025,24791.6,Call,24800,94.45,7.73,15.2917,193263,249972,3096439
07-Oct-2025,24791.6,Call,24900,46.8,7.54,15.2917,143699,206268,2106145
07-Oct-2025,24791.6,Put,24750,51.65,8.31,15.2917,98393,148154,2032771
07-Oct-2025,24791.6,Put,24700,38.6,8.6,15.2917,72930,205024,1890503
07-Oct-2025,24791.6,Call,24850,68.1,7.65,15.2917,116631,151284,1884990
07-Oct-2025,24791.6,Call,25000,21.2,7.7,15.2917,112651,244207,1671862
07-Oct-2025,24791.6,Put,24850,92.95,7.92,15.2917,37461,79025,1206600
07-Oct-2025,24791.6,Call,24950,31.7,7.58,15.2917,39939,96014,1037369
07-Oct-2025,24791.6,Put,24600,20.85,9.23,15.2917,39877,169443,1030376
07-Oct-2025,24791.6,Call,24750,127,8.03,15.2917,47207,63717,992837
07-Oct-2025,24791.6,Put,24650,28.35,8.91,15.2917,31510,107615,875217
07-Oct-2025,24791.6,Put,24900,122.45,7.88,15.2917,21879,67934,866272
07-Oct-2025,24791.6,Call,25100,9.2,8.08,15.2917,45610,109441,731734
07-Oct-2025,24791.6,Call,24700,163.35,8.3,15.2917,24345,69570,695744
07-Oct-2025,24791.6,Put,24500,11.45,9.85,15.2917,27702,132655,684436
07-Oct-2025,24791.6,Call,25050,13.65,7.83,15.2917,43185,80492,674389
07-Oct-2025,24791.6,Call,25200,4.5,8.74,15.2917,53429,124265,577127
07-Oct-2025,24791.6,Put,24550,15.45,9.54,15.2917,14287,59681,470251
07-Oct-2025,24791.6,Call,25300,2.7,9.69,15.2917,38086,106387,461246
07-Oct-2025,24791.6,Put,24000,2.9,15.64,15.2917,16201,139641,450818
07-Oct-2025,24791.6,Call,25150,6.3,8.37,15.2917,28600,61524,423459
07-Oct-2025,24791.6,Call,25500,1.65,12.03,15.2917,45279,139731,422916
07-Oct-2025,24791.6,Put,24400,6.75,10.61,15.2917,23519,79777,356113
07-Oct-2025,24791.6,Put,24450,8.6,10.19,15.2917,20638,54248,318241
07-Oct-2025,24791.6,Call,25250,3.45,9.17,15.2917,26043,60228,299678
07-Oct-2025,24791.6,Call,25400,2,10.74,15.2917,22707,72955,295289
07-Oct-2025,24791.6,Call,26000,0.9,17.8,15.2917,26386,136198,273073
07-Oct-2025,24791.6,Put,24300,4.75,11.64,15.2917,22665,96747,271509
07-Oct-2025,24791.6,Put,25000,195.8,8.16,15.2917,3396,35102,266581
07-Oct-2025,24791.6,Put,23800,2.45,18.43,15.2917,27411,88855,264671
07-Oct-2025,24791.6,Put,24950,156.45,7.95,15.2917,4928,12433,226913
07-Oct-2025,24791.6,Call,25350,2.2,10.18,15.2917,6724,33354,224080
07-Oct-2025,24791.6,Put,24200,3.65,12.78,15.2917,3977,65502,199090
07-Oct-2025,24791.6,Call,25800,1.15,15.68,15.2917,13412,64716,196893
07-Oct-2025,24791.6,Call,25700,1.25,14.58,15.2917,21850,73393,190462
07-Oct-2025,24791.6,Put,24350,5.55,11.08,15.2917,10479,39539,188085
07-Oct-2025,24791.6,Put,23500,1.65,22.06,15.2917,1687,91085,186943
07-Oct-2025,24791.6,Put,23700,2.1,19.61,15.2917,12232,51633,186300
07-Oct-2025,24791.6,Put,24100,3.25,14.22,15.2917,-1826,38881,180141
07-Oct-2025,24791.6,Put,23900,2.6,16.97,15.2917,5559,40860,175953
07-Oct-2025,24791.6,Call,25600,1.45,13.22,15.2917,9681,48379,164819
07-Oct-2025,24791.6,Call,25900,1,16.78,15.2917,4177,35847,159970
07-Oct-2025,24791.6,Put,24250,4,12.14,15.2917,13780,31807,135054
07-Oct-2025,24791.6,Put,23950,2.8,16.29,15.2917,8131,18517,134907
07-Oct-2025,24791.6,Call,24600,246,8.79,15.2917,4823,25718,133379
07-Oct-2025,24791.6,Put,24050,3.15,14.96,15.2917,7121,20806,133302
07-Oct-2025,24791.6,Call,24650,203.45,8.52,15.2917,2096,17387,123343
07-Oct-2025,24791.6,Call,25550,1.5,12.61,15.2917,12036,22117,116486
07-Oct-2025,24791.6,Call,25450,1.7,11.37,15.2917,8342,22397,113783
07-Oct-2025,24791.6,Put,23850,2.45,17.63,15.2917,-1952,15161,109341
07-Oct-2025,24791.6,Put,23600,1.95,20.9,15.2917,8444,38566,101808
07-Oct-2025,24791.6,Put,23000,1.1,28.16,15.2917,5403,62715,98528
07-Oct-2025,24791.6,Put,24150,3.4,13.47,15.2917,6200,19558,97030
07-Oct-2025,24791.6,Call,26500,0.7,23.18,15.2917,1669,53729,96391
07-Oct-2025,24791.6,Call,25650,1.35,13.87,15.2917,3054,14001,87963
07-Oct-2025,24791.6,Call,25850,1.15,16.36,15.2917,12512,18115,87181
07-Oct-2025,24791.6,Put,22850,0.9,29.68,15.2917,8021,80198,81614
07-Oct-2025,24791.6,Put,23400,1.5,23.3,15.2917,-4663,30430,80861
07-Oct-2025,24791.6,Put,23750,2.3,19.06,15.2917,3763,10922,75896
07-Oct-2025,24791.6,Put,23300,1.4,24.6,15.2917,1273,22044,73693
07-Oct-2025,24791.6,Call,27000,0.5,28.3,15.2917,4179,34562,68699
07-Oct-2025,24791.6,Call,25750,1.2,15.14,15.2917,6562,15536,65812
07-Oct-2025,24791.6,Call,25950,1,17.35,15.2917,4779,16368,59995
14-Oct-2025,24791.6,Put,24800,122,9.19,15.2917,3578,11633,56795
14-Oct-2025,24791.6,Call,24800,183.8,8.33,15.2917,5962,12963,55052
07-Oct-2025,24791.6,Put,23650,2,20.27,15.2917,1272,7875,52896
07-Oct-2025,24791.6,Put,23200,1.25,25.64,15.2917,4783,19807,47540
07-Oct-2025,24791.6,Put,23550,1.75,21.53,15.2917,3082,8904,47100
14-Oct-2025,24791.6,Call,25000,87.8,8.2,15.2917,7769,25898,44730
07-Oct-2025,24791.6,Call,24500,335,8.95,15.2917,2118,17045,43644
07-Oct-2025,24791.6,Put,23100,1.15,26.98,15.2917,2214,14621,42451
07-Oct-2025,24791.6,Put,23450,1.7,22.73,15.2917,2503,10305,40642
14-Oct-2025,24791.6,Call,24900,129.6,8.27,15.2917,4049,11658,36668
07-Oct-2025,24791.6,Call,26300,0.7,21.08,15.2917,2937,16246,36592
07-Oct-2025,24791.6,Put,22900,0.9,29.14,15.2917,3233,24433,33717
07-Oct-2025,24791.6,Put,25100,283,8.59,15.2917,216,10910,33470
07-Oct-2025,24791.6,Put,25050,238.3,8.37,15.2917,506,3468,32180
14-Oct-2025,24791.6,Put,24900,168.1,9.08,15.2917,2168,9252,29536
07-Oct-2025,24791.6,Put,23250,1.4,25.13,15.2917,677,6166,28711
07-Oct-2025,24791.6,Call,26100,0.85,19.09,15.2917,486,13678,28081
07-Oct-2025,24791.6,Put,23350,1.45,23.96,15.2917,401,6226,27681
14-Oct-2025,24791.6,Call,25200,35.2,8.24,15.2917,1414,10243,27397
07-Oct-2025,24791.6,Call,26200,0.8,20.12,15.2917,1966,18451,26167
28-Oct-2025,24791.6,Call,25000,213.8,8.79,15.2917,3183,62440,26109
28-Oct-2025,24791.6,-,0,24919.8,0,15.2917,4015,234147,25682
14-Oct-2025,24791.6,Call,25500,8.25,8.84,15.2917,3717,17415,25338
14-Oct-2025,24791.6,Put,24700,87.4,9.36,15.2917,1958,9097,24297
07-Oct-2025,24791.6,Call,27150,0.55,29.98,15.2917,8218,20536,24153
07-Oct-2025,24791.6,Call,26600,0.6,24.37,15.2917,-210,10642,23674
28-Oct-2025,24791.6,Put,24000,35.7,11.86,15.2917,-1916,48775,23340
28-Oct-2025,24791.6,Put,24800,200.35,10.69,15.2917,4319,45633,23051
14-Oct-2025,24791.6,Call,25300,21.35,8.36,15.2917,1808,11355,22975
28-Oct-2025,24791.6,Call,25500,56.3,8.78,15.2917,3777,65233,22962
14-Oct-2025,24791.6,Put,24500,42.85,9.8,15.2917,2406,10548,22412
14-Oct-2025,24791.6,Put,24000,9,12,15.2917,5191,11966,22074
14-Oct-2025,24791.6,Put,24600,61.6,9.56,15.2917,5006,12255,21579
28-Oct-2025,24791.6,Call,24800,322.05,8.86,15.2917,4528,36503,21212
07-Oct-2025,24791.6,Call,26050,0.9,18.45,15.2917,1269,4909,20357
14-Oct-2025,24791.6,Call,25100,56.9,8.21,15.2917,1952,9678,18438
07-Oct-2025,24791.6,Call,26700,0.55,25.13,15.2917,-196,9040,18303
07-Oct-2025,24791.6,Put,23050,1.1,27.44,15.2917,2342,4574,18183
07-Oct-2025,24791.6,Call,26400,0.7,22.15,15.2917,3399,14393,17384
14-Oct-2025,24791.6,Call,25400,13.15,8.56,15.2917,1594,8540,16573
14-Oct-2025,24791.6,Put,24750,104.1,9.25,15.2917,3069,4877,16396
28-Oct-2025,24791.6,Call,26000,14.1,9.59,15.2917,4724,64227,16362
07-Oct-2025,24791.6,Call,26250,0.75,20.61,15.2917,2699,4157,16094
28-Oct-2025,24791.6,Put,24500,105.35,10.92,15.2917,396,44905,15571
07-Oct-2025,24791.6,Call,24550,291,9.18,15.2917,129,2922,14776
28-Oct-2025,24791.6,Put,25000,288,10.65,15.2917,282,53360,14519
07-Oct-2025,24791.6,Put,23150,1.2,26.13,15.2917,1237,3479,14455
14-Oct-2025,24791.6,Call,24700,248,8.46,15.2917,1705,6704,12974
14-Oct-2025,24791.6,Put,24300,21,10.5,15.2917,694,4784,12809
28-Oct-2025,24791.6,Put,24700,162.55,10.81,15.2917,1136,30682,12250
14-Oct-2025,24791.6,Call,24850,155,8.3,15.2917,1989,3853,12214
14-Oct-2025,24791.6,Put,24400,29.9,10.14,15.2917,1459,6233,12086
14-Oct-2025,24791.6,Call,25250,27.5,8.26,15.2917,791,2801,12065
07-Oct-2025,24791.6,Call,26800,0.55,26.28,15.2917,1261,3137,11776
14-Oct-2025,24791.6,Put,24200,15.35,10.96,15.2917,1033,6584,11763
14-Oct-2025,24791.6,Put,24850,146.25,9.11,15.2917,1854,3177,11326
28-Oct-2025,24791.6,Call,25800,21.55,8.93,15.2917,2592,20229,10959
14-Oct-2025,24791.6,Call,25050,70.9,8.22,15.2917,1602,3992,10697
14-Oct-2025,24791.6,Call,25150,44.6,8.18,15.2917,1404,3655,10340
28-Oct-2025,24791.6,Call,25200,130.3,8.69,15.2917,-439,19827,10237
14-Oct-2025,24791.6,Call,24750,211.15,8.41,15.2917,769,2159,9971
28-Oct-2025,24791.6,Put,24200,54.25,11.37,15.2917,2711,17728,9789
28-Oct-2025,24791.6,Put,24600,132,10.86,15.2917,-29,25723,9676
28-Oct-2025,24791.6,Call,24700,385.9,8.86,15.2917,1737,23640,9371
14-Oct-2025,24791.6,Put,25000,229,9.04,15.2917,598,6412,8996
07-Oct-2025,24791.6,Put,22950,1.05,28.59,15.2917,328,2389,8765
07-Oct-2025,24791.6,Call,26350,0.7,21.54,15.2917,1699,2560,8742
28-Oct-2025,24791.6,Call,25600,39.6,8.71,15.2917,1344,14360,8427
28-Oct-2025,24791.6,Call,24900,265,8.82,15.2917,989,17965,8343
14-Oct-2025,24791.6,Put,24450,35.65,9.96,15.2917,1858,3156,8275
14-Oct-2025,24791.6,Put,24100,11.9,11.48,15.2917,768,4703,8198
28-Oct-2025,24791.6,Call,25400,74.2,8.67,15.2917,999,24459,8169
07-Oct-2025,24791.6,Put,25200,379.45,9.5,15.2917,504,7009,8154
28-Oct-2025,24791.6,Call,24500,526.7,8.64,15.2917,1179,19056,8116
14-Oct-2025,24791.6,Put,24550,50.95,9.73,15.2917,1632,3334,7936
28-Oct-2025,24791.6,Call,25300,99.3,8.67,15.2917,390,16562,7869
28-Oct-2025,24791.6,Put,23500,14.15,13.35,15.2917,-610,30311,7615
14-Oct-2025,24791.6,Call,26000,2.15,11.45,15.2917,1667,14850,7389
14-Oct-2025,24791.6,Put,24650,73.25,9.44,15.2917,928,2944,7318
28-Oct-2025,24791.6,Put,24900,241,10.59,15.2917,787,16491,7063
28-Oct-2025,24791.6,Put,24400,84,11.02,15.2917,679,19679,6874
14-Oct-2025,24791.6,Call,25450,10.1,8.67,15.2917,761,2165,6866
14-Oct-2025,24791.6,Call,25600,5.5,9.23,15.2917,864,4671,6839
28-Oct-2025,24791.6,Call,25700,29.8,8.83,15.2917,-4,12526,6816
07-Oct-2025,24791.6,Call,26150,0.85,19.61,15.2917,1077,2174,6648
14-Oct-2025,24791.6,Call,24950,105.7,8.16,15.2917,941,2277,6520
28-Oct-2025,24791.6,Put,24300,67.55,11.18,15.2917,664,21330,6350
14-Oct-2025,24791.6,Put,24250,17.8,10.72,15.2917,338,1855,6306
28-Oct-2025,24791.6,Put,23800,23.35,12.32,15.2917,287,11031,6093
07-Oct-2025,24791.6,Call,24400,430.1,9.91,15.2917,-46,2720,6028
14-Oct-2025,24791.6,Call,25350,16.75,8.43,15.2917,1093,2707,6017
28-Oct-2025,24791.6,Put,24100,44.6,11.61,15.2917,717,8756,5890
14-Oct-2025,24791.6,Put,23800,6.15,13.26,15.2917,501,3519,5845
28-Oct-2025,24791.6,Call,25100,169.2,8.73,15.2917,897,14926,5274
28-Oct-2025,24791.6,Put,23900,28.85,12.09,15.2917,166,6713,5068
14-Oct-2025,24791.6,Put,23500,4.15,15.49,15.2917,1110,4990,5052
14-Oct-2025,24791.6,Call,25700,4.2,9.76,15.2917,1835,4578,4962
14-Oct-2025,24791.6,Put,23900,7.2,12.58,15.2917,538,2873,4957
07-Oct-2025,24791.6,Call,26450,0.7,22.58,15.2917,82,2340,4939
07-Oct-2025,24791.6,Call,26550,0.65,23.78,15.2917,341,1739,4713
07-Oct-2025,24791.6,Put,25150,333.25,8.73,15.2917,30,1320,4646
28-Oct-2025,24791.6,Put,23000,8.1,15.64,15.2917,-14,31899,4543
14-Oct-2025,24791.6,Call,26500,1.05,14.32,15.2917,728,4789,4375
25-Nov-2025,24791.6,Call,26500,28.9,9.3,15.2917,1284,9004,4161
14-Oct-2025,24791.6,Put,23000,2.7,19.25,15.2917,1367,4038,3942
25-Nov-2025,24791.6,Call,27000,15.1,10.33,15.2917,-506,3667,3757
28-Oct-2025,24791.6,Call,25900,16.75,9.18,15.2917,429,6318,3641
14-Oct-2025,24791.6,Call,24600,317.45,8.54,15.2917,918,3072,3582
07-Oct-2025,24791.6,Call,27100,0.55,29.42,15.2917,442,2142,3567
28-Oct-2025,24791.6,Call,26500,5.15,11.02,15.2917,447,25345,3549
25-Nov-2025,24791.6,Put,24000,95.5,12.41,15.2917,1004,14841,3477
28-Oct-2025,24791.6,Put,23700,19.5,12.62,15.2917,28,6963,3468
14-Oct-2025,24791.6,Put,24350,25,10.3,15.2917,621,1693,3445
14-Oct-2025,24791.6,Call,25550,6.55,9.06,15.2917,-191,1378,3233
25-Nov-2025,24791.6,Call,26000,77.25,8.98,15.2917,465,17935,3162
14-Oct-2025,24791.6,Call,25800,3.1,10.24,15.2917,350,3872,3143
30-Dec-2025,24791.6,Put,24000,156.5,12.99,15.2917,954,49389.6666667,3088
28-Oct-2025,24791.6,Put,25200,406.65,10.63,15.2917,132,10980,3078
28-Oct-2025,24791.6,Call,27000,2.65,12.73,15.2917,367,21728,3019
28-Oct-2025,24791.6,Call,26100,10.9,9.81,15.2917,426,7725,3001
28-Oct-2025,24791.6,Call,26200,8.45,10.06,15.2917,147,9548,2911
14-Oct-2025,24791.6,Put,24150,13.45,11.18,15.2917,551,1609,2856
20-Oct-2025,24791.6,Call,25500,27,8.97,15.2917,815,3435,2845
07-Oct-2025,24791.6,Call,26900,0.55,27.43,15.2917,-26,1121,2797
28-Oct-2025,24791.6,Call,24600,455.3,8.77,15.2917,156,10954,2721
20-Oct-2025,24791.6,Put,24800,162.2,10.05,15.2917,459,1633,2662
07-Oct-2025,24791.6,Call,24450,381.1,9.18,15.2917,-48,1497,2654
28-Oct-2025,24791.6,Call,25550,46.45,8.72,15.2917,960,2983,2582
20-Oct-2025,24791.6,Call,25000,149.5,8.89,15.2917,351,3299,2542
28-Oct-2025,24791.6,Call,24750,355,8.89,15.2917,724,6890,2477
20-Oct-2025,24791.6,Call,24800,250.4,8.98,15.2917,604,1481,2300
30-Dec-2025,24791.6,Call,25000,630,8.48,15.2917,363.666666667,27197.3333333,2285
14-Oct-2025,24791.6,Put,23600,4.6,14.71,15.2917,330,1926,2215
07-Oct-2025,24791.6,Call,24300,520.05,8.38,15.2917,-52,1337,2205
30-Dec-2025,24791.6,Put,23000,62.25,14.54,15.2917,715.666666667,38751.6666667,2179
14-Oct-2025,24791.6,Put,24950,195.6,9.12,15.2917,373,983,2162
30-Dec-2025,24791.6,Call,26000,207.3,8.96,15.2917,55,57549,2119
14-Oct-2025,24791.6,Call,25900,2.65,10.87,15.2917,317,1678,2114
28-Oct-2025,24791.6,Call,25250,113.2,8.67,15.2917,-138,1889,2114
28-Oct-2025,24791.6,Call,25450,63.45,8.66,15.2917,87,2754,2096
14-Oct-2025,24791.6,Put,25100,293.9,9.23,15.2917,81,1771,2047
14-Oct-2025,24791.6,Call,24500,400,8.58,15.2917,165,3473,1989
28-Oct-2025,24791.6,Put,23600,16.35,12.99,15.2917,168,3483,1957
30-Dec-2025,24791.6,Call,27000,57,9.7,15.2917,131,31706.6666667,1953
07-Oct-2025,24791.6,Call,27050,0.5,29.12,15.2917,585,1261,1944
28-Oct-2025,24791.6,Put,24950,264.45,10.61,15.2917,-46,1608,1931
28-Oct-2025,24791.6,Put,24750,179.95,10.77,15.2917,216,3306,1926
28-Oct-2025,24791.6,Call,26300,7.15,10.36,15.2917,-187,8764,1895
14-Oct-2025,24791.6,Call,26100,1.6,11.84,15.2917,706,1525,1854
25-Nov-2025,24791.6,Call,25500,191.9,8.8,15.2917,66,10181,1834
28-Oct-2025,24791.6,Call,24850,289.15,8.86,15.2917,28,1513,1780
20-Oct-2025,24791.6,Put,24000,19.55,11.91,15.2917,528,2199,1776
20-Oct-2025,24791.6,Call,24900,193.45,8.86,15.2917,319,1045,1644
07-Oct-2025,24791.6,Call,26650,0.6,24.96,15.2917,152,887,1637
14-Oct-2025,24791.6,Put,25200,378.05,9.38,15.2917,450,2104,1636
28-Oct-2025,24791.6,Put,24850,221.25,10.62,15.2917,208,2026,1627
30-Dec-2025,24791.6,Put,25000,421.65,12.38,15.2917,-87.6666666667,40363.3333333,1612
14-Oct-2025,24791.6,Call,24650,284.7,8.47,15.2917,95,1190,1565
25-Nov-2025,24791.6,Put,24500,188,11.88,15.2917,227,9876,1516
07-Oct-2025,24791.6,Put,25300,481,10.52,15.2917,-110,5590,1512
28-Oct-2025,24791.6,Put,24050,40,11.74,15.2917,-23,1829,1511
25-Nov-2025,24791.6,Put,25000,362,11.7,15.2917,-62,11055,1474
28-Oct-2025,24791.6,Call,25150,147.55,8.72,15.2917,379,1770,1464
28-Oct-2025,24791.6,Call,25650,34.55,8.81,15.2917,483,2905,1434
31-Mar-2026,24791.6,Call,26000,592.05,8.26,15.2917,-237,8825,1418
25-Nov-2025,24791.6,-,0,25045,0,15.2917,178,14272,1416
14-Oct-2025,24791.6,Put,23700,5.2,13.96,15.2917,255,1577,1404
28-Oct-2025,24791.6,Call,26400,6.1,10.7,15.2917,183,4820,1398
14-Oct-2025,24791.6,Call,26200,1.45,12.5,15.2917,344,1797,1383
25-Nov-2025,24791.6,Put,23000,28.15,14.47,15.2917,420,6350,1372
20-Oct-2025,24791.6,Call,25200,80,8.82,15.2917,267,1377,1357
20-Oct-2025,24791.6,Put,24700,127,10.24,15.2917,72,1523,1350
25-Nov-2025,24791.6,Call,25000,410,8.74,15.2917,168,10621,1348
14-Oct-2025,24791.6,Put,23400,3.55,16.19,15.2917,540,892,1327
14-Oct-2025,24791.6,Call,25650,4.85,9.43,15.2917,52,909,1321
07-Oct-2025,24791.6,Call,24000,825,0,15.2917,-208,2924,1301
20-Oct-2025,24791.6,Call,25300,56,8.87,15.2917,385,1450,1282
28-Oct-2025,24791.6,Put,25100,345.35,10.86,15.2917,33,7043,1211
28-Oct-2025,24791.6,Put,25500,633.55,11.33,15.2917,-82,19447,1202
14-Oct-2025,24791.6,Call,25750,3.45,9.95,15.2917,206,893,1173
28-Oct-2025,24791.6,Call,25350,86.45,8.65,15.2917,190,1662,1161
28-Oct-2025,24791.6,Call,26800,3.45,12.11,15.2917,-211,6722,1159
20-Oct-2025,24791.6,Call,25100,110.85,8.72,15.2917,57,987,1146
28-Oct-2025,24791.6,Call,24950,237,8.77,15.2917,-107,1272,1129
30-Dec-2025,24791.6,Put,22000,35.05,17.15,15.2917,-101,22405.3333333,1119
28-Oct-2025,24791.6,Put,22600,6.8,17.94,15.2917,159,24307,1089
20-Oct-2025,24791.6,Call,25400,38.5,8.86,15.2917,355,942,1087
20-Oct-2025,24791.6,Put,24500,73,10.48,15.2917,411,900,1087
25-Nov-2025,24791.6,Put,23500,47.45,13.15,15.2917,220,8798,1065
28-Oct-2025,24791.6,Put,24450,94.85,11.01,15.2917,219,1481,1059
07-Oct-2025,24791.6,Put,25250,435.25,12.37,15.2917,-15,768,1036
28-Oct-2025,24791.6,Put,23400,12.65,13.85,15.2917,123,4421,1016
07-Oct-2025,24791.6,Call,26850,0.55,26.85,15.2917,226,906,1000
25-Nov-2025,24791.6,Call,26200,52,9.07,15.2917,75,2506,992
28-Oct-2025,24791.6,Put,23300,11.05,14.21,15.2917,138,3992,985
20-Oct-2025,24791.6,Call,25600,18.5,9.03,15.2917,234,1409,977
07-Oct-2025,24791.6,Call,26750,0.55,25.93,15.2917,151,726,962
07-Oct-2025,24791.6,Put,25500,679,14.07,15.2917,-153,3323,959
20-Oct-2025,24791.6,Put,24400,56.7,10.66,15.2917,437,912,950
20-Oct-2025,24791.6,Call,26000,5.6,10.29,15.2917,62,2164,934
20-Oct-2025,24791.6,Put,24600,98.55,10.34,15.2917,88,1250,906
28-Oct-2025,24791.6,Put,24550,120.8,10.92,15.2917,117,1327,886
28-Oct-2025,24791.6,Put,24250,61.35,11.3,15.2917,-3,1173,885
25-Nov-2025,24791.6,Put,24700,246.05,11.74,15.2917,66,2087,825
28-Oct-2025,24791.6,Call,24000,949.05,0,15.2917,-34,7947,815
14-Oct-2025,24791.6,Put,23200,3,17.65,15.2917,114,1101,808
28-Oct-2025,24791.6,Put,24350,76.3,11.24,15.2917,-1,3004,785
30-Dec-2025,24791.6,Put,23500,92.5,13.49,15.2917,431,1893,782
28-Oct-2025,24791.6,Call,25050,186.3,8.71,15.2917,247,1262,771
20-Oct-2025,24791.6,Put,23500,8.45,14.43,15.2917,465,1197,758
07-Oct-2025,24791.6,Call,26950,0.55,27.99,15.2917,173,719,738
14-Oct-2025,24791.6,Call,24400,489,8.11,15.2917,134,558,734
28-Oct-2025,24791.6,Call,25850,19,9.09,15.2917,102,1023,734
14-Oct-2025,24791.6,Put,24050,10.1,11.76,15.2917,149,577,729
14-Oct-2025,24791.6,Put,23850,6.45,12.9,15.2917,-144,309,724
25-Nov-2025,24791.6,Call,25800,111,8.84,15.2917,22,2536,716
28-Oct-2025,24791.6,Put,23200,9.8,14.68,15.2917,-98,4685,715
28-Oct-2025,24791.6,Call,25950,14.8,9.33,15.2917,-242,1119,703
25-Nov-2025,24791.6,Put,23700,61.35,12.79,15.2917,-157,4075,699
07-Oct-2025,24791.6,Call,24200,621,9.5,15.2917,-85,1040,697
28-Oct-2025,24791.6,Put,24650,149.45,10.85,15.2917,-38,2789,696
07-Oct-2025,24791.6,Call,24350,479.45,9.89,15.2917,17,362,690
28-Oct-2025,24791.6,Put,24150,49.6,11.57,15.2917,29,918,689
31-Mar-2026,24791.6,Call,27000,256.95,8.63,15.2917,109,13513,656
14-Oct-2025,24791.6,Call,26700,0.95,15.64,15.2917,109,592,643
14-Oct-2025,24791.6,Put,22850,2.2,20.14,15.2917,314,430,641
20-Oct-2025,24791.6,Put,24900,205.15,9.91,15.2917,152,642,638
28-Oct-2025,24791.6,Call,25750,24.95,8.89,15.2917,54,1693,636
30-Dec-2025,24791.6,Put,21000,24.2,20.33,15.2917,301.333333333,16894.6666667,633
20-Oct-2025,24791.6,Put,25000,255.8,9.95,15.2917,74,703,628
14-Oct-2025,24791.6,Put,23300,3.2,16.9,15.2917,52,883,608
14-Oct-2025,24791.6,Put,22900,2.35,19.84,15.2917,163,811,605
28-Oct-2025,24791.6,Put,26000,1090,14.13,15.2917,-115,17161,586
28-Oct-2025,24791.6,Put,25300,474.8,10.78,15.2917,91,4771,581
25-Nov-2025,24791.6,Put,24200,122.1,12.08,15.2917,128,3545,579
20-Oct-2025,24791.6,Call,25800,9.1,9.51,15.2917,277,670,573
28-Oct-2025,24791.6,Put,22900,7.65,16.2,15.2917,-31,662,573
25-Nov-2025,24791.6,Put,24300,142.05,11.98,15.2917,77,3495,573
28-Oct-2025,24791.6,Call,23500,1427.8,0,15.2917,60,5413,549
31-Mar-2026,24791.6,Put,26000,936.75,13.95,15.2917,194,6798,547
25-Nov-2025,24791.6,Put,23800,69.85,12.61,15.2917,194,4647,546
25-Nov-2025,24791.6,Put,23900,81.35,12.55,15.2917,146,3746,545
25-Nov-2025,24791.6,Call,26300,43,9.18,15.2917,176,1556,539
28-Oct-2025,24791.6,Put,22700,7.1,17.34,15.2917,43,1107,536
25-Nov-2025,24791.6,Put,24600,215.15,11.76,15.2917,9,2584,526
20-Oct-2025,24791.6,Call,24700,315,8.76,15.2917,201,868,523
30-Dec-2025,24791.6,-,0,25200.8,0,15.2917,242,2026,513
28-Oct-2025,24791.6,Put,22800,7.2,16.75,15.2917,-104,5013,513
30-Dec-2025,24791.6,Call,25500,374,8.7,15.2917,132,1334,503
20-Oct-2025,24791.6,Put,24300,41.85,10.94,15.2917,90,617,502
25-Nov-2025,24791.6,Put,24800,280.1,11.69,15.2917,9,2324,494
14-Oct-2025,24791.6,Put,25050,262.9,9.25,15.2917,71,309,484
14-Oct-2025,24791.6,Call,27000,1,17.91,15.2917,-88,950,484
28-Oct-2025,24791.6,Put,23950,33.1,11.99,15.2917,82,1494,479
30-Dec-2025,24791.6,Put,20000,18.75,23.68,15.2917,44,12063.6666667,474
30-Dec-2025,24791.6,Call,28000,18.6,10.91,15.2917,106,20035,472
20-Oct-2025,24791.6,Put,24200,32,11.15,15.2917,149,652,452
28-Oct-2025,24791.6,Call,26700,3.85,11.75,15.2917,-44,582,446
20-Oct-2025,24791.6,Call,24500,460.25,8.89,15.2917,296,369,445
28-Oct-2025,24791.6,Put,23850,26.15,12.36,15.2917,128,1190,443
28-Oct-2025,24791.6,Put,23100,9.05,15.19,15.2917,108,1511,442
31-Mar-2026,24791.6,Call,28000,107,9.17,15.2917,94,5496,429
30-Dec-2025,24791.6,Put,26000,972.85,12.91,15.2917,-45.6666666667,44603.3333333,427
20-Oct-2025,24791.6,Call,26500,2.55,12.64,15.2917,91,447,424
25-Nov-2025,24791.6,Call,25200,307.95,8.69,15.2917,-4,2380,421
14-Oct-2025,24791.6,Put,23100,2.8,18.35,15.2917,-16,825,414
28-Oct-2025,24791.6,Put,25250,438.15,10.57,15.2917,-301,588,414
30-Dec-2025,24791.6,Call,29000,7.1,12.11,15.2917,95,11776.6666667,405
14-Oct-2025,24791.6,Call,25850,2.8,10.54,15.2917,24,356,396
25-Nov-2025,24791.6,Put,24400,164.15,11.93,15.2917,19,3134,375
14-Oct-2025,24791.6,Put,25150,351.55,10.04,15.2917,102,411,371
30-Dec-2025,24791.6,Put,23800,126.5,13.16,15.2917,122,1077,371
31-Mar-2026,24791.6,Put,23000,139,14.88,15.2917,52,7045,369
07-Oct-2025,24791.6,Put,25400,577,15.94,15.2917,-22,2460,364
25-Nov-2025,24791.6,Call,24500,730,8.03,15.2917,-54,1182,363
25-Nov-2025,24791.6,Call,24800,527,8.34,15.2917,118,1286,361
25-Nov-2025,24791.6,Call,25400,223.8,8.65,15.2917,-14,784,354
07-Oct-2025,24791.6,Put,25350,532.4,12.49,15.2917,-57,640,347
20-Oct-2025,24791.6,Call,24850,221.7,8.96,15.2917,95,163,346
25-Nov-2025,24791.6,Put,25200,457.35,11.85,15.2917,115,1243,344
20-Oct-2025,24791.6,Put,23000,4.65,17,15.2917,117,785,341
25-Nov-2025,24791.6,Call,25700,134.45,8.84,15.2917,90,942,341
28-Oct-2025,24791.6,Put,25400,552.5,11.11,15.2917,33,3587,338
30-Dec-2025,24791.6,Call,24000,1350,0,15.2917,41,13821,333
31-Mar-2026,24791.6,Put,25000,516.8,13.8,15.2917,64,8877,331
25-Nov-2025,24791.6,Call,26800,18.95,9.9,15.2917,135,1053,330
14-Oct-2025,24791.6,Put,23550,4.2,15.12,15.2917,92,412,320
25-Nov-2025,24791.6,Call,26100,63.4,8.99,15.2917,73,1646,320
31-Mar-2026,24791.6,Put,24000,266.45,14.05,15.2917,63,13175,320
20-Oct-2025,24791.6,Put,24750,142.95,10.35,15.2917,64,164,313
25-Nov-2025,24791.6,Call,24900,464.35,8.63,15.2917,12,699,309
30-Dec-2025,24791.6,Put,19000,14.35,27,15.2917,-75,4845.33333333,299
31-Mar-2026,24791.6,Call,25000,1120,6.93,15.2917,74,3783,294
14-Oct-2025,24791.6,Call,24550,355,8.46,15.2917,2,391,292
28-Oct-2025,24791.6,Put,27000,2074.6,21.04,15.2917,237,11102,292
20-Oct-2025,24791.6,Put,24850,183.95,10.16,15.2917,53,294,289
25-Nov-2025,24791.6,Call,25300,263.75,8.69,15.2917,94,1048,288
25-Nov-2025,24791.6,Put,22700,22.05,15.34,15.2917,111,1391,288
30-Dec-2025,24791.6,Put,24500,259,12.66,15.2917,56,952,288
28-Oct-2025,24791.6,Call,24300,686,9.73,15.2917,75,1054,286
20-Oct-2025,24791.6,Put,23800,13.05,12.71,15.2917,107,404,285
25-Nov-2025,24791.6,Call,25900,91.4,8.88,15.2917,123,927,280
25-Nov-2025,24791.6,Put,25500,642,12.22,15.2917,-10,5571,276
31-Mar-2026,24791.6,Call,29000,49.45,10.04,15.2917,17,1658,276
28-Oct-2025,24791.6,Call,24400,607.2,7.99,15.2917,51,736,269
20-Oct-2025,24791.6,Call,25700,13.1,9.23,15.2917,48,600,269
14-Oct-2025,24791.6,Put,23150,2.85,17.96,15.2917,101,216,268
28-Oct-2025,24791.6,Put,23750,21.1,12.61,15.2917,-8,517,264
14-Oct-2025,24791.6,Put,23450,3.95,15.85,15.2917,127,157,254
28-Oct-2025,24791.6,Call,26600,4.55,11.41,15.2917,7,441,254
28-Oct-2025,24791.6,Call,26850,3.2,12.23,15.2917,60,94,251
25-Nov-2025,24791.6,Put,23400,41.55,13.29,15.2917,-97,1647,249
14-Oct-2025,24791.6,Call,24000,842,0,15.2917,22,234,244
28-Oct-2025,24791.6,Put,23450,13.25,13.55,15.2917,66,385,243
20-Oct-2025,24791.6,Call,24750,283.3,9.4,15.2917,85,229,240
30-Dec-2025,24791.6,Call,30000,6.2,14.49,15.2917,211,7959.33333333,236
14-Oct-2025,24791.6,Put,23750,5.65,13.71,15.2917,57,193,235
07-Oct-2025,24791.6,Call,24250,571.45,8.4,15.2917,-24,297,232
14-Oct-2025,24791.6,Call,26350,1.4,13.57,15.2917,15,78,228
20-Oct-2025,24791.6,Call,24950,167,8.81,15.2917,65,156,226
25-Nov-2025,24791.6,Call,25100,355.45,8.59,15.2917,51,869,224
28-Oct-2025,24791.6,Call,24650,410.8,8.7,15.2917,-2,1642,223
14-Oct-2025,24791.6,Put,25300,466.2,10.81,15.2917,-17,1189,221
20-Oct-2025,24791.6,Call,26850,2.55,14.79,15.2917,80,87,218
25-Nov-2025,24791.6,Call,25600,159.95,8.71,15.2917,24,993,217
07-Oct-2025,24791.6,Call,23500,1312.8,33.7,15.2917,-89,537,210
25-Nov-2025,24791.6,Put,25100,411.15,11.75,15.2917,89,735,210
30-Dec-2025,24791.6,Put,23700,113.25,13.28,15.2917,89,148,200
28-Oct-2025,24791.6,Call,23000,1915,0,15.2917,89,13856,198
14-Oct-2025,24791.6,Put,23650,4.95,14.36,15.2917,47,171,196
04-Nov-2025,24791.6,Call,25500,88.15,8.9,15.2917,58,157,189
14-Oct-2025,24791.6,Call,26300,1.3,13.12,15.2917,65,253,186
20-Oct-2025,24791.6,Call,25350,46.25,8.83,15.2917,26,192,186
28-Oct-2025,24791.6,Put,25050,326.05,10.77,15.2917,-19,1505,186
20-Oct-2025,24791.6,Call,25450,30.95,8.89,15.2917,92,231,184
14-Oct-2025,24791.6,Put,23250,3.15,17.28,15.2917,34,193,183
07-Oct-2025,24791.6,Put,26000,1185.45,26.25,15.2917,-68,2099,179
30-Dec-2025,24791.6,Call,26100,177.55,8.91,15.2917,129,1668,176
28-Oct-2025,24791.6,Call,26250,7.85,10.28,15.2917,-1,1099,174
14-Oct-2025,24791.6,Call,24200,669.55,10.84,15.2917,64,429,172
14-Oct-2025,24791.6,Call,26600,0.9,14.82,15.2917,7,313,172
31-Mar-2026,24791.6,Put,22000,79.1,16.23,15.2917,40,5112,168
25-Nov-2025,24791.6,Call,26700,21.8,9.74,15.2917,108,311,166
28-Oct-2025,24791.6,Put,23650,17.85,12.82,15.2917,-6,398,165
20-Oct-2025,24791.6,Call,25650,14.95,9.15,15.2917,98,99,163
25-Nov-2025,24791.6,Put,24100,106.45,12.21,15.2917,76,2121,161
07-Oct-2025,24791.6,Put,25600,780.5,17.74,15.2917,-7,1025,158
07-Oct-2025,24791.6,Call,24100,720.8,10.26,15.2917,-41,534,155
14-Oct-2025,24791.6,Call,26050,2,11.6,15.2917,87,242,154
20-Oct-2025,24791.6,Put,23600,9.05,13.63,15.2917,69,170,154
28-Oct-2025,24791.6,Put,23350,11.7,14.06,15.2917,40,410,149
30-Dec-2025,24791.6,Put,18000,10.4,30.12,15.2917,-15,2020.66666667,147
25-Nov-2025,24791.6,Call,24700,590,8.21,15.2917,-13,641,147
20-Oct-2025,24791.6,Put,24650,114.2,10.28,15.2917,22,124,142
28-Oct-2025,24791.6,Put,22950,7.85,15.93,15.2917,-32,62,140
30-Dec-2025,24791.6,Put,25500,655.7,12.69,15.2917,31,513,139
20-Oct-2025,24791.6,Put,24450,64,10.55,15.2917,98,99,135
25-Nov-2025,24791.6,Put,24900,323.6,11.74,15.2917,21,1203,135
04-Nov-2025,24791.6,Call,26900,5.65,11.71,15.2917,57,130,134
25-Nov-2025,24791.6,Put,23200,35.35,13.98,15.2917,10,417,134
14-Oct-2025,24791.6,Call,26400,1.25,13.84,15.2917,46,155,133
14-Oct-2025,24791.6,Call,26900,0.95,17.09,15.2917,15,166,127
20-Oct-2025,24791.6,Put,24550,87.45,10.42,15.2917,23,69,123
20-Oct-2025,24791.6,Call,25250,66.15,9.1,15.2917,39,210,121
20-Oct-2025,24791.6,Call,25050,126.65,8.85,15.2917,22,95,121
14-Oct-2025,24791.6,Put,25500,655,11.09,15.2917,24,494,114
30-Dec-2025,24791.6,Call,31000,4.35,16.24,15.2917,59,3565.66666667,114
25-Nov-2025,24791.6,Put,23300,37.3,13.58,15.2917,-5,445,110
07-Oct-2025,24791.6,Call,24050,788.2,21.93,15.2917,-5,198,109
14-Oct-2025,24791.6,Call,24300,562.25,0,15.2917,31,380,108
25-Nov-2025,24791.6,Put,23600,53.8,12.94,15.2917,43,1338,108
30-Jun-2026,24791.6,Put,24000,339.15,14.83,15.2917,104,1302,108
25-Nov-2025,24791.6,Call,26600,25.85,9.57,15.2917,-3,265,107
28-Oct-2025,24791.6,Call,26900,3.1,12.37,15.2917,3,43,105
04-Nov-2025,24791.6,Call,25600,69,8.98,15.2917,27,28,102
07-Oct-2025,24791.6,Put,25450,610,0,15.2917,3,217,100
14-Oct-2025,24791.6,Call,26450,1.1,14.02,15.2917,6,338,97
20-Oct-2025,24791.6,Call,24600,386.15,9.15,15.2917,4,240,93
30-Dec-2025,24791.6,Put,27000,1810,16.22,15.2917,29,10936.6666667,93
30-Dec-2025,24791.6,Put,24800,349.6,12.5,15.2917,24,153,93
20-Oct-2025,24791.6,Put,25200,387.35,10.13,15.2917,26,324,92
28-Oct-2025,24791.6,Put,25600,717,12.07,15.2917,-22,2121,92
25-Nov-2025,24791.6,Call,25050,376.65,8.61,15.2917,47,83,91
28-Oct-2025,24791.6,Call,27150,2.45,13.35,15.2917,5,689,90
20-Oct-2025,24791.6,Call,25550,22.15,9.07,15.2917,40,123,89
20-Oct-2025,24791.6,Call,27150,2.05,16.25,15.2917,18,126,88
28-Oct-2025,24791.6,Call,26750,3.75,11.94,15.2917,4,197,86
14-Oct-2025,24791.6,Call,25950,2.2,11.05,15.2917,79,190,85
28-Oct-2025,24791.6,Put,26500,1590,18.2,15.2917,-9,7665,83
30-Dec-2025,24791.6,Call,24800,749.55,8.19,15.2917,20,65,83
31-Mar-2026,24791.6,Call,30000,27.05,11.04,15.2917,12,1464,83
07-Oct-2025,24791.6,Call,24150,671.95,12.56,15.2917,-2,131,81
25-Nov-2025,24791.6,Put,26000,1028,13.16,15.2917,-5,2975,81
14-Oct-2025,24791.6,Put,25350,505.15,10.37,15.2917,10,80,80
14-Oct-2025,24791.6,Put,25600,757,12.66,15.2917,35,83,79
28-Oct-2025,24791.6,Put,25150,373.8,10.91,15.2917,-1,1060,77
14-Oct-2025,24791.6,Call,24450,434.55,8.29,15.2917,5,210,76
31-Mar-2026,24791.6,Put,21000,50.8,17.92,15.2917,9,1442,75
07-Oct-2025,24791.6,Put,25700,857.25,0,15.2917,-2,632,73
28-Oct-2025,24791.6,Call,24200,770.5,8.67,15.2917,-4,491,72
04-Nov-2025,24791.6,Call,25900,31.5,9.15,15.2917,6,143,72
28-Oct-2025,24791.6,Put,25450,565,9.57,15.2917,0,169,71
28-Oct-2025,24791.6,Put,25800,901.5,12.61,15.2917,5,1340,71
25-Nov-2025,24791.6,Call,27150,11.25,10.52,15.2917,21,506,69
07-Oct-2025,24791.6,Call,23000,1825.15,0,15.2917,-4,381,68
04-Nov-2025,24791.6,Call,24800,376.8,8.78,15.2917,15,67,68
30-Dec-2025,24791.6,Put,25300,557.6,12.16,15.2917,-51,30,68
20-Oct-2025,24791.6,Call,27000,2.4,15.62,15.2917,62,155,66
30-Dec-2025,24791.6,Call,25200,509.5,8.42,15.2917,14,62,66
25-Nov-2025,24791.6,Call,24600,661.15,8.07,15.2917,-16,316,65
14-Oct-2025,24791.6,Put,22950,2.6,19.67,15.2917,11,73,64
20-Oct-2025,24791.6,Put,25100,317.1,9.98,15.2917,20,218,64
28-Oct-2025,24791.6,Put,25350,511.95,11.19,15.2917,22,575,64
28-Oct-2025,24791.6,Call,24550,485,8.25,15.2917,21,200,63
14-Oct-2025,24791.6,Call,26800,0.95,16.37,15.2917,-16,110,62
25-Nov-2025,24791.6,Call,25550,179.85,9,15.2917,1,64,61
30-Jun-2026,24791.6,Call,26000,945,6.86,15.2917,40,412.333333333,60
30-Jun-2026,24791.6,Put,25000,590,14.81,15.2917,40,1138,60
31-Mar-2026,24791.6,Put,20000,37.6,20.14,15.2917,25,713,59
25-Nov-2025,24791.6,Put,22800,23.8,15.08,15.2917,6,228,58
30-Dec-2025,24791.6,Call,25700,297.5,8.76,15.2917,20,109,58
30-Jun-2026,24791.6,Call,27000,540,7.87,15.2917,30,452,58
28-Oct-2025,24791.6,Put,22750,7,17.03,15.2917,-13,61,57
20-Oct-2025,24791.6,Put,24950,223.95,9.41,15.2917,0,102,57
14-Oct-2025,24791.6,Put,25400,562,10.6,15.2917,18,261,56
30-Dec-2025,24791.6,Call,25800,262.35,8.8,15.2917,14,64,56
28-Oct-2025,24791.6,Put,22850,7.4,16.45,15.2917,-22,65,54
25-Nov-2025,24791.6,Put,23100,31,14.12,15.2917,26,117,53
14-Oct-2025,24791.6,Call,26150,1.55,12.19,15.2917,16,41,51
20-Oct-2025,24791.6,Call,26300,3.35,11.61,15.2917,29,213,51
30-Dec-2025,24791.6,Put,25200,503.95,12.41,15.2917,22,74,51
20-Oct-2025,24791.6,Put,23400,7.55,14.85,15.2917,6,60,50
14-Oct-2025,24791.6,Put,25250,404.4,7.64,15.2917,13,111,47
14-Oct-2025,24791.6,Call,26950,1.05,17.64,15.2917,1,67,47
04-Nov-2025,24791.6,Call,25000,262.9,8.72,15.2917,22,77,47
30-Dec-2025,24791.6,Put,29000,3696.4,23.03,15.2917,23,8515,47
30-Dec-2025,24791.6,Put,23900,141.5,13.04,15.2917,0,0,47
07-Oct-2025,24791.6,Put,25850,1012.8,0,15.2917,7,25,46
14-Oct-2025,24791.6,Call,27100,1,18.62,15.2917,8,121,46
28-Oct-2025,24791.6,Put,23050,8.65,15.36,15.2917,25,377,46
25-Nov-2025,24791.6,Call,24000,1115,0,15.2917,6,695,45
14-Oct-2025,24791.6,Call,26250,1.45,12.89,15.2917,4,48,44
30-Dec-2025,24791.6,Call,25100,570.6,8.73,15.2917,10,52,43
20-Oct-2025,24791.6,Call,24650,355,9.56,15.2917,-5,72,41
25-Nov-2025,24791.6,Call,25150,333.7,8.73,15.2917,14,128,41
30-Dec-2025,24791.6,Call,23000,2220.5,0,15.2917,9,7927,40
07-Oct-2025,24791.6,Call,23900,921.05,21.97,15.2917,6,199,39
14-Oct-2025,24791.6,Call,26850,1.05,16.91,15.2917,5,59,39
14-Oct-2025,24791.6,Call,27150,0.95,18.88,15.2917,7,246,38
07-Oct-2025,24791.6,Call,23950,871.85,18.32,15.2917,2,51,37
04-Nov-2025,24791.6,Put,24700,189,10.95,15.2917,11,44,37
25-Nov-2025,24791.6,Put,26500,1453,14.29,15.2917,-30,881,37
07-Oct-2025,24791.6,Put,25650,823.95,0,15.2917,8,53,36
30-Jun-2026,24791.6,Put,26000,952,14.87,15.2917,19,323,36
30-Dec-2025,24791.6,Put,24350,223.6,12.64,15.2917,14,30,36
14-Oct-2025,24791.6,Call,24350,530.2,10.8,15.2917,-2,162,35
25-Nov-2025,24791.6,Put,24950,350.15,11.8,15.2917,5,338,35
25-Nov-2025,24791.6,Put,24850,299.1,11.42,15.2917,-3,108,35
28-Oct-2025,24791.6,Put,22650,6.95,17.54,15.2917,0,188,34
04-Nov-2025,24791.6,Put,24800,220,10.71,15.2917,17,33,34
25-Nov-2025,24791.6,Call,25750,124,8.87,15.2917,0,220,34
07-Oct-2025,24791.6,Put,25550,730.75,0,15.2917,-6,115,33
20-Oct-2025,24791.6,Put,23650,10.25,13.4,15.2917,10,38,32
20-Oct-2025,24791.6,Call,26250,3.7,11.53,15.2917,22,77,31
20-Oct-2025,24791.6,Put,23700,11.5,13.23,15.2917,17,21,31
28-Oct-2025,24791.6,Call,23800,1170.05,11.51,15.2917,7,356,31
29-Dec-2026,24791.6,Call,28000,867.7,7.66,15.2917,4,556,31
14-Oct-2025,24791.6,Call,26750,1.1,16.26,15.2917,0,34,30
25-Nov-2025,24791.6,Put,22900,25.6,14.56,15.2917,17,164,30
30-Dec-2025,24791.6,Put,24700,319.6,12.5,15.2917,16,88,30
31-Mar-2026,24791.6,Call,24000,1816.25,0,15.2917,-2,1856,29
28-Oct-2025,24791.6,Put,25700,801,10.83,15.2917,-2,1577,28
25-Nov-2025,24791.6,Put,25300,516.3,11.67,15.2917,3,643,27
14-Oct-2025,24791.6,Put,25700,841.05,11,15.2917,3,17,26
30-Dec-2025,24791.6,Put,24600,289.35,12.5,15.2917,8,47,26
29-Dec-2026,24791.6,Put,25000,815,17.95,15.2917,4,2636.66666667,26
07-Oct-2025,24791.6,Put,25800,945.8,0,15.2917,0,432,25
14-Oct-2025,24791.6,Put,25800,960,15.64,15.2917,4,58,25
30-Dec-2025,24791.6,Call,25600,334,9.01,15.2917,-11,27,25
14-Oct-2025,24791.6,Put,25450,600.35,9.79,15.2917,4,57,24
28-Oct-2025,24791.6,Put,25550,660.5,10.44,15.2917,-4,322,24
04-Nov-2025,24791.6,Put,24500,134.6,11.26,15.2917,18,27,24
04-Nov-2025,24791.6,Put,23500,23.1,13.41,15.2917,16,76,23
28-Oct-2025,24791.6,Call,26650,4.25,11.59,15.2917,-11,281,23
25-Nov-2025,24791.6,Put,24750,264.9,11.63,15.2917,4,158,23
30-Dec-2025,24791.6,Call,22000,3185,0,15.2917,-2,6154.66666667,23
30-Dec-2025,24791.6,Call,21000,4164.5,0,15.2917,12,5278.66666667,23
28-Oct-2025,24791.6,Call,24450,565.9,8.4,15.2917,0,184,22
25-Nov-2025,24791.6,Put,25050,385,11.72,15.2917,18,75,22
30-Dec-2025,24791.6,Call,20000,5120,0,15.2917,11,4877,22
30-Dec-2025,24791.6,Put,25600,710.7,12.33,15.2917,0,8,22
14-Oct-2025,24791.6,Put,26000,1120.6,0,15.2917,2,1238,21
20-Oct-2025,24791.6,Put,25150,359.95,10.11,15.2917,7,21,21
20-Oct-2025,24791.6,Put,25500,613.45,8.52,15.2917,-1,56,21
07-Oct-2025,24791.6,Put,25750,930.55,0,15.2917,1,20,20
14-Oct-2025,24791.6,Call,24100,751.1,0,15.2917,1,12,20
20-Oct-2025,24791.6,Call,26800,2.4,14.36,15.2917,10,24,20
14-Oct-2025,24791.6,Put,25900,1039.1,12.65,15.2917,0,12,19
28-Oct-2025,24791.6,Call,24100,880,9.91,15.2917,3,187,19
29-Dec-2026,24791.6,Put,24000,575,18.06,15.2917,4,1325.33333333,19
14-Oct-2025,24791.6,Call,23800,1045.05,0,15.2917,1,3,18
14-Oct-2025,24791.6,Call,27050,1,18.27,15.2917,0,21,18
30-Dec-2025,24791.6,Call,24500,954,7.44,15.2917,2,662,18
30-Dec-2025,24791.6,Put,25100,458.3,12.24,15.2917,-13,56,18
20-Oct-2025,24791.6,Put,25050,284.2,9.54,15.2917,1,43,17
28-Oct-2025,24791.6,Call,27100,2.65,13.25,15.2917,-2,267,17
25-Nov-2025,24791.6,Call,23500,1571.4,0,15.2917,-3,216,17
25-Nov-2025,24791.6,Call,24200,964,6.1,15.2917,0,77,17
25-Nov-2025,24791.6,Call,25850,100.35,9.09,15.2917,1,414,17
30-Dec-2025,24791.6,Put,24200,190.55,12.63,15.2917,4,55,17
14-Oct-2025,24791.6,Call,23700,1156,0,15.2917,0,8,16
14-Oct-2025,24791.6,Call,26650,1.1,15.52,15.2917,0,19,16
28-Oct-2025,24791.6,Call,24350,637.3,8.11,15.2917,4,111,16
04-Nov-2025,24791.6,Put,24400,115,11.52,15.2917,4,31,16
25-Nov-2025,24791.6,Put,24650,236.8,11.82,15.2917,-7,69,16
30-Dec-2025,24791.6,Put,24300,211.9,12.65,15.2917,12,94,16
14-Oct-2025,24791.6,Call,23900,960,0,15.2917,3,7,15
30-Dec-2025,24791.6,Call,24900,703,8.69,15.2917,3,46,15
30-Dec-2025,24791.6,Call,25300,465.1,8.78,15.2917,-4,15,15
29-Dec-2026,24791.6,Call,29000,572.9,8.21,15.2917,0,571,15
20-Oct-2025,24791.6,Put,22950,4.45,17.29,15.2917,2,167,14
25-Nov-2025,24791.6,Put,23650,58,12.82,15.2917,11,68,14
30-Dec-2025,24791.6,Put,25700,775.2,12.46,15.2917,4,24,14
30-Jun-2026,24791.6,Put,22000,121,16.3,15.2917,8,121,14
20-Oct-2025,24791.6,Call,27100,1.95,15.85,15.2917,6,136,13
04-Nov-2025,24791.6,Put,24900,267,10.87,15.2917,5,6,13
25-Nov-2025,24791.6,Put,25400,580.95,11.84,15.2917,-2,357,13
25-Nov-2025,24791.6,Call,25650,150.3,8.96,15.2917,5,75,13
30-Jun-2026,24791.6,Put,23000,198,15.35,15.2917,6,234,13
30-Dec-2025,24791.6,Put,24450,250.45,12.65,15.2917,12,15,13
29-Dec-2026,24791.6,Put,26000,1118,17.86,15.2917,2,1571,13
29-Dec-2026,24791.6,Call,27000,1305,6.92,15.2917,3,872,13
14-Oct-2025,24791.6,Call,24250,621.1,8.89,15.2917,0,28,12
28-Oct-2025,24791.6,Put,23550,15.2,13.28,15.2917,0,233,12
28-Oct-2025,24791.6,Call,23900,1040,0,15.2917,-2,65,12
04-Nov-2025,24791.6,Put,24950,289.45,10.38,15.2917,3,5,12
04-Nov-2025,24791.6,Put,24000,54.55,12.09,15.2917,-1,120,12
29-Dec-2026,24791.6,Put,20000,139.6,20.34,15.2917,1,584.333333333,12
29-Dec-2026,24791.6,Put,27000,1500,17.92,15.2917,6,709,12
14-Oct-2025,24791.6,Put,25550,694.15,9.97,15.2917,2,47,11
28-Oct-2025,24791.6,Call,23600,1320,0,15.2917,7,87,11
25-Nov-2025,24791.6,Put,25700,766.35,11.69,15.2917,3,178,11
25-Nov-2025,24791.6,Put,24550,200.55,11.6,15.2917,-2,97,11
30-Dec-2025,24791.6,Put,13000,3.35,48.91,15.2917,0,311.666666667,11
20-Oct-2025,24791.6,Call,27050,2.55,16.05,15.2917,0,38,10
28-Oct-2025,24791.6,Put,26600,1665,16.72,15.2917,0,65,10
04-Nov-2025,24791.6,Put,23250,18.5,14.45,15.2917,-5,55,10
25-Nov-2025,24791.6,Call,24750,565,8.81,15.2917,3,37,10
30-Dec-2025,24791.6,Put,28000,2740.5,19.42,15.2917,0,10933.3333333,10
30-Dec-2025,24791.6,Call,25250,493,8.64,15.2917,8,11,10
30-Dec-2025,24791.6,Put,24750,329.75,12.35,15.2917,2,27,10
30-Dec-2025,24791.6,Put,25250,527.55,12.37,15.2917,4,7,10
04-Nov-2025,24791.6,Call,25250,161,8.96,15.2917,5,8,9
04-Nov-2025,24791.6,Call,24950,298.1,9.17,15.2917,2,3,9
25-Nov-2025,24791.6,Call,24300,873,7.17,15.2917,4,100,9
25-Nov-2025,24791.6,Put,25800,850.1,0,15.2917,0,190,9
30-Jun-2026,24791.6,Call,25000,1538.95,0,15.2917,7,158,9
31-Mar-2026,24791.6,Put,27000,1541.45,14.43,15.2917,5,3086,9
29-Dec-2026,24791.6,Put,23000,404,18.26,15.2917,1,912,9
20-Oct-2025,24791.6,Call,26450,3,12.45,15.2917,-1,11,8
04-Nov-2025,24791.6,Put,25000,315,10.61,15.2917,5,62,8
25-Nov-2025,24791.6,Put,25600,709.5,11.98,15.2917,-2,197,8
30-Dec-2025,24791.6,Put,17000,6.25,32.54,15.2917,0,1029.66666667,8
31-Mar-2026,24791.6,Put,28000,2385,17.14,15.2917,-1,1133,8
28-Oct-2025,24791.6,Call,27050,2.5,13.08,15.2917,-2,15,7
30-Dec-2025,24791.6,Put,24900,381.8,12.57,15.2917,0,59,7
30-Dec-2025,24791.6,Put,23200,71,13.96,15.2917,1,6,7
29-Dec-2026,24791.6,Call,31000,217,8.97,15.2917,1,255,7
29-Dec-2026,24791.6,Call,30000,350,8.59,15.2917,1,754,7
07-Oct-2025,24791.6,Put,27050,2189.7,0,15.2917,0,1,6
07-Oct-2025,24791.6,Call,22850,1955.75,0,15.2917,0,4,6
20-Oct-2025,24791.6,Call,26700,2.3,13.65,15.2917,0,72,6
28-Oct-2025,24791.6,Put,25900,954.05,9.69,15.2917,0,252,6
28-Oct-2025,24791.6,Put,23250,10.1,14.33,15.2917,-1,156,6
04-Nov-2025,24791.6,Put,23350,19.5,13.9,15.2917,5,23,6
04-Nov-2025,24791.6,Call,25100,221,9.14,15.2917,2,9,6
28-Oct-2025,24791.6,Put,26700,1774.4,18.51,15.2917,2,100,6
30-Dec-2025,24791.6,Put,15000,4.9,40.64,15.2917,3,162.333333333,6
30-Dec-2025,24791.6,Put,30000,4679,27.24,15.2917,1,2412.33333333,6
30-Dec-2025,24791.6,Put,24400,235,12.66,15.2917,4,47,6
29-Dec-2026,24791.6,Put,13000,1.1,22.28,15.2917,0,27,6
29-Dec-2026,24791.6,Call,26000,1835,3.91,15.2917,0,363,6
07-Oct-2025,24791.6,Put,26500,1640,0,15.2917,0,96,5
20-Oct-2025,24791.6,Put,25250,410,8.92,15.2917,1,9,5
20-Oct-2025,24791.6,Put,23150,6.2,16.47,15.2917,0,111,5
28-Oct-2025,24791.6,Put,26200,1275.4,14.33,15.2917,0,1286,5
04-Nov-2025,24791.6,Put,24850,245.5,10.89,15.2917,1,2,5
04-Nov-2025,24791.6,Call,24750,410,9.01,15.2917,4,19,5
25-Nov-2025,24791.6,Call,24850,493.1,8.65,15.2917,1,27,5
25-Nov-2025,24791.6,Call,25450,209.15,8.85,15.2917,-1,58,5
07-Oct-2025,24791.6,Call,23600,1239.7,32.11,15.2917,-2,43,4
04-Nov-2025,24791.6,Put,23300,17.5,13.95,15.2917,3,44,4
04-Nov-2025,24791.6,Put,24600,166,11.35,15.2917,-3,19,4
30-Dec-2025,24791.6,Call,24850,734.9,8.66,15.2917,2,10,4
30-Dec-2025,24791.6,Call,24700,816.75,8.94,15.2917,-2,50,4
30-Dec-2025,24791.6,Put,25800,843.7,12.79,15.2917,2,10,4
30-Dec-2025,24791.6,Put,25550,701.2,12.78,15.2917,0,1,4
29-Dec-2026,24791.6,Call,25000,2428,0,15.2917,2,768.666666667,4
20-Oct-2025,24791.6,Call,24400,526.8,9.22,15.2917,2,31,3
04-Nov-2025,24791.6,Call,24500,610.65,10.09,15.2917,2,7,3
28-Oct-2025,24791.6,Put,26100,1186.1,14.31,15.2917,0,265,3
28-Oct-2025,24791.6,Put,26400,1450,13.29,15.2917,2,171,3
04-Nov-2025,24791.6,Call,24700,448.45,9.23,15.2917,-1,25,3
30-Dec-2025,24791.6,Call,24750,786.05,8.22,15.2917,0,4,3
30-Dec-2025,24791.6,Put,24550,273.5,12.51,15.2917,1,17,3
30-Dec-2025,24791.6,Call,25750,284.25,8.91,15.2917,2,15,3
30-Dec-2025,24791.6,Call,25850,255.85,9.04,15.2917,2,27,3
29-Dec-2026,24791.6,Put,21000,190,19.35,15.2917,1,489.666666667,3
07-Oct-2025,24791.6,Call,23250,1624.55,48.95,15.2917,1,1,2
07-Oct-2025,24791.6,Call,23700,1146,31.69,15.2917,0,115,2
20-Oct-2025,24791.6,Put,23300,8.25,15.93,15.2917,0,19,2
28-Oct-2025,24791.6,Call,24150,824.9,8.92,15.2917,-1,22,2
28-Oct-2025,24791.6,Call,23700,1220,0,15.2917,0,38,2
28-Oct-2025,24791.6,Put,26800,1850,16.45,15.2917,-1,96,2
28-Oct-2025,24791.6,Put,23150,9.5,0,15.2917,0,469,2
04-Nov-2025,24791.6,Call,25200,175.1,8.82,15.2917,0,52,2
04-Nov-2025,24791.6,Call,25050,238.45,8.83,15.2917,0,3,2
04-Nov-2025,24791.6,Call,24900,338.25,9.63,15.2917,0,3,2
04-Nov-2025,24791.6,Call,24850,353.3,9.17,15.2917,1,1,2
04-Nov-2025,24791.6,Put,25500,630.25,11.19,15.2917,0,1,2
04-Nov-2025,24791.6,Put,22900,5.1,13.7,15.2917,1,2,2
25-Nov-2025,24791.6,Put,25450,582.5,11.07,15.2917,1,8,2
25-Nov-2025,24791.6,Call,24650,612.1,8.1,15.2917,0,50,2
25-Nov-2025,24791.6,Call,26150,57.05,9.07,15.2917,0,67,2
25-Nov-2025,24791.6,Call,25350,255.35,9.09,15.2917,0,82,2
30-Dec-2025,24791.6,Put,22850,71.1,15.71,15.2917,0,40,2
30-Dec-2025,24791.6,Put,25150,483.6,12.32,15.2917,1,3,2
30-Dec-2025,24791.6,Call,26500,134.85,10.07,0,0,1,2
07-Oct-2025,24791.6,Call,23200,1630,36.72,15.2917,0,22,1
07-Oct-2025,24791.6,Put,26100,1300,30.02,15.2917,0,15,1
07-Oct-2025,24791.6,Put,26200,1383,21.47,15.2917,0,30,1
07-Oct-2025,24791.6,Put,26050,1201.85,0,15.2917,0,8,1
14-Oct-2025,24791.6,Call,23500,1362.75,14.19,15.2917,0,23,1
20-Oct-2025,24791.6,Call,25950,9.75,10.91,15.2917,0,110,1
20-Oct-2025,24791.6,Call,24450,507.35,9.74,15.2917,0,4,1
20-Oct-2025,24791.6,Call,24300,624.1,8.8,15.2917,0,109,1
28-Oct-2025,24791.6,Call,22600,2300,0,15.2917,0,141,1
20-Oct-2025,24791.6,Call,26400,3.8,12.52,15.2917,0,2,1
20-Oct-2025,24791.6,Call,26550,2.5,12.81,15.2917,0,3,1
20-Oct-2025,24791.6,Put,25400,554.1,10.6,15.2917,0,14,1
04-Nov-2025,24791.6,Put,23400,41.45,16.01,15.2917,0,4,1
28-Oct-2025,24791.6,Call,22800,2139,0,15.2917,0,1331,1
04-Nov-2025,24791.6,Call,24000,1151,17.45,15.2917,0,0,1
04-Nov-2025,24791.6,Put,23200,18.15,14.74,15.2917,0,21,1
25-Nov-2025,24791.6,Call,24400,793.4,7.52,15.2917,0,50,1
25-Nov-2025,24791.6,Put,24350,152.8,11.86,15.2917,0,58,1
25-Nov-2025,24791.6,Put,24450,177.7,11.84,15.2917,0,61,1
30-Dec-2025,24791.6,Put,16000,6,36.83,15.2917,0,208.333333333,1
30-Dec-2025,24791.6,Call,19000,6100,0,15.2917,0,146.666666667,1
30-Dec-2025,24791.6,Put,23750,227.05,16.63,15.2917,0,0,1
30-Dec-2025,24791.6,Put,24850,361.4,12.27,15.2917,0,22,1
25-Nov-2025,24791.6,Call,24550,680.2,7.85,15.2917,0,17,1
25-Nov-2025,24791.6,Call,23000,2062,0,15.2917,0,162,1
25-Nov-2025,24791.6,Put,24150,114.35,12.03,15.2917,0,59,1
25-Nov-2025,24791.6,Put,23150,37.3,14.41,15.2917,0,8,1
30-Dec-2025,24791.6,Put,26200,1095,12.67,15.2917,0,3,1
30-Dec-2025,24791.6,Call,25350,441.95,0,15.2917,0,1,1
30-Jun-2026,24791.6,Put,21000,98,18.39,15.2917,0,4833,1
30-Dec-2025,24791.6,Put,24650,302.6,12.48,15.2917,0,28,1
28-Dec-2027,24791.6,Put,27000,1618,21.42,15.2917,0,4,1
28-Dec-2027,24791.6,Put,25000,1000,20.83,15.2917,0,28,1
29-Dec-2026,24791.6,Put,28000,1990,18.36,15.2917,0,447,1
07-Oct-2025,24791.6,Call,23850,0,0,15.2917,0,15,0
07-Oct-2025,24791.6,Put,27000,0,0,15.2917,0,92,0
07-Oct-2025,24791.6,Put,26900,0,0,15.2917,0,0,0
07-Oct-2025,24791.6,Put,26350,0,0,15.2917,0,6,0
07-Oct-2025,24791.6,Put,27100,0,0,15.2917,0,0,0
07-Oct-2025,24791.6,Put,27150,0,0,15.2917,0,0,0
07-Oct-2025,24791.6,Put,26800,0,0,15.2917,0,0,0
07-Oct-2025,24791.6,Put,26650,0,0,15.2917,0,1,0
07-Oct-2025,24791.6,Put,26700,0,0,15.2917,0,0,0
07-Oct-2025,24791.6,Call,22950,0,0,15.2917,0,0,0
07-Oct-2025,24791.6,Call,23150,0,0,15.2917,0,0,0
07-Oct-2025,24791.6,Call,23400,0,0,15.2917,0,18,0
07-Oct-2025,24791.6,Call,23450,0,0,15.2917,0,4,0
07-Oct-2025,24791.6,Call,23550,0,0,15.2917,0,10,0
07-Oct-2025,24791.6,Call,23650,0,0,15.2917,0,13,0
07-Oct-2025,24791.6,Call,23050,0,0,15.2917,0,0,0
07-Oct-2025,24791.6,Put,26750,0,0,15.2917,0,0,0
07-Oct-2025,24791.6,Put,26850,0,0,15.2917,0,1,0
07-Oct-2025,24791.6,Call,22900,0,0,15.2917,0,89,0
07-Oct-2025,24791.6,Put,26950,0,0,15.2917,0,0,0
07-Oct-2025,24791.6,Put,26450,0,0,15.2917,0,6,0
07-Oct-2025,24791.6,Put,26300,0,0,15.2917,0,8,0
07-Oct-2025,24791.6,Put,26150,0,0,15.2917,0,7,0
07-Oct-2025,24791.6,Call,23800,0,0,15.2917,0,92,0
07-Oct-2025,24791.6,Call,23300,0,0,15.2917,0,10,0
07-Oct-2025,24791.6,Put,25950,0,0,15.2917,0,8,0
14-Oct-2025,24791.6,Call,22900,0,0,15.2917,0,0,0
07-Oct-2025,24791.6,Call,23750,0,0,15.2917,0,9,0
14-Oct-2025,24791.6,Call,22850,0,0,15.2917,0,0,0
07-Oct-2025,24791.6,Put,26550,0,0,15.2917,0,0,0
14-Oct-2025,24791.6,Call,23050,0,0,15.2917,0,0,0
07-Oct-2025,24791.6,Call,23100,0,0,15.2917,0,1,0
07-Oct-2025,24791.6,Put,26250,0,0,15.2917,0,8,0
07-Oct-2025,24791.6,Put,26400,0,0,15.2917,0,7,0
07-Oct-2025,24791.6,Put,26600,0,0,15.2917,0,0,0
07-Oct-2025,24791.6,Put,25900,0,0,15.2917,0,55,0
14-Oct-2025,24791.6,Call,23200,0,0,15.2917,0,1,0
14-Oct-2025,24791.6,Call,23150,0,0,15.2917,0,1,0
14-Oct-2025,24791.6,Call,23750,0,0,15.2917,0,1,0
14-Oct-2025,24791.6,Call,23650,0,0,15.2917,0,5,0
14-Oct-2025,24791.6,Put,26250,0,0,15.2917,0,1,0
14-Oct-2025,24791.6,Put,26200,0,0,15.2917,0,1,0
14-Oct-2025,24791.6,Put,26150,0,0,15.2917,0,3,0
14-Oct-2025,24791.6,Put,25950,0,0,15.2917,0,2,0
14-Oct-2025,24791.6,Put,25850,0,0,15.2917,0,2,0
14-Oct-2025,24791.6,Put,23950,0,0,15.2917,0,0,0
14-Oct-2025,24791.6,Put,23350,0,0,15.2917,0,146,0
14-Oct-2025,24791.6,Call,22950,0,0,15.2917,0,0,0
07-Oct-2025,24791.6,Call,23350,0,0,15.2917,0,0,0
14-Oct-2025,24791.6,Put,23050,0,0,15.2917,0,83,0
14-Oct-2025,24791.6,Call,23000,0,0,15.2917,0,0,0
20-Oct-2025,24791.6,Put,26250,0,0,15.2917,0,0,0
20-Oct-2025,24791.6,Put,26200,0,0,15.2917,0,0,0
20-Oct-2025,24791.6,Put,23550,0,0,15.2917,0,43,0
20-Oct-2025,24791.6,Call,26650,0,0,15.2917,0,6,0
20-Oct-2025,24791.6,Call,26600,0,0,15.2917,0,13,0
20-Oct-2025,24791.6,Call,23800,0,0,15.2917,0,7,0
20-Oct-2025,24791.6,Put,23450,0,0,15.2917,0,3,0
20-Oct-2025,24791.6,Call,23300,0,0,15.2917,0,0,0
20-Oct-2025,24791.6,Call,23350,0,0,15.2917,0,0,0
14-Oct-2025,24791.6,Call,24150,0,0,15.2917,0,17,0
14-Oct-2025,24791.6,Call,24050,0,0,15.2917,0,7,0
14-Oct-2025,24791.6,Call,23950,0,0,15.2917,0,2,0
14-Oct-2025,24791.6,Call,23850,0,0,15.2917,0,6,0
14-Oct-2025,24791.6,Call,23100,0,0,15.2917,0,0,0
14-Oct-2025,24791.6,Put,26050,0,0,15.2917,0,2,0
14-Oct-2025,24791.6,Put,25650,0,0,15.2917,0,7,0
14-Oct-2025,24791.6,Put,25750,0,0,15.2917,0,1,0
14-Oct-2025,24791.6,Call,26550,0,0,15.2917,0,13,0
14-Oct-2025,24791.6,Put,27150,0,0,15.2917,0,0,0
14-Oct-2025,24791.6,Put,27100,0,0,15.2917,0,27,0
14-Oct-2025,24791.6,Put,27050,0,0,15.2917,0,0,0
14-Oct-2025,24791.6,Put,27000,0,0,15.2917,0,0,0
14-Oct-2025,24791.6,Put,26950,0,0,15.2917,0,0,0
14-Oct-2025,24791.6,Put,26900,0,0,15.2917,0,0,0
14-Oct-2025,24791.6,Put,26850,0,0,15.2917,0,0,0
14-Oct-2025,24791.6,Put,26800,0,0,15.2917,0,0,0
14-Oct-2025,24791.6,Put,26750,0,0,15.2917,0,0,0
14-Oct-2025,24791.6,Put,26700,0,0,15.2917,0,0,0
14-Oct-2025,24791.6,Put,26650,0,0,15.2917,0,0,0
14-Oct-2025,24791.6,Put,26600,0,0,15.2917,0,0,0
14-Oct-2025,24791.6,Put,26550,0,0,15.2917,0,0,0
14-Oct-2025,24791.6,Put,26500,0,0,15.2917,0,3,0
14-Oct-2025,24791.6,Put,26450,0,0,15.2917,0,0,0
14-Oct-2025,24791.6,Put,26400,0,0,15.2917,0,0,0
14-Oct-2025,24791.6,Put,26350,0,0,15.2917,0,0,0
14-Oct-2025,24791.6,Put,26300,0,0,15.2917,0,0,0
14-Oct-2025,24791.6,Call,23600,0,0,15.2917,0,3,0
14-Oct-2025,24791.6,Call,23550,0,0,15.2917,0,2,0
14-Oct-2025,24791.6,Call,23450,0,0,15.2917,0,1,0
14-Oct-2025,24791.6,Call,23400,0,0,15.2917,0,1,0
14-Oct-2025,24791.6,Call,23350,0,0,15.2917,0,1,0
14-Oct-2025,24791.6,Call,23300,0,0,15.2917,0,1,0
14-Oct-2025,24791.6,Call,23250,0,0,15.2917,0,1,0
14-Oct-2025,24791.6,Put,26100,0,0,15.2917,0,3,0
20-Oct-2025,24791.6,Put,26350,0,0,15.2917,0,0,0
20-Oct-2025,24791.6,Put,26400,0,0,15.2917,0,0,0
20-Oct-2025,24791.6,Put,26600,0,0,15.2917,0,0,0
20-Oct-2025,24791.6,Put,26500,0,0,15.2917,0,0,0
20-Oct-2025,24791.6,Put,26550,0,0,15.2917,0,0,0
20-Oct-2025,24791.6,Put,26750,0,0,15.2917,0,0,0
20-Oct-2025,24791.6,Put,26850,0,0,15.2917,0,0,0
20-Oct-2025,24791.6,Put,26700,0,0,15.2917,0,0,0
20-Oct-2025,24791.6,Put,26800,0,0,15.2917,0,0,0
20-Oct-2025,24791.6,Put,26950,0,0,15.2917,0,0,0
20-Oct-2025,24791.6,Put,23100,0,0,15.2917,0,1,0
20-Oct-2025,24791.6,Call,26150,0,0,15.2917,0,0,0
20-Oct-2025,24791.6,Call,26050,0,0,15.2917,0,0,0
20-Oct-2025,24791.6,Call,25900,0,0,15.2917,0,0,0
20-Oct-2025,24791.6,Call,25750,0,0,15.2917,0,0,0
20-Oct-2025,24791.6,Call,25150,0,0,15.2917,0,0,0
20-Oct-2025,24791.6,Put,24100,0,0,15.2917,0,0,0
20-Oct-2025,24791.6,Put,25450,0,0,15.2917,0,8,0
20-Oct-2025,24791.6,Call,26100,0,0,15.2917,0,0,0
20-Oct-2025,24791.6,Call,26900,0,0,15.2917,0,9,0
20-Oct-2025,24791.6,Put,25800,0,0,15.2917,0,6,0
20-Oct-2025,24791.6,Call,26200,0,0,15.2917,0,0,0
20-Oct-2025,24791.6,Put,25350,0,0,15.2917,0,8,0
20-Oct-2025,24791.6,Put,24250,0,0,15.2917,0,0,0
20-Oct-2025,24791.6,Put,24150,0,0,15.2917,0,0,0
20-Oct-2025,24791.6,Put,23950,0,0,15.2917,0,0,0
20-Oct-2025,24791.6,Put,23900,0,0,15.2917,0,4,0
20-Oct-2025,24791.6,Put,27150,0,0,15.2917,0,8,0
20-Oct-2025,24791.6,Put,27100,0,0,15.2917,0,0,0
20-Oct-2025,24791.6,Put,27050,0,0,15.2917,0,0,0
20-Oct-2025,24791.6,Put,23250,0,0,15.2917,0,0,0
20-Oct-2025,24791.6,Call,23250,0,0,15.2917,0,0,0
20-Oct-2025,24791.6,Put,23200,0,0,15.2917,0,0,0
20-Oct-2025,24791.6,Call,23200,0,0,15.2917,0,0,0
20-Oct-2025,24791.6,Call,23150,0,0,15.2917,0,0,0
20-Oct-2025,24791.6,Put,26150,0,0,15.2917,0,0,0
20-Oct-2025,24791.6,Put,26100,0,0,15.2917,0,3,0
20-Oct-2025,24791.6,Put,26050,0,0,15.2917,0,3,0
20-Oct-2025,24791.6,Put,25850,0,0,15.2917,0,7,0
20-Oct-2025,24791.6,Put,25750,0,0,15.2917,0,6,0
20-Oct-2025,24791.6,Call,24550,0,0,15.2917,0,7,0
20-Oct-2025,24791.6,Call,24350,0,0,15.2917,0,9,0
20-Oct-2025,24791.6,Call,24250,0,0,15.2917,0,0,0
20-Oct-2025,24791.6,Call,24200,0,0,15.2917,0,2,0
20-Oct-2025,24791.6,Call,24150,0,0,15.2917,0,1,0
20-Oct-2025,24791.6,Call,24100,0,0,15.2917,0,1,0
20-Oct-2025,24791.6,Call,24050,0,0,15.2917,0,1,0
20-Oct-2025,24791.6,Call,24000,0,0,15.2917,0,14,0
20-Oct-2025,24791.6,Call,23950,0,0,15.2917,0,1,0
20-Oct-2025,24791.6,Call,23900,0,0,15.2917,0,0,0
20-Oct-2025,24791.6,Call,23850,0,0,15.2917,0,1,0
20-Oct-2025,24791.6,Call,23750,0,0,15.2917,0,1,0
20-Oct-2025,24791.6,Call,23700,0,0,15.2917,0,2,0
20-Oct-2025,24791.6,Call,23650,0,0,15.2917,0,1,0
20-Oct-2025,24791.6,Call,23600,0,0,15.2917,0,0,0
20-Oct-2025,24791.6,Put,26300,0,0,15.2917,0,3,0
20-Oct-2025,24791.6,Call,23400,0,0,15.2917,0,0,0
20-Oct-2025,24791.6,Put,26450,0,0,15.2917,0,0,0
20-Oct-2025,24791.6,Call,23500,0,0,15.2917,0,0,0
20-Oct-2025,24791.6,Put,26650,0,0,15.2917,0,0,0
20-Oct-2025,24791.6,Call,23550,0,0,15.2917,0,0,0
20-Oct-2025,24791.6,Call,23450,0,0,15.2917,0,0,0
20-Oct-2025,24791.6,Put,26900,0,0,15.2917,0,0,0
28-Oct-2025,24791.6,Call,22750,0,0,15.2917,0,0,0
28-Oct-2025,24791.6,Call,22700,0,0,15.2917,0,159,0
28-Oct-2025,24791.6,Call,22650,0,0,15.2917,0,0,0
28-Oct-2025,24791.6,Call,23550,0,0,15.2917,0,6,0
28-Oct-2025,24791.6,Call,23450,0,0,15.2917,0,2,0
28-Oct-2025,24791.6,Call,23400,0,0,15.2917,0,63,0
28-Oct-2025,24791.6,Call,23350,0,0,15.2917,0,5,0
20-Oct-2025,24791.6,Call,23050,0,0,15.2917,0,0,0
20-Oct-2025,24791.6,Call,23000,0,0,15.2917,0,0,0
20-Oct-2025,24791.6,Call,22950,0,0,15.2917,0,0,0
20-Oct-2025,24791.6,Call,22900,0,0,15.2917,0,0,0
20-Oct-2025,24791.6,Call,23100,0,0,15.2917,0,0,0
20-Oct-2025,24791.6,Put,25900,0,0,15.2917,0,6,0
20-Oct-2025,24791.6,Put,23050,0,0,15.2917,0,1,0
20-Oct-2025,24791.6,Put,22850,0,0,15.2917,0,4,0
20-Oct-2025,24791.6,Call,22850,0,0,15.2917,0,0,0
20-Oct-2025,24791.6,Put,25950,0,0,15.2917,0,8,0
20-Oct-2025,24791.6,Put,25300,0,0,15.2917,0,96,0
20-Oct-2025,24791.6,Put,27000,0,0,15.2917,0,0,0
20-Oct-2025,24791.6,Put,26000,0,0,15.2917,0,10,0
20-Oct-2025,24791.6,Put,22900,0,0,15.2917,0,36,0
20-Oct-2025,24791.6,Put,23750,0,0,15.2917,0,0,0
20-Oct-2025,24791.6,Call,26750,0,0,15.2917,0,30,0
20-Oct-2025,24791.6,Put,25700,0,0,15.2917,0,8,0
20-Oct-2025,24791.6,Put,25650,0,0,15.2917,0,8,0
20-Oct-2025,24791.6,Call,26950,0,0,15.2917,0,20,0
20-Oct-2025,24791.6,Put,23350,0,0,15.2917,0,0,0
20-Oct-2025,24791.6,Call,26350,0,0,15.2917,0,0,0
20-Oct-2025,24791.6,Put,25550,0,0,15.2917,0,8,0
20-Oct-2025,24791.6,Put,25600,0,0,15.2917,0,8,0
20-Oct-2025,24791.6,Call,25850,0,0,15.2917,0,1,0
20-Oct-2025,24791.6,Put,24050,0,0,15.2917,0,0,0
20-Oct-2025,24791.6,Put,24350,0,0,15.2917,0,0,0
20-Oct-2025,24791.6,Put,23850,0,0,15.2917,0,1,0
28-Oct-2025,24791.6,Put,26950,0,0,15.2917,0,19,0
28-Oct-2025,24791.6,Call,26550,0,0,15.2917,0,79,0
28-Oct-2025,24791.6,Call,26450,0,0,15.2917,0,0,0
28-Oct-2025,24791.6,Put,25950,0,0,15.2917,0,50,0
28-Oct-2025,24791.6,Put,25850,0,0,15.2917,0,89,0
28-Oct-2025,24791.6,Call,23300,0,0,15.2917,0,53,0
28-Oct-2025,24791.6,Call,23250,0,0,15.2917,0,0,0
28-Oct-2025,24791.6,Call,23200,0,0,15.2917,0,14,0
28-Oct-2025,24791.6,Call,23150,0,0,15.2917,0,1,0
28-Oct-2025,24791.6,Call,23100,0,0,15.2917,0,9,0
28-Oct-2025,24791.6,Call,23050,0,0,15.2917,0,1,0
28-Oct-2025,24791.6,Put,26850,0,0,15.2917,0,14,0
28-Oct-2025,24791.6,Call,26150,0,0,15.2917,0,0,0
28-Oct-2025,24791.6,Call,26050,0,0,15.2917,0,0,0
28-Oct-2025,24791.6,Put,26250,0,0,15.2917,0,52,0
28-Oct-2025,24791.6,Call,24050,0,0,15.2917,0,25,0
28-Oct-2025,24791.6,Call,23950,0,0,15.2917,0,26,0
28-Oct-2025,24791.6,Call,23850,0,0,15.2917,0,6,0
28-Oct-2025,24791.6,Call,23750,0,0,15.2917,0,3,0
28-Oct-2025,24791.6,Call,23650,0,0,15.2917,0,3,0
28-Oct-2025,24791.6,Call,26950,0,0,15.2917,0,24,0
28-Oct-2025,24791.6,Put,27150,0,0,15.2917,0,65,0
28-Oct-2025,24791.6,Put,27050,0,0,15.2917,0,0,0
28-Oct-2025,24791.6,Put,27100,0,0,15.2917,0,36,0
28-Oct-2025,24791.6,Put,26900,0,0,15.2917,0,34,0
04-Nov-2025,24791.6,Call,25300,0,0,15.2917,0,0,0
04-Nov-2025,24791.6,Put,24550,0,0,15.2917,0,0,0
04-Nov-2025,24791.6,Put,23150,0,0,15.2917,0,0,0
04-Nov-2025,24791.6,Call,26850,0,0,15.2917,0,0,0
04-Nov-2025,24791.6,Call,26500,0,0,15.2917,0,0,0
04-Nov-2025,24791.6,Put,23600,0,0,15.2917,0,0,0
04-Nov-2025,24791.6,Put,24100,0,0,15.2917,0,0,0
04-Nov-2025,24791.6,Put,24150,0,0,15.2917,0,0,0
04-Nov-2025,24791.6,Put,23850,0,0,15.2917,0,0,0
04-Nov-2025,24791.6,Put,23800,0,0,15.2917,0,0,0
04-Nov-2025,24791.6,Put,25450,0,0,15.2917,0,0,0
04-Nov-2025,24791.6,Call,26150,0,0,15.2917,0,0,0
04-Nov-2025,24791.6,Call,25550,0,0,15.2917,0,0,0
04-Nov-2025,24791.6,Call,25450,0,0,15.2917,0,0,0
04-Nov-2025,24791.6,Call,25400,0,0,15.2917,0,0,0
04-Nov-2025,24791.6,Put,23700,0,0,15.2917,0,0,0
04-Nov-2025,24791.6,Put,23450,0,0,15.2917,0,1,0
04-Nov-2025,24791.6,Call,26300,0,0,15.2917,0,0,0
04-Nov-2025,24791.6,Put,25050,0,0,15.2917,0,0,0
04-Nov-2025,24791.6,Put,24300,0,0,15.2917,0,0,0
04-Nov-2025,24791.6,Put,24250,0,0,15.2917,0,0,0
04-Nov-2025,24791.6,Put,24200,0,0,15.2917,0,0,0
04-Nov-2025,24791.6,Put,22850,0,0,15.2917,0,0,0
04-Nov-2025,24791.6,Put,25250,0,0,15.2917,0,10,0
04-Nov-2025,24791.6,Call,24550,0,0,15.2917,0,0,0
28-Oct-2025,24791.6,Put,26150,0,0,15.2917,0,17,0
28-Oct-2025,24791.6,Put,26050,0,0,15.2917,0,22,0
28-Oct-2025,24791.6,Put,26450,0,0,15.2917,0,17,0
28-Oct-2025,24791.6,Put,26350,0,0,15.2917,0,15,0
28-Oct-2025,24791.6,Call,26350,0,0,15.2917,0,0,0
28-Oct-2025,24791.6,Put,26300,0,0,15.2917,0,345,0
28-Oct-2025,24791.6,Put,26650,0,0,15.2917,0,5,0
28-Oct-2025,24791.6,Put,26750,0,0,15.2917,0,8,0
28-Oct-2025,24791.6,Put,25750,0,0,15.2917,0,97,0
28-Oct-2025,24791.6,Put,26550,0,0,15.2917,0,8,0
28-Oct-2025,24791.6,Put,25650,0,0,15.2917,0,108,0
28-Oct-2025,24791.6,Call,22950,0,0,15.2917,0,1,0
28-Oct-2025,24791.6,Call,22900,0,0,15.2917,0,1,0
28-Oct-2025,24791.6,Call,22850,0,0,15.2917,0,1,0
28-Oct-2025,24791.6,Call,24250,0,0,15.2917,0,79,0
25-Nov-2025,24791.6,Put,25250,0,0,15.2917,0,41,0
25-Nov-2025,24791.6,Call,24050,0,0,15.2917,0,2,0
25-Nov-2025,24791.6,Call,23850,0,0,15.2917,0,5,0
25-Nov-2025,24791.6,Call,23550,0,0,15.2917,0,0,0
25-Nov-2025,24791.6,Call,23400,0,0,15.2917,0,0,0
25-Nov-2025,24791.6,Call,23350,0,0,15.2917,0,0,0
25-Nov-2025,24791.6,Call,23300,0,0,15.2917,0,3,0
25-Nov-2025,24791.6,Call,23250,0,0,15.2917,0,1,0
25-Nov-2025,24791.6,Call,23200,0,0,15.2917,0,9,0
25-Nov-2025,24791.6,Call,23150,0,0,15.2917,0,0,0
25-Nov-2025,24791.6,Call,23100,0,0,15.2917,0,0,0
25-Nov-2025,24791.6,Call,23050,0,0,15.2917,0,1,0
25-Nov-2025,24791.6,Call,22950,0,0,15.2917,0,0,0
25-Nov-2025,24791.6,Put,26100,0,0,15.2917,0,23,0
25-Nov-2025,24791.6,Put,26050,0,0,15.2917,0,1,0
25-Nov-2025,24791.6,Call,25950,0,0,15.2917,0,0,0
25-Nov-2025,24791.6,Call,24150,0,0,15.2917,0,3,0
04-Nov-2025,24791.6,Call,26400,0,0,15.2917,0,0,0
04-Nov-2025,24791.6,Put,23750,0,0,15.2917,0,0,0
04-Nov-2025,24791.6,Put,23050,0,0,15.2917,0,0,0
04-Nov-2025,24791.6,Put,24450,0,0,15.2917,0,0,0
04-Nov-2025,24791.6,Put,24350,0,0,15.2917,0,0,0
04-Nov-2025,24791.6,Call,26700,0,0,15.2917,0,0,0
04-Nov-2025,24791.6,Call,26650,0,0,15.2917,0,0,0
04-Nov-2025,24791.6,Call,25750,0,0,15.2917,0,0,0
04-Nov-2025,24791.6,Call,26200,0,0,15.2917,0,0,0
04-Nov-2025,24791.6,Call,25850,0,0,15.2917,0,0,0
04-Nov-2025,24791.6,Call,26450,0,0,15.2917,0,0,0
04-Nov-2025,24791.6,Put,24750,0,0,15.2917,0,7,0
04-Nov-2025,24791.6,Put,25400,0,0,15.2917,0,0,0
04-Nov-2025,24791.6,Put,25350,0,0,15.2917,0,0,0
04-Nov-2025,24791.6,Call,26350,0,0,15.2917,0,0,0
04-Nov-2025,24791.6,Call,26050,0,0,15.2917,0,0,0
04-Nov-2025,24791.6,Call,25150,0,0,15.2917,0,5,0
04-Nov-2025,24791.6,Put,25200,0,0,15.2917,0,0,0
04-Nov-2025,24791.6,Put,25150,0,0,15.2917,0,0,0
04-Nov-2025,24791.6,Call,26800,0,0,15.2917,0,0,0
04-Nov-2025,24791.6,Call,25950,0,0,15.2917,0,0,0
04-Nov-2025,24791.6,Call,26550,0,0,15.2917,0,24,0
04-Nov-2025,24791.6,Call,24450,0,0,15.2917,0,0,0
04-Nov-2025,24791.6,Call,24400,0,0,15.2917,0,0,0
04-Nov-2025,24791.6,Call,24300,0,0,15.2917,0,0,0
04-Nov-2025,24791.6,Call,24200,0,0,15.2917,0,0,0
04-Nov-2025,24791.6,Call,24100,0,0,15.2917,0,0,0
04-Nov-2025,24791.6,Put,23100,0,0,15.2917,0,4,0
04-Nov-2025,24791.6,Put,23000,0,0,15.2917,0,1,0
04-Nov-2025,24791.6,Put,22950,0,0,15.2917,0,0,0
04-Nov-2025,24791.6,Call,26250,0,0,15.2917,0,0,0
04-Nov-2025,24791.6,Put,23650,0,0,15.2917,0,0,0
04-Nov-2025,24791.6,Call,26100,0,0,15.2917,0,0,0
04-Nov-2025,24791.6,Call,26750,0,0,15.2917,0,1,0
04-Nov-2025,24791.6,Call,25800,0,0,15.2917,0,0,0
04-Nov-2025,24791.6,Put,24650,0,0,15.2917,0,1,0
04-Nov-2025,24791.6,Call,26600,0,0,15.2917,0,0,0
04-Nov-2025,24791.6,Put,25100,0,0,15.2917,0,1,0
04-Nov-2025,24791.6,Put,23550,0,0,15.2917,0,0,0
04-Nov-2025,24791.6,Call,26000,0,0,15.2917,0,0,0
04-Nov-2025,24791.6,Call,24650,0,0,15.2917,0,6,0
04-Nov-2025,24791.6,Call,24600,0,0,15.2917,0,0,0
04-Nov-2025,24791.6,Put,24050,0,0,15.2917,0,0,0
04-Nov-2025,24791.6,Put,23950,0,0,15.2917,0,0,0
04-Nov-2025,24791.6,Put,23900,0,0,15.2917,0,0,0
04-Nov-2025,24791.6,Call,25350,0,0,15.2917,0,0,0
04-Nov-2025,24791.6,Put,25300,0,0,15.2917,0,2,0
25-Nov-2025,24791.6,Put,25350,0,0,15.2917,0,26,0
25-Nov-2025,24791.6,Put,26950,0,0,15.2917,0,0,0
25-Nov-2025,24791.6,Put,27100,0,0,15.2917,0,0,0
25-Nov-2025,24791.6,Call,27100,0,0,15.2917,0,0,0
25-Nov-2025,24791.6,Put,27050,0,0,15.2917,0,0,0
25-Nov-2025,24791.6,Put,26850,0,0,15.2917,0,0,0
25-Nov-2025,24791.6,Call,26850,0,0,15.2917,0,0,0
25-Nov-2025,24791.6,Put,26450,0,0,15.2917,0,10,0
25-Nov-2025,24791.6,Call,26450,0,0,15.2917,0,0,0
25-Nov-2025,24791.6,Call,24100,0,0,15.2917,0,12,0
25-Nov-2025,24791.6,Put,23950,0,0,15.2917,0,37,0
25-Nov-2025,24791.6,Call,23950,0,0,15.2917,0,1,0
25-Nov-2025,24791.6,Call,23900,0,0,15.2917,0,1,0
25-Nov-2025,24791.6,Put,23850,0,0,15.2917,0,3,0
25-Nov-2025,24791.6,Call,23800,0,0,15.2917,0,4,0
25-Nov-2025,24791.6,Put,23750,0,0,15.2917,0,0,0
25-Nov-2025,24791.6,Call,23750,0,0,15.2917,0,1,0
25-Nov-2025,24791.6,Call,23700,0,0,15.2917,0,3,0
25-Nov-2025,24791.6,Call,23600,0,0,15.2917,0,0,0
25-Nov-2025,24791.6,Call,22700,0,0,15.2917,0,0,0
25-Nov-2025,24791.6,Call,26750,0,0,15.2917,0,0,0
25-Nov-2025,24791.6,Put,25950,0,0,15.2917,0,6,0
25-Nov-2025,24791.6,Put,23550,0,0,15.2917,0,0,0
25-Nov-2025,24791.6,Call,26250,0,0,15.2917,0,0,0
25-Nov-2025,24791.6,Put,25650,0,0,15.2917,0,65,0
25-Nov-2025,24791.6,Put,25550,0,0,15.2917,0,19,0
25-Nov-2025,24791.6,Put,26650,0,0,15.2917,0,0,0
25-Nov-2025,24791.6,Call,24350,0,0,15.2917,0,4,0
25-Nov-2025,24791.6,Put,24250,0,0,15.2917,0,55,0
25-Nov-2025,24791.6,Call,24250,0,0,15.2917,0,2,0
25-Nov-2025,24791.6,Call,24450,0,0,15.2917,0,4,0
25-Nov-2025,24791.6,Call,24950,0,0,15.2917,0,89,0
25-Nov-2025,24791.6,Put,26600,0,0,15.2917,0,0,0
25-Nov-2025,24791.6,Put,27150,0,0,15.2917,0,0,0
25-Nov-2025,24791.6,Put,26250,0,0,15.2917,0,2,0
25-Nov-2025,24791.6,Put,26550,0,0,15.2917,0,0,0
25-Nov-2025,24791.6,Call,26550,0,0,15.2917,0,0,0
25-Nov-2025,24791.6,Put,26700,0,0,15.2917,0,0,0
25-Nov-2025,24791.6,Put,26750,0,0,15.2917,0,0,0
25-Nov-2025,24791.6,Put,26400,0,0,15.2917,0,9,0
25-Nov-2025,24791.6,Call,26400,0,0,15.2917,0,0,0
25-Nov-2025,24791.6,Put,26350,0,0,15.2917,0,5,0
25-Nov-2025,24791.6,Call,26350,0,0,15.2917,0,0,0
25-Nov-2025,24791.6,Put,26300,0,0,15.2917,0,6,0
25-Nov-2025,24791.6,Put,25900,0,0,15.2917,0,17,0
25-Nov-2025,24791.6,Put,25850,0,0,15.2917,0,21,0
25-Nov-2025,24791.6,Call,22750,0,0,15.2917,0,0,0
25-Nov-2025,24791.6,Put,26200,0,0,15.2917,0,36,0
04-Nov-2025,24791.6,Call,25700,0,0,15.2917,0,0,0
04-Nov-2025,24791.6,Call,25650,0,0,15.2917,0,0,0
25-Nov-2025,24791.6,Call,23650,0,0,15.2917,0,1,0
25-Nov-2025,24791.6,Put,25750,0,0,15.2917,0,19,0
25-Nov-2025,24791.6,Put,26150,0,0,15.2917,0,3,0
25-Nov-2025,24791.6,Put,25150,0,0,15.2917,0,66,0
25-Nov-2025,24791.6,Call,22850,0,0,15.2917,0,0,0
25-Nov-2025,24791.6,Put,24050,0,0,15.2917,0,0,0
25-Nov-2025,24791.6,Call,22900,0,0,15.2917,0,0,0
25-Nov-2025,24791.6,Call,22800,0,0,15.2917,0,0,0
25-Nov-2025,24791.6,Call,23450,0,0,15.2917,0,30,0
25-Nov-2025,24791.6,Put,27000,0,0,15.2917,0,165,0
25-Nov-2025,24791.6,Call,26900,0,0,15.2917,0,0,0
25-Nov-2025,24791.6,Call,26950,0,0,15.2917,0,0,0
25-Nov-2025,24791.6,Put,26900,0,0,15.2917,0,0,0
25-Nov-2025,24791.6,Call,27050,0,0,15.2917,0,0,0
25-Nov-2025,24791.6,Call,26650,0,0,15.2917,0,0,0
30-Dec-2025,24791.6,Call,23300,0,0,15.2917,0,0,0
30-Dec-2025,24791.6,Call,23250,0,0,15.2917,0,0,0
30-Dec-2025,24791.6,Call,23200,0,0,15.2917,0,0,0
30-Dec-2025,24791.6,Call,23150,0,0,15.2917,0,0,0
30-Dec-2025,24791.6,Call,23100,0,0,15.2917,0,0,0
30-Dec-2025,24791.6,Call,23050,0,0,15.2917,0,0,0
30-Dec-2025,24791.6,Call,22950,0,0,15.2917,0,0,0
30-Dec-2025,24791.6,Call,22900,0,0,15.2917,0,0,0
30-Dec-2025,24791.6,Call,22850,0,0,15.2917,0,0,0
30-Dec-2025,24791.6,Put,16500,0,0,15.2917,0,52,0
30-Dec-2025,24791.6,Call,18000,0,0,15.2917,0,855.333333333,0
30-Dec-2025,24791.6,Call,24450,0,0,15.2917,0,0,0
30-Dec-2025,24791.6,Call,25050,0,0,15.2917,0,3,0
30-Dec-2025,24791.6,Call,24950,0,0,15.2917,0,41,0
30-Dec-2025,24791.6,Call,26050,0,0,15.2917,0,0,0
30-Dec-2025,24791.6,Put,26600,0,0,0,0,0,0
30-Dec-2025,24791.6,Call,26450,0,0,0,0,0,0
30-Dec-2025,24791.6,Call,26400,0,0,0,0,0,0
30-Dec-2025,24791.6,Call,24400,0,0,15.2917,0,0,0
30-Dec-2025,24791.6,Call,24350,0,0,15.2917,0,0,0
30-Dec-2025,24791.6,Call,16000,0,0,15.2917,0,4.66666666667,0
30-Dec-2025,24791.6,Call,26150,0,0,15.2917,0,0,0
30-Dec-2025,24791.6,Put,23250,0,0,15.2917,0,0,0
30-Dec-2025,24791.6,Put,23050,0,0,15.2917,0,32,0
30-Dec-2025,24791.6,Put,22950,0,0,15.2917,0,18,0
30-Dec-2025,24791.6,Put,22900,0,0,15.2917,0,21,0
30-Dec-2025,24791.6,Call,19500,0,0,15.2917,0,15.3333333333,0
25-Nov-2025,24791.6,Put,22750,0,0,15.2917,0,68,0
25-Nov-2025,24791.6,Call,25250,0,0,15.2917,0,63,0
25-Nov-2025,24791.6,Put,23450,0,0,15.2917,0,41,0
25-Nov-2025,24791.6,Put,23350,0,0,15.2917,0,0,0
25-Nov-2025,24791.6,Put,23250,0,0,15.2917,0,15,0
25-Nov-2025,24791.6,Put,23050,0,0,15.2917,0,2,0
25-Nov-2025,24791.6,Put,22950,0,0,15.2917,0,16,0
25-Nov-2025,24791.6,Put,22850,0,0,15.2917,0,11,0
25-Nov-2025,24791.6,Call,26050,0,0,15.2917,0,0,0
25-Nov-2025,24791.6,Put,26800,0,0,15.2917,0,0,0
30-Dec-2025,24791.6,Put,25950,0,0,15.2917,0,0,0
30-Dec-2025,24791.6,Put,23850,0,0,15.2917,0,0,0
30-Dec-2025,24791.6,Put,26300,0,0,15.2917,0,0,0
30-Dec-2025,24791.6,Call,26300,0,0,15.2917,0,0,0
30-Dec-2025,24791.6,Put,26250,0,0,15.2917,0,0,0
30-Dec-2025,24791.6,Call,26250,0,0,15.2917,0,0,0
30-Dec-2025,24791.6,Call,26200,0,0,15.2917,0,0,0
30-Dec-2025,24791.6,Put,26500,0,0,0,0,0,0
30-Dec-2025,24791.6,Call,26600,0,0,0,0,0,0
30-Dec-2025,24791.6,Put,26550,0,0,0,0,0,0
30-Dec-2025,24791.6,Call,24650,0,0,15.2917,0,3,0
30-Dec-2025,24791.6,Call,26350,0,0,15.2917,0,0,0
30-Dec-2025,24791.6,Put,26150,0,0,15.2917,0,1,0
30-Dec-2025,24791.6,Put,26100,0,0,15.2917,0,3,0
30-Dec-2025,24791.6,Put,26050,0,0,15.2917,0,2,0
30-Dec-2025,24791.6,Call,25550,0,0,15.2917,0,1,0
30-Dec-2025,24791.6,Put,25450,0,0,15.2917,0,2,0
30-Dec-2025,24791.6,Put,25400,0,0,15.2917,0,4,0
30-Dec-2025,24791.6,Call,25400,0,0,15.2917,0,19,0
30-Dec-2025,24791.6,Call,25150,0,0,15.2917,0,1,0
30-Dec-2025,24791.6,Call,17000,0,0,15.2917,0,1434.33333333,0
30-Dec-2025,24791.6,Call,24600,0,0,15.2917,0,1,0
30-Dec-2025,24791.6,Call,24550,0,0,15.2917,0,3,0
30-Dec-2025,24791.6,Call,24300,0,0,15.2917,0,0,0
30-Dec-2025,24791.6,Call,24250,0,0,15.2917,0,0,0
30-Dec-2025,24791.6,Call,24200,0,0,15.2917,0,0,0
30-Dec-2025,24791.6,Call,24150,0,0,15.2917,0,0,0
30-Dec-2025,24791.6,Put,24100,0,0,15.2917,0,0,0
30-Dec-2025,24791.6,Call,24100,0,0,15.2917,0,0,0
30-Dec-2025,24791.6,Call,24050,0,0,15.2917,0,0,0
30-Dec-2025,24791.6,Call,23900,0,0,15.2917,0,0,0
30-Dec-2025,24791.6,Call,23850,0,0,15.2917,0,0,0
30-Dec-2025,24791.6,Call,23800,0,0,15.2917,0,0,0
30-Dec-2025,24791.6,Call,23750,0,0,15.2917,0,0,0
30-Dec-2025,24791.6,Call,23700,0,0,15.2917,0,0,0
30-Dec-2025,24791.6,Call,23650,0,0,15.2917,0,0,0
30-Dec-2025,24791.6,Call,23600,0,0,15.2917,0,0,0
30-Dec-2025,24791.6,Put,23550,0,0,15.2917,0,0,0
30-Dec-2025,24791.6,Call,23550,0,0,15.2917,0,0,0
30-Dec-2025,24791.6,Call,23500,0,0,15.2917,0,0,0
30-Dec-2025,24791.6,Put,23450,0,0,15.2917,0,0,0
30-Dec-2025,24791.6,Call,23450,0,0,15.2917,0,0,0
30-Dec-2025,24791.6,Put,23400,0,0,15.2917,0,0,0
30-Dec-2025,24791.6,Call,23400,0,0,15.2917,0,0,0
30-Dec-2025,24791.6,Put,23350,0,0,15.2917,0,0,0
30-Dec-2025,24791.6,Call,23350,0,0,15.2917,0,0,0
30-Dec-2025,24791.6,Put,23300,0,0,15.2917,0,0,0
30-Dec-2025,24791.6,Put,23100,0,0,15.2917,0,13,0
30-Dec-2025,24791.6,Put,23150,0,0,15.2917,0,8,0
30-Dec-2025,24791.6,Put,25900,0,0,15.2917,0,1,0
30-Dec-2025,24791.6,Put,25050,0,0,15.2917,0,5,0
30-Dec-2025,24791.6,Put,24050,0,0,15.2917,0,0,0
30-Dec-2025,24791.6,Call,25900,0,0,15.2917,0,0,0
30-Dec-2025,24791.6,Put,23600,0,0,15.2917,0,1,0
30-Dec-2025,24791.6,Put,25350,0,0,15.2917,0,1,0
30-Jun-2026,24791.6,Put,15000,0,0,15.2917,0,17,0
30-Jun-2026,24791.6,Put,14000,0,0,15.2917,0,20.3333333333,0
30-Jun-2026,24791.6,Call,31000,0,0,15.2917,0,0,0
30-Jun-2026,24791.6,Call,29000,0,0,15.2917,0,0,0
30-Jun-2026,24791.6,Call,24000,0,0,15.2917,0,77,0
30-Jun-2026,24791.6,Call,23000,0,0,15.2917,0,0,0
30-Jun-2026,24791.6,Put,16000,0,0,15.2917,0,30.3333333333,0
30-Jun-2026,24791.6,Put,19000,0,0,15.2917,0,3.33333333333,0
30-Jun-2026,24791.6,Put,27000,0,0,15.2917,0,0,0
31-Mar-2026,24791.6,Call,23000,0,0,15.2917,0,0,0
31-Mar-2026,24791.6,Put,19000,0,0,15.2917,0,0,0
31-Mar-2026,24791.6,Call,22000,0,0,15.2917,0,2,0
31-Mar-2026,24791.6,Call,20000,0,0,15.2917,0,0,0
31-Mar-2026,24791.6,Call,31000,0,0,15.2917,0,0,0
31-Mar-2026,24791.6,Put,31000,0,0,15.2917,0,1,0
30-Dec-2025,24791.6,Put,25850,0,0,15.2917,0,0,0
30-Dec-2025,24791.6,Put,23950,0,0,15.2917,0,0,0
30-Dec-2025,24791.6,Call,26550,0,0,0,0,0,0
30-Dec-2025,24791.6,Put,26400,0,0,0,0,0,0
30-Dec-2025,24791.6,Put,26450,0,0,0,0,0,0
30-Dec-2025,24791.6,Put,23650,0,0,15.2917,0,0,0
30-Dec-2025,24791.6,Put,31000,0,0,15.2917,0,0,0
30-Dec-2025,24791.6,Put,24950,0,0,15.2917,0,34,0
30-Dec-2025,24791.6,Put,24250,0,0,15.2917,0,0,0
30-Dec-2025,24791.6,Put,24150,0,0,15.2917,0,0,0
30-Dec-2025,24791.6,Put,25750,0,0,15.2917,0,0,0
30-Dec-2025,24791.6,Call,25450,0,0,15.2917,0,2,0
30-Dec-2025,24791.6,Call,25950,0,0,15.2917,0,0,0
30-Dec-2025,24791.6,Call,23950,0,0,15.2917,0,0,0
30-Dec-2025,24791.6,Put,25650,0,0,15.2917,0,8,0
30-Dec-2025,24791.6,Call,25650,0,0,15.2917,0,1,0
30-Dec-2025,24791.6,Put,26350,0,0,15.2917,0,0,0
29-Sep-2026,24791.6,Put,24000,0,0,15.2917,0,0,0
27-Jun-2028,24791.6,Put,27000,0,0,15.2917,0,0,0
27-Jun-2028,24791.6,Put,26000,0,0,15.2917,0,0,0
27-Jun-2028,24791.6,Put,19000,0,0,15.2917,0,0,0
27-Jun-2028,24791.6,Call,30000,0,0,15.2917,0,0,0
27-Jun-2028,24791.6,Put,21000,0,0,15.2917,0,0,0
27-Jun-2028,24791.6,Put,28000,0,0,15.2917,0,0,0
27-Jun-2028,24791.6,Put,23000,0,0,15.2917,0,0,0
27-Jun-2028,24791.6,Put,25000,0,0,15.2917,0,0,0
27-Jun-2028,24791.6,Put,24000,0,0,15.2917,0,0,0
28-Dec-2027,24791.6,Put,20000,0,0,15.2917,0,52.6666666667,0
28-Dec-2027,24791.6,Put,26000,0,0,15.2917,0,10,0
28-Dec-2027,24791.6,Call,25000,0,0,15.2917,0,3,0
28-Dec-2027,24791.6,Call,29000,0,0,15.2917,0,0,0
28-Dec-2027,24791.6,Call,30000,0,0,15.2917,0,0,0
28-Dec-2027,24791.6,Call,27000,0,0,15.2917,0,0,0
28-Dec-2027,24791.6,Call,28000,0,0,15.2917,0,0,0
28-Dec-2027,24791.6,Put,29000,0,0,15.2917,0,0,0
28-Dec-2027,24791.6,Put,22000,0,0,15.2917,0,21.3333333333,0
28-Dec-2027,24791.6,Put,15000,0,0,15.2917,0,8.33333333333,0
28-Dec-2027,24791.6,Put,17000,0,0,15.2917,0,189.333333333,0
28-Dec-2027,24791.6,Put,18000,0,0,15.2917,0,154,0
28-Dec-2027,24791.6,Put,24000,0,0,15.2917,0,50,0
28-Dec-2027,24791.6,Put,28000,0,0,15.2917,0,0,0
28-Dec-2027,24791.6,Put,23000,0,0,15.2917,0,49,0
28-Dec-2027,24791.6,Put,21000,0,0,15.2917,0,13.6666666667,0
28-Dec-2027,24791.6,Call,26000,0,0,15.2917,0,0,0
28-Dec-2027,24791.6,Put,19000,0,0,15.2917,0,9,0
29-Jun-2027,24791.6,Put,22000,0,0,15.2917,0,0,0
29-Jun-2027,24791.6,Put,23000,0,0,15.2917,0,0,0
29-Jun-2027,24791.6,Call,30000,0,0,15.2917,0,0,0
29-Jun-2027,24791.6,Call,29000,0,0,15.2917,0,0,0
29-Jun-2027,24791.6,Call,31000,0,0,15.2917,0,0,0
29-Jun-2027,24791.6,Put,18000,0,0,15.2917,0,1.33333333333,0
29-Jun-2027,24791.6,Put,19000,0,0,15.2917,0,8,0
29-Jun-2027,24791.6,Put,27000,0,0,15.2917,0,0,0
29-Jun-2027,24791.6,Put,26000,0,0,15.2917,0,0,0
29-Jun-2027,24791.6,Call,28000,0,0,15.2917,0,0,0
29-Jun-2027,24791.6,Put,25000,0,0,15.2917,0,0,0
29-Jun-2027,24791.6,Put,20000,0,0,15.2917,0,0,0
29-Jun-2027,24791.6,Put,21000,0,0,15.2917,0,11.6666666667,0
29-Jun-2027,24791.6,Put,24000,0,0,15.2917,0,0,0
29-Dec-2026,24791.6,Put,12000,0,0,15.2917,0,6.66666666667,0
29-Dec-2026,24791.6,Call,22000,0,0,15.2917,0,20,0
29-Dec-2026,24791.6,Put,19000,0,0,15.2917,0,23,0
29-Dec-2026,24791.6,Put,18000,0,0,15.2917,0,79.3333333333,0
29-Dec-2026,24791.6,Put,17000,0,0,15.2917,0,38,0
29-Dec-2026,24791.6,Put,16000,0,0,15.2917,0,32.3333333333,0
29-Dec-2026,24791.6,Put,15000,0,0,15.2917,0,19.6666666667,0
29-Dec-2026,24791.6,Put,14000,0,0,15.2917,0,29.6666666667,0
29-Dec-2026,24791.6,Call,23000,0,0,15.2917,0,64,0
29-Dec-2026,24791.6,Put,22000,0,0,15.2917,0,816.666666667,0
29-Dec-2026,24791.6,Call,24000,0,0,15.2917,0,119,0
29-Dec-2026,24791.6,Call,21000,0,0,15.2917,0,0,0
29-Dec-2026,24791.6,Call,20000,0,0,15.2917,0,0,0
29-Dec-2026,24791.6,Put,29000,0,0,15.2917,0,0,0
30-Jun-2026,24791.6,Put,20000,0,0,15.2917,0,4691,0
30-Jun-2026,24791.6,Call,28000,0,0,15.2917,0,0,0
30-Jun-2026,24791.6,Put,13000,0,0,15.2917,0,2.66666666667,0
29-Sep-2026,24791.6,Call,25000,0,0,0,0,0,0
29-Sep-2026,24791.6,Call,26000,0,0,15.2917,0,0,0
30-Jun-2026,24791.6,Put,12000,0,0,15.2917,0,4.33333333333,0
29-Sep-2026,24791.6,Call,27000,0,0,15.2917,0,0,0
29-Sep-2026,24791.6,Call,30000,0,0,15.2917,0,0,0
30-Jun-2026,24791.6,Call,30000,0,0,15.2917,0,71,0
29-Sep-2026,24791.6,Put,26000,0,0,15.2917,0,0,0
29-Sep-2026,24791.6,Call,29000,0,0,15.2917,0,0,0
29-Sep-2026,24791.6,Call,28000,0,0,15.2917,0,0,0
29-Sep-2026,24791.6,Put,25000,0,0,15.2917,0,0,0
29-Sep-2026,24791.6,Put,27000,0,0,0,0,0,0
26-Dec-2028,24791.6,Put,19000,0,0,15.2917,0,0,0
26-Dec-2028,24791.6,Put,24000,0,0,15.2917,0,24,0
26-Dec-2028,24791.6,Put,28000,0,0,15.2917,0,0,0
24-Dec-2029,24791.6,Put,22000,0,0,15.2917,0,0,0
24-Dec-2029,24791.6,Put,26000,0,0,15.2917,0,2,0
24-Dec-2029,24791.6,Put,29000,0,0,15.2917,0,0,0
26-Jun-2029,24791.6,Put,22000,0,0,15.2917,0,0,0
26-Jun-2029,24791.6,Put,23000,0,0,15.2917,0,0,0
26-Jun-2029,24791.6,Put,27000,0,0,15.2917,0,0,0
26-Jun-2029,24791.6,Put,19000,0,0,15.2917,0,0,0
26-Jun-2029,24791.6,Put,28000,0,0,15.2917,0,0,0
26-Jun-2029,24791.6,Put,29000,0,0,15.2917,0,0,0
26-Dec-2028,24791.6,Put,22000,0,0,15.2917,0,4,0
26-Dec-2028,24791.6,Put,25000,0,0,15.2917,0,59.3333333333,0
26-Jun-2029,24791.6,Put,26000,0,0,15.2917,0,0.666666666667,0
26-Dec-2028,24791.6,Put,26000,0,0,15.2917,0,2,0
27-Jun-2028,24791.6,Put,22000,0,0,15.2917,0,4.33333333333,0
26-Dec-2028,24791.6,Put,27000,0,0,15.2917,0,0,0
27-Jun-2028,24791.6,Call,31000,0,0,15.2917,0,0,0
26-Dec-2028,24791.6,Put,18000,0,0,15.2917,0,1,0
28-Dec-2027,24791.6,Call,31000,0,0,15.2917,0,0,0
26-Dec-2028,24791.6,Put,29000,0,0,15.2917,0,0,0
26-Dec-2028,24791.6,Put,21000,0,0,15.2917,0,16.6666666667,0
26-Dec-2028,24791.6,Put,23000,0,0,15.2917,0,44,0
26-Dec-2028,24791.6,Call,31000,0,0,15.2917,0,0,0
26-Dec-2028,24791.6,Put,20000,0,0,15.2917,0,14.6666666667,0
26-Jun-2029,24791.6,Put,30000,0,0,15.2917,0,0,0
26-Jun-2029,24791.6,Put,20000,0,0,15.2917,0,0,0
27-Jun-2028,24791.6,Put,20000,0,0,15.2917,0,0,0
24-Dec-2029,24791.6,Put,19000,0,0,15.2917,0,0,0
24-Dec-2029,24791.6,Put,27000,0,0,15.2917,0,0,0
24-Dec-2029,24791.6,Put,20000,0,0,15.2917,0,0,0
26-Jun-2029,24791.6,Put,21000,0,0,15.2917,0,0,0
25-Jun-2030,24791.6,Put,19000,0,0,15.2917,0,0,0
25-Jun-2030,24791.6,Put,23000,0,0,15.2917,0,0,0
25-Jun-2030,24791.6,Put,27000,0,0,15.2917,0,0,0
24-Dec-2029,24791.6,Put,24000,0,0,15.2917,0,0,0
26-Jun-2029,24791.6,Put,25000,0,0,15.2917,0,0,0
24-Dec-2029,24791.6,Put,23000,0,0,15.2917,0,34,0
24-Dec-2029,24791.6,Put,30000,0,0,15.2917,0,0,0
24-Dec-2029,24791.6,Put,28000,0,0,15.2917,0,0,0
25-Jun-2030,24791.6,Put,21000,0,0,15.2917,0,0,0
25-Jun-2030,24791.6,Put,20000,0,0,15.2917,0,0,0
25-Jun-2030,24791.6,Put,22000,0,0,15.2917,0,0,0
25-Jun-2030,24791.6,Put,29000,0,0,15.2917,0,0,0
25-Jun-2030,24791.6,Put,24000,0,0,15.2917,0,0,0
25-Jun-2030,24791.6,Put,25000,0,0,15.2917,0,0,0
25-Jun-2030,24791.6,Put,26000,0,0,15.2917,0,0,0
26-Jun-2029,24791.6,Put,24000,0,0,15.2917,0,0.333333333333,0
24-Dec-2029,24791.6,Put,25000,0,0,15.2917,0,3,0
24-Dec-2029,24791.6,Put,31000,0,0,15.2917,0,0,0
25-Jun-2030,24791.6,Put,31000,0,0,15.2917,0,0,0
24-Dec-2029,24791.6,Put,21000,0,0,15.2917,0,0,0
25-Jun-2030,24791.6,Put,30000,0,0,15.2917,0,0,0
25-Jun-2030,24791.6,Put,28000,0,0,15.2917,0,0,0
