07-Oct-2025,24814.9,Put,24800,60.4,7.77,15.2917,199433,308049,4939944
07-Oct-2025,24814.9,Call,24800,99.7,7.47,15.2917,140811,197520,4630362
07-Oct-2025,24814.9,Call,24900,49.1,7.19,15.2917,142879,205448,3496182
07-Oct-2025,24814.9,Call,24850,71.75,7.3,15.2917,123357,158010,3286942
07-Oct-2025,24814.9,Put,24750,44.35,8.07,15.2917,103002,152763,2771154
07-Oct-2025,24814.9,Call,25000,21.4,7.26,15.2917,112687,244243,2658962
07-Oct-2025,24814.9,Put,24700,32.65,8.4,15.2917,92630,224724,2612508
07-Oct-2025,24814.9,Put,24850,81.85,7.62,15.2917,70785,112349,2014250
07-Oct-2025,24814.9,Call,24950,32.6,7.17,15.2917,37246,93321,1692176
07-Oct-2025,24814.9,Put,24600,17.8,9.06,15.2917,49323,178889,1473392
07-Oct-2025,24814.9,Call,24750,133.95,7.69,15.2917,34596,51106,1362523
07-Oct-2025,24814.9,Put,24900,109.65,7.54,15.2917,35953,82008,1333856
07-Oct-2025,24814.9,Put,24650,24.1,8.73,15.2917,39018,115123,1229894
07-Oct-2025,24814.9,Call,25100,8.95,7.56,15.2917,50585,114416,1138757
07-Oct-2025,24814.9,Call,25050,13.65,7.35,15.2917,48566,85873,1127701
07-Oct-2025,24814.9,Call,24700,172.5,7.96,15.2917,16058,61283,977558
07-Oct-2025,24814.9,Put,24500,9.75,9.76,15.2917,31452,136405,942607
07-Oct-2025,24814.9,Call,25200,4.15,8.16,15.2917,58458,129294,807311
07-Oct-2025,24814.9,Put,24550,13,9.38,15.2917,23716,69110,674874
07-Oct-2025,24814.9,Call,25300,2.4,9.04,15.2917,39987,108288,636685
07-Oct-2025,24814.9,Call,25150,5.8,7.79,15.2917,31515,64439,613777
07-Oct-2025,24814.9,Put,24000,2.8,15.84,15.2917,33082,156522,580710
07-Oct-2025,24814.9,Call,25500,1.45,11.32,15.2917,50220,144672,530733
07-Oct-2025,24814.9,Put,24400,6.05,10.64,15.2917,21855,78113,457423
07-Oct-2025,24814.9,Put,24450,7.5,10.17,15.2917,23276,56886,414060
07-Oct-2025,24814.9,Put,25000,181.5,7.69,15.2917,7484,39190,413736
07-Oct-2025,24814.9,Call,25250,3,8.54,15.2917,27797,61982,411831
07-Oct-2025,24814.9,Call,25400,1.7,10.07,15.2917,22292,72540,394815
07-Oct-2025,24814.9,Put,24300,4.45,11.83,15.2917,28607,102689,356505
07-Oct-2025,24814.9,Put,24950,143.5,7.6,15.2917,8462,15967,349848
07-Oct-2025,24814.9,Call,26000,0.85,17.22,15.2917,38323,148135,343518
07-Oct-2025,24814.9,Put,23800,2.3,18.55,15.2917,26650,88094,339859
07-Oct-2025,24814.9,Call,25350,1.95,9.58,15.2917,5202,31832,310343
07-Oct-2025,24814.9,Call,25700,1.1,13.71,15.2917,18000,69543,261523
07-Oct-2025,24814.9,Call,25800,1.05,14.9,15.2917,13965,65269,257599
07-Oct-2025,24814.9,Put,24200,3.5,13.04,15.2917,2590,64115,254761
07-Oct-2025,24814.9,Put,24100,3.05,14.39,15.2917,3024,43731,246840
07-Oct-2025,24814.9,Put,24350,5,11.2,15.2917,11969,41029,240232
07-Oct-2025,24814.9,Put,23900,2.4,17.08,15.2917,11862,47163,240231
07-Oct-2025,24814.9,Put,23500,1.6,22.34,15.2917,3916,93314,238403
07-Oct-2025,24814.9,Call,25900,1,16.13,15.2917,9018,40688,232329
07-Oct-2025,24814.9,Put,23700,1.95,19.74,15.2917,14125,53526,230036
07-Oct-2025,24814.9,Call,25600,1.25,12.46,15.2917,12122,50820,222233
07-Oct-2025,24814.9,Call,24600,257,8.57,15.2917,2614,23509,183741
07-Oct-2025,24814.9,Put,23950,2.6,16.43,15.2917,10724,21110,183058
07-Oct-2025,24814.9,Put,24050,2.95,15.14,15.2917,9954,23639,178532
07-Oct-2025,24814.9,Put,24250,3.8,12.35,15.2917,17489,35516,175655
07-Oct-2025,24814.9,Call,24650,213.7,8.26,15.2917,626,15917,170782
07-Oct-2025,24814.9,Put,23850,2.4,17.87,15.2917,5301,22414,167408
07-Oct-2025,24814.9,Call,25550,1.4,11.94,15.2917,12199,22280,153283
07-Oct-2025,24814.9,Call,25450,1.55,10.69,15.2917,8050,22105,144510
07-Oct-2025,24814.9,Put,23600,1.85,21.07,15.2917,9225,39347,136284
07-Oct-2025,24814.9,Put,24150,3.35,13.77,15.2917,10366,23724,131959
07-Oct-2025,24814.9,Call,25850,1.1,15.66,15.2917,9092,14695,130804
07-Oct-2025,24814.9,Put,23000,1,28.36,15.2917,5529,62841,122892
07-Oct-2025,24814.9,Call,25650,1.2,13.09,15.2917,3249,14196,114825
07-Oct-2025,24814.9,Call,26500,0.6,22.66,15.2917,1388,53448,111264
07-Oct-2025,24814.9,Put,22850,0.85,29.84,15.2917,8095,80272,106263
07-Oct-2025,24814.9,Put,23750,2.1,19.1,15.2917,3166,10325,103531
07-Oct-2025,24814.9,Put,23400,1.5,23.48,15.2917,-7250,27843,103251
07-Oct-2025,24814.9,Put,23300,1.4,24.65,15.2917,408,21179,101543
07-Oct-2025,24814.9,Call,27000,0.45,27.71,15.2917,8428,38811,87645
07-Oct-2025,24814.9,Call,25750,1.15,14.39,15.2917,6470,15444,85164
14-Oct-2025,24814.9,Put,24800,114.6,9.07,15.2917,4369,12424,74795
14-Oct-2025,24814.9,Call,24800,189.6,8.21,15.2917,5079,12080,73102
07-Oct-2025,24814.9,Call,25950,0.95,16.69,15.2917,3332,14921,72502
07-Oct-2025,24814.9,Put,23650,1.9,20.37,15.2917,1615,8218,72328
14-Oct-2025,24814.9,Call,25000,91.05,8.06,15.2917,7195,25324,66623
07-Oct-2025,24814.9,Put,23550,1.7,21.59,15.2917,4897,10719,65868
07-Oct-2025,24814.9,Put,23200,1.2,25.75,15.2917,4844,19868,64785
07-Oct-2025,24814.9,Put,23100,1.15,26.93,15.2917,2847,15254,59006
07-Oct-2025,24814.9,Call,24500,348,8.98,15.2917,2128,17055,58930
07-Oct-2025,24814.9,Put,23450,1.6,22.92,15.2917,3239,11041,56624
14-Oct-2025,24814.9,Call,24900,134.3,8.08,15.2917,4330,11939,54111
07-Oct-2025,24814.9,Put,25050,224.05,7.93,15.2917,1369,4331,49516
07-Oct-2025,24814.9,Put,25100,269.55,8.24,15.2917,457,11151,48372
07-Oct-2025,24814.9,Put,22900,0.85,29.14,15.2917,2501,23701,46021
07-Oct-2025,24814.9,Put,23250,1.25,25.27,15.2917,209,5698,43344
14-Oct-2025,24814.9,Put,24900,159,8.98,15.2917,2798,9882,41080
07-Oct-2025,24814.9,Put,23350,1.4,24.12,15.2917,412,6237,40717
07-Oct-2025,24814.9,Call,26300,0.7,20.43,15.2917,3003,16312,38663
07-Oct-2025,24814.9,Call,26200,0.75,19.5,15.2917,1428,17913,38227
14-Oct-2025,24814.9,Call,25200,35.75,8.01,15.2917,1605,10434,36063
28-Oct-2025,24814.9,Call,25000,217.45,8.66,15.2917,2953,62210,34860
07-Oct-2025,24814.9,Call,26100,0.85,18.5,15.2917,1217,14409,34558
14-Oct-2025,24814.9,Call,25500,7.85,8.5,15.2917,4729,18427,34246
14-Oct-2025,24814.9,Put,24700,81.35,9.25,15.2917,3463,10602,33007
28-Oct-2025,24814.9,Put,24000,34.75,11.85,15.2917,109,50800,32248
14-Oct-2025,24814.9,Put,24500,38.65,9.7,15.2917,3299,11441,32182
28-Oct-2025,24814.9,-,0,24935,0,15.2917,4387,234519,31811
07-Oct-2025,24814.9,Put,23050,1.05,27.65,15.2917,3090,5322,31755
14-Oct-2025,24814.9,Call,25300,21.25,8.07,15.2917,1734,11281,31688
28-Oct-2025,24814.9,Call,25500,55.9,8.57,15.2917,3516,64972,30903
07-Oct-2025,24814.9,Call,26600,0.55,23.64,15.2917,-261,10591,29323
28-Oct-2025,24814.9,Put,24800,191,10.59,15.2917,4695,46009,28872
14-Oct-2025,24814.9,Put,24000,8.05,11.97,15.2917,6468,13243,28587
07-Oct-2025,24814.9,Call,27150,0.5,29.66,15.2917,9970,22288,28248
14-Oct-2025,24814.9,Put,24600,56.45,9.5,15.2917,5801,13050,27770
07-Oct-2025,24814.9,Put,23150,1.15,26.48,15.2917,2696,4938,27570
28-Oct-2025,24814.9,Call,24800,328.25,8.68,15.2917,4408,36383,26979
14-Oct-2025,24814.9,Call,25100,58.25,8.01,15.2917,1999,9725,25304
07-Oct-2025,24814.9,Call,26050,0.85,17.87,15.2917,1287,4927,24571
07-Oct-2025,24814.9,Call,26700,0.55,24.8,15.2917,-142,9094,23660
14-Oct-2025,24814.9,Call,25400,12.8,8.22,15.2917,1447,8393,21969
28-Oct-2025,24814.9,Put,24500,100.05,10.82,15.2917,1348,45857,21965
28-Oct-2025,24814.9,Call,26000,13.75,9.37,15.2917,5015,64518,20963
14-Oct-2025,24814.9,Put,24300,18.85,10.39,15.2917,1323,5413,20892
14-Oct-2025,24814.9,Put,24750,96.5,9.15,15.2917,3381,5189,20589
07-Oct-2025,24814.9,Call,26400,0.65,21.64,15.2917,2303,13297,20293
07-Oct-2025,24814.9,Call,24550,301.55,8.38,15.2917,-14,2779,20099
07-Oct-2025,24814.9,Call,26250,0.75,20.12,15.2917,2769,4227,19795
14-Oct-2025,24814.9,Call,25250,27.65,8.02,15.2917,1104,3114,18976
28-Oct-2025,24814.9,Put,25000,277.7,10.44,15.2917,588,53666,18313
14-Oct-2025,24814.9,Call,24850,160.6,8.12,15.2917,2213,4077,18106
14-Oct-2025,24814.9,Call,24700,256.35,8.28,15.2917,1111,6110,17327
14-Oct-2025,24814.9,Put,24400,26.75,10.01,15.2917,2165,6939,17015
14-Oct-2025,24814.9,Put,24200,13.6,10.83,15.2917,2064,7615,16036
14-Oct-2025,24814.9,Put,24850,135.4,8.99,15.2917,2293,3616,15878
14-Oct-2025,24814.9,Put,25000,215.1,8.99,15.2917,1378,7192,15639
07-Oct-2025,24814.9,Call,26800,0.5,25.96,15.2917,2257,4133,15520
28-Oct-2025,24814.9,Put,24700,156,10.67,15.2917,1610,31156,14788
14-Oct-2025,24814.9,Call,25050,73.15,8.04,15.2917,1768,4158,14312
14-Oct-2025,24814.9,Call,25150,45.7,8,15.2917,1115,3366,13814
28-Oct-2025,24814.9,Call,25800,20.95,8.72,15.2917,2617,20254,13681
07-Oct-2025,24814.9,Put,25200,363.05,9.23,15.2917,294,6799,13067
14-Oct-2025,24814.9,Call,24750,221.95,8.22,15.2917,500,1890,12598
28-Oct-2025,24814.9,Call,25200,131.65,8.53,15.2917,-545,19721,12540
28-Oct-2025,24814.9,Put,24600,125.7,10.77,15.2917,-166,25586,12353
28-Oct-2025,24814.9,Put,24200,51.6,11.31,15.2917,3249,18266,12108
07-Oct-2025,24814.9,Put,22950,0.95,28.61,15.2917,701,2762,11975
14-Oct-2025,24814.9,Put,24450,32.05,9.85,15.2917,2219,3517,11371
28-Oct-2025,24814.9,Call,25600,39.1,8.51,15.2917,2133,15149,11320
28-Oct-2025,24814.9,Call,25400,73.55,8.47,15.2917,1770,25230,11303
14-Oct-2025,24814.9,Put,24100,10.15,11.35,15.2917,1033,4968,11137
28-Oct-2025,24814.9,Call,25300,99.25,8.51,15.2917,316,16488,11089
28-Oct-2025,24814.9,Call,24700,394.75,8.64,15.2917,1622,23525,10941
14-Oct-2025,24814.9,Put,24550,46.55,9.57,15.2917,1760,3462,10849
07-Oct-2025,24814.9,Call,26350,0.65,20.87,15.2917,1807,2668,10763
28-Oct-2025,24814.9,Call,24900,269,8.65,15.2917,1123,18099,10685
28-Oct-2025,24814.9,Call,24500,539.3,8.41,15.2917,934,18811,10620
14-Oct-2025,24814.9,Call,25350,16.3,8.14,15.2917,2345,3959,10561
14-Oct-2025,24814.9,Call,26000,2.1,11.18,15.2917,2904,16087,10156
28-Oct-2025,24814.9,Put,23500,13.6,13.38,15.2917,-946,29975,9832
14-Oct-2025,24814.9,Call,24950,111.25,8.08,15.2917,1014,2350,9623
14-Oct-2025,24814.9,Put,24650,67.65,9.36,15.2917,1170,3186,9561
28-Oct-2025,24814.9,Call,25700,28.85,8.63,15.2917,-107,12423,9397
28-Oct-2025,24814.9,Put,24400,80.15,10.95,15.2917,631,19631,9155
28-Oct-2025,24814.9,Put,24900,230.95,10.51,15.2917,1042,16746,9100
14-Oct-2025,24814.9,Put,23500,4.1,15.71,15.2917,3068,6948,8951
14-Oct-2025,24814.9,Put,24250,15.95,10.61,15.2917,450,1967,8950
07-Oct-2025,24814.9,Call,26150,0.8,19.01,15.2917,869,1966,8556
14-Oct-2025,24814.9,Call,25600,5.2,8.89,15.2917,1099,4906,8556
14-Oct-2025,24814.9,Call,25450,10.05,8.33,15.2917,825,2229,8448
28-Oct-2025,24814.9,Put,24300,64.2,11.11,15.2917,425,21091,8440
28-Oct-2025,24814.9,Put,23800,22.35,12.3,15.2917,276,11020,8301
07-Oct-2025,24814.9,Call,24400,445.45,9.65,15.2917,-262,2504,7732
14-Oct-2025,24814.9,Put,23800,5.75,13.39,15.2917,742,3760,7073
07-Oct-2025,24814.9,Put,25150,316,8.77,15.2917,39,1329,7046
28-Oct-2025,24814.9,Put,24100,41.9,11.55,15.2917,1013,9052,7045
28-Oct-2025,24814.9,Call,25100,171.3,8.59,15.2917,772,14801,7002
07-Oct-2025,24814.9,Call,27100,0.5,28.82,15.2917,1021,2721,6755
28-Oct-2025,24814.9,Put,23900,27.85,12.03,15.2917,45,6592,6642
14-Oct-2025,24814.9,Call,25700,3.9,9.41,15.2917,1968,4711,6614
28-Oct-2025,24814.9,Put,23000,7.75,15.62,15.2917,204,32117,6533
14-Oct-2025,24814.9,Put,23900,6.55,12.59,15.2917,443,2778,6354
07-Oct-2025,24814.9,Call,26450,0.6,22.07,15.2917,173,2431,5768
25-Nov-2025,24814.9,Put,24000,90.4,12.31,15.2917,1672,15509,5524
28-Oct-2025,24814.9,Call,26500,4.65,10.71,15.2917,946,25844,5337
07-Oct-2025,24814.9,Call,26550,0.6,23.25,15.2917,469,1867,5284
25-Nov-2025,24814.9,Call,26500,28.3,9.18,15.2917,1278,8998,5253
14-Oct-2025,24814.9,Call,26500,1,14.03,15.2917,904,4965,5243
14-Oct-2025,24814.9,Put,24350,22.3,10.19,15.2917,776,1848,5136
14-Oct-2025,24814.9,Call,25800,2.85,9.85,15.2917,471,3993,5081
14-Oct-2025,24814.9,Put,23000,2.6,19.38,15.2917,1570,4241,4913
30-Dec-2025,24814.9,Put,24000,150.8,12.9,15.2917,786,49221.6666667,4897
28-Oct-2025,24814.9,Call,25900,16.35,8.97,15.2917,166,6055,4894
28-Oct-2025,24814.9,Put,23700,18.65,12.64,15.2917,-127,6808,4715
25-Nov-2025,24814.9,Call,26000,77.85,8.83,15.2917,930,18400,4555
25-Nov-2025,24814.9,Call,27000,14.55,10.18,15.2917,-379,3794,4538
30-Dec-2025,24814.9,Put,23000,59.9,14.43,15.2917,1402.66666667,39438.6666667,4509
28-Oct-2025,24814.9,Call,27000,2.55,12.49,15.2917,721,22082,4370
14-Oct-2025,24814.9,Call,24600,330.75,8.28,15.2917,806,2960,4355
28-Oct-2025,24814.9,Call,26100,10.6,9.56,15.2917,170,7469,4231
14-Oct-2025,24814.9,Call,25550,6.2,8.64,15.2917,73,1642,4170
07-Oct-2025,24814.9,Call,24450,398.6,9.33,15.2917,-43,1502,4001
20-Oct-2025,24814.9,Call,25500,26.8,8.7,15.2917,1004,3624,3904
28-Oct-2025,24814.9,Call,26200,8.2,9.79,15.2917,68,9469,3752
20-Oct-2025,24814.9,Put,24800,150.15,9.87,15.2917,496,1670,3676
28-Oct-2025,24814.9,Put,25200,392.15,10.45,15.2917,160,11008,3591
30-Dec-2025,24814.9,Call,26000,208.05,8.81,15.2917,126,57620,3492
28-Oct-2025,24814.9,Call,24600,464.7,8.58,15.2917,63,10861,3384
14-Oct-2025,24814.9,Put,23600,4.45,14.86,15.2917,441,2037,3362
28-Oct-2025,24814.9,Call,25550,46.9,8.53,15.2917,1132,3155,3351
20-Oct-2025,24814.9,Call,24800,257.5,8.68,15.2917,525,1402,3318
30-Dec-2025,24814.9,Call,27000,56.5,9.56,15.2917,183,31758.6666667,3305
20-Oct-2025,24814.9,Call,25000,150.65,8.68,15.2917,399,3347,3303
14-Oct-2025,24814.9,Put,24150,11.7,11.12,15.2917,540,1598,3286
14-Oct-2025,24814.9,Put,24950,186,8.96,15.2917,408,1018,3173
30-Dec-2025,24814.9,Call,25000,640,8.34,15.2917,310.666666667,27144.3333333,3019
07-Oct-2025,24814.9,Call,26900,0.5,26.86,15.2917,-119,1028,3006
28-Oct-2025,24814.9,Call,24750,360.75,8.77,15.2917,689,6855,2930
28-Oct-2025,24814.9,Call,25450,64.1,8.5,15.2917,134,2801,2780
14-Oct-2025,24814.9,Call,25900,2.45,10.51,15.2917,546,1907,2771
07-Oct-2025,24814.9,Call,24300,543.75,0,15.2917,-186,1203,2757
28-Oct-2025,24814.9,Put,23600,16.05,13,15.2917,228,3543,2751
28-Oct-2025,24814.9,Put,24750,172,10.63,15.2917,456,3546,2750
07-Oct-2025,24814.9,Call,27050,0.5,28.54,15.2917,826,1502,2716
14-Oct-2025,24814.9,Put,25100,282.2,8.91,15.2917,96,1786,2643
14-Oct-2025,24814.9,Put,23700,4.95,14.06,15.2917,324,1646,2637
14-Oct-2025,24814.9,Call,26100,1.5,11.52,15.2917,1299,2118,2590
28-Oct-2025,24814.9,Call,24850,299,8.67,15.2917,146,1631,2588
14-Oct-2025,24814.9,Call,24500,415.1,7.92,15.2917,250,3558,2583
28-Oct-2025,24814.9,Call,26300,6.7,10.11,15.2917,-405,8546,2569
28-Oct-2025,24814.9,Call,25250,114.8,8.64,15.2917,-101,1926,2515
25-Nov-2025,24814.9,Call,25500,194.9,8.68,15.2917,230,10345,2484
28-Oct-2025,24814.9,Put,24850,209,10.51,15.2917,341,2159,2426
28-Oct-2025,24814.9,Put,24950,254.6,10.48,15.2917,-26,1628,2419
20-Oct-2025,24814.9,Put,24000,17.8,11.7,15.2917,797,2468,2401
25-Nov-2025,24814.9,Put,24500,180.4,11.7,15.2917,418,10067,2304
20-Oct-2025,24814.9,Call,24900,199.8,8.65,15.2917,498,1224,2236
14-Oct-2025,24814.9,Put,25200,362.8,9.23,15.2917,348,2002,2214
25-Nov-2025,24814.9,Put,23000,26.4,14.36,15.2917,800,6730,2175
30-Dec-2025,24814.9,Put,25000,412,12.33,15.2917,94.3333333333,40545.3333333,2143
14-Oct-2025,24814.9,Call,24650,292.2,8.13,15.2917,-53,1042,2092
30-Dec-2025,24814.9,Put,22000,34.5,17.2,15.2917,-8,22498.3333333,2089
07-Oct-2025,24814.9,Put,25300,461.05,10.01,15.2917,-145,5555,2072
28-Oct-2025,24814.9,Call,25650,34.3,8.6,15.2917,528,2950,1994
28-Oct-2025,24814.9,Call,24950,243.45,8.68,15.2917,372,1751,1952
20-Oct-2025,24814.9,Call,25200,80,8.56,15.2917,255,1365,1932
20-Oct-2025,24814.9,Put,23500,8.2,14.4,15.2917,1112,1844,1926
07-Oct-2025,24814.9,Call,26650,0.55,24.22,15.2917,128,863,1921
25-Nov-2025,24814.9,Put,25000,350.3,11.55,15.2917,-39,11078,1888
28-Oct-2025,24814.9,Call,25150,150.2,8.57,15.2917,481,1872,1887
14-Oct-2025,24814.9,Call,26200,1.4,12.22,15.2917,407,1860,1850
20-Oct-2025,24814.9,Put,24700,116.1,9.93,15.2917,65,1516,1831
28-Oct-2025,24814.9,Put,22600,6.85,18.1,15.2917,461,24609,1818
28-Oct-2025,24814.9,Call,26400,5.75,10.47,15.2917,173,4810,1818
25-Nov-2025,24814.9,Call,25000,420.2,8.62,15.2917,199,10652,1778
25-Nov-2025,24814.9,Put,23500,45,13.06,15.2917,277,8855,1763
28-Oct-2025,24814.9,Put,24050,38.35,11.66,15.2917,-21,1831,1756
25-Nov-2025,24814.9,-,0,25064.9,0,15.2917,194,14288,1751
28-Oct-2025,24814.9,Put,25500,614,11.19,15.2917,-127,19402,1693
28-Oct-2025,24814.9,Call,26800,3.55,11.97,15.2917,57,6990,1677
31-Mar-2026,24814.9,Call,26000,593.9,8.11,15.2917,-270,8792,1642
14-Oct-2025,24814.9,Put,23400,3.8,16.49,15.2917,627,979,1633
07-Oct-2025,24814.9,Call,24000,839.9,0,15.2917,-295,2837,1621
20-Oct-2025,24814.9,Call,25300,56.95,8.62,15.2917,428,1493,1608
14-Oct-2025,24814.9,Call,25650,4.55,9.13,15.2917,60,917,1601
28-Oct-2025,24814.9,Put,25100,336.75,10.47,15.2917,-19,6991,1597
14-Oct-2025,24814.9,Call,25750,3.25,9.61,15.2917,226,913,1563
20-Oct-2025,24814.9,Call,25100,110.55,8.58,15.2917,126,1056,1563
20-Oct-2025,24814.9,Call,25400,38.5,8.64,15.2917,351,938,1558
14-Oct-2025,24814.9,Put,23200,2.95,17.84,15.2917,323,1310,1546
07-Oct-2025,24814.9,Put,25250,418,10.31,15.2917,2,785,1481
30-Dec-2025,24814.9,Put,21000,24,20.38,15.2917,675,17268.3333333,1468
20-Oct-2025,24814.9,Call,26000,5.5,10.03,15.2917,258,2360,1458
25-Nov-2025,24814.9,Call,26200,51.55,8.91,15.2917,159,2590,1454
07-Oct-2025,24814.9,Call,26950,0.55,27.67,15.2917,269,815,1452
20-Oct-2025,24814.9,Put,24500,66.5,10.35,15.2917,476,965,1444
28-Oct-2025,24814.9,Put,23400,12.35,13.84,15.2917,55,4353,1435
20-Oct-2025,24814.9,Call,25600,17.65,8.8,15.2917,398,1573,1421
28-Oct-2025,24814.9,Put,24450,90.2,10.9,15.2917,250,1512,1396
28-Oct-2025,24814.9,Call,25350,85.6,8.49,15.2917,189,1661,1392
28-Oct-2025,24814.9,Put,23300,10.55,14.23,15.2917,113,3967,1387
07-Oct-2025,24814.9,Call,26850,0.55,26.53,15.2917,128,808,1304
20-Oct-2025,24814.9,Put,24600,90.1,10.17,15.2917,146,1308,1285
07-Oct-2025,24814.9,Call,26750,0.5,25.15,15.2917,165,740,1280
20-Oct-2025,24814.9,Put,24400,50.95,10.22,15.2917,568,1043,1263
30-Dec-2025,24814.9,Put,23500,89.3,13.43,15.2917,604,2066,1259
28-Oct-2025,24814.9,Call,24000,968.45,0,15.2917,-18,7963,1251
20-Oct-2025,24814.9,Call,25800,9.2,9.29,15.2917,521,914,1229
07-Oct-2025,24814.9,Call,24200,640,12.5,15.2917,-217,908,1224
28-Oct-2025,24814.9,Put,24550,112.5,10.78,15.2917,139,1349,1202
07-Oct-2025,24814.9,Put,25500,660,13.1,15.2917,-176,3300,1199
14-Oct-2025,24814.9,Put,22850,2.35,20.53,15.2917,603,719,1188
20-Oct-2025,24814.9,Put,24900,193.2,9.79,15.2917,348,838,1137
28-Oct-2025,24814.9,Put,23200,9.7,14.71,15.2917,-154,4629,1136
28-Oct-2025,24814.9,Put,24250,57.9,11.19,15.2917,43,1219,1130
28-Oct-2025,24814.9,Put,24350,73.6,11.11,15.2917,85,3090,1104
28-Oct-2025,24814.9,Call,25850,18.6,8.88,15.2917,191,1112,1089
28-Oct-2025,24814.9,Call,23500,1445.3,0,15.2917,94,5447,1082
28-Oct-2025,24814.9,Call,25950,14.3,9.11,15.2917,-157,1204,1049
28-Oct-2025,24814.9,Call,25050,193.45,8.7,15.2917,256,1271,1047
14-Oct-2025,24814.9,Put,23300,3.15,17.03,15.2917,78,909,1046
25-Nov-2025,24814.9,Put,23700,58.5,12.66,15.2917,-58,4174,1040
14-Oct-2025,24814.9,Put,24050,8.95,11.59,15.2917,194,622,1000
07-Oct-2025,24814.9,Call,24350,493.7,8.8,15.2917,-23,322,982
28-Oct-2025,24814.9,Put,24650,141.45,10.75,15.2917,18,2845,957
25-Nov-2025,24814.9,Put,24700,238.4,11.59,15.2917,96,2117,952
28-Oct-2025,24814.9,Put,26000,1072.65,13.48,15.2917,-250,17026,923
25-Nov-2025,24814.9,Put,23800,66.8,12.51,15.2917,309,4762,923
28-Oct-2025,24814.9,Put,24150,46.6,11.41,15.2917,98,987,913
25-Nov-2025,24814.9,Call,25800,111,8.73,15.2917,166,2680,899
25-Nov-2025,24814.9,Put,24200,117.1,11.95,15.2917,252,3669,880
31-Mar-2026,24814.9,Call,27000,259.25,8.53,15.2917,187,13591,867
20-Oct-2025,24814.9,Put,24200,29.75,11.05,15.2917,233,736,860
28-Oct-2025,24814.9,Call,25750,24.75,8.69,15.2917,76,1715,840
30-Dec-2025,24814.9,Put,24500,252.5,12.51,15.2917,293,1189,839
20-Oct-2025,24814.9,Put,25000,243.7,9,15.2917,123,752,826
14-Oct-2025,24814.9,Call,27000,0.9,17.51,15.2917,-38,1000,817
14-Oct-2025,24814.9,Call,24400,501.5,8.1,15.2917,108,532,792
28-Oct-2025,24814.9,Put,23850,25.15,12.22,15.2917,57,1119,792
25-Nov-2025,24814.9,Put,24600,206.85,11.63,15.2917,63,2638,791
14-Oct-2025,24814.9,Put,23850,6,12.94,15.2917,-119,334,788
30-Dec-2025,24814.9,Call,29000,7.45,12.09,15.2917,202,11883.6666667,780
30-Dec-2025,24814.9,Put,20000,18.15,23.66,15.2917,44.3333333333,12064,777
28-Oct-2025,24814.9,Put,25300,457.95,10.62,15.2917,25,4705,766
31-Mar-2026,24814.9,Put,26000,931.25,13.87,15.2917,250,6854,753
25-Nov-2025,24814.9,Call,26300,42.8,9.05,15.2917,247,1627,741
25-Nov-2025,24814.9,Put,24300,135.6,11.86,15.2917,72,3490,736
30-Dec-2025,24814.9,Call,28000,18.9,10.82,15.2917,149,20078,736
25-Nov-2025,24814.9,Put,24800,271.7,11.57,15.2917,55,2370,733
25-Nov-2025,24814.9,Put,23900,77.3,12.37,15.2917,159,3759,730
30-Dec-2025,24814.9,-,0,25214,0,15.2917,249,2033,720
14-Oct-2025,24814.9,Put,25050,250.45,8.75,15.2917,102,340,718
30-Dec-2025,24814.9,Call,25500,380.7,8.59,15.2917,114,1316,710
20-Oct-2025,24814.9,Call,26500,2.25,12.14,15.2917,301,657,707
28-Oct-2025,24814.9,Put,22900,7.5,16.2,15.2917,-34,659,706
28-Oct-2025,24814.9,Put,22800,7.15,16.83,15.2917,7,5124,697
20-Oct-2025,24814.9,Call,24700,318.65,8.82,15.2917,234,901,697
28-Oct-2025,24814.9,Put,22700,7.05,17.46,15.2917,136,1200,689
25-Nov-2025,24814.9,Call,25700,134.7,8.7,15.2917,232,1084,686
25-Nov-2025,24814.9,Put,24400,156.95,11.77,15.2917,40,3155,652
14-Oct-2025,24814.9,Call,26700,0.9,15.35,15.2917,113,596,650
20-Oct-2025,24814.9,Call,24850,226,8.7,15.2917,186,254,623
30-Dec-2025,24814.9,Put,26000,960.3,12.99,15.2917,43.3333333333,44692.3333333,618
28-Oct-2025,24814.9,Call,23000,1930.05,0,15.2917,272,14039,613
28-Oct-2025,24814.9,Put,23950,30.95,11.84,15.2917,86,1498,609
20-Oct-2025,24814.9,Put,24300,36.8,10.6,15.2917,104,631,607
30-Dec-2025,24814.9,Put,23800,120,13,15.2917,197,1152,596
14-Oct-2025,24814.9,Put,23100,2.7,18.53,15.2917,2,843,591
25-Nov-2025,24814.9,Call,25200,311,8.73,15.2917,-11,2373,587
31-Mar-2026,24814.9,Call,28000,107.1,9.1,15.2917,150,5552,583
14-Oct-2025,24814.9,Call,25850,2.6,10.27,15.2917,107,439,566
28-Oct-2025,24814.9,Put,23100,8.85,15.23,15.2917,78,1481,556
07-Oct-2025,24814.9,Put,25400,561.2,13.44,15.2917,-29,2453,549
20-Oct-2025,24814.9,Put,23000,4.4,17.06,15.2917,269,937,542
20-Oct-2025,24814.9,Put,24850,169.7,9.81,15.2917,138,379,533
25-Nov-2025,24814.9,Call,24800,532.3,8.94,15.2917,193,1361,533
31-Mar-2026,24814.9,Put,23000,133.5,14.79,15.2917,110,7103,527
28-Oct-2025,24814.9,Put,25250,422,10.41,15.2917,-290,599,519
31-Mar-2026,24814.9,Put,24000,258.4,13.99,15.2917,32,13144,512
20-Oct-2025,24814.9,Call,24500,468.75,8.34,15.2917,292,365,498
14-Oct-2025,24814.9,Put,23150,2.85,18.19,15.2917,241,356,486
28-Oct-2025,24814.9,Call,26700,3.9,11.57,15.2917,-51,575,482
14-Oct-2025,24814.9,Put,25150,323.3,8.92,15.2917,100,409,462
20-Oct-2025,24814.9,Put,24750,133,9.45,15.2917,100,200,458
25-Nov-2025,24814.9,Call,26800,18.3,9.86,15.2917,75,993,455
14-Oct-2025,24814.9,Put,23550,4.2,15.23,15.2917,132,452,449
28-Oct-2025,24814.9,Call,24400,616,8.05,15.2917,99,784,448
25-Nov-2025,24814.9,Put,22700,21.15,15.32,15.2917,197,1477,447
25-Nov-2025,24814.9,Call,25900,97.75,8.93,15.2917,196,1000,445
31-Mar-2026,24814.9,Put,25000,511.95,13.69,15.2917,87,8900,440
31-Mar-2026,24814.9,Put,22000,78.95,16.3,15.2917,236,5308,440
14-Oct-2025,24814.9,Call,24550,371,8.58,15.2917,-78,311,432
28-Oct-2025,24814.9,Put,27000,2045,20.41,15.2917,361,11226,431
25-Nov-2025,24814.9,Call,24500,738,8.46,15.2917,-54,1182,422
20-Oct-2025,24814.9,Put,23800,12.35,12.64,15.2917,136,433,415
07-Oct-2025,24814.9,Put,25350,512,0,15.2917,-54,643,412
14-Oct-2025,24814.9,Put,23250,3.1,17.47,15.2917,30,189,406
25-Nov-2025,24814.9,Put,25500,624.65,11.82,15.2917,21,5602,406
28-Oct-2025,24814.9,Put,25400,536,9.67,15.2917,35,3589,402
20-Oct-2025,24814.9,Call,25700,12.85,9.07,15.2917,56,608,399
07-Oct-2025,24814.9,Put,25700,862,17.06,15.2917,-243,391,397
30-Dec-2025,24814.9,Put,24200,185.2,12.73,15.2917,213,264,397
25-Nov-2025,24814.9,Call,25400,228,8.64,15.2917,-1,797,394
20-Oct-2025,24814.9,Call,24750,286.2,9.53,15.2917,90,234,386
25-Nov-2025,24814.9,Call,26100,66.1,9.01,15.2917,84,1657,381
20-Oct-2025,24814.9,Call,24950,172.65,8.69,15.2917,84,175,380
30-Dec-2025,24814.9,Call,24000,1360,0,15.2917,29,13809,376
30-Dec-2025,24814.9,Put,19000,13.8,26.99,15.2917,-74,4846.33333333,370
25-Nov-2025,24814.9,Put,25200,439.95,11.38,15.2917,123,1251,369
25-Nov-2025,24814.9,Call,25300,269.95,8.65,15.2917,65,1019,365
25-Nov-2025,24814.9,Call,24900,473,8.44,15.2917,-14,673,364
30-Dec-2025,24814.9,Put,23700,108.3,13.12,15.2917,191,250,362
31-Mar-2026,24814.9,Call,29000,49.75,9.97,15.2917,-2,1639,362
28-Oct-2025,24814.9,Put,23750,20.45,12.47,15.2917,29,554,354
14-Oct-2025,24814.9,Put,23750,5.3,13.76,15.2917,96,232,349
25-Nov-2025,24814.9,Put,23600,51.25,12.75,15.2917,121,1416,349
25-Nov-2025,24814.9,Call,25600,161.85,8.86,15.2917,48,1017,344
14-Oct-2025,24814.9,Put,25300,449,9.99,15.2917,-6,1200,335
28-Oct-2025,24814.9,Call,24300,696,9.48,15.2917,40,1019,333
14-Oct-2025,24814.9,Call,24000,880,9.64,15.2917,26,238,331
07-Oct-2025,24814.9,Call,24250,592.05,0,15.2917,-66,255,330
31-Mar-2026,24814.9,Call,25000,1130,6.71,15.2917,67,3776,327
25-Nov-2025,24814.9,Call,25100,364.15,8.65,15.2917,36,854,317
14-Oct-2025,24814.9,Put,23450,3.85,16.03,15.2917,145,175,315
25-Nov-2025,24814.9,Put,23400,39,13.21,15.2917,-76,1668,315
30-Dec-2025,24814.9,Put,25500,645.9,12.48,15.2917,81,563,315
30-Dec-2025,24814.9,Call,30000,6.1,14.38,15.2917,263.333333333,8011.66666667,312
28-Oct-2025,24814.9,Call,26600,4.3,11.16,15.2917,-11,423,310
30-Dec-2025,24814.9,Call,26100,178.2,8.77,15.2917,201,1740,309
28-Oct-2025,24814.9,Put,23450,12.9,13.56,15.2917,50,369,307
14-Oct-2025,24814.9,Put,23650,4.75,14.5,15.2917,84,208,290
20-Oct-2025,24814.9,Call,25450,32.35,8.68,15.2917,102,241,282
28-Oct-2025,24814.9,Call,24650,424.05,8.81,15.2917,-9,1635,282
04-Nov-2025,24814.9,Call,26900,6.45,11.78,15.2917,75,148,272
25-Nov-2025,24814.9,Put,24100,102.2,12.08,15.2917,99,2144,271
04-Nov-2025,24814.9,Call,25500,89.35,8.73,15.2917,82,181,266
28-Oct-2025,24814.9,Call,26850,3.2,12.08,15.2917,58,92,256
28-Oct-2025,24814.9,Put,25050,302.65,10.13,15.2917,-25,1499,249
25-Nov-2025,24814.9,Put,25100,394.4,11.47,15.2917,112,758,248
14-Oct-2025,24814.9,Call,26350,1.35,13.35,15.2917,64,127,247
28-Oct-2025,24814.9,Put,23350,11.35,13.98,15.2917,24,394,246
28-Oct-2025,24814.9,Call,26250,7.45,9.94,15.2917,-23,1077,245
28-Oct-2025,24814.9,Call,27150,2.3,13.13,15.2917,15,699,239
20-Oct-2025,24814.9,Call,26850,2.3,14.49,15.2917,84,91,236
20-Oct-2025,24814.9,Put,24650,102.3,9.93,15.2917,73,175,224
20-Oct-2025,24814.9,Call,25350,46.75,8.61,15.2917,32,198,223
28-Oct-2025,24814.9,Put,23650,16.95,12.78,15.2917,-2,402,221
07-Oct-2025,24814.9,Call,23500,1366,34.84,15.2917,-89,537,217
25-Nov-2025,24814.9,Call,26700,21,9.63,15.2917,142,345,215
14-Oct-2025,24814.9,Call,26600,1.1,14.94,15.2917,0,306,211
25-Nov-2025,24814.9,Put,24900,310.6,11.55,15.2917,20,1202,210
20-Oct-2025,24814.9,Put,23600,8.5,13.61,15.2917,70,171,208
25-Nov-2025,24814.9,Call,24700,600.55,8.27,15.2917,-2,652,208
07-Oct-2025,24814.9,Put,26000,1165.75,19.61,15.2917,-71,2096,204
14-Oct-2025,24814.9,Call,25950,2.25,10.88,15.2917,120,231,204
07-Oct-2025,24814.9,Call,24100,775.4,23.86,15.2917,-45,530,196
20-Oct-2025,24814.9,Call,25650,16.2,9.08,15.2917,123,124,196
25-Nov-2025,24814.9,Put,23200,31.35,13.72,15.2917,23,430,195
14-Oct-2025,24814.9,Call,26300,1.15,12.72,15.2917,77,265,192
14-Oct-2025,24814.9,Call,24300,609,10.56,15.2917,21,370,191
20-Oct-2025,24814.9,Call,25050,129.7,8.64,15.2917,47,120,188
07-Oct-2025,24814.9,Put,25600,765,0,15.2917,-5,1027,187
30-Dec-2025,24814.9,Put,18000,10.05,30.08,15.2917,-8,2027.66666667,186
20-Oct-2025,24814.9,Put,24950,218,9.72,15.2917,34,136,185
14-Oct-2025,24814.9,Call,26050,1.7,11.29,15.2917,100,255,184
14-Oct-2025,24814.9,Call,24200,680.05,12.5,15.2917,62,427,184
20-Oct-2025,24814.9,Put,24450,59.45,10.14,15.2917,127,128,178
20-Oct-2025,24814.9,Put,24550,78.2,9.87,15.2917,50,96,177
25-Nov-2025,24814.9,Put,26000,1004.15,12.88,15.2917,-1,2979,173
28-Oct-2025,24814.9,Put,22950,7.7,15.92,15.2917,-33,61,170
14-Oct-2025,24814.9,Put,23350,3.45,16.76,15.2917,-14,132,167
28-Oct-2025,24814.9,Put,25600,686.5,10.81,15.2917,-46,2097,165
20-Oct-2025,24814.9,Put,25200,370,9.52,15.2917,51,349,161
30-Dec-2025,24814.9,Put,24800,342.6,12.35,15.2917,17,146,160
25-Nov-2025,24814.9,Put,23300,35.75,13.49,15.2917,-12,438,157
14-Oct-2025,24814.9,Put,25500,633,11.14,15.2917,22,492,155
30-Jun-2026,24814.9,Put,24000,328,14.72,15.2917,127,1325,152
28-Oct-2025,24814.9,Call,26900,2.95,12.22,15.2917,52,92,147
31-Mar-2026,24814.9,Call,30000,27.5,11.01,15.2917,12,1464,146
28-Oct-2025,24814.9,Put,26500,1560,16.94,15.2917,8,7682,145
20-Oct-2025,24814.9,Call,25550,21.7,8.75,15.2917,48,131,139
14-Oct-2025,24814.9,Call,26400,1.25,13.62,15.2917,60,169,138
20-Oct-2025,24814.9,Call,24600,389.7,8.8,15.2917,-6,230,138
14-Oct-2025,24814.9,Call,26900,0.95,16.89,15.2917,-5,146,137
20-Oct-2025,24814.9,Call,25250,69.85,8.7,15.2917,48,219,136
14-Oct-2025,24814.9,Put,25350,493,9.67,15.2917,14,84,135
30-Dec-2025,24814.9,Call,31000,4,16.01,15.2917,65,3571.66666667,132
28-Oct-2025,24814.9,Call,26750,3.7,11.76,15.2917,15,208,129
25-Nov-2025,24814.9,Call,26600,25.7,9.47,15.2917,1,269,128
07-Oct-2025,24814.9,Put,25450,605,0,15.2917,7,221,121
20-Oct-2025,24814.9,Call,27150,2,16.02,15.2917,9,117,119
25-Nov-2025,24814.9,Put,22800,22.15,14.95,15.2917,16,238,115
25-Nov-2025,24814.9,Call,24600,665.95,8.84,15.2917,-38,294,113
30-Dec-2025,24814.9,Put,27000,1790.7,15.9,15.2917,36,10943.6666667,112
07-Oct-2025,24814.9,Call,24050,816.1,22.94,15.2917,-7,196,111
14-Oct-2025,24814.9,Call,26450,1.1,13.8,15.2917,21,353,111
31-Mar-2026,24814.9,Put,20000,37,20.25,15.2917,81,769,110
04-Nov-2025,24814.9,Call,25600,81.85,8.91,15.2917,25,26,109
14-Oct-2025,24814.9,Call,24450,444.3,8.38,15.2917,-5,200,106
20-Oct-2025,24814.9,Put,25100,301.05,9.07,15.2917,47,245,105
20-Oct-2025,24814.9,Call,27000,1.8,14.92,15.2917,75,168,105
25-Nov-2025,24814.9,Call,25050,404.85,8.97,15.2917,58,94,104
14-Oct-2025,24814.9,Put,22950,2.4,19.7,15.2917,4,66,103
20-Oct-2025,24814.9,Put,23650,9.75,13.5,15.2917,66,94,102
20-Oct-2025,24814.9,Call,26300,3.15,11.32,15.2917,61,245,102
30-Dec-2025,24814.9,Call,25200,525,8.54,15.2917,17,65,102
28-Oct-2025,24814.9,Put,23050,8.3,15.45,15.2917,32,384,99
28-Oct-2025,24814.9,Put,25150,362.75,10.53,15.2917,-2,1059,98
30-Dec-2025,24814.9,Call,24800,760.15,8.07,15.2917,20,65,98
14-Oct-2025,24814.9,Put,25400,534.05,10.21,15.2917,38,281,97
20-Oct-2025,24814.9,Put,23700,9.55,13,15.2917,58,62,95
31-Mar-2026,24814.9,Put,21000,50,18.03,15.2917,6,1439,93
20-Oct-2025,24814.9,Call,25950,7,10.05,15.2917,2,112,91
30-Jun-2026,24814.9,Put,25000,572,14.66,15.2917,67,1165,91
28-Oct-2025,24814.9,Call,24200,782,6.41,15.2917,-6,489,90
14-Oct-2025,24814.9,Put,25600,702.95,0,15.2917,41,89,89
25-Nov-2025,24814.9,Call,25550,177,8.63,15.2917,45,108,89
30-Dec-2025,24814.9,Call,25800,270,8.78,15.2917,45,95,89
07-Oct-2025,24814.9,Call,24150,707,18.36,15.2917,-4,129,88
30-Jun-2026,24814.9,Call,27000,535,7.59,15.2917,46,468,86
28-Oct-2025,24814.9,Call,24550,518,9.42,15.2917,8,187,84
14-Oct-2025,24814.9,Call,26800,1.05,16.34,15.2917,-16,110,83
20-Oct-2025,24814.9,Put,22950,4.5,17.51,15.2917,4,169,83
28-Oct-2025,24814.9,Call,26650,4.3,11.45,15.2917,17,309,82
25-Nov-2025,24814.9,Call,27150,11.75,10.48,15.2917,35,520,82
04-Nov-2025,24814.9,Call,25900,35.05,9.21,15.2917,7,144,80
04-Nov-2025,24814.9,Call,25000,270,9.38,15.2917,11,66,78
04-Nov-2025,24814.9,Call,24800,386,8.67,15.2917,3,55,78
28-Oct-2025,24814.9,Put,25450,549.55,9.8,15.2917,2,171,77
30-Dec-2025,24814.9,Put,25300,540,12.32,15.2917,-51,30,77
28-Oct-2025,24814.9,Put,25800,867,11.71,15.2917,-4,1331,75
30-Dec-2025,24814.9,Call,24500,965.8,7.22,15.2917,21,681,75
14-Oct-2025,24814.9,Put,25250,385,7.96,15.2917,20,118,74
30-Dec-2025,24814.9,Put,25200,495.1,12.17,15.2917,28,80,74
30-Jun-2026,24814.9,Call,26000,963,6.74,15.2917,55,427.333333333,74
20-Oct-2025,24814.9,Call,24650,358.45,9.82,15.2917,3,80,71
30-Dec-2025,24814.9,Call,25700,300.45,8.83,15.2917,27,116,71
25-Nov-2025,24814.9,Put,22900,24.15,14.64,15.2917,19,166,69
07-Oct-2025,24814.9,Call,23000,1825.15,0,15.2917,-4,381,68
28-Oct-2025,24814.9,Put,22850,7.15,16.48,15.2917,-19,68,68
14-Oct-2025,24814.9,Call,26850,1.05,16.7,15.2917,40,94,67
28-Oct-2025,24814.9,Put,25350,491.05,10.48,15.2917,22,575,67
30-Jun-2026,24814.9,Put,26000,917.95,14.67,15.2917,48,352,67
28-Oct-2025,24814.9,Put,22650,6.9,17.77,15.2917,8,196,66
30-Dec-2025,24814.9,Put,29000,3685.3,23.46,15.2917,27,8519,66
28-Oct-2025,24814.9,Put,22750,6.95,16.97,15.2917,-11,63,64
30-Dec-2025,24814.9,Call,22000,3236.25,0,15.2917,2,6158.66666667,62
20-Oct-2025,24814.9,Put,23400,7.4,15.01,15.2917,11,65,61
25-Nov-2025,24814.9,Put,23100,29.45,14.1,15.2917,50,141,60
30-Dec-2025,24814.9,Put,24700,303,12.3,15.2917,39,111,60
25-Nov-2025,24814.9,Call,24000,1132.4,0,15.2917,3,692,59
30-Dec-2025,24814.9,Put,28000,2712.5,19.21,15.2917,0,10933.3333333,59
30-Dec-2025,24814.9,Call,23000,2278.25,0,15.2917,8,7926,58
30-Dec-2025,24814.9,Put,23900,136,12.99,15.2917,55,55,58
28-Oct-2025,24814.9,Put,23250,9.75,14.42,15.2917,14,171,57
14-Oct-2025,24814.9,Call,24350,544,11.2,15.2917,-2,162,55
25-Nov-2025,24814.9,Put,24850,289,11.53,15.2917,1,112,54
25-Nov-2025,24814.9,Put,25700,762.75,11.47,15.2917,20,195,54
14-Oct-2025,24814.9,Call,26250,1.25,12.45,15.2917,7,51,53
14-Oct-2025,24814.9,Call,27100,0.95,18.32,15.2917,21,134,51
14-Oct-2025,24814.9,Put,23050,2.6,18.96,15.2917,-1,82,51
14-Oct-2025,24814.9,Call,26150,1.55,11.97,15.2917,16,41,51
14-Oct-2025,24814.9,Call,27150,0.95,18.67,15.2917,8,247,50
30-Dec-2025,24814.9,Put,24300,206,12.65,15.2917,41,123,50
25-Nov-2025,24814.9,Put,25050,372,11.5,15.2917,21,78,49
07-Oct-2025,24814.9,Put,25850,1005.6,0,15.2917,8,26,48
14-Oct-2025,24814.9,Call,26950,1.05,17.43,15.2917,1,67,47
29-Dec-2026,24814.9,Call,28000,870,7.56,15.2917,15,567,47
30-Dec-2025,24814.9,Call,25100,593,8.64,15.2917,18,60,46
25-Nov-2025,24814.9,Put,24650,221,11.39,15.2917,-13,63,45
30-Dec-2025,24814.9,Call,20000,5171.2,0,15.2917,10.3333333333,4876.33333333,44
25-Nov-2025,24814.9,Call,25750,125.3,8.75,15.2917,1,221,43
07-Oct-2025,24814.9,Put,25650,819.45,0,15.2917,8,53,42
07-Oct-2025,24814.9,Call,23900,946.85,19.05,15.2917,4,197,42
07-Oct-2025,24814.9,Put,25800,962.5,0,15.2917,-1,431,42
04-Nov-2025,24814.9,Put,24700,171.15,10.61,15.2917,4,37,42
25-Nov-2025,24814.9,Put,24950,317.6,11.21,15.2917,6,339,42
25-Nov-2025,24814.9,Put,26500,1447,14.47,15.2917,-32,879,42
14-Oct-2025,24814.9,Put,26000,1125.45,14.57,15.2917,19,1255,41
28-Oct-2025,24814.9,Put,25700,777.5,11.35,15.2917,-3,1576,41
25-Nov-2025,24814.9,Call,25150,333.7,8.47,15.2917,14,128,41
30-Dec-2025,24814.9,Put,25100,442,12.12,15.2917,-22,47,41
29-Dec-2026,24814.9,Put,25000,800,17.85,15.2917,9,2641.66666667,40
14-Oct-2025,24814.9,Put,25800,926,10.18,15.2917,13,67,39
31-Mar-2026,24814.9,Call,24000,1839.55,0,15.2917,4,1862,39
07-Oct-2025,24814.9,Put,25550,715.55,0,15.2917,-5,116,38
04-Nov-2025,24814.9,Put,24800,218.75,11.02,15.2917,17,33,38
07-Oct-2025,24814.9,Call,23950,871.85,0,15.2917,2,51,37
28-Oct-2025,24814.9,Put,23550,14.05,13.08,15.2917,8,241,36
30-Dec-2025,24814.9,Put,24350,223.6,12.8,15.2917,14,30,36
20-Oct-2025,24814.9,Call,26250,3.7,11.22,15.2917,24,79,34
25-Nov-2025,24814.9,Call,24750,580.65,8.74,15.2917,14,48,34
14-Oct-2025,24814.9,Call,26750,1.45,16.55,15.2917,1,35,33
25-Nov-2025,24814.9,Put,23650,54,12.72,15.2917,29,86,33
30-Dec-2025,24814.9,Put,24600,280.2,12.5,15.2917,12,51,33
28-Oct-2025,24814.9,Call,23800,1170.05,0,15.2917,-3,346,32
25-Nov-2025,24814.9,Put,25300,494.4,11.43,15.2917,-1,639,32
30-Dec-2025,24814.9,Call,24700,833,7.97,15.2917,0,52,32
30-Dec-2025,24814.9,Call,25600,345,8.74,15.2917,-4,34,32
04-Nov-2025,24814.9,Put,24500,122.95,11.05,15.2917,16,25,31
04-Nov-2025,24814.9,Put,24000,47.85,11.87,15.2917,-2,119,30
04-Nov-2025,24814.9,Put,23500,21.95,13.33,15.2917,19,79,30
30-Dec-2025,24814.9,Call,25300,490.1,8.83,15.2917,3,22,30
30-Dec-2025,24814.9,Put,24400,228,12.58,15.2917,20,63,30
14-Oct-2025,24814.9,Put,25700,824.15,0,15.2917,3,17,29
30-Dec-2025,24814.9,Put,24450,239.35,12.54,15.2917,25,28,29
07-Oct-2025,24814.9,Call,23800,1061.55,27.09,15.2917,3,95,28
14-Oct-2025,24814.9,Call,23800,1079,0,15.2917,3,5,28
28-Oct-2025,24814.9,Call,24450,600,9.66,15.2917,2,186,28
28-Oct-2025,24814.9,Call,27100,2.45,12.97,15.2917,5,274,28
30-Dec-2025,24814.9,Call,21000,4185,0,15.2917,14.6666666667,5281.33333333,28
25-Nov-2025,24814.9,Put,24750,256,11.46,15.2917,3,157,27
20-Oct-2025,24814.9,Put,25500,599.25,9.35,15.2917,-4,53,25
28-Oct-2025,24814.9,Call,24100,873.5,7.7,15.2917,1,185,25
04-Nov-2025,24814.9,Put,24400,97.8,10.99,15.2917,8,35,25
14-Oct-2025,24814.9,Put,25450,600.35,12.45,15.2917,4,57,24
14-Oct-2025,24814.9,Put,25900,1003.2,0,15.2917,1,13,24
28-Oct-2025,24814.9,Put,25550,660.5,11.51,15.2917,-4,322,24
29-Dec-2026,24814.9,Put,24000,570.35,18.07,15.2917,7,1328.33333333,23
14-Oct-2025,24814.9,Call,24100,802.95,12.25,15.2917,1,12,22
20-Oct-2025,24814.9,Call,26800,2.3,14.1,15.2917,9,23,22
30-Dec-2025,24814.9,Put,25600,710.7,12.7,15.2917,0,8,22
30-Dec-2025,24814.9,Put,24900,366.75,12.19,15.2917,0,59,22
20-Oct-2025,24814.9,Put,25150,359.95,10.98,15.2917,7,21,21
25-Nov-2025,24814.9,Call,25850,104,8.79,15.2917,1,414,21
30-Jun-2026,24814.9,Put,23000,195.05,15.59,15.2917,9,237,21
07-Oct-2025,24814.9,Put,25750,930.55,24.69,15.2917,1,20,20
14-Oct-2025,24814.9,Call,27050,1,18.06,15.2917,0,21,20
25-Nov-2025,24814.9,Put,25400,551.5,11.45,15.2917,0,359,19
30-Dec-2025,24814.9,Put,25250,510,12.18,15.2917,7,10,19
30-Dec-2025,24814.9,Call,24900,709.8,8.43,15.2917,3,46,19
29-Dec-2026,24814.9,Put,26000,1095,17.64,15.2917,4,1573,19
29-Dec-2026,24814.9,Call,29000,577,8.26,15.2917,1,572,19
14-Oct-2025,24814.9,Call,23700,1169.95,0,15.2917,-1,7,18
28-Oct-2025,24814.9,Call,26950,2.85,12.43,15.2917,5,29,18
04-Nov-2025,24814.9,Put,24900,265.35,11.27,15.2917,5,6,18
04-Nov-2025,24814.9,Put,23350,18,13.84,15.2917,-4,14,18
25-Nov-2025,24814.9,Call,24200,983,6.89,15.2917,0,77,18
30-Dec-2025,24814.9,Call,25250,502.95,8.54,15.2917,11,14,18
30-Dec-2025,24814.9,Put,23200,68,13.97,15.2917,11,16,18
20-Oct-2025,24814.9,Put,25050,284.2,10.29,15.2917,1,43,17
25-Nov-2025,24814.9,Call,23500,1571.4,0,15.2917,-3,216,17
25-Nov-2025,24814.9,Put,24550,193.95,11.69,15.2917,-2,97,17
25-Nov-2025,24814.9,Call,25450,216.45,8.78,15.2917,6,65,17
29-Dec-2026,24814.9,Call,27000,1320,6.88,15.2917,1,870,17
14-Oct-2025,24814.9,Call,26650,1.1,15.31,15.2917,0,19,16
14-Oct-2025,24814.9,Call,23900,983.15,0,15.2917,-1,3,16
28-Oct-2025,24814.9,Call,24350,637.3,5.52,15.2917,4,111,16
30-Jun-2026,24814.9,Call,25000,1555.85,0,15.2917,7,158,16
30-Jun-2026,24814.9,Put,22000,120,16.34,15.2917,12,125,16
04-Nov-2025,24814.9,Put,24950,276.5,10.66,15.2917,9,11,15
25-Nov-2025,24814.9,Put,24150,111.65,12.1,15.2917,10,69,15
30-Dec-2025,24814.9,Put,17000,6.2,32.59,15.2917,0,1029.66666667,15
04-Nov-2025,24814.9,Put,25000,300,10.81,15.2917,6,63,14
04-Nov-2025,24814.9,Call,24950,295.25,8.8,15.2917,6,7,14
25-Nov-2025,24814.9,Call,24950,454.3,8.77,15.2917,-11,78,14
25-Nov-2025,24814.9,Put,25800,835,11.37,15.2917,8,198,14
25-Nov-2025,24814.9,Call,25650,154.9,8.86,15.2917,5,75,14
30-Dec-2025,24814.9,Put,25700,775.2,12.89,15.2917,4,24,14
30-Dec-2025,24814.9,Put,30000,4679.6,28.17,15.2917,4.33333333333,2415.66666667,14
14-Oct-2025,24814.9,Put,25550,655,0,15.2917,4,49,13
20-Oct-2025,24814.9,Call,27100,1.95,15.67,15.2917,6,136,13
28-Oct-2025,24814.9,Call,23600,1363,0,15.2917,7,87,13
25-Nov-2025,24814.9,Put,25600,684.5,11.74,15.2917,-7,192,13
29-Dec-2026,24814.9,Call,30000,354,8.56,15.2917,4,757,13
07-Oct-2025,24814.9,Call,23600,1267.45,33.14,15.2917,-6,39,12
14-Oct-2025,24814.9,Call,24250,621.1,0,15.2917,0,28,12
28-Oct-2025,24814.9,Put,26600,1660.9,18.58,15.2917,2,67,12
28-Oct-2025,24814.9,Call,23900,1040,0,15.2917,-2,65,12
29-Dec-2026,24814.9,Put,27000,1500,18.01,15.2917,6,709,12
29-Dec-2026,24814.9,Put,20000,139.6,20.39,15.2917,1,584.333333333,12
31-Mar-2026,24814.9,Put,27000,1542,14.68,15.2917,7,3088,12
31-Mar-2026,24814.9,Put,28000,2360,17.03,15.2917,-1,1133,12
20-Oct-2025,24814.9,Call,26450,3.15,12.34,15.2917,-5,7,11
28-Oct-2025,24814.9,Call,27050,2.55,12.78,15.2917,-2,15,11
30-Dec-2025,24814.9,Put,15000,5,40.8,15.2917,4,163.333333333,11
30-Dec-2025,24814.9,Put,13000,3.35,48.97,15.2917,0,311.666666667,11
30-Jun-2026,24814.9,Call,30000,89.95,9.91,15.2917,1,72,11
20-Oct-2025,24814.9,Call,27050,2.55,15.87,15.2917,0,38,10
28-Oct-2025,24814.9,Put,25900,958,12.05,15.2917,-1,251,10
04-Nov-2025,24814.9,Put,23250,18.5,14.61,15.2917,-5,55,10
30-Dec-2025,24814.9,Put,24750,329.75,12.54,15.2917,2,27,10
30-Dec-2025,24814.9,Call,25850,258.3,8.89,15.2917,6,31,10
29-Dec-2026,24814.9,Put,23000,400.05,18.41,15.2917,3,914,10
29-Dec-2026,24814.9,Call,31000,213,8.85,15.2917,3,257,10
07-Oct-2025,24814.9,Call,23750,1112.05,28.3,15.2917,-3,6,9
20-Oct-2025,24814.9,Call,24400,559.3,10.55,15.2917,3,32,9
04-Nov-2025,24814.9,Call,25250,161,8.62,15.2917,5,8,9
25-Nov-2025,24814.9,Call,24300,873,5.18,15.2917,4,100,9
30-Dec-2025,24814.9,Put,24550,260.1,12.36,15.2917,3,19,9
29-Dec-2026,24814.9,Call,26000,1850,3.31,15.2917,3,366,9
04-Nov-2025,24814.9,Call,24700,460,8.98,15.2917,1,27,8
25-Nov-2025,24814.9,Put,24350,145.6,11.82,15.2917,2,60,8
30-Dec-2025,24814.9,Put,24950,400,12.51,15.2917,4,38,8
29-Dec-2026,24814.9,Call,25000,2439.15,0,15.2917,6,772.666666667,8
20-Oct-2025,24814.9,Put,23550,8,13.9,15.2917,0,43,7
28-Oct-2025,24814.9,Put,26200,1237.85,13.04,15.2917,0,1286,7
04-Nov-2025,24814.9,Put,24600,149.8,11.02,15.2917,-1,21,7
25-Nov-2025,24814.9,Call,25250,304.95,8.97,15.2917,2,65,7
29-Dec-2026,24814.9,Put,22000,276.55,18.84,15.2917,0,816.666666667,7
07-Oct-2025,24814.9,Put,27050,2189.7,0,15.2917,0,1,6
07-Oct-2025,24814.9,Call,23650,1212.3,30.48,15.2917,0,13,6
07-Oct-2025,24814.9,Call,22850,1955.75,0,15.2917,0,4,6
14-Oct-2025,24814.9,Call,23500,1380,0,15.2917,1,24,6
20-Oct-2025,24814.9,Call,26700,2.3,13.46,15.2917,0,72,6
28-Oct-2025,24814.9,Put,26700,1774.4,20.57,15.2917,2,100,6
28-Oct-2025,24814.9,Put,26300,1339.6,14.06,15.2917,0,345,6
04-Nov-2025,24814.9,Put,24850,237.8,10.99,15.2917,2,3,6
04-Nov-2025,24814.9,Call,24500,600,8.66,15.2917,2,7,6
04-Nov-2025,24814.9,Call,25100,221,8.59,15.2917,2,9,6
25-Nov-2025,24814.9,Call,24400,821,7.76,15.2917,1,51,6
30-Dec-2025,24814.9,Put,25800,832.4,12.88,15.2917,4,12,6
29-Dec-2026,24814.9,Put,13000,1.1,22.31,15.2917,0,27,6
07-Oct-2025,24814.9,Put,26500,1640,0,15.2917,0,96,5
20-Oct-2025,24814.9,Put,25250,410,10.03,15.2917,1,9,5
20-Oct-2025,24814.9,Put,23150,6.2,16.67,15.2917,0,111,5
20-Oct-2025,24814.9,Call,26400,2.8,11.81,15.2917,2,4,5
04-Nov-2025,24814.9,Call,24750,410,8.36,15.2917,4,19,5
04-Nov-2025,24814.9,Call,25200,184.9,8.8,15.2917,2,54,5
25-Nov-2025,24814.9,Call,24850,493.1,8.11,15.2917,1,27,5
25-Nov-2025,24814.9,Put,23450,41.7,13.12,15.2917,0,41,5
30-Dec-2025,24814.9,Call,24850,739.15,8.32,15.2917,2,10,5
28-Oct-2025,24814.9,Put,26100,1160,14.06,15.2917,0,265,4
04-Nov-2025,24814.9,Put,23300,17.5,14.11,15.2917,3,44,4
04-Nov-2025,24814.9,Put,25100,343.8,10.57,15.2917,0,1,4
30-Dec-2025,24814.9,Put,25550,701.2,13.06,15.2917,0,1,4
07-Oct-2025,24814.9,Call,23700,1181.6,34.57,15.2917,-1,114,3
20-Oct-2025,24814.9,Put,22850,2.75,18.78,15.2917,2,6,3
28-Oct-2025,24814.9,Call,24150,849.55,8.98,15.2917,0,23,3
28-Oct-2025,24814.9,Put,26400,1450,15.9,15.2917,2,171,3
25-Nov-2025,24814.9,Put,25450,595.55,11.49,15.2917,1,8,3
30-Dec-2025,24814.9,Put,24850,356,12.35,15.2917,1,23,3
30-Dec-2025,24814.9,Call,26500,134.85,9.92,0,0,2,3
30-Dec-2025,24814.9,Call,19000,6180,0,15.2917,0,146.666666667,3
30-Dec-2025,24814.9,Put,25150,473.1,12.33,15.2917,1,3,3
30-Dec-2025,24814.9,Put,24650,295.05,12.48,15.2917,0,28,3
30-Dec-2025,24814.9,Call,25750,284.25,8.7,15.2917,2,15,3
30-Dec-2025,24814.9,Call,24750,786.05,7.7,15.2917,0,4,3
29-Dec-2026,24814.9,Put,21000,190,19.4,15.2917,1,489.666666667,3
07-Oct-2025,24814.9,Call,23250,1624.55,42.86,15.2917,1,1,2
07-Oct-2025,24814.9,Call,23450,1411.25,34.28,15.2917,1,5,2
07-Oct-2025,24814.9,Put,26200,1334.85,0,15.2917,0,30,2
14-Oct-2025,24814.9,Call,23750,1136,0,15.2917,0,1,2
14-Oct-2025,24814.9,Put,25650,779.3,0,15.2917,0,7,2
20-Oct-2025,24814.9,Call,24300,675,11.4,15.2917,-1,108,2
20-Oct-2025,24814.9,Put,25300,428,8.89,15.2917,1,97,2
20-Oct-2025,24814.9,Put,23300,8.25,16.14,15.2917,0,19,2
28-Oct-2025,24814.9,Call,22800,2140,0,15.2917,-1,1330,2
28-Oct-2025,24814.9,Call,26550,5.1,11.15,15.2917,0,79,2
28-Oct-2025,24814.9,Call,23700,1220,0,15.2917,0,38,2
28-Oct-2025,24814.9,Put,26800,1850,19.28,15.2917,-1,96,2
04-Nov-2025,24814.9,Put,22900,5.1,13.84,15.2917,1,2,2
04-Nov-2025,24814.9,Put,25500,630.25,11.91,15.2917,0,1,2
04-Nov-2025,24814.9,Call,25050,238.45,8.39,15.2917,0,3,2
28-Oct-2025,24814.9,Put,23150,9.5,15.07,15.2917,0,469,2
25-Nov-2025,24814.9,Put,25550,643.45,11.48,15.2917,1,20,2
04-Nov-2025,24814.9,Call,24900,338.25,9.11,15.2917,0,3,2
04-Nov-2025,24814.9,Call,24850,353.3,8.61,15.2917,1,1,2
25-Nov-2025,24814.9,Put,27000,1900,16.34,15.2917,0,165,2
25-Nov-2025,24814.9,Call,24650,612.1,7.42,15.2917,0,50,2
25-Nov-2025,24814.9,Call,25350,255.35,8.8,15.2917,0,82,2
25-Nov-2025,24814.9,Call,26150,57.05,8.9,15.2917,0,67,2
30-Dec-2025,24814.9,Put,22850,71.1,15.82,15.2917,0,40,2
07-Oct-2025,24814.9,Call,23200,1630,0,15.2917,0,22,1
07-Oct-2025,24814.9,Put,26100,1300,36.37,15.2917,0,15,1
07-Oct-2025,24814.9,Put,26050,1201.85,0,15.2917,0,8,1
20-Oct-2025,24814.9,Call,24550,462.85,10.53,15.2917,0,7,1
20-Oct-2025,24814.9,Call,24450,507.35,8.04,15.2917,0,4,1
20-Oct-2025,24814.9,Call,26650,3.45,13.85,15.2917,0,6,1
20-Oct-2025,24814.9,Put,25400,554.1,11.89,15.2917,0,14,1
20-Oct-2025,24814.9,Put,25450,555.55,9.28,15.2917,0,8,1
28-Oct-2025,24814.9,Call,22600,2300,0,15.2917,0,141,1
28-Oct-2025,24814.9,Put,26550,1633.75,19.95,15.2917,0,8,1
20-Oct-2025,24814.9,Call,26550,2.5,12.63,15.2917,0,3,1
04-Nov-2025,24814.9,Put,23000,16,15.91,15.2917,0,1,1
04-Nov-2025,24814.9,Call,24000,1151,16.41,15.2917,0,0,1
04-Nov-2025,24814.9,Put,23200,18.15,14.9,15.2917,0,21,1
25-Nov-2025,24814.9,Call,24550,680.2,7.02,15.2917,0,17,1
25-Nov-2025,24814.9,Call,23000,2062,0,15.2917,0,162,1
04-Nov-2025,24814.9,Put,23400,41.45,16.2,15.2917,0,4,1
25-Nov-2025,24814.9,Put,23150,37.3,14.55,15.2917,0,8,1
25-Nov-2025,24814.9,Put,24450,177.7,12.06,15.2917,0,61,1
30-Dec-2025,24814.9,Put,16000,6,36.91,15.2917,0,208.333333333,1
30-Dec-2025,24814.9,Call,25350,441.95,8.37,15.2917,0,1,1
30-Dec-2025,24814.9,Put,23750,227.05,16.78,15.2917,0,0,1
30-Dec-2025,24814.9,Put,26200,1095,13.07,15.2917,0,3,1
29-Dec-2026,24814.9,Put,28000,1990,18.47,15.2917,0,447,1
29-Dec-2026,24814.9,Call,24000,3100,0,15.2917,0,119,1
30-Jun-2026,24814.9,Put,21000,98,18.45,15.2917,0,4833,1
28-Dec-2027,24814.9,Put,25000,1000,20.88,15.2917,0,28,1
28-Dec-2027,24814.9,Put,27000,1618,21.47,15.2917,0,4,1
07-Oct-2025,24814.9,Put,27100,0,0,15.2917,0,0,0
07-Oct-2025,24814.9,Put,26750,0,0,15.2917,0,0,0
07-Oct-2025,24814.9,Put,26700,0,0,15.2917,0,0,0
07-Oct-2025,24814.9,Call,23100,0,0,15.2917,0,1,0
07-Oct-2025,24814.9,Call,23150,0,0,15.2917,0,0,0
07-Oct-2025,24814.9,Call,23300,0,0,15.2917,0,10,0
07-Oct-2025,24814.9,Call,23400,0,0,15.2917,0,18,0
07-Oct-2025,24814.9,Call,23550,0,0,15.2917,0,10,0
07-Oct-2025,24814.9,Call,22900,0,0,15.2917,0,89,0
07-Oct-2025,24814.9,Call,22950,0,0,15.2917,0,0,0
07-Oct-2025,24814.9,Put,26800,0,0,15.2917,0,0,0
07-Oct-2025,24814.9,Call,23850,0,0,15.2917,0,15,0
14-Oct-2025,24814.9,Call,22900,0,0,15.2917,0,0,0
07-Oct-2025,24814.9,Put,27000,0,0,15.2917,0,92,0
07-Oct-2025,24814.9,Put,26600,0,0,15.2917,0,0,0
07-Oct-2025,24814.9,Put,26900,0,0,15.2917,0,0,0
07-Oct-2025,24814.9,Put,26950,0,0,15.2917,0,0,0
14-Oct-2025,24814.9,Put,27100,0,0,15.2917,0,27,0
07-Oct-2025,24814.9,Put,26650,0,0,15.2917,0,1,0
14-Oct-2025,24814.9,Call,23050,0,0,15.2917,0,0,0
07-Oct-2025,24814.9,Put,26850,0,0,15.2917,0,1,0
14-Oct-2025,24814.9,Call,22950,0,0,15.2917,0,0,0
14-Oct-2025,24814.9,Put,27050,0,0,15.2917,0,0,0
07-Oct-2025,24814.9,Put,26450,0,0,15.2917,0,6,0
07-Oct-2025,24814.9,Call,23050,0,0,15.2917,0,0,0
07-Oct-2025,24814.9,Put,27150,0,0,15.2917,0,0,0
07-Oct-2025,24814.9,Put,25950,0,0,15.2917,0,8,0
07-Oct-2025,24814.9,Put,25900,0,0,15.2917,0,55,0
07-Oct-2025,24814.9,Put,26250,0,0,15.2917,0,8,0
07-Oct-2025,24814.9,Put,26400,0,0,15.2917,0,7,0
07-Oct-2025,24814.9,Call,23350,0,0,15.2917,0,0,0
07-Oct-2025,24814.9,Put,26150,0,0,15.2917,0,7,0
14-Oct-2025,24814.9,Call,23000,0,0,15.2917,0,0,0
07-Oct-2025,24814.9,Put,26350,0,0,15.2917,0,6,0
07-Oct-2025,24814.9,Put,26550,0,0,15.2917,0,0,0
07-Oct-2025,24814.9,Put,26300,0,0,15.2917,0,8,0
14-Oct-2025,24814.9,Call,23350,0,0,15.2917,0,1,0
14-Oct-2025,24814.9,Call,23300,0,0,15.2917,0,1,0
14-Oct-2025,24814.9,Call,23250,0,0,15.2917,0,1,0
14-Oct-2025,24814.9,Call,23200,0,0,15.2917,0,1,0
14-Oct-2025,24814.9,Call,23150,0,0,15.2917,0,1,0
14-Oct-2025,24814.9,Call,23100,0,0,15.2917,0,0,0
14-Oct-2025,24814.9,Call,23650,0,0,15.2917,0,5,0
14-Oct-2025,24814.9,Put,27000,0,0,15.2917,0,0,0
14-Oct-2025,24814.9,Put,26950,0,0,15.2917,0,0,0
14-Oct-2025,24814.9,Put,26900,0,0,15.2917,0,0,0
14-Oct-2025,24814.9,Call,23600,0,0,15.2917,0,3,0
14-Oct-2025,24814.9,Call,23550,0,0,15.2917,0,2,0
14-Oct-2025,24814.9,Call,23450,0,0,15.2917,0,1,0
14-Oct-2025,24814.9,Call,23400,0,0,15.2917,0,1,0
14-Oct-2025,24814.9,Put,26850,0,0,15.2917,0,0,0
14-Oct-2025,24814.9,Put,26800,0,0,15.2917,0,0,0
14-Oct-2025,24814.9,Put,26750,0,0,15.2917,0,0,0
14-Oct-2025,24814.9,Put,26700,0,0,15.2917,0,0,0
14-Oct-2025,24814.9,Put,26650,0,0,15.2917,0,0,0
14-Oct-2025,24814.9,Put,26600,0,0,15.2917,0,0,0
14-Oct-2025,24814.9,Call,22850,0,0,15.2917,0,0,0
14-Oct-2025,24814.9,Put,25750,0,0,15.2917,0,1,0
14-Oct-2025,24814.9,Put,26050,0,0,15.2917,0,2,0
20-Oct-2025,24814.9,Put,27000,0,0,15.2917,0,0,0
20-Oct-2025,24814.9,Call,23600,0,0,15.2917,0,0,0
20-Oct-2025,24814.9,Call,23550,0,0,15.2917,0,0,0
20-Oct-2025,24814.9,Call,23500,0,0,15.2917,0,0,0
20-Oct-2025,24814.9,Call,23450,0,0,15.2917,0,0,0
20-Oct-2025,24814.9,Call,23400,0,0,15.2917,0,0,0
20-Oct-2025,24814.9,Put,26500,0,0,15.2917,0,0,0
20-Oct-2025,24814.9,Put,26450,0,0,15.2917,0,0,0
20-Oct-2025,24814.9,Put,26400,0,0,15.2917,0,0,0
20-Oct-2025,24814.9,Put,26350,0,0,15.2917,0,0,0
20-Oct-2025,24814.9,Put,26300,0,0,15.2917,0,3,0
20-Oct-2025,24814.9,Put,26250,0,0,15.2917,0,0,0
20-Oct-2025,24814.9,Put,26200,0,0,15.2917,0,0,0
20-Oct-2025,24814.9,Put,26150,0,0,15.2917,0,0,0
20-Oct-2025,24814.9,Put,26100,0,0,15.2917,0,3,0
20-Oct-2025,24814.9,Put,26050,0,0,15.2917,0,3,0
20-Oct-2025,24814.9,Put,25850,0,0,15.2917,0,7,0
20-Oct-2025,24814.9,Put,25750,0,0,15.2917,0,6,0
20-Oct-2025,24814.9,Call,24350,0,0,15.2917,0,9,0
20-Oct-2025,24814.9,Put,25800,0,0,15.2917,0,6,0
20-Oct-2025,24814.9,Put,26000,0,0,15.2917,0,10,0
14-Oct-2025,24814.9,Put,26550,0,0,15.2917,0,0,0
14-Oct-2025,24814.9,Put,26500,0,0,15.2917,0,3,0
14-Oct-2025,24814.9,Put,26450,0,0,15.2917,0,0,0
14-Oct-2025,24814.9,Put,26400,0,0,15.2917,0,0,0
14-Oct-2025,24814.9,Put,26350,0,0,15.2917,0,0,0
14-Oct-2025,24814.9,Put,26300,0,0,15.2917,0,0,0
14-Oct-2025,24814.9,Put,26250,0,0,15.2917,0,1,0
14-Oct-2025,24814.9,Put,26200,0,0,15.2917,0,1,0
14-Oct-2025,24814.9,Put,26150,0,0,15.2917,0,3,0
14-Oct-2025,24814.9,Put,26100,0,0,15.2917,0,3,0
14-Oct-2025,24814.9,Put,25950,0,0,15.2917,0,2,0
14-Oct-2025,24814.9,Put,25850,0,0,15.2917,0,2,0
14-Oct-2025,24814.9,Call,24150,0,0,15.2917,0,17,0
14-Oct-2025,24814.9,Call,24050,0,0,15.2917,0,7,0
14-Oct-2025,24814.9,Call,23950,0,0,15.2917,0,2,0
14-Oct-2025,24814.9,Call,23850,0,0,15.2917,0,6,0
14-Oct-2025,24814.9,Call,26550,0,0,15.2917,0,13,0
14-Oct-2025,24814.9,Put,27150,0,0,15.2917,0,0,0
14-Oct-2025,24814.9,Put,23950,0,0,15.2917,0,0,0
20-Oct-2025,24814.9,Put,25650,0,0,15.2917,0,8,0
20-Oct-2025,24814.9,Call,23700,0,0,15.2917,0,2,0
20-Oct-2025,24814.9,Call,23900,0,0,15.2917,0,0,0
20-Oct-2025,24814.9,Call,24150,0,0,15.2917,0,1,0
20-Oct-2025,24814.9,Put,25700,0,0,15.2917,0,8,0
20-Oct-2025,24814.9,Call,22850,0,0,15.2917,0,0,0
20-Oct-2025,24814.9,Call,23650,0,0,15.2917,0,1,0
20-Oct-2025,24814.9,Call,23750,0,0,15.2917,0,1,0
20-Oct-2025,24814.9,Call,23850,0,0,15.2917,0,1,0
20-Oct-2025,24814.9,Call,23950,0,0,15.2917,0,1,0
20-Oct-2025,24814.9,Call,26350,0,0,15.2917,0,0,0
20-Oct-2025,24814.9,Call,24200,0,0,15.2917,0,2,0
20-Oct-2025,24814.9,Call,24000,0,0,15.2917,0,14,0
20-Oct-2025,24814.9,Put,23350,0,0,15.2917,0,0,0
20-Oct-2025,24814.9,Call,24250,0,0,15.2917,0,0,0
20-Oct-2025,24814.9,Call,24100,0,0,15.2917,0,1,0
20-Oct-2025,24814.9,Call,24050,0,0,15.2917,0,1,0
20-Oct-2025,24814.9,Put,26650,0,0,15.2917,0,0,0
20-Oct-2025,24814.9,Call,25150,0,0,15.2917,0,0,0
20-Oct-2025,24814.9,Call,26600,0,0,15.2917,0,13,0
20-Oct-2025,24814.9,Call,23800,0,0,15.2917,0,7,0
20-Oct-2025,24814.9,Put,23750,0,0,15.2917,0,0,0
20-Oct-2025,24814.9,Put,24100,0,0,15.2917,0,0,0
20-Oct-2025,24814.9,Put,23100,0,0,15.2917,0,1,0
20-Oct-2025,24814.9,Call,26200,0,0,15.2917,0,0,0
20-Oct-2025,24814.9,Put,25350,0,0,15.2917,0,8,0
20-Oct-2025,24814.9,Put,24250,0,0,15.2917,0,0,0
20-Oct-2025,24814.9,Put,24150,0,0,15.2917,0,0,0
20-Oct-2025,24814.9,Put,23950,0,0,15.2917,0,0,0
20-Oct-2025,24814.9,Put,23900,0,0,15.2917,0,4,0
20-Oct-2025,24814.9,Put,25900,0,0,15.2917,0,6,0
20-Oct-2025,24814.9,Call,26900,0,0,15.2917,0,9,0
20-Oct-2025,24814.9,Put,23450,0,0,15.2917,0,3,0
20-Oct-2025,24814.9,Call,23050,0,0,15.2917,0,0,0
20-Oct-2025,24814.9,Call,23100,0,0,15.2917,0,0,0
20-Oct-2025,24814.9,Call,22900,0,0,15.2917,0,0,0
20-Oct-2025,24814.9,Call,23000,0,0,15.2917,0,0,0
20-Oct-2025,24814.9,Call,22950,0,0,15.2917,0,0,0
20-Oct-2025,24814.9,Call,23300,0,0,15.2917,0,0,0
20-Oct-2025,24814.9,Call,23350,0,0,15.2917,0,0,0
20-Oct-2025,24814.9,Put,22900,0,0,15.2917,0,36,0
20-Oct-2025,24814.9,Put,23250,0,0,15.2917,0,0,0
20-Oct-2025,24814.9,Call,23250,0,0,15.2917,0,0,0
20-Oct-2025,24814.9,Put,23200,0,0,15.2917,0,0,0
20-Oct-2025,24814.9,Put,25600,0,0,15.2917,0,8,0
20-Oct-2025,24814.9,Put,25550,0,0,15.2917,0,8,0
20-Oct-2025,24814.9,Put,26600,0,0,15.2917,0,0,0
20-Oct-2025,24814.9,Put,26550,0,0,15.2917,0,0,0
20-Oct-2025,24814.9,Call,23200,0,0,15.2917,0,0,0
20-Oct-2025,24814.9,Call,23150,0,0,15.2917,0,0,0
20-Oct-2025,24814.9,Call,26750,0,0,15.2917,0,30,0
20-Oct-2025,24814.9,Put,23050,0,0,15.2917,0,1,0
20-Oct-2025,24814.9,Put,27150,0,0,15.2917,0,8,0
20-Oct-2025,24814.9,Put,27100,0,0,15.2917,0,0,0
20-Oct-2025,24814.9,Put,27050,0,0,15.2917,0,0,0
20-Oct-2025,24814.9,Put,26950,0,0,15.2917,0,0,0
20-Oct-2025,24814.9,Put,26900,0,0,15.2917,0,0,0
20-Oct-2025,24814.9,Put,26850,0,0,15.2917,0,0,0
20-Oct-2025,24814.9,Put,26800,0,0,15.2917,0,0,0
20-Oct-2025,24814.9,Put,26750,0,0,15.2917,0,0,0
20-Oct-2025,24814.9,Put,26700,0,0,15.2917,0,0,0
28-Oct-2025,24814.9,Put,26050,0,0,15.2917,0,22,0
28-Oct-2025,24814.9,Put,26950,0,0,15.2917,0,19,0
28-Oct-2025,24814.9,Put,26900,0,0,15.2917,0,34,0
28-Oct-2025,24814.9,Put,26150,0,0,15.2917,0,17,0
28-Oct-2025,24814.9,Call,22750,0,0,15.2917,0,0,0
28-Oct-2025,24814.9,Call,22700,0,0,15.2917,0,159,0
28-Oct-2025,24814.9,Call,22650,0,0,15.2917,0,0,0
28-Oct-2025,24814.9,Put,25650,0,0,15.2917,0,108,0
28-Oct-2025,24814.9,Call,22950,0,0,15.2917,0,1,0
28-Oct-2025,24814.9,Call,22900,0,0,15.2917,0,1,0
28-Oct-2025,24814.9,Call,22850,0,0,15.2917,0,1,0
28-Oct-2025,24814.9,Put,25950,0,0,15.2917,0,50,0
28-Oct-2025,24814.9,Put,25850,0,0,15.2917,0,89,0
28-Oct-2025,24814.9,Put,26650,0,0,15.2917,0,5,0
28-Oct-2025,24814.9,Put,26250,0,0,15.2917,0,52,0
28-Oct-2025,24814.9,Put,26750,0,0,15.2917,0,8,0
28-Oct-2025,24814.9,Put,27150,0,0,15.2917,0,65,0
20-Oct-2025,24814.9,Call,26150,0,0,15.2917,0,0,0
20-Oct-2025,24814.9,Call,26050,0,0,15.2917,0,0,0
20-Oct-2025,24814.9,Call,25900,0,0,15.2917,0,0,0
20-Oct-2025,24814.9,Call,25850,0,0,15.2917,0,1,0
20-Oct-2025,24814.9,Call,25750,0,0,15.2917,0,0,0
20-Oct-2025,24814.9,Call,26100,0,0,15.2917,0,0,0
20-Oct-2025,24814.9,Call,26950,0,0,15.2917,0,20,0
20-Oct-2025,24814.9,Put,24350,0,0,15.2917,0,0,0
20-Oct-2025,24814.9,Put,24050,0,0,15.2917,0,0,0
20-Oct-2025,24814.9,Put,23850,0,0,15.2917,0,1,0
20-Oct-2025,24814.9,Put,25950,0,0,15.2917,0,8,0
28-Oct-2025,24814.9,Call,23650,0,0,15.2917,0,3,0
28-Oct-2025,24814.9,Call,23750,0,0,15.2917,0,3,0
28-Oct-2025,24814.9,Call,23850,0,0,15.2917,0,6,0
28-Oct-2025,24814.9,Call,24250,0,0,15.2917,0,79,0
28-Oct-2025,24814.9,Call,23550,0,0,15.2917,0,6,0
28-Oct-2025,24814.9,Call,23450,0,0,15.2917,0,2,0
28-Oct-2025,24814.9,Call,23400,0,0,15.2917,0,63,0
28-Oct-2025,24814.9,Call,23350,0,0,15.2917,0,5,0
28-Oct-2025,24814.9,Call,23300,0,0,15.2917,0,53,0
28-Oct-2025,24814.9,Call,23250,0,0,15.2917,0,0,0
28-Oct-2025,24814.9,Call,23200,0,0,15.2917,0,14,0
28-Oct-2025,24814.9,Call,23150,0,0,15.2917,0,1,0
28-Oct-2025,24814.9,Call,23100,0,0,15.2917,0,9,0
28-Oct-2025,24814.9,Call,23050,0,0,15.2917,0,1,0
28-Oct-2025,24814.9,Call,24050,0,0,15.2917,0,25,0
28-Oct-2025,24814.9,Call,23950,0,0,15.2917,0,26,0
28-Oct-2025,24814.9,Put,26450,0,0,15.2917,0,17,0
28-Oct-2025,24814.9,Put,26350,0,0,15.2917,0,15,0
28-Oct-2025,24814.9,Call,26350,0,0,15.2917,0,0,0
28-Oct-2025,24814.9,Call,26150,0,0,15.2917,0,0,0
28-Oct-2025,24814.9,Call,26050,0,0,15.2917,0,0,0
04-Nov-2025,24814.9,Call,26600,0,0,15.2917,0,0,0
04-Nov-2025,24814.9,Call,25750,0,0,15.2917,0,0,0
04-Nov-2025,24814.9,Put,25050,0,0,15.2917,0,0,0
04-Nov-2025,24814.9,Put,24300,0,0,15.2917,0,0,0
04-Nov-2025,24814.9,Put,24250,0,0,15.2917,0,0,0
04-Nov-2025,24814.9,Put,24200,0,0,15.2917,0,0,0
04-Nov-2025,24814.9,Call,24300,0,0,15.2917,0,0,0
04-Nov-2025,24814.9,Call,24200,0,0,15.2917,0,0,0
04-Nov-2025,24814.9,Call,24100,0,0,15.2917,0,0,0
04-Nov-2025,24814.9,Put,23100,0,0,15.2917,0,4,0
04-Nov-2025,24814.9,Put,22950,0,0,15.2917,0,0,0
04-Nov-2025,24814.9,Call,24450,0,0,15.2917,0,0,0
04-Nov-2025,24814.9,Call,24400,0,0,15.2917,0,0,0
04-Nov-2025,24814.9,Call,26250,0,0,15.2917,0,0,0
04-Nov-2025,24814.9,Put,23650,0,0,15.2917,0,0,0
04-Nov-2025,24814.9,Put,24650,0,0,15.2917,0,1,0
04-Nov-2025,24814.9,Call,26100,0,0,15.2917,0,0,0
04-Nov-2025,24814.9,Put,23050,0,0,15.2917,0,0,0
04-Nov-2025,24814.9,Put,25350,0,0,15.2917,0,0,0
04-Nov-2025,24814.9,Call,25350,0,0,15.2917,0,0,0
04-Nov-2025,24814.9,Put,25300,0,0,15.2917,0,2,0
04-Nov-2025,24814.9,Call,25300,0,0,15.2917,0,0,0
04-Nov-2025,24814.9,Put,25250,0,0,15.2917,0,10,0
04-Nov-2025,24814.9,Put,25200,0,0,15.2917,0,0,0
04-Nov-2025,24814.9,Put,25150,0,0,15.2917,0,0,0
04-Nov-2025,24814.9,Call,25150,0,0,15.2917,0,5,0
04-Nov-2025,24814.9,Call,24650,0,0,15.2917,0,6,0
04-Nov-2025,24814.9,Call,24600,0,0,15.2917,0,0,0
04-Nov-2025,24814.9,Call,24550,0,0,15.2917,0,0,0
04-Nov-2025,24814.9,Put,24150,0,0,15.2917,0,0,0
04-Nov-2025,24814.9,Put,24100,0,0,15.2917,0,0,0
04-Nov-2025,24814.9,Put,24550,0,0,15.2917,0,0,0
04-Nov-2025,24814.9,Put,24050,0,0,15.2917,0,0,0
04-Nov-2025,24814.9,Put,23950,0,0,15.2917,0,0,0
04-Nov-2025,24814.9,Put,23900,0,0,15.2917,0,0,0
04-Nov-2025,24814.9,Put,23850,0,0,15.2917,0,0,0
04-Nov-2025,24814.9,Put,23800,0,0,15.2917,0,0,0
04-Nov-2025,24814.9,Put,23600,0,0,15.2917,0,0,0
04-Nov-2025,24814.9,Call,26350,0,0,15.2917,0,0,0
04-Nov-2025,24814.9,Call,26050,0,0,15.2917,0,0,0
04-Nov-2025,24814.9,Put,25450,0,0,15.2917,0,0,0
04-Nov-2025,24814.9,Put,25400,0,0,15.2917,0,0,0
04-Nov-2025,24814.9,Put,24750,0,0,15.2917,0,7,0
04-Nov-2025,24814.9,Call,25450,0,0,15.2917,0,0,0
04-Nov-2025,24814.9,Call,25400,0,0,15.2917,0,0,0
28-Oct-2025,24814.9,Put,25750,0,0,15.2917,0,97,0
28-Oct-2025,24814.9,Put,26850,0,0,15.2917,0,14,0
28-Oct-2025,24814.9,Call,26450,0,0,15.2917,0,0,0
28-Oct-2025,24814.9,Put,27100,0,0,15.2917,0,36,0
28-Oct-2025,24814.9,Put,27050,0,0,15.2917,0,0,0
04-Nov-2025,24814.9,Put,24350,0,0,15.2917,0,0,0
04-Nov-2025,24814.9,Call,25850,0,0,15.2917,0,0,0
04-Nov-2025,24814.9,Call,25650,0,0,15.2917,0,0,0
04-Nov-2025,24814.9,Call,26450,0,0,15.2917,0,0,0
04-Nov-2025,24814.9,Call,26700,0,0,15.2917,0,0,0
04-Nov-2025,24814.9,Call,26000,0,0,15.2917,0,0,0
04-Nov-2025,24814.9,Call,26650,0,0,15.2917,0,0,0
04-Nov-2025,24814.9,Call,25550,0,0,15.2917,0,0,0
04-Nov-2025,24814.9,Call,26400,0,0,15.2917,0,0,0
04-Nov-2025,24814.9,Put,24450,0,0,15.2917,0,0,0
04-Nov-2025,24814.9,Call,26550,0,0,15.2917,0,24,0
04-Nov-2025,24814.9,Call,25950,0,0,15.2917,0,0,0
04-Nov-2025,24814.9,Put,23750,0,0,15.2917,0,0,0
25-Nov-2025,24814.9,Put,23950,0,0,15.2917,0,37,0
25-Nov-2025,24814.9,Put,25950,0,0,15.2917,0,6,0
25-Nov-2025,24814.9,Put,23550,0,0,15.2917,0,0,0
25-Nov-2025,24814.9,Put,26900,0,0,15.2917,0,0,0
25-Nov-2025,24814.9,Call,24450,0,0,15.2917,0,4,0
25-Nov-2025,24814.9,Call,24350,0,0,15.2917,0,4,0
25-Nov-2025,24814.9,Put,26400,0,0,15.2917,0,9,0
25-Nov-2025,24814.9,Call,26400,0,0,15.2917,0,0,0
25-Nov-2025,24814.9,Put,26350,0,0,15.2917,0,5,0
25-Nov-2025,24814.9,Call,26350,0,0,15.2917,0,0,0
25-Nov-2025,24814.9,Put,26300,0,0,15.2917,0,6,0
25-Nov-2025,24814.9,Call,23900,0,0,15.2917,0,1,0
25-Nov-2025,24814.9,Put,23850,0,0,15.2917,0,3,0
25-Nov-2025,24814.9,Call,23800,0,0,15.2917,0,4,0
25-Nov-2025,24814.9,Put,23750,0,0,15.2917,0,0,0
25-Nov-2025,24814.9,Call,23750,0,0,15.2917,0,1,0
25-Nov-2025,24814.9,Call,23700,0,0,15.2917,0,3,0
25-Nov-2025,24814.9,Call,23600,0,0,15.2917,0,0,0
25-Nov-2025,24814.9,Put,22750,0,0,15.2917,0,68,0
25-Nov-2025,24814.9,Call,26250,0,0,15.2917,0,0,0
25-Nov-2025,24814.9,Put,25650,0,0,15.2917,0,65,0
25-Nov-2025,24814.9,Put,27150,0,0,15.2917,0,0,0
25-Nov-2025,24814.9,Put,26850,0,0,15.2917,0,0,0
25-Nov-2025,24814.9,Call,26850,0,0,15.2917,0,0,0
25-Nov-2025,24814.9,Put,26800,0,0,15.2917,0,0,0
04-Nov-2025,24814.9,Put,23700,0,0,15.2917,0,0,0
04-Nov-2025,24814.9,Put,23450,0,0,15.2917,0,1,0
04-Nov-2025,24814.9,Call,26300,0,0,15.2917,0,0,0
04-Nov-2025,24814.9,Call,25700,0,0,15.2917,0,0,0
04-Nov-2025,24814.9,Call,26200,0,0,15.2917,0,0,0
04-Nov-2025,24814.9,Call,26800,0,0,15.2917,0,0,0
04-Nov-2025,24814.9,Put,23550,0,0,15.2917,0,0,0
04-Nov-2025,24814.9,Put,23150,0,0,15.2917,0,0,0
04-Nov-2025,24814.9,Call,26850,0,0,15.2917,0,0,0
04-Nov-2025,24814.9,Call,26150,0,0,15.2917,0,0,0
04-Nov-2025,24814.9,Call,26500,0,0,15.2917,0,0,0
04-Nov-2025,24814.9,Call,26750,0,0,15.2917,0,1,0
04-Nov-2025,24814.9,Put,22850,0,0,15.2917,0,0,0
04-Nov-2025,24814.9,Call,25800,0,0,15.2917,0,0,0
25-Nov-2025,24814.9,Put,23350,0,0,15.2917,0,0,0
25-Nov-2025,24814.9,Put,23050,0,0,15.2917,0,2,0
25-Nov-2025,24814.9,Put,22950,0,0,15.2917,0,16,0
25-Nov-2025,24814.9,Put,22850,0,0,15.2917,0,11,0
25-Nov-2025,24814.9,Put,26250,0,0,15.2917,0,2,0
25-Nov-2025,24814.9,Call,26900,0,0,15.2917,0,0,0
25-Nov-2025,24814.9,Put,26950,0,0,15.2917,0,0,0
25-Nov-2025,24814.9,Put,25350,0,0,15.2917,0,26,0
25-Nov-2025,24814.9,Put,25250,0,0,15.2917,0,41,0
25-Nov-2025,24814.9,Put,25150,0,0,15.2917,0,66,0
25-Nov-2025,24814.9,Put,24050,0,0,15.2917,0,0,0
25-Nov-2025,24814.9,Call,24050,0,0,15.2917,0,2,0
25-Nov-2025,24814.9,Call,23850,0,0,15.2917,0,5,0
25-Nov-2025,24814.9,Call,23650,0,0,15.2917,0,1,0
25-Nov-2025,24814.9,Call,23550,0,0,15.2917,0,0,0
25-Nov-2025,24814.9,Call,23450,0,0,15.2917,0,30,0
25-Nov-2025,24814.9,Call,23400,0,0,15.2917,0,0,0
25-Nov-2025,24814.9,Call,23350,0,0,15.2917,0,0,0
25-Nov-2025,24814.9,Call,23300,0,0,15.2917,0,3,0
25-Nov-2025,24814.9,Call,26450,0,0,15.2917,0,0,0
25-Nov-2025,24814.9,Put,27100,0,0,15.2917,0,0,0
25-Nov-2025,24814.9,Call,27100,0,0,15.2917,0,0,0
25-Nov-2025,24814.9,Put,27050,0,0,15.2917,0,0,0
25-Nov-2025,24814.9,Call,27050,0,0,15.2917,0,0,0
25-Nov-2025,24814.9,Put,26700,0,0,15.2917,0,0,0
25-Nov-2025,24814.9,Put,26650,0,0,15.2917,0,0,0
25-Nov-2025,24814.9,Call,26650,0,0,15.2917,0,0,0
25-Nov-2025,24814.9,Call,23250,0,0,15.2917,0,1,0
25-Nov-2025,24814.9,Call,23200,0,0,15.2917,0,9,0
25-Nov-2025,24814.9,Call,23150,0,0,15.2917,0,0,0
25-Nov-2025,24814.9,Call,23100,0,0,15.2917,0,0,0
25-Nov-2025,24814.9,Call,23050,0,0,15.2917,0,1,0
25-Nov-2025,24814.9,Call,22950,0,0,15.2917,0,0,0
25-Nov-2025,24814.9,Call,22900,0,0,15.2917,0,0,0
25-Nov-2025,24814.9,Call,22850,0,0,15.2917,0,0,0
25-Nov-2025,24814.9,Call,22800,0,0,15.2917,0,0,0
25-Nov-2025,24814.9,Call,22750,0,0,15.2917,0,0,0
25-Nov-2025,24814.9,Put,26200,0,0,15.2917,0,36,0
25-Nov-2025,24814.9,Put,26150,0,0,15.2917,0,3,0
25-Nov-2025,24814.9,Put,26100,0,0,15.2917,0,23,0
25-Nov-2025,24814.9,Put,26050,0,0,15.2917,0,1,0
25-Nov-2025,24814.9,Call,25950,0,0,15.2917,0,0,0
25-Nov-2025,24814.9,Put,25900,0,0,15.2917,0,17,0
25-Nov-2025,24814.9,Put,25850,0,0,15.2917,0,21,0
25-Nov-2025,24814.9,Put,25750,0,0,15.2917,0,19,0
25-Nov-2025,24814.9,Put,26600,0,0,15.2917,0,0,0
25-Nov-2025,24814.9,Put,26550,0,0,15.2917,0,0,0
25-Nov-2025,24814.9,Call,26550,0,0,15.2917,0,0,0
25-Nov-2025,24814.9,Put,24250,0,0,15.2917,0,55,0
25-Nov-2025,24814.9,Call,24250,0,0,15.2917,0,2,0
25-Nov-2025,24814.9,Call,24150,0,0,15.2917,0,3,0
25-Nov-2025,24814.9,Call,24100,0,0,15.2917,0,12,0
25-Nov-2025,24814.9,Call,23950,0,0,15.2917,0,1,0
25-Nov-2025,24814.9,Call,22700,0,0,15.2917,0,0,0
25-Nov-2025,24814.9,Call,26950,0,0,15.2917,0,0,0
25-Nov-2025,24814.9,Call,26050,0,0,15.2917,0,0,0
30-Dec-2025,24814.9,Call,24600,0,0,15.2917,0,1,0
30-Dec-2025,24814.9,Call,24550,0,0,15.2917,0,3,0
30-Dec-2025,24814.9,Call,26150,0,0,15.2917,0,0,0
30-Dec-2025,24814.9,Put,23250,0,0,15.2917,0,0,0
30-Dec-2025,24814.9,Put,23050,0,0,15.2917,0,32,0
30-Dec-2025,24814.9,Put,22950,0,0,15.2917,0,18,0
30-Dec-2025,24814.9,Put,22900,0,0,15.2917,0,21,0
30-Dec-2025,24814.9,Put,26600,0,0,0,0,0,0
30-Dec-2025,24814.9,Call,26450,0,0,0,0,0,0
30-Dec-2025,24814.9,Call,18000,0,0,15.2917,0,855.333333333,0
30-Dec-2025,24814.9,Call,19500,0,0,15.2917,0,15.3333333333,0
30-Dec-2025,24814.9,Put,26450,0,0,0,0,0,0
30-Dec-2025,24814.9,Put,23650,0,0,15.2917,0,0,0
30-Dec-2025,24814.9,Call,26400,0,0,0,0,0,0
30-Dec-2025,24814.9,Call,26550,0,0,0,0,0,0
30-Dec-2025,24814.9,Put,23300,0,0,15.2917,0,0,0
30-Dec-2025,24814.9,Call,23300,0,0,15.2917,0,0,0
30-Dec-2025,24814.9,Call,23250,0,0,15.2917,0,0,0
30-Dec-2025,24814.9,Call,23200,0,0,15.2917,0,0,0
30-Dec-2025,24814.9,Call,23150,0,0,15.2917,0,0,0
30-Dec-2025,24814.9,Call,23100,0,0,15.2917,0,0,0
30-Dec-2025,24814.9,Call,23050,0,0,15.2917,0,0,0
30-Dec-2025,24814.9,Call,22950,0,0,15.2917,0,0,0
30-Dec-2025,24814.9,Call,22900,0,0,15.2917,0,0,0
30-Dec-2025,24814.9,Call,22850,0,0,15.2917,0,0,0
30-Dec-2025,24814.9,Call,23850,0,0,15.2917,0,0,0
30-Dec-2025,24814.9,Call,23800,0,0,15.2917,0,0,0
30-Dec-2025,24814.9,Call,23750,0,0,15.2917,0,0,0
30-Dec-2025,24814.9,Call,23700,0,0,15.2917,0,0,0
30-Dec-2025,24814.9,Call,23650,0,0,15.2917,0,0,0
30-Dec-2025,24814.9,Call,23600,0,0,15.2917,0,0,0
30-Dec-2025,24814.9,Put,23550,0,0,15.2917,0,0,0
30-Dec-2025,24814.9,Call,23550,0,0,15.2917,0,0,0
30-Dec-2025,24814.9,Call,23500,0,0,15.2917,0,0,0
30-Dec-2025,24814.9,Call,16000,0,0,15.2917,0,4.66666666667,0
30-Dec-2025,24814.9,Call,25400,0,0,15.2917,0,19,0
30-Dec-2025,24814.9,Put,23450,0,0,15.2917,0,0,0
30-Dec-2025,24814.9,Call,23450,0,0,15.2917,0,0,0
30-Dec-2025,24814.9,Put,23400,0,0,15.2917,0,0,0
30-Dec-2025,24814.9,Call,23400,0,0,15.2917,0,0,0
30-Dec-2025,24814.9,Put,23350,0,0,15.2917,0,0,0
30-Dec-2025,24814.9,Call,23350,0,0,15.2917,0,0,0
30-Dec-2025,24814.9,Call,24450,0,0,15.2917,0,0,0
30-Dec-2025,24814.9,Call,24400,0,0,15.2917,0,0,0
30-Dec-2025,24814.9,Call,24350,0,0,15.2917,0,0,0
30-Dec-2025,24814.9,Call,24300,0,0,15.2917,0,0,0
30-Dec-2025,24814.9,Call,24250,0,0,15.2917,0,0,0
30-Dec-2025,24814.9,Call,24200,0,0,15.2917,0,0,0
30-Dec-2025,24814.9,Call,24150,0,0,15.2917,0,0,0
30-Dec-2025,24814.9,Put,24100,0,0,15.2917,0,0,0
30-Dec-2025,24814.9,Call,24100,0,0,15.2917,0,0,0
30-Dec-2025,24814.9,Call,24050,0,0,15.2917,0,0,0
30-Dec-2025,24814.9,Call,23900,0,0,15.2917,0,0,0
30-Dec-2025,24814.9,Call,26350,0,0,15.2917,0,0,0
30-Dec-2025,24814.9,Put,26150,0,0,15.2917,0,1,0
30-Dec-2025,24814.9,Put,26100,0,0,15.2917,0,3,0
30-Dec-2025,24814.9,Put,26050,0,0,15.2917,0,2,0
30-Dec-2025,24814.9,Call,25550,0,0,15.2917,0,1,0
30-Dec-2025,24814.9,Put,25450,0,0,15.2917,0,2,0
30-Dec-2025,24814.9,Put,25400,0,0,15.2917,0,4,0
30-Dec-2025,24814.9,Put,25850,0,0,15.2917,0,0,0
30-Dec-2025,24814.9,Put,23950,0,0,15.2917,0,0,0
25-Nov-2025,24814.9,Put,26450,0,0,15.2917,0,10,0
25-Nov-2025,24814.9,Put,23250,0,0,15.2917,0,15,0
25-Nov-2025,24814.9,Call,26750,0,0,15.2917,0,0,0
25-Nov-2025,24814.9,Put,26750,0,0,15.2917,0,0,0
30-Dec-2025,24814.9,Put,25950,0,0,15.2917,0,0,0
30-Dec-2025,24814.9,Put,26500,0,0,0,0,0,0
30-Dec-2025,24814.9,Put,26400,0,0,0,0,0,0
30-Dec-2025,24814.9,Call,26600,0,0,0,0,0,0
30-Dec-2025,24814.9,Put,26550,0,0,0,0,0,0
30-Dec-2025,24814.9,Put,31000,0,0,15.2917,0,0,0
30-Dec-2025,24814.9,Call,23950,0,0,15.2917,0,0,0
30-Dec-2025,24814.9,Put,23600,0,0,15.2917,0,1,0
30-Dec-2025,24814.9,Put,23150,0,0,15.2917,0,8,0
30-Dec-2025,24814.9,Put,23100,0,0,15.2917,0,13,0
30-Dec-2025,24814.9,Put,24250,0,0,15.2917,0,0,0
30-Dec-2025,24814.9,Put,24150,0,0,15.2917,0,0,0
30-Dec-2025,24814.9,Put,24050,0,0,15.2917,0,0,0
30-Dec-2025,24814.9,Put,25050,0,0,15.2917,0,5,0
30-Dec-2025,24814.9,Put,26350,0,0,15.2917,0,0,0
30-Dec-2025,24814.9,Put,26300,0,0,15.2917,0,0,0
30-Dec-2025,24814.9,Call,26300,0,0,15.2917,0,0,0
30-Dec-2025,24814.9,Put,26250,0,0,15.2917,0,0,0
30-Dec-2025,24814.9,Call,26250,0,0,15.2917,0,0,0
30-Dec-2025,24814.9,Call,26200,0,0,15.2917,0,0,0
30-Dec-2025,24814.9,Call,25950,0,0,15.2917,0,0,0
30-Dec-2025,24814.9,Put,25900,0,0,15.2917,0,1,0
30-Dec-2025,24814.9,Call,25900,0,0,15.2917,0,0,0
30-Dec-2025,24814.9,Put,25750,0,0,15.2917,0,0,0
30-Dec-2025,24814.9,Put,25650,0,0,15.2917,0,8,0
30-Dec-2025,24814.9,Call,25650,0,0,15.2917,0,1,0
30-Dec-2025,24814.9,Call,17000,0,0,15.2917,0,1434.33333333,0
30-Dec-2025,24814.9,Put,16500,0,0,15.2917,0,52,0
30-Dec-2025,24814.9,Call,25450,0,0,15.2917,0,2,0
30-Dec-2025,24814.9,Put,25350,0,0,15.2917,0,1,0
30-Dec-2025,24814.9,Call,25150,0,0,15.2917,0,1,0
30-Dec-2025,24814.9,Call,25050,0,0,15.2917,0,3,0
30-Dec-2025,24814.9,Call,24950,0,0,15.2917,0,41,0
30-Dec-2025,24814.9,Call,24650,0,0,15.2917,0,3,0
29-Jun-2027,24814.9,Put,25000,0,0,15.2917,0,0,0
29-Jun-2027,24814.9,Put,24000,0,0,15.2917,0,0,0
29-Dec-2026,24814.9,Call,22000,0,0,15.2917,0,20,0
29-Dec-2026,24814.9,Put,19000,0,0,15.2917,0,23,0
29-Dec-2026,24814.9,Put,18000,0,0,15.2917,0,79.3333333333,0
29-Dec-2026,24814.9,Put,17000,0,0,15.2917,0,38,0
29-Dec-2026,24814.9,Put,16000,0,0,15.2917,0,32.3333333333,0
29-Dec-2026,24814.9,Put,15000,0,0,15.2917,0,19.6666666667,0
29-Dec-2026,24814.9,Put,14000,0,0,15.2917,0,29.6666666667,0
29-Dec-2026,24814.9,Put,12000,0,0,15.2917,0,6.66666666667,0
29-Dec-2026,24814.9,Call,23000,0,0,15.2917,0,64,0
29-Dec-2026,24814.9,Put,29000,0,0,15.2917,0,0,0
29-Dec-2026,24814.9,Call,21000,0,0,15.2917,0,0,0
29-Dec-2026,24814.9,Call,20000,0,0,15.2917,0,0,0
29-Sep-2026,24814.9,Call,27000,0,0,15.2917,0,0,0
29-Sep-2026,24814.9,Call,28000,0,0,15.2917,0,0,0
29-Sep-2026,24814.9,Call,25000,0,0,0,0,0,0
29-Sep-2026,24814.9,Call,26000,0,0,15.2917,0,0,0
29-Sep-2026,24814.9,Call,30000,0,0,15.2917,0,0,0
29-Sep-2026,24814.9,Call,29000,0,0,15.2917,0,0,0
29-Sep-2026,24814.9,Put,26000,0,0,15.2917,0,0,0
29-Sep-2026,24814.9,Put,25000,0,0,15.2917,0,0,0
29-Sep-2026,24814.9,Put,24000,0,0,15.2917,0,0,0
29-Sep-2026,24814.9,Put,27000,0,0,0,0,0,0
30-Jun-2026,24814.9,Call,28000,0,0,15.2917,0,0,0
30-Jun-2026,24814.9,Call,31000,0,0,15.2917,0,0,0
30-Jun-2026,24814.9,Put,20000,0,0,15.2917,0,4691,0
30-Jun-2026,24814.9,Call,29000,0,0,15.2917,0,0,0
30-Jun-2026,24814.9,Put,27000,0,0,15.2917,0,0,0
30-Jun-2026,24814.9,Put,14000,0,0,15.2917,0,20.3333333333,0
30-Jun-2026,24814.9,Put,16000,0,0,15.2917,0,30.3333333333,0
30-Jun-2026,24814.9,Put,15000,0,0,15.2917,0,17,0
30-Jun-2026,24814.9,Put,12000,0,0,15.2917,0,4.33333333333,0
30-Jun-2026,24814.9,Call,19000,0,0,15.2917,0,1.33333333333,0
30-Jun-2026,24814.9,Put,13000,0,0,15.2917,0,2.66666666667,0
30-Jun-2026,24814.9,Put,19000,0,0,15.2917,0,3.33333333333,0
30-Jun-2026,24814.9,Call,24000,0,0,15.2917,0,77,0
30-Jun-2026,24814.9,Call,23000,0,0,15.2917,0,0,0
31-Mar-2026,24814.9,Call,31000,0,0,15.2917,0,0,0
31-Mar-2026,24814.9,Call,23000,0,0,15.2917,0,0,0
31-Mar-2026,24814.9,Call,20000,0,0,15.2917,0,0,0
30-Dec-2025,24814.9,Put,23850,0,0,15.2917,0,0,0
30-Dec-2025,24814.9,Call,26050,0,0,15.2917,0,0,0
31-Mar-2026,24814.9,Call,22000,0,0,15.2917,0,2,0
31-Mar-2026,24814.9,Put,19000,0,0,15.2917,0,0,0
31-Mar-2026,24814.9,Put,31000,0,0,15.2917,0,1,0
29-Jun-2027,24814.9,Call,29000,0,0,15.2917,0,0,0
29-Jun-2027,24814.9,Put,23000,0,0,15.2917,0,0,0
25-Jun-2030,24814.9,Put,24000,0,0,15.2917,0,0,0
25-Jun-2030,24814.9,Put,22000,0,0,15.2917,0,0,0
25-Jun-2030,24814.9,Put,31000,0,0,15.2917,0,0,0
25-Jun-2030,24814.9,Put,30000,0,0,15.2917,0,0,0
25-Jun-2030,24814.9,Put,29000,0,0,15.2917,0,0,0
25-Jun-2030,24814.9,Put,19000,0,0,15.2917,0,0,0
24-Dec-2029,24814.9,Put,31000,0,0,15.2917,0,0,0
24-Dec-2029,24814.9,Put,30000,0,0,15.2917,0,0,0
24-Dec-2029,24814.9,Put,26000,0,0,15.2917,0,2,0
24-Dec-2029,24814.9,Put,19000,0,0,15.2917,0,0,0
24-Dec-2029,24814.9,Put,27000,0,0,15.2917,0,0,0
24-Dec-2029,24814.9,Put,24000,0,0,15.2917,0,0,0
24-Dec-2029,24814.9,Put,20000,0,0,15.2917,0,0,0
24-Dec-2029,24814.9,Put,21000,0,0,15.2917,0,0,0
24-Dec-2029,24814.9,Put,22000,0,0,15.2917,0,0,0
24-Dec-2029,24814.9,Put,25000,0,0,15.2917,0,3,0
24-Dec-2029,24814.9,Put,23000,0,0,15.2917,0,34,0
24-Dec-2029,24814.9,Put,28000,0,0,15.2917,0,0,0
24-Dec-2029,24814.9,Put,29000,0,0,15.2917,0,0,0
26-Jun-2029,24814.9,Put,19000,0,0,15.2917,0,0,0
26-Jun-2029,24814.9,Put,25000,0,0,15.2917,0,0,0
26-Jun-2029,24814.9,Put,26000,0,0,15.2917,0,0.666666666667,0
26-Jun-2029,24814.9,Put,28000,0,0,15.2917,0,0,0
26-Jun-2029,24814.9,Put,29000,0,0,15.2917,0,0,0
26-Jun-2029,24814.9,Put,30000,0,0,15.2917,0,0,0
26-Jun-2029,24814.9,Put,23000,0,0,15.2917,0,0,0
26-Jun-2029,24814.9,Put,27000,0,0,15.2917,0,0,0
26-Jun-2029,24814.9,Put,24000,0,0,15.2917,0,0.333333333333,0
26-Jun-2029,24814.9,Put,20000,0,0,15.2917,0,0,0
26-Jun-2029,24814.9,Put,21000,0,0,15.2917,0,0,0
26-Jun-2029,24814.9,Put,22000,0,0,15.2917,0,0,0
26-Dec-2028,24814.9,Put,29000,0,0,15.2917,0,0,0
26-Dec-2028,24814.9,Put,19000,0,0,15.2917,0,0,0
26-Dec-2028,24814.9,Put,28000,0,0,15.2917,0,0,0
26-Dec-2028,24814.9,Put,21000,0,0,15.2917,0,16.6666666667,0
26-Dec-2028,24814.9,Put,18000,0,0,15.2917,0,1,0
26-Dec-2028,24814.9,Put,27000,0,0,15.2917,0,0,0
26-Dec-2028,24814.9,Put,26000,0,0,15.2917,0,2,0
26-Dec-2028,24814.9,Put,23000,0,0,15.2917,0,44,0
26-Dec-2028,24814.9,Put,22000,0,0,15.2917,0,4,0
26-Dec-2028,24814.9,Put,20000,0,0,15.2917,0,14.6666666667,0
26-Dec-2028,24814.9,Put,25000,0,0,15.2917,0,59.3333333333,0
26-Dec-2028,24814.9,Put,24000,0,0,15.2917,0,24,0
26-Dec-2028,24814.9,Call,31000,0,0,15.2917,0,0,0
27-Jun-2028,24814.9,Put,22000,0,0,15.2917,0,4.33333333333,0
27-Jun-2028,24814.9,Put,21000,0,0,15.2917,0,0,0
27-Jun-2028,24814.9,Put,20000,0,0,15.2917,0,0,0
27-Jun-2028,24814.9,Put,27000,0,0,15.2917,0,0,0
27-Jun-2028,24814.9,Put,28000,0,0,15.2917,0,0,0
27-Jun-2028,24814.9,Call,31000,0,0,15.2917,0,0,0
27-Jun-2028,24814.9,Put,26000,0,0,15.2917,0,0,0
27-Jun-2028,24814.9,Call,30000,0,0,15.2917,0,0,0
27-Jun-2028,24814.9,Put,19000,0,0,15.2917,0,0,0
27-Jun-2028,24814.9,Put,24000,0,0,15.2917,0,0,0
27-Jun-2028,24814.9,Put,23000,0,0,15.2917,0,0,0
27-Jun-2028,24814.9,Put,25000,0,0,15.2917,0,0,0
28-Dec-2027,24814.9,Call,27000,0,0,15.2917,0,0,0
28-Dec-2027,24814.9,Call,26000,0,0,15.2917,0,0,0
28-Dec-2027,24814.9,Put,15000,0,0,15.2917,0,8.33333333333,0
28-Dec-2027,24814.9,Put,17000,0,0,15.2917,0,189.333333333,0
28-Dec-2027,24814.9,Put,18000,0,0,15.2917,0,154,0
28-Dec-2027,24814.9,Put,19000,0,0,15.2917,0,9,0
28-Dec-2027,24814.9,Put,20000,0,0,15.2917,0,52.6666666667,0
28-Dec-2027,24814.9,Call,30000,0,0,15.2917,0,0,0
28-Dec-2027,24814.9,Put,21000,0,0,15.2917,0,13.6666666667,0
28-Dec-2027,24814.9,Put,23000,0,0,15.2917,0,49,0
28-Dec-2027,24814.9,Call,31000,0,0,15.2917,0,0,0
28-Dec-2027,24814.9,Put,28000,0,0,15.2917,0,0,0
28-Dec-2027,24814.9,Put,22000,0,0,15.2917,0,21.3333333333,0
28-Dec-2027,24814.9,Put,26000,0,0,15.2917,0,10,0
28-Dec-2027,24814.9,Put,24000,0,0,15.2917,0,50,0
28-Dec-2027,24814.9,Call,28000,0,0,15.2917,0,0,0
28-Dec-2027,24814.9,Call,29000,0,0,15.2917,0,0,0
28-Dec-2027,24814.9,Put,29000,0,0,15.2917,0,0,0
28-Dec-2027,24814.9,Call,25000,0,0,15.2917,0,3,0
29-Jun-2027,24814.9,Put,20000,0,0,15.2917,0,0,0
29-Jun-2027,24814.9,Put,21000,0,0,15.2917,0,11.6666666667,0
29-Jun-2027,24814.9,Call,28000,0,0,15.2917,0,0,0
29-Jun-2027,24814.9,Put,18000,0,0,15.2917,0,1.33333333333,0
29-Jun-2027,24814.9,Put,22000,0,0,15.2917,0,0,0
29-Jun-2027,24814.9,Put,26000,0,0,15.2917,0,0,0
29-Jun-2027,24814.9,Call,31000,0,0,15.2917,0,0,0
29-Jun-2027,24814.9,Put,19000,0,0,15.2917,0,8,0
29-Jun-2027,24814.9,Put,27000,0,0,15.2917,0,0,0
29-Jun-2027,24814.9,Call,30000,0,0,15.2917,0,0,0
25-Jun-2030,24814.9,Put,20000,0,0,15.2917,0,0,0
25-Jun-2030,24814.9,Put,23000,0,0,15.2917,0,0,0
25-Jun-2030,24814.9,Put,28000,0,0,15.2917,0,0,0
25-Jun-2030,24814.9,Put,25000,0,0,15.2917,0,0,0
25-Jun-2030,24814.9,Put,26000,0,0,15.2917,0,0,0
25-Jun-2030,24814.9,Put,27000,0,0,15.2917,0,0,0
25-Jun-2030,24814.9,Put,21000,0,0,15.2917,0,0,0
