28-Oct-2025,340.4,-,0,342.65,0,29.1905,-209,64517,2364
28-Oct-2025,340.4,Call,350,3.5,17.82,29.1905,716,3358,1969
28-Oct-2025,340.4,Call,345,5.4,17.67,29.1905,95,1469,1548
28-Oct-2025,340.4,Call,340,7.95,17.92,29.1905,40,1230,1261
28-Oct-2025,340.4,Put,340,5.15,18.41,29.1905,59,1222,1174
28-Oct-2025,340.4,Call,360,1.45,18.61,29.1905,115,1198,642
28-Oct-2025,340.4,Put,335,3.4,18.79,29.1905,68,457,567
28-Oct-2025,340.4,Put,345,7.6,18.25,29.1905,23,901,481
28-Oct-2025,340.4,Call,370,0.65,20.24,29.1905,114,1400,434
28-Oct-2025,340.4,Call,342.5,6.55,17.59,29.1905,28,161,419
28-Oct-2025,340.4,Put,337.5,4.15,18.58,29.1905,20,112,342
28-Oct-2025,340.4,Put,342.5,6.35,18.68,29.1905,48,120,327
28-Oct-2025,340.4,Put,305,0.2,23.3,29.1905,245,275,304
28-Oct-2025,340.4,Call,355,2.25,18.04,29.1905,-1,572,303
28-Oct-2025,340.4,Put,330,2.2,19.35,29.1905,-16,767,299
25-Nov-2025,340.4,-,0,342.05,0,29.1905,115,1229,241
28-Oct-2025,340.4,Call,347.5,4.4,17.74,29.1905,26,114,221
28-Oct-2025,340.4,Call,330,15,19.34,29.1905,71,356,162
28-Oct-2025,340.4,Call,380,0.3,21.82,29.1905,51,1382,160
28-Oct-2025,340.4,Call,365,0.95,19.33,29.1905,18,250,135
28-Oct-2025,340.4,Put,300,0.2,26.04,29.1905,-20,644,123
28-Oct-2025,340.4,Call,335,10.95,17.54,29.1905,11,203,119
28-Oct-2025,340.4,Put,332.5,2.75,19.09,29.1905,18,116,118
28-Oct-2025,340.4,Put,320,0.9,21.44,29.1905,21,553,108
25-Nov-2025,340.4,Put,330,6,24.15,29.1905,93,94,94
28-Oct-2025,340.4,Call,375,0.45,20.63,29.1905,42,155,73
28-Oct-2025,340.4,Call,337.5,9.35,17.82,29.1905,15,35,61
28-Oct-2025,340.4,Put,350,10.65,18.7,29.1905,-18,749,56
28-Oct-2025,340.4,Put,310,0.4,23.36,29.1905,10,248,51
28-Oct-2025,340.4,Put,347.5,9.05,18.96,29.1905,6,39,43
28-Oct-2025,340.4,Call,352.5,2.75,17.64,29.1905,2,88,40
28-Oct-2025,340.4,Put,315,0.65,22.67,29.1905,10,48,38
28-Oct-2025,340.4,Put,325,1.4,20.48,29.1905,0,377,37
25-Nov-2025,340.4,Call,340,12.3,18.11,29.1905,28,29,30
28-Oct-2025,340.4,Call,362.5,1.2,19.1,29.1905,4,82,29
28-Oct-2025,340.4,Put,317.5,0.75,21.8,29.1905,23,23,27
30-Dec-2025,340.4,-,0,344,0,29.1905,3,31,20
28-Oct-2025,340.4,Call,325,19.35,20.14,29.1905,0,56,20
28-Oct-2025,340.4,Call,357.5,1.85,18.09,29.1905,6,65,18
28-Oct-2025,340.4,Put,312.5,0.5,22.91,29.1905,3,10,17
25-Nov-2025,340.4,Call,380,1.75,21.31,29.1905,10,37,16
25-Nov-2025,340.4,Put,340,9.4,23.4,29.1905,13,17,16
28-Oct-2025,340.4,Call,320,22.3,0,29.1905,-3,177,14
25-Nov-2025,340.4,Put,300,1,25.57,29.1905,2,28,12
28-Oct-2025,340.4,Put,322.5,1.15,20.54,29.1905,1,15,12
28-Oct-2025,340.4,Call,367.5,0.85,20.21,29.1905,1,67,10
28-Oct-2025,340.4,Put,360,18.35,18.64,29.1905,2,361,10
25-Nov-2025,340.4,Put,310,1.75,24.29,29.1905,6,78,8
25-Nov-2025,340.4,Put,320,3.4,24.23,29.1905,5,47,8
28-Oct-2025,340.4,Call,390,0.25,25.43,29.1905,2,210,7
28-Oct-2025,340.4,Put,327.5,1.8,20.06,29.1905,2,13,7
28-Oct-2025,340.4,Call,332.5,12.75,17.42,29.1905,-1,5,7
28-Oct-2025,340.4,Call,322.5,21.1,17.73,29.1905,3,8,5
25-Nov-2025,340.4,Call,360,4.25,18.36,29.1905,3,27,5
28-Oct-2025,340.4,Put,352.5,12.4,18.64,29.1905,0,18,2
25-Nov-2025,340.4,Call,350,7.6,18.34,29.1905,1,2,2
28-Oct-2025,340.4,Call,327.5,17.3,20.12,29.1905,0,8,2
28-Oct-2025,340.4,Put,357.5,16.2,18.65,29.1905,0,8,1
25-Nov-2025,340.4,Call,320,29.1,25.18,29.1905,0,0,1
28-Oct-2025,340.4,Put,290,0.15,30.24,29.1905,0,4,1
28-Oct-2025,340.4,Call,400,0,0,29.1905,0,143,0
28-Oct-2025,340.4,Put,375,0,0,29.1905,0,0,0
28-Oct-2025,340.4,Put,295,0,0,29.1905,0,0,0
28-Oct-2025,340.4,Call,305,0,0,29.1905,0,1,0
28-Oct-2025,340.4,Put,365,0,0,29.1905,0,21,0
28-Oct-2025,340.4,Call,385,0,0,29.1905,0,52,0
28-Oct-2025,340.4,Call,315,0,0,29.1905,0,0,0
28-Oct-2025,340.4,Call,295,0,0,29.1905,0,0,0
25-Nov-2025,340.4,Call,295,0,0,29.1905,0,0,0
25-Nov-2025,340.4,Put,317.5,0,0,29.1905,0,0,0
25-Nov-2025,340.4,Call,335,0,0,29.1905,0,0,0
25-Nov-2025,340.4,Put,370,0,0,29.1905,0,0,0
25-Nov-2025,340.4,Put,350,0,0,29.1905,0,0,0
25-Nov-2025,340.4,Put,360,0,0,29.1905,0,0,0
25-Nov-2025,340.4,Put,315,0,0,29.1905,0,0,0
25-Nov-2025,340.4,Put,325,0,0,29.1905,0,0,0
25-Nov-2025,340.4,Put,390,0,0,29.1905,0,0,0
28-Oct-2025,340.4,Put,390,0,0,29.1905,0,351,0
28-Oct-2025,340.4,Put,380,0,0,29.1905,0,1228,0
25-Nov-2025,340.4,Put,305,0,0,29.1905,0,0,0
28-Oct-2025,340.4,Put,400,0,0,29.1905,0,5,0
28-Oct-2025,340.4,Call,317.5,0,0,29.1905,0,0,0
28-Oct-2025,340.4,Put,362.5,0,0,29.1905,0,9,0
25-Nov-2025,340.4,Put,362.5,0,0,29.1905,0,0,0
25-Nov-2025,340.4,Put,385,0,0,29.1905,0,0,0
25-Nov-2025,340.4,Call,375,0,0,29.1905,0,0,0
25-Nov-2025,340.4,Call,390,0,0,0,0,0,0
25-Nov-2025,340.4,Call,290,0,0,29.1905,0,0,0
25-Nov-2025,340.4,Put,357.5,0,0,29.1905,0,0,0
25-Nov-2025,340.4,Call,310,0,0,29.1905,0,0,0
25-Nov-2025,340.4,Call,325,0,0,29.1905,0,0,0
28-Oct-2025,340.4,Put,367.5,0,0,29.1905,0,5,0
25-Nov-2025,340.4,Call,300,0,0,29.1905,0,0,0
25-Nov-2025,340.4,Put,342.5,0,0,29.1905,0,0,0
25-Nov-2025,340.4,Put,295,0,0,29.1905,0,0,0
25-Nov-2025,340.4,Call,342.5,0,0,29.1905,0,0,0
28-Oct-2025,340.4,Put,385,0,0,29.1905,0,0,0
30-Dec-2025,340.4,Put,330,0,0,29.1905,0,0,0
25-Nov-2025,340.4,Call,327.5,0,0,29.1905,0,0,0
25-Nov-2025,340.4,Put,375,0,0,29.1905,0,0,0
28-Oct-2025,340.4,Call,310,0,0,29.1905,0,4,0
25-Nov-2025,340.4,Call,315,0,0,29.1905,0,0,0
25-Nov-2025,340.4,Call,352.5,0,0,29.1905,0,0,0
28-Oct-2025,340.4,Call,290,0,0,29.1905,0,0,0
30-Dec-2025,340.4,Put,320,0,0,29.1905,0,0,0
30-Dec-2025,340.4,Put,340,0,0,29.1905,0,0,0
25-Nov-2025,340.4,Call,317.5,0,0,29.1905,0,0,0
28-Oct-2025,340.4,Put,370,0,0,29.1905,0,100,0
30-Dec-2025,340.4,Call,340,0,0,29.1905,0,0,0
30-Dec-2025,340.4,Put,300,0,0,0,0,0,0
25-Nov-2025,340.4,Put,355,0,0,29.1905,0,0,0
25-Nov-2025,340.4,Put,352.5,0,0,29.1905,0,0,0
30-Dec-2025,340.4,Put,325,0,0,29.1905,0,0,0
25-Nov-2025,340.4,Call,337.5,0,0,29.1905,0,0,0
30-Dec-2025,340.4,Call,370,0,0,29.1905,0,0,0
30-Dec-2025,340.4,Put,315,0,0,29.1905,0,0,0
25-Nov-2025,340.4,Call,330,0,0,29.1905,0,0,0
25-Nov-2025,340.4,Call,347.5,0,0,29.1905,0,0,0
25-Nov-2025,340.4,Put,332.5,0,0,29.1905,0,0,0
28-Oct-2025,340.4,Put,355,0,0,29.1905,0,42,0
25-Nov-2025,340.4,Call,332.5,0,0,29.1905,0,0,0
30-Dec-2025,340.4,Put,345,0,0,29.1905,0,0,0
25-Nov-2025,340.4,Call,357.5,0,0,29.1905,0,0,0
30-Dec-2025,340.4,Call,350,0,0,29.1905,0,0,0
25-Nov-2025,340.4,Put,327.5,0,0,29.1905,0,0,0
30-Dec-2025,340.4,Call,355,0,0,29.1905,0,0,0
25-Nov-2025,340.4,Call,367.5,0,0,29.1905,0,0,0
25-Nov-2025,340.4,Put,345,0,0,29.1905,0,0,0
25-Nov-2025,340.4,Put,335,0,0,29.1905,0,0,0
25-Nov-2025,340.4,Call,362.5,0,0,29.1905,0,0,0
25-Nov-2025,340.4,Call,322.5,0,0,29.1905,0,0,0
30-Dec-2025,340.4,Call,360,0,0,29.1905,0,0,0
28-Oct-2025,340.4,Call,300,0,0,29.1905,0,33,0
28-Oct-2025,340.4,Call,312.5,0,0,29.1905,0,1,0
25-Nov-2025,340.4,Call,355,0,0,29.1905,0,0,0
25-Nov-2025,340.4,Put,365,0,0,29.1905,0,0,0
25-Nov-2025,340.4,Put,347.5,0,0,29.1905,0,0,0
25-Nov-2025,340.4,Put,380,0,0,29.1905,0,0,0
25-Nov-2025,340.4,Put,290,0,0,29.1905,0,0,0
25-Nov-2025,340.4,Put,367.5,0,0,29.1905,0,0,0
25-Nov-2025,340.4,Call,385,0,0,29.1905,0,0,0
25-Nov-2025,340.4,Put,337.5,0,0,29.1905,0,0,0
25-Nov-2025,340.4,Put,322.5,0,0,29.1905,0,0,0
25-Nov-2025,340.4,Call,345,0,0,29.1905,0,0,0
25-Nov-2025,340.4,Put,312.5,0,0,29.1905,0,0,0
25-Nov-2025,340.4,Call,365,0,0,29.1905,0,0,0
30-Dec-2025,340.4,Put,335,0,0,29.1905,0,0,0
30-Dec-2025,340.4,Call,380,0,0,29.1905,0,0,0
25-Nov-2025,340.4,Call,312.5,0,0,29.1905,0,0,0
30-Dec-2025,340.4,Put,310,0,0,29.1905,0,0,0
25-Nov-2025,340.4,Call,305,0,0,29.1905,0,0,0
30-Dec-2025,340.4,Call,345,0,0,0,0,0,0
25-Nov-2025,340.4,Call,370,0,0,29.1905,0,0,0
