28-Oct-2025,242.67,-,0,243.6,0,32.8503,664,44037,3301
28-Oct-2025,242.67,Call,250,2.3,17.8,32.8503,143,4286,3151
28-Oct-2025,242.67,Call,245,4.1,17.37,32.8503,133,2199,2805
28-Oct-2025,242.67,Call,240,6.75,16.85,32.8503,65,1657,2124
28-Oct-2025,242.67,Put,240,3.15,20.01,32.8503,-16,2194,2076
28-Oct-2025,242.67,Call,242.5,5.3,17.27,32.8503,95,294,982
28-Oct-2025,242.67,Call,270,0.25,22.83,32.8503,198,634,962
28-Oct-2025,242.67,Call,260,0.8,20.32,32.8503,60,1391,935
28-Oct-2025,242.67,Call,255,1.35,19.06,32.8503,31,704,899
28-Oct-2025,242.67,Put,242.5,4.2,20.1,32.8503,2,227,650
28-Oct-2025,242.67,Put,235,1.7,20.3,32.8503,16,648,623
28-Oct-2025,242.67,Put,245,5.5,20.42,32.8503,-81,740,563
28-Oct-2025,242.67,Put,230,0.9,21.12,32.8503,49,1152,514
28-Oct-2025,242.67,Call,265,0.45,21.21,32.8503,69,418,372
25-Nov-2025,242.67,-,0,244.84,0,32.8503,63,622,256
28-Oct-2025,242.67,Put,220,0.3,24.29,32.8503,13,662,224
28-Oct-2025,242.67,Call,247.5,3.15,17.79,32.8503,-1,203,206
28-Oct-2025,242.67,Put,237.5,2.25,19.73,32.8503,18,182,201
28-Oct-2025,242.67,Call,280,0.15,26,32.8503,94,463,142
28-Oct-2025,242.67,Put,232.5,1.2,20.43,32.8503,41,85,127
28-Oct-2025,242.67,Call,252.5,1.75,18.61,32.8503,-23,122,124
28-Oct-2025,242.67,Put,250,8.65,21.07,32.8503,-3,457,124
28-Oct-2025,242.67,Put,225,0.55,23.04,32.8503,11,337,108
28-Oct-2025,242.67,Call,237.5,8.6,17.49,32.8503,12,50,96
28-Oct-2025,242.67,Call,235,10.3,16.34,32.8503,-6,396,87
28-Oct-2025,242.67,Put,247.5,7,20.79,32.8503,-17,73,78
25-Nov-2025,242.67,Call,260,3.15,21.65,32.8503,27,80,63
28-Oct-2025,242.67,Call,230,14.8,18.1,32.8503,5,232,57
28-Oct-2025,242.67,Call,275,0.25,25.24,32.8503,44,117,55
28-Oct-2025,242.67,Call,262.5,0.55,20.3,32.8503,9,33,55
28-Oct-2025,242.67,Call,257.5,1.05,19.77,32.8503,-13,57,40
28-Oct-2025,242.67,Put,255,12.65,22.93,32.8503,-2,100,35
28-Oct-2025,242.67,Put,210,0.1,27.38,32.8503,19,34,33
30-Dec-2025,242.67,-,0,246,0,32.8503,21,39,30
28-Oct-2025,242.67,Call,227.5,16.95,16.36,32.8503,4,19,26
28-Oct-2025,242.67,Put,260,16.7,22.93,32.8503,2,206,25
25-Nov-2025,242.67,Call,245,7.55,18.8,32.8503,23,23,24
28-Oct-2025,242.67,Put,227.5,0.75,22.5,32.8503,2,20,23
25-Nov-2025,242.67,Call,250,6,20.74,32.8503,16,18,23
28-Oct-2025,242.67,Call,225,19.3,15.2,32.8503,2,75,22
28-Oct-2025,242.67,Put,252.5,10.6,22.02,32.8503,-8,35,21
28-Oct-2025,242.67,Call,232.5,12.65,18.21,32.8503,0,13,20
25-Nov-2025,242.67,Put,220,1.25,24.9,32.8503,14,38,18
28-Oct-2025,242.67,Put,222.5,0.5,24.81,32.8503,3,34,16
28-Oct-2025,242.67,Call,222.5,21.55,0,32.8503,10,10,16
25-Nov-2025,242.67,Call,270,1.5,22.16,32.8503,9,17,12
25-Nov-2025,242.67,Put,240,6.75,26.13,32.8503,6,13,9
25-Nov-2025,242.67,Call,240,10,17.73,32.8503,6,29,9
28-Oct-2025,242.67,Put,270,26.7,32.17,32.8503,0,602,8
28-Oct-2025,242.67,Put,262.5,19.9,29.72,32.8503,0,12,6
28-Oct-2025,242.67,Put,257.5,15.3,26.55,32.8503,0,28,5
25-Nov-2025,242.67,Put,230,3.1,24.99,32.8503,2,15,5
28-Oct-2025,242.67,Put,265,21.5,26.21,32.8503,2,37,4
28-Oct-2025,242.67,Put,200,0.1,34.91,32.8503,2,36,3
28-Oct-2025,242.67,Put,275,32.85,44.49,32.8503,0,1,1
25-Nov-2025,242.67,Call,230,16.65,14.25,32.8503,0,0,1
30-Dec-2025,242.67,Call,270,7.45,31.78,0,0,0,1
28-Oct-2025,242.67,Put,280,0,0,32.8503,0,261,0
28-Oct-2025,242.67,Call,220,0,0,32.8503,0,33,0
28-Oct-2025,242.67,Call,215,0,0,32.8503,0,1,0
28-Oct-2025,242.67,Put,215,0,0,32.8503,0,2,0
28-Oct-2025,242.67,Put,205,0,0,32.8503,0,18,0
28-Oct-2025,242.67,Call,210,0,0,32.8503,0,3,0
25-Nov-2025,242.67,Put,252.5,0,0,32.8503,0,0,0
25-Nov-2025,242.67,Call,257.5,0,0,32.8503,0,0,0
25-Nov-2025,242.67,Put,260,0,0,32.8503,0,0,0
25-Nov-2025,242.67,Call,255,0,0,32.8503,0,0,0
25-Nov-2025,242.67,Put,225,0,0,32.8503,0,0,0
25-Nov-2025,242.67,Put,227.5,0,0,32.8503,0,0,0
25-Nov-2025,242.67,Put,270,0,0,32.8503,0,0,0
25-Nov-2025,242.67,Put,222.5,0,0,32.8503,0,0,0
25-Nov-2025,242.67,Call,262.5,0,0,32.8503,0,0,0
25-Nov-2025,242.67,Call,210,0,0,32.8503,0,0,0
25-Nov-2025,242.67,Call,280,0,0,32.8503,0,0,0
25-Nov-2025,242.67,Call,220,0,0,32.8503,0,0,0
25-Nov-2025,242.67,Call,232.5,0,0,32.8503,0,0,0
25-Nov-2025,242.67,Put,235,0,0,32.8503,0,0,0
25-Nov-2025,242.67,Put,232.5,0,0,32.8503,0,0,0
25-Nov-2025,242.67,Put,280,0,0,32.8503,0,0,0
25-Nov-2025,242.67,Call,227.5,0,0,32.8503,0,0,0
25-Nov-2025,242.67,Put,250,0,0,32.8503,0,0,0
25-Nov-2025,242.67,Put,242.5,0,0,32.8503,0,0,0
25-Nov-2025,242.67,Call,275,0,0,32.8503,0,0,0
25-Nov-2025,242.67,Put,200,0,0,32.8503,0,2,0
25-Nov-2025,242.67,Call,225,0,0,32.8503,0,0,0
25-Nov-2025,242.67,Put,215,0,0,32.8503,0,0,0
25-Nov-2025,242.67,Call,215,0,0,32.8503,0,0,0
25-Nov-2025,242.67,Call,265,0,0,32.8503,0,0,0
25-Nov-2025,242.67,Put,275,0,0,32.8503,0,0,0
25-Nov-2025,242.67,Put,265,0,0,32.8503,0,0,0
25-Nov-2025,242.67,Put,257.5,0,0,32.8503,0,0,0
25-Nov-2025,242.67,Call,222.5,0,0,32.8503,0,0,0
30-Dec-2025,242.67,Put,225,0,0,32.8503,0,0,0
25-Nov-2025,242.67,Call,247.5,0,0,32.8503,0,0,0
25-Nov-2025,242.67,Call,235,0,0,32.8503,0,0,0
25-Nov-2025,242.67,Put,237.5,0,0,32.8503,0,0,0
25-Nov-2025,242.67,Call,252.5,0,0,32.8503,0,0,0
30-Dec-2025,242.67,Call,250,0,0,32.8503,0,0,0
25-Nov-2025,242.67,Put,255,0,0,32.8503,0,0,0
25-Nov-2025,242.67,Put,262.5,0,0,32.8503,0,0,0
25-Nov-2025,242.67,Call,237.5,0,0,32.8503,0,0,0
25-Nov-2025,242.67,Put,247.5,0,0,32.8503,0,0,0
25-Nov-2025,242.67,Put,210,0,0,32.8503,0,0,0
25-Nov-2025,242.67,Put,245,0,0,32.8503,0,1,0
30-Dec-2025,242.67,Put,230,0,0,32.8503,0,0,0
30-Dec-2025,242.67,Call,260,0,0,32.8503,0,0,0
30-Dec-2025,242.67,Call,245,0,0,32.8503,0,0,0
30-Dec-2025,242.67,Put,240,0,0,32.8503,0,0,0
30-Dec-2025,242.67,Put,235,0,0,32.8503,0,0,0
30-Dec-2025,242.67,Put,250,0,0,32.8503,0,0,0
30-Dec-2025,242.67,Call,240,0,0,32.8503,0,0,0
25-Nov-2025,242.67,Call,242.5,0,0,32.8503,0,0,0
30-Dec-2025,242.67,Put,210,0,0,32.8503,0,0,0
30-Dec-2025,242.67,Put,220,0,0,32.8503,0,0,0
30-Dec-2025,242.67,Put,245,0,0,32.8503,0,0,0
30-Dec-2025,242.67,Call,255,0,0,32.8503,0,0,0
