28-Oct-2025,287.1,-,0,288.05,0,29.6043,227,40533,3898
28-Oct-2025,287.1,Call,285,7.5,18.24,29.6043,-16,1253,2679
28-Oct-2025,287.1,Call,290,5.1,19.02,29.6043,-61,1562,1998
28-Oct-2025,287.1,Call,280,10.75,17.9,29.6043,-70,684,1156
28-Oct-2025,287.1,Put,280,2.55,19.98,29.6043,76,1512,1025
28-Oct-2025,287.1,Call,300,2.2,20.55,29.6043,23,2154,910
28-Oct-2025,287.1,Put,285,4.25,20.13,29.6043,25,760,633
28-Oct-2025,287.1,Call,295,3.35,19.57,29.6043,-48,1304,619
28-Oct-2025,287.1,Call,305,1.3,20.88,29.6043,273,632,604
28-Oct-2025,287.1,Call,287.5,6.25,18.52,29.6043,100,121,557
28-Oct-2025,287.1,Call,320,0.3,22.02,29.6043,310,734,543
28-Oct-2025,287.1,Put,275,1.45,20.13,29.6043,-98,935,308
28-Oct-2025,287.1,Call,282.5,9,18.03,29.6043,35,79,305
28-Oct-2025,287.1,Put,270,0.9,21.06,29.6043,-16,496,300
28-Oct-2025,287.1,Call,310,0.85,21.5,29.6043,2,822,277
28-Oct-2025,287.1,Put,290,6.75,20.46,29.6043,-21,874,238
25-Nov-2025,287.1,-,0,286.2,0,29.6043,-50,1093,217
28-Oct-2025,287.1,Put,265,0.5,22.12,29.6043,29,286,212
28-Oct-2025,287.1,Put,282.5,3.35,19.61,29.6043,29,52,155
28-Oct-2025,287.1,Call,315,0.5,22.23,29.6043,65,320,150
28-Oct-2025,287.1,Put,260,0.3,23.33,29.6043,4,349,110
28-Oct-2025,287.1,Put,287.5,5.4,20.07,29.6043,21,33,108
28-Oct-2025,287.1,Put,277.5,1.95,20,29.6043,17,49,81
28-Oct-2025,287.1,Put,300,14.05,22.63,29.6043,-4,533,62
28-Oct-2025,287.1,Call,292.5,4,19.13,29.6043,3,21,60
28-Oct-2025,287.1,Call,275,14.55,18.36,29.6043,-4,52,51
28-Oct-2025,287.1,Put,295,10,20.7,29.6043,-6,250,48
28-Oct-2025,287.1,Put,267.5,0.65,21.56,29.6043,13,51,35
28-Oct-2025,287.1,Put,250,0.15,27.05,29.6043,-2,149,35
28-Oct-2025,287.1,Call,297.5,2.65,19.69,29.6043,18,34,34
25-Nov-2025,287.1,Call,290,7.25,15.81,29.6043,13,52,34
28-Oct-2025,287.1,Put,272.5,1.15,20.81,29.6043,3,28,33
25-Nov-2025,287.1,Call,300,4.3,18.58,29.6043,2,123,28
28-Oct-2025,287.1,Call,302.5,1.6,20.34,29.6043,15,27,27
28-Oct-2025,287.1,Call,277.5,12.4,17.7,29.6043,3,9,26
28-Oct-2025,287.1,Call,270,18.85,16.88,29.6043,-2,29,25
28-Oct-2025,287.1,Call,272.5,16.65,18.51,29.6043,4,8,20
28-Oct-2025,287.1,Put,297.5,12.1,22.12,29.6043,6,15,18
25-Nov-2025,287.1,Call,260,24.65,0,29.6043,2,20,16
25-Nov-2025,287.1,Call,310,1.8,17.62,29.6043,11,26,16
28-Oct-2025,287.1,Put,305,18.25,23.86,29.6043,10,37,14
28-Oct-2025,287.1,Put,310,22.65,24.86,29.6043,-1,109,14
30-Dec-2025,287.1,-,0,287,0,29.6043,3,17,13
25-Nov-2025,287.1,Put,280,6.05,24.58,29.6043,9,41,13
28-Oct-2025,287.1,Put,262.5,0.55,24.56,29.6043,4,4,10
28-Oct-2025,287.1,Put,302.5,16.15,23.4,29.6043,6,9,10
28-Oct-2025,287.1,Put,307.5,20.45,24.5,29.6043,7,7,9
28-Oct-2025,287.1,Call,260,26.7,0,29.6043,-2,18,9
25-Nov-2025,287.1,Put,290,11,26.13,29.6043,8,55,9
28-Oct-2025,287.1,Call,265,23.35,0,29.6043,-6,11,8
25-Nov-2025,287.1,Call,315,1.5,19.16,29.6043,7,7,8
28-Oct-2025,287.1,Put,255,0.25,25.96,29.6043,2,93,6
28-Oct-2025,287.1,Call,267.5,21.1,0,29.6043,-3,1,5
28-Oct-2025,287.1,Call,330,0.2,26.22,29.6043,0,109,4
28-Oct-2025,287.1,Put,240,0.2,35.06,29.6043,2,9,3
28-Oct-2025,287.1,Call,307.5,0.8,19.74,29.6043,1,1,3
28-Oct-2025,287.1,Put,320,32.3,29.99,29.6043,0,619,3
28-Oct-2025,287.1,Call,325,0.5,28.14,29.6043,0,0,1
28-Oct-2025,287.1,Put,330,45.5,55.69,29.6043,0,165,1
25-Nov-2025,287.1,Put,300,20.05,34.03,29.6043,0,1,1
28-Oct-2025,287.1,Put,325,0,0,29.6043,0,1,0
28-Oct-2025,287.1,Put,257.5,0,0,29.6043,0,0,0
28-Oct-2025,287.1,Call,252.5,0,0,29.6043,0,0,0
28-Oct-2025,287.1,Put,252.5,0,0,29.6043,0,0,0
28-Oct-2025,287.1,Call,257.5,0,0,29.6043,0,0,0
28-Oct-2025,287.1,Call,262.5,0,0,29.6043,0,0,0
28-Oct-2025,287.1,Put,292.5,0,0,29.6043,0,5,0
28-Oct-2025,287.1,Put,315,0,0,29.6043,0,5,0
28-Oct-2025,287.1,Put,245,0,0,29.6043,0,0,0
28-Oct-2025,287.1,Call,245,0,0,29.6043,0,0,0
28-Oct-2025,287.1,Call,255,0,0,29.6043,0,7,0
28-Oct-2025,287.1,Call,235,0,0,29.6043,0,0,0
28-Oct-2025,287.1,Put,235,0,0,29.6043,0,0,0
28-Oct-2025,287.1,Call,250,0,0,29.6043,0,0,0
28-Oct-2025,287.1,Call,240,0,0,29.6043,0,0,0
25-Nov-2025,287.1,Call,252.5,0,0,29.6043,0,0,0
25-Nov-2025,287.1,Call,320,0,0,29.6043,0,0,0
25-Nov-2025,287.1,Put,240,0,0,29.6043,0,0,0
25-Nov-2025,287.1,Call,250,0,0,29.6043,0,0,0
25-Nov-2025,287.1,Put,245,0,0,29.6043,0,0,0
25-Nov-2025,287.1,Call,325,0,0,29.6043,0,0,0
25-Nov-2025,287.1,Call,235,0,0,29.6043,0,0,0
25-Nov-2025,287.1,Call,240,0,0,29.6043,0,0,0
25-Nov-2025,287.1,Call,282.5,0,0,29.6043,0,0,0
25-Nov-2025,287.1,Put,250,0,0,29.6043,0,0,0
25-Nov-2025,287.1,Call,292.5,0,0,29.6043,0,0,0
25-Nov-2025,287.1,Call,245,0,0,29.6043,0,0,0
25-Nov-2025,287.1,Put,325,0,0,29.6043,0,0,0
25-Nov-2025,287.1,Call,295,0,0,29.6043,0,0,0
25-Nov-2025,287.1,Put,320,0,0,29.6043,0,0,0
25-Nov-2025,287.1,Call,297.5,0,0,29.6043,0,0,0
25-Nov-2025,287.1,Put,235,0,0,29.6043,0,0,0
25-Nov-2025,287.1,Put,287.5,0,0,29.6043,0,0,0
25-Nov-2025,287.1,Call,302.5,0,0,29.6043,0,0,0
25-Nov-2025,287.1,Call,257.5,0,0,29.6043,0,0,0
25-Nov-2025,287.1,Put,285,0,0,29.6043,0,0,0
25-Nov-2025,287.1,Call,287.5,0,0,29.6043,0,0,0
25-Nov-2025,287.1,Put,252.5,0,0,29.6043,0,0,0
25-Nov-2025,287.1,Call,285,0,0,29.6043,0,0,0
25-Nov-2025,287.1,Put,295,0,0,29.6043,0,0,0
25-Nov-2025,287.1,Put,282.5,0,0,29.6043,0,0,0
25-Nov-2025,287.1,Put,257.5,0,0,29.6043,0,0,0
25-Nov-2025,287.1,Call,305,0,0,29.6043,0,0,0
25-Nov-2025,287.1,Put,297.5,0,0,29.6043,0,0,0
25-Nov-2025,287.1,Put,265,0,0,29.6043,0,0,0
25-Nov-2025,287.1,Put,307.5,0,0,29.6043,0,0,0
25-Nov-2025,287.1,Call,307.5,0,0,29.6043,0,0,0
25-Nov-2025,287.1,Put,277.5,0,0,29.6043,0,0,0
25-Nov-2025,287.1,Put,272.5,0,0,29.6043,0,0,0
25-Nov-2025,287.1,Put,262.5,0,0,29.6043,0,0,0
25-Nov-2025,287.1,Put,275,0,0,29.6043,0,0,0
25-Nov-2025,287.1,Put,255,0,0,29.6043,0,0,0
25-Nov-2025,287.1,Put,302.5,0,0,29.6043,0,0,0
25-Nov-2025,287.1,Put,315,0,0,29.6043,0,0,0
25-Nov-2025,287.1,Call,265,0,0,29.6043,0,0,0
25-Nov-2025,287.1,Put,305,0,0,29.6043,0,0,0
30-Dec-2025,287.1,Call,290,0,0,29.6043,0,0,0
25-Nov-2025,287.1,Call,255,0,0,29.6043,0,0,0
25-Nov-2025,287.1,Put,267.5,0,0,29.6043,0,0,0
25-Nov-2025,287.1,Call,275,0,0,29.6043,0,1,0
25-Nov-2025,287.1,Call,262.5,0,0,29.6043,0,0,0
25-Nov-2025,287.1,Call,267.5,0,0,29.6043,0,0,0
25-Nov-2025,287.1,Put,292.5,0,0,29.6043,0,0,0
25-Nov-2025,287.1,Put,260,0,0,29.6043,0,0,0
25-Nov-2025,287.1,Call,272.5,0,0,29.6043,0,0,0
25-Nov-2025,287.1,Call,270,0,0,29.6043,0,0,0
25-Nov-2025,287.1,Put,310,0,0,29.6043,0,0,0
30-Dec-2025,287.1,Call,280,0,0,29.6043,0,0,0
30-Dec-2025,287.1,Put,300,0,0,29.6043,0,0,0
25-Nov-2025,287.1,Put,270,0,0,29.6043,0,1,0
30-Dec-2025,287.1,Put,280,0,0,29.6043,0,0,0
30-Dec-2025,287.1,Call,300,0,0,29.6043,0,0,0
25-Nov-2025,287.1,Call,277.5,0,0,29.6043,0,0,0
25-Nov-2025,287.1,Call,280,0,0,29.6043,0,0,0
30-Dec-2025,287.1,Call,310,0,0,29.6043,0,0,0
30-Dec-2025,287.1,Put,270,0,0,29.6043,0,0,0
30-Dec-2025,287.1,Put,290,0,0,29.6043,0,0,0
