28-Oct-2025,1360.4,-,0,1368.3,0,24.6265,4400,263347,19306
28-Oct-2025,1360.4,Call,1400,13.6,18.04,24.6265,2650,14323,12070
28-Oct-2025,1360.4,Call,1360,31.05,18.34,24.6265,1890,5026,8709
28-Oct-2025,1360.4,Call,1380,21.15,18.16,24.6265,1398,8025,7606
28-Oct-2025,1360.4,Call,1370,25.7,18.25,24.6265,1387,4949,7373
28-Oct-2025,1360.4,Put,1360,21.95,18.61,24.6265,1281,4576,6617
28-Oct-2025,1360.4,Put,1370,26.6,18.57,24.6265,596,4036,4222
28-Oct-2025,1360.4,Put,1350,17.7,18.59,24.6265,459,3094,4121
28-Oct-2025,1360.4,Call,1420,8.3,17.99,24.6265,708,4627,4083
28-Oct-2025,1360.4,Put,1340,14.2,18.7,24.6265,590,2181,4005
28-Oct-2025,1360.4,Call,1500,1.2,19.81,24.6265,904,8144,3453
28-Oct-2025,1360.4,Call,1450,3.85,18.25,24.6265,430,3948,3364
28-Oct-2025,1360.4,Call,1390,17.05,18.07,24.6265,411,3377,3352
28-Oct-2025,1360.4,Put,1380,31.95,18.46,24.6265,449,6039,3102
28-Oct-2025,1360.4,Call,1350,36.7,18.32,24.6265,597,1728,2773
28-Oct-2025,1360.4,Call,1410,10.65,17.93,24.6265,314,2180,2574
28-Oct-2025,1360.4,Put,1300,5.3,19.39,24.6265,631,3870,2447
28-Oct-2025,1360.4,Put,1240,0.9,20.69,24.6265,981,1975,2428
28-Oct-2025,1360.4,Put,1330,11.2,18.78,24.6265,397,1924,2266
28-Oct-2025,1360.4,Call,1440,5.05,18.23,24.6265,390,4759,2063
28-Oct-2025,1360.4,Call,1430,6.4,18.03,24.6265,374,1863,2000
28-Oct-2025,1360.4,Put,1320,8.7,18.87,24.6265,255,1892,1785
28-Oct-2025,1360.4,Put,1400,44.2,18.39,24.6265,138,6462,1778
28-Oct-2025,1360.4,Call,1460,2.95,18.32,24.6265,191,2015,1352
28-Oct-2025,1360.4,Call,1340,43.2,18.46,24.6265,237,665,1210
28-Oct-2025,1360.4,Put,1260,1.7,20.29,24.6265,168,1248,1186
25-Nov-2025,1360.4,-,0,1376,0,24.6265,630,10081,1108
28-Oct-2025,1360.4,Put,1390,37.8,18.46,24.6265,109,2549,1012
28-Oct-2025,1360.4,Put,1310,6.65,19.03,24.6265,172,683,969
28-Oct-2025,1360.4,Put,1280,3,19.59,24.6265,172,1287,967
28-Oct-2025,1360.4,Put,1270,2.2,19.99,24.6265,197,898,923
28-Oct-2025,1360.4,Call,1470,2.3,18.56,24.6265,197,1171,893
28-Oct-2025,1360.4,Put,1200,0.7,25.23,24.6265,141,2466,831
28-Oct-2025,1360.4,Call,1490,1.4,19.33,24.6265,97,752,734
28-Oct-2025,1360.4,Call,1480,1.8,18.94,24.6265,-18,1403,627
28-Oct-2025,1360.4,Put,1290,4,19.52,24.6265,157,652,578
28-Oct-2025,1360.4,Call,1520,0.85,20.82,24.6265,129,1067,514
28-Oct-2025,1360.4,Call,1300,74.7,18.99,24.6265,156,1656,453
28-Oct-2025,1360.4,Call,1600,0.5,26.9,24.6265,18,2664,391
25-Nov-2025,1360.4,Call,1400,26.8,17.07,24.6265,131,934,374
28-Oct-2025,1360.4,Put,1250,1.25,20.51,24.6265,46,877,371
28-Oct-2025,1360.4,Put,1230,0.75,21.41,24.6265,197,729,358
28-Oct-2025,1360.4,Call,1560,0.65,24.03,24.6265,160,916,350
25-Nov-2025,1360.4,Call,1500,6.25,18.84,24.6265,81,855,334
28-Oct-2025,1360.4,Call,1540,0.6,21.74,24.6265,67,1237,322
30-Dec-2025,1360.4,-,0,1385,0,24.6265,168,341,290
28-Oct-2025,1360.4,Call,1510,1.05,20.29,24.6265,40,462,204
28-Oct-2025,1360.4,Put,1450,82.75,17.54,24.6265,62,1017,188
25-Nov-2025,1360.4,Put,1300,11.15,19.19,24.6265,36,330,153
28-Oct-2025,1360.4,Call,1320,57.55,18.48,24.6265,52,379,144
28-Oct-2025,1360.4,Call,1580,0.6,25.69,24.6265,-2,318,112
28-Oct-2025,1360.4,Call,1330,50.25,18.5,24.6265,33,246,103
30-Dec-2025,1360.4,Call,1400,40,16.07,24.6265,67,135,102
25-Nov-2025,1360.4,Put,1400,49,18.58,24.6265,19,400,94
28-Oct-2025,1360.4,Put,1420,57.3,17.33,24.6265,-9,1249,81
28-Oct-2025,1360.4,Put,1410,49.85,17.48,24.6265,20,950,80
28-Oct-2025,1360.4,Put,1500,128.7,0,24.6265,20,4105,79
25-Nov-2025,1360.4,Put,1240,4,20.57,24.6265,52,155,78
25-Nov-2025,1360.4,Put,1360,29,18.66,24.6265,32,228,74
28-Oct-2025,1360.4,Call,1620,0.4,27.89,24.6265,38,133,70
28-Oct-2025,1360.4,Call,1180,189.15,25.73,24.6265,0,1163,67
28-Oct-2025,1360.4,Put,1440,75.15,18.73,24.6265,17,1638,66
25-Nov-2025,1360.4,Call,1600,1.65,21.36,24.6265,39,328,60
25-Nov-2025,1360.4,Call,1420,20,17.23,24.6265,21,75,56
25-Nov-2025,1360.4,Call,1460,11.1,17.92,24.6265,31,82,53
25-Nov-2025,1360.4,Call,1380,36.5,17.51,24.6265,20,55,47
28-Oct-2025,1360.4,Put,1220,0.7,22.52,24.6265,8,322,43
25-Nov-2025,1360.4,Call,1360,46.2,17.11,24.6265,32,32,40
25-Nov-2025,1360.4,Call,1440,14.6,17.36,24.6265,9,65,38
25-Nov-2025,1360.4,Put,1350,24.5,18.42,24.6265,10,19,36
28-Oct-2025,1360.4,Put,1430,67,18.1,24.6265,11,394,35
28-Oct-2025,1360.4,Call,1530,0.8,21.68,24.6265,-19,219,34
28-Oct-2025,1360.4,Put,1140,0.45,31.42,24.6265,-2,165,32
25-Nov-2025,1360.4,Put,1380,37.25,18.16,24.6265,17,101,26
28-Oct-2025,1360.4,Call,1310,65.55,19.14,24.6265,7,147,24
28-Oct-2025,1360.4,Put,1160,0.45,28.8,24.6265,3,107,22
25-Nov-2025,1360.4,Call,1390,31.75,17.44,24.6265,16,69,22
25-Nov-2025,1360.4,Put,1340,21.4,18.71,24.6265,11,46,22
28-Oct-2025,1360.4,Put,1600,228.7,25.38,24.6265,13,1421,20
25-Nov-2025,1360.4,Call,1370,42,17.74,24.6265,14,28,19
25-Nov-2025,1360.4,Call,1300,88,17.31,24.6265,16,16,18
25-Nov-2025,1360.4,Put,1280,7.85,19.52,24.6265,11,55,17
28-Oct-2025,1360.4,Put,1460,91,16.03,24.6265,-3,654,16
25-Nov-2025,1360.4,Put,1320,15.3,18.75,24.6265,10,22,16
28-Oct-2025,1360.4,Call,1280,92.5,19.87,24.6265,8,80,14
28-Oct-2025,1360.4,Call,1290,82.9,19.21,24.6265,5,81,13
28-Oct-2025,1360.4,Call,1200,169,19.77,24.6265,3,126,9
28-Oct-2025,1360.4,Put,1540,169.75,23.44,24.6265,8,317,9
25-Nov-2025,1360.4,Put,1200,2.25,22.35,24.6265,4,4,8
28-Oct-2025,1360.4,Put,1480,111.75,20.5,24.6265,0,369,6
28-Oct-2025,1360.4,Call,1640,0.3,28.6,24.6265,1,172,5
28-Oct-2025,1360.4,Call,1160,213,43.12,24.6265,0,9,4
28-Oct-2025,1360.4,Put,1180,0.65,27.63,24.6265,2,96,4
28-Oct-2025,1360.4,Call,1220,153.2,32.19,24.6265,-1,41,3
25-Nov-2025,1360.4,Call,1430,16.05,16.7,24.6265,0,0,3
28-Oct-2025,1360.4,Call,1240,131,23.71,24.6265,0,75,2
25-Nov-2025,1360.4,Call,1350,54,18.08,24.6265,1,1,2
25-Nov-2025,1360.4,Call,1560,3.2,21.02,24.6265,1,3,2
30-Dec-2025,1360.4,Call,1480,13.3,15.6,24.6265,1,1,2
28-Oct-2025,1360.4,Call,1270,101.2,19.07,24.6265,0,145,1
28-Oct-2025,1360.4,Call,1250,119,0,24.6265,0,135,1
28-Oct-2025,1360.4,Put,1530,160,23.04,24.6265,0,36,1
25-Nov-2025,1360.4,Call,1450,12.45,17.47,24.6265,0,3,1
30-Dec-2025,1360.4,Call,1440,26.05,16.62,24.6265,0,0,1
28-Oct-2025,1360.4,Put,1620,0,0,24.6265,0,68,0
28-Oct-2025,1360.4,Put,1560,0,0,24.6265,0,368,0
28-Oct-2025,1360.4,Put,1510,0,0,24.6265,0,61,0
28-Oct-2025,1360.4,Put,1470,0,0,24.6265,0,143,0
28-Oct-2025,1360.4,Put,1580,0,0,24.6265,0,71,0
28-Oct-2025,1360.4,Put,1490,0,0,24.6265,0,34,0
28-Oct-2025,1360.4,Call,1140,0,0,24.6265,0,9,0
28-Oct-2025,1360.4,Put,1640,0,0,24.6265,0,1801,0
25-Nov-2025,1360.4,Call,1240,0,0,24.6265,0,0,0
28-Oct-2025,1360.4,Call,1260,0,0,24.6265,0,84,0
25-Nov-2025,1360.4,Call,1280,0,0,24.6265,0,0,0
28-Oct-2025,1360.4,Put,1520,0,0,24.6265,0,214,0
25-Nov-2025,1360.4,Call,1290,0,0,24.6265,0,0,0
25-Nov-2025,1360.4,Call,1260,0,0,24.6265,0,0,0
25-Nov-2025,1360.4,Put,1520,0,0,24.6265,0,0,0
25-Nov-2025,1360.4,Call,1250,0,0,24.6265,0,0,0
25-Nov-2025,1360.4,Call,1310,0,0,24.6265,0,0,0
25-Nov-2025,1360.4,Put,1480,0,0,24.6265,0,0,0
25-Nov-2025,1360.4,Call,1270,0,0,24.6265,0,0,0
25-Nov-2025,1360.4,Call,1330,0,0,24.6265,0,0,0
25-Nov-2025,1360.4,Put,1390,0,0,24.6265,0,0,0
25-Nov-2025,1360.4,Call,1410,0,0,24.6265,0,0,0
25-Nov-2025,1360.4,Put,1370,0,0,24.6265,0,0,0
25-Nov-2025,1360.4,Put,1330,0,0,24.6265,0,0,0
25-Nov-2025,1360.4,Put,1310,0,0,24.6265,0,0,0
25-Nov-2025,1360.4,Put,1410,0,0,24.6265,0,0,0
25-Nov-2025,1360.4,Put,1430,0,0,24.6265,0,0,0
25-Nov-2025,1360.4,Put,1450,0,0,24.6265,0,0,0
25-Nov-2025,1360.4,Call,1470,0,0,24.6265,0,0,0
25-Nov-2025,1360.4,Put,1470,0,0,24.6265,0,0,0
25-Nov-2025,1360.4,Call,1340,0,0,24.6265,0,0,0
25-Nov-2025,1360.4,Put,1250,0,0,24.6265,0,0,0
25-Nov-2025,1360.4,Put,1270,0,0,24.6265,0,0,0
25-Nov-2025,1360.4,Put,1290,0,0,24.6265,0,0,0
25-Nov-2025,1360.4,Call,1480,0,0,24.6265,0,0,0
25-Nov-2025,1360.4,Put,1440,0,0,24.6265,0,2,0
25-Nov-2025,1360.4,Call,1490,0,0,0,0,0,0
25-Nov-2025,1360.4,Call,1540,0,0,24.6265,0,0,0
25-Nov-2025,1360.4,Call,1520,0,0,24.6265,0,0,0
25-Nov-2025,1360.4,Put,1460,0,0,24.6265,0,0,0
25-Nov-2025,1360.4,Put,1260,0,0,24.6265,0,0,0
25-Nov-2025,1360.4,Put,1420,0,0,24.6265,0,0,0
25-Nov-2025,1360.4,Call,1200,0,0,24.6265,0,0,0
25-Nov-2025,1360.4,Put,1180,0,0,24.6265,0,0,0
25-Nov-2025,1360.4,Put,1560,0,0,24.6265,0,0,0
25-Nov-2025,1360.4,Put,1490,0,0,0,0,0,0
25-Nov-2025,1360.4,Call,1160,0,0,24.6265,0,0,0
25-Nov-2025,1360.4,Call,1180,0,0,24.6265,0,0,0
30-Dec-2025,1360.4,Put,1240,0,0,24.6265,0,0,0
25-Nov-2025,1360.4,Put,1160,0,0,24.6265,0,0,0
25-Nov-2025,1360.4,Call,1220,0,0,24.6265,0,0,0
25-Nov-2025,1360.4,Put,1220,0,0,24.6265,0,0,0
25-Nov-2025,1360.4,Put,1600,0,0,24.6265,0,25,0
25-Nov-2025,1360.4,Put,1540,0,0,24.6265,0,0,0
30-Dec-2025,1360.4,Put,1260,0,0,24.6265,0,0,0
30-Dec-2025,1360.4,Put,1300,0,0,24.6265,0,0,0
30-Dec-2025,1360.4,Call,1340,0,0,0,0,0,0
30-Dec-2025,1360.4,Put,1320,0,0,24.6265,0,0,0
30-Dec-2025,1360.4,Put,1360,0,0,24.6265,0,0,0
25-Nov-2025,1360.4,Put,1500,0,0,24.6265,0,0,0
25-Nov-2025,1360.4,Call,1320,0,0,24.6265,0,0,0
30-Dec-2025,1360.4,Call,1560,0,0,24.6265,0,0,0
30-Dec-2025,1360.4,Put,1160,0,0,24.6265,0,0,0
30-Dec-2025,1360.4,Call,1360,0,0,0,0,0,0
30-Dec-2025,1360.4,Call,1320,0,0,0,0,0,0
30-Dec-2025,1360.4,Put,1340,0,0,24.6265,0,0,0
30-Dec-2025,1360.4,Put,1380,0,0,24.6265,0,1,0
30-Dec-2025,1360.4,Call,1520,0,0,24.6265,0,0,0
30-Dec-2025,1360.4,Put,1400,0,0,24.6265,0,0,0
30-Dec-2025,1360.4,Put,1280,0,0,24.6265,0,0,0
30-Dec-2025,1360.4,Call,1460,0,0,24.6265,0,0,0
30-Dec-2025,1360.4,Put,1200,0,0,24.6265,0,0,0
