28-Oct-2025,137.25,-,0,138.12,0,45.7018,34,31994,2505
28-Oct-2025,137.25,Call,140,3.8,31.83,45.7018,219,1481,1129
28-Oct-2025,137.25,Call,135,6.35,32.09,45.7018,-53,889,830
28-Oct-2025,137.25,Put,135,3.2,32.03,45.7018,40,616,581
28-Oct-2025,137.25,Call,137,5.2,32.36,45.7018,3,104,556
28-Oct-2025,137.25,Call,136,5.7,32.17,45.7018,27,103,500
28-Oct-2025,137.25,Call,137.5,4.9,32.36,45.7018,-13,286,492
25-Nov-2025,137.25,-,0,138.69,0,45.7018,62,681,339
28-Oct-2025,137.25,Call,150,1.2,33.3,45.7018,70,728,299
28-Oct-2025,137.25,Call,145,2.15,32.62,45.7018,22,550,280
28-Oct-2025,137.25,Call,142.5,2.9,31.59,45.7018,-75,276,262
28-Oct-2025,137.25,Put,134,2.85,32.01,45.7018,28,81,255
28-Oct-2025,137.25,Put,136,3.65,31.8,45.7018,19,103,239
28-Oct-2025,137.25,Put,130,1.65,33.03,45.7018,7,403,234
28-Oct-2025,137.25,Call,138,4.75,31.25,45.7018,4,55,149
28-Oct-2025,137.25,Put,133,2.5,32.51,45.7018,8,42,126
28-Oct-2025,137.25,Put,140,5.7,31.66,45.7018,9,272,105
28-Oct-2025,137.25,Call,139,4.2,31.31,45.7018,19,30,101
28-Oct-2025,137.25,Put,137,4.1,31.69,45.7018,21,61,99
28-Oct-2025,137.25,Put,137.5,4.35,31.72,45.7018,9,193,91
28-Oct-2025,137.25,Call,130,9.85,34.31,45.7018,-11,536,89
28-Oct-2025,137.25,Put,132.5,2.35,33.07,45.7018,-6,153,72
28-Oct-2025,137.25,Put,125,0.8,34.74,45.7018,16,329,61
28-Oct-2025,137.25,Call,132.5,7.9,31.28,45.7018,-4,128,59
28-Oct-2025,137.25,Put,120,0.45,37.59,45.7018,-5,222,52
28-Oct-2025,137.25,Call,134,6.95,29.86,45.7018,7,51,51
28-Oct-2025,137.25,Call,142,3.05,31.1,45.7018,-1,22,49
28-Oct-2025,137.25,Call,155,0.7,34.51,45.7018,4,182,37
28-Oct-2025,137.25,Put,132,2.2,33.59,45.7018,3,42,32
28-Oct-2025,137.25,Call,133,7.6,31.12,45.7018,8,23,32
28-Oct-2025,137.25,Put,139,5.15,31.44,45.7018,13,25,30
28-Oct-2025,137.25,Put,127.5,1.2,34.28,45.7018,1,125,27
28-Oct-2025,137.25,Call,141,3.4,32.13,45.7018,0,12,27
28-Oct-2025,137.25,Put,138,4.6,31.69,45.7018,4,16,26
28-Oct-2025,137.25,Put,142,6.9,33.22,45.7018,3,11,23
28-Oct-2025,137.25,Put,141,6.3,33.43,45.7018,1,8,19
28-Oct-2025,137.25,Put,150,13.05,35.83,45.7018,2,34,18
28-Oct-2025,137.25,Call,147.5,1.55,32.86,45.7018,6,69,17
28-Oct-2025,137.25,Put,142.5,7.25,33.02,45.7018,1,29,14
28-Oct-2025,137.25,Call,125,13.85,31.63,45.7018,-1,62,14
28-Oct-2025,137.25,Call,132,8.25,33.02,45.7018,2,16,13
28-Oct-2025,137.25,Put,128,1.3,36.73,45.7018,8,14,11
28-Oct-2025,137.25,Put,131,2,33.24,45.7018,0,18,11
28-Oct-2025,137.25,Call,127.5,11.7,31.64,45.7018,0,59,11
28-Oct-2025,137.25,Call,131,9,32.26,45.7018,2,21,11
30-Dec-2025,137.25,-,0,139.19,0,45.7018,2,34,10
28-Oct-2025,137.25,Put,122.5,0.6,37.43,45.7018,0,35,10
28-Oct-2025,137.25,Put,115,0.25,40.96,45.7018,1,56,10
28-Oct-2025,137.25,Call,144,2.4,30.06,45.7018,1,12,9
25-Nov-2025,137.25,Call,140,6,30.73,45.7018,5,9,9
28-Oct-2025,137.25,Call,152.5,0.85,33.73,45.7018,1,22,8
28-Oct-2025,137.25,Put,145,9,33.11,45.7018,0,90,6
25-Nov-2025,137.25,Call,150,2.65,31.22,45.7018,2,2,6
28-Oct-2025,137.25,Call,146,1.85,32.61,45.7018,1,15,5
25-Nov-2025,137.25,Put,125,2,34.23,45.7018,2,10,5
28-Oct-2025,137.25,Put,117.5,0.35,39.64,45.7018,2,31,4
28-Oct-2025,137.25,Call,120,18.55,33.23,45.7018,-1,55,4
28-Oct-2025,137.25,Call,152,0.9,33.61,45.7018,1,1,4
28-Oct-2025,137.25,Put,122,0.55,37.58,45.7018,0,8,4
28-Oct-2025,137.25,Put,123,0.65,35.72,45.7018,0,0,4
25-Nov-2025,137.25,Call,145,4,30.89,45.7018,1,7,4
28-Oct-2025,137.25,Put,124,0.8,36.02,45.7018,0,2,3
28-Oct-2025,137.25,Put,146,9.85,0,45.7018,0,0,1
28-Oct-2025,137.25,Put,144,8.3,0,45.7018,0,0,1
28-Oct-2025,137.25,Put,129,1.8,36.31,45.7018,0,13,1
25-Nov-2025,137.25,Put,130,3.4,34.42,45.7018,0,3,1
28-Oct-2025,137.25,Put,143,0,0,45.7018,0,3,0
28-Oct-2025,137.25,Put,147,0,0,0,0,0,0
28-Oct-2025,137.25,Put,155,0,0,45.7018,0,25,0
28-Oct-2025,137.25,Put,154,0,0,45.7018,0,0,0
28-Oct-2025,137.25,Put,148,0,0,45.7018,0,0,0
28-Oct-2025,137.25,Call,110,0,0,45.7018,0,6,0
28-Oct-2025,137.25,Put,152,0,0,45.7018,0,0,0
28-Oct-2025,137.25,Put,114,0,0,45.7018,0,0,0
28-Oct-2025,137.25,Call,118,0,0,45.7018,0,0,0
28-Oct-2025,137.25,Put,152.5,0,0,45.7018,0,8,0
28-Oct-2025,137.25,Call,123,0,0,45.7018,0,0,0
28-Oct-2025,137.25,Call,116,0,0,45.7018,0,0,0
28-Oct-2025,137.25,Call,114,0,0,45.7018,0,0,0
28-Oct-2025,137.25,Call,122,0,0,45.7018,0,0,0
28-Oct-2025,137.25,Call,124,0,0,45.7018,0,3,0
28-Oct-2025,137.25,Put,100,0,0,45.7018,0,13,0
28-Oct-2025,137.25,Put,112.5,0,0,45.7018,0,1,0
28-Oct-2025,137.25,Put,110,0,0,45.7018,0,43,0
28-Oct-2025,137.25,Put,147.5,0,0,45.7018,0,6,0
28-Oct-2025,137.25,Call,154,0,0,45.7018,0,0,0
28-Oct-2025,137.25,Put,118,0,0,45.7018,0,0,0
28-Oct-2025,137.25,Call,148,0,0,45.7018,0,3,0
28-Oct-2025,137.25,Put,126,0,0,45.7018,0,2,0
28-Oct-2025,137.25,Call,143,0,0,45.7018,0,6,0
28-Oct-2025,137.25,Put,127,0,0,45.7018,0,3,0
28-Oct-2025,137.25,Call,126,0,0,45.7018,0,0,0
28-Oct-2025,137.25,Call,122.5,0,0,45.7018,0,8,0
28-Oct-2025,137.25,Call,127,0,0,45.7018,0,0,0
28-Oct-2025,137.25,Put,116,0,0,45.7018,0,0,0
28-Oct-2025,137.25,Call,128,0,0,45.7018,0,4,0
28-Oct-2025,137.25,Call,129,0,0,45.7018,0,4,0
28-Oct-2025,137.25,Call,147,0,0,0,0,0,0
25-Nov-2025,137.25,Call,120,0,0,45.7018,0,0,0
25-Nov-2025,137.25,Put,120,0,0,45.7018,0,27,0
25-Nov-2025,137.25,Call,125,0,0,45.7018,0,0,0
25-Nov-2025,137.25,Put,150,0,0,45.7018,0,0,0
25-Nov-2025,137.25,Call,147,0,0,0,0,0,0
25-Nov-2025,137.25,Put,147,0,0,0,0,0,0
25-Nov-2025,137.25,Call,154,0,0,45.7018,0,0,0
25-Nov-2025,137.25,Call,130,0,0,45.7018,0,1,0
25-Nov-2025,137.25,Put,145,0,0,45.7018,0,0,0
25-Nov-2025,137.25,Call,144,0,0,45.7018,0,0,0
25-Nov-2025,137.25,Call,146,0,0,45.7018,0,0,0
25-Nov-2025,137.25,Call,148,0,0,45.7018,0,0,0
25-Nov-2025,137.25,Call,114,0,0,45.7018,0,0,0
25-Nov-2025,137.25,Call,116,0,0,45.7018,0,0,0
25-Nov-2025,137.25,Call,118,0,0,45.7018,0,0,0
25-Nov-2025,137.25,Put,152,0,0,45.7018,0,0,0
25-Nov-2025,137.25,Put,154,0,0,45.7018,0,0,0
25-Nov-2025,137.25,Call,134,0,0,45.7018,0,0,0
25-Nov-2025,137.25,Call,136,0,0,45.7018,0,0,0
25-Nov-2025,137.25,Call,137,0,0,45.7018,0,0,0
25-Nov-2025,137.25,Call,138,0,0,45.7018,0,0,0
25-Nov-2025,137.25,Call,139,0,0,45.7018,0,0,0
25-Nov-2025,137.25,Call,142,0,0,45.7018,0,0,0
25-Nov-2025,137.25,Call,135,0,0,45.7018,0,0,0
25-Nov-2025,137.25,Put,135,0,0,45.7018,0,1,0
25-Nov-2025,137.25,Put,140,0,0,45.7018,0,0,0
25-Nov-2025,137.25,Call,141,0,0,45.7018,0,0,0
25-Nov-2025,137.25,Call,122,0,0,45.7018,0,0,0
25-Nov-2025,137.25,Put,122,0,0,45.7018,0,0,0
25-Nov-2025,137.25,Call,123,0,0,45.7018,0,0,0
25-Nov-2025,137.25,Put,123,0,0,45.7018,0,0,0
25-Nov-2025,137.25,Call,124,0,0,45.7018,0,0,0
25-Nov-2025,137.25,Put,124,0,0,45.7018,0,0,0
25-Nov-2025,137.25,Call,126,0,0,45.7018,0,0,0
25-Nov-2025,137.25,Call,127,0,0,45.7018,0,0,0
25-Nov-2025,137.25,Call,128,0,0,45.7018,0,0,0
25-Nov-2025,137.25,Call,129,0,0,45.7018,0,0,0
25-Nov-2025,137.25,Call,132,0,0,45.7018,0,0,0
25-Nov-2025,137.25,Call,133,0,0,45.7018,0,0,0
25-Nov-2025,137.25,Put,134,0,0,45.7018,0,0,0
25-Nov-2025,137.25,Put,136,0,0,45.7018,0,0,0
25-Nov-2025,137.25,Put,137,0,0,45.7018,0,0,0
25-Nov-2025,137.25,Put,138,0,0,45.7018,0,0,0
25-Nov-2025,137.25,Put,139,0,0,45.7018,0,0,0
25-Nov-2025,137.25,Put,142,0,0,45.7018,0,0,0
25-Nov-2025,137.25,Put,143,0,0,45.7018,0,0,0
25-Nov-2025,137.25,Put,144,0,0,45.7018,0,0,0
25-Nov-2025,137.25,Call,143,0,0,45.7018,0,0,0
25-Nov-2025,137.25,Put,128,0,0,45.7018,0,1,0
25-Nov-2025,137.25,Put,129,0,0,45.7018,0,0,0
25-Nov-2025,137.25,Put,131,0,0,45.7018,0,0,0
30-Dec-2025,137.25,Put,134,0,0,0,0,0,0
30-Dec-2025,137.25,Call,132,0,0,0,0,0,0
25-Nov-2025,137.25,Put,146,0,0,45.7018,0,0,0
25-Nov-2025,137.25,Call,152,0,0,45.7018,0,0,0
25-Nov-2025,137.25,Put,132,0,0,45.7018,0,0,0
25-Nov-2025,137.25,Put,127,0,0,45.7018,0,0,0
30-Dec-2025,137.25,Call,116,0,0,0,0,0,0
25-Nov-2025,137.25,Call,131,0,0,45.7018,0,0,0
30-Dec-2025,137.25,Put,136,0,0,0,0,0,0
30-Dec-2025,137.25,Put,130,0,0,45.7018,0,0,0
25-Nov-2025,137.25,Put,148,0,0,45.7018,0,0,0
25-Nov-2025,137.25,Put,133,0,0,45.7018,0,0,0
30-Dec-2025,137.25,Call,134,0,0,0,0,0,0
25-Nov-2025,137.25,Put,141,0,0,45.7018,0,0,0
30-Dec-2025,137.25,Put,116,0,0,0,0,0,0
25-Nov-2025,137.25,Put,126,0,0,45.7018,0,0,0
30-Dec-2025,137.25,Put,126,0,0,0,0,0,0
30-Dec-2025,137.25,Call,124,0,0,0,0,0,0
30-Dec-2025,137.25,Call,142,0,0,0,0,0,0
30-Dec-2025,137.25,Call,120,0,0,0,0,0,0
30-Dec-2025,137.25,Call,138,0,0,0,0,0,0
30-Dec-2025,137.25,Put,140,0,0,0,0,0,0
30-Dec-2025,137.25,Put,128,0,0,0,0,0,0
30-Dec-2025,137.25,Call,130,0,0,0,0,0,0
30-Dec-2025,137.25,Call,136,0,0,0,0,0,0
30-Dec-2025,137.25,Put,148,0,0,0,0,0,0
30-Dec-2025,137.25,Put,152,0,0,0,0,0,0
30-Dec-2025,137.25,Put,138,0,0,0,0,0,0
30-Dec-2025,137.25,Call,146,0,0,0,0,0,0
30-Dec-2025,137.25,Call,122,0,0,0,0,0,0
30-Dec-2025,137.25,Call,128,0,0,0,0,0,0
30-Dec-2025,137.25,Put,144,0,0,0,0,0,0
30-Dec-2025,137.25,Call,126,0,0,0,0,0,0
30-Dec-2025,137.25,Call,140,0,0,0,0,0,0
30-Dec-2025,137.25,Put,142,0,0,0,0,0,0
30-Dec-2025,137.25,Put,132,0,0,0,0,0,0
30-Dec-2025,137.25,Put,146,0,0,0,0,0,0
30-Dec-2025,137.25,Call,144,0,0,0,0,0,0
30-Dec-2025,137.25,Put,156,0,0,0,0,0,0
