28-Oct-2025,391.3,Call,400,5.5,19.8,33.8342,453,3732,2367
28-Oct-2025,391.3,-,0,392.85,0,33.8342,342,40414,1402
28-Oct-2025,391.3,Call,390,9.9,19.57,33.8342,286,1932,1286
28-Oct-2025,391.3,Put,390,7,21.72,33.8342,95,1959,1054
28-Oct-2025,391.3,Call,395,7.45,19.72,33.8342,118,1080,1030
28-Oct-2025,391.3,Call,410,2.65,19.93,33.8342,96,1198,778
28-Oct-2025,391.3,Put,385,4.85,21.64,33.8342,61,717,517
28-Oct-2025,391.3,Put,380,3.45,21.91,33.8342,41,860,496
28-Oct-2025,391.3,Call,405,3.85,19.77,33.8342,77,651,430
28-Oct-2025,391.3,Put,395,9.45,21.68,33.8342,-43,888,378
28-Oct-2025,391.3,Call,420,1.35,21.02,33.8342,38,1499,320
28-Oct-2025,391.3,Put,375,2.4,22.29,33.8342,51,583,255
28-Oct-2025,391.3,Put,360,1,25.38,33.8342,36,878,222
28-Oct-2025,391.3,Call,385,13.15,19.03,33.8342,13,535,162
28-Oct-2025,391.3,Put,370,1.8,23.1,33.8342,-2,475,152
28-Oct-2025,391.3,Put,400,12.2,21.81,33.8342,8,1722,150
28-Oct-2025,391.3,Call,415,1.9,20.68,33.8342,43,278,144
28-Oct-2025,391.3,Call,450,0.25,26.13,33.8342,93,923,140
28-Oct-2025,391.3,Call,430,0.7,22.14,33.8342,34,387,114
28-Oct-2025,391.3,Call,425,0.95,21.9,33.8342,44,286,91
25-Nov-2025,391.3,-,0,394.45,0,33.8342,33,773,87
28-Oct-2025,391.3,Put,365,1.3,23.67,33.8342,17,162,83
28-Oct-2025,391.3,Call,380,16.9,19.36,33.8342,3,264,57
25-Nov-2025,391.3,Call,400,10.75,21.33,33.8342,3,64,42
28-Oct-2025,391.3,Call,435,0.5,23.42,33.8342,-3,48,22
28-Oct-2025,391.3,Put,320,0.15,35.28,33.8342,15,37,20
28-Oct-2025,391.3,Put,350,0.6,27.38,33.8342,4,201,17
28-Oct-2025,391.3,Call,440,0.4,24.42,33.8342,2,603,17
28-Oct-2025,391.3,Put,405,16,17.9,33.8342,7,245,16
28-Oct-2025,391.3,Call,365,28.45,20.91,33.8342,3,21,14
28-Oct-2025,391.3,Call,360,33.45,24.06,33.8342,8,61,12
25-Nov-2025,391.3,Call,440,1.85,22.53,33.8342,10,27,12
28-Oct-2025,391.3,Put,355,0.75,26.29,33.8342,0,90,10
25-Nov-2025,391.3,Put,370,4.45,23.6,33.8342,7,19,10
30-Dec-2025,391.3,-,0,396.65,0,33.8342,7,12,9
25-Nov-2025,391.3,Call,420,4.55,21.37,33.8342,4,29,8
28-Oct-2025,391.3,Call,375,19.5,19.17,33.8342,-5,143,6
25-Nov-2025,391.3,Put,340,1.1,26.74,33.8342,3,14,5
28-Oct-2025,391.3,Call,370,24,20.59,33.8342,2,43,4
28-Oct-2025,391.3,Put,420,28.15,20.6,33.8342,0,1076,4
25-Nov-2025,391.3,Put,400,15.75,22.79,33.8342,2,7,4
25-Nov-2025,391.3,Call,430,3,22.26,33.8342,3,19,4
28-Oct-2025,391.3,Call,355,38.55,27.91,33.8342,1,28,3
25-Nov-2025,391.3,Put,390,10.75,22.8,33.8342,1,3,3
28-Oct-2025,391.3,Put,330,0.25,32.99,33.8342,0,20,2
28-Oct-2025,391.3,Put,340,0.4,30.43,33.8342,0,201,2
28-Oct-2025,391.3,Call,460,0.3,30.46,33.8342,0,73,1
28-Oct-2025,391.3,Put,425,32.75,20.96,33.8342,0,41,1
25-Nov-2025,391.3,Call,395,14,0,33.8342,0,0,1
28-Oct-2025,391.3,Call,350,0,0,33.8342,0,41,0
28-Oct-2025,391.3,Put,460,0,0,33.8342,0,135,0
28-Oct-2025,391.3,Put,435,0,0,33.8342,0,10,0
28-Oct-2025,391.3,Call,335,0,0,33.8342,0,20,0
28-Oct-2025,391.3,Call,345,0,0,33.8342,0,23,0
28-Oct-2025,391.3,Put,415,0,0,33.8342,0,134,0
28-Oct-2025,391.3,Call,320,0,0,33.8342,0,4,0
28-Oct-2025,391.3,Call,330,0,0,33.8342,0,19,0
28-Oct-2025,391.3,Call,340,0,0,33.8342,0,6,0
28-Oct-2025,391.3,Put,410,0,0,33.8342,0,559,0
28-Oct-2025,391.3,Put,430,0,0,33.8342,0,565,0
28-Oct-2025,391.3,Put,440,0,0,33.8342,0,951,0
25-Nov-2025,391.3,Put,415,0,0,33.8342,0,0,0
25-Nov-2025,391.3,Put,450,0,0,33.8342,0,0,0
25-Nov-2025,391.3,Call,385,0,0,33.8342,0,0,0
25-Nov-2025,391.3,Put,365,0,0,33.8342,0,0,0
25-Nov-2025,391.3,Call,370,0,0,33.8342,0,0,0
25-Nov-2025,391.3,Put,355,0,0,33.8342,0,0,0
25-Nov-2025,391.3,Put,375,0,0,33.8342,0,0,0
25-Nov-2025,391.3,Put,395,0,0,33.8342,0,0,0
28-Oct-2025,391.3,Put,450,0,0,33.8342,0,379,0
25-Nov-2025,391.3,Call,425,0,0,33.8342,0,0,0
25-Nov-2025,391.3,Call,405,0,0,33.8342,0,0,0
25-Nov-2025,391.3,Call,410,0,0,33.8342,0,0,0
25-Nov-2025,391.3,Put,410,0,0,33.8342,0,0,0
25-Nov-2025,391.3,Put,425,0,0,33.8342,0,0,0
25-Nov-2025,391.3,Call,415,0,0,33.8342,0,0,0
25-Nov-2025,391.3,Put,440,0,0,33.8342,0,0,0
25-Nov-2025,391.3,Call,450,0,0,33.8342,0,0,0
25-Nov-2025,391.3,Call,365,0,0,33.8342,0,0,0
25-Nov-2025,391.3,Call,375,0,0,33.8342,0,0,0
25-Nov-2025,391.3,Put,350,0,0,33.8342,0,0,0
25-Nov-2025,391.3,Call,355,0,0,33.8342,0,0,0
25-Nov-2025,391.3,Put,430,0,0,33.8342,0,0,0
25-Nov-2025,391.3,Call,340,0,0,33.8342,0,0,0
25-Nov-2025,391.3,Put,420,0,0,33.8342,0,0,0
30-Dec-2025,391.3,Put,360,0,0,33.8342,0,0,0
25-Nov-2025,391.3,Call,390,0,0,33.8342,0,0,0
25-Nov-2025,391.3,Put,380,0,0,33.8342,0,3,0
25-Nov-2025,391.3,Put,360,0,0,33.8342,0,0,0
25-Nov-2025,391.3,Call,330,0,0,33.8342,0,0,0
30-Dec-2025,391.3,Put,340,0,0,33.8342,0,0,0
30-Dec-2025,391.3,Call,430,0,0,33.8342,0,0,0
30-Dec-2025,391.3,Put,350,0,0,33.8342,0,0,0
25-Nov-2025,391.3,Put,405,0,0,33.8342,0,0,0
30-Dec-2025,391.3,Put,370,0,0,33.8342,0,0,0
30-Dec-2025,391.3,Put,380,0,0,33.8342,0,0,0
25-Nov-2025,391.3,Call,360,0,0,33.8342,0,0,0
30-Dec-2025,391.3,Call,410,0,0,33.8342,0,0,0
25-Nov-2025,391.3,Put,385,0,0,33.8342,0,0,0
30-Dec-2025,391.3,Call,400,0,0,33.8342,0,0,0
25-Nov-2025,391.3,Put,330,0,0,33.8342,0,0,0
30-Dec-2025,391.3,Put,400,0,0,33.8342,0,0,0
25-Nov-2025,391.3,Call,380,0,0,33.8342,0,0,0
25-Nov-2025,391.3,Call,350,0,0,33.8342,0,0,0
30-Dec-2025,391.3,Call,420,0,0,33.8342,0,0,0
30-Dec-2025,391.3,Call,440,0,0,33.8342,0,1,0
30-Dec-2025,391.3,Call,460,0,0,0,0,0,0
