28-Oct-2025,12006,-,0,12083,0,25.6048,691,48978,2440
28-Oct-2025,12006,Call,12500,105.45,20.07,25.6048,346,1748,1240
28-Oct-2025,12006,Put,12000,210.65,19.92,25.6048,104,848,1167
28-Oct-2025,12006,Call,12200,204.45,20.07,25.6048,239,931,1148
28-Oct-2025,12006,Call,12000,300,20.33,25.6048,277,568,1136
28-Oct-2025,12006,Put,10900,10.5,22.48,25.6048,772,772,1011
28-Oct-2025,12006,Call,13000,31.05,20.97,25.6048,261,2166,924
28-Oct-2025,12006,Call,12100,249.15,19.98,25.6048,178,572,863
28-Oct-2025,12006,Call,12800,49.45,20.45,25.6048,114,818,724
28-Oct-2025,12006,Call,12300,163.8,19.96,25.6048,114,473,596
28-Oct-2025,12006,Call,13500,10.2,22.66,25.6048,212,1057,457
28-Oct-2025,12006,Call,12600,82.95,20.26,25.6048,63,523,434
28-Oct-2025,12006,Call,12700,64.2,20.57,25.6048,71,435,415
28-Oct-2025,12006,Put,10800,8.05,22.94,25.6048,98,392,388
28-Oct-2025,12006,Put,12200,310.95,19.83,25.6048,31,517,374
28-Oct-2025,12006,Call,12400,132,20.39,25.6048,78,405,313
28-Oct-2025,12006,Put,11700,104.2,20.37,25.6048,50,289,293
28-Oct-2025,12006,Put,11000,14.5,22.26,25.6048,49,224,282
28-Oct-2025,12006,Put,11300,34.7,21.06,25.6048,165,203,275
28-Oct-2025,12006,Put,11400,46.2,20.96,25.6048,30,198,214
28-Oct-2025,12006,Put,12100,258.6,19.85,25.6048,19,337,214
28-Oct-2025,12006,Put,11500,61,20.63,25.6048,5,296,197
28-Oct-2025,12006,Call,13400,11.45,22.15,25.6048,150,180,175
28-Oct-2025,12006,Put,11900,168.45,19.64,25.6048,28,134,163
28-Oct-2025,12006,Put,12300,361.95,19.71,25.6048,-14,216,134
28-Oct-2025,12006,Call,12900,38.75,20.79,25.6048,22,167,133
28-Oct-2025,12006,Put,11800,132.75,20.06,25.6048,10,412,89
25-Nov-2025,12006,-,0,12146,0,25.6048,29,314,80
28-Oct-2025,12006,Put,11200,26,21.29,25.6048,7,58,66
28-Oct-2025,12006,Call,13200,18.65,21.45,25.6048,6,169,63
28-Oct-2025,12006,Call,11900,364.8,19.6,25.6048,10,37,55
28-Oct-2025,12006,Put,13000,951.95,25.08,25.6048,6,193,45
28-Oct-2025,12006,Call,13100,24.55,21.4,25.6048,3,130,38
28-Oct-2025,12006,Put,11600,79.65,20.86,25.6048,-10,155,37
28-Oct-2025,12006,Put,12600,593.3,21.53,25.6048,3,441,33
28-Oct-2025,12006,Put,12400,446.75,21.35,25.6048,-5,191,33
28-Oct-2025,12006,Put,12500,513,21,25.6048,4,324,32
28-Oct-2025,12006,Put,11100,18.25,21.65,25.6048,21,27,26
28-Oct-2025,12006,Call,13300,15,21.95,25.6048,0,56,26
28-Oct-2025,12006,Call,14000,4.3,25.44,25.6048,0,117,25
28-Oct-2025,12006,Call,11800,414,19.11,25.6048,10,15,24
28-Oct-2025,12006,Call,10400,1693.55,28.52,25.6048,9,9,18
28-Oct-2025,12006,Call,11500,653.8,20.67,25.6048,2,19,12
30-Dec-2025,12006,-,0,12191,0,25.6048,7,12,11
28-Oct-2025,12006,Call,11700,494,20.05,25.6048,-1,17,11
28-Oct-2025,12006,Call,10600,1495.8,25.94,25.6048,5,5,10
28-Oct-2025,12006,Call,10800,1303.85,25.62,25.6048,5,5,10
28-Oct-2025,12006,Call,11600,567.05,19.82,25.6048,0,18,10
28-Oct-2025,12006,Put,13200,1105.95,19.68,25.6048,5,5,9
28-Oct-2025,12006,Put,13300,1207.1,21.61,25.6048,5,5,9
28-Oct-2025,12006,Put,13600,1496.9,22.01,25.6048,4,4,8
28-Oct-2025,12006,Put,13800,1691.9,21.19,25.6048,4,4,8
28-Oct-2025,12006,Call,13600,7.6,26.33,25.6048,-2,61,6
28-Oct-2025,12006,Call,14400,5.85,30.86,25.6048,1,62,4
28-Oct-2025,12006,Put,10600,5.75,24.9,25.6048,1,7,4
28-Oct-2025,12006,Put,12700,649.35,18.83,25.6048,0,101,2
28-Oct-2025,12006,Put,12900,834.5,20.64,25.6048,0,0,2
28-Oct-2025,12006,Call,13800,7.35,25.24,25.6048,0,26,2
28-Oct-2025,12006,Call,11400,758.05,23.58,25.6048,0,0,2
28-Oct-2025,12006,Put,10400,5.6,27.84,25.6048,0,54,1
28-Oct-2025,12006,Call,11000,1127.35,27.6,25.6048,0,2,1
25-Nov-2025,12006,Put,12000,243,18.15,25.6048,0,13,1
28-Oct-2025,12006,Call,11200,937.1,25.07,25.6048,0,9,1
28-Oct-2025,12006,Call,11100,1032.25,26.4,25.6048,0,0,1
28-Oct-2025,12006,Put,12800,0,0,25.6048,0,3,0
28-Oct-2025,12006,Put,13400,0,0,25.6048,0,0,0
28-Oct-2025,12006,Call,11300,0,0,25.6048,0,0,0
28-Oct-2025,12006,Call,10900,0,0,25.6048,0,0,0
28-Oct-2025,12006,Put,13100,0,0,25.6048,0,0,0
28-Oct-2025,12006,Call,13700,0,0,25.6048,0,30,0
28-Oct-2025,12006,Call,10200,0,0,0,0,0,0
28-Oct-2025,12006,Put,10200,0,0,0,0,0,0
25-Nov-2025,12006,Put,12100,0,0,25.6048,0,0,0
25-Nov-2025,12006,Call,12000,0,0,25.6048,0,0,0
25-Nov-2025,12006,Call,11900,0,0,25.6048,0,0,0
25-Nov-2025,12006,Put,11500,0,0,25.6048,0,0,0
25-Nov-2025,12006,Put,12200,0,0,25.6048,0,0,0
25-Nov-2025,12006,Call,10800,0,0,25.6048,0,0,0
25-Nov-2025,12006,Call,10900,0,0,0,0,0,0
25-Nov-2025,12006,Call,12400,0,0,25.6048,0,0,0
25-Nov-2025,12006,Call,13600,0,0,25.6048,0,0,0
25-Nov-2025,12006,Put,11800,0,0,25.6048,0,0,0
25-Nov-2025,12006,Put,13600,0,0,25.6048,0,0,0
25-Nov-2025,12006,Call,11700,0,0,25.6048,0,0,0
25-Nov-2025,12006,Put,12800,0,0,25.6048,0,0,0
25-Nov-2025,12006,Call,10600,0,0,25.6048,0,0,0
25-Nov-2025,12006,Put,12300,0,0,25.6048,0,0,0
25-Nov-2025,12006,Put,13400,0,0,25.6048,0,0,0
25-Nov-2025,12006,Call,10400,0,0,25.6048,0,0,0
25-Nov-2025,12006,Put,11000,0,0,25.6048,0,0,0
25-Nov-2025,12006,Put,11900,0,0,25.6048,0,0,0
25-Nov-2025,12006,Put,12400,0,0,25.6048,0,0,0
25-Nov-2025,12006,Put,13300,0,0,25.6048,0,0,0
25-Nov-2025,12006,Put,13000,0,0,25.6048,0,0,0
25-Nov-2025,12006,Call,12600,0,0,25.6048,0,0,0
25-Nov-2025,12006,Call,12500,0,0,25.6048,0,0,0
25-Nov-2025,12006,Call,11600,0,0,25.6048,0,0,0
25-Nov-2025,12006,Call,12300,0,0,25.6048,0,0,0
25-Nov-2025,12006,Put,12900,0,0,25.6048,0,0,0
25-Nov-2025,12006,Call,11800,0,0,25.6048,0,0,0
25-Nov-2025,12006,Call,12100,0,0,25.6048,0,0,0
25-Nov-2025,12006,Call,11500,0,0,25.6048,0,0,0
25-Nov-2025,12006,Put,12500,0,0,25.6048,0,0,0
25-Nov-2025,12006,Call,10200,0,0,0,0,0,0
25-Nov-2025,12006,Put,12700,0,0,25.6048,0,0,0
25-Nov-2025,12006,Call,11400,0,0,25.6048,0,0,0
25-Nov-2025,12006,Call,11100,0,0,25.6048,0,0,0
30-Dec-2025,12006,Put,12000,0,0,25.6048,0,0,0
25-Nov-2025,12006,Call,13000,0,0,25.6048,0,0,0
25-Nov-2025,12006,Put,13800,0,0,25.6048,0,0,0
25-Nov-2025,12006,Call,11300,0,0,25.6048,0,0,0
25-Nov-2025,12006,Put,12600,0,0,25.6048,0,0,0
25-Nov-2025,12006,Call,11000,0,0,25.6048,0,0,0
25-Nov-2025,12006,Put,13100,0,0,25.6048,0,0,0
25-Nov-2025,12006,Call,13800,0,0,25.6048,0,0,0
25-Nov-2025,12006,Put,11600,0,0,25.6048,0,1,0
25-Nov-2025,12006,Put,13200,0,0,25.6048,0,0,0
25-Nov-2025,12006,Call,13400,0,0,25.6048,0,1,0
25-Nov-2025,12006,Call,12700,0,0,25.6048,0,0,0
25-Nov-2025,12006,Call,11200,0,0,25.6048,0,0,0
25-Nov-2025,12006,Put,10200,0,0,0,0,0,0
25-Nov-2025,12006,Call,12200,0,0,25.6048,0,0,0
