28-Oct-2025,12001,-,0,12081,0,25.6048,775,49062,2629
28-Oct-2025,12001,Call,12500,104.15,20.27,25.6048,355,1757,1304
28-Oct-2025,12001,Call,12000,300.2,20.34,25.6048,313,604,1207
28-Oct-2025,12001,Put,12000,209.6,20.18,25.6048,105,849,1203
28-Oct-2025,12001,Call,12200,203.8,20.27,25.6048,256,948,1196
28-Oct-2025,12001,Put,10900,10.6,22.47,25.6048,771,771,1039
28-Oct-2025,12001,Call,13000,31.5,21.31,25.6048,305,2210,1032
28-Oct-2025,12001,Call,12100,246.05,20.14,25.6048,166,560,923
28-Oct-2025,12001,Call,12800,49.25,20.65,25.6048,126,830,787
28-Oct-2025,12001,Call,12300,163.45,20.31,25.6048,123,482,609
28-Oct-2025,12001,Call,13500,10.6,23.19,25.6048,236,1081,580
28-Oct-2025,12001,Call,12600,81.85,20.31,25.6048,82,542,469
28-Oct-2025,12001,Call,12700,63.65,20.53,25.6048,70,434,428
28-Oct-2025,12001,Put,10800,7.35,22.58,25.6048,97,391,427
28-Oct-2025,12001,Put,12200,313.85,20.09,25.6048,32,518,377
28-Oct-2025,12001,Call,12400,130.2,20.16,25.6048,92,419,344
28-Oct-2025,12001,Put,11300,33.7,21.03,25.6048,233,271,343
28-Oct-2025,12001,Put,11700,103.55,20.25,25.6048,51,290,300
28-Oct-2025,12001,Put,11000,13.55,21.82,25.6048,46,221,285
28-Oct-2025,12001,Put,12100,259.75,20.14,25.6048,27,345,226
28-Oct-2025,12001,Put,11400,46.55,20.89,25.6048,31,199,223
28-Oct-2025,12001,Put,11500,60.75,20.69,25.6048,7,298,221
28-Oct-2025,12001,Call,13400,11.9,22.35,25.6048,193,223,210
28-Oct-2025,12001,Put,11900,166,20.09,25.6048,29,135,164
28-Oct-2025,12001,Call,12900,38.95,20.95,25.6048,21,166,135
28-Oct-2025,12001,Put,12300,361.95,19.03,25.6048,-14,216,134
28-Oct-2025,12001,Put,11800,132.2,20.08,25.6048,10,412,94
25-Nov-2025,12001,-,0,12141,0,25.6048,30,315,83
28-Oct-2025,12001,Put,11200,25.5,21.3,25.6048,12,63,71
28-Oct-2025,12001,Call,13200,19,21.75,25.6048,5,168,67
28-Oct-2025,12001,Call,11900,364.8,21.11,25.6048,10,37,55
28-Oct-2025,12001,Put,13000,951.95,23.42,25.6048,6,193,45
28-Oct-2025,12001,Call,13100,23.45,21.39,25.6048,4,131,40
28-Oct-2025,12001,Put,11600,80.25,20.45,25.6048,-10,155,38
28-Oct-2025,12001,Put,12600,593.3,20.5,25.6048,3,441,33
28-Oct-2025,12001,Put,12400,446.75,20.6,25.6048,-5,191,33
28-Oct-2025,12001,Put,12500,513,20.11,25.6048,4,324,32
28-Oct-2025,12001,Put,11100,19.75,21.83,25.6048,21,27,30
28-Oct-2025,12001,Call,14000,4.4,25.73,25.6048,1,118,28
28-Oct-2025,12001,Call,13300,15,22.15,25.6048,0,56,26
28-Oct-2025,12001,Call,11800,414,19.93,25.6048,10,15,24
28-Oct-2025,12001,Call,10400,1693.55,34.32,25.6048,9,9,18
28-Oct-2025,12001,Call,11500,653.8,21.98,25.6048,2,19,12
30-Dec-2025,12001,-,0,12191,0,25.6048,7,12,11
28-Oct-2025,12001,Call,11700,494,20.99,25.6048,-1,17,11
28-Oct-2025,12001,Call,10600,1495.8,31.02,25.6048,5,5,10
28-Oct-2025,12001,Call,10800,1303.85,29.21,25.6048,5,5,10
28-Oct-2025,12001,Call,11600,567.05,20.95,25.6048,0,18,10
28-Oct-2025,12001,Put,13200,1105.95,0,25.6048,5,5,9
28-Oct-2025,12001,Put,13300,1207.1,14.49,25.6048,5,5,9
28-Oct-2025,12001,Put,13600,1496.9,0,25.6048,4,4,8
28-Oct-2025,12001,Put,13800,1691.9,0,25.6048,4,4,8
28-Oct-2025,12001,Call,13600,7.6,23.2,25.6048,-2,61,6
28-Oct-2025,12001,Put,10600,8.05,26.1,25.6048,2,8,5
28-Oct-2025,12001,Call,14400,5.85,31.02,25.6048,1,62,4
28-Oct-2025,12001,Call,13800,7.5,25.5,25.6048,-1,25,3
28-Oct-2025,12001,Put,12700,649.35,17.37,25.6048,0,101,2
28-Oct-2025,12001,Put,12900,834.5,18.66,25.6048,0,0,2
28-Oct-2025,12001,Call,11400,758.05,24.95,25.6048,0,0,2
28-Oct-2025,12001,Call,11100,1032.25,28.37,25.6048,0,0,1
28-Oct-2025,12001,Call,11000,1127.35,29.78,25.6048,0,2,1
28-Oct-2025,12001,Put,10400,5.6,27.67,25.6048,0,54,1
28-Oct-2025,12001,Call,11200,937.1,26.86,25.6048,0,9,1
25-Nov-2025,12001,Put,12000,243,17.86,25.6048,0,13,1
28-Oct-2025,12001,Put,12800,0,0,25.6048,0,3,0
28-Oct-2025,12001,Put,13400,0,0,25.6048,0,0,0
28-Oct-2025,12001,Call,11300,0,0,25.6048,0,0,0
28-Oct-2025,12001,Call,10900,0,0,25.6048,0,0,0
28-Oct-2025,12001,Put,13100,0,0,25.6048,0,0,0
28-Oct-2025,12001,Call,13700,0,0,25.6048,0,30,0
28-Oct-2025,12001,Put,10200,0,0,0,0,0,0
28-Oct-2025,12001,Call,10200,0,0,0,0,0,0
25-Nov-2025,12001,Put,12800,0,0,25.6048,0,0,0
25-Nov-2025,12001,Call,12700,0,0,25.6048,0,0,0
25-Nov-2025,12001,Put,11900,0,0,25.6048,0,0,0
25-Nov-2025,12001,Put,12100,0,0,25.6048,0,0,0
25-Nov-2025,12001,Call,12400,0,0,25.6048,0,0,0
25-Nov-2025,12001,Put,11800,0,0,25.6048,0,0,0
25-Nov-2025,12001,Put,12700,0,0,25.6048,0,0,0
25-Nov-2025,12001,Put,11500,0,0,25.6048,0,0,0
25-Nov-2025,12001,Put,12300,0,0,25.6048,0,0,0
25-Nov-2025,12001,Put,12400,0,0,25.6048,0,0,0
25-Nov-2025,12001,Call,10200,0,0,0,0,0,0
25-Nov-2025,12001,Call,12600,0,0,25.6048,0,0,0
25-Nov-2025,12001,Call,10900,0,0,0,0,0,0
25-Nov-2025,12001,Call,12000,0,0,25.6048,0,0,0
25-Nov-2025,12001,Put,12200,0,0,25.6048,0,0,0
25-Nov-2025,12001,Call,13600,0,0,25.6048,0,0,0
25-Nov-2025,12001,Put,11000,0,0,25.6048,0,0,0
25-Nov-2025,12001,Put,12600,0,0,25.6048,0,0,0
25-Nov-2025,12001,Call,12300,0,0,25.6048,0,0,0
25-Nov-2025,12001,Call,12100,0,0,25.6048,0,0,0
25-Nov-2025,12001,Call,11900,0,0,25.6048,0,0,0
25-Nov-2025,12001,Put,10200,0,0,0,0,0,0
25-Nov-2025,12001,Call,10600,0,0,25.6048,0,0,0
25-Nov-2025,12001,Put,13200,0,0,25.6048,0,0,0
25-Nov-2025,12001,Call,10800,0,0,25.6048,0,0,0
25-Nov-2025,12001,Call,10400,0,0,25.6048,0,0,0
25-Nov-2025,12001,Put,13100,0,0,25.6048,0,0,0
25-Nov-2025,12001,Put,13800,0,0,25.6048,0,0,0
25-Nov-2025,12001,Put,13600,0,0,25.6048,0,0,0
25-Nov-2025,12001,Put,13000,0,0,25.6048,0,0,0
25-Nov-2025,12001,Put,12900,0,0,25.6048,0,0,0
25-Nov-2025,12001,Call,11200,0,0,25.6048,0,0,0
25-Nov-2025,12001,Put,13400,0,0,25.6048,0,0,0
25-Nov-2025,12001,Call,11600,0,0,25.6048,0,0,0
25-Nov-2025,12001,Call,11400,0,0,25.6048,0,0,0
25-Nov-2025,12001,Put,13300,0,0,25.6048,0,0,0
25-Nov-2025,12001,Call,11800,0,0,25.6048,0,0,0
25-Nov-2025,12001,Call,12200,0,0,25.6048,0,0,0
25-Nov-2025,12001,Call,13000,0,0,25.6048,0,0,0
25-Nov-2025,12001,Put,11600,0,0,25.6048,0,1,0
25-Nov-2025,12001,Call,11000,0,0,25.6048,0,0,0
25-Nov-2025,12001,Call,12500,0,0,25.6048,0,0,0
25-Nov-2025,12001,Call,11300,0,0,25.6048,0,0,0
25-Nov-2025,12001,Call,11500,0,0,25.6048,0,0,0
25-Nov-2025,12001,Call,11100,0,0,25.6048,0,0,0
30-Dec-2025,12001,Put,12000,0,0,25.6048,0,0,0
25-Nov-2025,12001,Call,11700,0,0,25.6048,0,0,0
25-Nov-2025,12001,Put,12500,0,0,25.6048,0,0,0
25-Nov-2025,12001,Call,13400,0,0,25.6048,0,1,0
25-Nov-2025,12001,Call,13800,0,0,25.6048,0,0,0
