28-Oct-2025,467.65,-,0,469.85,0,38.9711,-308,78766,2075
28-Oct-2025,467.65,Call,500,5.55,31.51,38.9711,185,5635,1365
28-Oct-2025,467.65,Call,470,14.8,29.42,38.9711,103,2692,1111
28-Oct-2025,467.65,Call,480,10.65,29.72,38.9711,47,2878,946
28-Oct-2025,467.65,Call,460,20.25,28.92,38.9711,11,1988,711
28-Oct-2025,467.65,Call,490,7.7,30.82,38.9711,23,1042,665
28-Oct-2025,467.65,Put,460,10.3,31.5,38.9711,49,1745,566
28-Oct-2025,467.65,Put,470,14.9,31.59,38.9711,48,1007,536
28-Oct-2025,467.65,Call,475,12.5,29.33,38.9711,42,143,369
28-Oct-2025,467.65,Put,450,6.95,31.6,38.9711,37,1960,354
28-Oct-2025,467.65,Call,465,17.3,29.15,38.9711,10,182,311
28-Oct-2025,467.65,Put,455,8.45,31.6,38.9711,13,321,298
28-Oct-2025,467.65,Put,465,12.5,31.39,38.9711,32,196,240
28-Oct-2025,467.65,Call,520,2.7,33.17,38.9711,48,833,212
28-Oct-2025,467.65,Put,430,3.15,34.1,38.9711,42,1563,176
28-Oct-2025,467.65,Put,440,4.6,32.81,38.9711,1,779,165
28-Oct-2025,467.65,Put,420,2.25,35.33,38.9711,38,637,155
28-Oct-2025,467.65,Call,440,34,28.89,38.9711,-72,525,142
28-Oct-2025,467.65,Call,510,3.75,31.96,38.9711,13,521,133
25-Nov-2025,467.65,-,0,471.6,0,38.9711,36,821,126
28-Oct-2025,467.65,Put,475,17.95,32.39,38.9711,30,50,112
28-Oct-2025,467.65,Put,480,21.1,33.32,38.9711,2,1517,105
28-Oct-2025,467.65,Call,450,26.65,28.59,38.9711,12,840,101
28-Oct-2025,467.65,Put,464,12.1,31.29,38.9711,5,166,88
28-Oct-2025,467.65,Put,410,1.6,38.07,38.9711,-9,1333,70
28-Oct-2025,467.65,Put,445,5.7,32.57,38.9711,4,30,65
28-Oct-2025,467.65,Put,425,2.6,34.92,38.9711,-8,65,62
28-Oct-2025,467.65,Call,530,1.85,33.95,38.9711,26,106,44
28-Oct-2025,467.65,Call,485,8.9,30.23,38.9711,0,174,39
28-Oct-2025,467.65,Call,484,9.15,29.93,38.9711,2,223,38
28-Oct-2025,467.65,Put,400,1.2,40.59,38.9711,3,834,35
28-Oct-2025,467.65,Put,435,3.9,33.59,38.9711,12,66,35
28-Oct-2025,467.65,Call,495,6.5,30.47,38.9711,12,150,26
28-Oct-2025,467.65,Call,430,43,29.94,38.9711,-7,291,23
25-Nov-2025,467.65,Put,480,23.85,29.23,38.9711,21,27,23
28-Oct-2025,467.65,Put,485,24.7,33.49,38.9711,2,8,16
28-Oct-2025,467.65,Call,505,4.55,32.08,38.9711,1,130,16
28-Oct-2025,467.65,Put,390,0.9,42.62,38.9711,-1,519,16
28-Oct-2025,467.65,Call,455,23.4,28.84,38.9711,-1,53,15
25-Nov-2025,467.65,Call,520,6.4,29.53,38.9711,0,28,14
28-Oct-2025,467.65,Put,490,27.85,33.74,38.9711,3,230,13
28-Oct-2025,467.65,Call,540,1.3,35.36,38.9711,4,261,12
28-Oct-2025,467.65,Call,420,50.5,22.05,38.9711,3,228,8
25-Nov-2025,467.65,Put,420,4.95,33.1,38.9711,0,33,7
30-Dec-2025,467.65,-,0,475.25,0,38.9711,1,29,6
28-Oct-2025,467.65,Put,510,44.1,35.92,38.9711,-1,145,5
25-Nov-2025,467.65,Put,400,3.15,36.39,38.9711,0,7,5
28-Oct-2025,467.65,Call,400,69.75,0,38.9711,1,125,4
28-Oct-2025,467.65,Put,500,37,37.65,38.9711,1,239,4
25-Nov-2025,467.65,Put,440,8.9,31.76,38.9711,1,14,3
28-Oct-2025,467.65,Call,435,37.55,27.24,38.9711,0,0,2
28-Oct-2025,467.65,Put,380,0.65,44.67,38.9711,0,268,2
25-Nov-2025,467.65,Call,460,27.55,28.23,38.9711,0,9,2
25-Nov-2025,467.65,Call,480,18.55,29.77,38.9711,0,27,2
28-Oct-2025,467.65,Put,505,41.05,38.32,38.9711,0,0,1
25-Nov-2025,467.65,Call,540,3.4,0,38.9711,0,1,1
28-Oct-2025,467.65,Call,425,0,0,38.9711,0,0,0
28-Oct-2025,467.65,Call,424,0,0,38.9711,0,71,0
28-Oct-2025,467.65,Call,445,0,0,38.9711,0,0,0
28-Oct-2025,467.65,Put,495,0,0,38.9711,0,0,0
28-Oct-2025,467.65,Put,364,0,0,38.9711,0,17,0
28-Oct-2025,467.65,Put,540,0,0,38.9711,0,3,0
28-Oct-2025,467.65,Put,370,0,0,38.9711,0,25,0
28-Oct-2025,467.65,Put,360,0,0,38.9711,0,46,0
28-Oct-2025,467.65,Call,390,0,0,38.9711,0,0,0
28-Oct-2025,467.65,Call,380,0,0,38.9711,0,36,0
28-Oct-2025,467.65,Call,410,0,0,38.9711,0,17,0
28-Oct-2025,467.65,Call,360,0,0,38.9711,0,7,0
28-Oct-2025,467.65,Put,520,0,0,38.9711,0,57,0
25-Nov-2025,467.65,Put,410,0,0,38.9711,0,0,0
25-Nov-2025,467.65,Call,450,0,0,38.9711,0,0,0
25-Nov-2025,467.65,Call,490,0,0,38.9711,0,0,0
25-Nov-2025,467.65,Put,450,0,0,38.9711,0,2,0
25-Nov-2025,467.65,Call,530,0,0,38.9711,0,0,0
25-Nov-2025,467.65,Call,510,0,0,38.9711,0,0,0
25-Nov-2025,467.65,Put,425,0,0,38.9711,0,0,0
25-Nov-2025,467.65,Put,435,0,0,38.9711,0,3,0
25-Nov-2025,467.65,Put,470,0,0,38.9711,0,2,0
28-Oct-2025,467.65,Put,530,0,0,38.9711,0,0,0
25-Nov-2025,467.65,Put,455,0,0,38.9711,0,1,0
25-Nov-2025,467.65,Put,430,0,0,38.9711,0,0,0
25-Nov-2025,467.65,Put,475,0,0,38.9711,0,3,0
25-Nov-2025,467.65,Put,465,0,0,38.9711,0,2,0
25-Nov-2025,467.65,Put,530,0,0,38.9711,0,0,0
25-Nov-2025,467.65,Put,445,0,0,38.9711,0,2,0
25-Nov-2025,467.65,Call,505,0,0,38.9711,0,0,0
25-Nov-2025,467.65,Put,510,0,0,38.9711,0,0,0
25-Nov-2025,467.65,Call,475,0,0,38.9711,0,0,0
25-Nov-2025,467.65,Put,505,0,0,38.9711,0,0,0
25-Nov-2025,467.65,Put,495,0,0,38.9711,0,2,0
25-Nov-2025,467.65,Call,465,0,0,38.9711,0,0,0
25-Nov-2025,467.65,Put,390,0,0,0,0,0,0
25-Nov-2025,467.65,Call,470,0,0,38.9711,0,0,0
25-Nov-2025,467.65,Call,390,0,0,0,0,0,0
25-Nov-2025,467.65,Call,560,0,0,38.9711,0,5,0
25-Nov-2025,467.65,Call,400,0,0,38.9711,0,0,0
25-Nov-2025,467.65,Call,420,0,0,38.9711,0,0,0
25-Nov-2025,467.65,Call,440,0,0,38.9711,0,0,0
25-Nov-2025,467.65,Call,500,0,0,38.9711,0,38,0
25-Nov-2025,467.65,Call,430,0,0,38.9711,0,0,0
25-Nov-2025,467.65,Call,410,0,0,38.9711,0,0,0
25-Nov-2025,467.65,Put,500,0,0,38.9711,0,3,0
25-Nov-2025,467.65,Put,460,0,0,38.9711,0,5,0
25-Nov-2025,467.65,Call,445,0,0,38.9711,0,0,0
25-Nov-2025,467.65,Call,455,0,0,38.9711,0,1,0
25-Nov-2025,467.65,Call,435,0,0,38.9711,0,0,0
25-Nov-2025,467.65,Call,485,0,0,38.9711,0,1,0
25-Nov-2025,467.65,Put,520,0,0,38.9711,0,0,0
30-Dec-2025,467.65,Put,410,0,0,0,0,0,0
25-Nov-2025,467.65,Call,425,0,0,38.9711,0,0,0
30-Dec-2025,467.65,Put,400,0,0,38.9711,0,0,0
25-Nov-2025,467.65,Call,495,0,0,38.9711,0,0,0
25-Nov-2025,467.65,Put,490,0,0,38.9711,0,0,0
30-Dec-2025,467.65,Put,430,0,0,38.9711,0,0,0
30-Dec-2025,467.65,Put,420,0,0,38.9711,0,0,0
25-Nov-2025,467.65,Put,485,0,0,38.9711,0,2,0
30-Dec-2025,467.65,Call,520,0,0,38.9711,0,0,0
