28-Oct-2025,2345.7,Call,2400,17.8,18.39,23.4491,231,3843,6582
28-Oct-2025,2345.7,Call,2360,32.55,17.95,23.4491,317,2171,6506
28-Oct-2025,2345.7,-,0,2349.5,0,23.4491,1684,52719,5328
28-Oct-2025,2345.7,Call,2340,42.75,17.79,23.4491,47,1325,3768
28-Oct-2025,2345.7,Call,2500,4.3,21.33,23.4491,-176,4598,3077
28-Oct-2025,2345.7,Call,2380,24.25,18.01,23.4491,69,925,2764
28-Oct-2025,2345.7,Put,2300,17.5,20.92,23.4491,41,2011,2232
28-Oct-2025,2345.7,Put,2360,41,20.94,23.4491,403,1539,1877
28-Oct-2025,2345.7,Put,2340,31.6,20.77,23.4491,48,950,1648
28-Oct-2025,2345.7,Call,2440,9.5,19.09,23.4491,142,1311,1338
28-Oct-2025,2345.7,Put,2320,23.5,20.83,23.4491,121,524,1326
28-Oct-2025,2345.7,Call,2420,12.9,18.76,23.4491,74,1214,960
28-Oct-2025,2345.7,Put,2200,3.55,23.43,23.4491,-14,1745,850
28-Oct-2025,2345.7,Call,2480,5.3,20.41,23.4491,-31,632,833
28-Oct-2025,2345.7,Call,2300,68.4,17.09,23.4491,-34,587,777
28-Oct-2025,2345.7,Put,2240,6.55,21.95,23.4491,-8,475,625
28-Oct-2025,2345.7,Call,2460,7,19.74,23.4491,-56,840,593
25-Nov-2025,2345.7,-,0,2359.1,0,23.4491,244,2497,572
28-Oct-2025,2345.7,Call,2520,3.15,21.76,23.4491,70,649,529
28-Oct-2025,2345.7,Call,2320,54.3,17.76,23.4491,50,349,478
28-Oct-2025,2345.7,Call,2700,0.35,28.01,23.4491,-196,838,475
28-Oct-2025,2345.7,Put,2220,4.8,22.54,23.4491,-57,280,432
28-Oct-2025,2345.7,Call,2600,1.1,24.25,23.4491,-71,2506,414
28-Oct-2025,2345.7,Put,2260,9.15,21.61,23.4491,31,443,384
28-Oct-2025,2345.7,Call,2540,2.4,22.46,23.4491,67,435,324
28-Oct-2025,2345.7,Put,2280,12.6,21.32,23.4491,30,388,321
28-Oct-2025,2345.7,Put,2380,50,19.74,23.4491,24,282,279
28-Oct-2025,2345.7,Call,2560,2,23.56,23.4491,34,474,251
28-Oct-2025,2345.7,Put,2180,2.3,23.58,23.4491,92,281,239
28-Oct-2025,2345.7,Put,2160,1.8,24.73,23.4491,8,467,153
25-Nov-2025,2345.7,Call,2500,24.2,20.91,23.4491,52,135,112
28-Oct-2025,2345.7,Put,2400,62.5,19.58,23.4491,-4,1372,110
25-Nov-2025,2345.7,Call,2400,54,20.24,23.4491,54,163,110
25-Nov-2025,2345.7,Call,2340,81,19.39,23.4491,37,49,103
28-Oct-2025,2345.7,Call,2680,0.35,26.24,23.4491,0,286,81
25-Nov-2025,2345.7,Call,2520,21.35,21.46,23.4491,4,63,56
30-Dec-2025,2345.7,-,0,2374.7,0,23.4491,20,212,46
25-Nov-2025,2345.7,Put,2300,43,23.54,23.4491,19,122,43
25-Nov-2025,2345.7,Put,2220,19.7,23.13,23.4491,22,74,38
28-Oct-2025,2345.7,Put,2440,94.6,21.2,23.4491,-8,214,37
28-Oct-2025,2345.7,Put,2480,128,21.02,23.4491,4,198,35
25-Nov-2025,2345.7,Put,2200,17.25,23.82,23.4491,11,222,34
25-Nov-2025,2345.7,Put,2400,90,23.93,23.4491,11,75,33
25-Nov-2025,2345.7,Call,2600,10.7,22.13,23.4491,9,127,29
28-Oct-2025,2345.7,Call,2580,1.7,24.58,23.4491,0,406,28
28-Oct-2025,2345.7,Put,2500,151.1,26.53,23.4491,2,594,27
25-Nov-2025,2345.7,Put,2340,58.15,23.32,23.4491,21,44,24
28-Oct-2025,2345.7,Call,2640,0.75,26.05,23.4491,-2,350,23
28-Oct-2025,2345.7,Put,2120,1.3,27.3,23.4491,-2,1003,21
25-Nov-2025,2345.7,Call,2360,72.7,20.21,23.4491,11,17,21
28-Oct-2025,2345.7,Put,2600,243.85,27.57,23.4491,-3,514,19
25-Nov-2025,2345.7,Put,2360,70,24.17,23.4491,10,18,18
28-Oct-2025,2345.7,Call,2200,153.25,0,23.4491,-1,106,13
25-Nov-2025,2345.7,Put,2080,5.75,25.86,23.4491,4,12,13
28-Oct-2025,2345.7,Put,2140,1.6,26.18,23.4491,0,250,10
28-Oct-2025,2345.7,Put,2460,111.5,21.67,23.4491,-3,169,8
25-Nov-2025,2345.7,Call,2460,36.25,21.48,23.4491,3,29,8
28-Oct-2025,2345.7,Call,2280,82.9,15.95,23.4491,1,31,7
28-Oct-2025,2345.7,Put,2100,0.45,25.12,23.4491,-1,9,7
25-Nov-2025,2345.7,Put,2180,14.5,24.16,23.4491,5,14,7
25-Nov-2025,2345.7,Call,2640,8,22.85,23.4491,3,34,7
28-Oct-2025,2345.7,Call,2800,0.2,31.92,23.4491,-3,131,6
28-Oct-2025,2345.7,Call,2880,0.2,36.51,23.4491,1,200,5
28-Oct-2025,2345.7,Put,2420,81.65,22.63,23.4491,0,105,5
25-Nov-2025,2345.7,Put,2280,36,23.44,23.4491,0,54,5
28-Oct-2025,2345.7,Call,2240,120,18.07,23.4491,0,12,4
28-Oct-2025,2345.7,Call,2720,0.3,28.35,23.4491,0,83,4
25-Nov-2025,2345.7,Call,2680,5.8,23.36,23.4491,3,60,4
28-Oct-2025,2345.7,Call,2620,0.7,24.31,23.4491,-1,164,3
28-Oct-2025,2345.7,Put,2520,162.2,14.14,23.4491,0,74,2
28-Oct-2025,2345.7,Put,2080,0.7,28.59,23.4491,0,310,2
28-Oct-2025,2345.7,Call,2660,0.7,27.25,23.4491,-1,82,2
25-Nov-2025,2345.7,Call,2720,4.5,24.19,23.4491,1,18,2
25-Nov-2025,2345.7,Call,2380,72,23.06,23.4491,0,59,1
30-Dec-2025,2345.7,Put,2240,40,23.61,23.4491,0,0,1
30-Dec-2025,2345.7,Put,2280,52,23.55,23.4491,0,0,1
30-Dec-2025,2345.7,Put,2320,59.25,21.76,23.4491,0,0,1
30-Dec-2025,2345.7,Call,2560,32,20.07,23.4491,0,5,1
28-Oct-2025,2345.7,Call,2780,0,0,23.4491,0,24,0
28-Oct-2025,2345.7,Put,2880,0,0,23.4491,0,1,0
28-Oct-2025,2345.7,Call,2220,0,0,23.4491,0,0,0
28-Oct-2025,2345.7,Call,2160,0,0,23.4491,0,1,0
28-Oct-2025,2345.7,Call,2260,0,0,23.4491,0,16,0
28-Oct-2025,2345.7,Put,2540,0,0,23.4491,0,114,0
28-Oct-2025,2345.7,Put,2640,0,0,23.4491,0,12,0
28-Oct-2025,2345.7,Put,2800,0,0,23.4491,0,11,0
28-Oct-2025,2345.7,Call,2840,0,0,23.4491,0,28,0
28-Oct-2025,2345.7,Call,2180,0,0,23.4491,0,0,0
28-Oct-2025,2345.7,Call,2120,0,0,23.4491,0,0,0
28-Oct-2025,2345.7,Put,2620,0,0,23.4491,0,1,0
28-Oct-2025,2345.7,Put,2740,0,0,23.4491,0,2,0
28-Oct-2025,2345.7,Call,2140,0,0,23.4491,0,1,0
28-Oct-2025,2345.7,Call,2760,0,0,23.4491,0,52,0
28-Oct-2025,2345.7,Put,2560,0,0,23.4491,0,32,0
25-Nov-2025,2345.7,Put,2560,0,0,23.4491,0,0,0
28-Oct-2025,2345.7,Call,2740,0,0,23.4491,0,17,0
28-Oct-2025,2345.7,Put,2000,0,0,23.4491,0,0,0
28-Oct-2025,2345.7,Put,2700,0,0,23.4491,0,78,0
28-Oct-2025,2345.7,Call,2040,0,0,23.4491,0,0,0
25-Nov-2025,2345.7,Put,2000,0,0,23.4491,0,0,0
25-Nov-2025,2345.7,Put,2500,0,0,23.4491,0,0,0
25-Nov-2025,2345.7,Put,2520,0,0,23.4491,0,0,0
28-Oct-2025,2345.7,Call,1960,0,0,23.4491,0,0,0
25-Nov-2025,2345.7,Call,2120,0,0,23.4491,0,0,0
25-Nov-2025,2345.7,Put,2720,0,0,23.4491,0,0,0
28-Oct-2025,2345.7,Put,2580,0,0,23.4491,0,22,0
30-Dec-2025,2345.7,Put,2400,0,0,23.4491,0,0,0
25-Nov-2025,2345.7,Call,2220,0,0,23.4491,0,0,0
30-Dec-2025,2345.7,Call,2400,0,0,23.4491,0,0,0
30-Dec-2025,2345.7,Put,2200,0,0,23.4491,0,0,0
25-Nov-2025,2345.7,Call,2560,0,0,23.4491,0,3,0
30-Dec-2025,2345.7,Put,2360,0,0,23.4491,0,0,0
25-Nov-2025,2345.7,Call,2100,0,0,23.4491,0,0,0
28-Oct-2025,2345.7,Call,2000,0,0,23.4491,0,1,0
30-Dec-2025,2345.7,Call,2480,0,0,23.4491,0,0,0
30-Dec-2025,2345.7,Call,2360,0,0,23.4491,0,0,0
25-Nov-2025,2345.7,Put,2640,0,0,23.4491,0,0,0
25-Nov-2025,2345.7,Put,2100,0,0,23.4491,0,0,0
28-Oct-2025,2345.7,Put,2680,0,0,23.4491,0,0,0
25-Nov-2025,2345.7,Put,1960,0,0,23.4491,0,0,0
25-Nov-2025,2345.7,Call,2420,0,0,23.4491,0,0,0
25-Nov-2025,2345.7,Put,2040,0,0,23.4491,0,0,0
25-Nov-2025,2345.7,Put,2440,0,0,23.4491,0,0,0
25-Nov-2025,2345.7,Put,2240,0,0,23.4491,0,13,0
25-Nov-2025,2345.7,Call,2180,0,0,23.4491,0,0,0
28-Oct-2025,2345.7,Put,2840,0,0,23.4491,0,1,0
25-Nov-2025,2345.7,Put,2600,0,0,23.4491,0,0,0
25-Nov-2025,2345.7,Call,2260,0,0,23.4491,0,0,0
25-Nov-2025,2345.7,Put,2380,0,0,23.4491,0,0,0
25-Nov-2025,2345.7,Put,2580,0,0,23.4491,0,0,0
25-Nov-2025,2345.7,Call,2280,0,0,23.4491,0,0,0
28-Oct-2025,2345.7,Call,2080,0,0,23.4491,0,1,0
25-Nov-2025,2345.7,Call,2080,0,0,23.4491,0,0,0
25-Nov-2025,2345.7,Put,2680,0,0,23.4491,0,0,0
25-Nov-2025,2345.7,Put,2160,0,0,23.4491,0,0,0
25-Nov-2025,2345.7,Put,2320,0,0,23.4491,0,0,0
25-Nov-2025,2345.7,Call,2580,0,0,23.4491,0,0,0
25-Nov-2025,2345.7,Call,2540,0,0,23.4491,0,0,0
28-Oct-2025,2345.7,Put,2720,0,0,23.4491,0,0,0
25-Nov-2025,2345.7,Call,2000,0,0,23.4491,0,0,0
28-Oct-2025,2345.7,Call,2100,0,0,23.4491,0,0,0
25-Nov-2025,2345.7,Call,2800,0,0,23.4491,0,17,0
25-Nov-2025,2345.7,Call,2320,0,0,23.4491,0,0,0
25-Nov-2025,2345.7,Call,2160,0,0,23.4491,0,0,0
25-Nov-2025,2345.7,Put,2420,0,0,23.4491,0,0,0
25-Nov-2025,2345.7,Call,2140,0,0,23.4491,0,0,0
25-Nov-2025,2345.7,Call,1960,0,0,23.4491,0,0,0
25-Nov-2025,2345.7,Call,2440,0,0,23.4491,0,3,0
30-Dec-2025,2345.7,Call,2520,0,0,23.4491,0,0,0
30-Dec-2025,2345.7,Put,2000,0,0,23.4491,0,0,0
25-Nov-2025,2345.7,Put,2140,0,0,23.4491,0,0,0
25-Nov-2025,2345.7,Put,2460,0,0,23.4491,0,0,0
28-Oct-2025,2345.7,Put,2040,0,0,23.4491,0,0,0
30-Dec-2025,2345.7,Put,2080,0,0,23.4491,0,0,0
25-Nov-2025,2345.7,Put,2540,0,0,23.4491,0,0,0
25-Nov-2025,2345.7,Put,2120,0,0,23.4491,0,0,0
30-Dec-2025,2345.7,Call,2440,0,0,23.4491,0,0,0
25-Nov-2025,2345.7,Call,2300,0,0,23.4491,0,0,0
25-Nov-2025,2345.7,Put,2260,0,0,23.4491,0,0,0
28-Oct-2025,2345.7,Put,1960,0,0,23.4491,0,0,0
30-Dec-2025,2345.7,Put,2440,0,0,23.4491,0,0,0
30-Dec-2025,2345.7,Put,2480,0,0,23.4491,0,0,0
25-Nov-2025,2345.7,Call,2480,0,0,23.4491,0,7,0
25-Nov-2025,2345.7,Call,2240,0,0,23.4491,0,0,0
25-Nov-2025,2345.7,Put,2480,0,0,23.4491,0,0,0
30-Dec-2025,2345.7,Put,1920,0,0,23.4491,0,0,0
25-Nov-2025,2345.7,Call,2040,0,0,23.4491,0,0,0
30-Dec-2025,2345.7,Call,2720,0,0,23.4491,0,0,0
30-Dec-2025,2345.7,Call,2320,0,0,23.4491,0,0,0
30-Dec-2025,2345.7,Call,2640,0,0,0,0,0,0
25-Nov-2025,2345.7,Call,2200,0,0,23.4491,0,0,0
30-Dec-2025,2345.7,Call,2600,0,0,23.4491,0,0,0
30-Dec-2025,2345.7,Put,2120,0,0,23.4491,0,0,0
