28-Oct-2025,1186.4,-,0,1188.6,0,27.0146,976,130549,8329
28-Oct-2025,1186.4,Call,1200,19.6,24.69,27.0146,-91,6044,4194
28-Oct-2025,1186.4,Call,1180,29.1,24.54,27.0146,176,1883,3423
28-Oct-2025,1186.4,Put,1170,16.75,27.49,27.0146,684,2362,2726
28-Oct-2025,1186.4,Put,1150,10.1,26.9,27.0146,260,1805,2457
28-Oct-2025,1186.4,Put,1180,20.9,27.13,27.0146,528,2667,2353
28-Oct-2025,1186.4,Call,1190,23.95,24.47,27.0146,230,1572,2270
28-Oct-2025,1186.4,Put,1160,12.95,27.13,27.0146,157,1969,1787
28-Oct-2025,1186.4,Call,1210,15.5,24.81,27.0146,354,1610,1660
28-Oct-2025,1186.4,Call,1170,34.85,24.82,27.0146,152,1176,1537
28-Oct-2025,1186.4,Call,1250,6.3,26.5,27.0146,86,7120,1528
28-Oct-2025,1186.4,Call,1220,12.2,24.99,27.0146,23,2048,1380
28-Oct-2025,1186.4,Call,1150,48.05,23.86,27.0146,2,3714,1154
28-Oct-2025,1186.4,Call,1240,7.65,25.8,27.0146,66,1034,1003
28-Oct-2025,1186.4,Call,1230,9.75,25.36,27.0146,18,4372,920
28-Oct-2025,1186.4,Put,1140,7.65,27.16,27.0146,24,1081,850
28-Oct-2025,1186.4,Put,1120,4.4,27.54,27.0146,135,1213,794
28-Oct-2025,1186.4,Call,1160,41.5,24.12,27.0146,15,6382,762
28-Oct-2025,1186.4,Put,1190,26,27.31,27.0146,87,1076,730
28-Oct-2025,1186.4,Put,1100,2.45,28.23,27.0146,-91,1533,688
28-Oct-2025,1186.4,Put,1200,31.4,27.86,27.0146,72,1880,671
28-Oct-2025,1186.4,Call,1270,3.9,27.06,27.0146,-92,558,503
28-Oct-2025,1186.4,Call,1260,5,26.64,27.0146,60,1432,485
28-Oct-2025,1186.4,Put,1130,5.8,27.21,27.0146,-27,674,367
28-Oct-2025,1186.4,Call,1300,2.05,28.59,27.0146,65,1660,334
25-Nov-2025,1186.4,-,0,1196,0,27.0146,80,2180,330
28-Oct-2025,1186.4,Put,1110,3.25,27.88,27.0146,53,331,308
28-Oct-2025,1186.4,Call,1280,3,27.11,27.0146,-14,372,248
28-Oct-2025,1186.4,Put,1080,1.35,29.11,27.0146,62,741,246
25-Nov-2025,1186.4,Put,1100,6.25,23.06,27.0146,146,297,243
28-Oct-2025,1186.4,Call,1290,2.45,27.78,27.0146,62,308,163
28-Oct-2025,1186.4,Put,1090,1.8,28.58,27.0146,-14,213,143
28-Oct-2025,1186.4,Call,1340,0.8,30.22,27.0146,-2,1390,107
28-Oct-2025,1186.4,Call,1310,1.45,28.35,27.0146,-9,56,99
28-Oct-2025,1186.4,Put,1210,37.5,28.18,27.0146,7,403,95
25-Nov-2025,1186.4,Put,1150,16.5,22.64,27.0146,48,82,73
28-Oct-2025,1186.4,Put,1060,0.75,29.85,27.0146,-2,675,66
25-Nov-2025,1186.4,Call,1200,33.05,20.31,27.0146,19,162,57
30-Dec-2025,1186.4,-,0,1201.6,0,27.0146,0,275,56
25-Nov-2025,1186.4,Call,1220,24.5,20.4,27.0146,20,64,56
28-Oct-2025,1186.4,Call,1320,1.15,28.82,27.0146,14,601,50
28-Oct-2025,1186.4,Put,1000,0.35,38.21,27.0146,-4,367,47
28-Oct-2025,1186.4,Call,1120,73,22.89,27.0146,4,342,47
28-Oct-2025,1186.4,Call,1130,64.3,23.13,27.0146,-19,407,44
28-Oct-2025,1186.4,Put,1050,0.6,31.11,27.0146,-18,472,42
28-Oct-2025,1186.4,Put,1220,43.8,27.73,27.0146,-7,569,39
28-Oct-2025,1186.4,Call,1140,55.75,23.02,27.0146,1,709,33
28-Oct-2025,1186.4,Call,1100,90.5,0,27.0146,-5,570,30
25-Nov-2025,1186.4,Call,1300,6.75,21.8,27.0146,1,119,29
25-Nov-2025,1186.4,Call,1250,14.7,20.38,27.0146,12,57,29
25-Nov-2025,1186.4,Put,1200,36.7,22.65,27.0146,13,45,27
28-Oct-2025,1186.4,Put,1250,69.55,32.48,27.0146,11,163,26
25-Nov-2025,1186.4,Put,1080,4.4,24.01,27.0146,19,32,25
28-Oct-2025,1186.4,Put,1070,1.05,29.87,27.0146,-3,206,23
25-Nov-2025,1186.4,Put,1180,27.5,22.73,27.0146,17,24,23
25-Nov-2025,1186.4,Put,1120,9.5,23.01,27.0146,17,159,19
28-Oct-2025,1186.4,Call,1360,0.6,31.86,27.0146,12,98,17
28-Oct-2025,1186.4,Call,1110,80.2,0,27.0146,2,71,16
25-Nov-2025,1186.4,Call,1280,8.5,20.58,27.0146,-1,27,16
28-Oct-2025,1186.4,Put,1230,50.75,27.69,27.0146,5,268,13
25-Nov-2025,1186.4,Call,1180,43.5,20.23,27.0146,5,23,12
28-Oct-2025,1186.4,Put,1240,61,31.26,27.0146,-6,101,11
28-Oct-2025,1186.4,Put,1020,0.45,35.61,27.0146,0,140,8
25-Nov-2025,1186.4,Put,1160,21.3,23.73,27.0146,2,52,7
25-Nov-2025,1186.4,Put,1140,14.65,23.4,27.0146,5,22,7
25-Nov-2025,1186.4,Call,1170,46.95,18.52,27.0146,3,17,6
25-Nov-2025,1186.4,Put,1250,68.5,23.55,27.0146,4,5,5
28-Oct-2025,1186.4,Put,1300,116.35,41.08,27.0146,1,109,4
28-Oct-2025,1186.4,Put,1040,0.45,31.71,27.0146,0,300,4
28-Oct-2025,1186.4,Put,860,0.1,58.01,27.0146,0,39,4
28-Oct-2025,1186.4,Put,1260,76.9,31.63,27.0146,0,60,4
25-Nov-2025,1186.4,Put,1190,33.35,23.6,27.0146,-2,25,4
28-Oct-2025,1186.4,Call,1090,95.45,0,27.0146,2,25,3
30-Dec-2025,1186.4,Call,1360,6.05,20.15,27.0146,1,5,3
28-Oct-2025,1186.4,Put,990,0.3,39.35,27.0146,0,72,2
28-Oct-2025,1186.4,Put,1030,0.45,33.66,27.0146,0,136,2
25-Nov-2025,1186.4,Call,1190,31.55,16.22,27.0146,0,24,2
25-Nov-2025,1186.4,Call,1210,28.3,20.2,27.0146,1,3,2
25-Nov-2025,1186.4,Put,1170,24,23.08,27.0146,0,26,2
25-Nov-2025,1186.4,Call,1340,3.35,22.52,27.0146,0,70,2
25-Nov-2025,1186.4,Call,1150,59,17.21,27.0146,0,23,2
25-Nov-2025,1186.4,Call,1380,2,24.15,27.0146,0,3,1
25-Nov-2025,1186.4,Call,1240,13.7,17.73,27.0146,0,21,1
25-Nov-2025,1186.4,Call,1310,6.45,22.85,27.0146,0,0,1
25-Nov-2025,1186.4,Call,1270,8.45,18.98,27.0146,0,1,1
28-Oct-2025,1186.4,Put,970,0,0,27.0146,0,4,0
28-Oct-2025,1186.4,Put,950,0,0,27.0146,0,30,0
28-Oct-2025,1186.4,Put,1270,0,0,27.0146,0,20,0
28-Oct-2025,1186.4,Put,1340,0,0,27.0146,0,0,0
28-Oct-2025,1186.4,Call,960,0,0,27.0146,0,4,0
28-Oct-2025,1186.4,Put,1290,0,0,27.0146,0,4,0
28-Oct-2025,1186.4,Call,1020,0,0,27.0146,0,4,0
28-Oct-2025,1186.4,Call,920,0,0,27.0146,0,16,0
28-Oct-2025,1186.4,Call,1000,0,0,27.0146,0,66,0
28-Oct-2025,1186.4,Call,1030,0,0,27.0146,0,3,0
28-Oct-2025,1186.4,Put,1010,0,0,27.0146,0,12,0
28-Oct-2025,1186.4,Put,960,0,0,27.0146,0,24,0
28-Oct-2025,1186.4,Call,1040,0,0,27.0146,0,7,0
28-Oct-2025,1186.4,Put,880,0,0,27.0146,0,15,0
28-Oct-2025,1186.4,Put,1380,0,0,27.0146,0,0,0
28-Oct-2025,1186.4,Call,1380,0,0,27.0146,0,0,0
28-Oct-2025,1186.4,Put,1360,0,0,27.0146,0,0,0
28-Oct-2025,1186.4,Call,1070,0,0,27.0146,0,56,0
28-Oct-2025,1186.4,Put,1310,0,0,27.0146,0,0,0
28-Oct-2025,1186.4,Call,1050,0,0,27.0146,0,79,0
28-Oct-2025,1186.4,Put,980,0,0,27.0146,0,185,0
28-Oct-2025,1186.4,Call,1060,0,0,27.0146,0,41,0
28-Oct-2025,1186.4,Put,1320,0,0,27.0146,0,30,0
28-Oct-2025,1186.4,Put,1280,0,0,27.0146,0,27,0
28-Oct-2025,1186.4,Put,900,0,0,27.0146,0,14,0
28-Oct-2025,1186.4,Call,1080,0,0,27.0146,0,93,0
25-Nov-2025,1186.4,Call,1100,0,0,27.0146,0,0,0
25-Nov-2025,1186.4,Call,1320,0,0,27.0146,0,12,0
25-Nov-2025,1186.4,Put,1000,0,0,27.0146,0,0,0
25-Nov-2025,1186.4,Call,1140,0,0,27.0146,0,2,0
25-Nov-2025,1186.4,Put,1300,0,0,27.0146,0,1,0
25-Nov-2025,1186.4,Put,1110,0,0,27.0146,0,0,0
25-Nov-2025,1186.4,Put,1020,0,0,27.0146,0,0,0
25-Nov-2025,1186.4,Put,1340,0,0,27.0146,0,0,0
25-Nov-2025,1186.4,Put,1380,0,0,27.0146,0,0,0
25-Nov-2025,1186.4,Put,1220,0,0,27.0146,0,0,0
25-Nov-2025,1186.4,Put,1280,0,0,27.0146,0,0,0
25-Nov-2025,1186.4,Put,1050,0,0,27.0146,0,0,0
25-Nov-2025,1186.4,Put,1070,0,0,27.0146,0,0,0
25-Nov-2025,1186.4,Call,1120,0,0,27.0146,0,0,0
25-Nov-2025,1186.4,Call,1230,0,0,27.0146,0,6,0
25-Nov-2025,1186.4,Call,1070,0,0,27.0146,0,0,0
25-Nov-2025,1186.4,Call,1050,0,0,27.0146,0,0,0
25-Nov-2025,1186.4,Call,1110,0,0,27.0146,0,0,0
25-Nov-2025,1186.4,Call,1130,0,0,27.0146,0,0,0
25-Nov-2025,1186.4,Put,1260,0,0,27.0146,0,0,0
25-Nov-2025,1186.4,Put,1130,0,0,27.0146,0,10,0
25-Nov-2025,1186.4,Put,1060,0,0,27.0146,0,0,0
25-Nov-2025,1186.4,Put,1090,0,0,27.0146,0,0,0
25-Nov-2025,1186.4,Put,1240,0,0,27.0146,0,0,0
25-Nov-2025,1186.4,Put,1310,0,0,27.0146,0,0,0
25-Nov-2025,1186.4,Call,1060,0,0,27.0146,0,0,0
25-Nov-2025,1186.4,Call,1260,0,0,27.0146,0,10,0
30-Dec-2025,1186.4,Put,1160,0,0,27.0146,0,0,0
25-Nov-2025,1186.4,Call,1040,0,0,27.0146,0,0,0
25-Nov-2025,1186.4,Call,1160,0,0,27.0146,0,0,0
25-Nov-2025,1186.4,Put,1320,0,0,27.0146,0,0,0
25-Nov-2025,1186.4,Put,1270,0,0,27.0146,0,0,0
25-Nov-2025,1186.4,Put,1360,0,0,27.0146,0,0,0
25-Nov-2025,1186.4,Put,1290,0,0,27.0146,0,0,0
30-Dec-2025,1186.4,Put,1200,0,0,27.0146,0,0,0
30-Dec-2025,1186.4,Put,1100,0,0,27.0146,0,8,0
25-Nov-2025,1186.4,Call,1090,0,0,27.0146,0,0,0
25-Nov-2025,1186.4,Put,1040,0,0,27.0146,0,0,0
30-Dec-2025,1186.4,Call,1220,0,0,27.0146,0,0,0
30-Dec-2025,1186.4,Call,1280,0,0,27.0146,0,0,0
30-Dec-2025,1186.4,Call,1260,0,0,27.0146,0,0,0
30-Dec-2025,1186.4,Put,1220,0,0,27.0146,0,0,0
30-Dec-2025,1186.4,Call,1240,0,0,27.0146,0,0,0
30-Dec-2025,1186.4,Put,1080,0,0,27.0146,0,0,0
30-Dec-2025,1186.4,Put,1060,0,0,27.0146,0,0,0
30-Dec-2025,1186.4,Call,1300,0,0,27.0146,0,0,0
30-Dec-2025,1186.4,Call,1200,0,0,27.0146,0,0,0
30-Dec-2025,1186.4,Put,1180,0,0,27.0146,0,0,0
30-Dec-2025,1186.4,Call,1180,0,0,27.0146,0,0,0
30-Dec-2025,1186.4,Put,1240,0,0,27.0146,0,0,0
30-Dec-2025,1186.4,Put,1140,0,0,27.0146,0,0,0
25-Nov-2025,1186.4,Call,1360,0,0,27.0146,0,1,0
30-Dec-2025,1186.4,Put,1000,0,0,27.0146,0,0,0
25-Nov-2025,1186.4,Put,1210,0,0,27.0146,0,0,0
30-Dec-2025,1186.4,Put,1120,0,0,27.0146,0,0,0
25-Nov-2025,1186.4,Call,1020,0,0,27.0146,0,0,0
30-Dec-2025,1186.4,Put,1040,0,0,27.0146,0,0,0
25-Nov-2025,1186.4,Put,1230,0,0,27.0146,0,0,0
25-Nov-2025,1186.4,Call,1000,0,0,27.0146,0,0,0
30-Dec-2025,1186.4,Call,1340,0,0,27.0146,0,0,0
30-Dec-2025,1186.4,Call,1320,0,0,27.0146,0,0,0
25-Nov-2025,1186.4,Call,1080,0,0,27.0146,0,0,0
30-Dec-2025,1186.4,Call,1160,0,0,27.0146,0,0,0
25-Nov-2025,1186.4,Call,1290,0,0,27.0146,0,0,0
