28-Oct-2025,2013.9,-,0,2023.8,0,28.111,125,35437,1168
28-Oct-2025,2013.9,Call,2000,51.2,24.32,28.111,48,636,1035
28-Oct-2025,2013.9,Call,2040,30.15,23.86,28.111,109,1078,867
28-Oct-2025,2013.9,Call,2020,39.75,24.09,28.111,69,1016,740
28-Oct-2025,2013.9,Call,2100,12.15,23.6,28.111,162,1488,684
28-Oct-2025,2013.9,Put,2000,27.9,23.34,28.111,49,579,519
28-Oct-2025,2013.9,Call,2060,22.85,23.73,28.111,-27,626,411
28-Oct-2025,2013.9,Call,2080,16.4,23.42,28.111,0,1365,341
28-Oct-2025,2013.9,Put,2020,36.75,23.13,28.111,44,371,278
28-Oct-2025,2013.9,Put,2040,48.5,23.03,28.111,-9,282,257
28-Oct-2025,2013.9,Put,1800,1.75,31.8,28.111,67,1712,253
28-Oct-2025,2013.9,Put,1980,20.85,23.59,28.111,-6,196,232
28-Oct-2025,2013.9,Call,2200,2.15,25.14,28.111,-24,740,188
28-Oct-2025,2013.9,Put,1940,11.15,24.36,28.111,7,317,186
28-Oct-2025,2013.9,Put,1900,5.6,25.72,28.111,6,353,166
28-Oct-2025,2013.9,Call,2120,8.6,23.91,28.111,45,267,162
28-Oct-2025,2013.9,Call,2140,6,24.02,28.111,17,325,128
28-Oct-2025,2013.9,Put,1960,15.85,24.01,28.111,2,225,127
28-Oct-2025,2013.9,Put,1880,4.2,26.39,28.111,34,162,124
28-Oct-2025,2013.9,Call,2160,4.25,24.34,28.111,26,248,123
25-Nov-2025,2013.9,-,0,2033.6,0,28.111,12,462,99
28-Oct-2025,2013.9,Call,1980,63.45,24.66,28.111,3,89,84
28-Oct-2025,2013.9,Put,1860,3.1,27.29,28.111,-8,289,72
28-Oct-2025,2013.9,Call,2180,2.95,24.59,28.111,-6,276,56
28-Oct-2025,2013.9,Put,1920,7.75,24.69,28.111,5,372,35
28-Oct-2025,2013.9,Call,2220,1.65,25.92,28.111,-2,394,31
28-Oct-2025,2013.9,Call,1960,77,24.36,28.111,-3,49,28
28-Oct-2025,2013.9,Put,2060,59.9,22.87,28.111,0,89,26
28-Oct-2025,2013.9,Call,1900,129.1,26.79,28.111,-10,73,26
30-Dec-2025,2013.9,-,0,2048,0,28.111,10,73,21
25-Nov-2025,2013.9,Call,2100,35.1,21.9,28.111,1,15,14
28-Oct-2025,2013.9,Call,2400,1.5,34.46,28.111,0,33,14
28-Oct-2025,2013.9,Call,2240,1.05,25.85,28.111,-1,895,13
25-Nov-2025,2013.9,Put,2000,45.65,22.78,28.111,5,27,12
25-Nov-2025,2013.9,Call,2000,78.8,21.51,28.111,1,52,11
28-Oct-2025,2013.9,Call,2280,0.7,27.77,28.111,-4,239,8
28-Oct-2025,2013.9,Put,1840,2.4,28.46,28.111,0,141,7
28-Oct-2025,2013.9,Put,2100,97.55,29.37,28.111,1,269,6
28-Oct-2025,2013.9,Call,1920,110.3,26.32,28.111,3,8,6
25-Nov-2025,2013.9,Put,1880,12.9,23.35,28.111,1,46,6
28-Oct-2025,2013.9,Put,1820,1.9,29.73,28.111,3,61,6
25-Nov-2025,2013.9,Call,2200,13.85,22.68,28.111,3,7,5
25-Nov-2025,2013.9,Call,1900,145.65,19.67,28.111,0,30,4
25-Nov-2025,2013.9,Put,1900,16,23.04,28.111,-3,70,4
25-Nov-2025,2013.9,Call,2240,8.9,22.73,28.111,1,24,4
25-Nov-2025,2013.9,Put,1840,8.8,24.46,28.111,2,15,3
28-Oct-2025,2013.9,Call,1880,146.45,28.54,28.111,1,16,2
28-Oct-2025,2013.9,Put,2200,177.25,0,28.111,0,114,2
28-Oct-2025,2013.9,Put,1740,1,36,28.111,0,102,1
28-Oct-2025,2013.9,Put,2080,77.8,25.66,28.111,0,55,1
25-Nov-2025,2013.9,Put,2100,108.95,26.32,28.111,0,8,1
25-Nov-2025,2013.9,Call,2280,8.35,25.22,28.111,0,12,1
28-Oct-2025,2013.9,Call,2260,0,0,28.111,0,211,0
28-Oct-2025,2013.9,Call,1740,0,0,28.111,0,25,0
28-Oct-2025,2013.9,Call,1780,0,0,28.111,0,4,0
28-Oct-2025,2013.9,Call,1820,0,0,28.111,0,7,0
28-Oct-2025,2013.9,Call,1860,0,0,28.111,0,2,0
28-Oct-2025,2013.9,Put,1760,0,0,28.111,0,7,0
28-Oct-2025,2013.9,Put,2140,0,0,28.111,0,11,0
28-Oct-2025,2013.9,Put,2180,0,0,28.111,0,0,0
28-Oct-2025,2013.9,Put,2320,0,0,28.111,0,12,0
28-Oct-2025,2013.9,Call,1680,0,0,28.111,0,0,0
28-Oct-2025,2013.9,Put,1680,0,0,28.111,0,3,0
28-Oct-2025,2013.9,Call,1760,0,0,28.111,0,3,0
28-Oct-2025,2013.9,Call,1840,0,0,28.111,0,0,0
28-Oct-2025,2013.9,Put,2120,0,0,28.111,0,11,0
28-Oct-2025,2013.9,Call,2320,0,0,28.111,0,92,0
28-Oct-2025,2013.9,Put,2280,0,0,28.111,0,7,0
28-Oct-2025,2013.9,Put,2220,0,0,28.111,0,0,0
28-Oct-2025,2013.9,Call,2360,0,0,28.111,0,26,0
28-Oct-2025,2013.9,Call,1940,0,0,28.111,0,25,0
25-Nov-2025,2013.9,Call,1860,0,0,28.111,0,0,0
25-Nov-2025,2013.9,Put,2120,0,0,28.111,0,0,0
25-Nov-2025,2013.9,Call,2160,0,0,28.111,0,2,0
25-Nov-2025,2013.9,Call,1820,0,0,28.111,0,0,0
28-Oct-2025,2013.9,Call,1800,0,0,28.111,0,109,0
25-Nov-2025,2013.9,Call,1980,0,0,28.111,0,0,0
25-Nov-2025,2013.9,Put,1960,0,0,28.111,0,2,0
28-Oct-2025,2013.9,Call,1720,0,0,28.111,0,38,0
25-Nov-2025,2013.9,Put,2200,0,0,28.111,0,0,0
25-Nov-2025,2013.9,Put,1940,0,0,28.111,0,0,0
25-Nov-2025,2013.9,Put,2240,0,0,28.111,0,1,0
25-Nov-2025,2013.9,Put,2040,0,0,28.111,0,0,0
25-Nov-2025,2013.9,Call,1760,0,0,28.111,0,0,0
25-Nov-2025,2013.9,Call,1960,0,0,28.111,0,7,0
25-Nov-2025,2013.9,Call,2180,0,0,28.111,0,0,0
25-Nov-2025,2013.9,Put,2220,0,0,28.111,0,0,0
25-Nov-2025,2013.9,Call,1840,0,0,28.111,0,0,0
25-Nov-2025,2013.9,Put,2320,0,0,28.111,0,0,0
25-Nov-2025,2013.9,Put,2180,0,0,28.111,0,0,0
25-Nov-2025,2013.9,Call,2080,0,0,28.111,0,2,0
25-Nov-2025,2013.9,Put,1820,0,0,28.111,0,0,0
28-Oct-2025,2013.9,Put,2160,0,0,28.111,0,17,0
28-Oct-2025,2013.9,Put,2240,0,0,28.111,0,5,0
28-Oct-2025,2013.9,Put,1720,0,0,28.111,0,455,0
25-Nov-2025,2013.9,Call,2140,0,0,28.111,0,2,0
25-Nov-2025,2013.9,Call,2360,0,0,28.111,0,0,0
25-Nov-2025,2013.9,Put,2080,0,0,28.111,0,0,0
25-Nov-2025,2013.9,Put,2060,0,0,28.111,0,0,0
30-Dec-2025,2013.9,Call,2160,0,0,28.111,0,0,0
25-Nov-2025,2013.9,Call,1920,0,0,28.111,0,1,0
30-Dec-2025,2013.9,Call,2120,0,0,28.111,0,0,0
25-Nov-2025,2013.9,Put,1680,0,0,28.111,0,0,0
30-Dec-2025,2013.9,Call,2000,0,0,28.111,0,0,0
25-Nov-2025,2013.9,Call,2060,0,0,28.111,0,0,0
28-Oct-2025,2013.9,Put,2400,0,0,28.111,0,89,0
30-Dec-2025,2013.9,Call,2080,0,0,28.111,0,0,0
25-Nov-2025,2013.9,Put,2280,0,0,28.111,0,0,0
25-Nov-2025,2013.9,Call,1880,0,0,28.111,0,12,0
25-Nov-2025,2013.9,Call,2320,0,0,28.111,0,0,0
25-Nov-2025,2013.9,Put,2160,0,0,28.111,0,0,0
25-Nov-2025,2013.9,Call,2120,0,0,28.111,0,0,0
25-Nov-2025,2013.9,Put,1760,0,0,28.111,0,0,0
25-Nov-2025,2013.9,Call,1800,0,0,28.111,0,0,0
25-Nov-2025,2013.9,Put,2400,0,0,28.111,0,1,0
25-Nov-2025,2013.9,Call,2020,0,0,28.111,0,13,0
30-Dec-2025,2013.9,Put,1920,0,0,28.111,0,0,0
30-Dec-2025,2013.9,Put,1880,0,0,28.111,0,0,0
30-Dec-2025,2013.9,Call,2040,0,0,28.111,0,0,0
25-Nov-2025,2013.9,Call,2220,0,0,28.111,0,0,0
28-Oct-2025,2013.9,Put,2360,0,0,28.111,0,14,0
25-Nov-2025,2013.9,Put,1920,0,0,28.111,0,7,0
25-Nov-2025,2013.9,Put,2140,0,0,28.111,0,0,0
30-Dec-2025,2013.9,Put,1960,0,0,28.111,0,0,0
25-Nov-2025,2013.9,Put,1980,0,0,28.111,0,0,0
25-Nov-2025,2013.9,Call,2040,0,0,28.111,0,3,0
30-Dec-2025,2013.9,Put,2000,0,0,28.111,0,0,0
25-Nov-2025,2013.9,Call,2400,0,0,28.111,0,1,0
25-Nov-2025,2013.9,Call,1680,0,0,28.111,0,0,0
30-Dec-2025,2013.9,Call,2200,0,0,28.111,0,0,0
25-Nov-2025,2013.9,Put,1800,0,0,28.111,0,0,0
25-Nov-2025,2013.9,Put,2360,0,0,28.111,0,0,0
30-Dec-2025,2013.9,Put,2120,0,0,28.111,0,0,0
25-Nov-2025,2013.9,Call,1720,0,0,28.111,0,0,0
25-Nov-2025,2013.9,Put,1860,0,0,28.111,0,0,0
25-Nov-2025,2013.9,Put,2020,0,0,28.111,0,8,0
30-Dec-2025,2013.9,Put,2080,0,0,28.111,0,0,0
25-Nov-2025,2013.9,Call,1940,0,0,28.111,0,0,0
25-Nov-2025,2013.9,Put,1720,0,0,28.111,0,0,0
30-Dec-2025,2013.9,Put,2040,0,0,28.111,0,0,0
