28-Oct-2025,1025.05,Call,1020,27.45,25.93,31.1122,-339,3268,1875
28-Oct-2025,1025.05,-,0,1028.2,0,31.1122,-13,119883,1826
28-Oct-2025,1025.05,Call,1030,22.05,26.26,31.1122,174,1978,896
28-Oct-2025,1025.05,Call,1040,17.3,25.95,31.1122,131,1366,857
28-Oct-2025,1025.05,Call,1050,13.45,25.93,31.1122,34,1492,831
28-Oct-2025,1025.05,Put,1020,19.3,29.6,31.1122,126,2135,703
28-Oct-2025,1025.05,Call,1000,39.35,24.69,31.1122,-3,1455,458
28-Oct-2025,1025.05,Put,1030,23.9,29.54,31.1122,49,1199,424
28-Oct-2025,1025.05,Put,1000,11.85,29.38,31.1122,30,1907,410
28-Oct-2025,1025.05,Call,1060,10.2,25.88,31.1122,-5,988,364
28-Oct-2025,1025.05,Call,1100,3.3,27.01,31.1122,72,3029,323
28-Oct-2025,1025.05,Put,990,9,29.42,31.1122,7,576,220
28-Oct-2025,1025.05,Put,1010,15.15,29.61,31.1122,-18,645,214
28-Oct-2025,1025.05,Call,1070,7.8,26.11,31.1122,8,536,195
28-Oct-2025,1025.05,Put,980,6.65,29.74,31.1122,-9,1053,189
28-Oct-2025,1025.05,Put,1040,29.5,29.68,31.1122,8,228,174
28-Oct-2025,1025.05,Put,970,4.9,29.89,31.1122,-26,891,170
25-Nov-2025,1025.05,-,0,1032.9,0,31.1122,38,1698,167
28-Oct-2025,1025.05,Call,1010,33.2,26.52,31.1122,-23,482,155
28-Oct-2025,1025.05,Call,1090,4.3,26.46,31.1122,22,930,147
28-Oct-2025,1025.05,Call,1080,5.75,26.61,31.1122,6,1392,140
28-Oct-2025,1025.05,Call,1120,1.75,27.79,31.1122,-45,646,132
28-Oct-2025,1025.05,Put,950,2.7,29.93,31.1122,36,1054,96
28-Oct-2025,1025.05,Put,1050,36,29.79,31.1122,5,679,68
28-Oct-2025,1025.05,Call,1140,1,28.44,31.1122,0,1026,57
28-Oct-2025,1025.05,Put,940,2,30.37,31.1122,3,662,49
28-Oct-2025,1025.05,Call,1160,0.55,29.24,31.1122,0,1420,48
28-Oct-2025,1025.05,Put,900,0.55,33.37,31.1122,-3,1036,45
28-Oct-2025,1025.05,Put,910,0.75,32.67,31.1122,6,279,35
28-Oct-2025,1025.05,Put,920,1,31.86,31.1122,-10,645,32
28-Oct-2025,1025.05,Call,1110,2.35,27.33,31.1122,-1,283,32
28-Oct-2025,1025.05,Put,930,1.4,31.38,31.1122,-2,405,27
25-Nov-2025,1025.05,Call,1120,9.05,24.45,31.1122,-4,93,23
25-Nov-2025,1025.05,Call,1100,12.6,24.51,31.1122,12,407,22
28-Oct-2025,1025.05,Put,960,3.75,30.16,31.1122,2,655,21
25-Nov-2025,1025.05,Put,1000,19.85,25.97,31.1122,1,190,20
25-Nov-2025,1025.05,Put,950,8,26.68,31.1122,4,204,18
28-Oct-2025,1025.05,Call,980,56.85,29.36,31.1122,1,306,17
25-Nov-2025,1025.05,Call,1020,42.5,23.43,31.1122,4,84,14
28-Oct-2025,1025.05,Put,1100,71.3,23.62,31.1122,1,523,12
25-Nov-2025,1025.05,Call,1050,28.6,24.1,31.1122,0,90,12
30-Dec-2025,1025.05,-,0,1044,0,31.1122,0,234,10
28-Oct-2025,1025.05,Call,970,65.1,29.63,31.1122,0,590,10
25-Nov-2025,1025.05,Call,1140,6.6,25.15,31.1122,-3,6,10
28-Oct-2025,1025.05,Call,990,48.95,28.94,31.1122,-1,230,9
25-Nov-2025,1025.05,Put,980,13.4,25.59,31.1122,0,101,9
28-Oct-2025,1025.05,Put,820,0.15,44.51,31.1122,0,90,8
25-Nov-2025,1025.05,Put,1020,26,24.64,31.1122,0,69,7
28-Oct-2025,1025.05,Call,960,74.4,31.49,31.1122,0,226,6
28-Oct-2025,1025.05,Put,1070,47.25,26.25,31.1122,1,55,6
25-Nov-2025,1025.05,Put,900,3,28.54,31.1122,3,104,6
25-Nov-2025,1025.05,Call,1040,30.5,22.26,31.1122,2,208,6
25-Nov-2025,1025.05,Call,1000,55,23.64,31.1122,2,161,5
25-Nov-2025,1025.05,Put,1050,42.5,25.81,31.1122,2,2,3
25-Nov-2025,1025.05,Call,1030,35.25,22.12,31.1122,0,28,3
28-Oct-2025,1025.05,Call,950,81,23.8,31.1122,0,482,2
28-Oct-2025,1025.05,Put,1090,62.95,25.03,31.1122,0,32,2
28-Oct-2025,1025.05,Call,940,92.95,34.08,31.1122,0,577,2
28-Oct-2025,1025.05,Put,890,0.45,34.64,31.1122,1,177,2
28-Oct-2025,1025.05,Call,930,102.35,35.15,31.1122,0,56,2
25-Nov-2025,1025.05,Call,1080,17.75,24.07,31.1122,1,64,2
25-Nov-2025,1025.05,Put,990,13.9,23.57,31.1122,1,1,2
30-Dec-2025,1025.05,Call,1120,15.9,21.46,31.1122,0,9,2
28-Oct-2025,1025.05,Put,880,0.35,0,31.1122,0,165,1
28-Oct-2025,1025.05,Put,1080,57.95,30.82,31.1122,0,38,1
25-Nov-2025,1025.05,Put,780,1,41.19,31.1122,0,13,1
28-Oct-2025,1025.05,Put,870,0,0,31.1122,0,146,0
28-Oct-2025,1025.05,Call,850,0,0,31.1122,0,6,0
28-Oct-2025,1025.05,Put,800,0,0,31.1122,0,156,0
28-Oct-2025,1025.05,Put,850,0,0,31.1122,0,608,0
28-Oct-2025,1025.05,Put,760,0,0,31.1122,0,8,0
28-Oct-2025,1025.05,Put,780,0,0,31.1122,0,11,0
28-Oct-2025,1025.05,Put,1120,0,0,31.1122,0,21,0
28-Oct-2025,1025.05,Call,870,0,0,31.1122,0,16,0
28-Oct-2025,1025.05,Call,890,0,0,31.1122,0,16,0
28-Oct-2025,1025.05,Put,1160,0,0,31.1122,0,133,0
28-Oct-2025,1025.05,Call,910,0,0,31.1122,0,62,0
28-Oct-2025,1025.05,Call,820,0,0,31.1122,0,8,0
28-Oct-2025,1025.05,Put,740,0,0,31.1122,0,8,0
28-Oct-2025,1025.05,Put,860,0,0,31.1122,0,575,0
28-Oct-2025,1025.05,Call,1180,0,0,31.1122,0,0,0
28-Oct-2025,1025.05,Call,860,0,0,31.1122,0,57,0
28-Oct-2025,1025.05,Put,1180,0,0,31.1122,0,0,0
28-Oct-2025,1025.05,Call,800,0,0,31.1122,0,106,0
28-Oct-2025,1025.05,Put,840,0,0,31.1122,0,162,0
28-Oct-2025,1025.05,Put,1060,0,0,31.1122,0,124,0
28-Oct-2025,1025.05,Put,1110,0,0,31.1122,0,12,0
28-Oct-2025,1025.05,Call,840,0,0,31.1122,0,14,0
28-Oct-2025,1025.05,Call,920,0,0,31.1122,0,168,0
28-Oct-2025,1025.05,Call,880,0,0,31.1122,0,63,0
28-Oct-2025,1025.05,Call,900,0,0,31.1122,0,342,0
25-Nov-2025,1025.05,Call,970,0,0,31.1122,0,0,0
25-Nov-2025,1025.05,Put,860,0,0,31.1122,0,0,0
25-Nov-2025,1025.05,Call,880,0,0,31.1122,0,0,0
25-Nov-2025,1025.05,Put,1110,0,0,31.1122,0,0,0
28-Oct-2025,1025.05,Call,830,0,0,31.1122,0,7,0
28-Oct-2025,1025.05,Put,790,0,0,31.1122,0,3,0
25-Nov-2025,1025.05,Put,920,0,0,31.1122,0,38,0
28-Oct-2025,1025.05,Put,1140,0,0,31.1122,0,11,0
25-Nov-2025,1025.05,Call,840,0,0,31.1122,0,1,0
25-Nov-2025,1025.05,Call,820,0,0,31.1122,0,0,0
25-Nov-2025,1025.05,Put,820,0,0,31.1122,0,0,0
25-Nov-2025,1025.05,Call,940,0,0,31.1122,0,0,0
25-Nov-2025,1025.05,Put,1160,0,0,31.1122,0,0,0
25-Nov-2025,1025.05,Put,1120,0,0,31.1122,0,0,0
25-Nov-2025,1025.05,Put,1140,0,0,31.1122,0,0,0
25-Nov-2025,1025.05,Call,920,0,0,31.1122,0,0,0
25-Nov-2025,1025.05,Call,860,0,0,31.1122,0,0,0
25-Nov-2025,1025.05,Put,1080,0,0,31.1122,0,0,0
25-Nov-2025,1025.05,Put,1070,0,0,31.1122,0,0,0
25-Nov-2025,1025.05,Put,1060,0,0,31.1122,0,0,0
25-Nov-2025,1025.05,Put,1090,0,0,31.1122,0,0,0
25-Nov-2025,1025.05,Call,1090,0,0,31.1122,0,1,0
25-Nov-2025,1025.05,Put,960,0,0,31.1122,0,0,0
25-Nov-2025,1025.05,Call,900,0,0,31.1122,0,1,0
25-Nov-2025,1025.05,Call,930,0,0,31.1122,0,0,0
25-Nov-2025,1025.05,Call,910,0,0,31.1122,0,0,0
25-Nov-2025,1025.05,Call,950,0,0,31.1122,0,0,0
25-Nov-2025,1025.05,Put,970,0,0,31.1122,0,0,0
25-Nov-2025,1025.05,Put,1010,0,0,31.1122,0,0,0
25-Nov-2025,1025.05,Put,1030,0,0,31.1122,0,0,0
25-Nov-2025,1025.05,Call,890,0,0,31.1122,0,0,0
25-Nov-2025,1025.05,Put,880,0,0,31.1122,0,0,0
25-Nov-2025,1025.05,Put,1100,0,0,31.1122,0,0,0
25-Nov-2025,1025.05,Call,1180,0,0,31.1122,0,0,0
25-Nov-2025,1025.05,Put,940,0,0,31.1122,0,0,0
25-Nov-2025,1025.05,Call,1060,0,0,31.1122,0,18,0
25-Nov-2025,1025.05,Put,840,0,0,31.1122,0,0,0
25-Nov-2025,1025.05,Put,1040,0,0,31.1122,0,12,0
25-Nov-2025,1025.05,Call,1160,0,0,31.1122,0,0,0
25-Nov-2025,1025.05,Call,990,0,0,31.1122,0,15,0
25-Nov-2025,1025.05,Call,980,0,0,31.1122,0,0,0
25-Nov-2025,1025.05,Call,1070,0,0,31.1122,0,0,0
25-Nov-2025,1025.05,Call,1010,0,0,31.1122,0,4,0
25-Nov-2025,1025.05,Put,800,0,0,31.1122,0,15,0
25-Nov-2025,1025.05,Call,1110,0,0,31.1122,0,6,0
25-Nov-2025,1025.05,Put,930,0,0,31.1122,0,0,0
25-Nov-2025,1025.05,Put,910,0,0,31.1122,0,92,0
25-Nov-2025,1025.05,Call,960,0,0,31.1122,0,0,0
25-Nov-2025,1025.05,Put,1180,0,0,31.1122,0,0,0
25-Nov-2025,1025.05,Put,890,0,0,31.1122,0,0,0
30-Dec-2025,1025.05,Put,900,0,0,31.1122,0,15,0
30-Dec-2025,1025.05,Put,1040,0,0,31.1122,0,0,0
30-Dec-2025,1025.05,Put,1060,0,0,31.1122,0,0,0
30-Dec-2025,1025.05,Call,1100,0,0,31.1122,0,0,0
30-Dec-2025,1025.05,Put,1000,0,0,31.1122,0,0,0
30-Dec-2025,1025.05,Call,1160,0,0,31.1122,0,0,0
30-Dec-2025,1025.05,Call,1060,0,0,31.1122,0,0,0
30-Dec-2025,1025.05,Call,1040,0,0,31.1122,0,0,0
30-Dec-2025,1025.05,Put,960,0,0,31.1122,0,0,0
30-Dec-2025,1025.05,Put,1080,0,0,31.1122,0,0,0
30-Dec-2025,1025.05,Put,980,0,0,31.1122,0,0,0
30-Dec-2025,1025.05,Call,1080,0,0,31.1122,0,0,0
30-Dec-2025,1025.05,Put,1020,0,0,31.1122,0,0,0
30-Dec-2025,1025.05,Call,1020,0,0,31.1122,0,0,0
