28-Oct-2025,56598.05,Put,56500,387.95,11.74,17.3185,5683,25017,140984
28-Oct-2025,56598.05,Call,57000,418.85,10.82,17.3185,4368,66502,128305
28-Oct-2025,56598.05,Call,56500,703.1,11.35,17.3185,4057,26290,117614
28-Oct-2025,56598.05,Call,56600,638.3,11.2,17.3185,4768,11353,84411
28-Oct-2025,56598.05,Put,56600,424.4,11.64,17.3185,3759,10061,82101
28-Oct-2025,56598.05,Call,58000,111.8,10.53,17.3185,1755,35706,76886
28-Oct-2025,56598.05,Call,56700,578,11.08,17.3185,4691,12939,71158
28-Oct-2025,56598.05,Put,56000,244,12.43,17.3185,2838,38468,70813
28-Oct-2025,56598.05,Put,56400,353.2,11.89,17.3185,3299,9681,64172
28-Oct-2025,56598.05,Call,56800,521.75,10.98,17.3185,3883,10688,62009
28-Oct-2025,56598.05,Call,57500,225.5,10.54,17.3185,1624,24253,60792
28-Oct-2025,56598.05,Put,56700,462.7,11.49,17.3185,2906,7160,55431
28-Oct-2025,56598.05,Put,57000,600.4,11.19,17.3185,593,43427,45478
28-Oct-2025,56598.05,Put,55000,102.6,14.18,17.3185,261,46723,43643
28-Oct-2025,56598.05,Put,56300,321.45,12,17.3185,884,7102,42800
28-Oct-2025,56598.05,Call,58500,55.1,10.76,17.3185,2579,22771,38886
28-Oct-2025,56598.05,Put,56200,293,12.15,17.3185,-1262,8315,38436
28-Oct-2025,56598.05,Call,56400,766.25,11.41,17.3185,1226,6789,38123
28-Oct-2025,56598.05,Put,55500,155.85,13.25,17.3185,935,27857,35154
28-Oct-2025,56598.05,Put,56800,505.6,11.42,17.3185,1741,6835,33231
28-Oct-2025,56598.05,Call,56900,470,10.89,17.3185,742,5093,29727
28-Oct-2025,56598.05,Call,59000,29.95,11.46,17.3185,938,22403,28897
28-Oct-2025,56598.05,Put,54000,52.7,16.6,17.3185,1313,36659,27751
28-Oct-2025,56598.05,Call,57200,332.6,10.66,17.3185,554,4605,26971
28-Oct-2025,56598.05,Put,54500,71.5,15.33,17.3185,1194,33333,24513
28-Oct-2025,56598.05,Call,60000,13.75,13.48,17.3185,2648,25275,22852
28-Oct-2025,56598.05,Put,53000,33.8,19.48,17.3185,873,23892,22146
28-Oct-2025,56598.05,Call,57700,174,10.51,17.3185,852,5580,20046
28-Oct-2025,56598.05,Put,52500,28.3,20.97,17.3185,-1410,11692,19905
28-Oct-2025,56598.05,Call,57100,374.35,10.69,17.3185,372,4167,19611
28-Oct-2025,56598.05,Call,57300,294,10.63,17.3185,309,4614,19150
28-Oct-2025,56598.05,Call,56300,833.7,11.5,17.3185,-110,4605,18883
28-Oct-2025,56598.05,Call,57600,198.8,10.53,17.3185,2219,6693,18751
28-Oct-2025,56598.05,Put,56100,267.05,12.28,17.3185,709,6132,17776
28-Oct-2025,56598.05,Put,53500,41.7,18.04,17.3185,1826,20988,17497
28-Oct-2025,56598.05,Put,52000,24.35,22.51,17.3185,1166,17147,16880
28-Oct-2025,56598.05,Call,56000,1060,11.82,17.3185,-392,25044,16847
28-Oct-2025,56598.05,Call,57400,258.7,10.59,17.3185,-71,3785,16808
28-Oct-2025,56598.05,Call,59500,19.3,12.41,17.3185,254,10307,16553
28-Oct-2025,56598.05,Put,55800,203.8,12.74,17.3185,442,5994,16159
28-Oct-2025,56598.05,Call,57800,150,10.49,17.3185,-502,3793,16099
28-Oct-2025,56598.05,Call,57900,129.85,10.52,17.3185,86,3350,15767
28-Oct-2025,56598.05,Put,56900,552.45,11.37,17.3185,625,3786,13691
28-Oct-2025,56598.05,-,0,56826,0,17.3185,1702,51406,13143
28-Oct-2025,56598.05,Put,55900,222.8,12.62,17.3185,215,5322,13053
28-Oct-2025,56598.05,Call,58200,84,10.6,17.3185,677,3528,12927
28-Oct-2025,56598.05,Put,51000,19,25.64,17.3185,-527,9486,12592
28-Oct-2025,56598.05,Call,58100,97.45,10.55,17.3185,421,2305,11545
28-Oct-2025,56598.05,Call,58300,73.25,10.65,17.3185,32,2794,11025
28-Oct-2025,56598.05,Call,56200,910,11.56,17.3185,-619,3589,10711
28-Oct-2025,56598.05,Put,55300,130.9,13.63,17.3185,316,6594,10351
28-Oct-2025,56598.05,Put,55700,186.4,12.91,17.3185,160,5214,10256
28-Oct-2025,56598.05,Put,55600,170.5,13.06,17.3185,476,6250,9786
28-Oct-2025,56598.05,Put,50000,16.15,28.97,17.3185,1644,8481,8775
28-Oct-2025,56598.05,Put,55400,142.75,13.44,17.3185,320,6608,8562
28-Oct-2025,56598.05,Call,58700,42.8,11.01,17.3185,405,3952,8410
28-Oct-2025,56598.05,Call,58400,63.5,10.75,17.3185,-137,2798,8221
28-Oct-2025,56598.05,Put,55100,111.3,14,17.3185,601,5764,8067
28-Oct-2025,56598.05,Call,61000,7.9,15.58,17.3185,90,10019,7653
28-Oct-2025,56598.05,Put,54900,95.2,14.44,17.3185,-2052,4689,7618
28-Oct-2025,56598.05,Call,60500,9.85,14.44,17.3185,101,6694,7429
28-Oct-2025,56598.05,Put,51500,21.35,24.06,17.3185,1350,5846,7124
28-Oct-2025,56598.05,Put,54800,88,14.66,17.3185,112,6399,6529
28-Oct-2025,56598.05,Call,58600,48.8,10.93,17.3185,161,3370,6382
28-Oct-2025,56598.05,Put,54700,82.15,14.89,17.3185,-218,6916,6145
28-Oct-2025,56598.05,Put,55200,120.35,13.83,17.3185,91,5860,5581
28-Oct-2025,56598.05,Put,54100,55.3,16.25,17.3185,1370,4289,5473
28-Oct-2025,56598.05,Put,53900,50.05,16.9,17.3185,705,3371,5090
28-Oct-2025,56598.05,Call,58800,38.8,11.16,17.3185,550,2721,4953
28-Oct-2025,56598.05,Put,54600,76.7,15.11,17.3185,249,6072,4873
28-Oct-2025,56598.05,Call,59100,28,11.64,17.3185,600,1319,4853
28-Oct-2025,56598.05,Call,58900,33.35,11.3,17.3185,-91,3568,4556
28-Oct-2025,56598.05,Call,63500,3.9,21.21,17.3185,-156,10537,4472
28-Oct-2025,56598.05,Put,57100,652.45,11.15,17.3185,87,1252,4468
28-Oct-2025,56598.05,Put,54300,61.4,15.76,17.3185,144,3147,4407
28-Oct-2025,56598.05,Put,54400,66.6,15.57,17.3185,7,2837,4388
28-Oct-2025,56598.05,Put,57500,904.65,11.06,17.3185,198,2689,4121
28-Oct-2025,56598.05,Call,59300,23.15,12.03,17.3185,212,541,3970
28-Oct-2025,56598.05,Call,56100,980,11.58,17.3185,-49,2777,3859
28-Oct-2025,56598.05,Call,59200,25.15,11.82,17.3185,120,1244,3549
28-Oct-2025,56598.05,Call,62000,5.3,17.77,17.3185,649,3607,3488
28-Oct-2025,56598.05,Put,57200,712.9,11.19,17.3185,-124,812,3412
28-Oct-2025,56598.05,Put,46000,9.4,42.02,17.3185,654,11677,3251
25-Nov-2025,56598.05,Put,56000,451.45,12.44,17.3185,340,5523,3081
28-Oct-2025,56598.05,Call,55500,1474.85,12.64,17.3185,284,12380,3034
28-Oct-2025,56598.05,Put,53600,43.45,17.73,17.3185,976,2650,3004
28-Oct-2025,56598.05,Put,53700,45.1,17.43,17.3185,-327,2270,2945
28-Oct-2025,56598.05,Put,54200,57.85,16.06,17.3185,-55,2583,2796
28-Oct-2025,56598.05,Put,48000,12.2,35.55,17.3185,-40,4387,2770
28-Oct-2025,56598.05,Call,55000,1914,12.89,17.3185,118,20954,2601
28-Oct-2025,56598.05,Put,53800,47.25,17.14,17.3185,-26,3303,2594
30-Dec-2025,56598.05,Put,57000,951.75,12.67,17.3185,-1472,3753,2591
28-Oct-2025,56598.05,Call,55800,1224,12.14,17.3185,1365,4026,2574
28-Oct-2025,56598.05,Put,53400,39,18.28,17.3185,112,1823,2412
25-Nov-2025,56598.05,Call,60000,89.95,10.29,17.3185,-4,3269,2382
25-Nov-2025,56598.05,Put,56500,599.25,12.16,17.3185,48,1527,2370
28-Oct-2025,56598.05,Put,49000,13.85,32.29,17.3185,305,2309,2279
28-Oct-2025,56598.05,Put,58000,1287.65,10.71,17.3185,284,4314,2109
28-Oct-2025,56598.05,Call,63000,4.15,20.03,17.3185,141,5282,2065
31-Mar-2026,56598.05,Put,57000,1064.2,13.15,17.3185,1701,1961,1975
25-Nov-2025,56598.05,Call,57000,921.5,9.93,17.3185,-9,3416,1955
28-Oct-2025,56598.05,Call,61500,6.5,16.72,17.3185,69,2452,1927
25-Nov-2025,56598.05,Call,58000,458.75,9.82,17.3185,266,5269,1916
28-Oct-2025,56598.05,Put,53300,37.95,18.58,17.3185,-61,1092,1912
28-Oct-2025,56598.05,Call,59800,15.05,13.01,17.3185,11,715,1912
28-Oct-2025,56598.05,Call,62500,4.35,18.66,17.3185,57,3079,1785
28-Oct-2025,56598.05,Call,60100,12.1,13.58,17.3185,93,530,1773
25-Nov-2025,56598.05,Put,54000,143,14.01,17.3185,383,5161,1728
25-Nov-2025,56598.05,Put,55000,242,12.95,17.3185,33,5077,1705
25-Nov-2025,56598.05,Put,57000,787.45,12,17.3185,-58,1703,1618
28-Oct-2025,56598.05,Call,59400,21.4,12.2,17.3185,305,898,1617
28-Oct-2025,56598.05,Call,59900,13.75,13.26,17.3185,76,466,1529
25-Nov-2025,56598.05,Put,54500,179.5,13.38,17.3185,331,2265,1527
28-Oct-2025,56598.05,Put,48500,13.65,34.04,17.3185,230,1127,1503
28-Oct-2025,56598.05,Put,53200,36.35,18.87,17.3185,153,1756,1367
28-Oct-2025,56598.05,Call,59600,18,12.61,17.3185,81,1113,1337
28-Oct-2025,56598.05,Put,57300,771.55,11.14,17.3185,-23,506,1311
25-Nov-2025,56598.05,Call,59000,204,9.83,17.3185,125,2732,1308
25-Nov-2025,56598.05,Call,56500,1220.3,10.17,17.3185,-25,1240,1299
25-Nov-2025,56598.05,-,0,57108.4,0,17.3185,9,5328,1221
28-Oct-2025,56598.05,Put,52600,29.15,20.59,17.3185,-28,378,1182
25-Nov-2025,56598.05,Call,57500,668,9.73,17.3185,129,1194,1147
28-Oct-2025,56598.05,Put,53100,34.9,19.18,17.3185,5,1786,1130
28-Oct-2025,56598.05,Put,46500,9.95,40.43,17.3185,382,3392,1119
28-Oct-2025,56598.05,Put,52800,31.7,20.02,17.3185,56,862,1115
28-Oct-2025,56598.05,Call,59700,16.2,12.78,17.3185,-40,579,1112
25-Nov-2025,56598.05,Call,56000,1560.85,10.03,17.3185,55,3642,1104
28-Oct-2025,56598.05,Put,50500,17.35,27.26,17.3185,9,2260,981
25-Nov-2025,56598.05,Put,55500,328.15,12.65,17.3185,98,1403,980
25-Nov-2025,56598.05,Put,57500,1044,12.06,17.3185,-117,401,910
28-Oct-2025,56598.05,Put,49500,14.95,30.56,17.3185,23,854,883
28-Oct-2025,56598.05,Put,52700,30,20.36,17.3185,-14,746,877
28-Oct-2025,56598.05,Call,55900,1145.3,12.01,17.3185,31,1575,812
28-Oct-2025,56598.05,Put,52400,27.75,21.18,17.3185,204,539,764
28-Oct-2025,56598.05,Put,57400,826,10.75,17.3185,34,458,738
28-Oct-2025,56598.05,Put,47000,10.8,38.84,17.3185,60,2808,710
30-Dec-2025,56598.05,Call,60000,275,9.36,17.3185,162,3097,698
28-Oct-2025,56598.05,Put,52100,25.65,22.24,17.3185,149,350,686
28-Oct-2025,56598.05,Put,50300,17,28.29,17.3185,197,324,662
28-Oct-2025,56598.05,Call,55200,1749,13.21,17.3185,-232,1810,638
28-Oct-2025,56598.05,Put,52200,26,21.88,17.3185,110,454,626
28-Oct-2025,56598.05,Put,52900,32.1,19.69,17.3185,-16,631,611
25-Nov-2025,56598.05,Put,50000,34.65,20.25,17.3185,129,972,599
28-Oct-2025,56598.05,Put,51900,23.9,22.81,17.3185,77,511,556
28-Oct-2025,56598.05,Call,61100,7.7,15.89,17.3185,137,165,551
28-Oct-2025,56598.05,Put,52300,27.5,21.67,17.3185,168,457,548
28-Oct-2025,56598.05,Put,47500,11.15,37.07,17.3185,-151,1554,545
25-Nov-2025,56598.05,Put,58000,1320.95,11.95,17.3185,51,535,545
28-Oct-2025,56598.05,Call,60600,9.7,14.81,17.3185,207,382,538
28-Oct-2025,56598.05,Call,54500,2377.5,15.96,17.3185,-18,6500,515
30-Dec-2025,56598.05,-,0,57469.4,0,17.3185,126,1393,488
28-Oct-2025,56598.05,Call,60300,11.6,14.08,17.3185,190,391,486
25-Nov-2025,56598.05,Put,55200,275.85,12.75,17.3185,351,632,481
28-Oct-2025,56598.05,Put,51200,20.45,25.07,17.3185,249,361,472
28-Oct-2025,56598.05,Call,60200,11.75,13.86,17.3185,37,296,468
30-Dec-2025,56598.05,Put,55500,480,12.92,17.3185,-10,1813.71428571,468
28-Oct-2025,56598.05,Call,55600,1400,12.83,17.3185,-68,2731,459
25-Nov-2025,56598.05,Put,56700,691.05,12.16,17.3185,51,276,455
28-Oct-2025,56598.05,Call,55700,1303.7,12.84,17.3185,-90,3423,444
25-Nov-2025,56598.05,Call,56700,1090,9.72,17.3185,28,483,437
25-Nov-2025,56598.05,Put,53000,85.4,15.15,17.3185,99,2556,421
28-Oct-2025,56598.05,Put,51400,21.45,24.36,17.3185,70,399,412
25-Nov-2025,56598.05,Put,52000,60,16.72,17.3185,-92,1164,412
28-Oct-2025,56598.05,Put,51700,22.5,23.4,17.3185,23,160,411
25-Nov-2025,56598.05,Call,59500,134.85,9.98,17.3185,131,670,401
28-Oct-2025,56598.05,Put,51800,23.1,23.09,17.3185,23,313,395
30-Dec-2025,56598.05,Call,57000,1398.95,8.79,17.3185,-112,3469,394
25-Nov-2025,56598.05,Put,56600,640.35,12.12,17.3185,-11,309,393
28-Oct-2025,56598.05,Put,51600,20.35,23.62,17.3185,19,126,384
28-Oct-2025,56598.05,Call,54000,2859.6,14.55,17.3185,-164,7071,381
25-Nov-2025,56598.05,Call,56600,1150,10,17.3185,36,140,379
25-Nov-2025,56598.05,Put,56800,712,12.3,17.3185,34,121,347
30-Dec-2025,56598.05,Call,56000,2012,8.34,17.3185,169,444,337
28-Oct-2025,56598.05,Put,59000,2180,12.34,17.3185,-168,1928,335
28-Oct-2025,56598.05,Call,53000,3781,0,17.3185,162,1859,329
25-Nov-2025,56598.05,Call,61500,34.45,11.64,17.3185,92,97,325
25-Nov-2025,56598.05,Put,51000,43,18.28,17.3185,197,230,316
30-Dec-2025,56598.05,Put,56000,610.25,12.82,17.3185,132,702,311
25-Nov-2025,56598.05,Put,53500,108.05,14.61,17.3185,38,1976,290
28-Oct-2025,56598.05,Call,61200,7.7,16.35,17.3185,87,164,283
28-Oct-2025,56598.05,Call,60400,11.35,14.28,17.3185,50,222,271
28-Oct-2025,56598.05,Call,60800,9.2,15.3,17.3185,92,287,262
25-Nov-2025,56598.05,Call,56300,1350,10.34,17.3185,78,123,261
28-Oct-2025,56598.05,Put,60000,3152,14.88,17.3185,154,3287,254
28-Oct-2025,56598.05,Put,48800,13.6,32.9,17.3185,14,79,251
25-Nov-2025,56598.05,Put,56200,501,12.37,17.3185,20,206,241
25-Nov-2025,56598.05,Put,56300,543,12.14,17.3185,-2,171,240
25-Nov-2025,56598.05,Put,56400,585,12.3,17.3185,14,169,237
28-Oct-2025,56598.05,Put,57600,966.85,10.91,17.3185,34,234,234
25-Nov-2025,56598.05,Call,57200,799.2,10.01,17.3185,24,151,225
28-Oct-2025,56598.05,Put,57700,1057.95,10.85,17.3185,13,227,222
28-Oct-2025,56598.05,Put,50900,19.3,26.05,17.3185,71,291,214
28-Oct-2025,56598.05,Call,60900,8.7,15.5,17.3185,1,227,213
28-Oct-2025,56598.05,Call,55400,1550.1,12.07,17.3185,1,1863,208
28-Oct-2025,56598.05,Put,57800,1116.6,11.47,17.3185,-5,193,206
28-Oct-2025,56598.05,Put,51300,19.3,24.45,17.3185,3,344,206
30-Dec-2025,56598.05,Put,55000,393.9,13.19,17.3185,109,856,201
25-Nov-2025,56598.05,Put,58500,1707.5,12.33,17.3185,11,49,196
25-Nov-2025,56598.05,Call,57900,475.3,9.68,17.3185,84,84,190
28-Oct-2025,56598.05,Call,55300,1600,12.13,17.3185,2,3005,186
25-Nov-2025,56598.05,Call,57600,613.1,9.92,17.3185,-2,145,182
25-Nov-2025,56598.05,Call,58100,425,9.63,17.3185,-16,70,180
25-Nov-2025,56598.05,Call,56800,1010.05,9.95,17.3185,6,177,179
25-Nov-2025,56598.05,Call,56900,952.55,9.94,17.3185,12,67,175
28-Oct-2025,56598.05,Put,51100,19.1,25.22,17.3185,40,82,172
25-Nov-2025,56598.05,Put,56900,773,12.11,17.3185,1,55,169
28-Oct-2025,56598.05,Call,52000,4795.35,17.44,17.3185,-65,1891,167
25-Nov-2025,56598.05,Put,55900,434,12.49,17.3185,11,153,167
25-Nov-2025,56598.05,Put,52500,66.8,15.71,17.3185,25,748,165
30-Dec-2025,56598.05,Call,58500,677,9.07,17.3185,-15,1301,165
28-Oct-2025,56598.05,Call,60700,9.05,14.98,17.3185,20,126,163
25-Nov-2025,56598.05,Call,57400,694,9.88,17.3185,33,94,155
30-Dec-2025,56598.05,Put,54000,248.95,13.68,17.3185,-13,4598,154
28-Oct-2025,56598.05,Put,50100,19.1,29.21,17.3185,38,156,151
25-Nov-2025,56598.05,Call,57300,728.8,9.73,17.3185,28,101,151
25-Nov-2025,56598.05,Put,57100,867.3,12.14,17.3185,25,94,149
25-Nov-2025,56598.05,Call,57100,860,9.78,17.3185,21,213,146
28-Oct-2025,56598.05,Put,48700,13.55,33.27,17.3185,5,53,145
25-Nov-2025,56598.05,Put,57200,900,11.93,17.3185,-25,52,145
25-Nov-2025,56598.05,Put,56100,492.05,12.44,17.3185,36,194,144
25-Nov-2025,56598.05,Put,57400,995,11.84,17.3185,31,56,143
25-Nov-2025,56598.05,Call,56200,1401.15,10.1,17.3185,2,141,135
25-Nov-2025,56598.05,Put,55600,365.5,12.71,17.3185,7,125,132
25-Nov-2025,56598.05,Call,55000,2355,9.64,17.3185,10,1105,131
25-Nov-2025,56598.05,Call,62000,31.85,12.55,17.3185,4,374,126
30-Dec-2025,56598.05,Put,53500,194.5,13.9,17.3185,115,617,123
30-Dec-2025,56598.05,Put,54500,313.9,13.43,17.3185,104,698,120
28-Oct-2025,56598.05,Put,58500,1766.4,12.3,17.3185,20,278,118
25-Nov-2025,56598.05,Call,56400,1285,9.97,17.3185,23,116,113
25-Nov-2025,56598.05,Call,55500,1949.9,10.1,17.3185,5,758,109
25-Nov-2025,56598.05,Put,57600,1115.6,11.99,17.3185,19,60,109
31-Mar-2026,56598.05,Call,60000,939.9,8.14,17.3185,21,768,109
25-Nov-2025,56598.05,Put,55800,393.6,12.46,17.3185,13,172,106
28-Oct-2025,56598.05,Put,59500,2680,14.51,17.3185,-5,105,103
25-Nov-2025,56598.05,Put,57300,960,12.06,17.3185,-7,46,98
30-Dec-2025,56598.05,Put,56600,820.8,12.85,17.3185,85,135,97
25-Nov-2025,56598.05,Put,60000,2965,14.08,17.3185,9,165,93
30-Dec-2025,56598.05,Put,53000,158.75,14.29,17.3185,9,273,89
28-Oct-2025,56598.05,Put,58100,1363,11.02,17.3185,-1,21,86
30-Dec-2025,56598.05,Put,51000,82.95,16.4,17.3185,-34,1249.85714286,86
28-Oct-2025,56598.05,Put,50700,19,26.79,17.3185,15,171,85
25-Nov-2025,56598.05,Put,55700,390,12.68,17.3185,-11,101,84
25-Nov-2025,56598.05,Put,54900,228.8,12.95,17.3185,10,115,84
28-Oct-2025,56598.05,Put,50400,17.75,27.71,17.3185,7,93,82
25-Nov-2025,56598.05,Put,54100,151.7,13.9,17.3185,56,121,82
25-Nov-2025,56598.05,Call,58700,263.05,9.8,17.3185,11,405,79
30-Dec-2025,56598.05,Put,58000,1414.8,12.75,17.3185,14,138,79
30-Dec-2025,56598.05,Call,55500,2380.5,7.77,17.3185,-21,896,79
28-Oct-2025,56598.05,Call,55100,1840,13.2,17.3185,-5,1243,75
28-Oct-2025,56598.05,Put,49900,15.9,29.27,17.3185,28,118,75
28-Oct-2025,56598.05,Put,50600,21.5,27.69,17.3185,8,166,71
28-Oct-2025,56598.05,Call,64000,2.7,21.68,0,0,35,63
25-Nov-2025,56598.05,Put,54600,198,13.36,17.3185,3,98,62
28-Oct-2025,56598.05,Call,54800,2075.45,13.79,17.3185,-2,1523,60
28-Oct-2025,56598.05,Call,54600,2297,13.64,17.3185,-17,1003,56
30-Dec-2025,56598.05,Put,57400,1126.75,12.63,17.3185,30,30,55
28-Oct-2025,56598.05,Call,54900,1962,12.55,17.3185,1,1465,54
28-Oct-2025,56598.05,Put,62000,5109.25,0,17.3185,-28,531,53
28-Oct-2025,56598.05,Call,54700,2163.05,13.65,17.3185,-20,919,52
28-Oct-2025,56598.05,Call,50000,6817.05,0,17.3185,-42,3519,51
25-Nov-2025,56598.05,Call,63000,19.95,13.54,17.3185,15,257,51
28-Oct-2025,56598.05,Put,57900,1205.1,10.4,17.3185,14,53,50
25-Nov-2025,56598.05,Call,54000,3160.65,0,17.3185,-2,496,50
25-Nov-2025,56598.05,Put,55400,315,12.67,17.3185,7,123,46
30-Dec-2025,56598.05,Call,64500,32.3,12.15,17.3185,-9,65,46
31-Mar-2026,56598.05,Call,57000,2399.95,6.3,17.3185,-12,534,46
28-Oct-2025,56598.05,Put,49100,14.8,32.09,17.3185,0,77,45
30-Dec-2025,56598.05,Put,50000,56.2,17.13,17.3185,10,21,45
28-Oct-2025,56598.05,Put,49300,14.1,31.1,17.3185,11,79,44
30-Dec-2025,56598.05,Call,56500,1683.45,8.81,17.3185,5,80,44
28-Oct-2025,56598.05,Put,48900,13.9,32.6,17.3185,5,43,41
25-Nov-2025,56598.05,Call,51000,5920.8,0,17.3185,38,61,41
30-Dec-2025,56598.05,Call,54000,3600,0,17.3185,16,517,41
30-Dec-2025,56598.05,Put,52500,129,14.65,17.3185,6,2540.28571429,40
25-Nov-2025,56598.05,Put,47000,22.45,26.12,17.3185,5,75,39
25-Nov-2025,56598.05,Put,54700,209.25,13.26,17.3185,13,157,39
25-Nov-2025,56598.05,Put,46000,17.5,27.68,17.3185,14,137,34
25-Nov-2025,56598.05,Put,59000,2058,12.12,17.3185,7,36,34
30-Dec-2025,56598.05,Put,60000,2778.5,13.69,17.3185,-1,42,34
25-Nov-2025,56598.05,Call,55600,1857.4,10.34,17.3185,17,69,33
28-Oct-2025,56598.05,Put,50800,18.8,26.35,17.3185,-2,145,33
25-Nov-2025,56598.05,Call,56100,1464.8,10,17.3185,-8,100,33
25-Nov-2025,56598.05,Call,50000,7040,0,17.3185,26,225,30
28-Oct-2025,56598.05,Call,53500,3258.2,0,17.3185,-3,822,28
25-Nov-2025,56598.05,Call,54500,2740,8.09,17.3185,-8,181,28
25-Nov-2025,56598.05,Call,55900,1610,10.01,17.3185,-2,56,25
30-Dec-2025,56598.05,Call,59500,361,9.21,17.3185,20,21,25
30-Dec-2025,56598.05,Put,48000,39.8,20.03,17.3185,21,174,23
28-Oct-2025,56598.05,Call,54400,2487.1,16.54,17.3185,1,481,19
28-Oct-2025,56598.05,Put,58600,1974.6,16.81,17.3185,-5,10,17
25-Nov-2025,56598.05,Call,55300,2056.15,9.41,17.3185,-11,38,16
28-Oct-2025,56598.05,Put,63000,6200,26.95,17.3185,-5,1033,15
25-Nov-2025,56598.05,Put,58100,1409.6,11.9,17.3185,6,21,15
28-Oct-2025,56598.05,Put,49600,14.4,30.02,17.3185,-3,82,12
30-Dec-2025,56598.05,Call,58000,869.4,9.13,17.3185,10,10,12
31-Mar-2026,56598.05,Call,58500,1560,7.61,17.3185,5,133,12
28-Oct-2025,56598.05,Call,52500,4320,20.68,17.3185,-4,203,11
30-Dec-2025,56598.05,Call,55000,2772,0,17.3185,6,108,11
28-Oct-2025,56598.05,Put,49400,15.9,31.22,17.3185,-6,53,10
25-Nov-2025,56598.05,Call,53000,4146.5,0,17.3185,0,60,10
28-Oct-2025,56598.05,Put,49200,14,32.27,17.3185,0,76,9
31-Mar-2026,56598.05,Put,60000,2500,13.77,17.3185,6,19,9
28-Oct-2025,56598.05,Call,53800,2820,0,17.3185,0,97,8
28-Oct-2025,56598.05,Call,51000,5757.75,0,17.3185,-3,991,8
25-Nov-2025,56598.05,Call,55200,2153.2,9.7,17.3185,0,39,8
25-Nov-2025,56598.05,Call,52000,4980,0,17.3185,6,67,7
30-Dec-2025,56598.05,Put,57500,1201,12.91,17.3185,0,227,7
25-Nov-2025,56598.05,Put,57700,1140.15,11.57,17.3185,0,47,7
30-Dec-2025,56598.05,Put,49000,43,18.34,17.3185,2,13,7
30-Dec-2025,56598.05,Put,48500,40,19.08,17.3185,1,46,7
28-Oct-2025,56598.05,Call,48000,8716.8,0,17.3185,-5,2181,6
25-Nov-2025,56598.05,Call,54700,2572.6,9.02,17.3185,0,34,5
25-Nov-2025,56598.05,Put,60100,3016.5,13.39,17.3185,0,10,5
25-Nov-2025,56598.05,Put,58700,1849.5,12.34,17.3185,0,12,5
25-Nov-2025,56598.05,Put,58600,1774.95,12.29,17.3185,0,10,5
30-Dec-2025,56598.05,Put,58500,1729.05,12.71,17.3185,3,300,5
28-Oct-2025,56598.05,Call,54200,2489.8,0,17.3185,0,438,4
28-Oct-2025,56598.05,Put,61000,4220,20.96,17.3185,-1,622,4
25-Nov-2025,56598.05,Put,49500,28,20.71,17.3185,0,49,4
25-Nov-2025,56598.05,Put,49000,25.1,21.59,17.3185,2,103,4
25-Nov-2025,56598.05,Put,50500,38,19.17,17.3185,0,32,4
25-Nov-2025,56598.05,Put,59100,2173.75,12.77,17.3185,0,13,4
30-Dec-2025,56598.05,Call,51000,6336.85,0,17.3185,3,136.428571429,4
28-Oct-2025,56598.05,Put,58800,2026.4,11.77,17.3185,2,11,3
28-Oct-2025,56598.05,Call,47000,9550,0,17.3185,-1,373,3
25-Nov-2025,56598.05,Put,46500,19,26.76,17.3185,0,9,3
28-Oct-2025,56598.05,Put,63500,6724,31.49,17.3185,1,243,2
25-Nov-2025,56598.05,Call,54900,2387.4,8.9,17.3185,0,53,2
28-Oct-2025,56598.05,Call,51500,5251.7,0,17.3185,0,42,1
28-Oct-2025,56598.05,Call,54100,2691,0,17.3185,0,255,1
25-Nov-2025,56598.05,Put,63500,6484.5,25.61,17.3185,0,1,1
28-Oct-2025,56598.05,Put,50200,16.55,28.23,17.3185,0,67,1
25-Nov-2025,56598.05,Put,63000,5850,20.48,17.3185,0,50,1
30-Dec-2025,56598.05,Put,47500,30,0,17.3185,0,6,1
30-Dec-2025,56598.05,Call,56100,1934.35,8.34,17.3185,0,2,1
28-Oct-2025,56598.05,Call,46000,0,0,17.3185,0,18,0
28-Oct-2025,56598.05,Call,50400,0,0,17.3185,0,4,0
28-Oct-2025,56598.05,Put,60400,0,0,17.3185,0,6,0
28-Oct-2025,56598.05,Put,60800,0,0,17.3185,0,3,0
28-Oct-2025,56598.05,Call,61300,0,0,0,0,0,0
28-Oct-2025,56598.05,Put,61300,0,0,0,0,0,0
28-Oct-2025,56598.05,Call,61400,0,0,0,0,0,0
28-Oct-2025,56598.05,Put,61400,0,0,0,0,0,0
28-Oct-2025,56598.05,Call,61600,0,0,0,0,0,0
28-Oct-2025,56598.05,Put,61600,0,0,0,0,0,0
28-Oct-2025,56598.05,Put,64000,0,0,0,0,0,0
28-Oct-2025,56598.05,Put,59900,0,0,17.3185,0,11,0
28-Oct-2025,56598.05,Call,53200,0,0,17.3185,0,13,0
28-Oct-2025,56598.05,Call,53300,0,0,17.3185,0,17,0
28-Oct-2025,56598.05,Call,53400,0,0,17.3185,0,148,0
28-Oct-2025,56598.05,Call,53600,0,0,17.3185,0,71,0
28-Oct-2025,56598.05,Call,53700,0,0,17.3185,0,147,0
28-Oct-2025,56598.05,Call,54300,0,0,17.3185,0,413,0
28-Oct-2025,56598.05,Call,49500,0,0,17.3185,0,8,0
28-Oct-2025,56598.05,Call,51300,0,0,17.3185,0,11,0
28-Oct-2025,56598.05,Call,51400,0,0,17.3185,0,12,0
28-Oct-2025,56598.05,Call,51600,0,0,17.3185,0,18,0
28-Oct-2025,56598.05,Call,51800,0,0,17.3185,0,20,0
28-Oct-2025,56598.05,Call,51900,0,0,17.3185,0,14,0
28-Oct-2025,56598.05,Call,52300,0,0,17.3185,0,14,0
28-Oct-2025,56598.05,Call,52600,0,0,17.3185,0,13,0
28-Oct-2025,56598.05,Put,59700,0,0,17.3185,0,6,0
28-Oct-2025,56598.05,Put,59400,0,0,17.3185,0,8,0
28-Oct-2025,56598.05,Call,47500,0,0,17.3185,0,1,0
28-Oct-2025,56598.05,Put,60100,0,0,17.3185,0,9,0
28-Oct-2025,56598.05,Put,60200,0,0,17.3185,0,6,0
28-Oct-2025,56598.05,Put,60300,0,0,17.3185,0,6,0
28-Oct-2025,56598.05,Call,49000,0,0,17.3185,0,555,0
28-Oct-2025,56598.05,Call,50100,0,0,17.3185,0,45,0
28-Oct-2025,56598.05,Call,52800,0,0,17.3185,0,15,0
28-Oct-2025,56598.05,Put,60700,0,0,17.3185,0,4,0
28-Oct-2025,56598.05,Put,59600,0,0,17.3185,0,8,0
28-Oct-2025,56598.05,Put,61500,0,0,17.3185,0,4,0
28-Oct-2025,56598.05,Call,48500,0,0,17.3185,0,25,0
28-Oct-2025,56598.05,Call,50500,0,0,17.3185,0,82,0
28-Oct-2025,56598.05,Call,49100,0,0,17.3185,0,0,0
28-Oct-2025,56598.05,Call,52100,0,0,17.3185,0,12,0
28-Oct-2025,56598.05,Call,49300,0,0,17.3185,0,0,0
28-Oct-2025,56598.05,Call,53900,0,0,17.3185,0,190,0
28-Oct-2025,56598.05,Call,51100,0,0,17.3185,0,6,0
28-Oct-2025,56598.05,Put,59200,0,0,17.3185,0,10,0
28-Oct-2025,56598.05,Call,51200,0,0,17.3185,0,10,0
28-Oct-2025,56598.05,Put,59100,0,0,17.3185,0,8,0
28-Oct-2025,56598.05,Put,60500,0,0,17.3185,0,18,0
28-Oct-2025,56598.05,Call,51700,0,0,17.3185,0,18,0
28-Oct-2025,56598.05,Call,52400,0,0,17.3185,0,9,0
28-Oct-2025,56598.05,Put,60900,0,0,17.3185,0,3,0
28-Oct-2025,56598.05,Call,52700,0,0,17.3185,0,5,0
28-Oct-2025,56598.05,Put,58900,0,0,17.3185,0,29,0
28-Oct-2025,56598.05,Call,50200,0,0,17.3185,0,3,0
28-Oct-2025,56598.05,Call,50300,0,0,17.3185,0,5,0
28-Oct-2025,56598.05,Put,59300,0,0,17.3185,0,8,0
28-Oct-2025,56598.05,Call,48700,0,0,17.3185,0,0,0
28-Oct-2025,56598.05,Call,49600,0,0,17.3185,0,0,0
28-Oct-2025,56598.05,Call,52200,0,0,17.3185,0,11,0
28-Oct-2025,56598.05,Put,62500,0,0,17.3185,0,1,0
28-Oct-2025,56598.05,Put,59800,0,0,17.3185,0,6,0
28-Oct-2025,56598.05,Call,52900,0,0,17.3185,0,40,0
28-Oct-2025,56598.05,Put,49800,0,0,17.3185,0,207,0
28-Oct-2025,56598.05,Call,49400,0,0,17.3185,0,0,0
28-Oct-2025,56598.05,Call,46500,0,0,17.3185,0,37,0
28-Oct-2025,56598.05,Call,53100,0,0,17.3185,0,8,0
28-Oct-2025,56598.05,Put,58200,0,0,17.3185,0,19,0
28-Oct-2025,56598.05,Put,58300,0,0,17.3185,0,9,0
28-Oct-2025,56598.05,Call,49200,0,0,17.3185,0,0,0
28-Oct-2025,56598.05,Call,48900,0,0,17.3185,0,0,0
28-Oct-2025,56598.05,Call,48800,0,0,17.3185,0,2,0
28-Oct-2025,56598.05,Put,58400,0,0,17.3185,0,13,0
28-Oct-2025,56598.05,Put,60600,0,0,17.3185,0,6,0
25-Nov-2025,56598.05,Call,53300,0,0,17.3185,0,6,0
25-Nov-2025,56598.05,Call,51400,0,0,17.3185,0,4,0
25-Nov-2025,56598.05,Call,51300,0,0,17.3185,0,3,0
25-Nov-2025,56598.05,Call,51200,0,0,17.3185,0,2,0
25-Nov-2025,56598.05,Put,58200,0,0,17.3185,0,14,0
25-Nov-2025,56598.05,Call,55800,0,0,17.3185,0,81,0
25-Nov-2025,56598.05,Put,59700,0,0,17.3185,0,12,0
25-Nov-2025,56598.05,Put,59600,0,0,17.3185,0,12,0
25-Nov-2025,56598.05,Put,61100,0,0,17.3185,0,0,0
25-Nov-2025,56598.05,Call,61100,0,0,17.3185,0,1,0
25-Nov-2025,56598.05,Put,60800,0,0,17.3185,0,0,0
25-Nov-2025,56598.05,Call,55700,0,0,17.3185,0,25,0
25-Nov-2025,56598.05,Call,52900,0,0,17.3185,0,5,0
25-Nov-2025,56598.05,Call,52800,0,0,17.3185,0,5,0
25-Nov-2025,56598.05,Call,61200,0,0,17.3185,0,0,0
25-Nov-2025,56598.05,Call,59100,0,0,17.3185,0,0,0
25-Nov-2025,56598.05,Call,51100,0,0,17.3185,0,3,0
25-Nov-2025,56598.05,Call,50900,0,0,17.3185,0,3,0
25-Nov-2025,56598.05,Call,50800,0,0,17.3185,0,1,0
25-Nov-2025,56598.05,Call,50700,0,0,17.3185,0,2,0
25-Nov-2025,56598.05,Call,50600,0,0,17.3185,0,1,0
25-Nov-2025,56598.05,Call,50500,0,0,17.3185,0,5,0
25-Nov-2025,56598.05,Call,60800,0,0,17.3185,0,0,0
25-Nov-2025,56598.05,Put,52700,0,0,17.3185,0,0,0
25-Nov-2025,56598.05,Put,52600,0,0,17.3185,0,0,0
25-Nov-2025,56598.05,Put,51200,0,0,17.3185,0,0,0
25-Nov-2025,56598.05,Call,59600,0,0,17.3185,0,0,0
28-Oct-2025,56598.05,Call,49800,0,0,17.3185,0,1,0
28-Oct-2025,56598.05,Put,49700,0,0,17.3185,0,81,0
28-Oct-2025,56598.05,Call,49700,0,0,17.3185,0,1,0
28-Oct-2025,56598.05,Call,49900,0,0,17.3185,0,1,0
28-Oct-2025,56598.05,Put,58700,0,0,17.3185,0,9,0
28-Oct-2025,56598.05,Put,61200,0,0,17.3185,0,0,0
28-Oct-2025,56598.05,Call,50900,0,0,17.3185,0,6,0
28-Oct-2025,56598.05,Call,50800,0,0,17.3185,0,6,0
28-Oct-2025,56598.05,Call,50600,0,0,17.3185,0,5,0
28-Oct-2025,56598.05,Call,50700,0,0,17.3185,0,7,0
28-Oct-2025,56598.05,Put,61100,0,0,17.3185,0,0,0
25-Nov-2025,56598.05,Put,54800,0,0,17.3185,0,1,0
25-Nov-2025,56598.05,Put,52100,0,0,17.3185,0,0,0
25-Nov-2025,56598.05,Put,49900,0,0,17.3185,0,0,0
25-Nov-2025,56598.05,Put,49700,0,0,17.3185,0,0,0
25-Nov-2025,56598.05,Call,46000,0,0,17.3185,0,0,0
25-Nov-2025,56598.05,Call,61000,0,0,17.3185,0,1,0
25-Nov-2025,56598.05,Call,60500,0,0,17.3185,0,0,0
25-Nov-2025,56598.05,Call,58500,0,0,17.3185,0,0,0
25-Nov-2025,56598.05,Call,55400,0,0,17.3185,0,138,0
25-Nov-2025,56598.05,Put,54300,0,0,17.3185,0,0,0
25-Nov-2025,56598.05,Call,54300,0,0,17.3185,0,8,0
25-Nov-2025,56598.05,Put,50800,0,0,17.3185,0,0,0
25-Nov-2025,56598.05,Put,48800,0,0,17.3185,0,0,0
25-Nov-2025,56598.05,Call,48700,0,0,17.3185,0,0,0
25-Nov-2025,56598.05,Call,54100,0,0,17.3185,0,6,0
25-Nov-2025,56598.05,Put,53800,0,0,17.3185,0,0,0
25-Nov-2025,56598.05,Call,53500,0,0,17.3185,0,30,0
25-Nov-2025,56598.05,Put,53100,0,0,17.3185,0,0,0
25-Nov-2025,56598.05,Put,58300,0,0,17.3185,0,10,0
25-Nov-2025,56598.05,Call,59700,0,0,17.3185,0,0,0
25-Nov-2025,56598.05,Put,58800,0,0,17.3185,0,10,0
25-Nov-2025,56598.05,Put,51600,0,0,17.3185,0,0,0
25-Nov-2025,56598.05,Put,58900,0,0,17.3185,0,25,0
25-Nov-2025,56598.05,Put,61200,0,0,17.3185,0,0,0
25-Nov-2025,56598.05,Put,57900,0,0,17.3185,0,19,0
25-Nov-2025,56598.05,Call,49700,0,0,17.3185,0,0,0
25-Nov-2025,56598.05,Call,49600,0,0,17.3185,0,0,0
25-Nov-2025,56598.05,Call,49500,0,0,17.3185,0,0,0
25-Nov-2025,56598.05,Call,49400,0,0,17.3185,0,0,0
25-Nov-2025,56598.05,Call,49300,0,0,17.3185,0,0,0
25-Nov-2025,56598.05,Call,49200,0,0,17.3185,0,0,0
25-Nov-2025,56598.05,Call,49100,0,0,17.3185,0,0,0
25-Nov-2025,56598.05,Call,49000,0,0,17.3185,0,0,0
25-Nov-2025,56598.05,Call,48900,0,0,17.3185,0,0,0
25-Nov-2025,56598.05,Call,48800,0,0,17.3185,0,0,0
25-Nov-2025,56598.05,Call,48500,0,0,17.3185,0,0,0
25-Nov-2025,56598.05,Put,49200,0,0,17.3185,0,0,0
25-Nov-2025,56598.05,Call,48000,0,0,17.3185,0,82,0
25-Nov-2025,56598.05,Call,47500,0,0,17.3185,0,0,0
25-Nov-2025,56598.05,Call,47000,0,0,17.3185,0,0,0
25-Nov-2025,56598.05,Call,50400,0,0,17.3185,0,1,0
25-Nov-2025,56598.05,Call,50300,0,0,17.3185,0,2,0
25-Nov-2025,56598.05,Call,50200,0,0,17.3185,0,1,0
25-Nov-2025,56598.05,Call,50100,0,0,17.3185,0,0,0
25-Nov-2025,56598.05,Call,49900,0,0,17.3185,0,1,0
25-Nov-2025,56598.05,Call,49800,0,0,17.3185,0,0,0
25-Nov-2025,56598.05,Call,55100,0,0,17.3185,0,20,0
25-Nov-2025,56598.05,Put,54400,0,0,17.3185,0,0,0
25-Nov-2025,56598.05,Put,53200,0,0,17.3185,0,0,0
25-Nov-2025,56598.05,Call,54400,0,0,17.3185,0,6,0
25-Nov-2025,56598.05,Call,54800,0,0,17.3185,0,34,0
25-Nov-2025,56598.05,Call,51500,0,0,17.3185,0,15,0
25-Nov-2025,56598.05,Call,54200,0,0,17.3185,0,7,0
25-Nov-2025,56598.05,Call,53700,0,0,17.3185,0,7,0
25-Nov-2025,56598.05,Call,53600,0,0,17.3185,0,9,0
25-Nov-2025,56598.05,Call,53800,0,0,17.3185,0,22,0
25-Nov-2025,56598.05,Call,53900,0,0,17.3185,0,7,0
25-Nov-2025,56598.05,Call,53400,0,0,17.3185,0,6,0
25-Nov-2025,56598.05,Put,60500,0,0,17.3185,0,8,0
25-Nov-2025,56598.05,Call,51800,0,0,17.3185,0,8,0
25-Nov-2025,56598.05,Put,49800,0,0,17.3185,0,0,0
25-Nov-2025,56598.05,Put,49300,0,0,17.3185,0,0,0
25-Nov-2025,56598.05,Put,49100,0,0,17.3185,0,0,0
25-Nov-2025,56598.05,Call,60200,0,0,17.3185,0,0,0
25-Nov-2025,56598.05,Put,51100,0,0,17.3185,0,0,0
25-Nov-2025,56598.05,Put,50600,0,0,17.3185,0,0,0
25-Nov-2025,56598.05,Put,58400,0,0,17.3185,0,14,0
25-Nov-2025,56598.05,Put,64000,0,0,0,0,0,0
25-Nov-2025,56598.05,Call,64000,0,0,0,0,0,0
25-Nov-2025,56598.05,Put,61600,0,0,0,0,0,0
25-Nov-2025,56598.05,Call,61400,0,0,0,0,0,0
25-Nov-2025,56598.05,Put,61300,0,0,0,0,0,0
25-Nov-2025,56598.05,Call,52700,0,0,17.3185,0,6,0
25-Nov-2025,56598.05,Call,52600,0,0,17.3185,0,10,0
25-Nov-2025,56598.05,Call,60100,0,0,17.3185,0,0,0
25-Nov-2025,56598.05,Put,48900,0,0,17.3185,0,0,0
25-Nov-2025,56598.05,Put,61500,0,0,17.3185,0,5,0
25-Nov-2025,56598.05,Put,55100,0,0,17.3185,0,0,0
25-Nov-2025,56598.05,Put,52300,0,0,17.3185,0,0,0
25-Nov-2025,56598.05,Put,52200,0,0,17.3185,0,0,0
25-Nov-2025,56598.05,Put,51400,0,0,17.3185,0,0,0
25-Nov-2025,56598.05,Call,51700,0,0,17.3185,0,6,0
25-Nov-2025,56598.05,Call,51600,0,0,17.3185,0,4,0
25-Nov-2025,56598.05,Put,50300,0,0,17.3185,0,0,0
25-Nov-2025,56598.05,Put,49600,0,0,17.3185,0,0,0
25-Nov-2025,56598.05,Call,63500,0,0,17.3185,0,0,0
25-Nov-2025,56598.05,Put,60900,0,0,17.3185,0,0,0
25-Nov-2025,56598.05,Call,60900,0,0,17.3185,0,0,0
25-Nov-2025,56598.05,Put,48000,0,0,17.3185,0,898,0
25-Nov-2025,56598.05,Put,60400,0,0,17.3185,0,9,0
25-Nov-2025,56598.05,Call,60400,0,0,17.3185,0,0,0
25-Nov-2025,56598.05,Put,60300,0,0,17.3185,0,9,0
25-Nov-2025,56598.05,Call,60300,0,0,17.3185,0,0,0
25-Nov-2025,56598.05,Put,59200,0,0,17.3185,0,11,0
25-Nov-2025,56598.05,Call,59200,0,0,17.3185,0,0,0
25-Nov-2025,56598.05,Put,59500,0,0,17.3185,0,16,0
25-Nov-2025,56598.05,Put,50900,0,0,17.3185,0,1,0
25-Nov-2025,56598.05,Call,58900,0,0,17.3185,0,0,0
25-Nov-2025,56598.05,Put,60700,0,0,17.3185,0,9,0
25-Nov-2025,56598.05,Call,60700,0,0,17.3185,0,0,0
25-Nov-2025,56598.05,Call,54600,0,0,17.3185,0,18,0
25-Nov-2025,56598.05,Put,51300,0,0,17.3185,0,0,0
25-Nov-2025,56598.05,Put,55300,0,0,17.3185,0,0,0
25-Nov-2025,56598.05,Put,59800,0,0,17.3185,0,12,0
25-Nov-2025,56598.05,Call,53100,0,0,17.3185,0,6,0
25-Nov-2025,56598.05,Call,60600,0,0,17.3185,0,0,0
25-Nov-2025,56598.05,Put,57800,0,0,17.3185,0,95,0
25-Nov-2025,56598.05,Call,58200,0,0,17.3185,0,0,0
25-Nov-2025,56598.05,Put,52400,0,0,17.3185,0,0,0
25-Nov-2025,56598.05,Put,59900,0,0,17.3185,0,11,0
25-Nov-2025,56598.05,Put,51900,0,0,17.3185,0,0,0
25-Nov-2025,56598.05,Put,51500,0,0,17.3185,0,143,0
25-Nov-2025,56598.05,Call,59800,0,0,17.3185,0,0,0
30-Dec-2025,56598.05,Put,62500,0,0,17.3185,0,0,0
30-Dec-2025,56598.05,Put,52900,0,0,17.3185,0,0,0
30-Dec-2025,56598.05,Put,59400,0,0,17.3185,0,0,0
30-Dec-2025,56598.05,Put,63000,0,0,17.3185,0,0,0
30-Dec-2025,56598.05,Put,61500,0,0,17.3185,0,0,0
30-Dec-2025,56598.05,Put,60500,0,0,17.3185,0,0,0
30-Dec-2025,56598.05,Put,58800,0,0,17.3185,0,0,0
30-Dec-2025,56598.05,Put,58700,0,0,17.3185,0,0,0
30-Dec-2025,56598.05,Put,58600,0,0,17.3185,0,0,0
30-Dec-2025,56598.05,Put,58200,0,0,17.3185,0,0,0
30-Dec-2025,56598.05,Put,58100,0,0,17.3185,0,0,0
30-Dec-2025,56598.05,Put,57700,0,0,17.3185,0,0,0
30-Dec-2025,56598.05,Put,57300,0,0,17.3185,0,7,0
30-Dec-2025,56598.05,Put,57200,0,0,17.3185,0,4,0
30-Dec-2025,56598.05,Put,56500,0,0,17.3185,0,0,0
30-Dec-2025,56598.05,Put,56400,0,0,17.3185,0,0,0
30-Dec-2025,56598.05,Put,54700,0,0,17.3185,0,0,0
30-Dec-2025,56598.05,Put,57600,0,0,17.3185,0,0,0
30-Dec-2025,56598.05,Put,55800,0,0,17.3185,0,0,0
30-Dec-2025,56598.05,Put,57900,0,0,17.3185,0,0,0
30-Dec-2025,56598.05,Put,60800,0,0,17.3185,0,0,0
30-Dec-2025,56598.05,Call,60600,0,0,17.3185,0,0,0
25-Nov-2025,56598.05,Put,52800,0,0,17.3185,0,0,0
25-Nov-2025,56598.05,Call,59900,0,0,17.3185,0,0,0
25-Nov-2025,56598.05,Put,50200,0,0,17.3185,0,0,0
25-Nov-2025,56598.05,Put,50100,0,0,17.3185,0,0,0
25-Nov-2025,56598.05,Call,62500,0,0,17.3185,0,1,0
25-Nov-2025,56598.05,Put,53900,0,0,17.3185,0,0,0
25-Nov-2025,56598.05,Put,49400,0,0,17.3185,0,4,0
25-Nov-2025,56598.05,Put,48500,0,0,17.3185,0,26,0
25-Nov-2025,56598.05,Put,62000,0,0,17.3185,0,6,0
25-Nov-2025,56598.05,Put,59400,0,0,17.3185,0,12,0
25-Nov-2025,56598.05,Put,59300,0,0,17.3185,0,13,0
25-Nov-2025,56598.05,Call,58800,0,0,17.3185,0,0,0
25-Nov-2025,56598.05,Call,58600,0,0,17.3185,0,1,0
25-Nov-2025,56598.05,Call,58400,0,0,17.3185,0,0,0
25-Nov-2025,56598.05,Call,58300,0,0,17.3185,0,0,0
25-Nov-2025,56598.05,Put,51700,0,0,17.3185,0,0,0
25-Nov-2025,56598.05,Call,46500,0,0,17.3185,0,0,0
25-Nov-2025,56598.05,Put,53400,0,0,17.3185,0,1,0
25-Nov-2025,56598.05,Put,53300,0,0,17.3185,0,0,0
25-Nov-2025,56598.05,Call,59400,0,0,17.3185,0,0,0
25-Nov-2025,56598.05,Call,59300,0,0,17.3185,0,0,0
25-Nov-2025,56598.05,Put,62500,0,0,17.3185,0,6,0
25-Nov-2025,56598.05,Call,57800,0,0,17.3185,0,0,0
25-Nov-2025,56598.05,Call,57700,0,0,17.3185,0,0,0
25-Nov-2025,56598.05,Put,53700,0,0,17.3185,0,0,0
25-Nov-2025,56598.05,Call,52100,0,0,17.3185,0,13,0
25-Nov-2025,56598.05,Call,52500,0,0,17.3185,0,10,0
25-Nov-2025,56598.05,Put,61000,0,0,17.3185,0,35,0
25-Nov-2025,56598.05,Call,53200,0,0,17.3185,0,5,0
25-Nov-2025,56598.05,Call,52400,0,0,17.3185,0,7,0
25-Nov-2025,56598.05,Put,48700,0,0,17.3185,0,0,0
25-Nov-2025,56598.05,Call,52300,0,0,17.3185,0,7,0
25-Nov-2025,56598.05,Call,61600,0,0,0,0,0,0
25-Nov-2025,56598.05,Put,61400,0,0,0,0,0,0
25-Nov-2025,56598.05,Put,60200,0,0,17.3185,0,9,0
25-Nov-2025,56598.05,Call,61300,0,0,0,0,0,0
25-Nov-2025,56598.05,Put,50700,0,0,17.3185,0,0,0
25-Nov-2025,56598.05,Put,51800,0,0,17.3185,0,0,0
25-Nov-2025,56598.05,Call,51900,0,0,17.3185,0,8,0
25-Nov-2025,56598.05,Put,50400,0,0,17.3185,0,0,0
25-Nov-2025,56598.05,Put,47500,0,0,17.3185,0,42,0
25-Nov-2025,56598.05,Put,54200,0,0,17.3185,0,0,0
25-Nov-2025,56598.05,Call,52200,0,0,17.3185,0,7,0
25-Nov-2025,56598.05,Put,53600,0,0,17.3185,0,0,0
25-Nov-2025,56598.05,Put,60600,0,0,17.3185,0,8,0
30-Dec-2025,56598.05,Put,60400,0,0,17.3185,0,0,0
30-Dec-2025,56598.05,Call,47000,0,0,17.3185,0,0,0
30-Dec-2025,56598.05,Put,53900,0,0,17.3185,0,0,0
30-Dec-2025,56598.05,Put,53700,0,0,17.3185,0,0,0
30-Dec-2025,56598.05,Call,53400,0,0,17.3185,0,0,0
30-Dec-2025,56598.05,Call,53300,0,0,17.3185,0,0,0
30-Dec-2025,56598.05,Call,52900,0,0,17.3185,0,0,0
30-Dec-2025,56598.05,Call,52800,0,0,17.3185,0,0,0
30-Dec-2025,56598.05,Call,52600,0,0,17.3185,0,0,0
30-Dec-2025,56598.05,Call,52100,0,0,17.3185,0,0,0
30-Dec-2025,56598.05,Call,51800,0,0,17.3185,0,0,0
30-Dec-2025,56598.05,Call,51500,0,0,17.3185,0,0,0
30-Dec-2025,56598.05,Call,51400,0,0,17.3185,0,0,0
30-Dec-2025,56598.05,Call,51200,0,0,17.3185,0,0,0
30-Dec-2025,56598.05,Call,51100,0,0,17.3185,0,0,0
30-Dec-2025,56598.05,Call,61300,0,0,0,0,0,0
30-Dec-2025,56598.05,Call,61600,0,0,0,0,0,0
30-Dec-2025,56598.05,Call,61400,0,0,0,0,0,0
30-Dec-2025,56598.05,Put,52400,0,0,17.3185,0,0,0
30-Dec-2025,56598.05,Put,46500,0,0,17.3185,0,0,0
30-Dec-2025,56598.05,Put,63500,0,0,17.3185,0,0,0
30-Dec-2025,56598.05,Call,63500,0,0,17.3185,0,0,0
30-Dec-2025,56598.05,Call,61100,0,0,17.3185,0,0,0
30-Dec-2025,56598.05,Call,50900,0,0,17.3185,0,0,0
30-Dec-2025,56598.05,Call,60800,0,0,17.3185,0,0,0
30-Dec-2025,56598.05,Call,49500,0,0,17.3185,0,0,0
30-Dec-2025,56598.05,Call,48000,0,0,17.3185,0,0,0
30-Dec-2025,56598.05,Call,61000,0,0,17.3185,0,0,0
30-Dec-2025,56598.05,Call,60500,0,0,17.3185,0,0,0
30-Dec-2025,56598.05,Call,57700,0,0,17.3185,0,0,0
30-Dec-2025,56598.05,Call,57300,0,0,17.3185,0,5,0
30-Dec-2025,56598.05,Call,57200,0,0,17.3185,0,5,0
30-Dec-2025,56598.05,Call,57100,0,0,17.3185,0,4,0
30-Dec-2025,56598.05,Call,56900,0,0,17.3185,0,2,0
30-Dec-2025,56598.05,Call,56600,0,0,17.3185,0,0,0
30-Dec-2025,56598.05,Call,56200,0,0,17.3185,0,0,0
30-Dec-2025,56598.05,Call,55800,0,0,17.3185,0,0,0
30-Dec-2025,56598.05,Call,55700,0,0,17.3185,0,0,0
30-Dec-2025,56598.05,Put,55400,0,0,17.3185,0,0,0
30-Dec-2025,56598.05,Call,55400,0,0,17.3185,0,0,0
30-Dec-2025,56598.05,Put,55300,0,0,17.3185,0,0,0
30-Dec-2025,56598.05,Put,55200,0,0,17.3185,0,0,0
30-Dec-2025,56598.05,Put,55100,0,0,17.3185,0,0,0
30-Dec-2025,56598.05,Put,54900,0,0,17.3185,0,0,0
30-Dec-2025,56598.05,Call,54900,0,0,17.3185,0,0,0
30-Dec-2025,56598.05,Put,54800,0,0,17.3185,0,0,0
30-Dec-2025,56598.05,Put,54600,0,0,17.3185,0,0,0
30-Dec-2025,56598.05,Put,57800,0,0,17.3185,0,0,0
30-Dec-2025,56598.05,Put,52100,0,0,17.3185,0,0,0
30-Dec-2025,56598.05,Call,59800,0,0,17.3185,0,0,0
30-Dec-2025,56598.05,Put,59000,0,0,17.3185,0,0,0
30-Dec-2025,56598.05,Call,60100,0,0,17.3185,0,0,0
30-Dec-2025,56598.05,Put,60100,0,0,17.3185,0,0,0
30-Dec-2025,56598.05,Put,59800,0,0,17.3185,0,0,0
30-Dec-2025,56598.05,Put,55700,0,0,17.3185,0,6,0
30-Dec-2025,56598.05,Put,56300,0,0,17.3185,0,0,0
30-Dec-2025,56598.05,Put,62000,0,0,17.3185,0,0,0
30-Dec-2025,56598.05,Put,54100,0,0,17.3185,0,0,0
30-Dec-2025,56598.05,Put,60600,0,0,17.3185,0,0,0
30-Dec-2025,56598.05,Put,59700,0,0,17.3185,0,0,0
30-Dec-2025,56598.05,Call,59700,0,0,17.3185,0,0,0
30-Dec-2025,56598.05,Put,59900,0,0,17.3185,0,0,0
30-Dec-2025,56598.05,Put,56700,0,0,17.3185,0,12,0
30-Dec-2025,56598.05,Call,59900,0,0,17.3185,0,0,0
30-Dec-2025,56598.05,Put,56800,0,0,17.3185,0,17,0
30-Dec-2025,56598.05,Call,60300,0,0,17.3185,0,0,0
30-Dec-2025,56598.05,Put,61000,0,0,17.3185,0,0,0
30-Dec-2025,56598.05,Put,57100,0,0,17.3185,0,6,0
25-Nov-2025,56598.05,Put,52900,0,0,17.3185,0,0,0
30-Dec-2025,56598.05,Call,62500,0,0,17.3185,0,1,0
30-Dec-2025,56598.05,Put,56900,0,0,17.3185,0,9,0
30-Dec-2025,56598.05,Call,60200,0,0,17.3185,0,0,0
30-Dec-2025,56598.05,Put,60300,0,0,17.3185,0,0,0
30-Dec-2025,56598.05,Put,59600,0,0,17.3185,0,0,0
30-Dec-2025,56598.05,Put,60200,0,0,17.3185,0,0,0
30-Dec-2025,56598.05,Call,64000,0,0,0,0,0,0
30-Dec-2025,56598.05,Put,50100,0,0,17.3185,0,0,0
30-Dec-2025,56598.05,Put,56100,0,0,17.3185,0,0,0
30-Dec-2025,56598.05,Put,52700,0,0,17.3185,0,0,0
30-Dec-2025,56598.05,Put,52600,0,0,17.3185,0,0,0
30-Dec-2025,56598.05,Put,52300,0,0,17.3185,0,1,0
30-Dec-2025,56598.05,Call,63000,0,0,17.3185,0,1,0
30-Dec-2025,56598.05,Call,52500,0,0,17.3185,0,0,0
30-Dec-2025,56598.05,Call,50600,0,0,17.3185,0,0,0
30-Dec-2025,56598.05,Call,50500,0,0,17.3185,0,0,0
30-Dec-2025,56598.05,Call,50200,0,0,17.3185,0,0,0
30-Dec-2025,56598.05,Call,50100,0,0,17.3185,0,0,0
30-Dec-2025,56598.05,Call,49800,0,0,17.3185,0,0,0
30-Dec-2025,56598.05,Call,49000,0,0,17.3185,0,0,0
30-Dec-2025,56598.05,Call,48500,0,0,17.3185,0,0,0
30-Dec-2025,56598.05,Call,47500,0,0,17.3185,0,0,0
30-Dec-2025,56598.05,Put,58400,0,0,17.3185,0,0,0
30-Dec-2025,56598.05,Put,55600,0,0,17.3185,0,0,0
30-Dec-2025,56598.05,Call,57500,0,0,17.3185,0,0,0
30-Dec-2025,56598.05,Call,57400,0,0,17.3185,0,0,0
30-Dec-2025,56598.05,Call,56800,0,0,17.3185,0,0,0
30-Dec-2025,56598.05,Call,56700,0,0,17.3185,0,2,0
30-Dec-2025,56598.05,Call,56400,0,0,17.3185,0,16,0
30-Dec-2025,56598.05,Call,56300,0,0,17.3185,0,0,0
30-Dec-2025,56598.05,Call,55900,0,0,17.3185,0,0,0
30-Dec-2025,56598.05,Call,55600,0,0,17.3185,0,0,0
30-Dec-2025,56598.05,Call,55200,0,0,17.3185,0,0,0
30-Dec-2025,56598.05,Call,55100,0,0,17.3185,0,0,0
30-Dec-2025,56598.05,Call,54800,0,0,17.3185,0,0,0
30-Dec-2025,56598.05,Call,54700,0,0,17.3185,0,0,0
30-Dec-2025,56598.05,Call,54500,0,0,17.3185,0,0,0
30-Dec-2025,56598.05,Call,54400,0,0,17.3185,0,0,0
30-Dec-2025,56598.05,Call,54300,0,0,17.3185,0,0,0
30-Dec-2025,56598.05,Call,54200,0,0,17.3185,0,0,0
30-Dec-2025,56598.05,Call,53900,0,0,17.3185,0,0,0
30-Dec-2025,56598.05,Call,53800,0,0,17.3185,0,0,0
30-Dec-2025,56598.05,Call,53700,0,0,17.3185,0,0,0
30-Dec-2025,56598.05,Call,53600,0,0,17.3185,0,0,0
30-Dec-2025,56598.05,Call,53500,0,0,17.3185,0,4,0
30-Dec-2025,56598.05,Call,53200,0,0,17.3185,0,0,0
30-Dec-2025,56598.05,Call,53100,0,0,17.3185,0,0,0
30-Dec-2025,56598.05,Put,54300,0,0,17.3185,0,0,0
30-Dec-2025,56598.05,Put,49500,0,0,17.3185,0,4,0
30-Dec-2025,56598.05,Call,54100,0,0,17.3185,0,0,0
30-Dec-2025,56598.05,Put,59500,0,0,17.3185,0,0,0
30-Dec-2025,56598.05,Put,53100,0,0,17.3185,0,0,0
30-Dec-2025,56598.05,Call,60700,0,0,17.3185,0,0,0
30-Dec-2025,56598.05,Put,61100,0,0,17.3185,0,0,0
30-Dec-2025,56598.05,Call,61200,0,0,17.3185,0,0,0
30-Dec-2025,56598.05,Put,61400,0,0,0,0,0,0
30-Dec-2025,56598.05,Put,54400,0,0,17.3185,0,0,0
30-Dec-2025,56598.05,Call,60400,0,0,17.3185,0,0,0
30-Dec-2025,56598.05,Put,61300,0,0,0,0,0,0
30-Dec-2025,56598.05,Put,53800,0,0,17.3185,0,0,0
30-Dec-2025,56598.05,Put,54200,0,0,17.3185,0,0,0
30-Dec-2025,56598.05,Call,51900,0,0,17.3185,0,0,0
30-Dec-2025,56598.05,Put,61600,0,0,0,0,0,0
30-Dec-2025,56598.05,Put,64000,0,0,0,0,0,0
30-Dec-2025,56598.05,Put,61200,0,0,17.3185,0,0,0
30-Dec-2025,56598.05,Put,58300,0,0,17.3185,0,0,0
30-Dec-2025,56598.05,Call,60900,0,0,17.3185,0,0,0
30-Dec-2025,56598.05,Call,54600,0,0,17.3185,0,0,0
30-Dec-2025,56598.05,Put,53200,0,0,17.3185,0,0,0
30-Dec-2025,56598.05,Put,59300,0,0,17.3185,0,0,0
30-Dec-2025,56598.05,Put,51800,0,0,17.3185,0,0,0
30-Dec-2025,56598.05,Call,52700,0,0,17.3185,0,0,0
30-Dec-2025,56598.05,Call,52300,0,0,17.3185,0,0,0
30-Dec-2025,56598.05,Call,52200,0,0,17.3185,0,0,0
30-Dec-2025,56598.05,Call,52000,0,0,17.3185,0,0,0
30-Dec-2025,56598.05,Call,51700,0,0,17.3185,0,0,0
30-Dec-2025,56598.05,Call,46500,0,0,17.3185,0,0,0
30-Dec-2025,56598.05,Call,59600,0,0,17.3185,0,0,0
30-Dec-2025,56598.05,Call,59400,0,0,17.3185,0,0,0
30-Dec-2025,56598.05,Call,59300,0,0,17.3185,0,0,0
30-Dec-2025,56598.05,Call,59200,0,0,17.3185,0,0,0
30-Dec-2025,56598.05,Call,59100,0,0,17.3185,0,0,0
30-Dec-2025,56598.05,Call,59000,0,0,17.3185,0,0,0
30-Dec-2025,56598.05,Call,58900,0,0,17.3185,0,0,0
30-Dec-2025,56598.05,Call,58800,0,0,17.3185,0,0,0
30-Dec-2025,56598.05,Call,58700,0,0,17.3185,0,0,0
30-Dec-2025,56598.05,Call,58600,0,0,17.3185,0,0,0
30-Dec-2025,56598.05,Put,56200,0,0,17.3185,0,0,0
30-Dec-2025,56598.05,Put,51700,0,0,17.3185,0,0,0
30-Dec-2025,56598.05,Put,60700,0,0,17.3185,0,0,0
30-Dec-2025,56598.05,Call,49700,0,0,17.3185,0,0,0
30-Dec-2025,56598.05,Call,50300,0,0,17.3185,0,0,0
30-Dec-2025,56598.05,Put,60900,0,0,17.3185,0,0,0
30-Dec-2025,56598.05,Call,50000,0,0,17.3185,0,3,0
30-Dec-2025,56598.05,Call,57900,0,0,17.3185,0,0,0
30-Dec-2025,56598.05,Call,58100,0,0,17.3185,0,0,0
30-Dec-2025,56598.05,Put,43500,0,0,17.3185,0,37.8571428571,0
30-Dec-2025,56598.05,Call,55300,0,0,17.3185,0,0,0
30-Dec-2025,56598.05,Put,51900,0,0,17.3185,0,0,0
30-Dec-2025,56598.05,Put,64500,0,0,17.3185,0,0,0
30-Dec-2025,56598.05,Call,50400,0,0,17.3185,0,0,0
30-Dec-2025,56598.05,Put,52200,0,0,17.3185,0,0,0
30-Dec-2025,56598.05,Call,57800,0,0,17.3185,0,0,0
30-Dec-2025,56598.05,Put,47000,0,0,17.3185,0,2,0
30-Dec-2025,56598.05,Call,58300,0,0,17.3185,0,0,0
30-Dec-2025,56598.05,Put,52800,0,0,17.3185,0,0,0
30-Dec-2025,56598.05,Call,51300,0,0,17.3185,0,0,0
30-Dec-2025,56598.05,Call,58200,0,0,17.3185,0,0,0
30-Dec-2025,56598.05,Call,57600,0,0,17.3185,0,0,0
30-Dec-2025,56598.05,Call,49600,0,0,17.3185,0,0,0
30-Dec-2025,56598.05,Put,52000,0,0,17.3185,0,0,0
30-Dec-2025,56598.05,Call,58400,0,0,17.3185,0,0,0
30-Dec-2025,56598.05,Call,49900,0,0,17.3185,0,0,0
30-Dec-2025,56598.05,Put,50500,0,0,17.3185,0,0,0
30-Dec-2025,56598.05,Call,50800,0,0,17.3185,0,0,0
30-Dec-2025,56598.05,Put,55900,0,0,17.3185,0,0,0
30-Dec-2025,56598.05,Call,50700,0,0,17.3185,0,0,0
30-Dec-2025,56598.05,Put,51500,0,0,17.3185,0,0,0
31-Mar-2026,56598.05,Put,52500,0,0,17.3185,0,0,0
31-Mar-2026,56598.05,Put,54000,0,0,17.3185,0,0,0
31-Mar-2026,56598.05,Call,64500,0,0,17.3185,0,0,0
31-Mar-2026,56598.05,Put,58500,0,0,17.3185,0,0,0
30-Dec-2025,56598.05,Call,53000,0,0,17.3185,0,0,0
30-Dec-2025,56598.05,Call,61500,0,0,17.3185,0,0,0
30-Dec-2025,56598.05,Call,62000,0,0,17.3185,0,0,0
31-Mar-2026,56598.05,Put,51000,0,0,17.3185,0,0,0
31-Mar-2026,56598.05,Put,48000,0,0,17.3185,0,0,0
30-Dec-2025,56598.05,Call,52400,0,0,17.3185,0,0,0
31-Mar-2026,56598.05,Put,46500,0,0,17.3185,0,0,0
31-Mar-2026,56598.05,Call,63000,0,0,17.3185,0,0,0
30-Dec-2025,56598.05,Call,51600,0,0,17.3185,0,0,0
31-Mar-2026,56598.05,Put,55500,0,0,17.3185,0,0,0
30-Jun-2026,56598.05,Call,55500,0,0,17.3185,0,0,0
30-Jun-2026,56598.05,Put,48000,0,0,17.3185,0,0,0
30-Jun-2026,56598.05,Put,55500,0,0,17.3185,0,0,0
30-Jun-2026,56598.05,Put,57000,0,0,17.3185,0,0,0
31-Mar-2026,56598.05,Call,61500,0,0,17.3185,0,0,0
30-Jun-2026,56598.05,Call,63000,0,0,17.3185,0,0,0
30-Jun-2026,56598.05,Put,46500,0,0,17.3185,0,0,0
31-Mar-2026,56598.05,Call,55500,0,0,17.3185,0,0,0
30-Jun-2026,56598.05,Call,64500,0,0,17.3185,0,0,0
31-Mar-2026,56598.05,Put,49500,0,0,17.3185,0,0,0
30-Jun-2026,56598.05,Call,58500,0,0,17.3185,0,0,0
30-Jun-2026,56598.05,Put,51000,0,0,17.3185,0,0,0
30-Jun-2026,56598.05,Call,60000,0,0,17.3185,0,0,0
30-Jun-2026,56598.05,Put,54000,0,0,17.3185,0,0,0
30-Jun-2026,56598.05,Call,61500,0,0,17.3185,0,0,0
30-Jun-2026,56598.05,Put,58500,0,0,17.3185,0,0,0
30-Jun-2026,56598.05,Call,57000,0,0,17.3185,0,0,0
30-Jun-2026,56598.05,Put,52500,0,0,17.3185,0,0,0
30-Jun-2026,56598.05,Put,49500,0,0,17.3185,0,0,0
