28-Oct-2025,56502.55,Put,56500,438.9,11.76,17.3185,3066,22400,55059
28-Oct-2025,56502.55,Call,57000,352,10.53,17.3185,4266,66400,40256
28-Oct-2025,56502.55,Call,56500,611.45,10.92,17.3185,4086,26319,38752
28-Oct-2025,56502.55,Put,56000,276.85,12.39,17.3185,1829,37459,32532
28-Oct-2025,56502.55,Put,56400,402.1,11.88,17.3185,2201,8583,31982
28-Oct-2025,56502.55,Call,58000,89.65,10.39,17.3185,751,34702,26658
28-Oct-2025,56502.55,Put,56600,481.25,11.7,17.3185,891,7193,26163
28-Oct-2025,56502.55,Call,57500,183.15,10.33,17.3185,274,22903,23124
28-Oct-2025,56502.55,Put,56300,366.8,12.01,17.3185,919,7137,22595
28-Oct-2025,56502.55,Call,56700,497.6,10.74,17.3185,2188,10436,21708
28-Oct-2025,56502.55,Put,55000,113.3,14.05,17.3185,-458,46004,20861
28-Oct-2025,56502.55,Put,56200,333,12.12,17.3185,-2128,7449,20425
28-Oct-2025,56502.55,Put,57000,678,11.34,17.3185,-24,42810,19033
28-Oct-2025,56502.55,Put,56700,524.45,11.61,17.3185,1105,5359,18449
28-Oct-2025,56502.55,Call,56400,671,11.05,17.3185,1699,7262,18309
28-Oct-2025,56502.55,Call,56800,443.6,10.68,17.3185,1577,8382,16961
28-Oct-2025,56502.55,Call,58500,43.3,10.69,17.3185,2883,23075,16145
28-Oct-2025,56474.2,Call,56600,552.45,10.99,17.3185,1166,7751,15871
28-Oct-2025,56502.55,Put,55500,175.4,13.17,17.3185,162,27084,15408
28-Oct-2025,56502.55,Put,52500,29.95,20.81,17.3185,-1580,11522,12988
28-Oct-2025,56502.55,Put,54000,56.45,16.41,17.3185,479,35825,12577
28-Oct-2025,56502.55,Put,56800,573.6,11.52,17.3185,339,5433,11381
28-Oct-2025,56502.55,Put,53000,35.65,19.27,17.3185,155,23174,11338
28-Oct-2025,56502.55,Put,54500,77.15,15.15,17.3185,1317,33456,11259
28-Oct-2025,56502.55,Call,59000,24.6,11.41,17.3185,250,21715,11073
28-Oct-2025,56502.55,Call,56300,735,11.04,17.3185,86,4801,9452
28-Oct-2025,56502.55,Call,56900,397.7,10.6,17.3185,92,4443,9062
28-Oct-2025,56502.55,Call,59500,16.7,12.42,17.3185,-54,9999,8987
28-Oct-2025,56502.55,Put,53500,43.7,17.82,17.3185,-23,19139,8984
28-Oct-2025,56502.55,Put,52000,25.9,22.38,17.3185,848,16829,8905
28-Oct-2025,56502.55,Call,60000,12.6,13.56,17.3185,615,23242,8903
28-Oct-2025,56502.55,Put,56100,304.3,12.23,17.3185,431,5854,8451
28-Oct-2025,56502.55,Call,56000,947,11.44,17.3185,77,25513,7746
28-Oct-2025,56502.55,Call,57200,275.7,10.44,17.3185,624,4675,7703
28-Oct-2025,56502.55,Put,55800,229.7,12.68,17.3185,179,5731,6963
28-Oct-2025,56502.55,Put,51000,20.7,25.57,17.3185,-192,9821,6671
28-Oct-2025,56502.55,Call,57400,215,10.36,17.3185,-148,3708,6671
28-Oct-2025,56502.55,Call,57100,311.95,10.48,17.3185,190,3985,6596
28-Oct-2025,56502.55,Call,57700,139,10.32,17.3185,-284,4444,6549
28-Oct-2025,56502.55,-,0,56685.2,0,17.3185,1111,50815,6404
28-Oct-2025,56502.55,Call,56200,805.05,11.19,17.3185,-266,3942,6104
28-Oct-2025,56502.55,Put,55900,252.35,12.54,17.3185,30,5137,6053
28-Oct-2025,56502.55,Call,57600,162.2,10.32,17.3185,601,5075,5957
28-Oct-2025,56502.55,Call,57300,241.2,10.39,17.3185,340,4645,5860
28-Oct-2025,56502.55,Call,57900,103.25,10.34,17.3185,-73,3191,5844
28-Oct-2025,56502.55,Put,54900,104.5,14.26,17.3185,-2125,4616,5630
28-Oct-2025,56502.55,Put,56900,625.3,11.43,17.3185,-137,3024,5519
28-Oct-2025,56502.55,Call,57800,119.4,10.37,17.3185,-247,4048,5322
28-Oct-2025,56502.55,Put,55700,208.6,12.84,17.3185,191,5245,5015
28-Oct-2025,56502.55,Call,58200,67.4,10.49,17.3185,441,3292,4805
28-Oct-2025,56502.55,Put,55600,192,12.96,17.3185,320,6094,4723
28-Oct-2025,56502.55,Put,51500,22.9,23.96,17.3185,701,5197,4544
28-Oct-2025,56502.55,Put,50000,17.4,28.83,17.3185,613,7450,4467
28-Oct-2025,56502.55,Put,55300,146.95,13.52,17.3185,395,6673,4187
28-Oct-2025,56502.55,Call,58300,58,10.55,17.3185,26,2788,4060
28-Oct-2025,56502.55,Call,58100,77.55,10.44,17.3185,128,2012,3805
28-Oct-2025,56502.55,Put,55400,160.35,13.31,17.3185,17,6305,3744
28-Oct-2025,56502.55,Put,55100,124.4,13.92,17.3185,434,5597,3491
28-Oct-2025,56502.55,Call,61000,7.6,15.67,17.3185,-288,9641,3412
28-Oct-2025,56502.55,Put,54800,96.8,14.47,17.3185,114,6401,3356
28-Oct-2025,56502.55,Call,58700,34.5,10.95,17.3185,414,3961,3140
28-Oct-2025,56502.55,Put,54700,89.5,14.73,17.3185,-254,6880,3089
28-Oct-2025,56502.55,Put,54600,82.7,14.93,17.3185,87,5910,3006
28-Oct-2025,56502.55,Call,60500,9.2,14.52,17.3185,11,6604,3002
28-Oct-2025,56502.55,Call,58400,50.8,10.63,17.3185,-167,2768,2895
28-Oct-2025,56502.55,Put,55200,135.25,13.67,17.3185,-118,5651,2629
28-Oct-2025,56502.55,Put,54100,58.9,16.1,17.3185,337,3256,2535
28-Oct-2025,56502.55,Call,58600,39.3,10.82,17.3185,131,3340,2153
28-Oct-2025,56502.55,Put,57100,738.35,11.39,17.3185,-223,942,1994
28-Oct-2025,56502.55,Put,46000,9.65,42.01,17.3185,501,11524,1971
28-Oct-2025,56502.55,Call,58900,27.2,11.22,17.3185,-152,3507,1931
28-Oct-2025,56502.55,Call,58800,31.05,11.12,17.3185,257,2428,1877
28-Oct-2025,56502.55,Call,59100,23.2,11.65,17.3185,153,872,1866
28-Oct-2025,56502.55,Put,54200,62.95,15.88,17.3185,-120,2518,1857
28-Oct-2025,56502.55,Put,54300,66.95,15.63,17.3185,50,3053,1805
28-Oct-2025,56502.55,Call,63500,3.85,21.42,17.3185,-100,10593,1663
28-Oct-2025,56502.55,Put,54400,72.5,15.37,17.3185,-28,2802,1646
28-Oct-2025,56502.55,Call,56100,875,11.24,17.3185,-47,2779,1511
28-Oct-2025,56502.55,Put,57500,1005,11.23,17.3185,-5,2486,1504
28-Oct-2025,56502.55,Call,59300,19.8,12.06,17.3185,554,883,1433
28-Oct-2025,56502.55,Put,53800,50.15,16.95,17.3185,30,3359,1398
28-Oct-2025,56502.55,Put,57200,798.9,11.25,17.3185,-153,783,1380
28-Oct-2025,56502.55,Put,53900,53.05,16.69,17.3185,263,2929,1266
25-Nov-2025,56502.55,Put,56500,635.65,12.03,17.3185,-105,1374,1264
28-Oct-2025,56502.55,Put,48000,12.1,35.29,17.3185,-150,4277,1244
28-Oct-2025,56502.55,Put,53400,41.7,18.09,17.3185,32,1743,1227
28-Oct-2025,56502.55,Call,62000,5.25,17.93,17.3185,51,3009,1218
28-Oct-2025,56502.55,Call,62500,4.15,18.88,17.3185,1,3023,1117
28-Oct-2025,56502.55,Call,55500,1346,12.14,17.3185,72,12168,1092
25-Nov-2025,56502.55,Put,56000,478.5,12.25,17.3185,74,5257,1086
28-Oct-2025,56502.55,Put,58000,1400.3,11.72,17.3185,257,4287,1071
28-Oct-2025,56502.55,Put,49000,14.1,31.97,17.3185,138,2142,1058
28-Oct-2025,56502.55,Call,59800,13.8,13.04,17.3185,35,739,1008
28-Oct-2025,56502.55,Put,53300,40.1,18.35,17.3185,-68,1085,999
25-Nov-2025,56502.55,Call,60000,79.55,10.28,17.3185,-46,3227,974
25-Nov-2025,56502.55,Call,57000,829.5,9.82,17.3185,54,3479,938
28-Oct-2025,56502.55,Call,55000,1779.85,12.81,17.3185,-76,20760,924
25-Nov-2025,56502.55,Put,55000,256,12.85,17.3185,29,5073,845
28-Oct-2025,56502.55,Call,59200,21.5,11.81,17.3185,180,1304,823
28-Oct-2025,56502.55,Put,53700,47.65,17.21,17.3185,-107,2490,814
25-Nov-2025,56502.55,Put,54000,151,13.94,17.3185,474,5252,781
28-Oct-2025,56502.55,Call,59400,17.55,12.22,17.3185,226,819,739
28-Oct-2025,56502.55,Call,61500,6.25,16.87,17.3185,-23,2360,680
28-Oct-2025,56502.55,Call,59900,13.05,13.28,17.3185,258,648,646
28-Oct-2025,56502.55,Put,53100,36.65,18.96,17.3185,86,1867,645
28-Oct-2025,56502.55,Call,63000,4.2,20.22,17.3185,21,5162,633
28-Oct-2025,56502.55,Put,57300,850.85,11.4,17.3185,-24,505,631
25-Nov-2025,56502.55,Call,58000,409.45,9.64,17.3185,91,5094,627
25-Nov-2025,56502.55,Put,57000,842.15,11.82,17.3185,-26,1735,615
28-Oct-2025,56502.55,Put,48500,13.4,33.76,17.3185,168,1065,582
28-Oct-2025,56502.55,Call,59700,14.55,12.79,17.3185,-41,578,576
28-Oct-2025,56502.55,Put,53200,41,18.68,17.3185,144,1747,571
25-Nov-2025,56502.55,-,0,56979,0,17.3185,-18,5301,568
28-Oct-2025,56502.55,Put,53600,45,17.51,17.3185,-17,1657,564
28-Oct-2025,56502.55,Put,52600,30.8,20.54,17.3185,-28,378,525
28-Oct-2025,56502.55,Put,50500,18.85,27.27,17.3185,-14,2237,495
28-Oct-2025,56502.55,Call,55800,1099.85,11.75,17.3185,71,2732,488
28-Oct-2025,56502.55,Put,52800,33.4,19.83,17.3185,-2,804,480
25-Nov-2025,56502.55,Put,57500,1096.95,11.76,17.3185,-130,388,468
25-Nov-2025,56502.55,Call,56500,1135.25,9.86,17.3185,9,1274,453
28-Oct-2025,56502.55,Call,59600,15.45,12.59,17.3185,7,1039,448
28-Oct-2025,56502.55,Put,52400,28.75,21.17,17.3185,178,513,441
28-Oct-2025,56502.55,Put,52300,28.45,21.53,17.3185,216,505,439
25-Nov-2025,56502.55,Put,54500,194,13.34,17.3185,71,2005,434
28-Oct-2025,56502.55,Call,60100,11.8,13.65,17.3185,47,484,429
28-Oct-2025,56502.55,Put,52200,26.75,21.72,17.3185,150,494,428
28-Oct-2025,56502.55,Put,52100,25.75,22,17.3185,196,397,407
25-Nov-2025,56502.55,Call,57500,596.65,9.67,17.3185,113,1178,406
28-Oct-2025,56502.55,Put,49500,15.65,30.37,17.3185,25,856,405
25-Nov-2025,56502.55,Call,59000,179.35,9.74,17.3185,29,2636,396
28-Oct-2025,56502.55,Put,52700,31.4,20.19,17.3185,21,781,382
28-Oct-2025,56502.55,Put,52900,33.9,19.56,17.3185,68,715,360
28-Oct-2025,56502.55,Put,51900,25.1,22.7,17.3185,108,542,360
28-Oct-2025,56502.55,Call,55900,1051,11.69,17.3185,40,1584,360
28-Oct-2025,56502.55,Put,47500,11.3,36.93,17.3185,-100,1605,332
28-Oct-2025,56502.55,Put,46500,10.45,40.47,17.3185,106,3116,331
25-Nov-2025,56502.55,Call,56000,1454.05,10.02,17.3185,-11,3576,329
28-Oct-2025,56502.55,Put,47000,11,38.77,17.3185,12,2760,322
30-Dec-2025,56502.55,Call,60000,250,9.23,17.3185,90,3025,287
28-Oct-2025,56502.55,Call,55600,1266.75,11.83,17.3185,-32,2767,286
28-Oct-2025,56502.55,Call,53000,3600.1,0,17.3185,152,1849,271
25-Nov-2025,56502.55,Put,55500,353.95,12.48,17.3185,21,1326,243
28-Oct-2025,56502.55,Call,54500,2311.4,15.36,17.3185,130,6648,237
28-Oct-2025,56502.55,Call,55200,1602.5,13.97,17.3185,-90,1952,236
25-Nov-2025,56502.55,Put,52000,58.85,16.31,17.3185,-56,1200,236
28-Oct-2025,56502.55,Put,57400,937.05,11.28,17.3185,0,424,220
28-Oct-2025,56502.55,Put,60000,3323.2,13.87,17.3185,170,3303,208
28-Oct-2025,56502.55,Put,59000,2342.6,13.24,17.3185,-112,1984,199
28-Oct-2025,56502.55,Put,51600,22.6,23.54,17.3185,49,156,195
28-Oct-2025,56502.55,Call,60300,11.2,14.12,17.3185,123,324,194
25-Nov-2025,56502.55,Put,50000,34.9,19.93,17.3185,61,904,189
30-Dec-2025,56502.55,-,0,57338.8,0,17.3185,6,1273,187
25-Nov-2025,56502.55,Put,56700,689.25,11.76,17.3185,24,249,181
25-Nov-2025,56502.55,Put,53500,112.6,14.43,17.3185,13,1951,174
25-Nov-2025,56502.55,Put,53000,87.65,15.06,17.3185,81,2538,169
28-Oct-2025,56502.55,Put,48800,14,32.72,17.3185,28,93,156
28-Oct-2025,56502.55,Put,51700,24.1,23.35,17.3185,56,193,148
25-Nov-2025,56502.55,Call,59500,119.2,9.97,17.3185,52,591,146
28-Oct-2025,56502.55,Put,50300,18.95,28.06,17.3185,27,154,144
28-Oct-2025,56502.55,Call,60800,8.9,15.34,17.3185,88,283,138
28-Oct-2025,56502.55,Call,60200,11.2,13.98,17.3185,18,277,135
28-Oct-2025,56502.55,Put,50900,22,26.04,17.3185,62,282,132
25-Nov-2025,56502.55,Put,58000,1409,11.84,17.3185,-7,477,130
30-Dec-2025,56502.55,Put,57000,973,12.31,17.3185,-27,5198,122
28-Oct-2025,56502.55,Call,55700,1197.7,11.7,17.3185,29,3542,121
25-Nov-2025,56502.55,Put,56600,662.7,11.95,17.3185,-26,294,116
28-Oct-2025,56502.55,Put,51400,25.9,24.93,17.3185,66,395,102
30-Dec-2025,56502.55,Put,53500,212,14.09,17.3185,97,599,99
28-Oct-2025,56502.55,Call,55300,1580.65,13.61,17.3185,0,3003,96
28-Oct-2025,56502.55,Put,51800,24.55,23.04,17.3185,42,332,94
25-Nov-2025,56502.55,Put,51000,41.55,17.98,17.3185,1,34,94
28-Oct-2025,56502.55,Call,54000,2755.35,13.99,17.3185,-14,7221,92
25-Nov-2025,56502.55,Put,56400,606.45,12,17.3185,-11,144,91
30-Dec-2025,56502.55,Put,55000,396.9,12.95,17.3185,38,785,91
25-Nov-2025,56502.55,Call,62000,30.75,12.45,17.3185,9,379,90
25-Nov-2025,56502.55,Put,56300,560,12.12,17.3185,-6,167,88
25-Nov-2025,56502.55,Put,56800,723.95,11.65,17.3185,8,95,88
25-Nov-2025,56502.55,Call,57900,439,9.72,17.3185,75,75,88
28-Oct-2025,56502.55,Put,50100,17.9,28.62,17.3185,50,168,87
28-Oct-2025,56502.55,Call,60400,9.25,14.28,17.3185,26,198,85
28-Oct-2025,56502.55,Call,55400,1344,6.3,17.3185,7,1869,84
25-Nov-2025,56502.55,Call,56700,1020.6,9.88,17.3185,-1,454,84
30-Dec-2025,56502.55,Call,57000,1310,8.92,17.3185,-28,3553,83
28-Oct-2025,56502.55,Put,57700,1144,11.64,17.3185,10,224,80
25-Nov-2025,56502.55,Put,56200,534.5,11.93,17.3185,8,194,80
28-Oct-2025,56502.55,Put,51100,20.85,25.3,17.3185,9,51,79
30-Dec-2025,56502.55,Put,55500,499.85,12.72,17.3185,-32,1791.71428571,79
28-Oct-2025,56502.55,Call,52000,4700,0,17.3185,-60,1896,74
28-Oct-2025,56502.55,Call,60900,8.05,15.58,17.3185,8,234,74
25-Nov-2025,56502.55,Call,58100,384,9.66,17.3185,-10,76,73
28-Oct-2025,56502.55,Call,61100,7.45,15.95,17.3185,36,64,72
25-Nov-2025,56502.55,Put,56900,800,12.71,17.3185,8,62,71
25-Nov-2025,56502.55,Call,56300,1280,10.02,17.3185,41,86,67
30-Dec-2025,56502.55,Put,54000,241.6,13.38,17.3185,8,4619,66
30-Dec-2025,56502.55,Call,56000,1981.35,8.68,17.3185,44,319,56
25-Nov-2025,56502.55,Put,55900,442,12.31,17.3185,-8,134,54
25-Nov-2025,56502.55,Put,52500,71.55,15.69,17.3185,3,726,54
28-Oct-2025,56502.55,Put,58500,1797.75,10.76,17.3185,16,274,50
25-Nov-2025,56502.55,Put,56100,485.05,12.02,17.3185,29,187,50
28-Oct-2025,56502.55,Put,57800,1230,10.17,17.3185,-3,195,49
25-Nov-2025,56502.55,Put,58500,1770.5,11.87,17.3185,9,47,48
28-Oct-2025,56502.55,Put,51200,20.8,24.88,17.3185,-12,100,47
25-Nov-2025,56502.55,Call,55000,2217.65,9.59,17.3185,-8,1087,47
25-Nov-2025,56502.55,Put,55600,363.65,12.4,17.3185,-2,116,46
31-Mar-2026,56502.55,Call,60000,860,7.76,17.3185,-15,732,46
28-Oct-2025,56502.55,Call,60700,8.75,15.12,17.3185,13,119,45
30-Dec-2025,56502.55,Put,56000,630,12.65,17.3185,-5,565,44
28-Oct-2025,56502.55,Call,54900,1940,14.47,17.3185,5,1469,43
30-Dec-2025,56502.55,Call,58500,635,9.21,17.3185,8,1324,43
30-Dec-2025,56502.55,Put,53000,161.4,14.21,17.3185,23,287,43
28-Oct-2025,56502.55,Call,60600,9.05,14.82,17.3185,-9,166,41
28-Oct-2025,56502.55,Put,57600,1037.1,10.78,17.3185,-5,195,40
25-Nov-2025,56502.55,Put,57200,979.5,12.52,17.3185,-13,64,40
25-Nov-2025,56502.55,Call,57600,556.5,9.86,17.3185,9,156,40
25-Nov-2025,56502.55,Put,54900,247.15,13.08,17.3185,-3,102,36
31-Mar-2026,56502.55,Put,57000,1150,13.6,17.3185,6,266,36
25-Nov-2025,56502.55,Put,57100,878.5,11.85,17.3185,14,83,35
25-Nov-2025,56502.55,Call,63000,16.25,13.57,17.3185,20,262,35
25-Nov-2025,56502.55,Call,56600,1058.5,10.1,17.3185,6,110,35
28-Oct-2025,56502.55,Put,49300,15.25,31.2,17.3185,4,72,34
30-Dec-2025,56502.55,Put,54500,317.9,13.22,17.3185,28,622,34
28-Oct-2025,56502.55,Put,48700,14,33.18,17.3185,0,48,33
25-Nov-2025,56502.55,Put,54100,155.25,0,17.3185,0,65,32
25-Nov-2025,56502.55,Call,55500,1840,9.92,17.3185,-2,751,32
25-Nov-2025,56502.55,Put,57400,1065,12.27,17.3185,9,34,28
28-Oct-2025,56502.55,Put,50400,20,27.96,17.3185,17,103,27
25-Nov-2025,56502.55,Call,56400,1188,10.07,17.3185,8,101,27
28-Oct-2025,56502.55,Call,54600,2224.4,15.46,17.3185,-8,1012,26
28-Oct-2025,56502.55,Call,54800,2000,13.17,17.3185,-3,1522,25
30-Dec-2025,56502.55,Put,51000,87.9,16.24,17.3185,8,1291.85714286,25
30-Dec-2025,56502.55,Put,50000,57.9,17.17,17.3185,5,16,25
25-Nov-2025,56502.55,Put,46000,17.5,27.55,17.3185,18,141,24
28-Oct-2025,56502.55,Call,55100,1700,13.69,17.3185,3,1251,23
28-Oct-2025,56502.55,Put,48900,14.25,32.48,17.3185,2,40,23
25-Nov-2025,56502.55,Call,56800,957.5,9.8,17.3185,-1,170,23
28-Oct-2025,56502.55,Call,50000,6680,0,17.3185,-12,3549,21
28-Oct-2025,56502.55,Put,62000,5300,26.26,17.3185,-10,549,20
30-Dec-2025,56502.55,Put,60000,2821.95,13.62,17.3185,0,43,20
25-Nov-2025,56502.55,Call,57200,726.5,9.52,17.3185,0,127,18
30-Dec-2025,56502.55,Put,52500,132,14.62,17.3185,0,2534.28571429,18
28-Oct-2025,56502.55,Put,58600,1974.6,14.76,17.3185,-5,10,17
25-Nov-2025,56502.55,Put,57300,958,11.57,17.3185,-1,52,17
28-Oct-2025,56474.2,Put,50700,19.55,26.56,17.3185,1,157,16
28-Oct-2025,56502.55,Call,61200,7.25,16.28,17.3185,10,87,16
30-Dec-2025,56502.55,Call,64500,29,12.05,17.3185,-4,70,16
25-Nov-2025,56502.55,Call,56900,887.25,9.67,17.3185,1,56,15
28-Oct-2025,56502.55,Call,54700,1987.95,0,17.3185,-12,927,14
28-Oct-2025,56502.55,Put,49900,14.65,28.68,17.3185,9,99,14
28-Oct-2025,56502.55,Put,50800,19.35,26.21,17.3185,-8,139,14
25-Nov-2025,56502.55,Put,55800,433.25,12.63,17.3185,2,161,14
25-Nov-2025,56502.55,Put,54700,211.5,13.07,17.3185,3,147,14
25-Nov-2025,56502.55,Put,59000,2195,13.49,17.3185,5,34,14
30-Dec-2025,56502.55,Put,48000,39,19.86,17.3185,12,165,13
30-Dec-2025,56502.55,Call,54000,3550.05,0,17.3185,11,512,13
28-Oct-2025,56502.55,Call,53500,3192.3,0,17.3185,-1,824,12
25-Nov-2025,56502.55,Put,57600,1163,12.1,17.3185,5,46,12
25-Nov-2025,56502.55,Put,55700,376.65,12.18,17.3185,-8,104,11
25-Nov-2025,56502.55,Call,55600,1715,8.69,17.3185,0,52,11
28-Oct-2025,56502.55,Put,50600,18.7,26.88,17.3185,2,160,10
28-Oct-2025,56502.55,Put,51300,21,24.52,17.3185,0,341,10
25-Nov-2025,56502.55,Call,54000,3094.6,0,17.3185,-3,495,10
28-Oct-2025,56502.55,Call,54400,2340,11.42,17.3185,1,481,9
30-Dec-2025,56502.55,Call,56500,1655.85,9.06,17.3185,3,78,9
28-Oct-2025,56502.55,Put,57900,1286.8,11.2,17.3185,0,39,8
28-Oct-2025,56502.55,Call,53800,2820,0,17.3185,0,97,8
25-Nov-2025,56502.55,Call,57400,593,8.99,17.3185,6,67,8
25-Nov-2025,56502.55,Call,51000,5936.95,0,17.3185,7,30,8
30-Dec-2025,56502.55,Put,58000,1465,12.72,17.3185,-3,121,8
28-Oct-2025,56502.55,Put,58100,1464.7,11.62,17.3185,-3,19,7
25-Nov-2025,56502.55,Call,61500,32,11.68,17.3185,3,8,7
25-Nov-2025,56502.55,Call,58700,235,9.72,17.3185,0,394,7
25-Nov-2025,56502.55,Put,60000,3140,16.34,17.3185,2,158,7
25-Nov-2025,56502.55,Call,57300,663,9.32,17.3185,2,75,6
28-Oct-2025,56502.55,Call,48000,8550,0,17.3185,-1,2185,5
25-Nov-2025,56502.55,Call,55900,1529,9.55,17.3185,0,58,5
25-Nov-2025,56502.55,Call,57100,775,9.52,17.3185,0,192,5
28-Oct-2025,56502.55,Call,54200,2489.8,0,17.3185,0,438,4
28-Oct-2025,56502.55,Put,49100,15,31.91,17.3185,3,80,4
25-Nov-2025,56502.55,Put,60100,3132.75,14.61,17.3185,1,11,4
25-Nov-2025,56502.55,Call,56200,1340,10.1,17.3185,2,141,4
28-Oct-2025,56502.55,Call,51000,5625,0,17.3185,0,994,3
25-Nov-2025,56502.55,Put,47000,21,25.22,17.3185,-1,69,3
28-Oct-2025,56502.55,Call,47000,9550,0,17.3185,-1,373,3
30-Dec-2025,56502.55,Call,51000,6149,0,17.3185,2,135.428571429,3
30-Dec-2025,56474.2,Call,55500,2294.3,7.75,17.3185,-1,916,3
31-Mar-2026,56474.2,Call,58500,1450,7.27,17.3185,1,129,3
28-Oct-2025,56502.55,Put,61000,4336.05,24.54,17.3185,1,624,2
25-Nov-2025,56502.55,Call,50000,6897.25,0,17.3185,1,200,2
31-Mar-2026,56502.55,Call,57000,2299,5.93,17.3185,0,546,2
28-Oct-2025,56502.55,Put,63500,6740,23.52,17.3185,0,242,1
28-Oct-2025,56502.55,Put,59500,2850,18.32,17.3185,0,110,1
25-Nov-2025,56502.55,Put,63500,6484.5,24.01,17.3185,0,1,1
25-Nov-2025,56502.55,Call,53000,4000,0,17.3185,0,60,1
25-Nov-2025,56502.55,Put,58100,1443,11.75,17.3185,0,15,1
25-Nov-2025,56502.55,Call,55300,1974.55,8.91,17.3185,0,49,1
25-Nov-2025,56502.55,Put,55200,271.3,12.41,17.3185,0,281,1
30-Dec-2025,56502.55,Put,57500,1201,12.6,17.3185,0,227,1
28-Oct-2025,56502.55,Call,61600,0,0,0,0,0,0
28-Oct-2025,56502.55,Put,64000,0,0,0,0,0,0
28-Oct-2025,56502.55,Call,61400,0,0,0,0,0,0
28-Oct-2025,56502.55,Call,46000,0,0,17.3185,0,18,0
28-Oct-2025,56502.55,Put,61600,0,0,0,0,0,0
28-Oct-2025,56502.55,Put,60800,0,0,17.3185,0,3,0
28-Oct-2025,56502.55,Put,60400,0,0,17.3185,0,6,0
28-Oct-2025,56502.55,Put,61400,0,0,0,0,0,0
28-Oct-2025,56502.55,Put,59800,0,0,17.3185,0,6,0
28-Oct-2025,56502.55,Call,64000,0,0,0,0,0,0
28-Oct-2025,56502.55,Call,50400,0,0,17.3185,0,4,0
28-Oct-2025,56502.55,Call,51500,0,0,17.3185,0,42,0
28-Oct-2025,56502.55,Call,51600,0,0,17.3185,0,18,0
28-Oct-2025,56502.55,Call,51300,0,0,17.3185,0,11,0
28-Oct-2025,56502.55,Put,59900,0,0,17.3185,0,11,0
28-Oct-2025,56502.55,Call,51400,0,0,17.3185,0,12,0
28-Oct-2025,56502.55,Call,51900,0,0,17.3185,0,14,0
28-Oct-2025,56502.55,Call,51700,0,0,17.3185,0,18,0
28-Oct-2025,56502.55,Call,52200,0,0,17.3185,0,11,0
28-Oct-2025,56502.55,Call,52400,0,0,17.3185,0,9,0
28-Oct-2025,56502.55,Call,52300,0,0,17.3185,0,14,0
28-Oct-2025,56502.55,Call,52600,0,0,17.3185,0,13,0
28-Oct-2025,56502.55,Call,52700,0,0,17.3185,0,5,0
28-Oct-2025,56502.55,Call,51800,0,0,17.3185,0,20,0
28-Oct-2025,56502.55,Call,52500,0,0,17.3185,0,207,0
28-Oct-2025,56502.55,Call,52100,0,0,17.3185,0,12,0
28-Oct-2025,56502.55,Call,52900,0,0,17.3185,0,40,0
28-Oct-2025,56502.55,Put,60300,0,0,17.3185,0,6,0
28-Oct-2025,56502.55,Put,60100,0,0,17.3185,0,9,0
28-Oct-2025,56502.55,Put,60200,0,0,17.3185,0,6,0
28-Oct-2025,56502.55,Call,52800,0,0,17.3185,0,15,0
28-Oct-2025,56502.55,Put,60500,0,0,17.3185,0,18,0
28-Oct-2025,56502.55,Put,60900,0,0,17.3185,0,3,0
28-Oct-2025,56502.55,Put,59700,0,0,17.3185,0,6,0
28-Oct-2025,56502.55,Put,60700,0,0,17.3185,0,4,0
28-Oct-2025,56502.55,Put,60600,0,0,17.3185,0,6,0
28-Oct-2025,56502.55,Put,61500,0,0,17.3185,0,4,0
28-Oct-2025,56502.55,Call,47500,0,0,17.3185,0,1,0
28-Oct-2025,56474.2,Put,63000,0,0,17.3185,0,1038,0
28-Oct-2025,56502.55,Call,50100,0,0,17.3185,0,45,0
28-Oct-2025,56502.55,Put,62500,0,0,17.3185,0,1,0
28-Oct-2025,56502.55,Call,50200,0,0,17.3185,0,3,0
28-Oct-2025,56502.55,Put,59400,0,0,17.3185,0,8,0
28-Oct-2025,56502.55,Put,61300,0,0,0,0,0,0
28-Oct-2025,56502.55,Call,50300,0,0,17.3185,0,5,0
28-Oct-2025,56502.55,Call,61300,0,0,0,0,0,0
28-Oct-2025,56502.55,Call,53100,0,0,17.3185,0,8,0
28-Oct-2025,56502.55,Call,53200,0,0,17.3185,0,13,0
28-Oct-2025,56502.55,Call,53300,0,0,17.3185,0,17,0
28-Oct-2025,56502.55,Call,53900,0,0,17.3185,0,190,0
28-Oct-2025,56502.55,Call,53700,0,0,17.3185,0,147,0
28-Oct-2025,56502.55,Call,53600,0,0,17.3185,0,71,0
28-Oct-2025,56502.55,Call,54100,0,0,17.3185,0,255,0
28-Oct-2025,56502.55,Call,53400,0,0,17.3185,0,148,0
28-Oct-2025,56502.55,Call,54300,0,0,17.3185,0,413,0
28-Oct-2025,56502.55,Put,58400,0,0,17.3185,0,13,0
28-Oct-2025,56502.55,Put,58200,0,0,17.3185,0,19,0
28-Oct-2025,56502.55,Put,58300,0,0,17.3185,0,9,0
28-Oct-2025,56502.55,Call,48500,0,0,17.3185,0,25,0
28-Oct-2025,56502.55,Put,58900,0,0,17.3185,0,29,0
28-Oct-2025,56502.55,Call,49500,0,0,17.3185,0,8,0
28-Oct-2025,56502.55,Call,51100,0,0,17.3185,0,6,0
28-Oct-2025,56502.55,Call,51200,0,0,17.3185,0,10,0
28-Oct-2025,56502.55,Call,49000,0,0,17.3185,0,555,0
28-Oct-2025,56502.55,Call,46500,0,0,17.3185,0,37,0
28-Oct-2025,56502.55,Put,50200,0,0,17.3185,0,67,0
28-Oct-2025,56502.55,Call,50500,0,0,17.3185,0,82,0
28-Oct-2025,56502.55,Call,50700,0,0,17.3185,0,7,0
28-Oct-2025,56502.55,Put,59600,0,0,17.3185,0,8,0
28-Oct-2025,56502.55,Call,50600,0,0,17.3185,0,5,0
28-Oct-2025,56502.55,Call,48800,0,0,17.3185,0,2,0
28-Oct-2025,56502.55,Put,59100,0,0,17.3185,0,8,0
28-Oct-2025,56474.2,Call,50800,0,0,17.3185,0,6,0
28-Oct-2025,56502.55,Put,59200,0,0,17.3185,0,10,0
28-Oct-2025,56502.55,Put,59300,0,0,17.3185,0,8,0
28-Oct-2025,56502.55,Call,48700,0,0,17.3185,0,0,0
28-Oct-2025,56502.55,Put,49800,0,0,17.3185,0,207,0
28-Oct-2025,56502.55,Call,49800,0,0,17.3185,0,1,0
28-Oct-2025,56502.55,Put,49700,0,0,17.3185,0,81,0
28-Oct-2025,56502.55,Put,49600,0,0,17.3185,0,85,0
28-Oct-2025,56502.55,Call,49600,0,0,17.3185,0,0,0
28-Oct-2025,56502.55,Put,58800,0,0,17.3185,0,9,0
28-Oct-2025,56502.55,Put,61100,0,0,17.3185,0,0,0
28-Oct-2025,56502.55,Call,48900,0,0,17.3185,0,0,0
28-Oct-2025,56502.55,Call,49100,0,0,17.3185,0,0,0
28-Oct-2025,56502.55,Put,61200,0,0,17.3185,0,0,0
28-Oct-2025,56502.55,Call,49700,0,0,17.3185,0,1,0
28-Oct-2025,56502.55,Call,49300,0,0,17.3185,0,0,0
25-Nov-2025,56502.55,Call,60800,0,0,17.3185,0,0,0
28-Oct-2025,56502.55,Put,58700,0,0,17.3185,0,9,0
25-Nov-2025,56502.55,Put,60800,0,0,17.3185,0,0,0
28-Oct-2025,56502.55,Put,49200,0,0,17.3185,0,76,0
28-Oct-2025,56502.55,Call,49900,0,0,17.3185,0,1,0
25-Nov-2025,56502.55,Put,52600,0,0,17.3185,0,0,0
25-Nov-2025,56502.55,Put,61100,0,0,17.3185,0,0,0
25-Nov-2025,56502.55,Put,55400,0,0,17.3185,0,116,0
25-Nov-2025,56502.55,Put,59700,0,0,17.3185,0,12,0
25-Nov-2025,56502.55,Call,53900,0,0,17.3185,0,7,0
25-Nov-2025,56502.55,Call,55800,0,0,17.3185,0,81,0
25-Nov-2025,56502.55,Call,54200,0,0,17.3185,0,7,0
28-Oct-2025,56474.2,Call,50900,0,0,17.3185,0,6,0
25-Nov-2025,56502.55,Put,52700,0,0,17.3185,0,0,0
25-Nov-2025,56502.55,Call,52800,0,0,17.3185,0,5,0
25-Nov-2025,56502.55,Call,61200,0,0,17.3185,0,0,0
25-Nov-2025,56502.55,Call,51400,0,0,17.3185,0,4,0
25-Nov-2025,56502.55,Put,51200,0,0,17.3185,0,0,0
25-Nov-2025,56502.55,Call,50500,0,0,17.3185,0,5,0
25-Nov-2025,56502.55,Call,50800,0,0,17.3185,0,1,0
25-Nov-2025,56502.55,Put,54400,0,0,17.3185,0,0,0
25-Nov-2025,56502.55,Call,50700,0,0,17.3185,0,2,0
25-Nov-2025,56502.55,Put,54600,0,0,17.3185,0,95,0
25-Nov-2025,56502.55,Call,55100,0,0,17.3185,0,20,0
25-Nov-2025,56502.55,Call,48700,0,0,17.3185,0,0,0
25-Nov-2025,56502.55,Put,60600,0,0,17.3185,0,8,0
25-Nov-2025,56502.55,Call,60600,0,0,17.3185,0,0,0
25-Nov-2025,56502.55,Call,53500,0,0,17.3185,0,30,0
25-Nov-2025,56502.55,Put,53100,0,0,17.3185,0,0,0
25-Nov-2025,56502.55,Put,51500,0,0,17.3185,0,143,0
25-Nov-2025,56502.55,Call,59700,0,0,17.3185,0,0,0
25-Nov-2025,56502.55,Put,58300,0,0,17.3185,0,10,0
25-Nov-2025,56502.55,Call,59800,0,0,17.3185,0,0,0
25-Nov-2025,56502.55,Put,58800,0,0,17.3185,0,10,0
25-Nov-2025,56502.55,Call,59100,0,0,17.3185,0,0,0
25-Nov-2025,56502.55,Call,49200,0,0,17.3185,0,0,0
25-Nov-2025,56502.55,Call,52900,0,0,17.3185,0,5,0
28-Oct-2025,56502.55,Put,49400,0,0,17.3185,0,59,0
28-Oct-2025,56502.55,Call,49400,0,0,17.3185,0,0,0
25-Nov-2025,56502.55,Call,54400,0,0,17.3185,0,6,0
25-Nov-2025,56502.55,Call,54800,0,0,17.3185,0,34,0
25-Nov-2025,56502.55,Call,50100,0,0,17.3185,0,0,0
25-Nov-2025,56502.55,Call,61100,0,0,17.3185,0,1,0
25-Nov-2025,56502.55,Call,50900,0,0,17.3185,0,3,0
25-Nov-2025,56502.55,Put,59600,0,0,17.3185,0,12,0
25-Nov-2025,56502.55,Call,55200,0,0,17.3185,0,39,0
25-Nov-2025,56502.55,Call,49500,0,0,17.3185,0,0,0
25-Nov-2025,56502.55,Call,51300,0,0,17.3185,0,3,0
25-Nov-2025,56502.55,Call,53100,0,0,17.3185,0,6,0
25-Nov-2025,56502.55,Call,53600,0,0,17.3185,0,9,0
25-Nov-2025,56502.55,Call,51100,0,0,17.3185,0,3,0
25-Nov-2025,56502.55,Put,49200,0,0,17.3185,0,0,0
25-Nov-2025,56502.55,Put,58200,0,0,17.3185,0,14,0
25-Nov-2025,56502.55,Call,55700,0,0,17.3185,0,25,0
25-Nov-2025,56502.55,Call,59600,0,0,17.3185,0,0,0
25-Nov-2025,56502.55,Call,48900,0,0,17.3185,0,0,0
25-Nov-2025,56502.55,Call,48500,0,0,17.3185,0,0,0
25-Nov-2025,56502.55,Call,47000,0,0,17.3185,0,0,0
28-Oct-2025,56502.55,Call,49200,0,0,17.3185,0,0,0
25-Nov-2025,56502.55,Call,52000,0,0,17.3185,0,61,0
25-Nov-2025,56502.55,Call,49800,0,0,17.3185,0,0,0
25-Nov-2025,56502.55,Put,53200,0,0,17.3185,0,0,0
25-Nov-2025,56502.55,Call,53800,0,0,17.3185,0,22,0
25-Nov-2025,56502.55,Call,53400,0,0,17.3185,0,6,0
25-Nov-2025,56502.55,Call,50600,0,0,17.3185,0,1,0
25-Nov-2025,56502.55,Call,47500,0,0,17.3185,0,0,0
25-Nov-2025,56502.55,Call,49300,0,0,17.3185,0,0,0
25-Nov-2025,56502.55,Call,49400,0,0,17.3185,0,0,0
25-Nov-2025,56502.55,Call,49000,0,0,17.3185,0,0,0
25-Nov-2025,56502.55,Call,51200,0,0,17.3185,0,2,0
25-Nov-2025,56502.55,Call,50200,0,0,17.3185,0,1,0
25-Nov-2025,56502.55,Call,50300,0,0,17.3185,0,2,0
25-Nov-2025,56502.55,Call,50400,0,0,17.3185,0,1,0
25-Nov-2025,56502.55,Call,51500,0,0,17.3185,0,15,0
25-Nov-2025,56502.55,Call,53700,0,0,17.3185,0,7,0
25-Nov-2025,56502.55,Put,58900,0,0,17.3185,0,25,0
25-Nov-2025,56502.55,Put,57900,0,0,17.3185,0,19,0
25-Nov-2025,56502.55,Call,48800,0,0,17.3185,0,0,0
25-Nov-2025,56502.55,Call,49900,0,0,17.3185,0,1,0
25-Nov-2025,56502.55,Call,49100,0,0,17.3185,0,0,0
25-Nov-2025,56502.55,Call,53300,0,0,17.3185,0,6,0
25-Nov-2025,56502.55,Call,49700,0,0,17.3185,0,0,0
25-Nov-2025,56502.55,Call,48000,0,0,17.3185,0,82,0
25-Nov-2025,56502.55,Call,49600,0,0,17.3185,0,0,0
25-Nov-2025,56502.55,Put,61200,0,0,17.3185,0,0,0
25-Nov-2025,56502.55,Put,55100,0,0,17.3185,0,0,0
25-Nov-2025,56502.55,Put,52300,0,0,17.3185,0,0,0
25-Nov-2025,56502.55,Put,52200,0,0,17.3185,0,0,0
25-Nov-2025,56502.55,Put,51400,0,0,17.3185,0,0,0
25-Nov-2025,56502.55,Call,64000,0,0,0,0,0,0
25-Nov-2025,56502.55,Put,61600,0,0,0,0,0,0
25-Nov-2025,56502.55,Put,61400,0,0,0,0,0,0
25-Nov-2025,56502.55,Call,61400,0,0,0,0,0,0
25-Nov-2025,56502.55,Put,61300,0,0,0,0,0,0
25-Nov-2025,56474.2,Put,50300,0,0,17.3185,0,0,0
25-Nov-2025,56474.2,Put,49600,0,0,17.3185,0,0,0
25-Nov-2025,56502.55,Call,63500,0,0,17.3185,0,0,0
25-Nov-2025,56474.2,Put,60900,0,0,17.3185,0,0,0
25-Nov-2025,56502.55,Call,60900,0,0,17.3185,0,0,0
25-Nov-2025,56502.55,Put,48000,0,0,17.3185,0,898,0
25-Nov-2025,56502.55,Call,56100,0,0,17.3185,0,108,0
25-Nov-2025,56502.55,Put,59200,0,0,17.3185,0,11,0
25-Nov-2025,56474.2,Call,59200,0,0,17.3185,0,0,0
25-Nov-2025,56502.55,Put,60200,0,0,17.3185,0,9,0
25-Nov-2025,56502.55,Call,60200,0,0,17.3185,0,0,0
25-Nov-2025,56502.55,Put,51800,0,0,17.3185,0,0,0
25-Nov-2025,56502.55,Put,51100,0,0,17.3185,0,0,0
25-Nov-2025,56502.55,Call,58200,0,0,17.3185,0,0,0
25-Nov-2025,56502.55,Put,57800,0,0,17.3185,0,95,0
25-Nov-2025,56502.55,Put,60700,0,0,17.3185,0,9,0
25-Nov-2025,56502.55,Call,60700,0,0,17.3185,0,0,0
25-Nov-2025,56502.55,Put,59500,0,0,17.3185,0,16,0
25-Nov-2025,56502.55,Put,59900,0,0,17.3185,0,11,0
25-Nov-2025,56502.55,Call,58900,0,0,17.3185,0,0,0
25-Nov-2025,56502.55,Put,50900,0,0,17.3185,0,1,0
25-Nov-2025,56502.55,Put,46500,0,0,17.3185,0,9,0
25-Nov-2025,56502.55,Call,46000,0,0,17.3185,0,0,0
25-Nov-2025,56502.55,Put,59800,0,0,17.3185,0,12,0
25-Nov-2025,56502.55,Put,60500,0,0,17.3185,0,8,0
25-Nov-2025,56502.55,Put,55300,0,0,17.3185,0,0,0
25-Nov-2025,56502.55,Put,54800,0,0,17.3185,0,1,0
25-Nov-2025,56502.55,Put,52400,0,0,17.3185,0,0,0
25-Nov-2025,56502.55,Put,52100,0,0,17.3185,0,0,0
25-Nov-2025,56502.55,Put,51900,0,0,17.3185,0,0,0
25-Nov-2025,56502.55,Put,51300,0,0,17.3185,0,0,0
25-Nov-2025,56502.55,Put,49900,0,0,17.3185,0,0,0
25-Nov-2025,56502.55,Put,49700,0,0,17.3185,0,0,0
25-Nov-2025,56502.55,Put,51600,0,0,17.3185,0,0,0
25-Nov-2025,56502.55,Put,50800,0,0,17.3185,0,0,0
25-Nov-2025,56502.55,Put,48800,0,0,17.3185,0,0,0
25-Nov-2025,56502.55,Call,61000,0,0,17.3185,0,1,0
25-Nov-2025,56502.55,Call,60500,0,0,17.3185,0,0,0
25-Nov-2025,56502.55,Call,58500,0,0,17.3185,0,0,0
25-Nov-2025,56502.55,Call,55400,0,0,17.3185,0,138,0
25-Nov-2025,56502.55,Call,54900,0,0,17.3185,0,53,0
25-Nov-2025,56502.55,Call,54700,0,0,17.3185,0,34,0
25-Nov-2025,56502.55,Call,54600,0,0,17.3185,0,18,0
25-Nov-2025,56502.55,Put,54300,0,0,17.3185,0,0,0
25-Nov-2025,56502.55,Call,54300,0,0,17.3185,0,8,0
25-Nov-2025,56502.55,Put,53800,0,0,17.3185,0,0,0
25-Nov-2025,56502.55,Call,54500,0,0,17.3185,0,189,0
25-Nov-2025,56502.55,Call,54100,0,0,17.3185,0,6,0
25-Nov-2025,56502.55,Put,54200,0,0,17.3185,0,0,0
25-Nov-2025,56502.55,Put,61500,0,0,17.3185,0,5,0
25-Nov-2025,56502.55,Put,61000,0,0,17.3185,0,35,0
25-Nov-2025,56502.55,Put,48900,0,0,17.3185,0,0,0
30-Dec-2025,56502.55,Put,61000,0,0,17.3185,0,0,0
30-Dec-2025,56502.55,Put,57600,0,0,17.3185,0,0,0
30-Dec-2025,56502.55,Put,55700,0,0,17.3185,0,6,0
30-Dec-2025,56502.55,Put,57800,0,0,17.3185,0,0,0
30-Dec-2025,56502.55,Put,60800,0,0,17.3185,0,0,0
25-Nov-2025,56502.55,Put,47500,0,0,17.3185,0,42,0
25-Nov-2025,56502.55,Put,52900,0,0,17.3185,0,0,0
25-Nov-2025,56502.55,Put,49800,0,0,17.3185,0,0,0
25-Nov-2025,56502.55,Put,49300,0,0,17.3185,0,0,0
25-Nov-2025,56502.55,Put,58700,0,0,17.3185,0,12,0
25-Nov-2025,56502.55,Put,52800,0,0,17.3185,0,0,0
25-Nov-2025,56502.55,Call,62500,0,0,17.3185,0,1,0
25-Nov-2025,56502.55,Put,53900,0,0,17.3185,0,0,0
25-Nov-2025,56502.55,Put,49400,0,0,17.3185,0,4,0
25-Nov-2025,56502.55,Put,62000,0,0,17.3185,0,6,0
25-Nov-2025,56502.55,Put,59400,0,0,17.3185,0,12,0
25-Nov-2025,56502.55,Put,59300,0,0,17.3185,0,13,0
25-Nov-2025,56502.55,Put,50200,0,0,17.3185,0,0,0
25-Nov-2025,56502.55,Put,50100,0,0,17.3185,0,0,0
25-Nov-2025,56502.55,Put,57700,0,0,17.3185,0,47,0
25-Nov-2025,56502.55,Call,58800,0,0,17.3185,0,0,0
25-Nov-2025,56502.55,Call,58600,0,0,17.3185,0,1,0
25-Nov-2025,56502.55,Call,58400,0,0,17.3185,0,0,0
25-Nov-2025,56502.55,Call,58300,0,0,17.3185,0,0,0
25-Nov-2025,56502.55,Put,49000,0,0,17.3185,0,101,0
25-Nov-2025,56502.55,Put,48500,0,0,17.3185,0,26,0
25-Nov-2025,56502.55,Put,58600,0,0,17.3185,0,10,0
25-Nov-2025,56502.55,Put,51700,0,0,17.3185,0,0,0
25-Nov-2025,56502.55,Call,61300,0,0,0,0,0,0
25-Nov-2025,56502.55,Call,46500,0,0,17.3185,0,0,0
25-Nov-2025,56502.55,Put,53400,0,0,17.3185,0,1,0
25-Nov-2025,56502.55,Put,53300,0,0,17.3185,0,0,0
25-Nov-2025,56502.55,Call,59400,0,0,17.3185,0,0,0
25-Nov-2025,56502.55,Put,59100,0,0,17.3185,0,13,0
25-Nov-2025,56502.55,Put,53700,0,0,17.3185,0,0,0
25-Nov-2025,56502.55,Put,53600,0,0,17.3185,0,0,0
25-Nov-2025,56502.55,Call,52500,0,0,17.3185,0,10,0
25-Nov-2025,56502.55,Call,52400,0,0,17.3185,0,7,0
25-Nov-2025,56502.55,Call,52300,0,0,17.3185,0,7,0
25-Nov-2025,56502.55,Call,52200,0,0,17.3185,0,7,0
25-Nov-2025,56502.55,Call,52100,0,0,17.3185,0,13,0
25-Nov-2025,56502.55,Call,51900,0,0,17.3185,0,8,0
25-Nov-2025,56502.55,Call,51800,0,0,17.3185,0,8,0
25-Nov-2025,56502.55,Call,51700,0,0,17.3185,0,6,0
25-Nov-2025,56502.55,Call,51600,0,0,17.3185,0,4,0
25-Nov-2025,56502.55,Put,49100,0,0,17.3185,0,0,0
25-Nov-2025,56502.55,Put,62500,0,0,17.3185,0,6,0
25-Nov-2025,56502.55,Call,60100,0,0,17.3185,0,0,0
25-Nov-2025,56502.55,Put,64000,0,0,0,0,0,0
25-Nov-2025,56502.55,Put,49500,0,0,17.3185,0,49,0
25-Nov-2025,56502.55,Put,63000,0,0,17.3185,0,50,0
25-Nov-2025,56502.55,Call,61600,0,0,0,0,0,0
25-Nov-2025,56502.55,Put,48700,0,0,17.3185,0,0,0
25-Nov-2025,56502.55,Put,50400,0,0,17.3185,0,0,0
25-Nov-2025,56502.55,Put,58400,0,0,17.3185,0,14,0
25-Nov-2025,56502.55,Call,60400,0,0,17.3185,0,0,0
25-Nov-2025,56502.55,Call,60300,0,0,17.3185,0,0,0
25-Nov-2025,56502.55,Call,53200,0,0,17.3185,0,5,0
25-Nov-2025,56502.55,Call,57700,0,0,17.3185,0,0,0
25-Nov-2025,56502.55,Call,52700,0,0,17.3185,0,6,0
25-Nov-2025,56502.55,Call,52600,0,0,17.3185,0,10,0
25-Nov-2025,56502.55,Call,57800,0,0,17.3185,0,0,0
25-Nov-2025,56502.55,Put,50600,0,0,17.3185,0,0,0
25-Nov-2025,56502.55,Put,60300,0,0,17.3185,0,9,0
25-Nov-2025,56502.55,Put,50700,0,0,17.3185,0,0,0
25-Nov-2025,56502.55,Put,60400,0,0,17.3185,0,9,0
30-Dec-2025,56502.55,Call,57100,0,0,17.3185,0,4,0
30-Dec-2025,56474.2,Call,48500,0,0,17.3185,0,0,0
30-Dec-2025,56474.2,Call,47500,0,0,17.3185,0,0,0
30-Dec-2025,56502.55,Call,47000,0,0,17.3185,0,0,0
30-Dec-2025,56502.55,Put,49500,0,0,17.3185,0,4,0
30-Dec-2025,56502.55,Call,60700,0,0,17.3185,0,0,0
30-Dec-2025,56502.55,Call,51200,0,0,17.3185,0,0,0
30-Dec-2025,56502.55,Call,51100,0,0,17.3185,0,0,0
30-Dec-2025,56474.2,Call,50900,0,0,17.3185,0,0,0
30-Dec-2025,56502.55,Put,52400,0,0,17.3185,0,0,0
30-Dec-2025,56502.55,Call,61600,0,0,0,0,0,0
30-Dec-2025,56502.55,Call,61400,0,0,0,0,0,0
30-Dec-2025,56502.55,Call,61300,0,0,0,0,0,0
30-Dec-2025,56502.55,Call,63500,0,0,17.3185,0,0,0
30-Dec-2025,56502.55,Call,61100,0,0,17.3185,0,0,0
30-Dec-2025,56502.55,Call,55800,0,0,17.3185,0,0,0
30-Dec-2025,56502.55,Call,55700,0,0,17.3185,0,0,0
30-Dec-2025,56502.55,Put,55400,0,0,17.3185,0,0,0
30-Dec-2025,56502.55,Call,55400,0,0,17.3185,0,0,0
30-Dec-2025,56502.55,Put,55300,0,0,17.3185,0,0,0
30-Dec-2025,56502.55,Put,55200,0,0,17.3185,0,0,0
30-Dec-2025,56502.55,Put,55100,0,0,17.3185,0,0,0
30-Dec-2025,56502.55,Put,54900,0,0,17.3185,0,0,0
30-Dec-2025,56502.55,Call,54900,0,0,17.3185,0,0,0
30-Dec-2025,56502.55,Put,54800,0,0,17.3185,0,0,0
30-Dec-2025,56502.55,Put,54600,0,0,17.3185,0,0,0
30-Dec-2025,56502.55,Call,60900,0,0,17.3185,0,0,0
30-Dec-2025,56474.2,Call,60800,0,0,17.3185,0,0,0
30-Dec-2025,56502.55,Call,50600,0,0,17.3185,0,0,0
30-Dec-2025,56474.2,Put,50500,0,0,17.3185,0,0,0
30-Dec-2025,56502.55,Call,50500,0,0,17.3185,0,0,0
30-Dec-2025,56502.55,Call,50300,0,0,17.3185,0,0,0
30-Dec-2025,56502.55,Call,50200,0,0,17.3185,0,0,0
30-Dec-2025,56502.55,Call,50100,0,0,17.3185,0,0,0
30-Dec-2025,56502.55,Call,49800,0,0,17.3185,0,0,0
30-Dec-2025,56502.55,Call,54600,0,0,17.3185,0,0,0
30-Dec-2025,56502.55,Put,54400,0,0,17.3185,0,0,0
30-Dec-2025,56502.55,Put,54300,0,0,17.3185,0,0,0
30-Dec-2025,56502.55,Put,54200,0,0,17.3185,0,0,0
30-Dec-2025,56502.55,Call,54100,0,0,17.3185,0,0,0
30-Dec-2025,56474.2,Put,53900,0,0,17.3185,0,0,0
30-Dec-2025,56502.55,Put,53800,0,0,17.3185,0,0,0
30-Dec-2025,56502.55,Put,56800,0,0,17.3185,0,17,0
30-Dec-2025,56502.55,Call,64000,0,0,0,0,0,0
30-Dec-2025,56502.55,Call,62500,0,0,17.3185,0,1,0
30-Dec-2025,56502.55,Put,60300,0,0,17.3185,0,0,0
30-Dec-2025,56502.55,Call,60300,0,0,17.3185,0,0,0
30-Dec-2025,56502.55,Put,60200,0,0,17.3185,0,0,0
30-Dec-2025,56502.55,Call,60200,0,0,17.3185,0,0,0
30-Dec-2025,56502.55,Put,60100,0,0,17.3185,0,0,0
30-Dec-2025,56502.55,Call,60100,0,0,17.3185,0,0,0
30-Dec-2025,56502.55,Put,59900,0,0,17.3185,0,0,0
30-Dec-2025,56502.55,Call,59900,0,0,17.3185,0,0,0
30-Dec-2025,56502.55,Put,59800,0,0,17.3185,0,0,0
30-Dec-2025,56502.55,Call,59800,0,0,17.3185,0,0,0
30-Dec-2025,56502.55,Put,59700,0,0,17.3185,0,0,0
30-Dec-2025,56502.55,Call,59700,0,0,17.3185,0,0,0
30-Dec-2025,56502.55,Put,56900,0,0,17.3185,0,9,0
30-Dec-2025,56502.55,Put,56700,0,0,17.3185,0,12,0
30-Dec-2025,56502.55,Put,54100,0,0,17.3185,0,0,0
30-Dec-2025,56502.55,Put,59000,0,0,17.3185,0,0,0
30-Dec-2025,56502.55,Put,52900,0,0,17.3185,0,0,0
30-Dec-2025,56502.55,Put,57300,0,0,17.3185,0,7,0
30-Dec-2025,56502.55,Put,57200,0,0,17.3185,0,4,0
30-Dec-2025,56502.55,Put,57100,0,0,17.3185,0,6,0
30-Dec-2025,56502.55,Put,56500,0,0,17.3185,0,0,0
25-Nov-2025,56502.55,Call,59900,0,0,17.3185,0,0,0
30-Dec-2025,56502.55,Put,55800,0,0,17.3185,0,0,0
30-Dec-2025,56502.55,Put,57900,0,0,17.3185,0,0,0
30-Dec-2025,56502.55,Put,57700,0,0,17.3185,0,0,0
30-Dec-2025,56502.55,Put,60600,0,0,17.3185,0,0,0
30-Dec-2025,56502.55,Put,61500,0,0,17.3185,0,0,0
25-Nov-2025,56502.55,Put,50500,0,0,17.3185,0,32,0
30-Dec-2025,56502.55,Put,58600,0,0,17.3185,0,0,0
30-Dec-2025,56502.55,Put,58800,0,0,17.3185,0,0,0
30-Dec-2025,56502.55,Put,59600,0,0,17.3185,0,0,0
30-Dec-2025,56502.55,Put,57400,0,0,17.3185,0,0,0
30-Dec-2025,56502.55,Put,63000,0,0,17.3185,0,0,0
25-Nov-2025,56502.55,Call,59300,0,0,17.3185,0,0,0
30-Dec-2025,56502.55,Put,58200,0,0,17.3185,0,0,0
30-Dec-2025,56502.55,Put,62500,0,0,17.3185,0,0,0
30-Dec-2025,56502.55,Put,52100,0,0,17.3185,0,0,0
30-Dec-2025,56502.55,Put,60500,0,0,17.3185,0,0,0
30-Dec-2025,56502.55,Put,62000,0,0,17.3185,0,0,0
30-Dec-2025,56502.55,Put,58700,0,0,17.3185,0,0,0
30-Dec-2025,56502.55,Put,56400,0,0,17.3185,0,0,0
30-Dec-2025,56502.55,Put,58100,0,0,17.3185,0,0,0
30-Dec-2025,56502.55,Put,56300,0,0,17.3185,0,0,0
30-Dec-2025,56502.55,Put,54700,0,0,17.3185,0,0,0
30-Dec-2025,56502.55,Put,53700,0,0,17.3185,0,0,0
30-Dec-2025,56502.55,Put,46500,0,0,17.3185,0,0,0
30-Dec-2025,56502.55,Put,43500,0,0,17.3185,0,37.8571428571,0
30-Dec-2025,56502.55,Put,58400,0,0,17.3185,0,0,0
30-Dec-2025,56502.55,Put,61200,0,0,17.3185,0,0,0
30-Dec-2025,56502.55,Put,55600,0,0,17.3185,0,0,0
30-Dec-2025,56502.55,Put,58500,0,0,17.3185,0,297,0
30-Dec-2025,56502.55,Call,51700,0,0,17.3185,0,0,0
30-Dec-2025,56502.55,Call,51600,0,0,17.3185,0,0,0
30-Dec-2025,56502.55,Put,51500,0,0,17.3185,0,0,0
30-Dec-2025,56502.55,Call,51300,0,0,17.3185,0,0,0
30-Dec-2025,56502.55,Call,50800,0,0,17.3185,0,0,0
30-Dec-2025,56502.55,Call,50700,0,0,17.3185,0,0,0
30-Dec-2025,56502.55,Call,50400,0,0,17.3185,0,0,0
30-Dec-2025,56502.55,Call,50000,0,0,17.3185,0,3,0
30-Dec-2025,56502.55,Put,47000,0,0,17.3185,0,2,0
30-Dec-2025,56502.55,Call,58100,0,0,17.3185,0,0,0
30-Dec-2025,56502.55,Call,58000,0,0,17.3185,0,0,0
30-Dec-2025,56502.55,Call,57900,0,0,17.3185,0,0,0
30-Dec-2025,56502.55,Call,57800,0,0,17.3185,0,0,0
30-Dec-2025,56502.55,Call,57600,0,0,17.3185,0,0,0
30-Dec-2025,56502.55,Call,57500,0,0,17.3185,0,0,0
30-Dec-2025,56502.55,Call,57400,0,0,17.3185,0,0,0
30-Dec-2025,56502.55,Call,56800,0,0,17.3185,0,0,0
30-Dec-2025,56502.55,Call,56700,0,0,17.3185,0,2,0
30-Dec-2025,56502.55,Call,56300,0,0,17.3185,0,0,0
30-Dec-2025,56502.55,Call,55900,0,0,17.3185,0,0,0
30-Dec-2025,56502.55,Call,55600,0,0,17.3185,0,0,0
30-Dec-2025,56502.55,Call,55300,0,0,17.3185,0,0,0
30-Dec-2025,56502.55,Call,55200,0,0,17.3185,0,0,0
30-Dec-2025,56502.55,Put,59500,0,0,17.3185,0,0,0
30-Dec-2025,56502.55,Put,58300,0,0,17.3185,0,0,0
30-Dec-2025,56502.55,Put,61100,0,0,17.3185,0,0,0
30-Dec-2025,56502.55,Put,64000,0,0,0,0,0,0
30-Dec-2025,56502.55,Put,61600,0,0,0,0,0,0
30-Dec-2025,56502.55,Put,61400,0,0,0,0,0,0
30-Dec-2025,56502.55,Put,61300,0,0,0,0,0,0
30-Dec-2025,56474.2,Call,61200,0,0,17.3185,0,0,0
30-Dec-2025,56502.55,Put,63500,0,0,17.3185,0,0,0
30-Dec-2025,56502.55,Call,51400,0,0,17.3185,0,0,0
30-Dec-2025,56502.55,Call,57200,0,0,17.3185,0,5,0
30-Dec-2025,56502.55,Call,57700,0,0,17.3185,0,0,0
30-Dec-2025,56502.55,Call,61000,0,0,17.3185,0,0,0
30-Dec-2025,56474.2,Call,49000,0,0,17.3185,0,0,0
30-Dec-2025,56502.55,Call,51500,0,0,17.3185,0,0,0
30-Dec-2025,56502.55,Call,60400,0,0,17.3185,0,0,0
30-Dec-2025,56502.55,Call,56600,0,0,17.3185,0,0,0
30-Dec-2025,56502.55,Call,48000,0,0,17.3185,0,0,0
30-Dec-2025,56502.55,Call,56200,0,0,17.3185,0,0,0
30-Dec-2025,56474.2,Call,51800,0,0,17.3185,0,0,0
30-Dec-2025,56502.55,Call,51900,0,0,17.3185,0,0,0
30-Dec-2025,56502.55,Call,56900,0,0,17.3185,0,2,0
30-Dec-2025,56502.55,Call,60600,0,0,17.3185,0,0,0
30-Dec-2025,56502.55,Call,60500,0,0,17.3185,0,0,0
30-Dec-2025,56502.55,Call,56100,0,0,17.3185,0,2,0
30-Dec-2025,56502.55,Call,49500,0,0,17.3185,0,0,0
30-Dec-2025,56502.55,Call,57300,0,0,17.3185,0,5,0
30-Dec-2025,56502.55,Put,60400,0,0,17.3185,0,0,0
30-Dec-2025,56502.55,Put,53200,0,0,17.3185,0,0,0
30-Dec-2025,56502.55,Call,55000,0,0,17.3185,0,102,0
30-Dec-2025,56502.55,Call,54700,0,0,17.3185,0,0,0
30-Dec-2025,56502.55,Call,54500,0,0,17.3185,0,0,0
30-Dec-2025,56502.55,Call,54300,0,0,17.3185,0,0,0
30-Dec-2025,56502.55,Call,54200,0,0,17.3185,0,0,0
30-Dec-2025,56502.55,Call,53700,0,0,17.3185,0,0,0
30-Dec-2025,56502.55,Call,53100,0,0,17.3185,0,0,0
30-Dec-2025,56502.55,Call,52400,0,0,17.3185,0,0,0
30-Dec-2025,56502.55,Call,52300,0,0,17.3185,0,0,0
30-Dec-2025,56502.55,Call,52200,0,0,17.3185,0,0,0
30-Dec-2025,56502.55,Call,46500,0,0,17.3185,0,0,0
30-Dec-2025,56502.55,Call,62000,0,0,17.3185,0,0,0
30-Dec-2025,56502.55,Call,59500,0,0,17.3185,0,1,0
30-Dec-2025,56502.55,Call,59400,0,0,17.3185,0,0,0
30-Dec-2025,56502.55,Call,59300,0,0,17.3185,0,0,0
30-Dec-2025,56502.55,Call,59200,0,0,17.3185,0,0,0
30-Dec-2025,56502.55,Call,53300,0,0,17.3185,0,0,0
30-Dec-2025,56502.55,Call,49700,0,0,17.3185,0,0,0
30-Dec-2025,56502.55,Call,49600,0,0,17.3185,0,0,0
30-Dec-2025,56502.55,Call,56400,0,0,17.3185,0,16,0
30-Dec-2025,56502.55,Call,58800,0,0,17.3185,0,0,0
30-Dec-2025,56502.55,Call,49900,0,0,17.3185,0,0,0
30-Dec-2025,56502.55,Put,56600,0,0,17.3185,0,50,0
30-Dec-2025,56502.55,Put,52200,0,0,17.3185,0,0,0
30-Dec-2025,56502.55,Put,55900,0,0,17.3185,0,0,0
30-Dec-2025,56502.55,Put,52300,0,0,17.3185,0,1,0
30-Dec-2025,56502.55,Call,58300,0,0,17.3185,0,0,0
30-Dec-2025,56502.55,Call,63000,0,0,17.3185,0,1,0
30-Dec-2025,56502.55,Call,58700,0,0,17.3185,0,0,0
30-Dec-2025,56502.55,Put,49000,0,0,17.3185,0,11,0
30-Dec-2025,56502.55,Call,52000,0,0,17.3185,0,0,0
30-Dec-2025,56502.55,Call,58600,0,0,17.3185,0,0,0
30-Dec-2025,56502.55,Call,58900,0,0,17.3185,0,0,0
30-Dec-2025,56474.2,Call,53400,0,0,17.3185,0,0,0
30-Dec-2025,56502.55,Call,58400,0,0,17.3185,0,0,0
30-Dec-2025,56502.55,Put,60900,0,0,17.3185,0,0,0
30-Dec-2025,56502.55,Call,52900,0,0,17.3185,0,0,0
30-Dec-2025,56502.55,Call,52100,0,0,17.3185,0,0,0
30-Dec-2025,56502.55,Put,60700,0,0,17.3185,0,0,0
30-Dec-2025,56502.55,Call,58200,0,0,17.3185,0,0,0
30-Dec-2025,56502.55,Call,52800,0,0,17.3185,0,0,0
30-Dec-2025,56502.55,Put,64500,0,0,17.3185,0,0,0
30-Dec-2025,56502.55,Call,59000,0,0,17.3185,0,0,0
30-Dec-2025,56474.2,Call,52600,0,0,17.3185,0,0,0
30-Dec-2025,56502.55,Call,52500,0,0,17.3185,0,0,0
30-Dec-2025,56502.55,Call,59100,0,0,17.3185,0,0,0
30-Dec-2025,56502.55,Call,53200,0,0,17.3185,0,0,0
30-Dec-2025,56502.55,Call,53000,0,0,17.3185,0,0,0
30-Dec-2025,56502.55,Call,53800,0,0,17.3185,0,0,0
30-Dec-2025,56502.55,Call,54400,0,0,17.3185,0,0,0
30-Dec-2025,56502.55,Call,53600,0,0,17.3185,0,0,0
30-Dec-2025,56502.55,Put,48500,0,0,17.3185,0,45,0
30-Dec-2025,56502.55,Put,56100,0,0,17.3185,0,0,0
30-Dec-2025,56502.55,Call,52700,0,0,17.3185,0,0,0
30-Dec-2025,56502.55,Put,52700,0,0,17.3185,0,0,0
30-Dec-2025,56502.55,Put,47500,0,0,17.3185,0,6,0
30-Dec-2025,56502.55,Put,56200,0,0,17.3185,0,0,0
30-Dec-2025,56502.55,Call,53900,0,0,17.3185,0,0,0
30-Dec-2025,56502.55,Call,59600,0,0,17.3185,0,0,0
30-Dec-2025,56502.55,Put,52000,0,0,17.3185,0,0,0
30-Dec-2025,56502.55,Call,61500,0,0,17.3185,0,0,0
30-Dec-2025,56502.55,Call,55100,0,0,17.3185,0,0,0
30-Dec-2025,56502.55,Put,51800,0,0,17.3185,0,0,0
30-Dec-2025,56502.55,Put,51900,0,0,17.3185,0,0,0
30-Dec-2025,56502.55,Put,53100,0,0,17.3185,0,0,0
30-Dec-2025,56502.55,Put,52800,0,0,17.3185,0,0,0
30-Dec-2025,56502.55,Put,52600,0,0,17.3185,0,0,0
30-Dec-2025,56502.55,Call,53500,0,0,17.3185,0,4,0
30-Dec-2025,56502.55,Put,51700,0,0,17.3185,0,0,0
31-Mar-2026,56502.55,Put,51000,0,0,17.3185,0,0,0
30-Dec-2025,56502.55,Call,54800,0,0,17.3185,0,0,0
31-Mar-2026,56502.55,Put,54000,0,0,17.3185,0,0,0
31-Mar-2026,56502.55,Put,46500,0,0,17.3185,0,0,0
30-Jun-2026,56502.55,Call,64500,0,0,17.3185,0,0,0
31-Mar-2026,56502.55,Put,49500,0,0,17.3185,0,0,0
31-Mar-2026,56502.55,Put,52500,0,0,17.3185,0,0,0
30-Jun-2026,56502.55,Put,51000,0,0,17.3185,0,0,0
31-Mar-2026,56502.55,Put,55500,0,0,17.3185,0,0,0
31-Mar-2026,56502.55,Call,64500,0,0,17.3185,0,0,0
30-Jun-2026,56502.55,Put,55500,0,0,17.3185,0,0,0
31-Mar-2026,56502.55,Put,58500,0,0,17.3185,0,0,0
30-Jun-2026,56502.55,Put,57000,0,0,17.3185,0,0,0
31-Mar-2026,56502.55,Call,63000,0,0,17.3185,0,0,0
31-Mar-2026,56502.55,Put,48000,0,0,17.3185,0,0,0
30-Jun-2026,56502.55,Put,48000,0,0,17.3185,0,0,0
30-Jun-2026,56502.55,Call,63000,0,0,17.3185,0,0,0
31-Mar-2026,56502.55,Call,61500,0,0,17.3185,0,0,0
31-Mar-2026,56502.55,Put,60000,0,0,17.3185,0,13,0
30-Jun-2026,56502.55,Put,46500,0,0,17.3185,0,0,0
30-Jun-2026,56502.55,Call,60000,0,0,17.3185,0,0,0
30-Jun-2026,56502.55,Put,58500,0,0,17.3185,0,0,0
30-Jun-2026,56502.55,Call,61500,0,0,17.3185,0,0,0
30-Jun-2026,56502.55,Put,49500,0,0,17.3185,0,0,0
30-Jun-2026,56502.55,Put,52500,0,0,17.3185,0,0,0
30-Jun-2026,56502.55,Put,54000,0,0,17.3185,0,0,0
