28-Oct-2025,235.57,-,0,236.3,0,46.1244,689,21854,3368
28-Oct-2025,235.57,Call,240,4.05,29.26,46.1244,291,1498,2168
28-Oct-2025,235.57,Put,235,4.8,29.36,46.1244,70,468,1911
28-Oct-2025,235.57,Call,245,2.45,29.43,46.1244,53,795,1406
28-Oct-2025,235.57,Call,250,1.5,30.4,46.1244,119,2125,1353
28-Oct-2025,235.57,Put,230,2.85,29.86,46.1244,99,623,999
28-Oct-2025,235.57,Call,242.5,3.2,29.21,46.1244,145,355,856
28-Oct-2025,235.57,Put,240,7.6,29.44,46.1244,-117,875,835
28-Oct-2025,235.57,Call,235,6.35,28.76,46.1244,26,331,774
28-Oct-2025,235.57,Put,237.5,6,30.12,46.1244,34,222,733
28-Oct-2025,235.57,Call,237.5,5.1,28.68,46.1244,126,189,536
28-Oct-2025,235.57,Call,255,0.85,31.34,46.1244,67,454,535
28-Oct-2025,235.57,Call,260,0.55,32.5,46.1244,-18,692,515
28-Oct-2025,235.57,Put,232.5,3.7,30.07,46.1244,53,154,431
28-Oct-2025,235.57,Put,225,1.6,30.24,46.1244,82,364,362
28-Oct-2025,235.57,Call,247.5,1.9,29.77,46.1244,38,151,322
28-Oct-2025,235.57,Put,220,0.95,31.7,46.1244,-19,355,306
28-Oct-2025,235.57,Put,245,11.1,31.59,46.1244,-42,409,304
28-Oct-2025,235.57,Call,270,0.25,34.56,46.1244,43,586,242
25-Nov-2025,235.57,-,0,237.68,0,46.1244,89,725,233
28-Oct-2025,235.57,Call,230,9.2,27.51,46.1244,35,272,209
28-Oct-2025,235.57,Put,242.5,9.05,30.31,46.1244,-10,110,175
28-Oct-2025,235.57,Call,232.5,7.8,28.67,46.1244,11,46,154
28-Oct-2025,235.57,Call,265,0.35,33.91,46.1244,-43,238,146
28-Oct-2025,235.57,Call,252.5,1.1,29.85,46.1244,37,163,131
28-Oct-2025,235.57,Put,250,15.1,33.18,46.1244,-18,244,119
28-Oct-2025,235.57,Put,227.5,2.2,29.86,46.1244,48,101,106
28-Oct-2025,235.57,Put,222.5,1.25,30.91,46.1244,39,105,72
28-Oct-2025,235.57,Call,225,12.9,26.94,46.1244,8,111,68
28-Oct-2025,235.57,Call,220,17.15,26.45,46.1244,2,159,66
28-Oct-2025,235.57,Call,280,0.1,40.35,46.1244,8,293,65
28-Oct-2025,235.57,Put,247.5,13.05,32.53,46.1244,-10,119,65
28-Oct-2025,235.57,Call,227.5,10.95,28.65,46.1244,0,38,65
28-Oct-2025,235.57,Put,257.5,21.85,36.73,46.1244,-1,28,63
28-Oct-2025,235.57,Put,255,19.5,35.52,46.1244,1,87,58
28-Oct-2025,235.57,Call,222.5,14.95,23.79,46.1244,1,22,57
28-Oct-2025,235.57,Put,260,24.15,38.11,46.1244,-4,336,57
28-Oct-2025,235.57,Put,215,0.5,33.45,46.1244,-8,196,51
28-Oct-2025,235.57,Call,257.5,0.65,31.27,46.1244,-5,95,49
28-Oct-2025,235.57,Put,262.5,26.55,39.79,46.1244,-3,26,46
28-Oct-2025,235.57,Put,265,29.5,44.76,46.1244,-14,54,46
28-Oct-2025,235.57,Put,252.5,17.3,34.37,46.1244,-1,53,44
28-Oct-2025,235.57,Put,210,0.4,37,46.1244,9,246,42
28-Oct-2025,235.57,Call,215,21.75,0,46.1244,14,39,40
30-Dec-2025,235.57,-,0,237.82,0,46.1244,17,120,36
28-Oct-2025,235.57,Call,275,0.15,38.44,46.1244,-8,79,35
25-Nov-2025,235.57,Call,255,3.75,29.61,46.1244,18,23,28
25-Nov-2025,235.57,Call,250,5.2,30.02,46.1244,10,36,25
28-Oct-2025,235.57,Call,262.5,0.35,31.66,46.1244,4,41,24
25-Nov-2025,235.57,Call,270,1.75,31.95,46.1244,9,32,23
25-Nov-2025,235.57,Put,220,3.55,32.73,46.1244,12,22,20
25-Nov-2025,235.57,Call,210,28.25,20.8,46.1244,11,11,20
28-Oct-2025,235.57,Call,200,35.8,0,46.1244,-6,43,19
25-Nov-2025,235.57,Put,230,6.35,31.69,46.1244,12,56,19
25-Nov-2025,235.57,Call,240,8.8,28.58,46.1244,4,35,19
25-Nov-2025,235.57,Put,260,25,33.22,46.1244,11,16,15
28-Oct-2025,235.57,Put,267.5,31.25,37.02,46.1244,1,16,14
28-Oct-2025,235.57,Call,267.5,0.3,35.04,46.1244,-6,32,14
25-Nov-2025,235.57,Call,260,2.95,30.59,46.1244,-1,63,12
25-Nov-2025,235.57,Put,235,9.05,33.18,46.1244,3,5,11
28-Oct-2025,235.57,Put,205,0.3,40.58,46.1244,-4,45,6
25-Nov-2025,235.57,Put,225,4.7,31.7,46.1244,4,22,6
25-Nov-2025,235.57,Put,240,10.95,28.61,46.1244,0,24,4
25-Nov-2025,235.57,Put,250,18,34.28,46.1244,2,30,4
25-Nov-2025,235.57,Call,230,14.1,29.71,46.1244,2,2,3
25-Nov-2025,235.57,Put,245,12.9,28.26,46.1244,0,8,2
28-Oct-2025,235.57,Call,210,26.5,0,46.1244,0,76,1
25-Nov-2025,235.57,Put,210,1.7,33.26,46.1244,0,2,1
25-Nov-2025,235.57,Put,222.5,4.85,35.13,46.1244,0,0,1
25-Nov-2025,235.57,Put,200,0.95,36.14,46.1244,0,3,1
28-Oct-2025,235.57,Put,200,0,0,46.1244,0,236,0
28-Oct-2025,235.57,Put,170,0,0,46.1244,0,31,0
28-Oct-2025,235.57,Put,180,0,0,46.1244,0,34,0
28-Oct-2025,235.57,Put,217.5,0,0,46.1244,0,0,0
28-Oct-2025,235.57,Put,195,0,0,46.1244,0,4,0
28-Oct-2025,235.57,Call,205,0,0,46.1244,0,10,0
28-Oct-2025,235.57,Call,180,0,0,46.1244,0,1,0
28-Oct-2025,235.57,Put,280,0,0,46.1244,0,120,0
28-Oct-2025,235.57,Put,270,0,0,46.1244,0,89,0
25-Nov-2025,235.57,Call,280,0,0,46.1244,0,0,0
28-Oct-2025,235.57,Call,217.5,0,0,46.1244,0,0,0
25-Nov-2025,235.57,Put,270,0,0,46.1244,0,11,0
25-Nov-2025,235.57,Call,252.5,0,0,46.1244,0,0,0
25-Nov-2025,235.57,Put,217.5,0,0,46.1244,0,0,0
25-Nov-2025,235.57,Put,227.5,0,0,46.1244,0,0,0
25-Nov-2025,235.57,Put,232.5,0,0,46.1244,0,0,0
25-Nov-2025,235.57,Call,257.5,0,0,46.1244,0,0,0
25-Nov-2025,235.57,Put,252.5,0,0,46.1244,0,0,0
25-Nov-2025,235.57,Call,235,0,0,46.1244,0,1,0
25-Nov-2025,235.57,Put,237.5,0,0,46.1244,0,0,0
25-Nov-2025,235.57,Call,247.5,0,0,46.1244,0,0,0
25-Nov-2025,235.57,Call,242.5,0,0,46.1244,0,0,0
25-Nov-2025,235.57,Put,280,0,0,46.1244,0,0,0
25-Nov-2025,235.57,Put,275,0,0,46.1244,0,0,0
25-Nov-2025,235.57,Call,217.5,0,0,46.1244,0,0,0
25-Nov-2025,235.57,Put,262.5,0,0,46.1244,0,0,0
25-Nov-2025,235.57,Put,255,0,0,46.1244,0,3,0
25-Nov-2025,235.57,Put,242.5,0,0,46.1244,0,1,0
25-Nov-2025,235.57,Put,265,0,0,46.1244,0,0,0
25-Nov-2025,235.57,Call,245,0,0,46.1244,0,5,0
25-Nov-2025,235.57,Put,215,0,0,46.1244,0,0,0
25-Nov-2025,235.57,Call,222.5,0,0,46.1244,0,0,0
25-Nov-2025,235.57,Call,262.5,0,0,46.1244,0,0,0
25-Nov-2025,235.57,Put,257.5,0,0,46.1244,0,0,0
25-Nov-2025,235.57,Call,225,0,0,46.1244,0,0,0
25-Nov-2025,235.57,Call,215,0,0,46.1244,0,0,0
25-Nov-2025,235.57,Call,237.5,0,0,46.1244,0,0,0
25-Nov-2025,235.57,Call,232.5,0,0,46.1244,0,0,0
25-Nov-2025,235.57,Put,247.5,0,0,46.1244,0,0,0
25-Nov-2025,235.57,Call,227.5,0,0,46.1244,0,0,0
25-Nov-2025,235.57,Call,205,0,0,46.1244,0,0,0
25-Nov-2025,235.57,Call,267.5,0,0,46.1244,0,0,0
28-Oct-2025,235.57,Put,275,0,0,46.1244,0,2,0
25-Nov-2025,235.57,Call,220,0,0,46.1244,0,0,0
25-Nov-2025,235.57,Put,267.5,0,0,46.1244,0,0,0
25-Nov-2025,235.57,Call,275,0,0,46.1244,0,0,0
30-Dec-2025,235.57,Call,280,0,0,46.1244,0,0,0
30-Dec-2025,235.57,Put,240,0,0,46.1244,0,0,0
25-Nov-2025,235.57,Call,265,0,0,46.1244,0,6,0
25-Nov-2025,235.57,Put,205,0,0,46.1244,0,0,0
30-Dec-2025,235.57,Call,210,0,0,46.1244,0,0,0
30-Dec-2025,235.57,Call,260,0,0,46.1244,0,0,0
30-Dec-2025,235.57,Put,245,0,0,46.1244,0,0,0
30-Dec-2025,235.57,Put,255,0,0,46.1244,0,0,0
30-Dec-2025,235.57,Put,250,0,0,46.1244,0,0,0
30-Dec-2025,235.57,Call,230,0,0,46.1244,0,0,0
30-Dec-2025,235.57,Call,270,0,0,46.1244,0,0,0
30-Dec-2025,235.57,Call,250,0,0,46.1244,0,0,0
30-Dec-2025,235.57,Put,225,0,0,46.1244,0,0,0
30-Dec-2025,235.57,Call,220,0,0,46.1244,0,0,0
30-Dec-2025,235.57,Put,215,0,0,46.1244,0,0,0
30-Dec-2025,235.57,Put,235,0,0,46.1244,0,0,0
30-Dec-2025,235.57,Call,235,0,0,46.1244,0,0,0
30-Dec-2025,235.57,Put,230,0,0,46.1244,0,0,0
30-Dec-2025,235.57,Call,255,0,0,46.1244,0,0,0
30-Dec-2025,235.57,Call,240,0,0,46.1244,0,0,0
30-Dec-2025,235.57,Call,245,0,0,46.1244,0,0,0
30-Dec-2025,235.57,Put,210,0,0,46.1244,0,0,0
30-Dec-2025,235.57,Call,265,0,0,46.1244,0,0,0
30-Dec-2025,235.57,Put,220,0,0,46.1244,0,0,0
