28-Oct-2025,234.61,-,0,235.25,0,46.1244,602,21767,2661
28-Oct-2025,234.61,Call,240,3.75,28.49,46.1244,198,1405,1668
28-Oct-2025,234.61,Put,235,5.4,31.15,46.1244,88,486,1439
28-Oct-2025,234.61,Call,245,2.3,29.06,46.1244,33,775,1173
28-Oct-2025,234.61,Call,250,1.4,29.83,46.1244,66,2072,1088
28-Oct-2025,234.61,Put,230,3.2,31.07,46.1244,82,606,811
28-Oct-2025,234.61,Call,242.5,3.05,28.63,46.1244,119,329,730
28-Oct-2025,234.61,Put,240,8.05,31.42,46.1244,-82,910,685
28-Oct-2025,234.61,Put,237.5,6.55,30.53,46.1244,31,219,637
28-Oct-2025,234.61,Call,235,5.85,27.84,46.1244,28,333,428
28-Oct-2025,234.61,Call,260,0.55,32.66,46.1244,-2,708,354
28-Oct-2025,234.61,Call,255,0.85,31,46.1244,75,462,353
28-Oct-2025,234.61,Call,237.5,4.75,27.72,46.1244,69,132,351
28-Oct-2025,234.61,Call,247.5,1.8,29.3,46.1244,35,148,285
28-Oct-2025,234.61,Put,245,11.8,33.1,46.1244,-34,417,278
28-Oct-2025,234.61,Put,232.5,4.2,30.88,46.1244,12,113,255
28-Oct-2025,234.61,Put,225,1.8,31.14,46.1244,61,343,250
28-Oct-2025,234.61,Put,220,1.05,32.03,46.1244,8,382,235
25-Nov-2025,234.61,-,0,236.51,0,46.1244,60,696,167
28-Oct-2025,234.61,Call,230,8.6,27.5,46.1244,32,269,152
28-Oct-2025,234.61,Put,242.5,9.75,32.05,46.1244,-6,114,147
28-Oct-2025,234.61,Call,270,0.25,36.06,46.1244,30,573,122
28-Oct-2025,234.61,Call,265,0.35,34.05,46.1244,-37,244,119
28-Oct-2025,234.61,Call,232.5,7.2,27.5,46.1244,1,36,111
28-Oct-2025,234.61,Put,250,15.9,34.53,46.1244,-19,243,104
28-Oct-2025,234.61,Call,252.5,1.1,30.49,46.1244,29,155,98
28-Oct-2025,234.61,Put,227.5,2.3,30.93,46.1244,42,95,77
28-Oct-2025,234.61,Call,280,0.15,38.17,46.1244,9,294,60
28-Oct-2025,234.61,Put,222.5,1.35,31.58,46.1244,41,107,60
28-Oct-2025,234.61,Call,225,13.1,27.86,46.1244,3,106,53
28-Oct-2025,234.61,Call,222.5,15.1,27.78,46.1244,0,21,52
28-Oct-2025,234.61,Put,257.5,22.35,36.52,46.1244,-1,28,52
28-Oct-2025,234.61,Put,247.5,13,32.82,46.1244,-2,127,50
28-Oct-2025,234.61,Call,220,17.05,27.46,46.1244,0,157,49
28-Oct-2025,234.61,Put,255,20.1,35.36,46.1244,-1,85,48
28-Oct-2025,234.61,Call,227.5,11.1,27.68,46.1244,-6,32,48
28-Oct-2025,234.61,Put,265,29.7,40.94,46.1244,-8,60,39
28-Oct-2025,234.61,Put,215,0.6,32.54,46.1244,-8,196,39
28-Oct-2025,234.61,Put,252.5,17.25,34.25,46.1244,2,56,38
28-Oct-2025,234.61,Put,210,0.35,36.85,46.1244,5,242,36
28-Oct-2025,234.61,Put,260,24.1,37.86,46.1244,0,340,36
28-Oct-2025,234.61,Put,262.5,26.55,39.5,46.1244,0,29,36
30-Dec-2025,234.61,-,0,238.99,0,46.1244,16,119,32
28-Oct-2025,234.61,Call,215,21.9,25.68,46.1244,8,33,31
28-Oct-2025,234.61,Call,257.5,0.65,31.44,46.1244,-2,98,30
25-Nov-2025,234.61,Call,255,3.95,31.05,46.1244,17,22,27
28-Oct-2025,234.61,Call,275,0.15,36.84,46.1244,-3,84,22
25-Nov-2025,234.61,Call,250,5.5,31.19,46.1244,7,33,21
25-Nov-2025,234.61,Call,270,1.8,32.06,46.1244,11,34,20
28-Oct-2025,234.61,Call,262.5,0.45,33.55,46.1244,0,37,20
25-Nov-2025,234.61,Put,220,3.5,32.39,46.1244,9,19,17
28-Oct-2025,234.61,Put,267.5,31.25,0,46.1244,1,16,14
25-Nov-2025,234.61,Call,240,9,29.88,46.1244,4,35,12
25-Nov-2025,234.61,Put,230,6.8,30.7,46.1244,4,48,12
25-Nov-2025,234.61,Put,260,25.35,30.95,46.1244,7,12,9
25-Nov-2025,234.61,Call,260,3,30.93,46.1244,-2,62,8
25-Nov-2025,234.61,Put,235,8.75,29.52,46.1244,2,4,7
28-Oct-2025,234.61,Call,267.5,0.35,36.24,46.1244,0,38,6
28-Oct-2025,234.61,Put,205,0.2,37.59,46.1244,-3,46,5
25-Nov-2025,234.61,Put,250,18,32.16,46.1244,2,30,4
25-Nov-2025,234.61,Put,240,10.1,28.39,46.1244,0,24,3
25-Nov-2025,234.61,Put,245,12.9,28,46.1244,0,8,2
25-Nov-2025,234.61,Put,222.5,4.85,34.99,46.1244,0,0,1
25-Nov-2025,234.61,Put,200,0.95,36.05,46.1244,0,3,1
28-Oct-2025,234.61,Put,180,0,0,46.1244,0,34,0
28-Oct-2025,234.61,Call,210,0,0,46.1244,0,76,0
28-Oct-2025,234.61,Put,275,0,0,46.1244,0,2,0
28-Oct-2025,234.61,Put,200,0,0,46.1244,0,236,0
28-Oct-2025,234.61,Put,170,0,0,46.1244,0,31,0
28-Oct-2025,234.61,Call,180,0,0,46.1244,0,1,0
28-Oct-2025,234.61,Put,217.5,0,0,46.1244,0,0,0
28-Oct-2025,234.61,Put,270,0,0,46.1244,0,89,0
28-Oct-2025,234.61,Put,280,0,0,46.1244,0,120,0
28-Oct-2025,234.61,Call,217.5,0,0,46.1244,0,0,0
28-Oct-2025,234.61,Call,205,0,0,46.1244,0,10,0
28-Oct-2025,234.61,Put,195,0,0,46.1244,0,4,0
25-Nov-2025,234.61,Call,252.5,0,0,46.1244,0,0,0
25-Nov-2025,234.61,Put,215,0,0,46.1244,0,0,0
28-Oct-2025,234.61,Call,200,0,0,46.1244,0,49,0
25-Nov-2025,234.61,Put,257.5,0,0,46.1244,0,0,0
25-Nov-2025,234.61,Put,267.5,0,0,46.1244,0,0,0
25-Nov-2025,234.61,Put,225,0,0,46.1244,0,18,0
25-Nov-2025,234.61,Put,210,0,0,46.1244,0,2,0
25-Nov-2025,234.61,Call,265,0,0,46.1244,0,6,0
25-Nov-2025,234.61,Put,237.5,0,0,46.1244,0,0,0
25-Nov-2025,234.61,Put,227.5,0,0,46.1244,0,0,0
25-Nov-2025,234.61,Put,217.5,0,0,46.1244,0,0,0
25-Nov-2025,234.61,Put,232.5,0,0,46.1244,0,0,0
25-Nov-2025,234.61,Call,280,0,0,46.1244,0,0,0
25-Nov-2025,234.61,Call,245,0,0,46.1244,0,5,0
25-Nov-2025,234.61,Put,265,0,0,46.1244,0,0,0
25-Nov-2025,234.61,Call,222.5,0,0,46.1244,0,0,0
25-Nov-2025,234.61,Call,210,0,0,46.1244,0,0,0
25-Nov-2025,234.61,Put,270,0,0,46.1244,0,11,0
25-Nov-2025,234.61,Call,217.5,0,0,46.1244,0,0,0
25-Nov-2025,234.61,Call,215,0,0,46.1244,0,0,0
25-Nov-2025,234.61,Put,275,0,0,46.1244,0,0,0
25-Nov-2025,234.61,Call,275,0,0,46.1244,0,0,0
25-Nov-2025,234.61,Call,232.5,0,0,46.1244,0,0,0
25-Nov-2025,234.61,Call,227.5,0,0,46.1244,0,0,0
25-Nov-2025,234.61,Call,205,0,0,46.1244,0,0,0
25-Nov-2025,234.61,Put,280,0,0,46.1244,0,0,0
25-Nov-2025,234.61,Call,262.5,0,0,46.1244,0,0,0
25-Nov-2025,234.61,Call,225,0,0,46.1244,0,0,0
25-Nov-2025,234.61,Put,262.5,0,0,46.1244,0,0,0
25-Nov-2025,234.61,Call,230,0,0,46.1244,0,0,0
25-Nov-2025,234.61,Put,205,0,0,46.1244,0,0,0
25-Nov-2025,234.61,Call,220,0,0,46.1244,0,0,0
25-Nov-2025,234.61,Put,252.5,0,0,46.1244,0,0,0
25-Nov-2025,234.61,Call,267.5,0,0,46.1244,0,0,0
25-Nov-2025,234.61,Call,235,0,0,46.1244,0,1,0
25-Nov-2025,234.61,Call,257.5,0,0,46.1244,0,0,0
30-Dec-2025,234.61,Put,215,0,0,46.1244,0,0,0
25-Nov-2025,234.61,Put,242.5,0,0,46.1244,0,1,0
30-Dec-2025,234.61,Put,230,0,0,46.1244,0,0,0
30-Dec-2025,234.61,Put,245,0,0,46.1244,0,0,0
25-Nov-2025,234.61,Call,247.5,0,0,46.1244,0,0,0
30-Dec-2025,234.61,Put,210,0,0,46.1244,0,0,0
30-Dec-2025,234.61,Put,225,0,0,46.1244,0,0,0
25-Nov-2025,234.61,Put,247.5,0,0,46.1244,0,0,0
30-Dec-2025,234.61,Call,210,0,0,46.1244,0,0,0
30-Dec-2025,234.61,Call,250,0,0,46.1244,0,0,0
30-Dec-2025,234.61,Put,235,0,0,46.1244,0,0,0
25-Nov-2025,234.61,Call,237.5,0,0,46.1244,0,0,0
25-Nov-2025,234.61,Call,242.5,0,0,46.1244,0,0,0
30-Dec-2025,234.61,Put,220,0,0,46.1244,0,0,0
30-Dec-2025,234.61,Put,250,0,0,46.1244,0,0,0
30-Dec-2025,234.61,Call,280,0,0,46.1244,0,0,0
30-Dec-2025,234.61,Call,255,0,0,46.1244,0,0,0
30-Dec-2025,234.61,Call,240,0,0,46.1244,0,0,0
30-Dec-2025,234.61,Call,260,0,0,46.1244,0,0,0
30-Dec-2025,234.61,Call,265,0,0,46.1244,0,0,0
30-Dec-2025,234.61,Put,240,0,0,46.1244,0,0,0
30-Dec-2025,234.61,Call,220,0,0,46.1244,0,0,0
30-Dec-2025,234.61,Put,255,0,0,46.1244,0,0,0
30-Dec-2025,234.61,Call,270,0,0,46.1244,0,0,0
30-Dec-2025,234.61,Call,230,0,0,46.1244,0,0,0
30-Dec-2025,234.61,Call,235,0,0,46.1244,0,0,0
30-Dec-2025,234.61,Call,245,0,0,46.1244,0,0,0
25-Nov-2025,234.61,Put,255,0,0,46.1244,0,3,0
