28-Oct-2025,347.95,-,0,349,0,39.5424,238,16498,727
28-Oct-2025,347.95,Call,360,3.7,26.71,39.5424,29,1274,674
28-Oct-2025,347.95,Call,350,7.45,25.51,39.5424,133,772,540
28-Oct-2025,347.95,Call,365,2.55,27.48,39.5424,73,523,446
28-Oct-2025,347.95,Put,350,8.4,29.54,39.5424,-22,713,375
28-Oct-2025,347.95,Call,355,5.3,26.64,39.5424,94,345,337
28-Oct-2025,347.95,Call,370,1.75,27.36,39.5424,-7,761,297
28-Oct-2025,347.95,Put,340,4.35,30.12,39.5424,7,556,261
28-Oct-2025,347.95,Put,345,6.15,29.27,39.5424,43,226,201
28-Oct-2025,347.95,Call,380,0.8,28.89,39.5424,4,574,125
28-Oct-2025,347.95,Call,390,0.45,31.1,39.5424,-1,300,94
25-Nov-2025,347.95,-,0,352,0,39.5424,45,659,93
28-Oct-2025,347.95,Call,340,13.2,25.74,39.5424,27,187,86
28-Oct-2025,347.95,Call,375,1.2,28.2,39.5424,20,174,84
28-Oct-2025,347.95,Put,355,11.2,30.61,39.5424,-6,203,71
28-Oct-2025,347.95,Call,345,10,25.66,39.5424,27,165,65
28-Oct-2025,347.95,Put,300,0.35,41.91,39.5424,5,293,58
28-Oct-2025,347.95,Put,330,2.1,31.85,39.5424,5,239,57
28-Oct-2025,347.95,Put,320,0.95,34.29,39.5424,-17,230,55
28-Oct-2025,347.95,Put,360,14.7,31.05,39.5424,-5,337,49
28-Oct-2025,347.95,Put,335,2.95,30.4,39.5424,-1,105,46
28-Oct-2025,347.95,Call,400,0.3,34.32,39.5424,3,709,25
25-Nov-2025,347.95,Call,380,4.65,28.09,39.5424,16,97,23
28-Oct-2025,347.95,Call,330,22.1,25.78,39.5424,7,45,22
28-Oct-2025,347.95,Put,325,1.45,32.58,39.5424,-1,199,17
30-Dec-2025,347.95,-,0,354.05,0,39.5424,6,55,15
28-Oct-2025,347.95,Call,335,16.95,25.19,39.5424,6,27,13
28-Oct-2025,347.95,Put,365,17.75,31.36,39.5424,6,72,11
28-Oct-2025,347.95,Call,410,0.2,37.12,39.5424,-2,241,10
28-Oct-2025,347.95,Call,385,0.55,29.27,39.5424,0,131,9
28-Oct-2025,347.95,Put,370,20.6,26.06,39.5424,2,169,9
25-Nov-2025,347.95,Put,300,1.35,33.69,39.5424,4,7,9
28-Oct-2025,347.95,Put,380,30.9,36.37,39.5424,0,51,7
28-Oct-2025,347.95,Put,375,25.95,32.43,39.5424,0,16,6
28-Oct-2025,347.95,Put,315,0.75,34.92,39.5424,5,51,6
28-Oct-2025,347.95,Call,325,26.55,26.43,39.5424,0,13,5
28-Oct-2025,347.95,Call,320,31.55,32.3,39.5424,4,29,5
28-Oct-2025,347.95,Put,310,0.6,36.91,39.5424,-1,110,5
25-Nov-2025,347.95,Put,350,11.9,28.58,39.5424,-1,25,5
25-Nov-2025,347.95,Put,340,8.4,30.08,39.5424,2,25,3
25-Nov-2025,347.95,Put,370,23.6,28.66,39.5424,1,3,3
25-Nov-2025,347.95,Call,350,14.4,0,39.5424,0,12,2
25-Nov-2025,347.95,Call,360,10.3,27.4,39.5424,1,24,2
28-Oct-2025,347.95,Call,420,0.1,0,39.5424,0,34,2
25-Nov-2025,347.95,Call,370,7.2,0,39.5424,0,7,2
25-Nov-2025,347.95,Call,355,12.5,27.51,39.5424,0,0,1
25-Nov-2025,347.95,Call,365,9,28.64,39.5424,0,41,1
28-Oct-2025,347.95,Put,285,0,0,39.5424,0,38,0
28-Oct-2025,347.95,Put,295,0,0,39.5424,0,5,0
28-Oct-2025,347.95,Put,305,0,0,39.5424,0,2,0
28-Oct-2025,347.95,Call,315,0,0,39.5424,0,7,0
28-Oct-2025,347.95,Put,385,0,0,39.5424,0,14,0
28-Oct-2025,347.95,Call,300,0,0,39.5424,0,5,0
28-Oct-2025,347.95,Call,310,0,0,39.5424,0,15,0
28-Oct-2025,347.95,Put,410,0,0,39.5424,0,3,0
28-Oct-2025,347.95,Put,420,0,0,39.5424,0,25,0
28-Oct-2025,347.95,Put,390,0,0,39.5424,0,33,0
28-Oct-2025,347.95,Put,400,0,0,39.5424,0,64,0
28-Oct-2025,347.95,Put,290,0,0,39.5424,0,8,0
28-Oct-2025,347.95,Put,395,0,0,39.5424,0,10,0
25-Nov-2025,347.95,Put,335,0,0,39.5424,0,0,0
25-Nov-2025,347.95,Call,330,0,0,39.5424,0,0,0
25-Nov-2025,347.95,Call,310,0,0,39.5424,0,0,0
25-Nov-2025,347.95,Put,380,0,0,39.5424,0,2,0
25-Nov-2025,347.95,Put,400,0,0,39.5424,0,1,0
25-Nov-2025,347.95,Call,385,0,0,39.5424,0,0,0
25-Nov-2025,347.95,Put,355,0,0,39.5424,0,1,0
25-Nov-2025,347.95,Call,335,0,0,39.5424,0,0,0
25-Nov-2025,347.95,Call,325,0,0,39.5424,0,0,0
25-Nov-2025,347.95,Call,315,0,0,39.5424,0,0,0
25-Nov-2025,347.95,Put,320,0,0,39.5424,0,8,0
25-Nov-2025,347.95,Put,330,0,0,39.5424,0,13,0
30-Dec-2025,347.95,Put,350,0,0,39.5424,0,0,0
25-Nov-2025,347.95,Call,375,0,0,39.5424,0,0,0
25-Nov-2025,347.95,Put,360,0,0,39.5424,0,13,0
25-Nov-2025,347.95,Put,385,0,0,39.5424,0,0,0
30-Dec-2025,347.95,Put,340,0,0,39.5424,0,0,0
30-Dec-2025,347.95,Call,360,0,0,39.5424,0,0,0
30-Dec-2025,347.95,Put,360,0,0,39.5424,0,0,0
30-Dec-2025,347.95,Call,390,0,0,39.5424,0,0,0
30-Dec-2025,347.95,Put,330,0,0,39.5424,0,0,0
30-Dec-2025,347.95,Call,380,0,0,39.5424,0,0,0
25-Nov-2025,347.95,Put,310,0,0,39.5424,0,0,0
30-Dec-2025,347.95,Put,370,0,0,39.5424,0,0,0
30-Dec-2025,347.95,Put,320,0,0,39.5424,0,0,0
30-Dec-2025,347.95,Call,340,0,0,39.5424,0,0,0
25-Nov-2025,347.95,Put,375,0,0,39.5424,0,9,0
30-Dec-2025,347.95,Call,350,0,0,39.5424,0,0,0
30-Dec-2025,347.95,Call,400,0,0,39.5424,0,0,0
25-Nov-2025,347.95,Put,390,0,0,39.5424,0,0,0
30-Dec-2025,347.95,Call,370,0,0,39.5424,0,0,0
25-Nov-2025,347.95,Call,320,0,0,39.5424,0,0,0
25-Nov-2025,347.95,Put,315,0,0,39.5424,0,0,0
25-Nov-2025,347.95,Call,300,0,0,39.5424,0,0,0
25-Nov-2025,347.95,Call,345,0,0,39.5424,0,0,0
25-Nov-2025,347.95,Put,325,0,0,39.5424,0,0,0
25-Nov-2025,347.95,Call,400,0,0,39.5424,0,0,0
25-Nov-2025,347.95,Call,390,0,0,39.5424,0,0,0
25-Nov-2025,347.95,Call,340,0,0,39.5424,0,1,0
25-Nov-2025,347.95,Put,345,0,0,39.5424,0,0,0
25-Nov-2025,347.95,Put,365,0,0,39.5424,0,0,0
