28-Oct-2025,349.95,-,0,351.2,0,39.5424,324,16584,1079
28-Oct-2025,349.95,Call,360,4.1,27.17,39.5424,40,1285,1002
28-Oct-2025,349.95,Call,350,8.3,26.84,39.5424,192,831,923
28-Oct-2025,349.95,Call,365,2.85,27.09,39.5424,52,502,589
28-Oct-2025,349.95,Put,350,7,27.68,39.5424,-34,701,479
28-Oct-2025,349.95,Call,370,1.95,27.67,39.5424,41,809,476
28-Oct-2025,349.95,Call,355,6,26.72,39.5424,105,356,463
28-Oct-2025,349.95,Put,340,3.4,27.99,39.5424,23,572,419
28-Oct-2025,349.95,Put,345,4.95,27.15,39.5424,51,234,271
28-Oct-2025,349.95,Call,380,0.9,29.35,39.5424,22,592,189
25-Nov-2025,349.95,-,0,352.85,0,39.5424,57,671,124
28-Oct-2025,349.95,Call,340,14.05,26.75,39.5424,39,199,124
28-Oct-2025,349.95,Put,330,1.6,30.04,39.5424,15,249,113
28-Oct-2025,349.95,Call,390,0.45,31.14,39.5424,-6,295,111
28-Oct-2025,349.95,Call,375,1.3,28.58,39.5424,20,174,105
28-Oct-2025,349.95,Call,345,11.1,28.03,39.5424,28,166,93
28-Oct-2025,349.95,Call,400,0.35,35.29,39.5424,8,714,89
28-Oct-2025,349.95,Put,355,10.25,28.18,39.5424,-9,200,81
28-Oct-2025,349.95,Put,335,2.3,29.13,39.5424,4,110,77
28-Oct-2025,349.95,Put,320,0.8,32.87,39.5424,-18,229,68
28-Oct-2025,349.95,Put,300,0.35,41.88,39.5424,5,293,64
28-Oct-2025,349.95,Put,360,12.7,27.46,39.5424,-6,336,62
25-Nov-2025,349.95,Call,380,4.8,28.65,39.5424,22,103,29
28-Oct-2025,349.95,Put,325,1.25,31.81,39.5424,-1,199,25
30-Dec-2025,349.95,-,0,355.5,0,39.5424,18,67,23
28-Oct-2025,349.95,Put,310,0.45,35.3,39.5424,-2,109,23
28-Oct-2025,349.95,Call,330,22.1,27.81,39.5424,7,45,22
25-Nov-2025,349.95,Put,300,1.3,33.67,39.5424,8,11,20
28-Oct-2025,349.95,Put,365,18.4,33.91,39.5424,7,73,16
28-Oct-2025,349.95,Call,385,0.65,30.41,39.5424,2,133,15
28-Oct-2025,349.95,Call,335,17.95,27.51,39.5424,7,28,14
28-Oct-2025,349.95,Put,315,0.6,34.28,39.5424,9,55,13
25-Nov-2025,349.95,Put,340,8,29.82,39.5424,9,32,13
28-Oct-2025,349.95,Call,410,0.2,37.15,39.5424,-3,240,11
28-Oct-2025,349.95,Put,370,21.65,31.35,39.5424,2,169,10
25-Nov-2025,349.95,Put,320,3.3,30.95,39.5424,6,14,10
25-Nov-2025,349.95,Call,350,15.1,27.9,39.5424,4,16,10
28-Oct-2025,349.95,Put,380,30.1,30.63,39.5424,2,53,9
25-Nov-2025,349.95,Call,370,7.2,28.28,39.5424,7,14,8
25-Nov-2025,349.95,Put,350,12.95,30.75,39.5424,1,27,7
28-Oct-2025,349.95,Call,325,26.35,26.39,39.5424,5,18,6
28-Oct-2025,349.95,Put,375,25.95,32.19,39.5424,0,16,6
28-Oct-2025,349.95,Call,320,31.55,32.75,39.5424,4,29,5
25-Nov-2025,349.95,Put,370,23.6,28.59,39.5424,1,3,3
28-Oct-2025,349.95,Call,420,0.1,38.15,39.5424,0,34,2
25-Nov-2025,349.95,Call,355,12.8,28.19,39.5424,1,1,2
25-Nov-2025,349.95,Call,360,10.3,27.45,39.5424,1,24,2
25-Nov-2025,349.95,Put,360,17,28.12,39.5424,0,13,1
30-Dec-2025,349.95,Call,390,5,24.24,39.5424,0,0,1
28-Oct-2025,349.95,Put,385,35.9,40.14,39.5424,0,14,1
25-Nov-2025,349.95,Call,365,9,28.68,39.5424,0,41,1
25-Nov-2025,349.95,Put,330,5.1,29.66,39.5424,0,13,1
28-Oct-2025,349.95,Put,395,0,0,39.5424,0,10,0
28-Oct-2025,349.95,Put,285,0,0,39.5424,0,38,0
28-Oct-2025,349.95,Put,305,0,0,39.5424,0,2,0
28-Oct-2025,349.95,Call,315,0,0,39.5424,0,7,0
28-Oct-2025,349.95,Call,300,0,0,39.5424,0,5,0
25-Nov-2025,349.95,Call,315,0,0,39.5424,0,0,0
28-Oct-2025,349.95,Put,420,0,0,39.5424,0,25,0
25-Nov-2025,349.95,Put,315,0,0,39.5424,0,0,0
25-Nov-2025,349.95,Put,335,0,0,39.5424,0,0,0
25-Nov-2025,349.95,Put,400,0,0,39.5424,0,1,0
25-Nov-2025,349.95,Put,380,0,0,39.5424,0,2,0
25-Nov-2025,349.95,Call,330,0,0,39.5424,0,0,0
25-Nov-2025,349.95,Call,345,0,0,39.5424,0,0,0
25-Nov-2025,349.95,Put,375,0,0,39.5424,0,9,0
25-Nov-2025,349.95,Put,325,0,0,39.5424,0,0,0
25-Nov-2025,349.95,Call,320,0,0,39.5424,0,0,0
30-Dec-2025,349.95,Call,370,0,0,39.5424,0,0,0
28-Oct-2025,349.95,Put,390,0,0,39.5424,0,33,0
25-Nov-2025,349.95,Put,355,0,0,39.5424,0,1,0
25-Nov-2025,349.95,Call,385,0,0,39.5424,0,0,0
25-Nov-2025,349.95,Put,310,0,0,39.5424,0,0,0
30-Dec-2025,349.95,Call,360,0,0,39.5424,0,0,0
25-Nov-2025,349.95,Put,385,0,0,39.5424,0,0,0
30-Dec-2025,349.95,Put,330,0,0,39.5424,0,0,0
28-Oct-2025,349.95,Put,295,0,0,39.5424,0,5,0
30-Dec-2025,349.95,Put,320,0,0,39.5424,0,0,0
25-Nov-2025,349.95,Put,365,0,0,39.5424,0,0,0
25-Nov-2025,349.95,Call,390,0,0,39.5424,0,0,0
28-Oct-2025,349.95,Call,310,0,0,39.5424,0,15,0
25-Nov-2025,349.95,Call,400,0,0,39.5424,0,0,0
28-Oct-2025,349.95,Put,410,0,0,39.5424,0,3,0
30-Dec-2025,349.95,Put,340,0,0,39.5424,0,0,0
25-Nov-2025,349.95,Call,325,0,0,39.5424,0,0,0
28-Oct-2025,349.95,Put,400,0,0,39.5424,0,64,0
25-Nov-2025,349.95,Call,300,0,0,39.5424,0,0,0
25-Nov-2025,349.95,Call,335,0,0,39.5424,0,0,0
25-Nov-2025,349.95,Put,390,0,0,39.5424,0,0,0
28-Oct-2025,349.95,Put,290,0,0,39.5424,0,8,0
30-Dec-2025,349.95,Call,350,0,0,39.5424,0,0,0
30-Dec-2025,349.95,Call,400,0,0,39.5424,0,0,0
25-Nov-2025,349.95,Call,310,0,0,39.5424,0,0,0
25-Nov-2025,349.95,Put,345,0,0,39.5424,0,0,0
30-Dec-2025,349.95,Call,340,0,0,39.5424,0,0,0
30-Dec-2025,349.95,Call,380,0,0,39.5424,0,0,0
30-Dec-2025,349.95,Put,370,0,0,39.5424,0,0,0
30-Dec-2025,349.95,Put,350,0,0,39.5424,0,0,0
25-Nov-2025,349.95,Call,340,0,0,39.5424,0,1,0
25-Nov-2025,349.95,Call,375,0,0,39.5424,0,0,0
30-Dec-2025,349.95,Put,360,0,0,39.5424,0,0,0
