28-Oct-2025,349.2,-,0,350.25,0,39.5424,306,16566,1013
28-Oct-2025,349.2,Call,360,4,27.1,39.5424,49,1294,971
28-Oct-2025,349.2,Call,350,7.95,27.28,39.5424,198,837,883
28-Oct-2025,349.2,Call,365,2.75,27.71,39.5424,60,510,570
28-Oct-2025,349.2,Put,350,7.35,27.58,39.5424,-31,704,472
28-Oct-2025,349.2,Call,355,5.7,27,39.5424,104,355,443
28-Oct-2025,349.2,Put,340,3.75,28.88,39.5424,24,573,403
28-Oct-2025,349.2,Call,370,1.85,28.16,39.5424,12,780,398
28-Oct-2025,349.2,Put,345,5.4,28.52,39.5424,53,236,259
28-Oct-2025,349.2,Call,380,0.9,29.31,39.5424,20,590,175
28-Oct-2025,349.2,Call,340,14.35,27.86,39.5424,40,200,121
25-Nov-2025,349.2,-,0,352.25,0,39.5424,58,672,117
28-Oct-2025,349.2,Call,390,0.45,31.1,39.5424,-6,295,111
28-Oct-2025,349.2,Put,330,1.8,30.38,39.5424,15,249,108
28-Oct-2025,349.2,Call,375,1.3,28.2,39.5424,20,174,101
28-Oct-2025,349.2,Call,345,10.5,25.66,39.5424,27,165,90
28-Oct-2025,349.2,Put,355,10.05,27.56,39.5424,-9,200,80
28-Oct-2025,349.2,Put,335,2.5,29.18,39.5424,4,110,71
28-Oct-2025,349.2,Put,320,0.9,33.38,39.5424,-19,228,64
28-Oct-2025,349.2,Put,300,0.35,41.91,39.5424,5,293,64
28-Oct-2025,349.2,Put,360,13.25,27.59,39.5424,-6,336,59
28-Oct-2025,349.2,Call,400,0.3,34.32,39.5424,6,712,36
25-Nov-2025,349.2,Call,380,4.8,28.62,39.5424,22,103,29
28-Oct-2025,349.2,Put,325,1.4,32.94,39.5424,-1,199,24
30-Dec-2025,349.2,-,0,353.5,0,39.5424,17,66,22
28-Oct-2025,349.2,Call,330,22.1,27.52,39.5424,7,45,22
25-Nov-2025,349.2,Put,300,1.3,33.69,39.5424,8,11,20
28-Oct-2025,349.2,Put,365,18.4,34.05,39.5424,7,73,16
28-Oct-2025,349.2,Put,310,0.5,36.91,39.5424,-1,110,16
28-Oct-2025,349.2,Call,335,17.95,27.3,39.5424,7,28,14
28-Oct-2025,349.2,Call,410,0.2,37.12,39.5424,-3,240,11
28-Oct-2025,349.2,Call,385,0.6,29.83,39.5424,1,132,11
25-Nov-2025,349.2,Put,340,8.3,29.85,39.5424,8,31,11
28-Oct-2025,349.2,Put,370,21.65,31.54,39.5424,2,169,10
25-Nov-2025,349.2,Put,320,3.3,30.97,39.5424,6,14,10
28-Oct-2025,349.2,Put,380,30.1,30.97,39.5424,2,53,9
25-Nov-2025,349.2,Call,350,14.75,27.1,39.5424,4,16,9
28-Oct-2025,349.2,Put,315,0.65,34.92,39.5424,7,53,8
25-Nov-2025,349.2,Put,350,12.95,30.8,39.5424,1,27,7
28-Oct-2025,349.2,Put,375,25.95,32.43,39.5424,0,16,6
28-Oct-2025,349.2,Call,325,26.35,25.9,39.5424,5,18,6
28-Oct-2025,349.2,Call,320,31.55,32.3,39.5424,4,29,5
25-Nov-2025,349.2,Call,370,6.9,27.56,39.5424,3,10,4
25-Nov-2025,349.2,Put,370,23.6,28.66,39.5424,1,3,3
28-Oct-2025,349.2,Call,420,0.1,38.12,39.5424,0,34,2
25-Nov-2025,349.2,Call,355,12.8,28.14,39.5424,1,1,2
25-Nov-2025,349.2,Call,360,10.3,27.4,39.5424,1,24,2
28-Oct-2025,349.2,Put,385,35.9,40.42,39.5424,0,14,1
25-Nov-2025,349.2,Call,365,9,28.64,39.5424,0,41,1
25-Nov-2025,349.2,Put,330,5.1,29.69,39.5424,0,13,1
30-Dec-2025,349.2,Call,390,5,0,39.5424,0,0,1
28-Oct-2025,349.2,Put,295,0,0,39.5424,0,5,0
28-Oct-2025,349.2,Put,305,0,0,39.5424,0,2,0
28-Oct-2025,349.2,Put,400,0,0,39.5424,0,64,0
28-Oct-2025,349.2,Put,395,0,0,39.5424,0,10,0
28-Oct-2025,349.2,Put,390,0,0,39.5424,0,33,0
28-Oct-2025,349.2,Put,290,0,0,39.5424,0,8,0
28-Oct-2025,349.2,Call,315,0,0,39.5424,0,7,0
28-Oct-2025,349.2,Call,310,0,0,39.5424,0,15,0
28-Oct-2025,349.2,Call,300,0,0,39.5424,0,5,0
28-Oct-2025,349.2,Put,410,0,0,39.5424,0,3,0
28-Oct-2025,349.2,Put,420,0,0,39.5424,0,25,0
28-Oct-2025,349.2,Put,285,0,0,39.5424,0,38,0
25-Nov-2025,349.2,Call,315,0,0,39.5424,0,0,0
25-Nov-2025,349.2,Call,335,0,0,39.5424,0,0,0
25-Nov-2025,349.2,Call,325,0,0,39.5424,0,0,0
25-Nov-2025,349.2,Put,325,0,0,39.5424,0,0,0
25-Nov-2025,349.2,Call,345,0,0,39.5424,0,0,0
25-Nov-2025,349.2,Put,365,0,0,39.5424,0,0,0
25-Nov-2025,349.2,Put,355,0,0,39.5424,0,1,0
25-Nov-2025,349.2,Call,375,0,0,39.5424,0,0,0
25-Nov-2025,349.2,Put,375,0,0,39.5424,0,9,0
25-Nov-2025,349.2,Put,345,0,0,39.5424,0,0,0
25-Nov-2025,349.2,Put,360,0,0,39.5424,0,13,0
25-Nov-2025,349.2,Put,315,0,0,39.5424,0,0,0
25-Nov-2025,349.2,Call,340,0,0,39.5424,0,1,0
25-Nov-2025,349.2,Put,400,0,0,39.5424,0,1,0
25-Nov-2025,349.2,Call,320,0,0,39.5424,0,0,0
25-Nov-2025,349.2,Put,390,0,0,39.5424,0,0,0
25-Nov-2025,349.2,Put,380,0,0,39.5424,0,2,0
25-Nov-2025,349.2,Call,400,0,0,39.5424,0,0,0
25-Nov-2025,349.2,Call,310,0,0,39.5424,0,0,0
25-Nov-2025,349.2,Call,390,0,0,39.5424,0,0,0
25-Nov-2025,349.2,Call,330,0,0,39.5424,0,0,0
25-Nov-2025,349.2,Call,385,0,0,39.5424,0,0,0
25-Nov-2025,349.2,Call,300,0,0,39.5424,0,0,0
25-Nov-2025,349.2,Put,385,0,0,39.5424,0,0,0
25-Nov-2025,349.2,Put,335,0,0,39.5424,0,0,0
25-Nov-2025,349.2,Put,310,0,0,39.5424,0,0,0
30-Dec-2025,349.2,Call,380,0,0,39.5424,0,0,0
30-Dec-2025,349.2,Put,370,0,0,39.5424,0,0,0
30-Dec-2025,349.2,Call,370,0,0,39.5424,0,0,0
30-Dec-2025,349.2,Put,360,0,0,39.5424,0,0,0
30-Dec-2025,349.2,Call,360,0,0,39.5424,0,0,0
30-Dec-2025,349.2,Call,340,0,0,39.5424,0,0,0
30-Dec-2025,349.2,Put,350,0,0,39.5424,0,0,0
30-Dec-2025,349.2,Put,340,0,0,39.5424,0,0,0
30-Dec-2025,349.2,Put,330,0,0,39.5424,0,0,0
30-Dec-2025,349.2,Put,320,0,0,39.5424,0,0,0
30-Dec-2025,349.2,Call,350,0,0,39.5424,0,0,0
30-Dec-2025,349.2,Call,400,0,0,39.5424,0,0,0
