28-Oct-2025,349.5,-,0,350.5,0,39.5424,143,16403,516
28-Oct-2025,349.5,Call,360,4.05,26.84,39.5424,7,1252,476
28-Oct-2025,349.5,Call,350,7.95,27.01,39.5424,58,697,393
28-Oct-2025,349.5,Call,365,2.7,27.21,39.5424,66,516,311
28-Oct-2025,349.5,Put,350,7.2,27.67,39.5424,-26,709,274
28-Oct-2025,349.5,Call,370,1.8,28.11,39.5424,-11,757,222
28-Oct-2025,349.5,Call,355,5.85,27.46,39.5424,52,303,194
28-Oct-2025,349.5,Put,340,3.7,28.74,39.5424,7,556,162
28-Oct-2025,349.5,Put,345,5.3,27.85,39.5424,21,204,113
28-Oct-2025,349.5,Call,380,0.9,29.27,39.5424,-1,569,94
25-Nov-2025,349.5,-,0,352.5,0,39.5424,31,645,73
28-Oct-2025,349.5,Call,390,0.45,31.07,39.5424,-2,299,71
28-Oct-2025,349.5,Call,375,1.25,28.15,39.5424,21,175,68
28-Oct-2025,349.5,Call,340,14.25,29.38,39.5424,14,174,50
28-Oct-2025,349.5,Put,320,0.85,32.94,39.5424,-15,232,47
28-Oct-2025,349.5,Call,345,11.1,27.04,39.5424,23,161,41
28-Oct-2025,349.5,Put,355,10.1,27.3,39.5424,-1,208,41
28-Oct-2025,349.5,Put,330,1.7,30.43,39.5424,-1,233,40
28-Oct-2025,349.5,Put,360,13.15,25.97,39.5424,-4,338,36
28-Oct-2025,349.5,Put,300,0.3,40.84,39.5424,-2,286,24
28-Oct-2025,349.5,Put,335,2.5,29.23,39.5424,-1,105,22
28-Oct-2025,349.5,Call,330,22.6,32.73,39.5424,7,45,20
28-Oct-2025,349.5,Call,400,0.3,34.29,39.5424,3,709,19
25-Nov-2025,349.5,Call,380,4.9,28.19,39.5424,5,86,18
28-Oct-2025,349.5,Put,325,1.2,31.51,39.5424,-1,199,13
28-Oct-2025,349.5,Call,335,17.55,24.96,39.5424,6,27,11
28-Oct-2025,349.5,Put,370,20.6,26.3,39.5424,2,169,9
28-Oct-2025,349.5,Put,365,16.45,25.83,39.5424,6,72,9
28-Oct-2025,349.5,Call,410,0.2,37.09,39.5424,-2,241,8
30-Dec-2025,349.5,-,0,355,0,39.5424,5,54,7
28-Oct-2025,349.5,Call,385,0.6,29.8,39.5424,-1,130,7
28-Oct-2025,349.5,Put,380,30.55,34.43,39.5424,0,51,6
28-Oct-2025,349.5,Put,375,25.95,32.67,39.5424,0,16,6
28-Oct-2025,349.5,Call,320,31.55,31.82,39.5424,4,29,5
25-Nov-2025,349.5,Put,350,11.9,28.63,39.5424,-1,25,5
28-Oct-2025,349.5,Call,325,26.4,25.94,39.5424,0,13,4
25-Nov-2025,349.5,Put,370,23.6,28.74,39.5424,1,3,3
28-Oct-2025,349.5,Put,315,0.65,34.96,39.5424,0,46,2
28-Oct-2025,349.5,Put,310,0.5,36.95,39.5424,-1,110,2
25-Nov-2025,349.5,Call,360,10.5,0,39.5424,0,23,1
25-Nov-2025,349.5,Call,355,12.5,27.46,39.5424,0,0,1
25-Nov-2025,349.5,Call,365,9,28.59,39.5424,0,41,1
28-Oct-2025,349.5,Put,400,0,0,39.5424,0,64,0
28-Oct-2025,349.5,Put,395,0,0,39.5424,0,10,0
28-Oct-2025,349.5,Put,390,0,0,39.5424,0,33,0
28-Oct-2025,349.5,Call,315,0,0,39.5424,0,7,0
28-Oct-2025,349.5,Call,420,0,0,39.5424,0,34,0
28-Oct-2025,349.5,Call,300,0,0,39.5424,0,5,0
28-Oct-2025,349.5,Put,385,0,0,39.5424,0,14,0
28-Oct-2025,349.5,Call,310,0,0,39.5424,0,15,0
28-Oct-2025,349.5,Put,285,0,0,39.5424,0,38,0
28-Oct-2025,349.5,Put,410,0,0,39.5424,0,3,0
28-Oct-2025,349.5,Put,420,0,0,39.5424,0,25,0
28-Oct-2025,349.5,Put,295,0,0,39.5424,0,5,0
28-Oct-2025,349.5,Put,290,0,0,39.5424,0,8,0
28-Oct-2025,349.5,Put,305,0,0,39.5424,0,2,0
25-Nov-2025,349.5,Put,365,0,0,39.5424,0,0,0
25-Nov-2025,349.5,Call,375,0,0,39.5424,0,0,0
25-Nov-2025,349.5,Call,330,0,0,39.5424,0,0,0
25-Nov-2025,349.5,Put,345,0,0,39.5424,0,0,0
25-Nov-2025,349.5,Put,375,0,0,39.5424,0,9,0
25-Nov-2025,349.5,Put,355,0,0,39.5424,0,1,0
25-Nov-2025,349.5,Put,385,0,0,39.5424,0,0,0
25-Nov-2025,349.5,Call,345,0,0,39.5424,0,0,0
25-Nov-2025,349.5,Call,385,0,0,39.5424,0,0,0
25-Nov-2025,349.5,Call,335,0,0,39.5424,0,0,0
25-Nov-2025,349.5,Put,310,0,0,39.5424,0,0,0
25-Nov-2025,349.5,Call,370,0,0,39.5424,0,7,0
25-Nov-2025,349.5,Put,335,0,0,39.5424,0,0,0
25-Nov-2025,349.5,Call,350,0,0,39.5424,0,12,0
25-Nov-2025,349.5,Call,300,0,0,39.5424,0,0,0
25-Nov-2025,349.5,Call,390,0,0,39.5424,0,0,0
25-Nov-2025,349.5,Call,400,0,0,39.5424,0,0,0
25-Nov-2025,349.5,Call,310,0,0,39.5424,0,0,0
25-Nov-2025,349.5,Call,320,0,0,39.5424,0,0,0
25-Nov-2025,349.5,Put,390,0,0,39.5424,0,0,0
25-Nov-2025,349.5,Put,340,0,0,39.5424,0,23,0
25-Nov-2025,349.5,Call,340,0,0,39.5424,0,1,0
25-Nov-2025,349.5,Put,300,0,0,39.5424,0,3,0
25-Nov-2025,349.5,Put,320,0,0,39.5424,0,8,0
25-Nov-2025,349.5,Put,360,0,0,39.5424,0,13,0
25-Nov-2025,349.5,Call,315,0,0,39.5424,0,0,0
25-Nov-2025,349.5,Put,400,0,0,39.5424,0,1,0
30-Dec-2025,349.5,Put,350,0,0,39.5424,0,0,0
30-Dec-2025,349.5,Put,370,0,0,39.5424,0,0,0
25-Nov-2025,349.5,Put,315,0,0,39.5424,0,0,0
25-Nov-2025,349.5,Put,325,0,0,39.5424,0,0,0
25-Nov-2025,349.5,Put,330,0,0,39.5424,0,13,0
30-Dec-2025,349.5,Call,370,0,0,39.5424,0,0,0
25-Nov-2025,349.5,Put,380,0,0,39.5424,0,2,0
25-Nov-2025,349.5,Call,325,0,0,39.5424,0,0,0
30-Dec-2025,349.5,Put,330,0,0,39.5424,0,0,0
30-Dec-2025,349.5,Call,400,0,0,39.5424,0,0,0
30-Dec-2025,349.5,Call,380,0,0,39.5424,0,0,0
30-Dec-2025,349.5,Call,350,0,0,39.5424,0,0,0
30-Dec-2025,349.5,Call,340,0,0,39.5424,0,0,0
30-Dec-2025,349.5,Call,360,0,0,39.5424,0,0,0
30-Dec-2025,349.5,Put,320,0,0,39.5424,0,0,0
30-Dec-2025,349.5,Put,360,0,0,39.5424,0,0,0
30-Dec-2025,349.5,Put,340,0,0,39.5424,0,0,0
30-Dec-2025,349.5,Call,390,0,0,39.5424,0,0,0
