28-Oct-2025,38650,Call,39000,490.95,19.16,29.0836,115,511,776
28-Oct-2025,38650,Put,39500,1123.35,22.45,29.0836,10,22,651
28-Oct-2025,38650,-,0,38700,0,29.0836,42,9494,544
28-Oct-2025,38650,Call,40000,217.15,20.28,29.0836,66,695,482
28-Oct-2025,38650,Call,41000,99.9,22.44,29.0836,51,515,343
28-Oct-2025,38660,Call,42000,46.45,24.7,29.0836,-21,379,236
28-Oct-2025,38650,Put,38000,345,21.74,29.0836,34,347,209
28-Oct-2025,38650,Call,38500,756.55,19.04,29.0836,23,156,86
28-Oct-2025,38660,Put,40000,1535,25.44,29.0836,5,70,68
28-Oct-2025,38650,Put,37000,135,22.72,29.0836,-1,235,58
25-Nov-2025,38650,-,0,38790,0,29.0836,8,217,57
28-Oct-2025,38650,Put,36000,50.7,24.3,29.0836,-7,118,36
28-Oct-2025,38650,Call,39250,412.7,19.31,29.0836,8,22,34
28-Oct-2025,38650,Call,38000,1060,18.38,29.0836,3,105,25
28-Oct-2025,38650,Put,39000,860,24.3,29.0836,3,217,20
28-Oct-2025,38650,Call,39500,302.25,18.48,29.0836,3,50,18
28-Oct-2025,38650,Put,38500,528.15,21.55,29.0836,2,128,18
28-Oct-2025,38650,Call,38250,897.7,18.6,29.0836,0,30,17
28-Oct-2025,38650,Call,43000,30,27.62,29.0836,2,118,16
28-Oct-2025,38650,Put,38250,505.65,24.22,29.0836,5,29,14
28-Oct-2025,38650,Call,40250,180,20.9,29.0836,4,28,11
25-Nov-2025,38650,Put,37000,450,23.68,29.0836,-2,8,7
25-Nov-2025,38650,Put,39000,1202.25,23.75,29.0836,0,12,5
28-Oct-2025,38650,Put,40250,1809.7,28.89,29.0836,1,6,4
28-Oct-2025,38650,Call,46000,11,36.3,29.0836,0,30,3
25-Nov-2025,38650,Call,41000,429,20.77,29.0836,-1,18,3
28-Oct-2025,38650,Put,35000,25,27.4,29.0836,-1,104,3
25-Nov-2025,38650,Call,43000,179.95,23.04,29.0836,2,2,3
25-Nov-2025,38650,Call,39000,988.05,17.67,29.0836,0,5,2
28-Oct-2025,38650,Call,41500,95.05,25.53,29.0836,0,40,1
30-Dec-2025,38650,-,0,0,0,29.0836,0,0,0
28-Oct-2025,38650,Call,33000,0,0,29.0836,0,0,0
28-Oct-2025,38650,Put,33500,0,0,29.0836,0,7,0
28-Oct-2025,38650,Call,42750,0,0,29.0836,0,10,0
28-Oct-2025,38650,Call,34000,0,0,29.0836,0,5,0
28-Oct-2025,38650,Call,37500,0,0,29.0836,0,34,0
28-Oct-2025,38650,Call,34500,0,0,29.0836,0,2,0
28-Oct-2025,38650,Call,41250,0,0,29.0836,0,1,0
28-Oct-2025,38650,Call,45500,0,0,29.0836,0,10,0
28-Oct-2025,38650,Put,34000,0,0,29.0836,0,0,0
28-Oct-2025,38650,Call,42500,0,0,29.0836,0,3,0
28-Oct-2025,38650,Put,46000,0,0,29.0836,0,8,0
28-Oct-2025,38650,Call,44250,0,0,29.0836,0,2,0
28-Oct-2025,38650,Put,35500,0,0,29.0836,0,0,0
28-Oct-2025,38650,Call,44500,0,0,29.0836,0,1,0
28-Oct-2025,38650,Put,36500,0,0,29.0836,0,68,0
28-Oct-2025,38650,Call,45000,0,0,29.0836,0,28,0
28-Oct-2025,38650,Call,35000,0,0,29.0836,0,3,0
28-Oct-2025,38650,Call,40500,0,0,29.0836,0,0,0
28-Oct-2025,38650,Put,37750,0,0,29.0836,0,11,0
28-Oct-2025,38650,Put,34500,0,0,29.0836,0,1,0
28-Oct-2025,38650,Put,42000,0,0,29.0836,0,0,0
28-Oct-2025,38650,Put,43000,0,0,29.0836,0,0,0
25-Nov-2025,38650,Call,38000,0,0,29.0836,0,3,0
28-Oct-2025,38650,Call,36000,0,0,29.0836,0,0,0
25-Nov-2025,38650,Call,42500,0,0,29.0836,0,0,0
25-Nov-2025,38650,Put,42500,0,0,29.0836,0,0,0
28-Oct-2025,38660,Call,44000,0,0,29.0836,0,2,0
28-Oct-2025,38650,Put,37500,0,0,29.0836,0,194,0
28-Oct-2025,38650,Call,43500,0,0,29.0836,0,3,0
25-Nov-2025,38650,Put,36000,0,0,29.0836,0,0,0
28-Oct-2025,38650,Put,44000,0,0,29.0836,0,0,0
28-Oct-2025,38650,Put,32000,0,0,29.0836,0,0,0
28-Oct-2025,38650,Call,35500,0,0,29.0836,0,0,0
25-Nov-2025,38650,Put,36500,0,0,29.0836,0,0,0
28-Oct-2025,38650,Put,40500,0,0,29.0836,0,0,0
25-Nov-2025,38650,Put,33000,0,0,29.0836,0,0,0
28-Oct-2025,38650,Call,37000,0,0,29.0836,0,2,0
28-Oct-2025,38650,Put,41500,0,0,29.0836,0,0,0
25-Nov-2025,38650,Put,32000,0,0,29.0836,0,0,0
28-Oct-2025,38650,Put,33000,0,0,29.0836,0,0,0
28-Oct-2025,38650,Call,36500,0,0,29.0836,0,0,0
28-Oct-2025,38650,Put,42500,0,0,29.0836,0,0,0
25-Nov-2025,38650,Call,40500,0,0,29.0836,0,0,0
25-Nov-2025,38650,Call,41500,0,0,29.0836,0,0,0
25-Nov-2025,38650,Call,36500,0,0,29.0836,0,0,0
25-Nov-2025,38650,Call,44000,0,0,29.0836,0,2,0
25-Nov-2025,38650,Put,45000,0,0,29.0836,0,0,0
25-Nov-2025,38650,Call,35500,0,0,29.0836,0,0,0
30-Dec-2025,38650,Call,43000,0,0,0,0,0,0
25-Nov-2025,38650,Call,45000,0,0,29.0836,0,0,0
25-Nov-2025,38650,Call,33000,0,0,29.0836,0,0,0
25-Nov-2025,38650,Put,42000,0,0,29.0836,0,0,0
25-Nov-2025,38660,Call,37500,0,0,29.0836,0,0,0
30-Dec-2025,38650,Call,39000,0,0,0,0,0,0
30-Dec-2025,38650,Put,36000,0,0,0,0,0,0
25-Nov-2025,38650,Put,40000,0,0,29.0836,0,0,0
25-Nov-2025,38650,Put,35500,0,0,29.0836,0,0,0
28-Oct-2025,38650,Put,45000,0,0,29.0836,0,0,0
25-Nov-2025,38660,Put,40500,0,0,29.0836,0,0,0
30-Dec-2025,38650,Put,37000,0,0,0,0,0,0
30-Dec-2025,38650,Put,38000,0,0,0,0,0,0
25-Nov-2025,38650,Put,41500,0,0,29.0836,0,0,0
25-Nov-2025,38650,Call,34000,0,0,29.0836,0,0,0
25-Nov-2025,38650,Put,44000,0,0,29.0836,0,0,0
25-Nov-2025,38650,Call,36000,0,0,29.0836,0,0,0
25-Nov-2025,38650,Call,38500,0,0,29.0836,0,0,0
25-Nov-2025,38650,Call,42000,0,0,29.0836,0,0,0
25-Nov-2025,38650,Call,32000,0,0,29.0836,0,0,0
25-Nov-2025,38650,Call,46000,0,0,29.0836,0,1,0
25-Nov-2025,38650,Call,37000,0,0,29.0836,0,0,0
25-Nov-2025,38650,Call,40000,0,0,29.0836,0,0,0
30-Dec-2025,38650,Call,37000,0,0,0,0,0,0
25-Nov-2025,38650,Put,39500,0,0,29.0836,0,0,0
25-Nov-2025,38650,Put,41000,0,0,29.0836,0,0,0
30-Dec-2025,38650,Put,39000,0,0,0,0,0,0
30-Dec-2025,38650,Call,41000,0,0,0,0,0,0
28-Oct-2025,38650,Put,41000,0,0,29.0836,0,0,0
25-Nov-2025,38660,Call,35000,0,0,29.0836,0,0,0
25-Nov-2025,38650,Call,39500,0,0,29.0836,0,0,0
30-Dec-2025,38650,Call,38000,0,0,0,0,0,0
25-Nov-2025,38650,Put,38000,0,0,29.0836,0,0,0
30-Dec-2025,38650,Put,40000,0,0,0,0,0,0
25-Nov-2025,38650,Put,35000,0,0,29.0836,0,0,0
30-Dec-2025,38650,Call,42000,0,0,0,0,0,0
30-Dec-2025,38650,Call,40000,0,0,0,0,0,0
25-Nov-2025,38650,Put,43000,0,0,29.0836,0,0,0
25-Nov-2025,38650,Put,37500,0,0,29.0836,0,0,0
25-Nov-2025,38650,Put,38500,0,0,29.0836,0,0,0
28-Oct-2025,38650,Call,32000,0,0,29.0836,0,0,0
25-Nov-2025,38650,Call,34500,0,0,29.0836,0,0,0
30-Dec-2025,38650,Put,41000,0,0,0,0,0,0
30-Dec-2025,38650,Put,35000,0,0,0,0,0,0
