28-Oct-2025,382.2,Put,385,6.85,19.86,29.029,83,1583,434
28-Oct-2025,382.2,-,0,383.25,0,29.029,67,50583,390
28-Oct-2025,382.2,Call,395,2,19.21,29.029,-209,3304,348
28-Oct-2025,382.2,Call,385,5,18.15,29.029,54,1180,257
28-Oct-2025,382.2,Call,400,1.25,20.06,29.029,-54,3340,244
28-Oct-2025,382.2,Call,390,3.25,18.54,29.029,56,2992,230
28-Oct-2025,382.35,Call,410,0.55,22.05,29.029,34,1657,171
28-Oct-2025,382.2,Put,340,0.1,29,29.029,50,128,142
28-Oct-2025,382.35,Call,380,7.55,17.9,29.029,14,645,108
28-Oct-2025,382.2,Put,380,4.3,19.68,29.029,11,1768,100
28-Oct-2025,382.35,Call,387.5,4.05,18.43,29.029,4,712,59
25-Nov-2025,382.35,-,0,384.25,0,29.029,21,1630,56
28-Oct-2025,382.2,Put,382.5,5.55,19.55,29.029,5,364,53
28-Oct-2025,382.35,Put,390,10,20.86,29.029,10,1587,45
28-Oct-2025,382.2,Call,392.5,2.55,18.92,29.029,-1,351,43
28-Oct-2025,382.2,Put,387.5,8.25,20.48,29.029,1,361,42
28-Oct-2025,382.2,Call,415,0.3,22.81,29.029,-1,593,32
28-Oct-2025,382.2,Put,375,2.65,19.73,29.029,4,1101,32
30-Dec-2025,382.2,-,0,386.9,0,29.029,6,309,27
25-Nov-2025,382.2,Call,400,5,19.16,29.029,5,246,26
28-Oct-2025,382.2,Call,420,0.25,24.05,29.029,0,1507,23
28-Oct-2025,382.2,Put,365,0.9,20.91,29.029,0,474,22
28-Oct-2025,382.2,Call,382.5,6.2,18.35,29.029,6,252,20
28-Oct-2025,382.2,Call,430,0.1,25.35,29.029,0,208,19
28-Oct-2025,382.2,Call,405,0.7,20.02,29.029,0,1130,13
28-Oct-2025,382.2,Put,395,13.75,21.91,29.029,2,766,12
28-Oct-2025,382.2,Put,370,1.55,20.26,29.029,-2,532,11
28-Oct-2025,382.2,Call,402.5,1,20.27,29.029,2,90,9
28-Oct-2025,382.2,Put,360,0.6,22.46,29.029,0,562,9
25-Nov-2025,382.2,Call,410,2.9,19.75,29.029,0,139,9
25-Nov-2025,382.2,Call,450,0.55,24.95,29.029,1,50,8
28-Oct-2025,382.2,Put,377.5,3.5,20.15,29.029,1,193,7
28-Oct-2025,382.2,Call,397.5,1.65,19.71,29.029,-4,310,6
28-Oct-2025,382.2,Put,350,0.25,25.04,29.029,1,231,6
28-Oct-2025,382.2,Put,400,17.85,22.74,29.029,0,1124,5
25-Nov-2025,382.2,Call,420,1.7,20.57,29.029,-2,196,5
25-Nov-2025,382.35,Put,350,1.35,22.78,29.029,-4,26,5
28-Oct-2025,382.2,Put,362.5,0.7,21.42,29.029,0,38,3
28-Oct-2025,382.2,Call,362.5,21.2,0,29.029,0,3,3
28-Oct-2025,382.2,Call,367.5,16.7,17.12,29.029,1,24,3
28-Oct-2025,382.2,Call,377.5,8.7,15.8,29.029,0,35,3
25-Nov-2025,382.2,Put,360,2.4,21.59,29.029,-1,36,3
28-Oct-2025,382.2,Call,370,14.15,12.27,29.029,0,147,3
28-Oct-2025,382.2,Call,375,10.95,17.6,29.029,-1,83,3
25-Nov-2025,382.2,Call,440,0.75,23.35,29.029,0,77,3
28-Oct-2025,382.2,Call,360,23.55,0,29.029,0,35,2
28-Oct-2025,382.2,Put,372.5,2.15,20.56,29.029,0,142,2
28-Oct-2025,382.2,Put,392.5,11.75,21.18,29.029,-1,214,2
28-Oct-2025,382.35,Call,407.5,0.6,0,29.029,0,95,2
28-Oct-2025,382.2,Put,397.5,15.75,22.29,29.029,0,30,2
28-Oct-2025,382.2,Put,407.5,24.7,25.28,29.029,0,16,1
28-Oct-2025,382.2,Put,367.5,1.35,21.5,29.029,0,73,1
28-Oct-2025,382.2,Put,355,0.35,23.28,29.029,0,103,1
28-Oct-2025,382.2,Call,365,19.25,16.97,29.029,0,19,1
28-Oct-2025,382.2,Put,405,22.35,24.26,29.029,0,71,1
28-Oct-2025,382.2,Put,402.5,20.15,0,29.029,0,25,1
28-Oct-2025,382.2,Call,372.5,13.55,20.66,29.029,0,31,1
25-Nov-2025,382.2,Put,385,10,20.88,29.029,0,36,1
25-Nov-2025,382.2,Call,380,13,17.74,29.029,0,92,1
25-Nov-2025,382.2,Put,370,4.5,21.22,29.029,0,108,1
28-Oct-2025,382.2,Put,325,0.15,38.11,29.029,0,43,1
25-Nov-2025,382.2,Call,385,10.85,18.94,29.029,0,74,1
30-Dec-2025,382.2,Call,400,8.2,17.17,29.029,0,20,1
28-Oct-2025,382.2,Call,412.5,0,0,29.029,0,50,0
28-Oct-2025,382.2,Put,412.5,0,0,29.029,0,8,0
28-Oct-2025,382.2,Call,417.5,0,0,29.029,0,38,0
28-Oct-2025,382.2,Call,445,0,0,29.029,0,0,0
28-Oct-2025,382.2,Put,417.5,0,0,29.029,0,1,0
28-Oct-2025,382.2,Put,425,0,0,29.029,0,1,0
28-Oct-2025,382.2,Put,450,0,0,29.029,0,1570,0
28-Oct-2025,382.2,Put,330,0,0,29.029,0,43,0
28-Oct-2025,382.35,Put,460,0,0,29.029,0,15,0
28-Oct-2025,382.35,Call,357.5,0,0,29.029,0,0,0
28-Oct-2025,382.2,Put,357.5,0,0,29.029,0,14,0
28-Oct-2025,382.2,Put,335,0,0,29.029,0,11,0
28-Oct-2025,382.2,Put,410,0,0,29.029,0,173,0
28-Oct-2025,382.35,Call,335,0,0,29.029,0,0,0
28-Oct-2025,382.2,Call,355,0,0,29.029,0,6,0
28-Oct-2025,382.2,Put,415,0,0,29.029,0,79,0
28-Oct-2025,382.35,Put,445,0,0,29.029,0,0,0
28-Oct-2025,382.2,Put,435,0,0,29.029,0,0,0
28-Oct-2025,382.2,Put,320,0,0,29.029,0,106,0
28-Oct-2025,382.2,Put,345,0,0,29.029,0,9,0
28-Oct-2025,382.2,Call,460,0,0,29.029,0,56,0
28-Oct-2025,382.35,Call,340,0,0,29.029,0,0,0
28-Oct-2025,382.2,Call,350,0,0,29.029,0,33,0
28-Oct-2025,382.2,Put,430,0,0,29.029,0,86,0
28-Oct-2025,382.2,Call,440,0,0,29.029,0,257,0
28-Oct-2025,382.2,Put,310,0,0,29.029,0,14,0
28-Oct-2025,382.2,Call,320,0,0,29.029,0,0,0
28-Oct-2025,382.2,Call,425,0,0,29.029,0,288,0
28-Oct-2025,382.2,Call,450,0,0,29.029,0,1038,0
28-Oct-2025,382.35,Put,440,0,0,29.029,0,121,0
28-Oct-2025,382.2,Call,325,0,0,29.029,0,0,0
28-Oct-2025,382.2,Call,435,0,0,29.029,0,454,0
28-Oct-2025,382.2,Put,352.5,0,0,29.029,0,0,0
25-Nov-2025,382.2,Put,410,0,0,29.029,0,58,0
25-Nov-2025,382.35,Put,392.5,0,0,29.029,0,6,0
25-Nov-2025,382.2,Put,397.5,0,0,29.029,0,0,0
25-Nov-2025,382.2,Put,415,0,0,29.029,0,0,0
25-Nov-2025,382.2,Call,435,0,0,29.029,0,1,0
25-Nov-2025,382.2,Call,382.5,0,0,29.029,0,0,0
28-Oct-2025,382.2,Put,420,0,0,29.029,0,261,0
25-Nov-2025,382.2,Call,367.5,0,0,29.029,0,0,0
25-Nov-2025,382.2,Call,402.5,0,0,29.029,0,1,0
25-Nov-2025,382.2,Put,377.5,0,0,29.029,0,0,0
25-Nov-2025,382.2,Call,387.5,0,0,29.029,0,1,0
25-Nov-2025,382.35,Put,402.5,0,0,29.029,0,1,0
25-Nov-2025,382.35,Call,397.5,0,0,29.029,0,1,0
25-Nov-2025,382.2,Put,372.5,0,0,29.029,0,0,0
25-Nov-2025,382.2,Put,340,0,0,29.029,0,0,0
25-Nov-2025,382.2,Call,350,0,0,29.029,0,0,0
28-Oct-2025,382.2,Call,330,0,0,29.029,0,1,0
25-Nov-2025,382.2,Put,320,0,0,29.029,0,5,0
25-Nov-2025,382.2,Call,405,0,0,29.029,0,0,0
25-Nov-2025,382.2,Put,345,0,0,29.029,0,0,0
25-Nov-2025,382.2,Put,357.5,0,0,29.029,0,0,0
25-Nov-2025,382.2,Call,377.5,0,0,29.029,0,0,0
25-Nov-2025,382.35,Put,395,0,0,29.029,0,3,0
30-Dec-2025,382.2,Call,410,0,0,29.029,0,0,0
25-Nov-2025,382.2,Call,360,0,0,29.029,0,1,0
25-Nov-2025,382.35,Call,375,0,0,29.029,0,0,0
25-Nov-2025,382.2,Call,372.5,0,0,29.029,0,0,0
25-Nov-2025,382.2,Put,380,0,0,29.029,0,120,0
25-Nov-2025,382.35,Put,330,0,0,29.029,0,0,0
25-Nov-2025,382.2,Put,382.5,0,0,29.029,0,0,0
25-Nov-2025,382.2,Put,387.5,0,0,29.029,0,3,0
25-Nov-2025,382.2,Call,357.5,0,0,29.029,0,0,0
25-Nov-2025,382.35,Call,392.5,0,0,29.029,0,5,0
30-Dec-2025,382.35,Put,395,0,0,29.029,0,0,0
25-Nov-2025,382.35,Put,405,0,0,29.029,0,0,0
30-Dec-2025,382.2,Call,395,0,0,29.029,0,0,0
25-Nov-2025,382.2,Call,362.5,0,0,29.029,0,0,0
25-Nov-2025,382.2,Call,415,0,0,29.029,0,0,0
25-Nov-2025,382.2,Call,395,0,0,29.029,0,47,0
30-Dec-2025,382.2,Put,375,0,0,29.029,0,0,0
25-Nov-2025,382.35,Call,425,0,0,29.029,0,0,0
25-Nov-2025,382.2,Call,412.5,0,0,29.029,0,0,0
25-Nov-2025,382.2,Put,355,0,0,29.029,0,0,0
25-Nov-2025,382.2,Call,407.5,0,0,29.029,0,0,0
28-Oct-2025,382.2,Call,345,0,0,29.029,0,6,0
25-Nov-2025,382.2,Put,400,0,0,29.029,0,61,0
25-Nov-2025,382.2,Put,407.5,0,0,29.029,0,0,0
28-Oct-2025,382.2,Call,352.5,0,0,29.029,0,0,0
30-Dec-2025,382.2,Put,370,0,0,29.029,0,0,0
30-Dec-2025,382.2,Call,375,0,0,29.029,0,0,0
25-Nov-2025,382.35,Put,420,0,0,29.029,0,19,0
25-Nov-2025,382.2,Call,390,0,0,29.029,0,142,0
25-Nov-2025,382.2,Call,352.5,0,0,29.029,0,0,0
30-Dec-2025,382.2,Put,400,0,0,29.029,0,0,0
30-Dec-2025,382.2,Put,380,0,0,29.029,0,0,0
25-Nov-2025,382.2,Call,445,0,0,29.029,0,1,0
25-Nov-2025,382.2,Put,352.5,0,0,29.029,0,0,0
30-Dec-2025,382.2,Put,390,0,0,29.029,0,0,0
25-Nov-2025,382.35,Put,390,0,0,29.029,0,118,0
25-Nov-2025,382.35,Put,362.5,0,0,29.029,0,2,0
30-Dec-2025,382.2,Call,385,0,0,29.029,0,0,0
25-Nov-2025,382.2,Put,335,0,0,29.029,0,0,0
30-Dec-2025,382.35,Call,390,0,0,29.029,0,0,0
30-Dec-2025,382.2,Put,365,0,0,29.029,0,0,0
30-Dec-2025,382.35,Put,385,0,0,29.029,0,0,0
25-Nov-2025,382.2,Call,370,0,0,29.029,0,0,0
30-Dec-2025,382.2,Call,405,0,0,29.029,0,0,0
25-Nov-2025,382.2,Call,417.5,0,0,29.029,0,0,0
25-Nov-2025,382.2,Call,355,0,0,29.029,0,0,0
30-Dec-2025,382.2,Call,380,0,0,29.029,0,0,0
30-Dec-2025,382.2,Put,360,0,0,29.029,0,0,0
25-Nov-2025,382.35,Put,417.5,0,0,29.029,0,0,0
25-Nov-2025,382.2,Put,365,0,0,29.029,0,0,0
25-Nov-2025,382.2,Put,325,0,0,29.029,0,0,0
30-Dec-2025,382.2,Call,415,0,0,29.029,0,0,0
25-Nov-2025,382.2,Put,367.5,0,0,29.029,0,0,0
25-Nov-2025,382.35,Put,412.5,0,0,29.029,0,0,0
25-Nov-2025,382.35,Call,430,0,0,29.029,0,2,0
25-Nov-2025,382.2,Put,375,0,0,29.029,0,118,0
25-Nov-2025,382.35,Call,365,0,0,29.029,0,0,0
