28-Oct-2025,381,-,0,381.4,0,29.029,396,50912,1813
28-Oct-2025,381,Call,390,2.75,18.59,29.029,216,3152,1493
28-Oct-2025,381,Call,385,4.35,18.01,29.029,157,1283,1221
28-Oct-2025,381,Call,395,1.65,18.99,29.029,-93,3420,1183
28-Oct-2025,381,Put,385,7.7,19.74,29.029,97,1597,1177
28-Oct-2025,381,Call,400,1.05,19.88,29.029,35,3429,1059
28-Oct-2025,381,Put,380,5.05,19.37,29.029,66,1823,948
28-Oct-2025,381,Call,420,0.25,23.77,29.029,-76,1431,875
28-Oct-2025,381,Call,380,6.65,17.85,29.029,98,729,523
28-Oct-2025,381,Call,387.5,3.45,18.14,29.029,-48,660,501
28-Oct-2025,381,Put,382.5,6.2,19.66,29.029,29,388,415
25-Nov-2025,381,-,0,382.55,0,29.029,210,1819,395
28-Oct-2025,381,Call,410,0.5,22.28,29.029,61,1684,386
28-Oct-2025,381,Call,382.5,5.5,17.97,29.029,105,351,355
28-Oct-2025,381,Put,390,11.05,20.21,29.029,-35,1542,190
28-Oct-2025,381,Put,375,3.05,19.31,29.029,14,1111,180
28-Oct-2025,381,Put,340,0.15,28.42,29.029,27,105,177
28-Oct-2025,381,Call,392.5,2.15,18.74,29.029,31,383,172
28-Oct-2025,381,Put,377.5,3.95,18.83,29.029,45,237,163
28-Oct-2025,381,Put,387.5,9.3,19.79,29.029,4,364,129
25-Nov-2025,381,Call,400,4.5,19.47,29.029,16,257,124
28-Oct-2025,381,Call,377.5,8.05,17.79,29.029,35,70,122
28-Oct-2025,381,Call,405,0.7,20.82,29.029,-8,1122,115
28-Oct-2025,381,Put,370,1.85,19.52,29.029,10,544,105
28-Oct-2025,381,Put,365,1.05,20.39,29.029,-2,472,99
28-Oct-2025,381,Call,415,0.35,23.49,29.029,7,601,70
30-Dec-2025,381,-,0,384.7,0,29.029,34,337,60
25-Nov-2025,381,Call,410,2.8,20.08,29.029,1,140,52
28-Oct-2025,381,Call,370,13.5,17.44,29.029,5,152,47
28-Oct-2025,381,Put,395,15.15,19.74,29.029,0,764,47
28-Oct-2025,381,Call,402.5,0.85,20.83,29.029,12,100,45
28-Oct-2025,381,Call,375,9.65,18.6,29.029,5,89,43
25-Nov-2025,381,Call,420,1.55,21.27,29.029,4,202,34
25-Nov-2025,381,Call,380,12.05,17.6,29.029,18,110,33
28-Oct-2025,381,Put,400,19.3,13.99,29.029,-6,1118,29
28-Oct-2025,381,Call,367.5,16.35,19.15,29.029,3,26,23
28-Oct-2025,381,Put,392.5,12.8,20.53,29.029,0,215,23
28-Oct-2025,381,Put,360,0.6,21.25,29.029,-3,559,22
28-Oct-2025,381,Put,372.5,2.4,19.69,29.029,1,143,21
28-Oct-2025,381,Call,425,0.15,25.1,29.029,0,288,21
28-Oct-2025,381,Call,430,0.1,25.91,29.029,0,208,21
25-Nov-2025,381,Call,385,9.5,18.25,29.029,17,91,21
28-Oct-2025,381,Call,362.5,20.05,19.93,29.029,7,10,20
28-Oct-2025,381,Put,397.5,16.15,20.14,29.029,-1,29,20
25-Nov-2025,381,Put,370,5,21.01,29.029,8,116,19
28-Oct-2025,381,Call,365,17.85,24.19,29.029,4,23,18
25-Nov-2025,381,Put,360,2.55,21.19,29.029,8,45,18
25-Nov-2025,381,Put,400,21.6,22.85,29.029,17,78,18
25-Nov-2025,381,Call,450,0.6,25.76,29.029,16,65,17
25-Nov-2025,381,Put,350,1.35,22.33,29.029,0,30,17
28-Oct-2025,381,Call,372.5,11.45,18.94,29.029,-3,28,16
28-Oct-2025,381,Call,397.5,1.4,20.95,29.029,-10,304,16
25-Nov-2025,381,Put,380,8.75,20.87,29.029,10,130,16
28-Oct-2025,381,Put,402.5,20.95,23.21,29.029,1,26,14
25-Nov-2025,381,Call,390,7.55,20.02,29.029,6,148,12
28-Oct-2025,381,Call,360,23.9,26.02,29.029,1,36,11
28-Oct-2025,381,Put,367.5,1.4,19.48,29.029,2,75,11
28-Oct-2025,381,Call,407.5,0.55,21.64,29.029,3,98,10
28-Oct-2025,381,Put,350,0.35,25.99,29.029,0,230,8
28-Oct-2025,381,Put,405,22.9,21.64,29.029,1,72,7
25-Nov-2025,381,Put,390,14.45,20.83,29.029,5,123,7
25-Nov-2025,381,Put,375,6.6,20.67,29.029,3,121,7
28-Oct-2025,381,Put,407.5,26.1,0,29.029,-1,15,5
25-Nov-2025,381,Call,395,6.6,19.96,29.029,3,50,5
25-Nov-2025,381,Call,440,0.8,24.1,29.029,3,80,4
28-Oct-2025,381,Put,362.5,0.7,20.63,29.029,0,38,3
25-Nov-2025,381,Put,395,16.15,20.81,29.029,2,5,3
25-Nov-2025,381,Call,430,1.1,22.38,29.029,0,2,3
25-Nov-2025,381,Put,420,36.5,24.32,29.029,0,19,3
25-Nov-2025,381,Put,385,11.55,21.82,29.029,-1,35,3
28-Oct-2025,381,Put,355,0.4,22.6,29.029,1,104,2
28-Oct-2025,381,Put,325,0.05,32.61,29.029,1,44,2
25-Nov-2025,381,Put,410,28,23.33,29.029,0,58,1
25-Nov-2025,381,Put,320,0.4,0,29.029,0,5,1
25-Nov-2025,381,Call,415,2.15,20.49,29.029,0,0,1
30-Dec-2025,381,Call,390,10.5,0,29.029,0,0,1
30-Dec-2025,381,Put,380,10,20.4,29.029,0,0,1
30-Dec-2025,381,Call,400,8.2,17.81,29.029,0,20,1
28-Oct-2025,381,Call,352.5,0,0,29.029,0,0,0
28-Oct-2025,381,Put,345,0,0,29.029,0,9,0
28-Oct-2025,381,Put,445,0,0,29.029,0,0,0
28-Oct-2025,381,Put,420,0,0,29.029,0,261,0
28-Oct-2025,381,Put,352.5,0,0,29.029,0,0,0
28-Oct-2025,381,Call,460,0,0,29.029,0,56,0
28-Oct-2025,381,Call,435,0,0,29.029,0,454,0
28-Oct-2025,381,Put,460,0,0,29.029,0,15,0
28-Oct-2025,381,Put,357.5,0,0,29.029,0,14,0
28-Oct-2025,381,Call,357.5,0,0,29.029,0,0,0
28-Oct-2025,381,Put,335,0,0,29.029,0,11,0
28-Oct-2025,381,Put,450,0,0,29.029,0,1570,0
28-Oct-2025,381,Put,412.5,0,0,29.029,0,8,0
28-Oct-2025,381,Call,417.5,0,0,29.029,0,38,0
28-Oct-2025,381,Put,425,0,0,29.029,0,1,0
28-Oct-2025,381,Call,445,0,0,29.029,0,0,0
28-Oct-2025,381,Put,417.5,0,0,29.029,0,1,0
28-Oct-2025,381,Put,330,0,0,29.029,0,43,0
28-Oct-2025,381,Call,412.5,0,0,29.029,0,50,0
28-Oct-2025,381,Call,450,0,0,29.029,0,1038,0
28-Oct-2025,381,Call,340,0,0,29.029,0,0,0
28-Oct-2025,381,Put,310,0,0,29.029,0,14,0
28-Oct-2025,381,Call,350,0,0,29.029,0,33,0
28-Oct-2025,381,Put,430,0,0,29.029,0,86,0
28-Oct-2025,381,Call,440,0,0,29.029,0,257,0
28-Oct-2025,381,Call,320,0,0,29.029,0,0,0
28-Oct-2025,381,Call,330,0,0,29.029,0,1,0
28-Oct-2025,381,Call,325,0,0,29.029,0,0,0
28-Oct-2025,381,Put,440,0,0,29.029,0,121,0
28-Oct-2025,381,Put,410,0,0,29.029,0,173,0
28-Oct-2025,381,Call,345,0,0,29.029,0,6,0
28-Oct-2025,381,Call,355,0,0,29.029,0,6,0
28-Oct-2025,381,Put,435,0,0,29.029,0,0,0
28-Oct-2025,381,Call,335,0,0,29.029,0,0,0
28-Oct-2025,381,Put,415,0,0,29.029,0,79,0
25-Nov-2025,381,Put,392.5,0,0,29.029,0,6,0
25-Nov-2025,381,Put,397.5,0,0,29.029,0,0,0
28-Oct-2025,381,Put,320,0,0,29.029,0,106,0
25-Nov-2025,381,Put,382.5,0,0,29.029,0,0,0
25-Nov-2025,381,Put,325,0,0,29.029,0,0,0
25-Nov-2025,381,Put,335,0,0,29.029,0,0,0
25-Nov-2025,381,Put,355,0,0,29.029,0,0,0
25-Nov-2025,381,Put,340,0,0,29.029,0,0,0
25-Nov-2025,381,Call,435,0,0,29.029,0,1,0
25-Nov-2025,381,Call,325,0,0,29.029,0,0,0
25-Nov-2025,381,Put,330,0,0,29.029,0,0,0
25-Nov-2025,381,Call,350,0,0,29.029,0,0,0
25-Nov-2025,381,Put,352.5,0,0,29.029,0,0,0
25-Nov-2025,381,Call,340,0,0,29.029,0,0,0
25-Nov-2025,381,Put,387.5,0,0,29.029,0,3,0
25-Nov-2025,381,Call,382.5,0,0,29.029,0,0,0
25-Nov-2025,381,Put,430,0,0,29.029,0,0,0
25-Nov-2025,381,Put,377.5,0,0,29.029,0,0,0
25-Nov-2025,381,Call,392.5,0,0,29.029,0,5,0
25-Nov-2025,381,Call,387.5,0,0,29.029,0,1,0
25-Nov-2025,381,Call,397.5,0,0,29.029,0,1,0
25-Nov-2025,381,Call,402.5,0,0,29.029,0,1,0
25-Nov-2025,381,Put,402.5,0,0,29.029,0,1,0
25-Nov-2025,381,Put,405,0,0,29.029,0,0,0
25-Nov-2025,381,Call,405,0,0,29.029,0,0,0
25-Nov-2025,381,Call,407.5,0,0,29.029,0,0,0
25-Nov-2025,381,Put,407.5,0,0,29.029,0,0,0
25-Nov-2025,381,Put,412.5,0,0,29.029,0,0,0
25-Nov-2025,381,Put,417.5,0,0,29.029,0,0,0
25-Nov-2025,381,Put,415,0,0,29.029,0,0,0
25-Nov-2025,381,Put,425,0,0,29.029,0,0,0
25-Nov-2025,381,Put,362.5,0,0,29.029,0,2,0
25-Nov-2025,381,Call,362.5,0,0,29.029,0,0,0
25-Nov-2025,381,Put,365,0,0,29.029,0,0,0
25-Nov-2025,381,Call,367.5,0,0,29.029,0,0,0
25-Nov-2025,381,Call,365,0,0,29.029,0,0,0
25-Nov-2025,381,Put,367.5,0,0,29.029,0,0,0
25-Nov-2025,381,Put,372.5,0,0,29.029,0,0,0
25-Nov-2025,381,Call,372.5,0,0,29.029,0,0,0
25-Nov-2025,381,Call,375,0,0,29.029,0,0,0
25-Nov-2025,381,Call,377.5,0,0,29.029,0,0,0
25-Nov-2025,381,Call,412.5,0,0,29.029,0,0,0
25-Nov-2025,381,Call,417.5,0,0,29.029,0,0,0
25-Nov-2025,381,Put,345,0,0,29.029,0,0,0
25-Nov-2025,381,Put,445,0,0,29.029,0,0,0
25-Nov-2025,381,Call,320,0,0,29.029,0,0,0
25-Nov-2025,381,Call,330,0,0,29.029,0,0,0
25-Nov-2025,381,Put,450,0,0,29.029,0,0,0
25-Nov-2025,381,Call,335,0,0,29.029,0,0,0
25-Nov-2025,381,Call,345,0,0,29.029,0,0,0
25-Nov-2025,381,Call,355,0,0,29.029,0,0,0
25-Nov-2025,381,Put,435,0,0,29.029,0,0,0
25-Nov-2025,381,Call,360,0,0,29.029,0,1,0
25-Nov-2025,381,Put,440,0,0,29.029,0,0,0
25-Nov-2025,381,Call,370,0,0,29.029,0,0,0
25-Nov-2025,381,Call,357.5,0,0,29.029,0,0,0
25-Nov-2025,381,Call,445,0,0,29.029,0,1,0
25-Nov-2025,381,Put,357.5,0,0,29.029,0,0,0
25-Nov-2025,381,Call,352.5,0,0,29.029,0,0,0
30-Dec-2025,381,Call,395,0,0,29.029,0,0,0
30-Dec-2025,381,Call,380,0,0,29.029,0,0,0
30-Dec-2025,381,Put,370,0,0,29.029,0,0,0
25-Nov-2025,381,Call,425,0,0,29.029,0,0,0
30-Dec-2025,381,Call,410,0,0,29.029,0,0,0
30-Dec-2025,381,Put,385,0,0,29.029,0,0,0
30-Dec-2025,381,Put,390,0,0,29.029,0,0,0
30-Dec-2025,381,Call,375,0,0,29.029,0,0,0
30-Dec-2025,381,Put,400,0,0,29.029,0,0,0
30-Dec-2025,381,Put,395,0,0,29.029,0,0,0
30-Dec-2025,381,Put,375,0,0,29.029,0,0,0
30-Dec-2025,381,Call,405,0,0,29.029,0,0,0
30-Dec-2025,381,Call,420,0,0,29.029,0,0,0
30-Dec-2025,381,Put,365,0,0,29.029,0,0,0
30-Dec-2025,381,Call,415,0,0,29.029,0,0,0
30-Dec-2025,381,Put,360,0,0,29.029,0,0,0
30-Dec-2025,381,Call,385,0,0,29.029,0,0,0
