28-Oct-2025,977.05,-,0,981.2,0,21.2934,1909,178599,7583
28-Oct-2025,977.05,Call,980,15.95,19.25,21.2934,1196,3486,6650
28-Oct-2025,977.05,Call,1000,7.75,18.87,21.2934,-24,5131,4164
28-Oct-2025,977.05,Put,980,14.4,19.14,21.2934,335,1822,3566
28-Oct-2025,977.05,Call,990,11.3,19.04,21.2934,321,1836,2669
28-Oct-2025,977.05,Put,970,10.15,19.53,21.2934,-16,1875,2509
28-Oct-2025,977.05,Call,970,21.8,19.49,21.2934,19,1811,2347
28-Oct-2025,977.05,Call,975,18.7,19.5,21.2934,164,613,1810
28-Oct-2025,977.05,Put,960,7.1,20.01,21.2934,-34,1873,1703
28-Oct-2025,977.05,Put,975,12.15,19.3,21.2934,46,412,1284
28-Oct-2025,977.05,Call,985,13.65,19.12,21.2934,-13,878,1225
28-Oct-2025,977.05,Call,1020,3.4,19.18,21.2934,-6,1793,1154
28-Oct-2025,977.05,Call,1010,5.1,18.94,21.2934,21,937,1128
28-Oct-2025,977.05,Put,950,5.2,21.31,21.2934,-16,1908,820
28-Oct-2025,977.05,Put,990,19.15,18.99,21.2934,0,697,796
28-Oct-2025,977.05,Call,995,9.4,18.89,21.2934,24,986,587
28-Oct-2025,977.05,Call,960,28.65,19.87,21.2934,5,1673,535
25-Nov-2025,977.05,-,0,986.5,0,21.2934,147,3499,505
28-Oct-2025,977.05,Put,940,3.25,21.41,21.2934,42,1222,479
28-Oct-2025,977.05,Put,965,8.3,19.71,21.2934,44,458,449
28-Oct-2025,977.05,Put,985,16.6,19.29,21.2934,-34,532,440
28-Oct-2025,977.05,Call,1005,6.3,18.87,21.2934,16,296,351
28-Oct-2025,977.05,Call,1050,1,20.61,21.2934,94,1301,304
28-Oct-2025,977.05,Put,900,0.75,24.95,21.2934,-48,1800,291
28-Oct-2025,977.05,Put,930,2.35,22.3,21.2934,-12,1638,250
28-Oct-2025,977.05,Put,1000,26.2,19.98,21.2934,40,1418,245
28-Oct-2025,977.05,Call,1030,2.2,19.53,21.2934,35,827,233
28-Oct-2025,977.05,Call,950,36.9,20.26,21.2934,14,952,223
28-Oct-2025,977.05,Put,910,1.1,24.08,21.2934,13,478,199
28-Oct-2025,977.05,Call,1040,1.45,19.9,21.2934,-31,799,194
28-Oct-2025,977.05,Call,1070,0.55,22.48,21.2934,-134,573,173
28-Oct-2025,977.05,Put,955,5.7,20.16,21.2934,25,429,171
28-Oct-2025,977.05,Put,920,1.75,23.55,21.2934,-4,964,169
28-Oct-2025,977.05,Call,1015,4.2,19.02,21.2934,8,224,135
25-Nov-2025,977.05,Call,1000,17.05,16.07,21.2934,76,350,132
28-Oct-2025,977.05,Put,880,0.35,26.83,21.2934,32,627,120
28-Oct-2025,977.05,Put,995,23.25,20.38,21.2934,-38,126,108
25-Nov-2025,977.05,Put,950,9.35,18.39,21.2934,30,178,97
28-Oct-2025,977.05,Call,1060,0.7,21.34,21.2934,18,939,94
25-Nov-2025,977.05,Call,980,26.75,15.79,21.2934,21,136,85
28-Oct-2025,977.05,Call,1100,0.35,26.44,21.2934,10,933,83
28-Oct-2025,977.05,Call,1025,2.75,19.26,21.2934,8,205,74
28-Oct-2025,977.05,Put,915,1.4,23.73,21.2934,28,127,69
28-Oct-2025,977.05,Call,965,25.5,19.27,21.2934,1,460,68
28-Oct-2025,977.05,Put,945,3.95,21.56,21.2934,-14,253,66
25-Nov-2025,977.05,Call,1050,5.4,17.69,21.2934,23,357,65
28-Oct-2025,977.05,Call,955,32.85,19.89,21.2934,-13,311,62
30-Dec-2025,977.05,-,0,993,0,21.2934,16,2104,60
25-Nov-2025,977.05,Put,900,2.6,20.39,21.2934,0,197,49
28-Oct-2025,977.05,Put,1010,33.25,19.8,21.2934,-14,167,48
28-Oct-2025,977.05,Put,925,2,22.85,21.2934,19,129,46
28-Oct-2025,977.05,Put,1020,41.55,22.47,21.2934,5,150,45
28-Oct-2025,977.05,Call,940,45.45,21.07,21.2934,8,447,36
28-Oct-2025,977.05,Put,1030,50.8,22.24,21.2934,22,76,33
28-Oct-2025,977.05,Call,900,83,25.57,21.2934,-4,425,32
28-Oct-2025,977.05,Put,1025,46.55,22.16,21.2934,14,43,32
28-Oct-2025,977.05,Call,1080,0.45,23.68,21.2934,-4,491,31
28-Oct-2025,977.05,Put,935,2.9,22.08,21.2934,-1,179,30
25-Nov-2025,977.05,Call,1020,10.8,16.62,21.2934,15,154,29
28-Oct-2025,977.05,Put,905,0.95,24.47,21.2934,0,98,28
25-Nov-2025,977.05,Put,1000,30,18.38,21.2934,10,69,27
28-Oct-2025,977.05,Put,850,0.1,28.39,21.2934,0,294,25
28-Oct-2025,977.05,Put,890,0.5,25.36,21.2934,1,285,25
25-Nov-2025,977.05,Put,960,11.85,18.04,21.2934,0,218,25
28-Oct-2025,977.05,Call,1035,1.8,19.39,21.2934,-3,64,23
28-Oct-2025,977.05,Call,1045,1.2,20.24,21.2934,11,20,22
25-Nov-2025,977.05,Put,970,15.85,18.46,21.2934,1,99,22
28-Oct-2025,977.05,Call,920,62.15,0,21.2934,0,375,20
28-Oct-2025,977.05,Put,1100,121.65,44.16,21.2934,-2,161,18
25-Nov-2025,977.05,Put,980,20,18.48,21.2934,8,70,18
25-Nov-2025,977.05,Call,1100,1.65,19.37,21.2934,5,25,17
28-Oct-2025,977.05,Call,930,54.5,22.13,21.2934,5,83,15
25-Nov-2025,977.05,Call,970,31.5,15.15,21.2934,6,78,15
25-Nov-2025,977.05,Call,975,29.25,15.81,21.2934,4,6,14
28-Oct-2025,977.05,Put,1015,38.05,21.35,21.2934,1,43,12
25-Nov-2025,977.05,Put,920,4.1,19.12,21.2934,4,123,11
25-Nov-2025,977.05,Call,960,38.6,15.5,21.2934,1,51,10
25-Nov-2025,977.05,Put,940,6.9,18.32,21.2934,3,78,9
25-Nov-2025,977.05,Call,950,46,15.57,21.2934,6,20,9
28-Oct-2025,977.05,Put,1005,30.25,20.81,21.2934,-4,119,8
25-Nov-2025,977.05,Call,1040,6.55,17.06,21.2934,3,42,6
28-Oct-2025,977.05,Call,1120,0.3,29.33,21.2934,-1,282,5
28-Oct-2025,977.05,Call,850,129.45,0,21.2934,0,8,5
28-Oct-2025,977.05,Put,860,0.15,27.64,21.2934,-2,101,5
25-Nov-2025,977.05,Put,800,0.75,30.76,21.2934,1,14,4
25-Nov-2025,977.05,Call,1030,8.8,17.17,21.2934,-1,36,4
25-Nov-2025,977.05,Call,900,88,0,21.2934,3,3,4
28-Oct-2025,977.05,Put,870,0.25,27.27,21.2934,0,403,2
25-Nov-2025,977.05,Put,925,4.5,18.67,21.2934,0,1,2
28-Oct-2025,977.05,Put,895,0.6,24.91,21.2934,0,33,1
28-Oct-2025,977.05,Put,800,0.1,38.89,21.2934,0,40,1
25-Nov-2025,977.05,Call,1060,4.15,17.88,21.2934,0,56,1
25-Nov-2025,977.05,Put,990,25,18.66,21.2934,0,0,1
25-Nov-2025,977.05,Call,1010,14.2,16.8,21.2934,0,22,1
25-Nov-2025,977.05,Put,975,15.1,16.33,21.2934,0,0,1
25-Nov-2025,977.05,Call,1070,3.75,18.95,21.2934,0,47,1
30-Dec-2025,977.05,Call,1000,26.55,14.84,21.2934,0,8,1
30-Dec-2025,977.05,Call,1030,14.95,14.91,21.2934,0,4,1
30-Dec-2025,977.05,Put,950,12.55,17.59,21.2934,0,5,1
25-Nov-2025,977.05,Call,1045,6.85,18.35,21.2934,0,0,1
28-Oct-2025,977.05,Put,840,0,0,21.2934,0,58,0
28-Oct-2025,977.05,Put,1040,0,0,21.2934,0,279,0
28-Oct-2025,977.05,Call,1090,0,0,21.2934,0,23,0
28-Oct-2025,977.05,Put,1060,0,0,21.2934,0,15,0
28-Oct-2025,977.05,Put,1080,0,0,21.2934,0,2,0
28-Oct-2025,977.05,Put,1090,0,0,21.2934,0,0,0
28-Oct-2025,977.05,Put,1045,0,0,21.2934,0,0,0
28-Oct-2025,977.05,Call,905,0,0,21.2934,0,1,0
28-Oct-2025,977.05,Call,925,0,0,21.2934,0,19,0
28-Oct-2025,977.05,Call,935,0,0,21.2934,0,26,0
28-Oct-2025,977.05,Call,890,0,0,21.2934,0,0,0
28-Oct-2025,977.05,Call,915,0,0,21.2934,0,1,0
28-Oct-2025,977.05,Call,910,0,0,21.2934,0,39,0
28-Oct-2025,977.05,Call,870,0,0,21.2934,0,0,0
28-Oct-2025,977.05,Call,860,0,0,21.2934,0,2,0
28-Oct-2025,977.05,Call,945,0,0,21.2934,0,74,0
28-Oct-2025,977.05,Put,1050,0,0,21.2934,0,142,0
28-Oct-2025,977.05,Call,840,0,0,21.2934,0,14,0
28-Oct-2025,977.05,Call,880,0,0,21.2934,0,12,0
28-Oct-2025,977.05,Put,820,0,0,21.2934,0,34,0
28-Oct-2025,977.05,Call,820,0,0,21.2934,0,4,0
28-Oct-2025,977.05,Put,1070,0,0,21.2934,0,0,0
28-Oct-2025,977.05,Put,1035,0,0,21.2934,0,0,0
25-Nov-2025,977.05,Call,1080,0,0,21.2934,0,5,0
25-Nov-2025,977.05,Put,1100,0,0,21.2934,0,0,0
25-Nov-2025,977.05,Call,985,0,0,21.2934,0,0,0
25-Nov-2025,977.05,Put,985,0,0,21.2934,0,0,0
25-Nov-2025,977.05,Call,990,0,0,21.2934,0,15,0
25-Nov-2025,977.05,Call,995,0,0,21.2934,0,0,0
25-Nov-2025,977.05,Put,995,0,0,21.2934,0,0,0
25-Nov-2025,977.05,Put,1090,0,0,21.2934,0,0,0
25-Nov-2025,977.05,Put,945,0,0,21.2934,0,0,0
25-Nov-2025,977.05,Put,890,0,0,21.2934,0,0,0
25-Nov-2025,977.05,Call,905,0,0,21.2934,0,0,0
25-Nov-2025,977.05,Call,1005,0,0,21.2934,0,0,0
25-Nov-2025,977.05,Put,1045,0,0,21.2934,0,0,0
25-Nov-2025,977.05,Put,1005,0,0,21.2934,0,0,0
25-Nov-2025,977.05,Put,860,0,0,21.2934,0,0,0
25-Nov-2025,977.05,Put,1010,0,0,21.2934,0,0,0
25-Nov-2025,977.05,Call,930,0,0,21.2934,0,0,0
25-Nov-2025,977.05,Call,915,0,0,21.2934,0,0,0
25-Nov-2025,977.05,Put,965,0,0,21.2934,0,0,0
25-Nov-2025,977.05,Call,965,0,0,21.2934,0,0,0
25-Nov-2025,977.05,Put,1070,0,0,21.2934,0,0,0
25-Nov-2025,977.05,Put,915,0,0,21.2934,0,0,0
25-Nov-2025,977.05,Call,890,0,0,21.2934,0,0,0
25-Nov-2025,977.05,Call,955,0,0,21.2934,0,2,0
25-Nov-2025,977.05,Put,910,0,0,21.2934,0,4,0
25-Nov-2025,977.05,Call,910,0,0,21.2934,0,0,0
25-Nov-2025,977.05,Put,930,0,0,21.2934,0,56,0
25-Nov-2025,977.05,Put,880,0,0,21.2934,0,0,0
25-Nov-2025,977.05,Put,1060,0,0,21.2934,0,2,0
25-Nov-2025,977.05,Put,850,0,0,21.2934,0,0,0
25-Nov-2025,977.05,Put,1080,0,0,21.2934,0,0,0
30-Dec-2025,977.05,Call,930,0,0,21.2934,0,1,0
30-Dec-2025,977.05,Put,1020,0,0,21.2934,0,0,0
30-Dec-2025,977.05,Call,990,0,0,21.2934,0,0,0
30-Dec-2025,977.05,Call,1080,0,0,21.2934,0,0,0
30-Dec-2025,977.05,Put,930,0,0,21.2934,0,0,0
25-Nov-2025,977.05,Put,935,0,0,21.2934,0,3,0
30-Dec-2025,977.05,Put,880,0,0,21.2934,0,0,0
30-Dec-2025,977.05,Put,960,0,0,21.2934,0,0,0
25-Nov-2025,977.05,Call,920,0,0,21.2934,0,5,0
25-Nov-2025,977.05,Call,1090,0,0,21.2934,0,15,0
30-Dec-2025,977.05,Put,990,0,0,21.2934,0,0,0
25-Nov-2025,977.05,Put,1020,0,0,21.2934,0,10,0
25-Nov-2025,977.05,Call,1015,0,0,21.2934,0,0,0
25-Nov-2025,977.05,Put,1050,0,0,21.2934,0,0,0
25-Nov-2025,977.05,Put,870,0,0,21.2934,0,0,0
25-Nov-2025,977.05,Put,1030,0,0,21.2934,0,0,0
25-Nov-2025,977.05,Call,870,0,0,21.2934,0,0,0
25-Nov-2025,977.05,Put,905,0,0,21.2934,0,0,0
25-Nov-2025,977.05,Put,1025,0,0,21.2934,0,0,0
25-Nov-2025,977.05,Put,1040,0,0,21.2934,0,12,0
25-Nov-2025,977.05,Call,860,0,0,21.2934,0,0,0
30-Dec-2025,977.05,Put,970,0,0,21.2934,0,0,0
25-Nov-2025,977.05,Put,955,0,0,21.2934,0,0,0
25-Nov-2025,977.05,Put,1035,0,0,21.2934,0,0,0
30-Dec-2025,977.05,Call,1040,0,0,21.2934,0,10,0
25-Nov-2025,977.05,Call,935,0,0,21.2934,0,0,0
25-Nov-2025,977.05,Call,1035,0,0,21.2934,0,0,0
25-Nov-2025,977.05,Call,925,0,0,21.2934,0,0,0
30-Dec-2025,977.05,Put,1000,0,0,21.2934,0,0,0
25-Nov-2025,977.05,Call,940,0,0,21.2934,0,1,0
30-Dec-2025,977.05,Put,980,0,0,21.2934,0,0,0
30-Dec-2025,977.05,Put,1010,0,0,21.2934,0,0,0
30-Dec-2025,977.05,Call,1060,0,0,21.2934,0,0,0
30-Dec-2025,977.05,Put,900,0,0,21.2934,0,0,0
25-Nov-2025,977.05,Put,1015,0,0,21.2934,0,0,0
30-Dec-2025,977.05,Call,1100,0,0,21.2934,0,0,0
30-Dec-2025,977.05,Call,1010,0,0,21.2934,0,0,0
25-Nov-2025,977.05,Call,850,0,0,21.2934,0,0,0
25-Nov-2025,977.05,Call,945,0,0,21.2934,0,0,0
30-Dec-2025,977.05,Put,910,0,0,21.2934,0,0,0
25-Nov-2025,977.05,Call,880,0,0,21.2934,0,0,0
30-Dec-2025,977.05,Put,940,0,0,21.2934,0,0,0
30-Dec-2025,977.05,Put,840,0,0,21.2934,0,0,0
30-Dec-2025,977.05,Call,1020,0,0,21.2934,0,0,0
25-Nov-2025,977.05,Call,1025,0,0,21.2934,0,0,0
30-Dec-2025,977.05,Put,860,0,0,21.2934,0,0,0
30-Dec-2025,977.05,Put,920,0,0,21.2934,0,0,0
30-Dec-2025,977.05,Call,980,0,0,21.2934,0,1,0
30-Dec-2025,977.05,Call,970,0,0,21.2934,0,0,0
