28-Oct-2025,770,-,0,773.5,0,33.2557,396,46268,2462
28-Oct-2025,770,Call,800,5.45,24.25,33.2557,12,2478,2185
28-Oct-2025,770,Call,780,11.85,24.11,33.2557,185,2096,1678
28-Oct-2025,770,Call,770,16.75,24.37,33.2557,154,1214,1250
28-Oct-2025,770,Put,770,12.85,23.1,33.2557,33,995,936
28-Oct-2025,770,Call,790,8.1,23.91,33.2557,46,972,874
28-Oct-2025,770,Put,740,4.05,24.97,33.2557,-28,437,721
28-Oct-2025,770,Put,750,6.05,24.67,33.2557,-25,1174,670
28-Oct-2025,770,Put,760,8.85,23.5,33.2557,-9,673,527
28-Oct-2025,770,Call,810,3.6,24.58,33.2557,20,956,460
28-Oct-2025,770,Call,820,2.3,24.8,33.2557,4,935,422
28-Oct-2025,770,Put,730,2.6,25.69,33.2557,24,477,367
28-Oct-2025,770,Call,760,22.7,25.26,33.2557,48,664,348
28-Oct-2025,770,Put,780,18.1,23.21,33.2557,-4,1047,340
25-Nov-2025,770,-,0,777.2,0,33.2557,-2,713,266
28-Oct-2025,770,Call,830,1.5,25.36,33.2557,-38,392,231
28-Oct-2025,770,Call,840,1,26.21,33.2557,24,584,227
28-Oct-2025,770,Put,720,1.65,26.31,33.2557,30,1027,201
28-Oct-2025,770,Put,790,24.75,23.98,33.2557,17,475,198
28-Oct-2025,770,Put,800,32,23.05,33.2557,45,236,182
28-Oct-2025,770,Put,700,0.85,29.21,33.2557,47,919,157
28-Oct-2025,770,Put,650,0.2,36.99,33.2557,-6,145,126
28-Oct-2025,770,Call,750,30.1,24.33,33.2557,6,657,76
28-Oct-2025,770,Put,810,40.15,22.81,33.2557,12,67,66
28-Oct-2025,770,Call,850,0.75,27.45,33.2557,-8,318,64
28-Oct-2025,770,Call,860,0.5,28.02,33.2557,-10,668,60
28-Oct-2025,770,Put,710,1.2,27.41,33.2557,-10,233,59
25-Nov-2025,770,Put,700,4,26.38,33.2557,6,99,42
30-Dec-2025,770,-,0,780.45,0,33.2557,14,112,41
28-Oct-2025,770,Call,880,0.2,28.74,33.2557,-11,484,24
28-Oct-2025,770,Call,740,35.9,24.89,33.2557,-5,111,22
25-Nov-2025,770,Call,820,11.2,25.12,33.2557,10,50,19
25-Nov-2025,770,Call,770,30.35,24.68,33.2557,8,13,14
28-Oct-2025,770,Put,820,50.35,25,33.2557,0,117,13
28-Oct-2025,770,Call,730,44.85,26.99,33.2557,-1,130,13
25-Nov-2025,770,Put,710,5.2,26.16,33.2557,3,21,12
25-Nov-2025,770,Call,780,24.9,24.72,33.2557,1,30,12
28-Oct-2025,770,Put,680,0.5,32.52,33.2557,1,435,10
25-Nov-2025,770,Put,680,2.45,27.16,33.2557,3,64,10
25-Nov-2025,770,Call,850,5.95,25.91,33.2557,2,24,10
28-Oct-2025,770,Call,700,73.35,34.63,33.2557,0,144,8
25-Nov-2025,770,Call,800,17.15,25.07,33.2557,0,61,8
28-Oct-2025,770,Call,900,0.15,31.75,33.2557,-2,59,7
25-Nov-2025,770,Call,880,3,26.55,33.2557,3,33,6
28-Oct-2025,770,Put,670,0.4,34.48,33.2557,0,78,5
28-Oct-2025,770,Put,690,0.65,30.72,33.2557,2,351,5
28-Oct-2025,770,Put,830,59.35,24.73,33.2557,1,15,4
28-Oct-2025,770,Call,720,54.8,31.37,33.2557,0,83,4
25-Nov-2025,770,Call,790,21.5,25.62,33.2557,0,3,3
28-Oct-2025,770,Put,850,76.8,0,33.2557,1,52,2
25-Nov-2025,770,Put,780,28.15,25.6,33.2557,0,6,2
28-Oct-2025,770,Call,710,64.25,33.97,33.2557,0,30,1
25-Nov-2025,770,Put,770,23.25,25.66,33.2557,0,8,1
25-Nov-2025,770,Call,900,1.9,27.06,33.2557,0,9,1
25-Nov-2025,770,Put,750,14.5,25.07,33.2557,0,1,1
28-Oct-2025,770,Call,620,0,0,33.2557,0,1,0
28-Oct-2025,770,Call,640,0,0,33.2557,0,0,0
28-Oct-2025,770,Call,600,0,0,33.2557,0,2,0
28-Oct-2025,770,Call,690,0,0,33.2557,0,18,0
28-Oct-2025,770,Put,660,0,0,33.2557,0,25,0
28-Oct-2025,770,Call,660,0,0,33.2557,0,24,0
28-Oct-2025,770,Put,900,0,0,33.2557,0,1,0
28-Oct-2025,770,Call,650,0,0,33.2557,0,15,0
28-Oct-2025,770,Call,670,0,0,33.2557,0,15,0
28-Oct-2025,770,Put,840,0,0,33.2557,0,33,0
28-Oct-2025,770,Put,880,0,0,33.2557,0,0,0
28-Oct-2025,770,Put,600,0,0,33.2557,0,34,0
28-Oct-2025,770,Put,620,0,0,33.2557,0,23,0
28-Oct-2025,770,Put,640,0,0,33.2557,0,0,0
28-Oct-2025,770,Put,860,0,0,33.2557,0,8,0
25-Nov-2025,770,Put,860,0,0,33.2557,0,0,0
28-Oct-2025,770,Call,680,0,0,33.2557,0,15,0
25-Nov-2025,770,Put,740,0,0,33.2557,0,8,0
25-Nov-2025,770,Put,800,0,0,33.2557,0,0,0
25-Nov-2025,770,Call,720,0,0,33.2557,0,1,0
25-Nov-2025,770,Call,640,0,0,33.2557,0,0,0
25-Nov-2025,770,Call,810,0,0,33.2557,0,18,0
25-Nov-2025,770,Put,820,0,0,33.2557,0,14,0
25-Nov-2025,770,Put,880,0,0,33.2557,0,0,0
25-Nov-2025,770,Put,840,0,0,33.2557,0,0,0
25-Nov-2025,770,Call,660,0,0,33.2557,0,0,0
25-Nov-2025,770,Call,740,0,0,33.2557,0,0,0
25-Nov-2025,770,Put,900,0,0,33.2557,0,0,0
25-Nov-2025,770,Put,760,0,0,33.2557,0,27,0
25-Nov-2025,770,Put,810,0,0,33.2557,0,4,0
25-Nov-2025,770,Call,830,0,0,33.2557,0,28,0
25-Nov-2025,770,Put,790,0,0,33.2557,0,1,0
25-Nov-2025,770,Put,690,0,0,33.2557,0,1,0
25-Nov-2025,770,Call,730,0,0,33.2557,0,0,0
25-Nov-2025,770,Put,830,0,0,33.2557,0,0,0
25-Nov-2025,770,Call,690,0,0,33.2557,0,0,0
25-Nov-2025,770,Put,730,0,0,33.2557,0,85,0
25-Nov-2025,770,Call,710,0,0,33.2557,0,0,0
25-Nov-2025,770,Put,660,0,0,33.2557,0,1,0
25-Nov-2025,770,Put,850,0,0,33.2557,0,2,0
25-Nov-2025,770,Call,680,0,0,33.2557,0,2,0
25-Nov-2025,770,Put,720,0,0,33.2557,0,0,0
25-Nov-2025,770,Put,640,0,0,33.2557,0,0,0
25-Nov-2025,770,Call,700,0,0,33.2557,0,0,0
25-Nov-2025,770,Call,840,0,0,33.2557,0,3,0
25-Nov-2025,770,Call,760,0,0,33.2557,0,5,0
25-Nov-2025,770,Call,750,0,0,33.2557,0,2,0
30-Dec-2025,770,Put,700,0,0,33.2557,0,0,0
30-Dec-2025,770,Put,800,0,0,33.2557,0,0,0
30-Dec-2025,770,Call,860,0,0,33.2557,0,0,0
30-Dec-2025,770,Call,760,0,0,33.2557,0,0,0
25-Nov-2025,770,Call,860,0,0,33.2557,0,17,0
30-Dec-2025,770,Call,780,0,0,33.2557,0,0,0
30-Dec-2025,770,Call,840,0,0,33.2557,0,0,0
30-Dec-2025,770,Put,760,0,0,33.2557,0,0,0
30-Dec-2025,770,Put,680,0,0,33.2557,0,0,0
30-Dec-2025,770,Put,640,0,0,33.2557,0,0,0
30-Dec-2025,770,Put,740,0,0,33.2557,0,0,0
30-Dec-2025,770,Call,880,0,0,33.2557,0,0,0
30-Dec-2025,770,Call,800,0,0,33.2557,0,0,0
30-Dec-2025,770,Put,720,0,0,33.2557,0,0,0
30-Dec-2025,770,Put,820,0,0,33.2557,0,0,0
30-Dec-2025,770,Call,820,0,0,33.2557,0,3,0
30-Dec-2025,770,Put,780,0,0,33.2557,0,0,0
