28-Oct-2025,3765.9,Call,3800,42,16.55,28.0869,766,8031,9887
28-Oct-2025,3765.9,-,0,3778.6,0,28.0869,-889,87777,7746
28-Oct-2025,3765.9,Put,3700,21.6,17.33,28.0869,-110,2227,3038
28-Oct-2025,3765.9,Call,3900,13.55,17.44,28.0869,117,3030,2343
28-Oct-2025,3765.9,Call,3850,23.85,16.64,28.0869,-17,3182,2310
28-Oct-2025,3765.9,Call,3750,67.5,17.22,28.0869,15,1756,2278
28-Oct-2025,3765.9,Call,3780,51,16.72,28.0869,59,1222,2144
28-Oct-2025,3765.9,Put,3750,38.7,17.15,28.0869,-110,786,2117
28-Oct-2025,3765.9,Put,3800,62.35,17.03,28.0869,-132,1785,1940
28-Oct-2025,3765.9,Call,3760,61.45,16.89,28.0869,133,483,1808
28-Oct-2025,3765.9,Call,3720,87.15,17.34,28.0869,924,1054,1663
28-Oct-2025,3765.9,Call,4000,5.2,19.39,28.0869,-31,3853,1597
28-Oct-2025,3765.9,Call,3700,101,16.96,28.0869,-34,2136,1455
28-Oct-2025,3765.9,Call,3840,26.7,16.63,28.0869,67,813,1256
28-Oct-2025,3765.9,Put,3760,42.4,17.25,28.0869,-72,525,1206
28-Oct-2025,3765.9,Call,3820,33.4,16.56,28.0869,68,1316,1162
28-Oct-2025,3765.9,Put,3780,51.55,16.67,28.0869,-4,616,1140
28-Oct-2025,3765.9,Put,3650,12.1,17.64,28.0869,171,1204,1118
28-Oct-2025,3765.9,Put,3740,34.4,17.3,28.0869,-29,276,815
28-Oct-2025,3765.9,Put,3600,6.4,18.6,28.0869,-14,2188,763
28-Oct-2025,3765.9,Put,3720,28,17.38,28.0869,-16,248,679
28-Oct-2025,3765.9,Call,3860,20.8,16.79,28.0869,158,379,591
28-Oct-2025,3765.9,Call,3740,71.8,16.79,28.0869,17,360,527
25-Nov-2025,3765.9,-,0,3800.6,0,28.0869,92,1600,471
28-Oct-2025,3765.9,Call,3950,8.1,18.29,28.0869,38,763,433
28-Oct-2025,3765.9,Put,3820,74.35,16.65,28.0869,-40,333,405
28-Oct-2025,3765.9,Put,3500,2.95,21.8,28.0869,124,1465,389
28-Oct-2025,3765.9,Call,3960,7.3,18.44,28.0869,157,394,362
28-Oct-2025,3765.9,Call,4100,2.15,21.38,28.0869,24,2224,328
28-Oct-2025,3765.9,Call,3660,133.05,17.97,28.0869,-17,95,311
28-Oct-2025,3765.9,Put,3680,17.55,17.21,28.0869,-2,298,294
28-Oct-2025,3765.9,Call,4200,1.5,25.33,28.0869,2,1139,269
28-Oct-2025,3765.9,Put,3550,3.95,20.01,28.0869,-8,424,267
28-Oct-2025,3765.9,Call,4050,3.05,20.37,28.0869,3,827,247
28-Oct-2025,3765.9,Call,3920,10.8,17.6,28.0869,-19,105,246
28-Oct-2025,3765.9,Call,3880,16.95,17.21,28.0869,67,204,239
28-Oct-2025,3765.9,Put,3640,10.6,17.77,28.0869,48,222,158
28-Oct-2025,3765.9,Put,3850,96.05,16.83,28.0869,9,179,149
28-Oct-2025,3765.9,Call,3680,113.45,18.65,28.0869,-1,1005,135
28-Oct-2025,3765.9,Put,3840,88,16.61,28.0869,10,141,134
28-Oct-2025,3765.9,Put,3400,0.9,23.97,28.0869,-5,731,132
28-Oct-2025,3765.9,Call,3600,181,20.95,28.0869,-1,926,125
25-Nov-2025,3765.9,Call,4000,40.65,20.85,28.0869,-11,386,125
25-Nov-2025,3765.9,Call,3800,108,20.5,28.0869,41,221,124
28-Oct-2025,3765.9,Call,3980,6,18.83,28.0869,55,247,117
28-Oct-2025,3765.9,Call,4040,3.55,20.22,28.0869,49,147,109
28-Oct-2025,3765.9,Call,3940,8.9,17.98,28.0869,25,121,89
28-Oct-2025,3765.9,Call,3650,140,19.31,28.0869,-13,364,88
25-Nov-2025,3765.9,Put,3600,33.5,21.17,28.0869,46,283,88
28-Oct-2025,3765.9,Put,3900,136,17.8,28.0869,-9,351,83
28-Oct-2025,3765.9,Put,4000,225.2,18.03,28.0869,-12,315,78
28-Oct-2025,3765.9,Put,3860,99.95,16.33,28.0869,18,87,72
28-Oct-2025,3765.9,Put,3660,13.6,17.67,28.0869,16,245,61
30-Dec-2025,3765.9,-,0,3826.5,0,28.0869,28,1340,59
28-Oct-2025,3765.9,Put,3560,3.95,19.36,28.0869,-5,100,57
28-Oct-2025,3765.9,Put,3540,3.85,20.66,28.0869,37,154,54
25-Nov-2025,3765.9,Put,3400,10,23.32,28.0869,-10,169,54
28-Oct-2025,3765.9,Put,3450,1.5,22.78,28.0869,3,647,48
28-Oct-2025,3765.9,Put,3880,116.5,16.89,28.0869,15,15,48
25-Nov-2025,3765.9,Call,4400,6,24.51,28.0869,20,66,40
25-Nov-2025,3765.9,Call,4200,14.4,22.28,28.0869,12,148,38
25-Nov-2025,3765.9,Put,3800,105,21.24,28.0869,13,52,28
25-Nov-2025,3765.9,Call,3900,67,20.66,28.0869,16,62,28
25-Nov-2025,3765.9,Put,3700,64,21.6,28.0869,8,104,27
28-Oct-2025,3765.9,Put,3350,0.65,25.74,28.0869,0,146,19
28-Oct-2025,3765.9,Put,3200,0.65,34.2,28.0869,0,236,18
28-Oct-2025,3765.9,Call,4080,2.15,20.58,28.0869,-1,552,18
28-Oct-2025,3765.9,Call,3620,163.65,15.52,28.0869,-9,18,17
25-Nov-2025,3765.9,Call,3760,127,20.06,28.0869,10,11,13
28-Oct-2025,3765.9,Call,3640,152,19.23,28.0869,-8,34,11
28-Oct-2025,3765.9,Put,3300,0.7,28.81,28.0869,1,545,9
28-Oct-2025,3765.9,Call,4120,2.15,22.71,28.0869,0,303,8
25-Nov-2025,3765.9,Call,3700,167.5,20.68,28.0869,-2,59,8
25-Nov-2025,3765.9,Call,3780,120.5,20.57,28.0869,4,7,5
28-Oct-2025,3765.9,Call,3400,380.75,28.11,28.0869,0,42,4
28-Oct-2025,3765.9,Call,3500,274.75,0,28.0869,1,294,2
28-Oct-2025,3765.9,Put,3250,0.85,32.44,28.0869,0,31,2
25-Nov-2025,3765.9,Call,3400,399,0,28.0869,1,3,2
28-Oct-2025,3765.9,Call,4160,2.8,25.94,28.0869,0,5,1
28-Oct-2025,3765.9,Put,3520,3,20.97,28.0869,0,160,1
28-Oct-2025,3765.9,Put,3480,2.05,22.08,28.0869,0,131,1
25-Nov-2025,3765.9,Put,3720,85.2,24.39,28.0869,0,7,1
28-Oct-2025,3765.9,Put,4160,0,0,28.0869,0,0,0
28-Oct-2025,3765.9,Call,4240,0,0,28.0869,0,0,0
28-Oct-2025,3765.9,Put,4240,0,0,28.0869,0,0,0
28-Oct-2025,3765.9,Put,3000,0,0,28.0869,0,28,0
28-Oct-2025,3765.9,Call,3550,0,0,28.0869,0,174,0
28-Oct-2025,3765.9,Call,3200,0,0,28.0869,0,55,0
28-Oct-2025,3765.9,Call,3300,0,0,28.0869,0,1,0
28-Oct-2025,3765.9,Call,3280,0,0,28.0869,0,0,0
28-Oct-2025,3765.9,Call,3320,0,0,28.0869,0,0,0
28-Oct-2025,3765.9,Call,3460,0,0,28.0869,0,0,0
28-Oct-2025,3765.9,Call,3240,0,0,28.0869,0,0,0
28-Oct-2025,3765.9,Call,3360,0,0,28.0869,0,0,0
28-Oct-2025,3765.9,Put,3940,0,0,28.0869,0,0,0
28-Oct-2025,3765.9,Call,3440,0,0,28.0869,0,0,0
28-Oct-2025,3765.9,Put,3980,0,0,28.0869,0,0,0
28-Oct-2025,3765.9,Call,3580,0,0,28.0869,0,0,0
28-Oct-2025,3765.9,Put,4280,0,0,0,0,0,0
28-Oct-2025,3765.9,Call,3480,0,0,28.0869,0,0,0
28-Oct-2025,3765.9,Call,4280,0,0,0,0,0,0
28-Oct-2025,3765.9,Call,3520,0,0,28.0869,0,0,0
28-Oct-2025,3765.9,Call,4020,0,0,0,0,0,0
28-Oct-2025,3765.9,Put,3960,0,0,28.0869,0,0,0
28-Oct-2025,3765.9,Put,3580,0,0,28.0869,0,0,0
28-Oct-2025,3765.9,Put,4200,0,0,28.0869,0,9,0
28-Oct-2025,3765.9,Put,3920,0,0,28.0869,0,0,0
28-Oct-2025,3765.9,Put,3320,0,0,28.0869,0,1,0
28-Oct-2025,3765.9,Put,4080,0,0,28.0869,0,0,0
28-Oct-2025,3765.9,Put,3280,0,0,28.0869,0,0,0
28-Oct-2025,3765.9,Put,4040,0,0,28.0869,0,0,0
28-Oct-2025,3765.9,Put,3240,0,0,28.0869,0,0,0
28-Oct-2025,3765.9,Call,3540,0,0,28.0869,0,0,0
28-Oct-2025,3765.9,Put,3360,0,0,28.0869,0,0,0
28-Oct-2025,3765.9,Put,4100,0,0,28.0869,0,270,0
28-Oct-2025,3765.9,Put,4020,0,0,0,0,0,0
28-Oct-2025,3765.9,Put,4120,0,0,28.0869,0,0,0
28-Oct-2025,3765.9,Call,3560,0,0,28.0869,0,0,0
28-Oct-2025,3765.9,Put,3440,0,0,28.0869,0,48,0
28-Oct-2025,3765.9,Put,3620,0,0,28.0869,0,0,0
28-Oct-2025,3765.9,Put,3460,0,0,28.0869,0,1,0
28-Oct-2025,3765.9,Call,3450,0,0,28.0869,0,38,0
25-Nov-2025,3765.9,Put,4240,0,0,28.0869,0,0,0
25-Nov-2025,3765.9,Put,3200,0,0,28.0869,0,36,0
28-Oct-2025,3765.9,Put,3950,0,0,28.0869,0,28,0
25-Nov-2025,3765.9,Call,4020,0,0,0,0,0,0
25-Nov-2025,3765.9,Put,3280,0,0,28.0869,0,0,0
25-Nov-2025,3765.9,Put,3360,0,0,28.0869,0,0,0
25-Nov-2025,3765.9,Call,3600,0,0,28.0869,0,51,0
25-Nov-2025,3765.9,Put,4080,0,0,28.0869,0,0,0
25-Nov-2025,3765.9,Put,4120,0,0,28.0869,0,0,0
25-Nov-2025,3765.9,Put,3900,0,0,28.0869,0,10,0
25-Nov-2025,3765.9,Call,3720,0,0,28.0869,0,1,0
25-Nov-2025,3765.9,Call,3820,0,0,28.0869,0,3,0
25-Nov-2025,3765.9,Call,3840,0,0,28.0869,0,0,0
25-Nov-2025,3765.9,Call,3880,0,0,28.0869,0,0,0
25-Nov-2025,3765.9,Put,3240,0,0,28.0869,0,0,0
25-Nov-2025,3765.9,Put,4160,0,0,28.0869,0,0,0
25-Nov-2025,3765.9,Put,4020,0,0,0,0,0,0
25-Nov-2025,3765.9,Call,4120,0,0,0,0,0,0
25-Nov-2025,3765.9,Call,3500,0,0,28.0869,0,0,0
25-Nov-2025,3765.9,Put,3940,0,0,28.0869,0,0,0
25-Nov-2025,3765.9,Put,3980,0,0,28.0869,0,1,0
25-Nov-2025,3765.9,Call,4040,0,0,28.0869,0,0,0
25-Nov-2025,3765.9,Call,3560,0,0,28.0869,0,0,0
25-Nov-2025,3765.9,Call,3960,0,0,28.0869,0,0,0
25-Nov-2025,3765.9,Put,4000,0,0,28.0869,0,2,0
25-Nov-2025,3765.9,Put,4200,0,0,28.0869,0,0,0
25-Nov-2025,3765.9,Put,3320,0,0,28.0869,0,0,0
25-Nov-2025,3765.9,Put,4280,0,0,0,0,0,0
25-Nov-2025,3765.9,Call,3740,0,0,28.0869,0,0,0
25-Nov-2025,3765.9,Call,4080,0,0,28.0869,0,0,0
25-Nov-2025,3765.9,Call,3860,0,0,28.0869,0,0,0
25-Nov-2025,3765.9,Call,3280,0,0,28.0869,0,0,0
25-Nov-2025,3765.9,Put,3860,0,0,28.0869,0,0,0
25-Nov-2025,3765.9,Call,3940,0,0,28.0869,0,3,0
30-Dec-2025,3765.9,Call,3960,0,0,28.0869,0,0,0
25-Nov-2025,3765.9,Call,3360,0,0,28.0869,0,0,0
25-Nov-2025,3765.9,Put,3560,0,0,28.0869,0,0,0
30-Dec-2025,3765.9,Put,3680,0,0,28.0869,0,0,0
25-Nov-2025,3765.9,Call,3480,0,0,28.0869,0,0,0
25-Nov-2025,3765.9,Call,3460,0,0,28.0869,0,0,0
25-Nov-2025,3765.9,Put,3760,0,0,28.0869,0,2,0
25-Nov-2025,3765.9,Call,3520,0,0,28.0869,0,0,0
25-Nov-2025,3765.9,Put,3580,0,0,28.0869,0,0,0
30-Dec-2025,3765.9,Put,3640,0,0,28.0869,0,0,0
25-Nov-2025,3765.9,Put,3880,0,0,28.0869,0,0,0
25-Nov-2025,3765.9,Call,3320,0,0,28.0869,0,0,0
25-Nov-2025,3765.9,Call,3240,0,0,28.0869,0,0,0
25-Nov-2025,3765.9,Put,3740,0,0,28.0869,0,3,0
25-Nov-2025,3765.9,Put,3500,0,0,28.0869,0,0,0
30-Dec-2025,3765.9,Put,3200,0,0,28.0869,0,0,0
25-Nov-2025,3765.9,Call,3640,0,0,28.0869,0,0,0
25-Nov-2025,3765.9,Call,3200,0,0,28.0869,0,0,0
25-Nov-2025,3765.9,Call,3920,0,0,28.0869,0,3,0
25-Nov-2025,3765.9,Call,3440,0,0,28.0869,0,0,0
25-Nov-2025,3765.9,Call,3580,0,0,28.0869,0,0,0
30-Dec-2025,3765.9,Put,3600,0,0,28.0869,0,0,0
25-Nov-2025,3765.9,Put,3660,0,0,28.0869,0,3,0
25-Nov-2025,3765.9,Put,3540,0,0,28.0869,0,0,0
25-Nov-2025,3765.9,Put,3640,0,0,28.0869,0,3,0
30-Dec-2025,3765.9,Put,3960,0,0,28.0869,0,0,0
25-Nov-2025,3765.9,Put,3780,0,0,28.0869,0,6,0
25-Nov-2025,3765.9,Put,3960,0,0,28.0869,0,0,0
25-Nov-2025,3765.9,Put,3820,0,0,28.0869,0,0,0
30-Dec-2025,3765.9,Call,4040,0,0,0,0,0,0
25-Nov-2025,3765.9,Put,3840,0,0,28.0869,0,7,0
25-Nov-2025,3765.9,Put,4040,0,0,28.0869,0,0,0
25-Nov-2025,3765.9,Call,3620,0,0,28.0869,0,0,0
25-Nov-2025,3765.9,Put,3680,0,0,28.0869,0,4,0
30-Dec-2025,3765.9,Call,4000,0,0,28.0869,0,2,0
25-Nov-2025,3765.9,Call,3980,0,0,28.0869,0,0,0
25-Nov-2025,3765.9,Put,3620,0,0,28.0869,0,0,0
30-Dec-2025,3765.9,Put,3560,0,0,28.0869,0,0,0
25-Nov-2025,3765.9,Call,3660,0,0,28.0869,0,2,0
25-Nov-2025,3765.9,Call,3540,0,0,28.0869,0,0,0
25-Nov-2025,3765.9,Call,3680,0,0,28.0869,0,0,0
25-Nov-2025,3765.9,Put,3920,0,0,28.0869,0,0,0
30-Dec-2025,3765.9,Call,3720,0,0,28.0869,0,0,0
30-Dec-2025,3765.9,Call,3800,0,0,28.0869,0,2,0
30-Dec-2025,3765.9,Call,3760,0,0,28.0869,0,0,0
30-Dec-2025,3765.9,Put,3720,0,0,28.0869,0,0,0
30-Dec-2025,3765.9,Call,3840,0,0,28.0869,0,0,0
30-Dec-2025,3765.9,Put,3840,0,0,28.0869,0,0,0
30-Dec-2025,3765.9,Put,3760,0,0,28.0869,0,0,0
30-Dec-2025,3765.9,Put,3800,0,0,28.0869,0,0,0
30-Dec-2025,3765.9,Put,3920,0,0,28.0869,0,0,0
30-Dec-2025,3765.9,Put,3880,0,0,28.0869,0,0,0
30-Dec-2025,3765.9,Call,3880,0,0,28.0869,0,0,0
30-Dec-2025,3765.9,Call,3920,0,0,28.0869,0,0,0
30-Dec-2025,3765.9,Call,4080,0,0,28.0869,0,0,0
