28-Oct-2025,1976.7,-,0,1983.8,0,32.6197,6,26490,1404
28-Oct-2025,1976.7,Call,2000,31.55,24.11,32.6197,15,1304,1251
28-Oct-2025,1976.7,Call,1960,51.65,24.18,32.6197,56,571,1227
28-Oct-2025,1976.7,Call,1980,41,24.05,32.6197,48,746,827
28-Oct-2025,1976.7,Put,1960,28.7,25.05,32.6197,103,848,586
28-Oct-2025,1976.7,Put,1940,21.3,25.28,32.6197,15,529,489
28-Oct-2025,1976.7,Call,1940,65,24.08,32.6197,8,556,479
28-Oct-2025,1976.7,Call,2100,7.3,25.44,32.6197,-27,632,393
28-Oct-2025,1976.7,Put,1900,11.8,26.16,32.6197,12,648,306
28-Oct-2025,1976.7,Call,2020,23.9,24.18,32.6197,26,369,291
28-Oct-2025,1976.7,Call,2040,17.8,24.27,32.6197,16,726,248
28-Oct-2025,1976.7,Put,1920,16.25,25.86,32.6197,-5,264,218
28-Oct-2025,1976.7,Call,1900,94.45,24.37,32.6197,-24,252,187
28-Oct-2025,1976.7,Call,2060,13.4,24.64,32.6197,0,421,135
28-Oct-2025,1976.7,Put,1980,37.65,25.09,32.6197,34,363,131
28-Oct-2025,1976.7,Call,2080,9.8,24.93,32.6197,-24,157,95
28-Oct-2025,1976.7,Put,1880,8.55,26.47,32.6197,-2,169,79
28-Oct-2025,1976.7,Call,2200,1.85,28.64,32.6197,-2,462,69
28-Oct-2025,1976.7,Put,1860,6.15,28.24,32.6197,16,231,58
25-Nov-2025,1976.7,-,0,1989.1,0,32.6197,-1,370,54
28-Oct-2025,1976.7,Put,1800,2.8,30.45,32.6197,-1,304,54
28-Oct-2025,1976.7,Call,2140,4.05,26.51,32.6197,-6,116,41
28-Oct-2025,1976.7,Call,2120,5.5,25.25,32.6197,-2,122,41
28-Oct-2025,1976.7,Call,1920,74.95,21,32.6197,6,216,40
28-Oct-2025,1976.7,Put,2000,48.5,25.28,32.6197,-6,342,38
28-Oct-2025,1976.7,Put,1820,3.55,29.2,32.6197,4,157,38
28-Oct-2025,1976.7,Put,1780,2.6,32.71,32.6197,20,117,35
28-Oct-2025,1976.7,Put,1840,4.7,28.23,32.6197,5,252,34
28-Oct-2025,1976.7,Call,2160,2.8,26.62,32.6197,-3,228,32
25-Nov-2025,1976.7,Call,2000,63.15,23.3,32.6197,0,105,26
28-Oct-2025,1976.7,Put,1760,1.5,31.99,32.6197,12,131,19
28-Oct-2025,1976.7,Call,2180,2.55,28.3,32.6197,-1,87,17
28-Oct-2025,1976.7,Call,2280,0.65,31.06,32.6197,0,222,16
25-Nov-2025,1976.7,Call,2100,26.35,23.05,32.6197,5,65,15
30-Dec-2025,1976.7,-,0,2003.8,0,32.6197,5,46,13
28-Oct-2025,1976.7,Call,2260,1,31.27,32.6197,-3,192,13
28-Oct-2025,1976.7,Put,2080,111.15,30.71,32.6197,1,7,12
25-Nov-2025,1976.7,Put,1800,10.85,26.85,32.6197,5,48,10
28-Oct-2025,1976.7,Put,2100,126.35,29.94,32.6197,-2,140,9
28-Oct-2025,1976.7,Put,2020,64.6,27.91,32.6197,3,92,7
25-Nov-2025,1976.7,Call,2200,12.1,25.08,32.6197,3,32,6
28-Oct-2025,1976.7,Call,2240,0.8,28.49,32.6197,-1,57,5
25-Nov-2025,1976.7,Put,1900,29.05,25.51,32.6197,-2,31,5
25-Nov-2025,1976.7,Put,2100,140.7,29.63,32.6197,0,3,4
28-Oct-2025,1976.7,Put,1600,0.65,46.64,32.6197,0,75,2
28-Oct-2025,1976.7,Call,2320,0.85,35.66,32.6197,0,8,1
28-Oct-2025,1976.7,Put,2200,230.55,49.3,32.6197,0,83,1
25-Nov-2025,1976.7,Call,1940,88,19.89,32.6197,0,2,1
28-Oct-2025,1976.7,Put,2140,0,0,32.6197,0,4,0
28-Oct-2025,1976.7,Put,2240,0,0,32.6197,0,6,0
28-Oct-2025,1976.7,Put,2280,0,0,32.6197,0,1,0
28-Oct-2025,1976.7,Put,2180,0,0,32.6197,0,0,0
28-Oct-2025,1976.7,Call,1880,0,0,32.6197,0,44,0
28-Oct-2025,1976.7,Call,1700,0,0,32.6197,0,0,0
28-Oct-2025,1976.7,Call,1740,0,0,32.6197,0,0,0
28-Oct-2025,1976.7,Call,1780,0,0,32.6197,0,0,0
28-Oct-2025,1976.7,Call,1820,0,0,32.6197,0,3,0
28-Oct-2025,1976.7,Call,1860,0,0,32.6197,0,36,0
28-Oct-2025,1976.7,Put,2060,0,0,32.6197,0,45,0
28-Oct-2025,1976.7,Put,1720,0,0,32.6197,0,142,0
28-Oct-2025,1976.7,Put,1560,0,0,32.6197,0,11,0
28-Oct-2025,1976.7,Put,1740,0,0,32.6197,0,27,0
28-Oct-2025,1976.7,Call,1640,0,0,32.6197,0,0,0
28-Oct-2025,1976.7,Call,1680,0,0,32.6197,0,0,0
28-Oct-2025,1976.7,Call,1720,0,0,32.6197,0,0,0
28-Oct-2025,1976.7,Call,1760,0,0,32.6197,0,0,0
28-Oct-2025,1976.7,Call,1800,0,0,32.6197,0,1,0
28-Oct-2025,1976.7,Put,2040,0,0,32.6197,0,129,0
28-Oct-2025,1976.7,Call,1840,0,0,32.6197,0,10,0
28-Oct-2025,1976.7,Put,2320,0,0,32.6197,0,28,0
28-Oct-2025,1976.7,Put,1680,0,0,32.6197,0,7,0
28-Oct-2025,1976.7,Put,1700,0,0,32.6197,0,64,0
25-Nov-2025,1976.7,Put,2000,0,0,32.6197,0,13,0
25-Nov-2025,1976.7,Put,1740,0,0,32.6197,0,0,0
25-Nov-2025,1976.7,Put,2200,0,0,32.6197,0,0,0
25-Nov-2025,1976.7,Call,2180,0,0,32.6197,0,0,0
25-Nov-2025,1976.7,Put,1760,0,0,32.6197,0,0,0
25-Nov-2025,1976.7,Put,2060,0,0,32.6197,0,0,0
25-Nov-2025,1976.7,Put,1920,0,0,32.6197,0,8,0
28-Oct-2025,1976.7,Call,1600,0,0,32.6197,0,0,0
25-Nov-2025,1976.7,Put,1840,0,0,32.6197,0,0,0
25-Nov-2025,1976.7,Call,1920,0,0,32.6197,0,0,0
25-Nov-2025,1976.7,Put,2020,0,0,32.6197,0,0,0
25-Nov-2025,1976.7,Put,1640,0,0,32.6197,0,0,0
25-Nov-2025,1976.7,Call,1600,0,0,32.6197,0,0,0
25-Nov-2025,1976.7,Call,1720,0,0,32.6197,0,0,0
25-Nov-2025,1976.7,Put,2080,0,0,32.6197,0,0,0
25-Nov-2025,1976.7,Call,1640,0,0,32.6197,0,0,0
25-Nov-2025,1976.7,Call,1780,0,0,32.6197,0,0,0
25-Nov-2025,1976.7,Call,1680,0,0,32.6197,0,0,0
25-Nov-2025,1976.7,Put,1680,0,0,32.6197,0,0,0
25-Nov-2025,1976.7,Put,2140,0,0,32.6197,0,4,0
25-Nov-2025,1976.7,Put,2040,0,0,32.6197,0,0,0
25-Nov-2025,1976.7,Put,2120,0,0,32.6197,0,0,0
25-Nov-2025,1976.7,Put,2280,0,0,32.6197,0,0,0
25-Nov-2025,1976.7,Call,2160,0,0,32.6197,0,0,0
30-Dec-2025,1976.7,Call,1920,0,0,32.6197,0,0,0
25-Nov-2025,1976.7,Call,2120,0,0,32.6197,0,0,0
30-Dec-2025,1976.7,Call,1960,0,0,32.6197,0,0,0
25-Nov-2025,1976.7,Put,1820,0,0,32.6197,0,0,0
25-Nov-2025,1976.7,Call,1760,0,0,32.6197,0,0,0
30-Dec-2025,1976.7,Put,1600,0,0,32.6197,0,0,0
25-Nov-2025,1976.7,Put,1720,0,0,32.6197,0,0,0
25-Nov-2025,1976.7,Call,2240,0,0,32.6197,0,0,0
25-Nov-2025,1976.7,Put,2180,0,0,32.6197,0,0,0
30-Dec-2025,1976.7,Call,2080,0,0,32.6197,0,0,0
25-Nov-2025,1976.7,Put,2160,0,0,32.6197,0,2,0
30-Dec-2025,1976.7,Put,1920,0,0,32.6197,0,0,0
25-Nov-2025,1976.7,Call,2320,0,0,32.6197,0,0,0
25-Nov-2025,1976.7,Call,2080,0,0,32.6197,0,1,0
25-Nov-2025,1976.7,Call,1820,0,0,32.6197,0,0,0
25-Nov-2025,1976.7,Call,2060,0,0,32.6197,0,0,0
25-Nov-2025,1976.7,Put,1860,0,0,32.6197,0,0,0
25-Nov-2025,1976.7,Call,1980,0,0,32.6197,0,0,0
25-Nov-2025,1976.7,Put,2240,0,0,32.6197,0,0,0
25-Nov-2025,1976.7,Call,1800,0,0,32.6197,0,0,0
28-Oct-2025,1976.7,Put,2120,0,0,32.6197,0,12,0
25-Nov-2025,1976.7,Call,1840,0,0,32.6197,0,0,0
25-Nov-2025,1976.7,Put,1940,0,0,32.6197,0,6,0
25-Nov-2025,1976.7,Call,2040,0,0,32.6197,0,9,0
30-Dec-2025,1976.7,Call,2040,0,0,32.6197,0,0,0
28-Oct-2025,1976.7,Put,2160,0,0,32.6197,0,3,0
30-Dec-2025,1976.7,Put,1680,0,0,32.6197,0,0,0
25-Nov-2025,1976.7,Put,1960,0,0,32.6197,0,49,0
25-Nov-2025,1976.7,Put,1700,0,0,32.6197,0,0,0
30-Dec-2025,1976.7,Call,2000,0,0,32.6197,0,0,0
30-Dec-2025,1976.7,Call,2160,0,0,32.6197,0,0,0
25-Nov-2025,1976.7,Put,1780,0,0,32.6197,0,0,0
25-Nov-2025,1976.7,Call,1740,0,0,32.6197,0,0,0
25-Nov-2025,1976.7,Call,1960,0,0,32.6197,0,1,0
25-Nov-2025,1976.7,Put,1980,0,0,32.6197,0,1,0
25-Nov-2025,1976.7,Call,2020,0,0,32.6197,0,0,0
30-Dec-2025,1976.7,Put,2000,0,0,32.6197,0,0,0
25-Nov-2025,1976.7,Call,1900,0,0,32.6197,0,0,0
25-Nov-2025,1976.7,Call,1860,0,0,32.6197,0,0,0
25-Nov-2025,1976.7,Call,2280,0,0,32.6197,0,0,0
25-Nov-2025,1976.7,Put,1600,0,0,32.6197,0,0,0
30-Dec-2025,1976.7,Put,1960,0,0,32.6197,0,0,0
30-Dec-2025,1976.7,Call,2120,0,0,32.6197,0,0,0
30-Dec-2025,1976.7,Put,2040,0,0,32.6197,0,0,0
25-Nov-2025,1976.7,Call,1700,0,0,32.6197,0,0,0
30-Dec-2025,1976.7,Put,1840,0,0,32.6197,0,0,0
25-Nov-2025,1976.7,Put,1880,0,0,32.6197,0,0,0
25-Nov-2025,1976.7,Call,1880,0,0,32.6197,0,0,0
25-Nov-2025,1976.7,Put,2320,0,0,32.6197,0,1,0
30-Dec-2025,1976.7,Put,2080,0,0,32.6197,0,0,0
30-Dec-2025,1976.7,Put,1880,0,0,32.6197,0,0,0
28-Oct-2025,1976.7,Put,1640,0,0,32.6197,0,0,0
25-Nov-2025,1976.7,Call,2140,0,0,32.6197,0,0,0
