28-Oct-2025,16282,Call,16500,167,18.02,25.9623,1444,6161,15466
28-Oct-2025,16282,Call,16400,203.6,17.49,25.9623,1256,4271,13741
28-Oct-2025,16282,Call,17000,59.75,20.03,25.9623,511,7107,9584
28-Oct-2025,16282,Call,16300,247.2,17.11,25.9623,196,4811,9282
28-Oct-2025,16282,-,0,16300,0,25.9623,279,55377,7671
28-Oct-2025,16282,Put,16000,123.2,19.88,25.9623,496,5734,6061
28-Oct-2025,16282,Put,16300,245.2,20.23,25.9623,292,1820,5702
28-Oct-2025,16282,Call,16600,136.1,18.32,25.9623,371,1752,5520
28-Oct-2025,16282,Call,16800,87.7,18.88,25.9623,807,2205,4563
28-Oct-2025,16282,Put,16200,194.3,19.71,25.9623,313,2537,4366
28-Oct-2025,16282,Call,16700,109.3,18.47,25.9623,207,1390,3963
28-Oct-2025,16282,Put,16400,302.4,20.85,25.9623,463,832,3259
28-Oct-2025,16282,Put,15800,77.7,20.4,25.9623,403,2040,3022
28-Oct-2025,16282,Call,16900,73.95,19.48,25.9623,143,1186,2991
28-Oct-2025,16282,Call,16200,294.45,16.62,25.9623,35,6291,2897
28-Oct-2025,16282,Call,17500,24,22.68,25.9623,76,1589,2335
28-Oct-2025,16282,Put,15500,40.8,22.17,25.9623,43,3176,2234
28-Oct-2025,16282,Put,16100,154.15,19.74,25.9623,163,1464,1704
28-Oct-2025,16282,Call,18000,11.7,25.95,25.9623,107,3762,1697
28-Oct-2025,16282,Call,17200,41.75,21.18,25.9623,103,2848,1680
28-Oct-2025,16282,Put,16500,366.6,21.27,25.9623,227,764,1550
28-Oct-2025,16282,Put,15900,98,20.07,25.9623,-16,1467,1518
28-Oct-2025,16282,Call,17600,20.95,23.41,25.9623,37,2973,1445
28-Oct-2025,16282,Call,16000,427.55,15.95,25.9623,-152,3207,1325
28-Oct-2025,16282,Put,15700,61.25,21.05,25.9623,-46,881,1322
28-Oct-2025,16282,Call,17300,34.8,21.7,25.9623,-72,722,1245
28-Oct-2025,16282,Call,17100,49.7,20.46,25.9623,83,767,1233
28-Oct-2025,16282,Call,16100,357.7,15.82,25.9623,-35,2263,996
28-Oct-2025,16282,Call,17800,15,24.46,25.9623,83,1864,986
28-Oct-2025,16282,Put,15000,17.8,26.13,25.9623,151,5136,954
28-Oct-2025,16282,Put,14500,7.6,29.54,25.9623,-2,1727,838
28-Oct-2025,16282,Put,15600,50.25,21.54,25.9623,-150,684,779
28-Oct-2025,16282,Call,17400,29.4,22.25,25.9623,42,904,769
28-Oct-2025,16282,Call,18200,8.6,26.84,25.9623,24,936,645
28-Oct-2025,16282,Put,15400,34.25,22.97,25.9623,-7,642,555
28-Oct-2025,16282,Put,15300,28.5,23.7,25.9623,22,457,545
25-Nov-2025,16282,-,0,16389,0,25.9623,30,1809,396
28-Oct-2025,16282,Put,15200,24.2,24.45,25.9623,-12,525,358
28-Oct-2025,16282,Call,18400,7.25,28.3,25.9623,113,164,281
28-Oct-2025,16282,Put,14000,2.65,31.94,25.9623,-34,1943,253
25-Nov-2025,16282,Put,16000,300,22.85,25.9623,45,246,234
25-Nov-2025,16282,Call,18000,66.25,21.07,25.9623,148,167,233
25-Nov-2025,16282,Call,17000,232.25,19.54,25.9623,51,184,199
28-Oct-2025,16282,Put,17000,756.05,25.51,25.9623,7,250,183
28-Oct-2025,16282,Call,15900,501,15.52,25.9623,-11,640,165
28-Oct-2025,16282,Put,16600,430,21.95,25.9623,16,96,138
28-Oct-2025,16282,Put,15100,20,25.11,25.9623,24,379,108
25-Nov-2025,16282,Put,15500,156.1,23,25.9623,64,65,86
28-Oct-2025,16282,Put,14800,11.85,27.19,25.9623,-2,575,85
28-Oct-2025,16282,Put,16700,495,21.85,25.9623,24,52,74
25-Nov-2025,16282,Put,15000,84,24.3,25.9623,16,135,62
30-Dec-2025,16282,-,0,16490,0,25.9623,30,354,57
28-Oct-2025,16282,Put,16800,589.15,23.91,25.9623,10,47,45
28-Oct-2025,16282,Call,15800,580,14.54,25.9623,5,510,41
28-Oct-2025,16282,Put,14300,3.85,29.43,25.9623,-10,463,36
28-Oct-2025,16282,Put,14900,14.7,26.72,25.9623,-7,300,34
28-Oct-2025,16282,Put,14700,13.65,29.46,25.9623,-11,480,34
25-Nov-2025,16282,Call,16000,709.5,19.64,25.9623,3,147,32
25-Nov-2025,16282,Call,16500,440,20.16,25.9623,12,32,30
28-Oct-2025,16282,Put,14600,6.85,27.64,25.9623,2,199,28
28-Oct-2025,16282,Put,14400,4.35,28.56,25.9623,-11,44,27
28-Oct-2025,16282,Call,15500,846.1,0,25.9623,-10,560,23
28-Oct-2025,16282,Put,13400,2.95,40.36,25.9623,0,146,20
28-Oct-2025,16282,Put,14200,2.9,29.67,25.9623,0,1125,20
25-Nov-2025,16282,Call,16400,472,20.07,25.9623,4,58,15
28-Oct-2025,16282,Call,15700,684.35,17.17,25.9623,4,200,12
25-Nov-2025,16282,Put,16500,533.4,23.46,25.9623,4,4,11
25-Nov-2025,16282,Call,17100,203.15,19.54,25.9623,0,0,10
28-Oct-2025,16282,Put,17100,818.8,23.66,25.9623,3,3,8
28-Oct-2025,16282,Put,12800,1.5,45.14,25.9623,-1,52,7
28-Oct-2025,16282,Put,13500,3,39.09,25.9623,0,29,6
28-Oct-2025,16282,Call,15200,1183.85,26.68,25.9623,0,47,6
28-Oct-2025,16282,Put,13800,2.1,33.63,25.9623,0,141,5
28-Oct-2025,16282,Put,16900,640.75,21.79,25.9623,0,17,5
28-Oct-2025,16282,Put,17200,870.8,18.94,25.9623,3,5,5
25-Nov-2025,16282,Put,16200,296.7,19.03,25.9623,4,4,5
28-Oct-2025,16282,Call,14800,1520,0,25.9623,0,206,4
28-Oct-2025,16282,Put,13000,2.3,0,25.9623,0,123,4
28-Oct-2025,16282,Put,13200,2.6,42.45,25.9623,1,50,3
25-Nov-2025,16282,Call,16200,560.5,18.42,25.9623,1,5,3
28-Oct-2025,16282,Put,14100,3.05,31.18,25.9623,0,151,2
30-Dec-2025,16282,Put,16000,438.15,24.02,25.9623,-1,8,2
25-Nov-2025,16282,Call,15000,1500,19.46,25.9623,1,25,2
28-Oct-2025,16282,Call,15000,1334.1,0,25.9623,0,688,1
28-Oct-2025,16282,Put,17500,1100,0,25.9623,0,20,1
25-Nov-2025,16282,Call,16600,370,19.07,25.9623,0,5,1
25-Nov-2025,16282,Call,17200,199,20.71,25.9623,0,0,1
25-Nov-2025,16282,Call,17500,179.55,23.52,0,0,0,1
25-Nov-2025,16282,Put,14000,25,27.68,25.9623,0,0,1
28-Oct-2025,16282,Call,14200,0,0,25.9623,0,4,0
28-Oct-2025,16282,Call,14700,0,0,25.9623,0,3,0
28-Oct-2025,16282,Call,15400,0,0,25.9623,0,15,0
28-Oct-2025,16282,Put,17400,0,0,25.9623,0,1,0
28-Oct-2025,16282,Call,15300,0,0,25.9623,0,26,0
28-Oct-2025,16282,Put,13900,0,0,25.9623,0,56,0
28-Oct-2025,16282,Put,18000,0,0,25.9623,0,1,0
28-Oct-2025,16282,Call,15100,0,0,25.9623,0,8,0
28-Oct-2025,16282,Put,17800,0,0,25.9623,0,0,0
28-Oct-2025,16282,Put,13700,0,0,25.9623,0,25,0
28-Oct-2025,16282,Call,14600,0,0,25.9623,0,0,0
28-Oct-2025,16282,Call,15600,0,0,25.9623,0,93,0
28-Oct-2025,16282,Put,18400,0,0,25.9623,0,0,0
28-Oct-2025,16282,Put,13600,0,0,25.9623,0,11,0
28-Oct-2025,16282,Put,17600,0,0,25.9623,0,0,0
28-Oct-2025,16282,Call,13500,0,0,25.9623,0,17,0
28-Oct-2025,16282,Call,14400,0,0,25.9623,0,2,0
28-Oct-2025,16282,Call,13000,0,0,25.9623,0,53,0
28-Oct-2025,16282,Put,17300,0,0,25.9623,0,0,0
28-Oct-2025,16282,Call,14900,0,0,25.9623,0,34,0
28-Oct-2025,16282,Call,13200,0,0,25.9623,0,5,0
25-Nov-2025,16282,Call,15600,0,0,25.9623,0,1,0
25-Nov-2025,16282,Put,13600,0,0,25.9623,0,0,0
28-Oct-2025,16282,Put,18200,0,0,25.9623,0,0,0
28-Oct-2025,16282,Call,14500,0,0,25.9623,0,105,0
28-Oct-2025,16282,Call,14000,0,0,25.9623,0,190,0
28-Oct-2025,16282,Call,13800,0,0,25.9623,0,0,0
28-Oct-2025,16282,Call,13600,0,0,25.9623,0,2,0
28-Oct-2025,16282,Call,13700,0,0,25.9623,0,3,0
25-Nov-2025,16282,Call,15500,0,0,25.9623,0,20,0
28-Oct-2025,16282,Call,13400,0,0,25.9623,0,1,0
25-Nov-2025,16282,Put,16700,0,0,25.9623,0,0,0
25-Nov-2025,16282,Put,15900,0,0,25.9623,0,0,0
25-Nov-2025,16282,Put,15300,0,0,25.9623,0,0,0
25-Nov-2025,16282,Call,17800,0,0,25.9623,0,0,0
25-Nov-2025,16282,Call,15800,0,0,25.9623,0,1,0
25-Nov-2025,16282,Put,15700,0,0,25.9623,0,0,0
25-Nov-2025,16282,Put,16900,0,0,25.9623,0,0,0
25-Nov-2025,16282,Put,17100,0,0,25.9623,0,0,0
25-Nov-2025,16282,Put,15100,0,0,25.9623,0,0,0
25-Nov-2025,16282,Call,14700,0,0,25.9623,0,0,0
25-Nov-2025,16282,Put,14700,0,0,25.9623,0,0,0
25-Nov-2025,16282,Call,15900,0,0,25.9623,0,0,0
25-Nov-2025,16282,Call,15400,0,0,25.9623,0,0,0
25-Nov-2025,16282,Put,16600,0,0,25.9623,0,0,0
25-Nov-2025,16282,Put,16800,0,0,25.9623,0,0,0
25-Nov-2025,16282,Put,17000,0,0,25.9623,0,0,0
25-Nov-2025,16282,Put,17200,0,0,25.9623,0,0,0
25-Nov-2025,16282,Put,17400,0,0,25.9623,0,0,0
25-Nov-2025,16282,Put,17600,0,0,25.9623,0,0,0
25-Nov-2025,16282,Call,16900,0,0,25.9623,0,0,0
25-Nov-2025,16282,Call,14900,0,0,25.9623,0,0,0
25-Nov-2025,16282,Call,15300,0,0,25.9623,0,0,0
25-Nov-2025,16282,Call,16700,0,0,25.9623,0,0,0
25-Nov-2025,16282,Put,17300,0,0,25.9623,0,0,0
25-Nov-2025,16282,Call,15200,0,0,25.9623,0,0,0
25-Nov-2025,16282,Call,18400,0,0,25.9623,0,11,0
25-Nov-2025,16282,Call,15100,0,0,25.9623,0,0,0
25-Nov-2025,16282,Put,16100,0,0,25.9623,0,0,0
25-Nov-2025,16282,Put,15400,0,0,25.9623,0,0,0
25-Nov-2025,16282,Put,15800,0,0,25.9623,0,0,0
25-Nov-2025,16282,Put,16300,0,0,25.9623,0,0,0
25-Nov-2025,16282,Call,14400,0,0,25.9623,0,0,0
25-Nov-2025,16282,Call,16800,0,0,25.9623,0,0,0
30-Dec-2025,16282,Put,16200,0,0,25.9623,0,0,0
25-Nov-2025,16282,Call,16300,0,0,25.9623,0,0,0
25-Nov-2025,16282,Put,14800,0,0,25.9623,0,0,0
25-Nov-2025,16282,Put,14600,0,0,25.9623,0,0,0
25-Nov-2025,16282,Call,16100,0,0,25.9623,0,2,0
25-Nov-2025,16282,Put,17500,0,0,0,0,0,0
25-Nov-2025,16282,Call,14600,0,0,25.9623,0,0,0
25-Nov-2025,16282,Call,17600,0,0,25.9623,0,0,0
25-Nov-2025,16282,Call,18200,0,0,25.9623,0,0,0
25-Nov-2025,16282,Call,14200,0,0,25.9623,0,0,0
25-Nov-2025,16282,Call,17300,0,0,25.9623,0,0,0
25-Nov-2025,16282,Put,17800,0,0,25.9623,0,0,0
25-Nov-2025,16282,Put,14200,0,0,25.9623,0,0,0
30-Dec-2025,16282,Put,15000,0,0,25.9623,0,0,0
25-Nov-2025,16282,Put,18400,0,0,25.9623,0,0,0
25-Nov-2025,16282,Call,17400,0,0,25.9623,0,0,0
30-Dec-2025,16282,Put,15800,0,0,25.9623,0,0,0
25-Nov-2025,16282,Put,16400,0,0,25.9623,0,0,0
25-Nov-2025,16282,Put,13800,0,0,25.9623,0,21,0
25-Nov-2025,16282,Put,14900,0,0,25.9623,0,0,0
25-Nov-2025,16282,Call,15700,0,0,25.9623,0,0,0
25-Nov-2025,16282,Call,13800,0,0,25.9623,0,0,0
25-Nov-2025,16282,Put,18000,0,0,25.9623,0,0,0
25-Nov-2025,16282,Put,18200,0,0,25.9623,0,0,0
25-Nov-2025,16282,Call,14800,0,0,25.9623,0,1,0
25-Nov-2025,16282,Put,15600,0,0,25.9623,0,0,0
25-Nov-2025,16282,Put,15200,0,0,25.9623,0,0,0
30-Dec-2025,16282,Call,16000,0,0,25.9623,0,1,0
30-Dec-2025,16282,Call,17600,0,0,25.9623,0,0,0
30-Dec-2025,16282,Call,17000,0,0,25.9623,0,0,0
25-Nov-2025,16282,Call,13600,0,0,25.9623,0,0,0
30-Dec-2025,16282,Call,18000,0,0,25.9623,0,0,0
25-Nov-2025,16282,Call,14000,0,0,25.9623,0,0,0
