14-Oct-2025,25177.85,Put,25200,79.25,14,15.1303,88295,272197,5829990
14-Oct-2025,25177.85,Call,25200,61.9,12.81,15.1303,324640,368022,4432163
14-Oct-2025,25177.85,Put,25150,57.1,14.23,15.1303,98536,210103,3839516
14-Oct-2025,25177.85,Call,25300,26.25,12.85,15.1303,202200,317141,3582163
14-Oct-2025,25177.85,Put,25100,40.2,14.62,15.1303,84340,247724,3359569
14-Oct-2025,25177.85,Call,25250,40.45,12.7,15.1303,215357,251355,3210145
14-Oct-2025,25177.85,Put,25000,20.5,15.84,15.1303,60561,237016,2351737
14-Oct-2025,25177.85,Put,25250,108,13.76,15.1303,-25635,89639,2266798
14-Oct-2025,25177.85,Call,25400,10.35,13.5,15.1303,94855,231789,2160661
14-Oct-2025,25177.85,Call,25350,16.55,13.14,15.1303,78244,167896,1772336
14-Oct-2025,25177.85,Put,25300,143.55,14.21,15.1303,-58306,77060,1526509
14-Oct-2025,25177.85,Call,25500,4.6,14.81,15.1303,61290,210505,1508010
14-Oct-2025,25177.85,Put,25050,28.6,15.23,15.1303,36043,109630,1477037
14-Oct-2025,25177.85,Call,25150,89.7,13.06,15.1303,88992,102651,1372395
14-Oct-2025,25177.85,Call,25450,6.75,14.07,15.1303,18151,106232,1236643
14-Oct-2025,25177.85,Call,25600,2.6,16.56,15.1303,32449,137813,1092318
14-Oct-2025,25177.85,Put,24900,10.65,17.26,15.1303,40582,138293,1041632
14-Oct-2025,25177.85,Put,24950,14.7,16.51,15.1303,24136,84316,936267
14-Oct-2025,25177.85,Call,25100,122.85,13.33,15.1303,41070,74730,894002
14-Oct-2025,25177.85,Call,25550,3.25,15.54,15.1303,36695,98981,787235
14-Oct-2025,25177.85,Call,25700,1.95,18.72,15.1303,38080,123002,633263
14-Oct-2025,25177.85,Put,24800,6.4,19.12,15.1303,18891,106661,628268
14-Oct-2025,25177.85,Call,26000,1.3,26.07,15.1303,49688,216770,621057
14-Oct-2025,25177.85,Put,24500,2.95,26.67,15.1303,-35819,130856,619224
14-Oct-2025,25177.85,Put,24850,8,18.09,15.1303,14004,80497,572184
14-Oct-2025,25177.85,Call,25800,1.6,21.1,15.1303,52123,136904,528078
14-Oct-2025,25177.85,Call,25650,2.15,17.58,15.1303,1524,59597,505452
14-Oct-2025,25177.85,Put,24700,4.4,21.34,15.1303,-4825,104987,496634
14-Oct-2025,25177.85,Put,24400,2.55,29.33,15.1303,16176,77981,485919
14-Oct-2025,25177.85,Put,24300,2.25,32.07,15.1303,34315,107108,465133
14-Oct-2025,25177.85,Put,25350,183.8,14.71,15.1303,-25050,31107,408442
14-Oct-2025,25177.85,Put,24200,2.05,34.57,15.1303,14453,85512,404669
14-Oct-2025,25177.85,Put,24000,1.7,39.47,15.1303,-12461,115618,374136
14-Oct-2025,25177.85,Put,24750,5.15,20.18,15.1303,7218,55046,339657
14-Oct-2025,25177.85,Put,24600,3.55,23.94,15.1303,7958,86790,337978
14-Oct-2025,25177.85,Put,25400,228,15.55,15.1303,-25015,20513,326913
14-Oct-2025,25177.85,Call,25750,1.65,19.99,15.1303,11990,50273,293613
14-Oct-2025,25177.85,Put,24450,2.75,28.03,15.1303,1689,25274,286418
14-Oct-2025,25177.85,Put,24100,1.85,37.16,15.1303,-734,46087,285143
14-Oct-2025,25177.85,Call,25900,1.4,23.66,15.1303,16390,58366,282550
14-Oct-2025,25177.85,Call,27000,0.45,47.45,15.1303,-772,59589,279826
14-Oct-2025,25177.85,Call,26200,1,30.63,15.1303,7745,73134,266950
14-Oct-2025,25177.85,Call,26100,1.1,28.5,15.1303,-2153,59754,265374
14-Oct-2025,25177.85,Call,26500,0.75,37.07,15.1303,-16894,95925,264793
14-Oct-2025,25177.85,Put,24350,2.4,30.67,15.1303,1926,21755,258576
14-Oct-2025,25177.85,Call,25000,202.75,14.24,15.1303,8844,46968,245628
14-Oct-2025,25177.85,Put,24650,3.85,22.59,15.1303,-713,53608,217570
14-Oct-2025,25177.85,Put,24250,2.15,33.24,15.1303,2971,20730,212985
14-Oct-2025,25177.85,Put,24550,3.2,25.27,15.1303,-14302,28068,199922
14-Oct-2025,25177.85,Call,26050,1.25,27.45,15.1303,16626,39667,194843
14-Oct-2025,25177.85,Call,26300,0.95,33.02,15.1303,9268,49482,177237
14-Oct-2025,25177.85,Put,24150,2,35.76,15.1303,4120,19272,168837
14-Oct-2025,25177.85,Call,25850,1.45,22.56,15.1303,10591,35949,160606
14-Oct-2025,25177.85,Call,26400,0.85,35.11,15.1303,-3299,36291,155484
14-Oct-2025,25177.85,Call,25950,1.3,24.95,15.1303,13431,34954,155403
14-Oct-2025,25177.85,Call,25050,161,13.74,15.1303,6718,20666,154361
20-Oct-2025,25177.85,Put,25200,138.45,11.1,15.1303,14515,30669,148070
14-Oct-2025,25177.85,Put,23500,1.25,52.08,15.1303,-2370,51834,139306
14-Oct-2025,25177.85,Call,26150,1.05,29.5,15.1303,-2802,19954,134915
14-Oct-2025,25177.85,Put,23800,1.45,44.53,15.1303,815,36496,131923
20-Oct-2025,25177.85,Call,25200,159.05,10.32,15.1303,17011,26857,126139
14-Oct-2025,25177.85,Call,26250,1,31.73,15.1303,3836,21862,116857
14-Oct-2025,25177.85,Put,23900,1.55,42.12,15.1303,-9,26871,111651
14-Oct-2025,25177.85,Put,24050,1.8,38.4,15.1303,2357,8059,103994
14-Oct-2025,25177.85,Put,23700,1.4,47.24,15.1303,1528,21644,103365
20-Oct-2025,25177.85,Put,25000,71.6,11.7,15.1303,9492,28064,102817
20-Oct-2025,25177.85,Call,25300,108.85,10.15,15.1303,15722,28026,95978
20-Oct-2025,25177.85,Call,25500,45.65,10.14,15.1303,13796,39578,87759
14-Oct-2025,25177.85,Put,25500,321.9,17.74,15.1303,-5435,10887,83428
20-Oct-2025,25177.85,Call,25600,27.65,10.17,15.1303,4122,21060,79089
20-Oct-2025,25177.85,Put,25100,99.95,11.35,15.1303,-1571,17168,79060
28-Oct-2025,25177.85,Put,25000,113.4,11.33,15.1303,-4554,68705,77603
14-Oct-2025,25177.85,Put,23750,1.5,46.17,15.1303,-1143,6722,74422
20-Oct-2025,25177.85,Call,25400,71.35,10.1,15.1303,9039,23577,73147
20-Oct-2025,25177.85,Put,25300,189.25,10.97,15.1303,1372,17713,68106
14-Oct-2025,25177.85,Put,23850,1.55,43.43,15.1303,447,5947,66668
14-Oct-2025,25177.85,Call,26350,0.9,34.3,15.1303,1070,11309,66328
28-Oct-2025,25177.85,Call,25200,234.3,9.28,15.1303,8744,33226,64252
28-Oct-2025,25177.85,Put,25200,180.95,10.94,15.1303,4049,30849,62754
28-Oct-2025,25177.85,Call,25500,98.05,9.11,15.1303,5961,63250,60524
28-Oct-2025,25177.85,Call,25700,47.7,9.07,15.1303,-9240,25454,59906
14-Oct-2025,25177.85,Put,23600,1.35,49.92,15.1303,-58,8887,59231
14-Oct-2025,25177.85,Put,23000,0.9,64.64,15.1303,-5370,52455,59227
14-Oct-2025,25177.85,Put,22850,0.7,67.58,15.1303,-6219,72814,57828
28-Oct-2025,25177.85,Call,25600,67.85,9,15.1303,19186,34790,55868
20-Oct-2025,25177.85,Put,25150,118.15,11.22,15.1303,2528,8642,55784
14-Oct-2025,25177.85,Put,23650,1.4,48.69,15.1303,2161,5629,53103
14-Oct-2025,25177.85,Put,23950,1.6,40.96,15.1303,1421,7792,50892
28-Oct-2025,25177.85,Call,25300,178.8,9.16,15.1303,5735,25812,47945
14-Oct-2025,25177.85,Call,27150,0.5,51.31,15.1303,5351,22436,47921
20-Oct-2025,25177.85,Put,24800,36,12.52,15.1303,5547,17591,47455
20-Oct-2025,25177.85,Put,24900,50.4,12.06,15.1303,3536,12710,47426
14-Oct-2025,25177.85,Call,26600,0.75,39.8,15.1303,1802,20086,47363
14-Oct-2025,25177.85,Put,25450,275.65,16.98,15.1303,-4846,4830,47245
20-Oct-2025,25177.85,Call,26000,4.8,11.52,15.1303,8358,28577,47206
14-Oct-2025,25177.85,Put,23550,1.3,51.13,15.1303,965,2664,47035
20-Oct-2025,25177.85,Call,25250,132.05,10.23,15.1303,6640,9671,46712
20-Oct-2025,25177.85,Put,25250,161.5,10.93,15.1303,5659,10615,45158
14-Oct-2025,25177.85,Call,26450,0.8,36.36,15.1303,2384,8639,45067
20-Oct-2025,25177.85,Call,25800,10.3,10.58,15.1303,6537,19331,43532
28-Oct-2025,25177.85,Call,25800,33.15,9.19,15.1303,-5481,28048,43055
28-Oct-2025,25177.85,Put,25300,225.2,10.78,15.1303,1228,18402,42857
20-Oct-2025,25177.85,Put,24500,14.8,14.39,15.1303,1998,18461,41180
20-Oct-2025,25177.85,Call,25700,16.85,10.37,15.1303,2937,12678,41178
28-Oct-2025,25177.85,Call,26000,18,9.78,15.1303,2725,75763,39447
14-Oct-2025,25177.85,Put,23400,1.15,54.93,15.1303,-507,6064,38755
14-Oct-2025,25177.85,Put,23200,1.05,60.03,15.1303,-1863,18787,38534
20-Oct-2025,25177.85,Call,25550,35.65,10.13,15.1303,1443,6513,37631
28-Oct-2025,25177.85,-,0,25254,0,15.1303,-2317,228204,37344
14-Oct-2025,25177.85,Put,23450,1.2,53.76,15.1303,873,1975,36982
28-Oct-2025,25177.85,Put,25100,143,11.08,15.1303,-3115,22235,36761
14-Oct-2025,25177.85,Put,22900,0.75,66.21,15.1303,637,51518,36190
20-Oct-2025,25177.85,Call,25650,21.4,10.23,15.1303,6798,9960,35330
28-Oct-2025,25177.85,Call,25400,133.2,9.08,15.1303,3900,22536,34440
14-Oct-2025,25177.85,Put,23300,1.1,57.5,15.1303,-1044,7205,34337
14-Oct-2025,25177.85,Put,23350,1.1,56.08,15.1303,650,2011,34116
20-Oct-2025,25177.85,Call,26500,1.35,14.72,15.1303,3293,21591,32639
28-Oct-2025,25177.85,Put,24500,36.8,13.08,15.1303,1497,41820,30014
14-Oct-2025,25177.85,Put,23100,1,62.54,15.1303,-2093,15720,29696
20-Oct-2025,25177.85,Put,24700,26.8,13.12,15.1303,-750,12918,29436
14-Oct-2025,25177.85,Call,24900,293.85,14.9,15.1303,3088,8315,29360
20-Oct-2025,25177.85,Put,24750,31.15,12.85,15.1303,2401,7380,28747
20-Oct-2025,25177.85,Call,25750,13.25,10.49,15.1303,1738,8499,28635
20-Oct-2025,25177.85,Put,24600,19.6,13.72,15.1303,2305,10590,28081
20-Oct-2025,25177.85,Call,25900,6.7,10.96,15.1303,4307,12854,28066
20-Oct-2025,25177.85,Put,24950,60.25,11.89,15.1303,-3215,5533,27029
20-Oct-2025,25177.85,Call,25350,88.8,10.13,15.1303,3533,7073,26612
14-Oct-2025,25177.85,Call,27100,0.5,49.72,15.1303,-240,7897,26361
28-Oct-2025,25177.85,Put,24900,89.65,11.6,15.1303,3315,24596,25817
14-Oct-2025,25177.85,Call,26700,0.7,41.61,15.1303,2120,5175,25316
20-Oct-2025,25177.85,Put,24000,6.6,18.78,15.1303,6974,17743,25259
20-Oct-2025,25177.85,Call,25100,219.8,10.47,15.1303,3418,8075,24913
20-Oct-2025,25177.85,Call,25450,57.1,10.12,15.1303,2635,6448,24389
28-Oct-2025,25177.85,Put,24800,71.45,11.96,15.1303,-909,41344,24078
14-Oct-2025,25177.85,Put,23250,1.05,58.92,15.1303,497,2249,23088
28-Oct-2025,25177.85,Call,25000,365.1,9.46,15.1303,1445,44151,22267
14-Oct-2025,25177.85,Call,26650,0.7,40.72,15.1303,607,3040,21119
20-Oct-2025,25177.85,Call,25150,187.7,10.44,15.1303,3230,4783,21069
14-Oct-2025,25177.85,Put,23050,0.95,62.88,15.1303,73,1627,20033
28-Oct-2025,25177.85,Put,25400,280,10.77,15.1303,2289,14195,19836
28-Oct-2025,25177.85,Put,25500,342.95,10.84,15.1303,-1102,28406,19470
20-Oct-2025,25177.85,Put,24300,9.55,15.93,15.1303,3722,11086,19266
14-Oct-2025,25177.85,Put,23150,1.05,61.13,15.1303,255,2970,19249
28-Oct-2025,25177.85,Put,24600,45.8,12.7,15.1303,907,26918,19006
14-Oct-2025,25177.85,Call,26550,0.7,38.29,15.1303,1309,7961,18758
28-Oct-2025,25177.85,Put,24000,16.4,15.72,15.1303,702,46076,18431
20-Oct-2025,25177.85,Put,25050,84.4,11.51,15.1303,-227,5520,18419
20-Oct-2025,25177.85,Put,25400,252.4,10.97,15.1303,-2080,7571,17945
20-Oct-2025,25177.85,Call,25000,289.4,10.64,15.1303,4885,9706,17461
20-Oct-2025,25177.85,Put,24850,42.85,12.31,15.1303,668,4370,17030
28-Oct-2025,25177.85,Call,25100,295,9.29,15.1303,3230,19582,16601
14-Oct-2025,25177.85,Call,24950,247,14.28,15.1303,801,2617,16596
28-Oct-2025,25177.85,Call,25900,23.6,9.4,15.1303,150,12773,16043
14-Oct-2025,25177.85,Put,22950,0.8,65.25,15.1303,1012,3535,15962
28-Oct-2025,25177.85,Put,24700,56.85,12.28,15.1303,-154,29381,15870
14-Oct-2025,25177.85,Call,26800,0.6,43.99,15.1303,1431,4415,15604
20-Oct-2025,25177.85,Put,24400,11.75,15.15,15.1303,1222,7794,14150
14-Oct-2025,25177.85,Call,26750,0.65,42.8,15.1303,641,1883,13728
14-Oct-2025,25177.85,Call,27050,0.5,48.58,15.1303,271,2729,13353
20-Oct-2025,25177.85,Call,27000,1.1,18.94,15.1303,2357,3482,13109
25-Nov-2025,25177.85,Call,26000,121.45,9,15.1303,388,21718,12840
20-Oct-2025,25177.85,Call,25950,5.6,11.23,15.1303,1002,3481,12170
14-Oct-2025,25177.85,Call,26900,0.6,46.35,15.1303,697,1840,11832
28-Oct-2025,25177.85,Put,24300,24.55,13.94,15.1303,1313,15076,11050
20-Oct-2025,25177.85,Call,25850,8.25,10.8,15.1303,1258,4153,11027
20-Oct-2025,25177.85,Put,24200,8.1,16.82,15.1303,2165,5567,10511
28-Oct-2025,25177.85,Call,26200,9.45,10.3,15.1303,844,11810,10295
14-Oct-2025,25177.85,Put,25600,421.4,21.8,15.1303,-1812,1871,10128
20-Oct-2025,25177.85,Call,26300,1.95,13.23,15.1303,3662,8042,9713
20-Oct-2025,25177.85,Call,26200,2.55,12.68,15.1303,1388,6714,9654
14-Oct-2025,25177.85,Call,24800,386.05,0,15.1303,-100,4015,9378
20-Oct-2025,25177.85,Put,25350,218.5,10.96,15.1303,-838,1573,9352
20-Oct-2025,25177.85,Put,25500,324.6,11.25,15.1303,95,6311,9218
20-Oct-2025,25177.85,Call,26100,3.25,12.02,15.1303,1341,6849,9082
28-Oct-2025,25177.85,Put,25150,160.75,10.98,15.1303,-19,4318,9041
28-Oct-2025,25177.85,Call,26500,5.3,11.63,15.1303,540,33183,8957
14-Oct-2025,25177.85,Put,25550,371.8,19.29,15.1303,-321,1367,8536
20-Oct-2025,25177.85,Put,23500,3.9,23.5,15.1303,1667,6704,8491
20-Oct-2025,25177.85,Put,24100,7.25,17.76,15.1303,1832,3729,8378
20-Oct-2025,25177.85,Put,24550,16.8,14.01,15.1303,935,4016,8375
20-Oct-2025,25177.85,Put,24450,13,14.72,15.1303,-1136,3750,8171
28-Oct-2025,25177.85,Call,26300,7.6,10.7,15.1303,1889,10853,7980
25-Nov-2025,25177.85,Put,25000,215.6,12,15.1303,462,20962,7690
20-Oct-2025,25177.85,Put,24650,22.65,13.46,15.1303,697,2952,7554
28-Oct-2025,25177.85,Put,25250,201.6,10.83,15.1303,-881,3830,7434
20-Oct-2025,25177.85,Put,23800,5.2,20.7,15.1303,1436,4013,7357
28-Oct-2025,25177.85,Call,26100,12.85,9.98,15.1303,241,8709,7339
28-Oct-2025,25177.85,Put,24400,29.9,13.51,15.1303,1484,12184,7232
14-Oct-2025,25177.85,Call,26850,0.65,45.17,15.1303,125,934,7058
25-Nov-2025,25177.85,Call,26500,41,9.18,15.1303,519,12003,6985
28-Oct-2025,25177.85,Call,25450,114,9.04,15.1303,420,3986,6950
25-Nov-2025,25177.85,Put,24500,106.85,12.71,15.1303,696,18089,6883
28-Oct-2025,25177.85,Call,25250,205.55,9.18,15.1303,-213,3870,6740
25-Nov-2025,25177.85,Put,24000,59,13.96,15.1303,423,17843,6513
28-Oct-2025,25177.85,Put,23500,9,18.68,15.1303,537,25745,6495
25-Nov-2025,25177.85,Put,23500,34.15,15.33,15.1303,-1712,8320,6473
28-Oct-2025,25177.85,Put,24200,21.3,14.51,15.1303,-90,10305,6430
28-Oct-2025,25177.85,Put,23000,6,21.86,15.1303,1202,32828,6115
30-Dec-2025,25177.85,Call,26000,295.65,8.94,15.1303,888,55417.6666667,5886
14-Oct-2025,25177.85,Call,26950,0.55,47.14,15.1303,459,1294,5835
28-Oct-2025,25177.85,Call,24500,786.9,7.96,15.1303,-103,15790,5725
28-Oct-2025,25177.85,Call,25550,81.6,9.06,15.1303,526,3779,5593
28-Oct-2025,25177.85,Call,25750,40.1,9.14,15.1303,-248,4366,5403
20-Oct-2025,25177.85,Put,24350,10.75,15.53,15.1303,1253,2042,5362
28-Oct-2025,25177.85,Call,25650,56.65,9.05,15.1303,297,3651,5276
28-Oct-2025,25177.85,Call,25350,154.3,9.1,15.1303,544,3338,5229
20-Oct-2025,25177.85,Put,23700,4.7,21.55,15.1303,260,5307,4969
28-Oct-2025,25177.85,Put,25050,127.5,11.19,15.1303,-578,3060,4954
30-Dec-2025,25177.85,Put,25000,291.5,12.67,15.1303,-108.666666667,40407,4890
28-Oct-2025,25177.85,Put,23800,12.35,16.79,15.1303,357,7428,4743
30-Dec-2025,25177.85,Put,24000,111.8,13.92,15.1303,168,48483.6666667,4737
30-Dec-2025,25177.85,Call,27000,69.5,9.21,15.1303,663,33975.3333333,4710
20-Oct-2025,25177.85,Put,23000,2.95,28.51,15.1303,1863,4969,4673
30-Dec-2025,25177.85,Call,26500,141.8,8.84,15.1303,1798,8699,4631
25-Nov-2025,25177.85,Call,25500,302,9,15.1303,441,15711,4470
28-Oct-2025,25177.85,Put,24950,101.5,11.48,15.1303,-69,2579,4282
28-Oct-2025,25177.85,Call,25150,263.5,9.31,15.1303,538,3103,4182
20-Oct-2025,25177.85,Put,23900,5.8,19.75,15.1303,787,2632,4089
28-Oct-2025,25177.85,Call,26400,6.05,11.09,15.1303,739,7183,4031
28-Oct-2025,25177.85,Call,25850,28.2,9.31,15.1303,181,2586,3938
25-Nov-2025,25177.85,-,0,25388.6,0,15.1303,1084,17689,3894
25-Nov-2025,25177.85,Call,26200,78.4,8.98,15.1303,548,6934,3840
20-Oct-2025,25177.85,Call,26400,1.65,14.01,15.1303,1217,3795,3740
20-Oct-2025,25177.85,Call,26050,3.85,11.71,15.1303,238,3926,3682
28-Oct-2025,25177.85,Put,24750,64,12.12,15.1303,-102,4074,3593
28-Oct-2025,25177.85,Call,27000,2.5,13.81,15.1303,-3,20248,3569
20-Oct-2025,25177.85,Call,26150,2.85,12.29,15.1303,151,1952,3432
25-Nov-2025,25177.85,Put,23000,22.1,16.99,15.1303,1148,8674,3413
28-Oct-2025,25177.85,Put,24850,80.35,11.79,15.1303,59,2555,3334
28-Oct-2025,25177.85,Put,25600,413.65,11.12,15.1303,125,3358,3331
28-Oct-2025,25177.85,Call,25950,20.6,9.56,15.1303,311,3397,3307
30-Dec-2025,25177.85,Put,24500,174.15,12.98,15.1303,1247,9114,3111
14-Oct-2025,25177.85,Call,24850,339.6,0,15.1303,21,1246,3048
28-Oct-2025,25177.85,Put,23900,14.2,16.28,15.1303,-4,4292,3010
20-Oct-2025,25177.85,Put,22850,2.65,29.83,15.1303,1461,3174,2950
14-Oct-2025,25177.85,Call,24700,486.85,0,15.1303,-349,2307,2920
20-Oct-2025,25177.85,Put,25450,288.1,11.12,15.1303,77,768,2896
28-Oct-2025,25177.85,Put,24100,18.3,15.09,15.1303,-144,3831,2891
14-Oct-2025,25177.85,Call,24500,682.5,0,15.1303,181,3185,2747
25-Nov-2025,25177.85,Call,27000,16.4,10,15.1303,-298,5707,2622
25-Nov-2025,25177.85,Put,25500,411.65,11.67,15.1303,-42,9304,2616
28-Oct-2025,25177.85,Put,23200,7.2,20.67,15.1303,-792,4399,2596
20-Oct-2025,25177.85,Call,26250,2.1,12.87,15.1303,116,2036,2570
25-Nov-2025,25177.85,Put,25200,278.75,11.74,15.1303,357,5202,2455
20-Oct-2025,25177.85,Call,24800,451.85,10.55,15.1303,821,2020,2424
25-Nov-2025,25177.85,Call,25000,601.5,8.9,15.1303,-218,10222,2391
30-Dec-2025,25177.85,Put,26000,725.75,12.6,15.1303,127,45651.3333333,2369
20-Oct-2025,25177.85,Call,25050,254.25,10.66,15.1303,353,990,2316
25-Nov-2025,25177.85,Call,26100,97,8.97,15.1303,-270,2741,2307
20-Oct-2025,25177.85,Put,25600,406.1,11.68,15.1303,216,2192,2271
28-Oct-2025,25177.85,Put,25350,252.9,10.83,15.1303,-214,1168,2260
28-Oct-2025,25177.85,Put,24550,40.85,12.84,15.1303,135,1704,2249
25-Nov-2025,25177.85,Call,25300,406.85,8.97,15.1303,-211,3976,2248
20-Oct-2025,25177.85,Call,24500,734.9,11.02,15.1303,941,1830,2216
30-Dec-2025,25177.85,Put,23000,49.7,15.97,15.1303,180,33866.6666667,2132
25-Nov-2025,25177.85,Put,25300,318.95,11.72,15.1303,-65,3007,2110
28-Oct-2025,25177.85,Call,24800,525,9.3,15.1303,60,19764,2104
20-Oct-2025,25177.85,Put,24250,8.75,16.37,15.1303,457,1243,2032
25-Nov-2025,25177.85,Call,26300,62.2,8.98,15.1303,-232,3506,1932
28-Oct-2025,25177.85,Put,25450,307.5,10.76,15.1303,295,1182,1919
20-Oct-2025,25177.85,Call,24900,369.8,10.53,15.1303,828,2154,1900
30-Dec-2025,25177.85,Put,23500,70.7,14.73,15.1303,436,4240,1898
28-Oct-2025,25177.85,Put,24350,27.35,13.71,15.1303,66,1841,1894
28-Oct-2025,25177.85,Put,24650,50.85,12.46,15.1303,29,2056,1879
28-Oct-2025,25177.85,Call,24900,443.05,9.53,15.1303,135,12122,1866
28-Oct-2025,25177.85,Put,22600,5.1,24.7,15.1303,271,25530,1835
28-Oct-2025,25177.85,Put,23700,11.3,17.47,15.1303,-185,2990,1755
25-Nov-2025,25177.85,Call,26800,22.4,9.48,15.1303,619,2738,1704
30-Dec-2025,25177.85,Put,22000,32.1,19.16,15.1303,301,23104.3333333,1687
25-Nov-2025,25177.85,Put,24800,160.4,12.14,15.1303,27,6472,1681
25-Nov-2025,25177.85,Put,24600,121.3,12.49,15.1303,-269,4440,1679
20-Oct-2025,25177.85,Put,24150,7.65,17.25,15.1303,460,801,1671
28-Oct-2025,25177.85,Call,24700,610.95,9.45,15.1303,107,16517,1574
28-Oct-2025,25177.85,Put,26000,761.55,13.24,15.1303,-182,16824,1573
20-Oct-2025,25177.85,Put,25700,493.7,12.63,15.1303,-329,1200,1504
14-Oct-2025,25177.85,Put,25700,520,24.86,15.1303,-30,1984,1503
28-Oct-2025,25177.85,Call,26050,15.25,9.87,15.1303,311,2318,1502
25-Nov-2025,25177.85,Call,25800,180.35,9.01,15.1303,193,4392,1501
28-Oct-2025,25177.85,Put,24050,17.15,15.36,15.1303,-458,1090,1486
25-Nov-2025,25177.85,Call,25200,465.8,9,15.1303,348,3894,1482
04-Nov-2025,25177.85,Call,26000,40,9.53,15.1303,400,1044,1476
30-Dec-2025,25177.85,Call,25000,840.35,8.41,15.1303,393,26188,1470
28-Oct-2025,25177.85,Call,26800,3.3,13.04,15.1303,-251,5761,1426
30-Dec-2025,25177.85,Put,21000,24.8,22.78,15.1303,149.333333333,18644.6666667,1397
20-Oct-2025,25177.85,Put,23200,3.25,26.42,15.1303,405,902,1390
30-Dec-2025,25177.85,Put,25500,467.35,12.38,15.1303,200,3582,1366
30-Dec-2025,25177.85,Call,25500,526,8.79,15.1303,71,3570,1341
14-Oct-2025,25177.85,Put,25650,470.75,23.75,15.1303,43,528,1323
25-Nov-2025,25177.85,Put,24200,71.85,13.29,15.1303,110,5279,1286
30-Dec-2025,25177.85,Call,28000,21.15,10.55,15.1303,-149,20664.3333333,1259
25-Nov-2025,25177.85,Call,25400,350.9,9.06,15.1303,451,2439,1246
25-Nov-2025,25177.85,Call,25700,214.55,9.01,15.1303,-9,2439,1235
20-Oct-2025,25177.85,Call,27150,1,20.2,15.1303,396,865,1231
28-Oct-2025,25177.85,Put,23400,8.45,19.39,15.1303,-255,4265,1226
31-Mar-2026,25177.85,Put,24000,212,14.46,15.1303,95,13203,1207
25-Nov-2025,25177.85,Call,26700,27.3,9.37,15.1303,341,1251,1184
14-Oct-2025,25177.85,Call,24600,584.7,0,15.1303,-442,1285,1153
28-Oct-2025,25177.85,Put,23600,10.05,18.08,15.1303,-27,2381,1135
28-Oct-2025,25177.85,Call,26600,4.1,11.97,15.1303,-146,1660,1131
25-Nov-2025,25177.85,Put,24700,140.1,12.36,15.1303,-23,3935,1127
25-Nov-2025,25177.85,Put,23700,42.5,14.79,15.1303,94,1873,1109
20-Oct-2025,25177.85,Put,23600,4.3,22.47,15.1303,194,840,1105
04-Nov-2025,25177.85,Call,25900,52.1,9.35,15.1303,287,940,1098
28-Oct-2025,25177.85,Put,22800,5.05,23,15.1303,10,4363,1088
25-Nov-2025,25177.85,Put,24900,186.4,12.04,15.1303,-70,2012,1088
20-Oct-2025,25177.85,Call,24700,543.15,10.26,15.1303,735,1530,1082
28-Oct-2025,25177.85,Put,24250,22.95,14.27,15.1303,125,1367,1038
25-Nov-2025,25177.85,Put,25100,246.3,11.93,15.1303,-72,1663,1034
30-Dec-2025,25177.85,Put,20000,16.75,25.82,15.1303,109,11754.6666667,1002
30-Dec-2025,25177.85,-,0,25551,0,15.1303,322,4130,1001
25-Nov-2025,25177.85,Put,24300,82.05,13.05,15.1303,326,5656,994
04-Nov-2025,25177.85,Put,24500,57.75,12.93,15.1303,165,702,950
20-Oct-2025,25177.85,Call,26350,1.75,13.6,15.1303,215,973,939
28-Oct-2025,25177.85,Call,26250,8.55,10.47,15.1303,9,1338,913
20-Oct-2025,25177.85,Put,24050,7,18.3,15.1303,333,498,901
25-Nov-2025,25177.85,Put,25400,363.2,11.7,15.1303,180,2008,901
04-Nov-2025,25177.85,Put,24000,25.15,14.64,15.1303,181,868,899
25-Nov-2025,25177.85,Put,23800,46.6,14.45,15.1303,200,4517,898
28-Oct-2025,25177.85,Call,24000,1271.6,0,15.1303,-239,7727,891
28-Oct-2025,25177.85,Call,25050,330.5,9.33,15.1303,168,1453,889
25-Nov-2025,25177.85,Put,24400,92.45,12.83,15.1303,57,5432,883
14-Oct-2025,25177.85,Call,24750,436.7,0,15.1303,26,735,881
31-Mar-2026,25177.85,Put,25000,408.2,13.82,15.1303,85,10707,865
28-Oct-2025,25177.85,Put,24450,33.35,13.32,15.1303,-93,1390,857
28-Oct-2025,25177.85,Put,25700,488.8,11.24,15.1303,0,2840,823
20-Oct-2025,25177.85,Put,23400,3.85,24.46,15.1303,182,774,796
28-Oct-2025,25177.85,Put,26200,952,14.99,15.1303,69,1254,787
04-Nov-2025,25177.85,Put,25200,211.2,11.27,15.1303,80,426,746
25-Nov-2025,25177.85,Put,24100,63.95,13.63,15.1303,-210,2967,738
28-Oct-2025,25177.85,Put,25800,578,11.77,15.1303,109,2500,736
20-Oct-2025,25177.85,Call,26600,1.3,15.64,15.1303,229,525,729
20-Oct-2025,25177.85,Call,24950,326.75,10.72,15.1303,93,599,728
04-Nov-2025,25177.85,Call,25300,246,9.19,15.1303,165,473,727
31-Mar-2026,25177.85,Call,27000,331.05,8.4,15.1303,231,15425,717
04-Nov-2025,25177.85,Put,25000,146.45,11.63,15.1303,21,1211,714
25-Nov-2025,25177.85,Call,25900,148.4,8.9,15.1303,97,1682,700
25-Nov-2025,25177.85,Put,26000,725.8,12.1,15.1303,27,4318,692
25-Nov-2025,25177.85,Call,25600,254,8.96,15.1303,72,1840,675
04-Nov-2025,25177.85,Call,25700,89.8,9.17,15.1303,187,526,663
04-Nov-2025,25177.85,Put,24600,70.65,12.63,15.1303,266,544,662
25-Nov-2025,25177.85,Put,23900,52.15,14.22,15.1303,-218,3526,649
31-Mar-2026,25177.85,Call,26000,739,7.96,15.1303,12,9455,632
04-Nov-2025,25177.85,Call,25200,303,9.28,15.1303,205,461,616
20-Oct-2025,25177.85,Call,27100,1,19.85,15.1303,259,637,615
20-Oct-2025,25177.85,Put,22900,2.85,29.5,15.1303,227,429,608
30-Dec-2025,25177.85,Put,23900,98.8,13.94,15.1303,310,2543,592
30-Dec-2025,25177.85,Put,23800,89.3,14.11,15.1303,26,3760,591
28-Oct-2025,25177.85,Put,23300,7.55,20.08,15.1303,16,2762,588
14-Oct-2025,25177.85,Put,26000,815,39.03,15.1303,-85,2093,586
20-Oct-2025,25177.85,Call,26700,1.3,16.54,15.1303,148,594,584
30-Dec-2025,25177.85,Put,19000,12.95,29.35,15.1303,239,5162.33333333,584
20-Oct-2025,25177.85,Put,23950,6.2,19.19,15.1303,169,370,583
28-Oct-2025,25177.85,Call,24950,404.3,9.31,15.1303,-137,996,575
25-Nov-2025,25177.85,Call,26600,33.4,9.28,15.1303,145,1296,569
20-Oct-2025,25177.85,Put,23300,3.5,25.48,15.1303,176,354,550
04-Nov-2025,25177.85,Put,25300,255.9,11.15,15.1303,11,397,542
30-Dec-2025,25177.85,Put,24200,130.15,13.43,15.1303,219,1967,541
04-Nov-2025,25177.85,Call,26200,23.85,9.84,15.1303,136,377,539
20-Oct-2025,25177.85,Call,24600,636,8.91,15.1303,409,731,526
25-Nov-2025,25177.85,Call,25100,531,8.92,15.1303,22,988,523
28-Oct-2025,25177.85,Put,24150,19.95,14.74,15.1303,111,1044,509
14-Oct-2025,25177.85,Call,24000,1183.95,0,15.1303,-318,1178,506
31-Mar-2026,25177.85,Put,23000,111.75,15.46,15.1303,206,7549,506
20-Oct-2025,25177.85,Call,27050,1.05,19.4,15.1303,357,417,503
20-Oct-2025,25177.85,Put,25550,362,11.8,15.1303,-84,539,501
30-Dec-2025,25177.85,Call,29000,8,11.99,15.1303,-150,11971,497
31-Mar-2026,25177.85,Call,28000,129,8.78,15.1303,63,6438,496
04-Nov-2025,25177.85,Call,25500,157.4,9.15,15.1303,128,577,488
28-Oct-2025,25177.85,Put,25550,376.75,11.07,15.1303,-59,421,478
30-Dec-2025,25177.85,Put,23700,81.95,14.28,15.1303,146,1145,470
14-Oct-2025,25177.85,Put,25800,619,30.57,15.1303,-168,511,462
30-Dec-2025,25177.85,Put,24100,119.4,13.62,15.1303,256,1210,455
28-Oct-2025,25177.85,Call,26150,11.2,10.1,15.1303,-41,778,452
04-Nov-2025,25177.85,Put,24300,39,13.42,15.1303,313,406,449
04-Nov-2025,25177.85,Call,25600,118.95,9.08,15.1303,61,313,434
31-Mar-2026,25177.85,Put,26000,759.9,13.76,15.1303,58,8179,426
20-Oct-2025,25177.85,Put,23750,5.2,21.21,15.1303,81,379,418
25-Nov-2025,25177.85,Put,23200,26.4,16.23,15.1303,57,857,416
04-Nov-2025,25177.85,Put,25100,176.35,11.37,15.1303,64,258,403
20-Oct-2025,25177.85,Put,23850,5.3,20.15,15.1303,21,226,401
20-Oct-2025,25177.85,Call,26550,1.25,15.09,15.1303,33,355,377
14-Oct-2025,25177.85,Call,24300,883,0,15.1303,-209,196,371
28-Oct-2025,25177.85,Call,26350,7.05,10.95,15.1303,-53,614,371
28-Oct-2025,25177.85,Call,26700,3.7,12.37,15.1303,19,734,365
30-Dec-2025,25177.85,Call,26200,221.5,8.85,15.1303,106,1292,353
30-Dec-2025,25177.85,Put,23400,64,14.9,15.1303,328,1557,351
31-Mar-2026,25177.85,Put,22000,67.8,17.07,15.1303,37,5606,345
25-Nov-2025,25177.85,Put,22700,18.5,18.31,15.1303,-1,2218,344
28-Oct-2025,25177.85,Put,23550,8.65,18.01,15.1303,-20,389,317
04-Nov-2025,25177.85,Put,24400,46.3,13.2,15.1303,23,219,317
28-Oct-2025,25177.85,Call,23500,1759,0,15.1303,18,5731,308
30-Dec-2025,25177.85,Put,24800,235.85,12.76,15.1303,40,827,298
30-Dec-2025,25177.85,Call,26100,257.95,8.96,15.1303,1,991,294
25-Nov-2025,25177.85,Call,24500,982,7.01,15.1303,2,1455,285
25-Nov-2025,25177.85,Call,24800,744.4,8.81,15.1303,-25,1085,283
28-Oct-2025,25177.85,Call,26450,5.1,11.41,15.1303,64,322,278
28-Oct-2025,25177.85,Put,23850,13.2,16.43,15.1303,-5,572,273
04-Nov-2025,25177.85,Put,24900,123.3,11.84,15.1303,117,293,271
28-Oct-2025,25177.85,Call,24600,699,8.74,15.1303,5,6097,269
04-Nov-2025,25177.85,Put,25150,198.35,11.42,15.1303,94,221,265
11-Nov-2025,25177.85,Put,24800,122.05,11.96,15.1303,-23,103,259
20-Oct-2025,25177.85,Put,26000,781.05,17.38,15.1303,162,856,258
30-Dec-2025,25177.85,Put,24300,142.25,13.21,15.1303,92,1082,258
20-Oct-2025,25177.85,Call,26450,1.6,14.35,15.1303,98,449,257
25-Nov-2025,25177.85,Put,25600,464.05,11.7,15.1303,2,466,256
14-Oct-2025,25177.85,Put,25750,570.1,34.01,15.1303,12,251,248
28-Oct-2025,25177.85,Put,23950,14.95,15.96,15.1303,2,969,246
04-Nov-2025,25177.85,Call,25000,433.25,9.27,15.1303,5,334,246
31-Mar-2026,25177.85,Call,25000,1353.15,5.43,15.1303,59,4448,246
30-Dec-2025,25177.85,Put,24700,213,12.89,15.1303,-44,359,237
20-Oct-2025,25177.85,Put,25650,452,13.06,15.1303,-13,107,236
04-Nov-2025,25177.85,Call,24800,585.55,9.31,15.1303,33,60,236
30-Dec-2025,25177.85,Put,23300,58.35,15.07,15.1303,224,481,234
28-Oct-2025,25177.85,Put,23100,6.5,21.14,15.1303,-43,1222,229
20-Oct-2025,25177.85,Call,24850,409.1,10.95,15.1303,108,321,228
14-Oct-2025,25177.85,Call,24650,534.65,0,15.1303,-15,465,227
04-Nov-2025,25177.85,Put,24800,99.7,11.98,15.1303,39,603,227
20-Oct-2025,25177.85,Put,23150,3.05,26.74,15.1303,17,188,226
20-Oct-2025,25177.85,Put,23650,4.4,21.93,15.1303,63,275,220
11-Nov-2025,25177.85,Put,25000,170.3,11.83,15.1303,54,258,220
20-Oct-2025,25177.85,Put,22950,2.95,28.98,15.1303,22,220,219
28-Oct-2025,25177.85,Call,23000,2250,0,15.1303,-172,14057,219
04-Nov-2025,25177.85,Call,25100,366.8,9.43,15.1303,100,178,217
30-Dec-2025,25177.85,Call,24000,1647,0,15.1303,17,13091.3333333,217
30-Dec-2025,25177.85,Put,25200,352,12.54,15.1303,18,1239,214
20-Oct-2025,25177.85,Call,26900,1.3,18.2,15.1303,113,148,209
20-Oct-2025,25177.85,Call,26800,1.35,17.34,15.1303,87,355,208
28-Oct-2025,25177.85,Put,23750,11.25,16.94,15.1303,59,570,204
28-Oct-2025,25177.85,Call,24750,568.5,9.74,15.1303,2,4825,203
20-Oct-2025,25177.85,Put,23050,2.95,27.8,15.1303,36,248,202
20-Oct-2025,25177.85,Put,23550,4.1,23.16,15.1303,47,120,202
04-Nov-2025,25177.85,Put,24700,82.25,12.38,15.1303,-3,300,201
11-Nov-2025,25177.85,Call,26000,61.15,9.09,15.1303,72,118,201
28-Oct-2025,25177.85,Call,26900,3,13.49,15.1303,-17,662,198
20-Oct-2025,25177.85,Put,25800,590,12.68,15.1303,-12,133,196
04-Nov-2025,25177.85,Call,25450,174.55,9.2,15.1303,6,427,195
30-Dec-2025,25177.85,Put,24400,157.2,13.15,15.1303,95,1770,194
30-Dec-2025,25177.85,Put,27000,1489,14.49,15.1303,-31,11066.3333333,192
30-Dec-2025,25177.85,Put,24900,262.6,12.68,15.1303,6,387,191
14-Oct-2025,25177.85,Call,24400,782,0,15.1303,-69,348,190
30-Dec-2025,25177.85,Put,23600,77.95,14.56,15.1303,139,267,189
25-Nov-2025,25177.85,Put,25250,299.9,11.82,15.1303,11,299,184
28-Oct-2025,25177.85,Call,26550,4.25,11.62,15.1303,26,243,182
30-Jun-2026,25177.85,Put,25000,478.55,14.68,15.1303,65,1866,175
30-Dec-2025,25177.85,Call,25600,474.65,8.8,15.1303,33,380,169
28-Oct-2025,25177.85,Put,22900,5.7,22.46,15.1303,-22,539,168
04-Nov-2025,25177.85,Call,25400,197.2,9.19,15.1303,18,138,158
25-Nov-2025,25177.85,Put,25800,588,11.85,15.1303,17,774,158
11-Nov-2025,25177.85,Call,25500,198.45,8.89,15.1303,26,199,157
30-Dec-2025,25177.85,Call,25300,645,8.79,15.1303,62,719,151
30-Dec-2025,25177.85,Call,25800,377.05,8.88,15.1303,22,695,150
28-Oct-2025,25177.85,Put,25900,668.5,12.34,15.1303,-69,420,149
04-Nov-2025,25177.85,Call,25800,68.45,9.14,15.1303,46,46,149
31-Mar-2026,25177.85,Call,30000,33.2,10.85,15.1303,-12,1844,148
30-Dec-2025,25177.85,Put,26500,1074.05,13.12,15.1303,57,911,146
30-Dec-2025,25177.85,Put,25300,386.9,12.41,15.1303,7,981,145
30-Dec-2025,25177.85,Put,25100,319.75,12.53,15.1303,18,402,145
25-Nov-2025,25177.85,Call,27150,12.3,10.16,15.1303,5,624,143
11-Nov-2025,25177.85,Call,25900,78.3,8.89,15.1303,9,149,141
28-Oct-2025,25177.85,Put,26500,1247.85,17.38,15.1303,-3,7449,140
20-Oct-2025,25177.85,Call,26650,1.45,16.27,15.1303,-6,320,139
28-Oct-2025,25177.85,Call,27150,2.35,14.86,15.1303,-17,1378,139
11-Nov-2025,25177.85,Put,25200,239,10.95,15.1303,26,159,137
30-Dec-2025,25177.85,Call,25100,784.15,8.86,15.1303,-10,221,137
11-Nov-2025,25177.85,Call,25200,350.05,9.18,15.1303,48,109,135
04-Nov-2025,25177.85,Put,25050,161.9,11.53,15.1303,32,93,134
20-Oct-2025,25177.85,Call,24000,1220.1,0,15.1303,107,281,133
04-Nov-2025,25177.85,Call,26500,11.95,10.52,15.1303,-8,245,133
30-Dec-2025,25177.85,Put,25600,510.25,12.28,15.1303,-3,202,133
30-Dec-2025,25177.85,Call,25400,582.8,8.74,15.1303,59,539,133
30-Dec-2025,25177.85,Put,25700,558.15,12.47,15.1303,-19,146,131
11-Nov-2025,25177.85,Put,24600,89,12.48,15.1303,2,88,130
25-Nov-2025,25177.85,Put,25150,261,11.61,15.1303,52,261,130
28-Oct-2025,25177.85,Put,27000,1745.6,22.67,15.1303,-60,11534,129
30-Dec-2025,25177.85,Call,25700,423.75,8.86,15.1303,23,321,129
28-Oct-2025,25177.85,Call,27050,2.2,14.03,15.1303,74,173,127
25-Nov-2025,25177.85,Put,24350,87.45,13.07,15.1303,-10,224,126
25-Nov-2025,25177.85,Call,25850,163.5,9.01,15.1303,49,564,126
11-Nov-2025,25177.85,Put,25500,379,11.19,15.1303,-9,133,125
31-Mar-2026,25177.85,Call,29000,56.45,9.61,15.1303,1,2182,125
04-Nov-2025,25177.85,Put,23500,13.25,16.92,15.1303,33,340,123
25-Nov-2025,25177.85,Call,26150,88.4,9,15.1303,-16,178,121
29-Dec-2026,25177.85,Put,25000,691.05,17.56,15.1303,7,3280.66666667,121
11-Nov-2025,25177.85,Call,26100,47.55,9.18,15.1303,46,60,116
04-Nov-2025,25177.85,Call,26900,5.6,11.9,15.1303,20,464,115
04-Nov-2025,25177.85,Call,25350,213.35,8.96,15.1303,-1,130,110
31-Mar-2026,25177.85,Put,27000,1308,14.19,15.1303,0,3335,108
20-Oct-2025,25177.85,Call,24750,497.55,10.68,15.1303,38,266,106
31-Mar-2026,25177.85,Call,24000,2097,0,15.1303,66,2026,104
25-Nov-2025,25177.85,Put,24550,113.35,12.61,15.1303,37,334,102
25-Nov-2025,25177.85,Call,25150,500,8.95,15.1303,16,157,102
04-Nov-2025,25177.85,Put,25400,306,11.15,15.1303,22,131,101
04-Nov-2025,25177.85,Put,25500,367.25,11.2,15.1303,-9,168,99
25-Nov-2025,25177.85,Put,25350,337,11.58,15.1303,-39,195,98
28-Oct-2025,25177.85,Put,22700,5.1,23.82,15.1303,-17,982,97
30-Dec-2025,25177.85,Put,18000,9.3,32.8,15.1303,62.3333333333,2118,96
28-Oct-2025,25177.85,Call,24850,483.9,8.96,15.1303,32,821,94
30-Dec-2025,25177.85,Call,25900,335.15,8.87,15.1303,17,169,92
30-Dec-2025,25177.85,Call,23000,2556.65,0,15.1303,41,7969,92
11-Nov-2025,25177.85,Put,25100,202,11.59,15.1303,38,39,91
11-Nov-2025,25177.85,Put,24000,34.3,14.04,15.1303,20,52,91
04-Nov-2025,25177.85,Call,25850,59.5,9.27,15.1303,47,79,91
04-Nov-2025,25177.85,Call,26400,13.5,10.4,15.1303,-12,279,91
25-Nov-2025,25177.85,Call,24700,810.9,7.75,15.1303,10,754,90
25-Nov-2025,25177.85,Call,24900,677.4,9.08,15.1303,6,523,90
14-Oct-2025,25177.85,Put,25850,670.1,24.27,15.1303,13,79,89
28-Oct-2025,25177.85,Call,26650,4.3,12.39,15.1303,31,381,88
30-Jun-2026,25177.85,Put,24000,276,14.95,15.1303,17,1814,88
25-Nov-2025,25177.85,Put,23400,31,15.63,15.1303,55,732,86
25-Nov-2025,25177.85,Put,25700,529.2,11.89,15.1303,-27,734,85
30-Dec-2025,25177.85,Call,30000,6.15,14.31,15.1303,-6,8294.66666667,82
04-Nov-2025,25177.85,Put,23700,16.2,15.75,15.1303,56,86,81
20-Oct-2025,25177.85,Put,23450,3.85,23.94,15.1303,-4,72,80
04-Nov-2025,25177.85,Call,25250,272.15,9.25,15.1303,42,86,80
04-Nov-2025,25177.85,Put,25250,235,11.42,15.1303,20,94,80
30-Dec-2025,25177.85,Call,24500,1223,7,15.1303,14,542,80
28-Oct-2025,25177.85,Put,23450,8.8,18.97,15.1303,-17,563,78
25-Nov-2025,25177.85,Put,24650,132.55,12.44,15.1303,9,261,77
25-Nov-2025,25177.85,Call,25750,197,9,15.1303,11,215,77
25-Nov-2025,25177.85,Call,24000,1429,0,15.1303,12,648,77
25-Nov-2025,25177.85,Put,23950,54.2,13.97,15.1303,14,74,76
30-Dec-2025,25177.85,Put,13000,4.2,54,15.1303,42,363.666666667,76
30-Jun-2026,25177.85,Put,23000,167.9,15.78,15.1303,15,540,76
28-Oct-2025,25177.85,Put,23650,11.15,17.86,15.1303,-6,324,75
25-Nov-2025,25177.85,Put,25450,384.9,11.66,15.1303,32,94,73
30-Dec-2025,25177.85,Call,25200,705.05,8.6,15.1303,34,406,73
30-Jun-2026,25177.85,Call,26000,1147.2,6.33,15.1303,17,878.333333333,73
25-Nov-2025,25177.85,Put,25050,216.2,11.49,15.1303,7,232,72
30-Dec-2025,25177.85,Put,25800,604.55,12.42,15.1303,-9,175,72
25-Nov-2025,25177.85,Call,26050,108.55,8.99,15.1303,35,36,72
14-Oct-2025,25177.85,Put,26200,1015.85,0,15.1303,-1,53,71
20-Oct-2025,25177.85,Call,24400,825.05,16.33,15.1303,24,331,71
29-Dec-2026,25177.85,Put,28000,1750,17.64,15.1303,50,682,70
14-Oct-2025,25177.85,Put,25900,719.05,35.68,15.1303,-9,108,68
28-Oct-2025,25177.85,Call,24300,968,0,15.1303,-23,726,68
11-Nov-2025,25177.85,Call,25600,161.25,8.85,15.1303,38,43,68
25-Nov-2025,25177.85,Call,25250,436.35,8.81,15.1303,25,126,68
20-Oct-2025,25177.85,Put,23100,3.15,27.44,15.1303,18,140,67
30-Dec-2025,25177.85,Put,28000,2415.4,18.62,15.1303,2,10935,67
04-Nov-2025,25177.85,Put,25600,428.35,11.3,15.1303,0,50,65
04-Nov-2025,25177.85,Put,25700,503.4,11.5,15.1303,54,54,65
25-Nov-2025,25177.85,Call,25350,381.8,9.03,15.1303,4,137,65
11-Nov-2025,25177.85,Call,25350,267.5,8.86,15.1303,8,28,64
25-Nov-2025,25177.85,Call,25550,272.3,8.84,15.1303,-11,166,64
25-Nov-2025,25177.85,Put,24950,195.95,11.88,15.1303,32,387,64
20-Oct-2025,25177.85,Put,23350,4.15,25.41,15.1303,18,18,63
30-Dec-2025,25177.85,Call,25350,616,8.8,15.1303,34,39,63
11-Nov-2025,25177.85,Call,25400,236.25,8.63,15.1303,18,61,62
31-Mar-2026,25177.85,Put,20000,35.95,21.48,15.1303,29,964,62
30-Dec-2025,25177.85,Call,26250,208.05,8.85,15.1303,26,50,61
28-Oct-2025,25177.85,Put,25650,456.85,11.3,15.1303,2,252,60
04-Nov-2025,25177.85,Call,26800,7.3,11.76,15.1303,-7,68,60
30-Jun-2026,25177.85,Call,27000,642,7.33,15.1303,-20,1312,60
04-Nov-2025,25177.85,Call,25550,136,9.14,15.1303,36,67,59
04-Nov-2025,25177.85,Put,23000,8.8,19.35,15.1303,15,363,59
11-Nov-2025,25177.85,Put,24500,75.2,12.82,15.1303,17,20,59
30-Dec-2025,25177.85,Put,24600,190.9,12.86,15.1303,-8,607,59
11-Nov-2025,25177.85,Call,26600,16,10.19,15.1303,-1,101,57
25-Nov-2025,25177.85,Call,25450,325.65,9,15.1303,-24,116,57
04-Nov-2025,25177.85,Put,24650,79.5,12.61,15.1303,-2,31,56
11-Nov-2025,25177.85,Call,26950,7.75,11.01,15.1303,14,27,56
28-Oct-2025,25177.85,Call,27100,2.3,14.45,15.1303,7,553,55
25-Nov-2025,25177.85,Put,24050,62.5,13.81,15.1303,37,37,55
25-Nov-2025,25177.85,Put,24750,151.9,12.32,15.1303,13,288,55
25-Nov-2025,25177.85,Put,24850,168.45,11.93,15.1303,2,242,54
30-Dec-2025,25177.85,Put,17000,6,35.36,15.1303,0,932.666666667,54
28-Oct-2025,25177.85,Call,26850,3,12.92,15.1303,4,128,53
30-Dec-2025,25177.85,Call,22000,3524,0,15.1303,2,6196,53
31-Mar-2026,25177.85,Put,21000,49.3,19.29,15.1303,-16,1588,53
30-Dec-2025,25177.85,Put,25400,422.35,12.3,15.1303,-10,356,52
29-Dec-2026,25177.85,Call,25000,2665,0,15.1303,26,1013.66666667,52
30-Jun-2026,25177.85,Put,26000,790,14.61,15.1303,11,1141,51
28-Oct-2025,25177.85,Call,26950,3,13.9,15.1303,-6,161,50
04-Nov-2025,25177.85,Call,25150,332.45,9.33,15.1303,9,47,50
25-Nov-2025,25177.85,Put,26500,1132,13.54,15.1303,6,1124,49
25-Nov-2025,25177.85,Put,24450,93.35,12.44,15.1303,12,292,48
28-Oct-2025,25177.85,Put,23050,6.7,21.67,15.1303,4,408,47
30-Dec-2025,25177.85,Call,26150,241.55,8.9,15.1303,18,52,47
29-Dec-2026,25177.85,Put,26000,949,17.28,15.1303,10,1738,46
28-Oct-2025,25177.85,Call,24650,647.05,8.58,15.1303,-15,1020,45
30-Dec-2025,25177.85,Put,26350,921.05,12,15.1303,21,29,45
20-Oct-2025,25177.85,Put,25850,624.25,10.09,15.1303,2,24,44
11-Nov-2025,25177.85,Call,25000,480,8.7,15.1303,17,94,42
04-Nov-2025,25177.85,Call,26650,11.75,11.72,15.1303,41,42,42
25-Nov-2025,25177.85,Put,25550,427.05,11.35,15.1303,-7,82,42
25-Nov-2025,25177.85,Put,23850,49.45,14.32,15.1303,32,35,41
25-Nov-2025,25177.85,Put,23650,39.35,14.84,15.1303,-28,43,40
30-Dec-2025,25177.85,Put,23650,77,14.3,15.1303,26,26,40
14-Oct-2025,25177.85,Call,24550,633.6,0,15.1303,7,269,39
25-Nov-2025,25177.85,Call,25650,236.5,8.9,15.1303,7,96,39
14-Oct-2025,25177.85,Call,24200,984.15,0,15.1303,-15,355,38
20-Oct-2025,25177.85,Call,24300,925,0,15.1303,-2,125,38
04-Nov-2025,25177.85,Put,23900,21.25,14.92,15.1303,3,62,38
20-Oct-2025,25177.85,Call,26750,1.25,16.95,15.1303,0,121,37
04-Nov-2025,25177.85,Put,24850,115.7,12.13,15.1303,17,60,37
25-Nov-2025,25177.85,Put,23300,29.5,16.09,15.1303,-9,393,37
29-Dec-2026,25177.85,Call,28000,1001.3,7.28,15.1303,27,803,37
14-Oct-2025,25177.85,Call,24450,730.95,0,15.1303,-1,189,36
30-Dec-2025,25177.85,Put,24950,273.95,12.59,15.1303,7,74,36
20-Oct-2025,25177.85,Put,25900,685.3,15.84,15.1303,-8,256,35
11-Nov-2025,25177.85,Put,23500,19,15.91,15.1303,-10,77,35
25-Nov-2025,25177.85,Put,27000,1600,15.58,15.1303,0,590,34
30-Dec-2025,25177.85,Put,23750,85,14.16,15.1303,24,25,34
04-Nov-2025,25177.85,Call,25750,80,9.25,15.1303,-4,72,33
30-Dec-2025,25177.85,Call,25950,319.7,9.01,15.1303,-14,31,33
20-Oct-2025,25177.85,Call,24650,576.4,0,15.1303,17,102,32
25-Nov-2025,25177.85,Put,22800,19.95,17.83,15.1303,-10,258,32
30-Dec-2025,25177.85,Put,30000,4360,26.49,15.1303,7,2573.66666667,32
29-Dec-2026,25177.85,Put,23000,345.1,18.33,15.1303,-9,953.666666667,32
29-Dec-2026,25177.85,Put,24000,476,17.67,15.1303,-17,1366.33333333,32
14-Oct-2025,25177.85,Put,26100,896.25,0,15.1303,-4,64,31
04-Nov-2025,25177.85,Put,24950,139.65,11.92,15.1303,28,83,31
11-Nov-2025,25177.85,Call,25100,437,9.73,15.1303,23,36,31
11-Nov-2025,25177.85,Call,25300,295,8.9,15.1303,15,116,30
30-Dec-2025,25177.85,Put,25550,497,12.51,15.1303,2,53,30
20-Oct-2025,25177.85,Call,24200,1023.05,18.41,15.1303,14,30,29
28-Oct-2025,25177.85,Put,22950,6,22.19,15.1303,-2,77,29
30-Dec-2025,25177.85,Put,25050,292.6,12.28,15.1303,0,135,29
29-Dec-2026,25177.85,Call,26000,2050,0,15.1303,23,488,29
30-Dec-2025,25177.85,Put,25150,336.9,12.53,15.1303,10,60,28
14-Oct-2025,25177.85,Put,27000,1825,73.91,15.1303,5,14,27
25-Nov-2025,25177.85,Put,25900,641.95,11.54,15.1303,-8,55,27
25-Nov-2025,25177.85,Call,25050,577.75,9.39,15.1303,5,74,27
20-Oct-2025,25177.85,Put,25750,555,13.91,15.1303,-3,35,26
28-Oct-2025,25177.85,Put,26100,855.75,13.71,15.1303,3,314,26
14-Oct-2025,25177.85,Put,25950,752.9,0,15.1303,-4,45,25
04-Nov-2025,25177.85,Call,26550,11.05,10.89,15.1303,4,98,25
25-Nov-2025,25177.85,Put,23750,43.2,14.51,15.1303,24,24,25
30-Dec-2025,25177.85,Put,25250,368.4,12.42,15.1303,8,181,25
30-Jun-2026,25177.85,Call,30000,90.05,9.29,15.1303,0,266,25
28-Oct-2025,25177.85,Call,24400,880,0,15.1303,-2,571,24
25-Nov-2025,25177.85,Put,25650,481.3,11.33,15.1303,1,75,24
30-Dec-2025,25177.85,Call,25750,404,8.94,15.1303,-5,82,24
28-Oct-2025,25177.85,Call,24100,1165.35,0,15.1303,-2,178,23
11-Nov-2025,25177.85,Call,25650,143.15,8.92,15.1303,5,25,23
25-Nov-2025,25177.85,Call,23000,2400,0,15.1303,-1,374,23
30-Dec-2025,25177.85,Call,25650,447.65,8.83,15.1303,-16,64,23
30-Dec-2025,25177.85,Call,21000,4510.1,0,15.1303,-8,5368,23
30-Dec-2025,25177.85,Put,25750,583.45,12.31,15.1303,-6,27,22
28-Oct-2025,25177.85,Put,23150,7.2,21.02,15.1303,10,465,21
04-Nov-2025,25177.85,Put,24750,93.9,12.25,15.1303,6,51,21
11-Nov-2025,25177.85,Put,23700,22.85,15.34,15.1303,19,24,21
25-Nov-2025,25177.85,Put,23600,38.95,15.13,15.1303,0,919,20
30-Dec-2025,25177.85,Put,24850,243.8,12.57,15.1303,1,32,20
30-Dec-2025,25177.85,Put,23850,95.25,14.08,15.1303,10,10,20
30-Dec-2025,25177.85,Call,24800,997.8,8.48,15.1303,8,195,20
30-Dec-2025,25177.85,Put,25450,437.7,12.18,15.1303,1,76,20
30-Dec-2025,25177.85,Put,25350,393.25,12.11,15.1303,4,50,19
30-Jun-2026,25177.85,Put,22000,103.6,16.77,15.1303,2,323,19
14-Oct-2025,25177.85,Call,23000,2205,95.63,15.1303,-6,233,18
28-Oct-2025,25177.85,Put,25850,605.15,10.6,15.1303,-10,97,18
28-Oct-2025,25177.85,Put,25750,541.95,11.89,15.1303,9,167,18
04-Nov-2025,25177.85,Call,26600,10.05,11.05,15.1303,7,16,18
25-Nov-2025,25177.85,Put,22900,21.5,17.48,15.1303,-1,170,18
30-Dec-2025,25177.85,Call,24950,883.8,8.58,15.1303,-1,45,18
30-Dec-2025,25177.85,Call,26050,287.85,9.15,15.1303,-1,29,18
30-Dec-2025,25177.85,Put,29000,3353,21.54,15.1303,-8,8658,18
30-Dec-2025,25177.85,Call,31000,4.2,16.32,15.1303,3,3742.33333333,17
30-Jun-2026,25177.85,Call,25000,1776.85,0,15.1303,7,287,17
20-Oct-2025,25177.85,Call,26850,1,17.98,15.1303,6,194,16
28-Oct-2025,25177.85,Put,23250,7.35,20.21,15.1303,-4,129,16
28-Oct-2025,25177.85,Call,22700,2570,0,15.1303,0,41,16
04-Nov-2025,25177.85,Put,25350,282.4,11.13,15.1303,12,12,16
04-Nov-2025,25177.85,Put,23800,16.55,15,15.1303,2,65,16
11-Nov-2025,25177.85,Call,26200,37.1,9.25,15.1303,-1,68,16
14-Oct-2025,25177.85,Call,24250,958.5,49.16,15.1303,-5,37,15
28-Oct-2025,25177.85,Call,24200,1111.35,15.67,15.1303,-12,364,14
04-Nov-2025,25177.85,Put,25800,579,12.23,15.1303,5,5,14
25-Nov-2025,25177.85,Call,24600,925,9.34,15.1303,-12,447,14
14-Oct-2025,25177.85,Call,23500,1686,84.84,15.1303,-6,264,13
04-Nov-2025,25177.85,Put,23250,10.8,18.07,15.1303,2,19,13
04-Nov-2025,25177.85,Put,23200,13.4,19.13,15.1303,3,25,13
29-Dec-2026,25177.85,Call,29000,650,7.9,15.1303,8,603,13
28-Oct-2025,25177.85,Put,26300,1025,12.19,15.1303,-3,329,12
11-Nov-2025,25177.85,Put,25050,182.05,11.39,15.1303,4,53,12
25-Nov-2025,25177.85,Put,26200,877.25,12.45,15.1303,0,37,12
30-Dec-2025,25177.85,Call,25850,356.6,8.9,15.1303,0,52,12
31-Mar-2026,25177.85,Put,28000,2070,16.04,15.1303,1,1359,12
29-Dec-2026,25177.85,Call,31000,257.95,8.81,15.1303,2,298,12
14-Oct-2025,25177.85,Put,26050,839.95,0,15.1303,1,13,11
20-Oct-2025,25177.85,Put,26300,1067,0,15.1303,2,41,11
28-Oct-2025,25177.85,Call,26750,3.65,12.73,15.1303,2,433,11
04-Nov-2025,25177.85,Call,24950,468.65,9.62,15.1303,2,9,11
25-Nov-2025,25177.85,Put,24150,64.55,13.21,15.1303,1,159,11
30-Dec-2025,25177.85,Put,24750,228,12.86,15.1303,-1,51,11
14-Oct-2025,25177.85,Call,24350,833.25,50.7,15.1303,3,260,10
20-Oct-2025,25177.85,Put,26400,1166,0,15.1303,0,19,10
28-Oct-2025,25177.85,Put,22750,6,23.92,15.1303,-2,50,10
04-Nov-2025,25177.85,Call,24900,511,9.8,15.1303,-2,19,10
11-Nov-2025,25177.85,Call,25450,220,8.88,15.1303,1,8,10
04-Nov-2025,25177.85,Call,26700,7.8,11.23,15.1303,5,7,10
25-Nov-2025,25177.85,Call,24750,790.75,8.88,15.1303,2,49,10
29-Dec-2026,25177.85,Put,22000,245,18.98,15.1303,3,803.666666667,10
20-Oct-2025,25177.85,Call,24100,1136,17.88,15.1303,1,16,9
20-Oct-2025,25177.85,Put,26200,988,18.47,15.1303,0,8,9
25-Nov-2025,25177.85,Call,24650,882.25,9.31,15.1303,2,36,9
30-Dec-2025,25177.85,Put,23950,104.2,13.9,15.1303,0,0,9
31-Mar-2026,25177.85,Put,30000,3900,22.12,15.1303,5,5,9
14-Oct-2025,25177.85,Put,26500,1290,0,15.1303,2,32,8
14-Oct-2025,25177.85,Call,23800,1385,0,15.1303,-4,46,8
28-Oct-2025,25177.85,Call,24450,862.95,12.91,15.1303,0,166,8
04-Nov-2025,25177.85,Call,24850,576.2,11.04,15.1303,4,11,8
29-Dec-2026,25177.85,Call,27000,1488.1,6.3,15.1303,5,1071,8
04-Nov-2025,25177.85,Put,23600,13.95,16.11,15.1303,0,11,7
11-Nov-2025,25177.85,Put,25300,283.55,11.43,15.1303,4,4,7
14-Oct-2025,25177.85,Call,23600,1587,80.04,15.1303,-1,15,6
14-Oct-2025,25177.85,Call,24100,1078.35,0,15.1303,-1,136,6
20-Oct-2025,25177.85,Put,26500,1270,16.24,15.1303,5,23,6
04-Nov-2025,25177.85,Put,24200,33.5,13.78,15.1303,3,3,6
04-Nov-2025,25177.85,Call,25050,411,9.95,15.1303,-2,19,6
11-Nov-2025,25177.85,Call,24900,553.6,8.98,15.1303,3,7,6
11-Nov-2025,25177.85,Call,26650,15.35,10.31,15.1303,2,2,6
25-Nov-2025,25177.85,Put,25750,554.7,11.77,15.1303,1,43,6
29-Dec-2026,25177.85,Put,27000,1290,17.22,15.1303,0,931,6
30-Dec-2025,25177.85,Call,20000,5492.8,0,15.1303,-2,4903.33333333,6
20-Oct-2025,25177.85,Call,23800,1420,0,15.1303,2,15,5
28-Oct-2025,25177.85,Put,22650,5.6,24.55,15.1303,1,124,5
28-Oct-2025,25177.85,Call,23700,1625.05,23.39,15.1303,0,47,5
28-Oct-2025,25177.85,Put,26550,1248.05,0,15.1303,0,10,5
04-Nov-2025,25177.85,Call,24700,663.75,8.91,15.1303,1,14,5
11-Nov-2025,25177.85,Call,25550,190.55,9.33,15.1303,2,7,5
25-Nov-2025,25177.85,Call,23500,1898,0,15.1303,-1,232,5
25-Nov-2025,25177.85,Call,24400,1103.7,9.6,15.1303,2,64,5
30-Dec-2025,25177.85,Put,26200,846.65,12.5,15.1303,0,24,5
14-Oct-2025,25177.85,Call,23700,1487,70.32,15.1303,-3,18,4
14-Oct-2025,25177.85,Call,22850,2355,101.36,15.1303,-2,89,4
20-Oct-2025,25177.85,Call,23700,1517,26.57,15.1303,3,7,4
20-Oct-2025,25177.85,Call,22850,2380,31.36,15.1303,0,3,4
20-Oct-2025,25177.85,Call,24250,993,17.92,15.1303,-1,13,4
20-Oct-2025,25177.85,Call,24550,685.55,11.29,15.1303,0,23,4
28-Oct-2025,25177.85,Call,23800,1459.8,0,15.1303,-1,312,4
28-Oct-2025,25177.85,Put,27150,1839.95,0,15.1303,0,63,4
28-Oct-2025,25177.85,Call,24550,754.05,10.66,15.1303,-1,184,4
04-Nov-2025,25177.85,Put,22900,9.6,20.36,15.1303,1,24,4
11-Nov-2025,25177.85,Put,25250,238.45,10.62,15.1303,2,3,4
30-Dec-2025,25177.85,Put,23200,50.65,15.07,15.1303,3,284,4
14-Oct-2025,25177.85,Put,26950,1746.65,0,15.1303,2,2,3
14-Oct-2025,25177.85,Call,23900,1284,73.96,15.1303,-1,60,3
28-Oct-2025,25177.85,Call,24350,927.05,0,15.1303,0,116,3
11-Nov-2025,25177.85,Call,25250,345.75,9.73,15.1303,1,11,3
30-Dec-2025,25177.85,Call,25550,495,8.71,15.1303,0,23,3
30-Dec-2025,25177.85,Call,24900,900,7.88,15.1303,0,217,3
31-Mar-2026,25177.85,Put,29000,2950,18.71,15.1303,2,5,3
29-Dec-2026,25177.85,Call,30000,410,8.36,15.1303,1,869,3
14-Oct-2025,25177.85,Call,23200,2035,109.21,15.1303,-1,4,2
20-Oct-2025,25177.85,Call,23900,1316,22.26,15.1303,0,18,2
20-Oct-2025,25177.85,Call,23650,1602.8,29.82,15.1303,1,3,2
20-Oct-2025,25177.85,Call,23600,1619.6,0,15.1303,0,0,2
28-Oct-2025,25177.85,Put,26800,1535,18.77,15.1303,1,223,2
28-Oct-2025,25177.85,Call,22600,2649.75,0,15.1303,-1,116,2
04-Nov-2025,25177.85,Call,24600,757.75,9.42,15.1303,-1,2,2
04-Nov-2025,25177.85,Call,27000,5.8,0,0,0,0,2
25-Nov-2025,25177.85,Put,26100,746.45,10.34,15.1303,1,27,2
25-Nov-2025,25177.85,Call,24300,1159,10.08,15.1303,0,91,2
25-Nov-2025,25177.85,Put,23550,35,15.09,15.1303,0,12,2
30-Dec-2025,25177.85,Call,25250,700.05,9.29,15.1303,0,186,2
25-Nov-2025,25177.85,Put,22850,16.05,16.88,15.1303,0,26,2
30-Dec-2025,25177.85,Call,25150,757.5,9.06,15.1303,-1,11,2
31-Mar-2026,25177.85,Put,31000,4800,24.14,15.1303,1,2,2
29-Dec-2026,25177.85,Put,21000,180,19.9,15.1303,0,499.666666667,2
14-Oct-2025,25177.85,Put,26150,903.8,0,15.1303,0,11,1
14-Oct-2025,25177.85,Put,27100,1875,0,15.1303,0,113,1
14-Oct-2025,25177.85,Call,23050,2181.55,113.81,15.1303,0,0,1
20-Oct-2025,25177.85,Call,24050,1200,22.77,15.1303,0,4,1
20-Oct-2025,25177.85,Put,25950,700,0,15.1303,0,11,1
20-Oct-2025,25177.85,Call,23000,2230,29.26,15.1303,0,0,1
20-Oct-2025,25177.85,Call,24350,916.4,20.83,15.1303,0,6,1
20-Oct-2025,25177.85,Call,23200,2070,41.24,15.1303,0,0,1
20-Oct-2025,25177.85,Put,27150,1900,0,15.1303,0,11,1
28-Oct-2025,25177.85,Put,26900,1589.35,0,15.1303,0,35,1
28-Oct-2025,25177.85,Call,24150,1144.05,13.47,15.1303,0,21,1
28-Oct-2025,25177.85,Call,23600,1645,0,15.1303,0,88,1
04-Nov-2025,25177.85,Put,26250,931,10.01,15.1303,0,0,1
28-Oct-2025,25177.85,Put,26400,1088,0,15.1303,0,320,1
04-Nov-2025,25177.85,Put,25900,645.05,0,15.1303,0,0,1
11-Nov-2025,25177.85,Put,24100,40.65,13.82,15.1303,0,1,1
11-Nov-2025,25177.85,Put,25350,279,10.43,15.1303,0,0,1
11-Nov-2025,25177.85,Put,25150,223.3,11.56,15.1303,0,1,1
25-Nov-2025,25177.85,Put,26150,802.3,11,15.1303,0,4,1
25-Nov-2025,25177.85,Call,24200,1262.05,0,15.1303,0,78,1
25-Nov-2025,25177.85,Call,24850,740,10.04,15.1303,0,19,1
25-Nov-2025,25177.85,Call,24950,665,9.98,15.1303,0,95,1
30-Dec-2025,25177.85,Call,25450,555,8.78,15.1303,0,21,1
30-Dec-2025,25177.85,Put,22850,37.4,15.74,15.1303,0,54,1
30-Dec-2025,25177.85,Put,25650,525,12.11,15.1303,0,60,1
30-Dec-2025,25177.85,Put,15000,5,44.17,15.1303,0,191.333333333,1
29-Dec-2026,25177.85,Put,20000,132.35,20.88,15.1303,0,577.666666667,1
14-Oct-2025,25177.85,Call,23100,0,0,15.1303,0,1,0
14-Oct-2025,25177.85,Call,23350,0,0,15.1303,0,1,0
14-Oct-2025,25177.85,Call,23650,0,0,15.1303,0,8,0
14-Oct-2025,25177.85,Call,23450,0,0,15.1303,0,1,0
14-Oct-2025,25177.85,Call,23400,0,0,15.1303,0,9,0
14-Oct-2025,25177.85,Put,26250,0,0,15.1303,0,7,0
14-Oct-2025,25177.85,Call,23750,0,0,15.1303,0,4,0
14-Oct-2025,25177.85,Call,23250,0,0,15.1303,0,1,0
14-Oct-2025,25177.85,Call,23150,0,0,15.1303,0,1,0
14-Oct-2025,25177.85,Call,23300,0,0,15.1303,0,6,0
14-Oct-2025,25177.85,Call,23550,0,0,15.1303,0,3,0
14-Oct-2025,25177.85,Put,26300,0,0,15.1303,0,13,0
14-Oct-2025,25177.85,Put,26400,0,0,15.1303,0,8,0
14-Oct-2025,25177.85,Put,26600,0,0,15.1303,0,0,0
14-Oct-2025,25177.85,Put,26450,0,0,15.1303,0,9,0
14-Oct-2025,25177.85,Put,26550,0,0,15.1303,0,0,0
14-Oct-2025,25177.85,Put,26750,0,0,15.1303,0,0,0
14-Oct-2025,25177.85,Put,26650,0,0,15.1303,0,1,0
14-Oct-2025,25177.85,Put,26800,0,0,15.1303,0,0,0
14-Oct-2025,25177.85,Put,26700,0,0,15.1303,0,0,0
14-Oct-2025,25177.85,Put,26350,0,0,15.1303,0,8,0
14-Oct-2025,25177.85,Put,26900,0,0,15.1303,0,0,0
14-Oct-2025,25177.85,Put,26850,0,0,15.1303,0,0,0
14-Oct-2025,25177.85,Call,23850,0,0,15.1303,0,7,0
14-Oct-2025,25177.85,Call,23950,0,0,15.1303,0,5,0
14-Oct-2025,25177.85,Put,27050,0,0,15.1303,0,0,0
14-Oct-2025,25177.85,Call,24050,0,0,15.1303,0,18,0
14-Oct-2025,25177.85,Call,24150,0,0,15.1303,0,71,0
14-Oct-2025,25177.85,Put,27150,0,0,15.1303,0,0,0
14-Oct-2025,25177.85,Call,22900,0,0,15.1303,0,1,0
14-Oct-2025,25177.85,Call,22950,0,0,15.1303,0,0,0
20-Oct-2025,25177.85,Call,26950,0,0,15.1303,0,33,0
20-Oct-2025,25177.85,Call,23100,0,0,15.1303,0,0,0
20-Oct-2025,25177.85,Call,22900,0,0,15.1303,0,0,0
20-Oct-2025,25177.85,Call,24150,0,0,15.1303,0,2,0
20-Oct-2025,25177.85,Call,23950,0,0,15.1303,0,3,0
20-Oct-2025,25177.85,Call,23850,0,0,15.1303,0,4,0
20-Oct-2025,25177.85,Call,23750,0,0,15.1303,0,2,0
20-Oct-2025,25177.85,Call,23550,0,0,15.1303,0,0,0
20-Oct-2025,25177.85,Call,23500,0,0,15.1303,0,0,0
20-Oct-2025,25177.85,Call,23450,0,0,15.1303,0,0,0
20-Oct-2025,25177.85,Put,27000,0,0,15.1303,0,0,0
20-Oct-2025,25177.85,Call,23050,0,0,15.1303,0,0,0
20-Oct-2025,25177.85,Call,22950,0,0,15.1303,0,0,0
20-Oct-2025,25177.85,Call,24450,0,0,15.1303,0,7,0
20-Oct-2025,25177.85,Call,23150,0,0,15.1303,0,0,0
20-Oct-2025,25177.85,Call,23250,0,0,15.1303,0,0,0
20-Oct-2025,25177.85,Call,23350,0,0,15.1303,0,0,0
20-Oct-2025,25177.85,Call,23300,0,0,15.1303,0,0,0
20-Oct-2025,25177.85,Put,26100,0,0,15.1303,0,40,0
20-Oct-2025,25177.85,Put,23250,0,0,15.1303,0,31,0
20-Oct-2025,25177.85,Put,26050,0,0,15.1303,0,12,0
20-Oct-2025,25177.85,Put,26150,0,0,15.1303,0,0,0
20-Oct-2025,25177.85,Put,26350,0,0,15.1303,0,0,0
20-Oct-2025,25177.85,Put,26250,0,0,15.1303,0,0,0
20-Oct-2025,25177.85,Put,26650,0,0,15.1303,0,0,0
20-Oct-2025,25177.85,Put,26450,0,0,15.1303,0,0,0
20-Oct-2025,25177.85,Put,26600,0,0,15.1303,0,1,0
20-Oct-2025,25177.85,Put,26750,0,0,15.1303,0,2,0
20-Oct-2025,25177.85,Put,26800,0,0,15.1303,0,0,0
20-Oct-2025,25177.85,Put,26700,0,0,15.1303,0,0,0
20-Oct-2025,25177.85,Put,26850,0,0,15.1303,0,0,0
20-Oct-2025,25177.85,Put,26900,0,0,15.1303,0,0,0
20-Oct-2025,25177.85,Put,26950,0,0,15.1303,0,0,0
20-Oct-2025,25177.85,Put,27050,0,0,15.1303,0,0,0
20-Oct-2025,25177.85,Put,26550,0,0,15.1303,0,3,0
20-Oct-2025,25177.85,Call,23400,0,0,15.1303,0,0,0
20-Oct-2025,25177.85,Put,27100,0,0,15.1303,0,0,0
28-Oct-2025,25177.85,Call,23250,0,0,15.1303,0,0,0
28-Oct-2025,25177.85,Call,23200,0,0,15.1303,0,145,0
28-Oct-2025,25177.85,Call,23150,0,0,15.1303,0,1,0
28-Oct-2025,25177.85,Put,26850,0,0,15.1303,0,3,0
28-Oct-2025,25177.85,Put,27100,0,0,15.1303,0,39,0
28-Oct-2025,25177.85,Call,22750,0,0,15.1303,0,0,0
28-Oct-2025,25177.85,Call,22650,0,0,15.1303,0,0,0
28-Oct-2025,25177.85,Put,27050,0,0,15.1303,0,0,0
28-Oct-2025,25177.85,Put,26950,0,0,15.1303,0,19,0
28-Oct-2025,25177.85,Call,24050,0,0,15.1303,0,25,0
28-Oct-2025,25177.85,Call,23950,0,0,15.1303,0,26,0
28-Oct-2025,25177.85,Call,23900,0,0,15.1303,0,57,0
28-Oct-2025,25177.85,Call,23850,0,0,15.1303,0,6,0
28-Oct-2025,25177.85,Call,23750,0,0,15.1303,0,7,0
28-Oct-2025,25177.85,Call,23650,0,0,15.1303,0,9,0
28-Oct-2025,25177.85,Call,23550,0,0,15.1303,0,4,0
28-Oct-2025,25177.85,Call,23450,0,0,15.1303,0,1,0
28-Oct-2025,25177.85,Call,23400,0,0,15.1303,0,63,0
28-Oct-2025,25177.85,Call,23350,0,0,15.1303,0,5,0
28-Oct-2025,25177.85,Call,23300,0,0,15.1303,0,55,0
28-Oct-2025,25177.85,Put,26150,0,0,15.1303,0,39,0
28-Oct-2025,25177.85,Put,26050,0,0,15.1303,0,22,0
28-Oct-2025,25177.85,Call,23100,0,0,15.1303,0,9,0
28-Oct-2025,25177.85,Call,23050,0,0,15.1303,0,1,0
28-Oct-2025,25177.85,Put,26250,0,0,15.1303,0,56,0
28-Oct-2025,25177.85,Put,23350,0,0,15.1303,0,666,0
28-Oct-2025,25177.85,Put,26350,0,0,15.1303,0,60,0
28-Oct-2025,25177.85,Put,26450,0,0,15.1303,0,20,0
28-Oct-2025,25177.85,Put,25950,0,0,15.1303,0,54,0
28-Oct-2025,25177.85,Call,22900,0,0,15.1303,0,1,0
04-Nov-2025,25177.85,Put,25550,0,0,15.1303,0,0,0
04-Nov-2025,25177.85,Put,26300,0,0,15.1303,0,0,0
04-Nov-2025,25177.85,Put,26200,0,0,15.1303,0,0,0
04-Nov-2025,25177.85,Put,26150,0,0,15.1303,0,0,0
04-Nov-2025,25177.85,Put,26100,0,0,15.1303,0,0,0
04-Nov-2025,25177.85,Put,26050,0,0,15.1303,0,0,0
04-Nov-2025,25177.85,Put,24250,0,0,15.1303,0,0,0
04-Nov-2025,25177.85,Put,26950,0,0,15.1303,0,0,0
04-Nov-2025,25177.85,Call,26950,0,0,15.1303,0,0,0
04-Nov-2025,25177.85,Put,23400,0,0,15.1303,0,19,0
04-Nov-2025,25177.85,Put,22850,0,0,15.1303,0,105,0
04-Nov-2025,25177.85,Put,23450,0,0,15.1303,0,1,0
04-Nov-2025,25177.85,Put,23150,0,0,15.1303,0,1,0
04-Nov-2025,25177.85,Put,25450,0,0,15.1303,0,0,0
04-Nov-2025,25177.85,Call,26350,0,0,15.1303,0,0,0
04-Nov-2025,25177.85,Call,26050,0,0,15.1303,0,0,0
04-Nov-2025,25177.85,Put,27050,0,0,0,0,0,0
28-Oct-2025,25177.85,Call,24250,0,0,15.1303,0,59,0
28-Oct-2025,25177.85,Put,26600,0,0,15.1303,0,93,0
28-Oct-2025,25177.85,Put,26750,0,0,15.1303,0,10,0
28-Oct-2025,25177.85,Call,22850,0,0,15.1303,0,1,0
28-Oct-2025,25177.85,Put,26650,0,0,15.1303,0,6,0
28-Oct-2025,25177.85,Put,22850,0,0,15.1303,0,134,0
28-Oct-2025,25177.85,Put,26700,0,0,15.1303,0,103,0
28-Oct-2025,25177.85,Call,22950,0,0,15.1303,0,1,0
28-Oct-2025,25177.85,Call,22800,0,0,15.1303,0,1329,0
04-Nov-2025,25177.85,Call,26300,0,0,15.1303,0,0,0
04-Nov-2025,25177.85,Call,26150,0,0,15.1303,0,0,0
04-Nov-2025,25177.85,Put,23950,0,0,15.1303,0,0,0
04-Nov-2025,25177.85,Put,26000,0,0,15.1303,0,0,0
04-Nov-2025,25177.85,Call,24650,0,0,15.1303,0,5,0
04-Nov-2025,25177.85,Put,24050,0,0,15.1303,0,0,0
04-Nov-2025,25177.85,Call,24500,0,0,15.1303,0,7,0
04-Nov-2025,25177.85,Call,24550,0,0,15.1303,0,0,0
04-Nov-2025,25177.85,Put,24550,0,0,15.1303,0,0,0
04-Nov-2025,25177.85,Put,27000,0,0,0,0,0,0
04-Nov-2025,25177.85,Call,27050,0,0,0,0,0,0
04-Nov-2025,25177.85,Call,23800,0,0,15.1303,0,0,0
04-Nov-2025,25177.85,Call,23700,0,0,15.1303,0,0,0
04-Nov-2025,25177.85,Call,23650,0,0,15.1303,0,0,0
04-Nov-2025,25177.85,Call,24150,0,0,15.1303,0,0,0
04-Nov-2025,25177.85,Put,26900,0,0,15.1303,0,0,0
04-Nov-2025,25177.85,Put,26800,0,0,15.1303,0,0,0
04-Nov-2025,25177.85,Put,26750,0,0,15.1303,0,0,0
04-Nov-2025,25177.85,Put,26700,0,0,15.1303,0,0,0
04-Nov-2025,25177.85,Put,26650,0,0,15.1303,0,0,0
04-Nov-2025,25177.85,Put,26600,0,0,15.1303,0,0,0
04-Nov-2025,25177.85,Put,26550,0,0,15.1303,0,0,0
04-Nov-2025,25177.85,Put,26500,0,0,15.1303,0,0,0
04-Nov-2025,25177.85,Put,26450,0,0,15.1303,0,0,0
04-Nov-2025,25177.85,Put,26400,0,0,15.1303,0,0,0
04-Nov-2025,25177.85,Put,26350,0,0,15.1303,0,0,0
04-Nov-2025,25177.85,Put,25950,0,0,15.1303,0,0,0
04-Nov-2025,25177.85,Put,25850,0,0,15.1303,0,0,0
04-Nov-2025,25177.85,Put,25750,0,0,15.1303,0,0,0
04-Nov-2025,25177.85,Put,25650,0,0,15.1303,0,0,0
04-Nov-2025,25177.85,Call,23550,0,0,15.1303,0,0,0
04-Nov-2025,25177.85,Call,23500,0,0,15.1303,0,0,0
04-Nov-2025,25177.85,Call,23450,0,0,15.1303,0,0,0
04-Nov-2025,25177.85,Call,23400,0,0,15.1303,0,0,0
04-Nov-2025,25177.85,Call,23350,0,0,15.1303,0,0,0
04-Nov-2025,25177.85,Call,23300,0,0,15.1303,0,0,0
04-Nov-2025,25177.85,Call,23250,0,0,15.1303,0,0,0
04-Nov-2025,25177.85,Call,23200,0,0,15.1303,0,0,0
04-Nov-2025,25177.85,Call,23150,0,0,15.1303,0,0,0
04-Nov-2025,25177.85,Call,23100,0,0,15.1303,0,0,0
04-Nov-2025,25177.85,Call,23050,0,0,15.1303,0,0,0
04-Nov-2025,25177.85,Call,23000,0,0,15.1303,0,0,0
04-Nov-2025,25177.85,Call,22950,0,0,15.1303,0,0,0
04-Nov-2025,25177.85,Put,23850,0,0,15.1303,0,0,0
04-Nov-2025,25177.85,Put,24100,0,0,15.1303,0,0,0
04-Nov-2025,25177.85,Put,24150,0,0,15.1303,0,0,0
04-Nov-2025,25177.85,Call,24750,0,0,15.1303,0,3,0
04-Nov-2025,25177.85,Call,26850,0,0,15.1303,0,1,0
04-Nov-2025,25177.85,Put,23350,0,0,15.1303,0,2,0
04-Nov-2025,25177.85,Put,23300,0,0,15.1303,0,38,0
04-Nov-2025,25177.85,Put,23550,0,0,15.1303,0,0,0
04-Nov-2025,25177.85,Call,26100,0,0,15.1303,0,0,0
04-Nov-2025,25177.85,Call,26250,0,0,15.1303,0,0,0
04-Nov-2025,25177.85,Put,23650,0,0,15.1303,0,1,0
04-Nov-2025,25177.85,Call,25950,0,0,15.1303,0,0,0
04-Nov-2025,25177.85,Call,26750,0,0,15.1303,0,1,0
04-Nov-2025,25177.85,Call,24450,0,0,15.1303,0,1,0
04-Nov-2025,25177.85,Call,24400,0,0,15.1303,0,0,0
04-Nov-2025,25177.85,Call,24350,0,0,15.1303,0,0,0
04-Nov-2025,25177.85,Call,24300,0,0,15.1303,0,0,0
04-Nov-2025,25177.85,Call,24200,0,0,15.1303,0,1,0
04-Nov-2025,25177.85,Call,24100,0,0,15.1303,0,0,0
04-Nov-2025,25177.85,Put,23100,0,0,15.1303,0,21,0
04-Nov-2025,25177.85,Put,22950,0,0,15.1303,0,0,0
04-Nov-2025,25177.85,Call,26450,0,0,15.1303,0,8,0
04-Nov-2025,25177.85,Put,24350,0,0,15.1303,0,0,0
04-Nov-2025,25177.85,Call,23950,0,0,15.1303,0,0,0
04-Nov-2025,25177.85,Call,24050,0,0,15.1303,0,0,0
04-Nov-2025,25177.85,Put,23050,0,0,15.1303,0,0,0
04-Nov-2025,25177.85,Call,22850,0,0,15.1303,0,0,0
11-Nov-2025,25177.85,Call,25750,0,0,15.1303,0,0,0
04-Nov-2025,25177.85,Call,24000,0,0,15.1303,0,1,0
11-Nov-2025,25177.85,Put,26000,0,0,15.1303,0,0,0
11-Nov-2025,25177.85,Put,24300,0,0,15.1303,0,0,0
11-Nov-2025,25177.85,Call,26300,0,0,15.1303,0,0,0
11-Nov-2025,25177.85,Call,26250,0,0,15.1303,0,0,0
11-Nov-2025,25177.85,Call,26150,0,0,15.1303,0,0,0
11-Nov-2025,25177.85,Put,24900,0,0,15.1303,0,0,0
11-Nov-2025,25177.85,Call,25150,0,0,15.1303,0,0,0
11-Nov-2025,25177.85,Call,25050,0,0,15.1303,0,7,0
11-Nov-2025,25177.85,Put,24950,0,0,15.1303,0,0,0
11-Nov-2025,25177.85,Call,24950,0,0,15.1303,0,3,0
11-Nov-2025,25177.85,Call,24850,0,0,15.1303,0,0,0
11-Nov-2025,25177.85,Call,24800,0,0,15.1303,0,0,0
11-Nov-2025,25177.85,Call,27000,0,0,0,0,0,0
11-Nov-2025,25177.85,Call,27050,0,0,0,0,0,0
11-Nov-2025,25177.85,Call,26050,0,0,15.1303,0,0,0
11-Nov-2025,25177.85,Call,25700,0,0,15.1303,0,0,0
11-Nov-2025,25177.85,Put,24150,0,0,15.1303,0,0,0
11-Nov-2025,25177.85,Call,26900,0,0,15.1303,0,0,0
11-Nov-2025,25177.85,Put,24250,0,0,15.1303,0,0,0
11-Nov-2025,25177.85,Put,24200,0,0,15.1303,0,0,0
11-Nov-2025,25177.85,Put,24050,0,0,15.1303,0,0,0
11-Nov-2025,25177.85,Put,23900,0,0,15.1303,0,0,0
11-Nov-2025,25177.85,Put,23850,0,0,15.1303,0,0,0
11-Nov-2025,25177.85,Put,23800,0,0,15.1303,0,0,0
11-Nov-2025,25177.85,Put,23650,0,0,15.1303,0,0,0
11-Nov-2025,25177.85,Put,23600,0,0,15.1303,0,0,0
11-Nov-2025,25177.85,Put,23550,0,0,15.1303,0,0,0
11-Nov-2025,25177.85,Put,23450,0,0,15.1303,0,0,0
11-Nov-2025,25177.85,Put,23400,0,0,15.1303,0,0,0
11-Nov-2025,25177.85,Put,23350,0,0,15.1303,0,1,0
11-Nov-2025,25177.85,Call,25950,0,0,15.1303,0,0,0
11-Nov-2025,25177.85,Call,25850,0,0,15.1303,0,0,0
11-Nov-2025,25177.85,Put,23300,0,0,15.1303,0,0,0
11-Nov-2025,25177.85,Call,24700,0,0,15.1303,0,0,0
11-Nov-2025,25177.85,Call,24600,0,0,15.1303,0,0,0
11-Nov-2025,25177.85,Call,24500,0,0,15.1303,0,0,0
11-Nov-2025,25177.85,Put,24850,0,0,15.1303,0,0,0
11-Nov-2025,25177.85,Call,26350,0,0,15.1303,0,0,0
11-Nov-2025,25177.85,Put,25450,0,0,15.1303,0,0,0
11-Nov-2025,25177.85,Put,25400,0,0,15.1303,0,0,0
11-Nov-2025,25177.85,Put,25650,0,0,15.1303,0,0,0
11-Nov-2025,25177.85,Put,25600,0,0,15.1303,0,0,0
11-Nov-2025,25177.85,Put,25550,0,0,15.1303,0,0,0
11-Nov-2025,25177.85,Call,26850,0,0,15.1303,0,0,0
04-Nov-2025,25177.85,Put,24450,0,0,15.1303,0,0,0
04-Nov-2025,25177.85,Call,24250,0,0,15.1303,0,0,0
04-Nov-2025,25177.85,Call,23850,0,0,15.1303,0,0,0
04-Nov-2025,25177.85,Call,22900,0,0,15.1303,0,0,0
04-Nov-2025,25177.85,Call,23900,0,0,15.1303,0,0,0
11-Nov-2025,25177.85,Call,26550,0,0,15.1303,0,0,0
04-Nov-2025,25177.85,Call,23750,0,0,15.1303,0,0,0
11-Nov-2025,25177.85,Put,25700,0,0,15.1303,0,0,0
04-Nov-2025,25177.85,Call,23600,0,0,15.1303,0,0,0
11-Nov-2025,25177.85,Call,26800,0,0,15.1303,0,0,0
04-Nov-2025,25177.85,Put,23750,0,0,15.1303,0,3,0
11-Nov-2025,25177.85,Call,26700,0,0,15.1303,0,0,0
04-Nov-2025,25177.85,Call,25650,0,0,15.1303,0,0,0
11-Nov-2025,25177.85,Call,26750,0,0,15.1303,0,0,0
11-Nov-2025,25177.85,Call,25800,0,0,15.1303,0,0,0
04-Nov-2025,25177.85,Put,26850,0,0,15.1303,0,0,0
11-Nov-2025,25177.85,Call,26500,0,0,15.1303,0,0,0
25-Nov-2025,25177.85,Call,24550,0,0,15.1303,0,21,0
25-Nov-2025,25177.85,Call,26250,0,0,15.1303,0,0,0
25-Nov-2025,25177.85,Put,26550,0,0,15.1303,0,0,0
25-Nov-2025,25177.85,Call,26550,0,0,15.1303,0,0,0
25-Nov-2025,25177.85,Call,26750,0,0,15.1303,0,0,0
25-Nov-2025,25177.85,Put,26400,0,0,15.1303,0,9,0
25-Nov-2025,25177.85,Call,26400,0,0,15.1303,0,0,0
25-Nov-2025,25177.85,Put,26350,0,0,15.1303,0,5,0
25-Nov-2025,25177.85,Call,26350,0,0,15.1303,0,0,0
25-Nov-2025,25177.85,Put,26300,0,0,15.1303,0,6,0
25-Nov-2025,25177.85,Call,23350,0,0,15.1303,0,0,0
25-Nov-2025,25177.85,Call,23300,0,0,15.1303,0,3,0
25-Nov-2025,25177.85,Call,23250,0,0,15.1303,0,1,0
25-Nov-2025,25177.85,Call,23200,0,0,15.1303,0,7,0
25-Nov-2025,25177.85,Call,23150,0,0,15.1303,0,0,0
25-Nov-2025,25177.85,Call,23100,0,0,15.1303,0,0,0
25-Nov-2025,25177.85,Call,23050,0,0,15.1303,0,1,0
25-Nov-2025,25177.85,Call,22950,0,0,15.1303,0,0,0
25-Nov-2025,25177.85,Call,22900,0,0,15.1303,0,0,0
25-Nov-2025,25177.85,Call,22850,0,0,15.1303,0,0,0
25-Nov-2025,25177.85,Call,22800,0,0,15.1303,0,0,0
25-Nov-2025,25177.85,Call,22750,0,0,15.1303,0,0,0
25-Nov-2025,25177.85,Put,26050,0,0,15.1303,0,1,0
25-Nov-2025,25177.85,Call,25950,0,0,15.1303,0,0,0
25-Nov-2025,25177.85,Put,25850,0,0,15.1303,0,52,0
25-Nov-2025,25177.85,Call,24050,0,0,15.1303,0,2,0
25-Nov-2025,25177.85,Call,23850,0,0,15.1303,0,5,0
25-Nov-2025,25177.85,Call,23650,0,0,15.1303,0,1,0
25-Nov-2025,25177.85,Call,23550,0,0,15.1303,0,0,0
25-Nov-2025,25177.85,Call,23450,0,0,15.1303,0,30,0
25-Nov-2025,25177.85,Call,23400,0,0,15.1303,0,0,0
11-Nov-2025,25177.85,Call,26400,0,0,15.1303,0,0,0
11-Nov-2025,25177.85,Put,23950,0,0,15.1303,0,0,0
11-Nov-2025,25177.85,Put,24700,0,0,15.1303,0,0,0
11-Nov-2025,25177.85,Put,23750,0,0,15.1303,0,0,0
11-Nov-2025,25177.85,Put,24750,0,0,15.1303,0,0,0
11-Nov-2025,25177.85,Put,24350,0,0,15.1303,0,0,0
11-Nov-2025,25177.85,Put,24650,0,0,15.1303,0,0,0
11-Nov-2025,25177.85,Put,24400,0,0,15.1303,0,0,0
11-Nov-2025,25177.85,Put,24550,0,0,15.1303,0,0,0
11-Nov-2025,25177.85,Call,26450,0,0,15.1303,0,0,0
11-Nov-2025,25177.85,Put,24450,0,0,15.1303,0,0,0
25-Nov-2025,25177.85,Put,26450,0,0,15.1303,0,10,0
25-Nov-2025,25177.85,Put,23450,0,0,15.1303,0,38,0
25-Nov-2025,25177.85,Put,27050,0,0,15.1303,0,0,0
25-Nov-2025,25177.85,Put,27100,0,0,15.1303,0,0,0
25-Nov-2025,25177.85,Put,27150,0,0,15.1303,0,0,0
25-Nov-2025,25177.85,Put,26950,0,0,15.1303,0,0,0
25-Nov-2025,25177.85,Call,26950,0,0,15.1303,0,0,0
25-Nov-2025,25177.85,Put,26900,0,0,15.1303,0,0,0
25-Nov-2025,25177.85,Call,26900,0,0,15.1303,0,0,0
25-Nov-2025,25177.85,Call,27050,0,0,15.1303,0,0,0
25-Nov-2025,25177.85,Put,26250,0,0,15.1303,0,2,0
25-Nov-2025,25177.85,Put,22750,0,0,15.1303,0,64,0
25-Nov-2025,25177.85,Call,24350,0,0,15.1303,0,4,0
25-Nov-2025,25177.85,Put,24250,0,0,15.1303,0,55,0
25-Nov-2025,25177.85,Call,24250,0,0,15.1303,0,3,0
25-Nov-2025,25177.85,Call,24150,0,0,15.1303,0,3,0
25-Nov-2025,25177.85,Call,24100,0,0,15.1303,0,5,0
25-Nov-2025,25177.85,Call,23950,0,0,15.1303,0,1,0
25-Nov-2025,25177.85,Call,23900,0,0,15.1303,0,2,0
25-Nov-2025,25177.85,Call,23800,0,0,15.1303,0,7,0
25-Nov-2025,25177.85,Call,23750,0,0,15.1303,0,1,0
25-Nov-2025,25177.85,Call,23700,0,0,15.1303,0,3,0
25-Nov-2025,25177.85,Call,23600,0,0,15.1303,0,0,0
25-Nov-2025,25177.85,Call,22700,0,0,15.1303,0,0,0
25-Nov-2025,25177.85,Put,23100,0,0,15.1303,0,153,0
25-Nov-2025,25177.85,Put,26650,0,0,15.1303,0,0,0
25-Nov-2025,25177.85,Put,25950,0,0,15.1303,0,10,0
25-Nov-2025,25177.85,Put,26700,0,0,15.1303,0,0,0
25-Nov-2025,25177.85,Put,26750,0,0,15.1303,0,0,0
25-Nov-2025,25177.85,Call,24450,0,0,15.1303,0,4,0
25-Nov-2025,25177.85,Put,26600,0,0,15.1303,0,0,0
30-Dec-2025,25177.85,Call,24600,0,0,15.1303,0,4,0
30-Dec-2025,25177.85,Call,25050,0,0,15.1303,0,26,0
30-Dec-2025,25177.85,Put,23350,0,0,15.1303,0,72,0
30-Dec-2025,25177.85,Put,26900,0,0,15.1303,0,0,0
30-Dec-2025,25177.85,Call,27050,0,0,0,0,0,0
30-Dec-2025,25177.85,Put,26450,0,0,15.1303,0,1,0
30-Dec-2025,25177.85,Put,25850,0,0,15.1303,0,53,0
30-Dec-2025,25177.85,Put,27050,0,0,0,0,0,0
30-Dec-2025,25177.85,Put,24050,0,0,15.1303,0,0,0
30-Dec-2025,25177.85,Call,23950,0,0,15.1303,0,0,0
30-Dec-2025,25177.85,Put,23150,0,0,15.1303,0,99,0
30-Dec-2025,25177.85,Put,23100,0,0,15.1303,0,119,0
30-Dec-2025,25177.85,Call,26300,0,0,15.1303,0,0,0
30-Dec-2025,25177.85,Put,26250,0,0,15.1303,0,1,0
30-Dec-2025,25177.85,Put,31000,0,0,15.1303,0,0,0
30-Dec-2025,25177.85,Put,24650,0,0,15.1303,0,104,0
30-Dec-2025,25177.85,Put,24550,0,0,15.1303,0,59,0
30-Dec-2025,25177.85,Put,24450,0,0,15.1303,0,56,0
30-Dec-2025,25177.85,Put,24350,0,0,15.1303,0,70,0
30-Dec-2025,25177.85,Put,24250,0,0,15.1303,0,1,0
30-Dec-2025,25177.85,Put,24150,0,0,15.1303,0,0,0
30-Dec-2025,25177.85,Put,25900,0,0,15.1303,0,78,0
25-Nov-2025,25177.85,Put,26800,0,0,15.1303,0,0,0
25-Nov-2025,25177.85,Put,26850,0,0,15.1303,0,0,0
25-Nov-2025,25177.85,Put,23350,0,0,15.1303,0,1,0
25-Nov-2025,25177.85,Call,27100,0,0,15.1303,0,0,0
25-Nov-2025,25177.85,Call,26650,0,0,15.1303,0,0,0
25-Nov-2025,25177.85,Put,23250,0,0,15.1303,0,15,0
25-Nov-2025,25177.85,Call,26450,0,0,15.1303,0,0,0
30-Dec-2025,25177.85,Call,26550,0,0,15.1303,0,0,0
30-Dec-2025,25177.85,Put,26950,0,0,15.1303,0,0,0
30-Dec-2025,25177.85,Call,26950,0,0,15.1303,0,0,0
25-Nov-2025,25177.85,Put,22950,0,0,15.1303,0,7,0
25-Nov-2025,25177.85,Put,23050,0,0,15.1303,0,7,0
25-Nov-2025,25177.85,Put,23150,0,0,15.1303,0,9,0
25-Nov-2025,25177.85,Call,26850,0,0,15.1303,0,0,0
30-Dec-2025,25177.85,Call,23650,0,0,15.1303,0,0,0
30-Dec-2025,25177.85,Call,23400,0,0,15.1303,0,0,0
30-Dec-2025,25177.85,Call,26400,0,0,15.1303,0,0,0
30-Dec-2025,25177.85,Put,26600,0,0,15.1303,0,9,0
30-Dec-2025,25177.85,Put,23250,0,0,15.1303,0,125,0
30-Dec-2025,25177.85,Put,23050,0,0,15.1303,0,120,0
30-Dec-2025,25177.85,Put,22950,0,0,15.1303,0,45,0
30-Dec-2025,25177.85,Put,22900,0,0,15.1303,0,128,0
30-Dec-2025,25177.85,Call,16000,0,0,15.1303,0,4.66666666667,0
30-Dec-2025,25177.85,Put,26850,0,0,15.1303,0,0,0
30-Dec-2025,25177.85,Call,26850,0,0,15.1303,0,0,0
30-Dec-2025,25177.85,Put,26800,0,0,15.1303,0,0,0
30-Dec-2025,25177.85,Call,26800,0,0,15.1303,0,0,0
30-Dec-2025,25177.85,Put,26750,0,0,15.1303,0,0,0
30-Dec-2025,25177.85,Call,26750,0,0,15.1303,0,0,0
30-Dec-2025,25177.85,Put,26700,0,0,15.1303,0,0,0
30-Dec-2025,25177.85,Call,26700,0,0,15.1303,0,0,0
30-Dec-2025,25177.85,Call,19500,0,0,15.1303,0,15.3333333333,0
30-Dec-2025,25177.85,Put,25950,0,0,15.1303,0,25,0
30-Dec-2025,25177.85,Call,26600,0,0,15.1303,0,0,0
30-Dec-2025,25177.85,Put,26550,0,0,15.1303,0,10,0
30-Dec-2025,25177.85,Call,17000,0,0,15.1303,0,1443.33333333,0
30-Dec-2025,25177.85,Call,24750,0,0,15.1303,0,7,0
30-Dec-2025,25177.85,Call,24700,0,0,15.1303,0,58,0
30-Dec-2025,25177.85,Call,24650,0,0,15.1303,0,3,0
30-Dec-2025,25177.85,Call,26350,0,0,15.1303,0,0,0
30-Dec-2025,25177.85,Put,26150,0,0,15.1303,0,4,0
30-Dec-2025,25177.85,Put,26100,0,0,15.1303,0,61,0
30-Dec-2025,25177.85,Put,26050,0,0,15.1303,0,21,0
30-Dec-2025,25177.85,Put,26300,0,0,15.1303,0,9,0
30-Dec-2025,25177.85,Put,26400,0,0,15.1303,0,140,0
30-Dec-2025,25177.85,Call,24450,0,0,15.1303,0,8,0
30-Dec-2025,25177.85,Put,26650,0,0,15.1303,0,0,0
30-Dec-2025,25177.85,Call,26900,0,0,15.1303,0,0,0
30-Dec-2025,25177.85,Call,23350,0,0,15.1303,0,0,0
30-Dec-2025,25177.85,Put,16000,0,0,15.1303,0,272.666666667,0
30-Dec-2025,25177.85,Call,24550,0,0,15.1303,0,3,0
30-Dec-2025,25177.85,Call,23300,0,0,15.1303,0,0,0
29-Dec-2026,25177.85,Put,29000,0,0,15.1303,0,65,0
29-Sep-2026,25177.85,Put,20000,0,0,15.1303,0,0,0
29-Sep-2026,25177.85,Call,29000,0,0,15.1303,0,0,0
29-Sep-2026,25177.85,Call,30000,0,0,15.1303,0,0,0
29-Sep-2026,25177.85,Put,24000,0,0,15.1303,0,0,0
29-Sep-2026,25177.85,Put,25000,0,0,15.1303,0,0,0
29-Sep-2026,25177.85,Put,26000,0,0,15.1303,0,0,0
29-Sep-2026,25177.85,Call,27000,0,0,15.1303,0,0,0
30-Jun-2026,25177.85,Call,28000,0,0,15.1303,0,0,0
30-Jun-2026,25177.85,Call,31000,0,0,15.1303,0,0,0
30-Jun-2026,25177.85,Put,20000,0,0,15.1303,0,4691,0
30-Jun-2026,25177.85,Call,29000,0,0,15.1303,0,0,0
30-Jun-2026,25177.85,Put,14000,0,0,15.1303,0,20.3333333333,0
30-Jun-2026,25177.85,Put,15000,0,0,15.1303,0,17,0
30-Jun-2026,25177.85,Call,24000,0,0,15.1303,0,56,0
30-Jun-2026,25177.85,Put,19000,0,0,15.1303,0,3.33333333333,0
30-Jun-2026,25177.85,Put,16000,0,0,15.1303,0,30.3333333333,0
30-Jun-2026,25177.85,Put,21000,0,0,15.1303,0,4827,0
30-Jun-2026,25177.85,Put,28000,0,0,15.1303,0,0,0
30-Jun-2026,25177.85,Put,27000,0,0,15.1303,0,0,0
30-Jun-2026,25177.85,Call,19000,0,0,15.1303,0,1.33333333333,0
30-Jun-2026,25177.85,Put,13000,0,0,15.1303,0,2.66666666667,0
30-Jun-2026,25177.85,Put,12000,0,0,15.1303,0,4.33333333333,0
31-Mar-2026,25177.85,Call,31000,0,0,15.1303,0,0,0
31-Mar-2026,25177.85,Call,23000,0,0,15.1303,0,0,0
31-Mar-2026,25177.85,Put,19000,0,0,15.1303,0,6,0
31-Mar-2026,25177.85,Call,22000,0,0,15.1303,0,3,0
31-Mar-2026,25177.85,Call,21000,0,0,15.1303,0,1,0
30-Dec-2025,25177.85,Call,23250,0,0,15.1303,0,0,0
30-Dec-2025,25177.85,Call,23200,0,0,15.1303,0,0,0
30-Dec-2025,25177.85,Call,23150,0,0,15.1303,0,0,0
30-Dec-2025,25177.85,Call,23100,0,0,15.1303,0,0,0
30-Dec-2025,25177.85,Call,23050,0,0,15.1303,0,0,0
30-Dec-2025,25177.85,Call,22950,0,0,15.1303,0,0,0
30-Dec-2025,25177.85,Call,22900,0,0,15.1303,0,0,0
30-Dec-2025,25177.85,Call,22850,0,0,15.1303,0,0,0
30-Dec-2025,25177.85,Call,24400,0,0,15.1303,0,3,0
30-Dec-2025,25177.85,Call,24350,0,0,15.1303,0,3,0
30-Dec-2025,25177.85,Call,24300,0,0,15.1303,0,1,0
30-Dec-2025,25177.85,Call,24250,0,0,15.1303,0,0,0
30-Dec-2025,25177.85,Call,24200,0,0,15.1303,0,1,0
30-Dec-2025,25177.85,Call,24150,0,0,15.1303,0,0,0
30-Dec-2025,25177.85,Call,24100,0,0,15.1303,0,1,0
30-Dec-2025,25177.85,Call,24050,0,0,15.1303,0,0,0
30-Dec-2025,25177.85,Call,23900,0,0,15.1303,0,0,0
30-Dec-2025,25177.85,Call,23550,0,0,15.1303,0,0,0
30-Dec-2025,25177.85,Call,23450,0,0,15.1303,0,0,0
30-Dec-2025,25177.85,Call,26650,0,0,15.1303,0,0,0
30-Dec-2025,25177.85,Call,23700,0,0,15.1303,0,0,0
30-Dec-2025,25177.85,Put,23550,0,0,15.1303,0,80,0
30-Dec-2025,25177.85,Call,23850,0,0,15.1303,0,0,0
30-Dec-2025,25177.85,Call,26450,0,0,15.1303,0,0,0
30-Dec-2025,25177.85,Call,18000,0,0,15.1303,0,852.333333333,0
30-Dec-2025,25177.85,Call,23750,0,0,15.1303,0,0,0
30-Dec-2025,25177.85,Call,24850,0,0,15.1303,0,16,0
30-Dec-2025,25177.85,Call,19000,0,0,15.1303,0,149.666666667,0
30-Dec-2025,25177.85,Call,23800,0,0,15.1303,0,0,0
30-Dec-2025,25177.85,Put,23450,0,0,15.1303,0,82,0
30-Dec-2025,25177.85,Call,23600,0,0,15.1303,0,0,0
30-Dec-2025,25177.85,Call,23500,0,0,15.1303,0,0,0
30-Dec-2025,25177.85,Put,16500,0,0,15.1303,0,48,0
26-Jun-2029,25177.85,Put,21000,0,0,15.1303,0,0,0
26-Jun-2029,25177.85,Put,20000,0,0,15.1303,0,0,0
26-Dec-2028,25177.85,Put,27000,0,0,15.1303,0,0,0
26-Dec-2028,25177.85,Call,30000,0,0,15.1303,0,106,0
26-Dec-2028,25177.85,Put,29000,0,0,15.1303,0,0,0
26-Dec-2028,25177.85,Put,18000,0,0,15.1303,0,1,0
26-Dec-2028,25177.85,Put,21000,0,0,15.1303,0,16.6666666667,0
26-Dec-2028,25177.85,Call,28000,0,0,15.1303,0,14,0
26-Dec-2028,25177.85,Call,31000,0,0,15.1303,0,0,0
26-Dec-2028,25177.85,Call,24000,0,0,15.1303,0,0,0
26-Dec-2028,25177.85,Put,30000,0,0,15.1303,0,0,0
26-Dec-2028,25177.85,Put,23000,0,0,15.1303,0,43,0
26-Dec-2028,25177.85,Put,22000,0,0,15.1303,0,5,0
26-Dec-2028,25177.85,Put,20000,0,0,15.1303,0,14.6666666667,0
26-Dec-2028,25177.85,Put,25000,0,0,15.1303,0,59.3333333333,0
26-Dec-2028,25177.85,Put,24000,0,0,15.1303,0,24,0
26-Dec-2028,25177.85,Put,28000,0,0,15.1303,0,0,0
26-Dec-2028,25177.85,Put,26000,0,0,15.1303,0,2,0
26-Dec-2028,25177.85,Put,19000,0,0,15.1303,0,0,0
27-Jun-2028,25177.85,Put,23000,0,0,15.1303,0,0,0
27-Jun-2028,25177.85,Put,21000,0,0,15.1303,0,0,0
27-Jun-2028,25177.85,Put,29000,0,0,15.1303,0,0,0
27-Jun-2028,25177.85,Put,26000,0,0,15.1303,0,0,0
27-Jun-2028,25177.85,Put,19000,0,0,15.1303,0,0,0
27-Jun-2028,25177.85,Put,20000,0,0,15.1303,0,0,0
27-Jun-2028,25177.85,Call,30000,0,0,15.1303,0,0,0
27-Jun-2028,25177.85,Put,25000,0,0,15.1303,0,0,0
27-Jun-2028,25177.85,Put,27000,0,0,15.1303,0,0,0
27-Jun-2028,25177.85,Put,28000,0,0,15.1303,0,0,0
27-Jun-2028,25177.85,Put,22000,0,0,15.1303,0,4.33333333333,0
27-Jun-2028,25177.85,Put,24000,0,0,15.1303,0,0,0
27-Jun-2028,25177.85,Call,31000,0,0,15.1303,0,0,0
28-Dec-2027,25177.85,Put,21000,0,0,15.1303,0,13.6666666667,0
28-Dec-2027,25177.85,Call,27000,0,0,15.1303,0,0,0
28-Dec-2027,25177.85,Call,24000,0,0,15.1303,0,0,0
28-Dec-2027,25177.85,Put,24000,0,0,15.1303,0,51,0
28-Dec-2027,25177.85,Put,25000,0,0,15.1303,0,28,0
28-Dec-2027,25177.85,Put,26000,0,0,15.1303,0,10,0
28-Dec-2027,25177.85,Call,30000,0,0,15.1303,0,0,0
28-Dec-2027,25177.85,Call,29000,0,0,15.1303,0,0,0
28-Dec-2027,25177.85,Put,28000,0,0,15.1303,0,0,0
28-Dec-2027,25177.85,Call,31000,0,0,15.1303,0,0,0
28-Dec-2027,25177.85,Call,28000,0,0,15.1303,0,0,0
28-Dec-2027,25177.85,Put,15000,0,0,15.1303,0,8.33333333333,0
28-Dec-2027,25177.85,Put,17000,0,0,15.1303,0,189.333333333,0
28-Dec-2027,25177.85,Put,18000,0,0,15.1303,0,154,0
28-Dec-2027,25177.85,Put,19000,0,0,15.1303,0,9,0
28-Dec-2027,25177.85,Put,22000,0,0,15.1303,0,23.3333333333,0
28-Dec-2027,25177.85,Put,27000,0,0,15.1303,0,5,0
28-Dec-2027,25177.85,Put,29000,0,0,15.1303,0,0,0
28-Dec-2027,25177.85,Put,23000,0,0,15.1303,0,49,0
28-Dec-2027,25177.85,Call,26000,0,0,15.1303,0,0,0
28-Dec-2027,25177.85,Put,20000,0,0,15.1303,0,52.6666666667,0
29-Jun-2027,25177.85,Put,22000,0,0,15.1303,0,0,0
29-Jun-2027,25177.85,Put,21000,0,0,15.1303,0,11.6666666667,0
29-Jun-2027,25177.85,Call,30000,0,0,15.1303,0,0,0
29-Jun-2027,25177.85,Call,29000,0,0,15.1303,0,0,0
29-Jun-2027,25177.85,Call,31000,0,0,15.1303,0,0,0
29-Jun-2027,25177.85,Put,18000,0,0,15.1303,0,1.33333333333,0
29-Jun-2027,25177.85,Put,19000,0,0,15.1303,0,8,0
29-Jun-2027,25177.85,Put,27000,0,0,15.1303,0,0,0
29-Jun-2027,25177.85,Put,26000,0,0,15.1303,0,0,0
29-Jun-2027,25177.85,Call,28000,0,0,15.1303,0,0,0
29-Jun-2027,25177.85,Put,25000,0,0,15.1303,0,0,0
29-Jun-2027,25177.85,Put,24000,0,0,15.1303,0,0,0
29-Jun-2027,25177.85,Put,20000,0,0,15.1303,0,0,0
29-Jun-2027,25177.85,Put,23000,0,0,15.1303,0,0,0
29-Dec-2026,25177.85,Call,22000,0,0,15.1303,0,23,0
29-Dec-2026,25177.85,Put,19000,0,0,15.1303,0,23,0
29-Dec-2026,25177.85,Put,18000,0,0,15.1303,0,79.3333333333,0
29-Dec-2026,25177.85,Put,17000,0,0,15.1303,0,38,0
29-Dec-2026,25177.85,Call,23000,0,0,15.1303,0,68,0
29-Dec-2026,25177.85,Put,16000,0,0,15.1303,0,32.3333333333,0
29-Dec-2026,25177.85,Put,15000,0,0,15.1303,0,19.6666666667,0
29-Dec-2026,25177.85,Put,14000,0,0,15.1303,0,29.6666666667,0
29-Dec-2026,25177.85,Put,12000,0,0,15.1303,0,7.66666666667,0
29-Dec-2026,25177.85,Put,30000,0,0,15.1303,0,40,0
29-Dec-2026,25177.85,Call,24000,0,0,15.1303,0,132,0
29-Dec-2026,25177.85,Put,13000,0,0,15.1303,0,33,0
29-Sep-2026,25177.85,Call,28000,0,0,15.1303,0,0,0
29-Sep-2026,25177.85,Put,27000,0,0,15.1303,0,0,0
29-Sep-2026,25177.85,Call,26000,0,0,15.1303,0,0,0
29-Dec-2026,25177.85,Call,21000,0,0,15.1303,0,3,0
24-Dec-2029,25177.85,Put,25000,0,0,15.1303,0,3,0
24-Dec-2029,25177.85,Put,19000,0,0,15.1303,0,0,0
26-Jun-2029,25177.85,Put,25000,0,0,15.1303,0,0,0
26-Jun-2029,25177.85,Put,26000,0,0,15.1303,0,0.666666666667,0
26-Jun-2029,25177.85,Put,27000,0,0,15.1303,0,0,0
26-Jun-2029,25177.85,Put,19000,0,0,15.1303,0,0,0
26-Jun-2029,25177.85,Put,24000,0,0,15.1303,0,0.333333333333,0
26-Jun-2029,25177.85,Put,28000,0,0,15.1303,0,0,0
26-Jun-2029,25177.85,Put,29000,0,0,15.1303,0,0,0
26-Jun-2029,25177.85,Put,30000,0,0,15.1303,0,0,0
26-Jun-2029,25177.85,Put,31000,0,0,15.1303,0,0,0
24-Dec-2029,25177.85,Put,27000,0,0,15.1303,0,0,0
24-Dec-2029,25177.85,Put,24000,0,0,15.1303,0,0,0
24-Dec-2029,25177.85,Put,21000,0,0,15.1303,0,0,0
24-Dec-2029,25177.85,Put,22000,0,0,15.1303,0,0,0
24-Dec-2029,25177.85,Put,31000,0,0,15.1303,0,0,0
25-Jun-2030,25177.85,Put,19000,0,0,15.1303,0,0,0
24-Dec-2029,25177.85,Put,20000,0,0,15.1303,0,0,0
24-Dec-2029,25177.85,Put,26000,0,0,15.1303,0,2,0
24-Dec-2029,25177.85,Put,30000,0,0,15.1303,0,0,0
25-Jun-2030,25177.85,Put,23000,0,0,15.1303,0,0,0
26-Jun-2029,25177.85,Put,22000,0,0,15.1303,0,0,0
24-Dec-2029,25177.85,Put,29000,0,0,15.1303,0,0,0
24-Dec-2029,25177.85,Put,28000,0,0,15.1303,0,0,0
25-Jun-2030,25177.85,Put,20000,0,0,15.1303,0,0,0
24-Dec-2029,25177.85,Put,23000,0,0,15.1303,0,34,0
25-Jun-2030,25177.85,Put,25000,0,0,15.1303,0,0,0
25-Jun-2030,25177.85,Put,30000,0,0,15.1303,0,0,0
25-Jun-2030,25177.85,Put,24000,0,0,15.1303,0,0,0
26-Jun-2029,25177.85,Put,23000,0,0,15.1303,0,0,0
25-Jun-2030,25177.85,Put,21000,0,0,15.1303,0,0,0
25-Jun-2030,25177.85,Put,31000,0,0,15.1303,0,0,0
25-Jun-2030,25177.85,Put,28000,0,0,15.1303,0,0,0
25-Jun-2030,25177.85,Put,29000,0,0,15.1303,0,0,0
25-Jun-2030,25177.85,Put,27000,0,0,15.1303,0,0,0
25-Jun-2030,25177.85,Put,22000,0,0,15.1303,0,0,0
25-Jun-2030,25177.85,Put,26000,0,0,15.1303,0,0,0
