28-Oct-2025,1375.4,-,0,1378.6,0,24.3931,687,255649,14403
28-Oct-2025,1375.4,Call,1400,13.95,20.2,24.3931,1460,21826,10524
28-Oct-2025,1375.4,Call,1380,21.95,19.86,24.3931,859,8679,8377
28-Oct-2025,1375.4,Call,1370,27.05,19.79,24.3931,553,4901,6844
28-Oct-2025,1375.4,Put,1380,23.05,20.77,24.3931,-620,6501,5436
28-Oct-2025,1375.4,Put,1370,18.2,20.76,24.3931,20,4728,4679
28-Oct-2025,1375.4,Call,1420,8,20.11,24.3931,392,7405,4269
28-Oct-2025,1375.4,Put,1360,14.1,20.53,24.3931,118,4765,4192
28-Oct-2025,1375.4,Call,1390,17.5,19.93,24.3931,224,4823,3897
28-Oct-2025,1375.4,Put,1350,10.6,20.52,24.3931,-17,3775,3854
25-Nov-2025,1375.4,-,0,1386.2,0,24.3931,2597,17924,3507
28-Oct-2025,1375.4,Put,1340,7.9,20.52,24.3931,411,2651,3334
28-Oct-2025,1375.4,Call,1360,32.9,19.74,24.3931,172,4043,2909
28-Oct-2025,1375.4,Call,1340,46.7,19.35,24.3931,358,1003,2878
28-Oct-2025,1375.4,Call,1410,10.6,20.2,24.3931,436,2895,2520
28-Oct-2025,1375.4,Call,1450,3.5,20.91,24.3931,191,4522,2311
28-Oct-2025,1375.4,Call,1440,4.65,20.68,24.3931,405,5831,2068
28-Oct-2025,1375.4,Put,1330,5.8,20.5,24.3931,67,1900,2032
28-Oct-2025,1375.4,Put,1300,2.3,21.59,24.3931,120,4006,1915
28-Oct-2025,1375.4,Put,1400,35,21.05,24.3931,129,7991,1882
28-Oct-2025,1375.4,Put,1390,28.7,20.7,24.3931,-47,3583,1801
28-Oct-2025,1375.4,Call,1500,1.15,23.86,24.3931,586,11653,1770
28-Oct-2025,1375.4,Call,1430,6.1,20.29,24.3931,-62,2195,1680
28-Oct-2025,1375.4,Put,1320,4.25,20.87,24.3931,53,2057,1425
28-Oct-2025,1375.4,Call,1350,39.45,19.49,24.3931,46,1931,1236
28-Oct-2025,1375.4,Call,1460,2.6,21.1,24.3931,-34,2344,1063
28-Oct-2025,1375.4,Put,1310,3.05,21.07,24.3931,-24,888,968
25-Nov-2025,1375.4,Call,1400,28.95,17.78,24.3931,291,2109,910
28-Oct-2025,1375.4,Call,1480,1.5,21.92,24.3931,-59,1562,728
28-Oct-2025,1375.4,Call,1470,1.95,21.37,24.3931,38,1338,722
28-Oct-2025,1375.4,Put,1410,41.55,21.11,24.3931,-4,1264,716
28-Oct-2025,1375.4,Put,1280,1.35,22.51,24.3931,-118,2234,551
28-Oct-2025,1375.4,Put,1290,1.7,21.99,24.3931,-3,829,529
28-Oct-2025,1375.4,Call,1600,0.4,32.45,24.3931,-150,2319,487
28-Oct-2025,1375.4,Put,1250,0.7,25.22,24.3931,59,866,418
30-Dec-2025,1375.4,-,0,1394,0,24.3931,167,3574,333
25-Nov-2025,1375.4,Call,1380,38.85,17.83,24.3931,172,408,330
25-Nov-2025,1375.4,Put,1400,41.7,19.24,24.3931,110,1322,327
28-Oct-2025,1375.4,Call,1540,0.5,26,24.3931,-1,1061,317
25-Nov-2025,1375.4,Call,1500,6,19.48,24.3931,51,1348,317
28-Oct-2025,1375.4,Call,1300,80.6,19.9,24.3931,34,1695,299
28-Oct-2025,1375.4,Call,1490,1.25,22.69,24.3931,-12,1406,289
28-Oct-2025,1375.4,Put,1200,0.45,31.74,24.3931,25,2286,285
25-Nov-2025,1375.4,Call,1600,1.5,22.44,24.3931,-23,406,283
28-Oct-2025,1375.4,Put,1260,0.8,24.03,24.3931,45,1384,281
25-Nov-2025,1375.4,Call,1370,44,17.91,24.3931,139,250,239
28-Oct-2025,1375.4,Call,1560,0.55,28.94,24.3931,85,1498,238
28-Oct-2025,1375.4,Call,1520,0.7,24.65,24.3931,-9,890,218
25-Nov-2025,1375.4,Put,1300,7.7,19.71,24.3931,-9,508,173
25-Nov-2025,1375.4,Call,1390,33.55,17.95,24.3931,75,225,173
28-Oct-2025,1375.4,Put,1270,1,23.19,24.3931,-5,867,163
28-Oct-2025,1375.4,Put,1450,75.35,21.25,24.3931,-15,922,154
25-Nov-2025,1375.4,Put,1380,32.15,19.58,24.3931,40,259,151
25-Nov-2025,1375.4,Put,1360,22.75,19.07,24.3931,-3,339,142
30-Dec-2025,1375.4,Call,1400,41.5,15.83,24.3931,24,246,135
25-Nov-2025,1375.4,Call,1450,13.2,18.39,24.3931,58,270,128
25-Nov-2025,1375.4,Put,1390,36.8,19.46,24.3931,104,137,120
28-Oct-2025,1375.4,Put,1240,0.55,25.93,24.3931,3,1521,117
28-Oct-2025,1375.4,Call,1510,0.9,24.03,24.3931,16,916,116
25-Nov-2025,1375.4,Call,1520,4.35,19.91,24.3931,38,186,116
28-Oct-2025,1375.4,Put,1420,49.5,20.99,24.3931,44,1564,111
28-Oct-2025,1375.4,Put,1500,122.85,27.53,24.3931,42,4111,110
28-Oct-2025,1375.4,Put,1440,66,22.49,24.3931,6,1623,107
25-Nov-2025,1375.4,Call,1360,49.9,17.88,24.3931,67,147,103
25-Nov-2025,1375.4,Call,1420,21.45,18.11,24.3931,29,325,94
28-Oct-2025,1375.4,Put,1220,0.45,28.44,24.3931,-32,247,93
25-Nov-2025,1375.4,Put,1370,27.55,19.5,24.3931,31,246,93
25-Nov-2025,1375.4,Call,1480,8.05,18.88,24.3931,58,216,92
25-Nov-2025,1375.4,Put,1340,16.2,19.13,24.3931,24,374,90
28-Oct-2025,1375.4,Put,1430,56.9,20.37,24.3931,-4,474,78
25-Nov-2025,1375.4,Put,1320,11.35,19.47,24.3931,30,131,70
28-Oct-2025,1375.4,Call,1640,0.1,31.61,24.3931,25,245,66
25-Nov-2025,1375.4,Put,1350,19.75,19.03,24.3931,26,153,63
28-Oct-2025,1375.4,Call,1320,63.05,20.54,24.3931,0,440,56
28-Oct-2025,1375.4,Put,1640,261,42.29,24.3931,11,1827,54
25-Nov-2025,1375.4,Call,1470,9.55,18.74,24.3931,19,81,52
25-Nov-2025,1375.4,Call,1350,56.7,18.12,24.3931,33,98,49
25-Nov-2025,1375.4,Put,1260,4,21.3,24.3931,33,118,47
25-Nov-2025,1375.4,Call,1460,11.1,18.46,24.3931,14,167,41
25-Nov-2025,1375.4,Put,1240,2.5,21.43,24.3931,3,249,40
28-Oct-2025,1375.4,Call,1620,0.3,33.52,24.3931,-21,112,39
28-Oct-2025,1375.4,Call,1580,0.4,30.08,24.3931,-8,277,38
25-Nov-2025,1375.4,Put,1280,5.3,20.21,24.3931,1,193,36
30-Dec-2025,1375.4,Call,1500,11.7,16.7,24.3931,9,61,34
25-Nov-2025,1375.4,Put,1420,54,19.49,24.3931,24,31,31
28-Oct-2025,1375.4,Put,1600,220.05,0,24.3931,28,1884,30
28-Oct-2025,1375.4,Call,1330,54.45,20.16,24.3931,2,319,27
25-Nov-2025,1375.4,Call,1440,15.4,18.17,24.3931,9,152,27
30-Dec-2025,1375.4,Put,1400,45.25,18.46,24.3931,15,44,26
28-Oct-2025,1375.4,Put,1230,0.5,27.22,24.3931,-2,390,25
28-Oct-2025,1375.4,Put,1460,84.5,23.5,24.3931,2,647,24
25-Nov-2025,1375.4,Put,1310,9.65,19.8,24.3931,15,58,24
28-Oct-2025,1375.4,Call,1530,0.6,25.39,24.3931,5,196,19
28-Oct-2025,1375.4,Call,1310,71.55,20.44,24.3931,-4,186,18
25-Nov-2025,1375.4,Put,1200,1.5,23.79,24.3931,13,68,16
28-Oct-2025,1375.4,Put,1160,0.4,37.79,24.3931,-5,108,15
25-Nov-2025,1375.4,Call,1410,24.75,17.89,24.3931,7,17,15
25-Nov-2025,1375.4,Call,1430,17.75,17.86,24.3931,1,65,14
28-Oct-2025,1375.4,Put,1140,0.35,40.41,24.3931,-5,142,13
30-Dec-2025,1375.4,Put,1300,13,19.38,24.3931,0,100,12
25-Nov-2025,1375.4,Call,1540,3.35,20.64,24.3931,8,22,11
25-Nov-2025,1375.4,Put,1330,13.5,19.26,24.3931,6,52,9
28-Oct-2025,1375.4,Call,1200,177.45,0,24.3931,0,162,7
25-Nov-2025,1375.4,Put,1450,76.1,20.42,24.3931,4,30,7
28-Oct-2025,1375.4,Put,1180,0.4,34.49,24.3931,-3,90,6
30-Dec-2025,1375.4,Put,1280,9.8,19.69,24.3931,4,9,6
28-Oct-2025,1375.4,Put,1520,145,36.18,24.3931,0,224,5
28-Oct-2025,1375.4,Call,1240,136,0,24.3931,0,75,5
25-Nov-2025,1375.4,Put,1220,2.2,23.21,24.3931,3,4,5
25-Nov-2025,1375.4,Put,1440,69.2,20.57,24.3931,0,24,5
28-Oct-2025,1375.4,Call,1220,157,0,24.3931,0,42,4
25-Nov-2025,1375.4,Put,1500,117.65,21.79,24.3931,2,33,4
25-Nov-2025,1375.4,Call,1300,93.75,17.35,24.3931,2,35,4
30-Dec-2025,1375.4,Call,1560,5.6,17.85,24.3931,1,41,4
25-Nov-2025,1375.4,Put,1430,62.85,20.82,24.3931,3,41,4
30-Dec-2025,1375.4,Call,1480,15,16.33,24.3931,1,56,4
28-Oct-2025,1375.4,Call,1260,117.05,0,24.3931,0,88,2
28-Oct-2025,1375.4,Put,1580,205,46.91,24.3931,0,71,2
25-Nov-2025,1375.4,Put,1600,210.65,25.07,24.3931,0,28,1
25-Nov-2025,1375.4,Put,1250,15,33.95,24.3931,0,0,1
28-Oct-2025,1375.4,Put,1530,0,0,24.3931,0,28,0
28-Oct-2025,1375.4,Call,1280,0,0,24.3931,0,123,0
28-Oct-2025,1375.4,Put,1480,0,0,24.3931,0,370,0
28-Oct-2025,1375.4,Put,1540,0,0,24.3931,0,324,0
28-Oct-2025,1375.4,Put,1510,0,0,24.3931,0,61,0
28-Oct-2025,1375.4,Put,1620,0,0,24.3931,0,72,0
28-Oct-2025,1375.4,Put,1560,0,0,24.3931,0,371,0
28-Oct-2025,1375.4,Call,1140,0,0,24.3931,0,12,0
28-Oct-2025,1375.4,Call,1160,0,0,24.3931,0,9,0
28-Oct-2025,1375.4,Call,1180,0,0,24.3931,0,1163,0
28-Oct-2025,1375.4,Call,1250,0,0,24.3931,0,134,0
28-Oct-2025,1375.4,Call,1270,0,0,24.3931,0,145,0
28-Oct-2025,1375.4,Call,1290,0,0,24.3931,0,145,0
28-Oct-2025,1375.4,Put,1470,0,0,24.3931,0,114,0
25-Nov-2025,1375.4,Put,1470,0,0,24.3931,0,0,0
25-Nov-2025,1375.4,Put,1460,0,0,24.3931,0,3,0
25-Nov-2025,1375.4,Call,1320,0,0,24.3931,0,0,0
25-Nov-2025,1375.4,Call,1200,0,0,24.3931,0,0,0
25-Nov-2025,1375.4,Call,1580,0,0,24.3931,0,0,0
25-Nov-2025,1375.4,Put,1480,0,0,24.3931,0,0,0
25-Nov-2025,1375.4,Call,1220,0,0,24.3931,0,0,0
28-Oct-2025,1375.4,Put,1490,0,0,24.3931,0,72,0
25-Nov-2025,1375.4,Put,1540,0,0,24.3931,0,0,0
25-Nov-2025,1375.4,Call,1490,0,0,24.3931,0,0,0
25-Nov-2025,1375.4,Put,1490,0,0,24.3931,0,0,0
25-Nov-2025,1375.4,Put,1520,0,0,24.3931,0,0,0
25-Nov-2025,1375.4,Call,1560,0,0,24.3931,0,48,0
25-Nov-2025,1375.4,Call,1240,0,0,24.3931,0,0,0
25-Nov-2025,1375.4,Put,1410,0,0,24.3931,0,12,0
25-Nov-2025,1375.4,Put,1270,0,0,24.3931,0,0,0
30-Dec-2025,1375.4,Put,1240,0,0,24.3931,0,0,0
25-Nov-2025,1375.4,Put,1290,0,0,24.3931,0,0,0
30-Dec-2025,1375.4,Call,1460,0,0,24.3931,0,0,0
25-Nov-2025,1375.4,Put,1580,0,0,24.3931,0,0,0
30-Dec-2025,1375.4,Put,1360,0,0,24.3931,0,0,0
25-Nov-2025,1375.4,Call,1260,0,0,24.3931,0,0,0
25-Nov-2025,1375.4,Call,1270,0,0,24.3931,0,0,0
25-Nov-2025,1375.4,Call,1160,0,0,24.3931,0,0,0
25-Nov-2025,1375.4,Put,1560,0,0,24.3931,0,0,0
30-Dec-2025,1375.4,Call,1360,0,0,24.3931,0,0,0
30-Dec-2025,1375.4,Put,1320,0,0,24.3931,0,6,0
25-Nov-2025,1375.4,Call,1310,0,0,24.3931,0,0,0
25-Nov-2025,1375.4,Call,1330,0,0,24.3931,0,0,0
30-Dec-2025,1375.4,Call,1380,0,0,24.3931,0,0,0
30-Dec-2025,1375.4,Call,1440,0,0,24.3931,0,2,0
25-Nov-2025,1375.4,Call,1180,0,0,24.3931,0,0,0
25-Nov-2025,1375.4,Put,1160,0,0,24.3931,0,0,0
30-Dec-2025,1375.4,Call,1520,0,0,24.3931,0,0,0
30-Dec-2025,1375.4,Put,1260,0,0,24.3931,0,0,0
30-Dec-2025,1375.4,Put,1160,0,0,24.3931,0,0,0
25-Nov-2025,1375.4,Call,1280,0,0,24.3931,0,0,0
25-Nov-2025,1375.4,Call,1250,0,0,24.3931,0,0,0
30-Dec-2025,1375.4,Put,1380,0,0,24.3931,0,1,0
30-Dec-2025,1375.4,Put,1420,0,0,24.3931,0,0,0
30-Dec-2025,1375.4,Put,1340,0,0,24.3931,0,0,0
25-Nov-2025,1375.4,Put,1180,0,0,24.3931,0,0,0
25-Nov-2025,1375.4,Call,1340,0,0,24.3931,0,0,0
30-Dec-2025,1375.4,Call,1600,0,0,24.3931,0,0,0
30-Dec-2025,1375.4,Call,1420,0,0,24.3931,0,0,0
25-Nov-2025,1375.4,Call,1290,0,0,24.3931,0,0,0
30-Dec-2025,1375.4,Put,1200,0,0,24.3931,0,40,0
30-Dec-2025,1375.4,Put,1440,0,0,24.3931,0,0,0
30-Dec-2025,1375.4,Put,1600,0,0,0,0,0,0
