28-Oct-2025,1370.7,-,0,1376.2,0,24.3931,435,255397,4904
28-Oct-2025,1370.7,Call,1400,13.65,20.59,24.3931,963,21329,3826
28-Oct-2025,1370.7,Call,1380,21.45,20.49,24.3931,404,8224,3268
28-Oct-2025,1370.7,Call,1370,26.45,20.45,24.3931,278,4626,2232
28-Oct-2025,1370.7,Put,1380,24.95,21.09,24.3931,-253,6868,2042
28-Oct-2025,1370.7,Call,1420,7.85,20.36,24.3931,357,7370,1901
28-Oct-2025,1370.7,Put,1370,20.15,21.06,24.3931,-108,4600,1653
28-Oct-2025,1370.7,Call,1390,17.15,20.55,24.3931,169,4768,1620
28-Oct-2025,1370.7,Put,1350,12.15,20.94,24.3931,-55,3737,1481
28-Oct-2025,1370.7,Put,1360,15.75,20.96,24.3931,68,4715,1425
25-Nov-2025,1370.7,-,0,1383.8,0,24.3931,771,16098,1200
28-Oct-2025,1370.7,Call,1440,4.6,20.83,24.3931,356,5782,998
28-Oct-2025,1370.7,Call,1410,10.4,20.29,24.3931,199,2658,982
28-Oct-2025,1370.7,Call,1500,1.15,24.11,24.3931,406,11473,973
28-Oct-2025,1370.7,Put,1340,9.25,21.07,24.3931,101,2341,887
28-Oct-2025,1370.7,Call,1360,32.3,20.36,24.3931,131,4002,814
28-Oct-2025,1370.7,Call,1450,3.5,21.06,24.3931,73,4404,787
28-Oct-2025,1370.7,Put,1300,2.9,22.2,24.3931,-21,3865,721
28-Oct-2025,1370.7,Call,1430,5.95,20.56,24.3931,-6,2251,682
28-Oct-2025,1370.7,Put,1390,30.55,21.14,24.3931,4,3634,651
28-Oct-2025,1370.7,Put,1330,6.95,21.22,24.3931,76,1909,629
28-Oct-2025,1370.7,Put,1400,37,21.2,24.3931,18,7880,603
28-Oct-2025,1370.7,Put,1320,5.15,21.35,24.3931,69,2073,587
28-Oct-2025,1370.7,Call,1340,45.85,20.39,24.3931,208,853,459
28-Oct-2025,1370.7,Call,1350,38.65,20.49,24.3931,37,1922,459
28-Oct-2025,1370.7,Call,1460,2.55,21.26,24.3931,-21,2357,401
28-Oct-2025,1370.7,Call,1600,0.35,31.93,24.3931,-156,2313,357
28-Oct-2025,1370.7,Call,1480,1.55,22.13,24.3931,-36,1585,348
28-Oct-2025,1370.7,Call,1470,2,21.68,24.3931,-7,1293,346
25-Nov-2025,1370.7,Call,1400,28.7,18.15,24.3931,114,1932,335
28-Oct-2025,1370.7,Put,1310,3.85,21.75,24.3931,-70,842,325
28-Oct-2025,1370.7,Put,1280,1.55,22.97,24.3931,-99,2253,312
28-Oct-2025,1370.7,Put,1410,43.85,21.3,24.3931,-28,1240,303
28-Oct-2025,1370.7,Put,1290,2.15,22.75,24.3931,4,836,292
28-Oct-2025,1370.7,Call,1560,0.55,28.98,24.3931,57,1470,155
25-Nov-2025,1370.7,Put,1400,43.4,19.51,24.3931,39,1251,145
28-Oct-2025,1370.7,Call,1490,1.3,22.92,24.3931,0,1418,137
30-Dec-2025,1370.7,-,0,1392,0,24.3931,70,3477,127
28-Oct-2025,1370.7,Put,1250,0.75,25.46,24.3931,-21,786,127
28-Oct-2025,1370.7,Call,1520,0.75,24.97,24.3931,-16,883,127
28-Oct-2025,1370.7,Call,1540,0.5,26.04,24.3931,-2,1060,125
25-Nov-2025,1370.7,Call,1500,6.35,19.86,24.3931,3,1300,117
25-Nov-2025,1370.7,Call,1370,43.4,18.01,24.3931,86,197,106
25-Nov-2025,1370.7,Call,1380,37.35,18.08,24.3931,45,281,98
25-Nov-2025,1370.7,Call,1390,32.95,18.19,24.3931,23,173,85
25-Nov-2025,1370.7,Put,1300,8.1,19.62,24.3931,2,519,80
28-Oct-2025,1370.7,Call,1510,0.9,24.32,24.3931,7,907,79
28-Oct-2025,1370.7,Put,1270,1.15,23.56,24.3931,-1,871,73
25-Nov-2025,1370.7,Put,1390,38.25,19.09,24.3931,63,96,72
28-Oct-2025,1370.7,Put,1500,123,27.18,24.3931,41,4110,62
28-Oct-2025,1370.7,Call,1300,79,20.98,24.3931,44,1705,61
25-Nov-2025,1370.7,Put,1380,32.8,19.29,24.3931,31,250,60
28-Oct-2025,1370.7,Put,1220,0.4,27.92,24.3931,-33,246,59
28-Oct-2025,1370.7,Put,1260,0.85,23.98,24.3931,5,1344,55
30-Dec-2025,1370.7,Call,1400,41.2,16.09,24.3931,6,228,54
28-Oct-2025,1370.7,Put,1420,51.5,21.02,24.3931,7,1527,51
25-Nov-2025,1370.7,Call,1600,1.7,22.98,24.3931,24,453,49
25-Nov-2025,1370.7,Put,1360,23.9,19.01,24.3931,-2,340,47
25-Nov-2025,1370.7,Call,1450,13.2,18.63,24.3931,13,225,38
25-Nov-2025,1370.7,Call,1520,4.6,20.25,24.3931,-7,141,35
28-Oct-2025,1370.7,Put,1440,68,21.5,24.3931,0,1617,34
25-Nov-2025,1370.7,Call,1420,21.45,18.28,24.3931,10,306,31
25-Nov-2025,1370.7,Put,1370,27.75,19.13,24.3931,14,229,28
25-Nov-2025,1370.7,Put,1350,20.15,19.18,24.3931,16,143,28
28-Oct-2025,1370.7,Put,1200,0.45,31.69,24.3931,4,2265,27
28-Oct-2025,1370.7,Put,1240,0.55,25.89,24.3931,4,1522,26
25-Nov-2025,1370.7,Call,1350,56.4,17.22,24.3931,2,67,26
25-Nov-2025,1370.7,Call,1360,49.35,17.88,24.3931,14,94,17
25-Nov-2025,1370.7,Put,1320,11.8,19.35,24.3931,7,108,17
25-Nov-2025,1370.7,Put,1260,3.6,20.7,24.3931,15,100,16
28-Oct-2025,1370.7,Put,1450,76.75,20.05,24.3931,-2,935,15
28-Oct-2025,1370.7,Put,1430,58.15,21.72,24.3931,3,481,15
28-Oct-2025,1370.7,Call,1620,0.25,32.82,24.3931,-13,120,14
28-Oct-2025,1370.7,Put,1460,85.95,22.83,24.3931,0,645,10
25-Nov-2025,1370.7,Put,1340,16.2,19.14,24.3931,3,353,10
25-Nov-2025,1370.7,Call,1470,9.75,19.12,24.3931,8,70,10
25-Nov-2025,1370.7,Put,1240,2.55,21.49,24.3931,-7,239,10
28-Oct-2025,1370.7,Call,1530,0.55,25.1,24.3931,0,191,8
28-Oct-2025,1370.7,Call,1580,0.45,30.61,24.3931,-1,284,8
25-Nov-2025,1370.7,Call,1410,24.9,18.1,24.3931,1,11,8
25-Nov-2025,1370.7,Call,1460,11.4,18.69,24.3931,4,157,8
30-Dec-2025,1370.7,Call,1500,11.45,16.59,24.3931,0,52,7
30-Dec-2025,1370.7,Put,1400,47,18.64,24.3931,3,32,7
28-Oct-2025,1370.7,Call,1320,62.6,21.7,24.3931,1,441,6
25-Nov-2025,1370.7,Put,1280,5.2,20.06,24.3931,0,192,6
25-Nov-2025,1370.7,Call,1440,15.9,18.41,24.3931,4,147,6
25-Nov-2025,1370.7,Call,1430,18.45,18.36,24.3931,1,65,5
25-Nov-2025,1370.7,Put,1330,14.15,19.21,24.3931,2,48,4
25-Nov-2025,1370.7,Put,1450,76.5,19.91,24.3931,2,28,4
28-Oct-2025,1370.7,Call,1310,70.85,17.97,24.3931,-1,189,3
28-Oct-2025,1370.7,Call,1640,0.15,33.02,24.3931,0,220,3
28-Oct-2025,1370.7,Put,1640,259.65,0,24.3931,1,1817,3
25-Nov-2025,1370.7,Put,1310,9.9,19.44,24.3931,-1,42,3
25-Nov-2025,1370.7,Put,1420,53.8,19.27,24.3931,1,8,3
28-Oct-2025,1370.7,Put,1230,0.45,26.75,24.3931,0,392,2
28-Oct-2025,1370.7,Call,1330,53.9,21.21,24.3931,1,318,2
30-Dec-2025,1370.7,Put,1300,12.95,18.96,24.3931,0,100,2
25-Nov-2025,1370.7,Call,1300,93.1,16.95,24.3931,0,33,2
28-Oct-2025,1370.7,Put,1140,0.35,0,24.3931,0,147,1
28-Oct-2025,1370.7,Put,1600,219.3,0,24.3931,0,1856,1
25-Nov-2025,1370.7,Put,1250,15,33.91,24.3931,0,0,1
25-Nov-2025,1370.7,Call,1480,8.3,19.13,24.3931,0,158,1
25-Nov-2025,1370.7,Put,1600,210.65,24.52,24.3931,0,28,1
30-Dec-2025,1370.7,Put,1280,9.5,19.46,24.3931,0,5,1
25-Nov-2025,1370.7,Put,1200,1.7,24.31,24.3931,0,55,1
25-Nov-2025,1370.7,Put,1430,61.3,19.83,24.3931,0,38,1
30-Dec-2025,1370.7,Call,1480,15.4,16.56,24.3931,0,55,1
25-Nov-2025,1370.7,Put,1440,68.25,19.88,24.3931,0,24,1
28-Oct-2025,1370.7,Call,1290,0,0,24.3931,0,145,0
28-Oct-2025,1370.7,Call,1270,0,0,24.3931,0,145,0
28-Oct-2025,1370.7,Call,1240,0,0,24.3931,0,75,0
28-Oct-2025,1370.7,Call,1250,0,0,24.3931,0,134,0
28-Oct-2025,1370.7,Put,1470,0,0,24.3931,0,114,0
28-Oct-2025,1370.7,Put,1490,0,0,24.3931,0,72,0
28-Oct-2025,1370.7,Put,1530,0,0,24.3931,0,28,0
28-Oct-2025,1370.7,Put,1180,0,0,24.3931,0,93,0
28-Oct-2025,1370.7,Put,1540,0,0,24.3931,0,324,0
28-Oct-2025,1370.7,Call,1260,0,0,24.3931,0,88,0
28-Oct-2025,1370.7,Put,1480,0,0,24.3931,0,370,0
28-Oct-2025,1370.7,Put,1520,0,0,24.3931,0,224,0
28-Oct-2025,1370.7,Call,1280,0,0,24.3931,0,123,0
28-Oct-2025,1370.7,Call,1140,0,0,24.3931,0,12,0
28-Oct-2025,1370.7,Put,1510,0,0,24.3931,0,61,0
28-Oct-2025,1370.7,Put,1620,0,0,24.3931,0,72,0
28-Oct-2025,1370.7,Put,1160,0,0,24.3931,0,113,0
28-Oct-2025,1370.7,Put,1560,0,0,24.3931,0,371,0
28-Oct-2025,1370.7,Call,1160,0,0,24.3931,0,9,0
28-Oct-2025,1370.7,Call,1180,0,0,24.3931,0,1163,0
28-Oct-2025,1370.7,Call,1200,0,0,24.3931,0,162,0
28-Oct-2025,1370.7,Call,1220,0,0,24.3931,0,42,0
25-Nov-2025,1370.7,Put,1500,0,0,24.3931,0,31,0
25-Nov-2025,1370.7,Call,1540,0,0,24.3931,0,14,0
25-Nov-2025,1370.7,Call,1560,0,0,24.3931,0,48,0
28-Oct-2025,1370.7,Put,1580,0,0,24.3931,0,71,0
25-Nov-2025,1370.7,Call,1290,0,0,24.3931,0,0,0
25-Nov-2025,1370.7,Call,1310,0,0,24.3931,0,0,0
25-Nov-2025,1370.7,Call,1580,0,0,24.3931,0,0,0
25-Nov-2025,1370.7,Call,1490,0,0,24.3931,0,0,0
25-Nov-2025,1370.7,Put,1470,0,0,24.3931,0,0,0
25-Nov-2025,1370.7,Put,1460,0,0,24.3931,0,3,0
25-Nov-2025,1370.7,Call,1270,0,0,24.3931,0,0,0
25-Nov-2025,1370.7,Put,1580,0,0,24.3931,0,0,0
25-Nov-2025,1370.7,Put,1490,0,0,24.3931,0,0,0
25-Nov-2025,1370.7,Call,1320,0,0,24.3931,0,0,0
25-Nov-2025,1370.7,Call,1180,0,0,24.3931,0,0,0
25-Nov-2025,1370.7,Put,1270,0,0,24.3931,0,0,0
30-Dec-2025,1370.7,Put,1440,0,0,24.3931,0,0,0
25-Nov-2025,1370.7,Put,1160,0,0,24.3931,0,0,0
25-Nov-2025,1370.7,Put,1290,0,0,24.3931,0,0,0
25-Nov-2025,1370.7,Call,1240,0,0,24.3931,0,0,0
30-Dec-2025,1370.7,Put,1240,0,0,24.3931,0,0,0
25-Nov-2025,1370.7,Call,1330,0,0,24.3931,0,0,0
25-Nov-2025,1370.7,Call,1250,0,0,24.3931,0,0,0
25-Nov-2025,1370.7,Put,1220,0,0,24.3931,0,1,0
25-Nov-2025,1370.7,Put,1540,0,0,24.3931,0,0,0
25-Nov-2025,1370.7,Call,1160,0,0,24.3931,0,0,0
25-Nov-2025,1370.7,Put,1560,0,0,24.3931,0,0,0
25-Nov-2025,1370.7,Put,1410,0,0,24.3931,0,12,0
25-Nov-2025,1370.7,Call,1200,0,0,24.3931,0,0,0
25-Nov-2025,1370.7,Put,1180,0,0,24.3931,0,0,0
30-Dec-2025,1370.7,Put,1200,0,0,24.3931,0,40,0
25-Nov-2025,1370.7,Call,1340,0,0,24.3931,0,0,0
25-Nov-2025,1370.7,Put,1480,0,0,24.3931,0,0,0
30-Dec-2025,1370.7,Put,1380,0,0,24.3931,0,1,0
25-Nov-2025,1370.7,Call,1280,0,0,24.3931,0,0,0
25-Nov-2025,1370.7,Put,1520,0,0,24.3931,0,0,0
30-Dec-2025,1370.7,Call,1360,0,0,24.3931,0,0,0
30-Dec-2025,1370.7,Call,1600,0,0,24.3931,0,0,0
30-Dec-2025,1370.7,Call,1380,0,0,24.3931,0,0,0
30-Dec-2025,1370.7,Put,1260,0,0,24.3931,0,0,0
30-Dec-2025,1370.7,Put,1420,0,0,24.3931,0,0,0
30-Dec-2025,1370.7,Put,1360,0,0,24.3931,0,0,0
25-Nov-2025,1370.7,Call,1220,0,0,24.3931,0,0,0
30-Dec-2025,1370.7,Put,1340,0,0,24.3931,0,0,0
30-Dec-2025,1370.7,Put,1600,0,0,0,0,0,0
30-Dec-2025,1370.7,Call,1440,0,0,24.3931,0,2,0
25-Nov-2025,1370.7,Call,1260,0,0,24.3931,0,0,0
30-Dec-2025,1370.7,Call,1520,0,0,24.3931,0,0,0
30-Dec-2025,1370.7,Put,1320,0,0,24.3931,0,6,0
30-Dec-2025,1370.7,Call,1420,0,0,24.3931,0,0,0
30-Dec-2025,1370.7,Call,1560,0,0,24.3931,0,40,0
30-Dec-2025,1370.7,Call,1460,0,0,24.3931,0,0,0
30-Dec-2025,1370.7,Put,1160,0,0,24.3931,0,0,0
