28-Oct-2025,385.5,Call,400,2.8,23.32,33.5096,491,5694,2208
28-Oct-2025,385.5,Call,395,4.2,23.01,33.5096,123,1806,1705
28-Oct-2025,385.5,-,0,387.65,0,33.5096,190,41584,1515
28-Oct-2025,385.5,Call,390,6,22.63,33.5096,133,2268,1144
28-Oct-2025,385.5,Put,390,8.25,21.34,33.5096,5,2253,834
28-Oct-2025,385.5,Put,385,5.8,21.57,33.5096,10,1106,680
28-Oct-2025,385.5,Put,380,3.9,21.72,33.5096,2,1361,600
28-Oct-2025,385.5,Call,410,1.25,23.78,33.5096,49,1699,524
28-Oct-2025,385.5,Call,385,8.45,22.78,33.5096,27,898,365
28-Oct-2025,385.5,Call,405,1.85,23.45,33.5096,31,927,345
25-Nov-2025,385.5,-,0,389.55,0,33.5096,98,1202,230
28-Oct-2025,385.5,Put,395,11.5,21.34,33.5096,-19,1001,230
28-Oct-2025,385.5,Put,375,2.6,22.39,33.5096,0,581,186
28-Oct-2025,385.5,Call,380,11.6,23.29,33.5096,19,348,185
28-Oct-2025,385.5,Call,415,0.8,24.76,33.5096,-23,531,173
28-Oct-2025,385.5,Call,420,0.6,25.62,33.5096,-2,1511,172
28-Oct-2025,385.5,Put,370,1.7,23.4,33.5096,2,497,153
25-Nov-2025,385.5,Call,400,8.35,23.98,33.5096,105,298,148
28-Oct-2025,385.5,Put,400,14.95,20.43,33.5096,-6,1830,103
28-Oct-2025,385.5,Put,365,1.15,24.68,33.5096,5,218,69
28-Oct-2025,385.5,Put,350,0.45,30.26,33.5096,-3,404,66
28-Oct-2025,385.5,Call,450,0.1,32.07,33.5096,-4,982,40
25-Nov-2025,385.5,Put,400,18.15,23.07,33.5096,20,87,26
28-Oct-2025,385.5,Call,440,0.15,29.5,33.5096,-7,790,21
28-Oct-2025,385.5,Put,360,0.85,26.72,33.5096,2,908,20
28-Oct-2025,385.5,Call,370,19.45,25.84,33.5096,0,110,19
28-Oct-2025,385.5,Call,375,15.3,26.12,33.5096,2,77,17
30-Dec-2025,385.5,-,0,392,0,33.5096,12,128,15
28-Oct-2025,385.5,Call,430,0.35,28.69,33.5096,-3,506,12
25-Nov-2025,385.5,Put,380,7.6,23.24,33.5096,3,77,12
28-Oct-2025,385.5,Call,365,23.85,27.82,33.5096,4,67,11
28-Oct-2025,385.5,Put,410,23.55,21.33,33.5096,0,538,9
28-Oct-2025,385.5,Put,405,19,21.76,33.5096,1,272,9
25-Nov-2025,385.5,Put,350,1.55,25.25,33.5096,7,13,9
25-Nov-2025,385.5,Call,410,5.55,24.9,33.5096,4,30,8
25-Nov-2025,385.5,Call,390,12.45,23.04,33.5096,3,45,8
25-Nov-2025,385.5,Call,420,3.5,24.61,33.5096,0,100,7
28-Oct-2025,385.5,Call,425,0.45,27.36,33.5096,-1,323,6
25-Nov-2025,385.5,Put,370,4.75,23.02,33.5096,3,103,6
28-Oct-2025,385.5,Put,420,33,0,33.5096,2,1067,4
28-Oct-2025,385.5,Call,355,33.55,33,33.5096,2,40,3
28-Oct-2025,385.5,Call,350,39.15,41.7,33.5096,0,46,2
28-Oct-2025,385.5,Put,450,62,0,33.5096,1,387,2
28-Oct-2025,385.5,Put,415,28.25,0,33.5096,1,116,2
25-Nov-2025,385.5,Call,395,11.2,24.98,33.5096,-1,2,2
25-Nov-2025,385.5,Put,410,24.9,0,33.5096,0,0,2
25-Nov-2025,385.5,Call,430,2.25,24.87,33.5096,0,33,2
28-Oct-2025,385.5,Put,425,36.35,0,33.5096,0,36,1
25-Nov-2025,385.5,Put,420,32.3,23.45,33.5096,0,33,1
30-Dec-2025,385.5,Call,400,13,21.79,33.5096,0,7,1
28-Oct-2025,385.5,Put,440,0,0,33.5096,0,949,0
28-Oct-2025,385.5,Put,430,0,0,33.5096,0,560,0
28-Oct-2025,385.5,Put,340,0,0,33.5096,0,188,0
28-Oct-2025,385.5,Call,460,0,0,33.5096,0,78,0
28-Oct-2025,385.5,Put,320,0,0,33.5096,0,66,0
28-Oct-2025,385.5,Call,335,0,0,33.5096,0,19,0
28-Oct-2025,385.5,Call,345,0,0,33.5096,0,15,0
28-Oct-2025,385.5,Put,435,0,0,33.5096,0,11,0
28-Oct-2025,385.5,Call,435,0,0,33.5096,0,62,0
28-Oct-2025,385.5,Put,460,0,0,33.5096,0,139,0
28-Oct-2025,385.5,Put,345,0,0,33.5096,0,0,0
28-Oct-2025,385.5,Put,355,0,0,33.5096,0,106,0
28-Oct-2025,385.5,Call,320,0,0,33.5096,0,5,0
28-Oct-2025,385.5,Put,330,0,0,33.5096,0,33,0
28-Oct-2025,385.5,Call,330,0,0,33.5096,0,35,0
28-Oct-2025,385.5,Call,360,0,0,33.5096,0,91,0
28-Oct-2025,385.5,Call,340,0,0,33.5096,0,6,0
25-Nov-2025,385.5,Call,460,0,0,33.5096,0,0,0
25-Nov-2025,385.5,Put,385,0,0,33.5096,0,0,0
25-Nov-2025,385.5,Call,405,0,0,33.5096,0,3,0
25-Nov-2025,385.5,Call,415,0,0,33.5096,0,0,0
25-Nov-2025,385.5,Call,425,0,0,33.5096,0,1,0
25-Nov-2025,385.5,Put,460,0,0,33.5096,0,0,0
25-Nov-2025,385.5,Put,440,0,0,33.5096,0,0,0
25-Nov-2025,385.5,Put,390,0,0,33.5096,0,29,0
25-Nov-2025,385.5,Put,450,0,0,33.5096,0,0,0
25-Nov-2025,385.5,Put,425,0,0,33.5096,0,0,0
25-Nov-2025,385.5,Put,415,0,0,33.5096,0,0,0
25-Nov-2025,385.5,Call,345,0,0,33.5096,0,0,0
25-Nov-2025,385.5,Call,450,0,0,33.5096,0,0,0
25-Nov-2025,385.5,Call,365,0,0,33.5096,0,0,0
25-Nov-2025,385.5,Put,405,0,0,33.5096,0,0,0
25-Nov-2025,385.5,Put,395,0,0,33.5096,0,1,0
25-Nov-2025,385.5,Call,375,0,0,33.5096,0,0,0
25-Nov-2025,385.5,Call,340,0,0,33.5096,0,0,0
25-Nov-2025,385.5,Call,330,0,0,33.5096,0,0,0
25-Nov-2025,385.5,Call,350,0,0,33.5096,0,6,0
25-Nov-2025,385.5,Call,360,0,0,33.5096,0,0,0
25-Nov-2025,385.5,Call,370,0,0,33.5096,0,2,0
25-Nov-2025,385.5,Put,430,0,0,33.5096,0,6,0
25-Nov-2025,385.5,Put,355,0,0,33.5096,0,0,0
25-Nov-2025,385.5,Put,365,0,0,33.5096,0,0,0
25-Nov-2025,385.5,Put,375,0,0,33.5096,0,0,0
25-Nov-2025,385.5,Call,385,0,0,33.5096,0,2,0
25-Nov-2025,385.5,Put,345,0,0,33.5096,0,0,0
25-Nov-2025,385.5,Call,435,0,0,33.5096,0,0,0
25-Nov-2025,385.5,Put,330,0,0,33.5096,0,0,0
25-Nov-2025,385.5,Put,340,0,0,33.5096,0,26,0
25-Nov-2025,385.5,Put,360,0,0,33.5096,0,0,0
25-Nov-2025,385.5,Put,435,0,0,33.5096,0,0,0
30-Dec-2025,385.5,Put,400,0,0,33.5096,0,0,0
30-Dec-2025,385.5,Put,390,0,0,33.5096,0,0,0
25-Nov-2025,385.5,Call,355,0,0,33.5096,0,0,0
25-Nov-2025,385.5,Call,440,0,0,33.5096,0,46,0
25-Nov-2025,385.5,Call,380,0,0,33.5096,0,1,0
30-Dec-2025,385.5,Put,410,0,0,33.5096,0,0,0
30-Dec-2025,385.5,Call,380,0,0,33.5096,0,0,0
30-Dec-2025,385.5,Call,390,0,0,33.5096,0,1,0
30-Dec-2025,385.5,Put,360,0,0,33.5096,0,0,0
30-Dec-2025,385.5,Call,430,0,0,33.5096,0,0,0
30-Dec-2025,385.5,Call,410,0,0,33.5096,0,0,0
30-Dec-2025,385.5,Call,420,0,0,33.5096,0,0,0
30-Dec-2025,385.5,Put,370,0,0,33.5096,0,0,0
30-Dec-2025,385.5,Call,440,0,0,33.5096,0,9,0
30-Dec-2025,385.5,Put,380,0,0,33.5096,0,0,0
