28-Oct-2025,172.57,Call,175,2.7,24.15,34.4999,381,3637,3961
28-Oct-2025,172.7,Call,180,1.2,24.79,34.4999,199,4885,3106
28-Oct-2025,172.57,Put,170,1.9,24.32,34.4999,83,1824,2772
28-Oct-2025,172.57,-,0,173.34,0,34.4999,154,34089,2681
28-Oct-2025,172.57,Call,172.5,3.85,24.2,34.4999,175,1225,1957
28-Oct-2025,172.57,Put,172.5,2.9,23.9,34.4999,63,1284,1818
28-Oct-2025,172.7,Call,177.5,1.8,24.63,34.4999,111,1371,1751
28-Oct-2025,172.7,Call,170,5.4,24.34,34.4999,165,1590,1482
28-Oct-2025,172.57,Call,185,0.5,25.85,34.4999,-13,1832,1410
28-Oct-2025,172.7,Call,190,0.25,28.27,34.4999,79,1935,1390
28-Oct-2025,172.57,Put,165,0.8,25.93,34.4999,24,1824,1294
28-Oct-2025,172.7,Put,175,4.2,23.92,34.4999,-14,1503,1278
28-Oct-2025,172.57,Put,160,0.35,28.52,34.4999,-15,1459,861
28-Oct-2025,172.57,Put,167.5,1.2,24.65,34.4999,62,824,790
28-Oct-2025,172.57,Call,182.5,0.75,24.96,34.4999,39,2342,662
28-Oct-2025,172.7,Put,162.5,0.5,26.76,34.4999,10,428,443
28-Oct-2025,172.7,Put,155,0.2,32.8,34.4999,-3,849,420
25-Nov-2025,172.7,-,0,174.3,0,34.4999,85,1165,397
28-Oct-2025,172.7,Call,195,0.1,29.24,34.4999,151,1306,315
28-Oct-2025,172.57,Call,187.5,0.4,27.95,34.4999,16,373,301
28-Oct-2025,172.57,Put,177.5,5.8,24.07,34.4999,-15,631,298
28-Oct-2025,172.7,Put,180,7.7,24.22,34.4999,-9,865,244
28-Oct-2025,172.57,Call,200,0.1,34.44,34.4999,2,1284,120
25-Nov-2025,172.57,Call,180,3.55,23.92,34.4999,41,284,108
28-Oct-2025,172.7,Call,167.5,7.15,25.23,34.4999,3,250,103
28-Oct-2025,172.57,Put,152.5,0.15,32.45,34.4999,-21,148,102
25-Nov-2025,172.57,Call,185,2.15,24.03,34.4999,-27,111,84
28-Oct-2025,172.57,Put,157.5,0.25,30.34,34.4999,17,207,83
28-Oct-2025,172.57,Call,165,9.2,26.19,34.4999,-1,301,83
30-Dec-2025,172.57,-,0,175.5,0,34.4999,-2,182,59
28-Oct-2025,172.57,Call,160,13.85,29.37,34.4999,-10,403,51
28-Oct-2025,172.57,Put,150,0.1,35.95,34.4999,35,1476,48
28-Oct-2025,172.57,Put,190,16.85,31.98,34.4999,-2,109,41
25-Nov-2025,172.57,Put,160,1.2,25.7,34.4999,9,119,37
25-Nov-2025,172.57,Call,175,5.35,22.92,34.4999,1,122,36
25-Nov-2025,172.57,Call,190,1.35,24.9,34.4999,8,152,35
25-Nov-2025,172.57,Call,200,0.5,26.29,34.4999,8,112,33
28-Oct-2025,172.57,Put,185,11.85,24.46,34.4999,0,177,31
28-Oct-2025,172.7,Call,192.5,0.2,30.04,34.4999,28,37,30
25-Nov-2025,172.57,Put,155,0.65,26.62,34.4999,13,24,30
28-Oct-2025,172.7,Call,157.5,15.35,0,34.4999,-12,46,24
25-Nov-2025,172.57,Put,170,3.55,25.24,34.4999,-2,102,21
28-Oct-2025,172.7,Call,162.5,11.15,20.84,34.4999,-2,47,16
28-Oct-2025,172.7,Put,145,0.05,39.02,34.4999,-13,391,14
28-Oct-2025,172.7,Put,182.5,9.65,24.37,34.4999,-4,80,14
25-Nov-2025,172.57,Put,165,2.1,24.76,34.4999,1,130,13
28-Oct-2025,172.57,Put,130,0.05,59.51,34.4999,10,142,12
28-Oct-2025,172.57,Call,150,23.5,35.05,34.4999,-3,127,11
25-Nov-2025,172.57,Put,150,0.45,29.36,34.4999,1,84,11
25-Nov-2025,172.57,Call,170,8.1,22.33,34.4999,3,42,10
30-Dec-2025,172.7,Call,190,2.6,22.38,34.4999,8,24,10
28-Oct-2025,172.57,Put,187.5,15.15,38.91,34.4999,-1,31,9
28-Oct-2025,172.7,Put,140,0.05,45.69,34.4999,4,67,9
25-Nov-2025,172.57,Put,190,17.25,30.42,34.4999,4,4,8
25-Nov-2025,172.57,Put,175,5.95,24.82,34.4999,0,96,7
25-Nov-2025,172.7,Call,195,0.8,25.38,34.4999,-1,87,7
28-Oct-2025,172.57,Call,130,42.85,0,34.4999,0,118,6
25-Nov-2025,172.57,Call,165,11,19.93,34.4999,2,19,5
25-Nov-2025,172.57,Put,180,9.35,27.04,34.4999,-1,43,4
28-Oct-2025,172.57,Call,155,18.6,31.59,34.4999,-1,158,3
30-Dec-2025,172.57,Call,170,10,20.13,34.4999,1,3,3
28-Oct-2025,172.57,Call,140,33.3,0,34.4999,0,58,2
25-Nov-2025,172.7,Put,145,0.25,30.68,34.4999,0,1,2
28-Oct-2025,172.57,Call,145,27.9,0,34.4999,0,27,1
28-Oct-2025,172.57,Put,147.5,0,0,34.4999,0,340,0
28-Oct-2025,172.57,Put,142.5,0,0,34.4999,0,14,0
28-Oct-2025,172.57,Call,147.5,0,0,34.4999,0,3,0
28-Oct-2025,172.57,Call,152.5,0,0,34.4999,0,20,0
28-Oct-2025,172.57,Put,192.5,0,0,34.4999,0,0,0
28-Oct-2025,172.57,Call,135,0,0,34.4999,0,7,0
25-Nov-2025,172.7,Put,177.5,0,0,34.4999,0,0,0
25-Nov-2025,172.7,Call,155,0,0,34.4999,0,0,0
25-Nov-2025,172.57,Put,195,0,0,34.4999,0,0,0
28-Oct-2025,172.7,Put,200,0,0,34.4999,0,30,0
28-Oct-2025,172.57,Put,195,0,0,34.4999,0,71,0
25-Nov-2025,172.57,Put,200,0,0,34.4999,0,0,0
25-Nov-2025,172.57,Call,130,0,0,34.4999,0,1,0
25-Nov-2025,172.7,Call,192.5,0,0,34.4999,0,0,0
25-Nov-2025,172.57,Put,192.5,0,0,34.4999,0,0,0
25-Nov-2025,172.57,Call,145,0,0,34.4999,0,0,0
25-Nov-2025,172.57,Call,150,0,0,34.4999,0,2,0
25-Nov-2025,172.57,Put,130,0,0,34.4999,0,13,0
25-Nov-2025,172.57,Call,182.5,0,0,34.4999,0,0,0
25-Nov-2025,172.7,Call,187.5,0,0,34.4999,0,0,0
25-Nov-2025,172.57,Call,162.5,0,0,34.4999,0,0,0
25-Nov-2025,172.57,Put,185,0,0,34.4999,0,0,0
25-Nov-2025,172.7,Put,152.5,0,0,34.4999,0,0,0
25-Nov-2025,172.57,Call,160,0,0,34.4999,0,6,0
25-Nov-2025,172.57,Put,157.5,0,0,34.4999,0,0,0
25-Nov-2025,172.7,Put,187.5,0,0,34.4999,0,0,0
25-Nov-2025,172.7,Call,167.5,0,0,34.4999,0,3,0
25-Nov-2025,172.57,Put,167.5,0,0,34.4999,0,1,0
25-Nov-2025,172.7,Put,162.5,0,0,34.4999,0,0,0
25-Nov-2025,172.7,Call,152.5,0,0,34.4999,0,0,0
25-Nov-2025,172.7,Call,177.5,0,0,34.4999,0,0,0
25-Nov-2025,172.7,Call,157.5,0,0,34.4999,0,0,0
30-Dec-2025,172.57,Put,150,0,0,34.4999,0,0,0
25-Nov-2025,172.57,Call,172.5,0,0,34.4999,0,0,0
30-Dec-2025,172.7,Put,175,0,0,34.4999,0,0,0
25-Nov-2025,172.7,Put,172.5,0,0,34.4999,0,0,0
30-Dec-2025,172.57,Put,160,0,0,34.4999,0,3,0
30-Dec-2025,172.7,Call,180,0,0,34.4999,0,3,0
30-Dec-2025,172.57,Put,140,0,0,34.4999,0,0,0
30-Dec-2025,172.7,Call,165,0,0,34.4999,0,0,0
25-Nov-2025,172.7,Put,182.5,0,0,34.4999,0,0,0
30-Dec-2025,172.57,Put,185,0,0,34.4999,0,0,0
30-Dec-2025,172.57,Put,165,0,0,34.4999,0,4,0
30-Dec-2025,172.57,Call,155,0,0,34.4999,0,0,0
30-Dec-2025,172.57,Put,210,0,0,0,0,0,0
30-Dec-2025,172.57,Put,180,0,0,34.4999,0,0,0
30-Dec-2025,172.57,Call,185,0,0,34.4999,0,0,0
30-Dec-2025,172.57,Call,175,0,0,34.4999,0,0,0
30-Dec-2025,172.57,Put,170,0,0,34.4999,0,1,0
30-Dec-2025,172.57,Call,150,0,0,34.4999,0,0,0
30-Dec-2025,172.7,Put,200,0,0,34.4999,0,0,0
30-Dec-2025,172.57,Call,140,0,0,34.4999,0,0,0
30-Dec-2025,172.7,Call,160,0,0,34.4999,0,0,0
30-Dec-2025,172.57,Put,155,0,0,34.4999,0,0,0
30-Dec-2025,172.57,Put,190,0,0,34.4999,0,0,0
30-Dec-2025,172.57,Call,200,0,0,34.4999,0,0,0
