28-Oct-2025,172.72,Call,175,2.7,24.27,34.4999,330,3586,4649
28-Oct-2025,172.72,Call,180,1.25,25.12,34.4999,257,4943,3612
28-Oct-2025,172.72,Put,170,1.8,23.53,34.4999,66,1807,3151
28-Oct-2025,172.72,-,0,173.51,0,34.4999,110,34045,3139
28-Oct-2025,172.72,Call,172.5,3.85,24.44,34.4999,141,1191,2286
28-Oct-2025,172.72,Put,172.5,2.8,23.05,34.4999,83,1304,2136
28-Oct-2025,172.72,Call,177.5,1.8,24.63,34.4999,163,1423,2121
28-Oct-2025,172.72,Call,170,5.4,25.12,34.4999,167,1592,1785
28-Oct-2025,172.72,Call,185,0.5,26.11,34.4999,-94,1751,1616
28-Oct-2025,172.72,Put,165,0.75,25.06,34.4999,100,1900,1561
28-Oct-2025,172.72,Call,190,0.3,29.63,34.4999,161,2017,1535
28-Oct-2025,172.72,Put,175,4.15,23.31,34.4999,-38,1479,1488
28-Oct-2025,172.72,Put,160,0.3,27.26,34.4999,9,1483,966
28-Oct-2025,172.72,Put,167.5,1.2,24.32,34.4999,64,826,905
28-Oct-2025,172.72,Call,182.5,0.75,25.82,34.4999,10,2313,719
28-Oct-2025,172.72,Put,162.5,0.5,26.51,34.4999,17,435,543
28-Oct-2025,172.72,Put,155,0.15,30.87,34.4999,11,863,509
25-Nov-2025,172.72,-,0,174.31,0,34.4999,130,1210,489
28-Oct-2025,172.72,Put,177.5,5.75,23.26,34.4999,-12,634,341
28-Oct-2025,172.72,Call,195,0.1,31.5,34.4999,152,1307,336
28-Oct-2025,172.72,Call,187.5,0.4,28.19,34.4999,23,380,308
28-Oct-2025,172.72,Put,180,7.55,23.61,34.4999,-23,851,291
28-Oct-2025,172.72,Call,200,0.05,31.35,34.4999,2,1284,129
28-Oct-2025,172.72,Put,152.5,0.15,34.56,34.4999,-17,152,125
25-Nov-2025,172.72,Call,180,3.5,23.94,34.4999,48,291,123
28-Oct-2025,172.72,Put,157.5,0.25,30.13,34.4999,18,208,119
28-Oct-2025,172.72,Call,167.5,7.25,27.16,34.4999,4,251,115
28-Oct-2025,172.72,Call,165,9.3,27.58,34.4999,-1,301,112
25-Nov-2025,172.72,Call,185,2.15,24.23,34.4999,-25,113,86
30-Dec-2025,172.72,-,0,175.57,0,34.4999,-2,182,67
28-Oct-2025,172.72,Put,150,0.1,35.78,34.4999,45,1486,63
28-Oct-2025,172.72,Call,160,13.85,31.74,34.4999,-11,402,58
25-Nov-2025,172.72,Put,160,1.1,24.79,34.4999,9,119,44
28-Oct-2025,172.72,Put,190,16.35,0,34.4999,-1,110,43
25-Nov-2025,172.72,Put,155,0.65,26.48,34.4999,13,24,43
25-Nov-2025,172.72,Call,175,5.5,23.88,34.4999,1,122,40
25-Nov-2025,172.72,Call,190,1.3,24.74,34.4999,7,151,37
25-Nov-2025,172.72,Call,200,0.5,26.42,34.4999,9,113,34
28-Oct-2025,172.72,Put,185,11.95,25.49,34.4999,0,177,33
28-Oct-2025,172.72,Call,192.5,0.25,31.62,34.4999,29,38,31
28-Oct-2025,172.72,Call,157.5,15.35,0,34.4999,-12,46,24
25-Nov-2025,172.72,Put,170,3.6,24.1,34.4999,-1,103,24
28-Oct-2025,172.72,Call,162.5,11.45,28.45,34.4999,-3,46,17
25-Nov-2025,172.72,Put,165,2.1,24.57,34.4999,1,130,16
28-Oct-2025,172.72,Call,150,23.55,44.55,34.4999,1,131,14
28-Oct-2025,172.72,Put,145,0.05,38.86,34.4999,-13,391,14
28-Oct-2025,172.72,Put,182.5,9.65,22.79,34.4999,-4,80,14
28-Oct-2025,172.72,Put,130,0.05,59.35,34.4999,10,142,12
25-Nov-2025,172.72,Call,170,8.2,23.91,34.4999,4,43,11
25-Nov-2025,172.72,Put,150,0.45,29.23,34.4999,1,84,11
28-Oct-2025,172.72,Put,140,0.05,45.53,34.4999,4,67,10
30-Dec-2025,172.72,Call,190,2.6,22.53,34.4999,8,24,10
25-Nov-2025,172.72,Call,195,0.8,25.53,34.4999,-2,86,10
28-Oct-2025,172.72,Put,187.5,15.15,37.48,34.4999,-1,31,9
25-Nov-2025,172.72,Put,190,17.25,29.77,34.4999,4,4,8
25-Nov-2025,172.72,Put,175,5.95,24.51,34.4999,0,96,7
28-Oct-2025,172.72,Call,130,42.85,0,34.4999,0,118,6
25-Nov-2025,172.72,Put,180,9,25.09,34.4999,-1,43,5
25-Nov-2025,172.72,Call,165,11,20.67,34.4999,2,19,5
28-Oct-2025,172.72,Call,140,33.7,65.75,34.4999,1,59,4
28-Oct-2025,172.72,Call,155,18.75,39.16,34.4999,-1,158,4
28-Oct-2025,172.72,Put,195,21.3,0,34.4999,1,72,3
30-Dec-2025,172.72,Call,170,10,20.48,34.4999,1,3,3
25-Nov-2025,172.72,Put,145,0.25,30.57,34.4999,0,1,2
28-Oct-2025,172.72,Call,145,27.9,0,34.4999,0,27,1
28-Oct-2025,172.72,Put,147.5,0.05,35.57,34.4999,0,340,1
30-Dec-2025,172.72,Put,210,34.4,31.19,0,0,0,1
28-Oct-2025,172.72,Put,142.5,0,0,34.4999,0,14,0
28-Oct-2025,172.72,Call,147.5,0,0,34.4999,0,3,0
28-Oct-2025,172.72,Call,152.5,0,0,34.4999,0,20,0
28-Oct-2025,172.72,Call,135,0,0,34.4999,0,7,0
25-Nov-2025,172.72,Put,195,0,0,34.4999,0,0,0
28-Oct-2025,172.72,Put,192.5,0,0,34.4999,0,0,0
25-Nov-2025,172.72,Put,152.5,0,0,34.4999,0,0,0
25-Nov-2025,172.72,Put,162.5,0,0,34.4999,0,0,0
25-Nov-2025,172.72,Call,152.5,0,0,34.4999,0,0,0
25-Nov-2025,172.72,Call,162.5,0,0,34.4999,0,0,0
28-Oct-2025,172.72,Put,200,0,0,34.4999,0,30,0
25-Nov-2025,172.72,Call,172.5,0,0,34.4999,0,0,0
25-Nov-2025,172.72,Put,192.5,0,0,34.4999,0,0,0
25-Nov-2025,172.72,Put,187.5,0,0,34.4999,0,0,0
25-Nov-2025,172.72,Call,157.5,0,0,34.4999,0,0,0
25-Nov-2025,172.72,Call,130,0,0,34.4999,0,1,0
25-Nov-2025,172.72,Put,157.5,0,0,34.4999,0,0,0
25-Nov-2025,172.72,Call,150,0,0,34.4999,0,2,0
30-Dec-2025,172.72,Put,165,0,0,34.4999,0,4,0
25-Nov-2025,172.72,Put,167.5,0,0,34.4999,0,1,0
25-Nov-2025,172.72,Call,177.5,0,0,34.4999,0,0,0
30-Dec-2025,172.72,Put,175,0,0,34.4999,0,0,0
25-Nov-2025,172.72,Call,182.5,0,0,34.4999,0,0,0
25-Nov-2025,172.72,Call,155,0,0,34.4999,0,0,0
30-Dec-2025,172.72,Call,165,0,0,34.4999,0,0,0
25-Nov-2025,172.72,Call,145,0,0,34.4999,0,0,0
30-Dec-2025,172.72,Call,140,0,0,34.4999,0,0,0
25-Nov-2025,172.72,Put,130,0,0,34.4999,0,13,0
30-Dec-2025,172.72,Put,140,0,0,34.4999,0,0,0
30-Dec-2025,172.72,Call,210,0,0,0,0,0,0
25-Nov-2025,172.72,Put,200,0,0,34.4999,0,0,0
25-Nov-2025,172.72,Call,192.5,0,0,34.4999,0,0,0
30-Dec-2025,172.72,Put,190,0,0,34.4999,0,0,0
25-Nov-2025,172.72,Put,185,0,0,34.4999,0,0,0
30-Dec-2025,172.72,Call,185,0,0,34.4999,0,0,0
25-Nov-2025,172.72,Call,187.5,0,0,34.4999,0,0,0
25-Nov-2025,172.72,Put,177.5,0,0,34.4999,0,0,0
25-Nov-2025,172.72,Call,160,0,0,34.4999,0,6,0
30-Dec-2025,172.72,Put,180,0,0,34.4999,0,0,0
30-Dec-2025,172.72,Put,185,0,0,34.4999,0,0,0
30-Dec-2025,172.72,Put,155,0,0,34.4999,0,0,0
30-Dec-2025,172.72,Call,150,0,0,34.4999,0,0,0
30-Dec-2025,172.72,Put,200,0,0,34.4999,0,0,0
30-Dec-2025,172.72,Call,175,0,0,34.4999,0,0,0
25-Nov-2025,172.72,Put,182.5,0,0,34.4999,0,0,0
30-Dec-2025,172.72,Call,180,0,0,34.4999,0,3,0
25-Nov-2025,172.72,Put,172.5,0,0,34.4999,0,0,0
30-Dec-2025,172.72,Put,160,0,0,34.4999,0,3,0
30-Dec-2025,172.72,Call,155,0,0,34.4999,0,0,0
30-Dec-2025,172.72,Put,170,0,0,34.4999,0,1,0
30-Dec-2025,172.72,Call,200,0,0,34.4999,0,0,0
30-Dec-2025,172.72,Put,150,0,0,34.4999,0,0,0
30-Dec-2025,172.72,Call,160,0,0,34.4999,0,0,0
25-Nov-2025,172.72,Call,167.5,0,0,34.4999,0,3,0
