28-Oct-2025,3530.1,Call,3600,27.3,17.65,26.1771,108,3434,3884
28-Oct-2025,3530.1,-,0,3544.6,0,26.1771,-39,62389,2457
28-Oct-2025,3530.1,Put,3500,29.1,16.87,26.1771,-86,2438,2348
28-Oct-2025,3530.1,Call,3560,41.35,17.42,26.1771,123,1030,1934
28-Oct-2025,3530.1,Call,4000,1.3,28.15,26.1771,190,1038,1844
28-Oct-2025,3530.1,Call,3500,72.8,17.36,26.1771,41,2502,1705
28-Oct-2025,3530.1,Call,3550,45.95,17.38,26.1771,157,1581,1686
28-Oct-2025,3530.1,Call,3580,33.65,17.68,26.1771,-19,830,1211
28-Oct-2025,3530.1,Put,3560,58,16.98,26.1771,-98,566,1045
28-Oct-2025,3530.1,Put,3550,52.3,17.05,26.1771,-54,819,994
28-Oct-2025,3530.1,Call,3540,50.7,17.18,26.1771,138,557,973
28-Oct-2025,3530.1,Call,3700,9.1,19,26.1771,136,2280,877
28-Oct-2025,3530.1,Put,3520,37.55,16.8,26.1771,8,407,870
28-Oct-2025,3530.1,Call,3650,16,18.12,26.1771,100,1190,766
28-Oct-2025,3530.1,Put,3400,7.85,17.98,26.1771,118,2370,752
28-Oct-2025,3530.1,Put,3540,46.35,17.05,26.1771,-5,403,708
28-Oct-2025,3530.1,Put,3600,82.6,17.18,26.1771,57,1126,582
28-Oct-2025,3530.1,Call,3520,60.75,17.4,26.1771,76,200,576
28-Oct-2025,3530.1,Call,3620,22.65,17.88,26.1771,9,341,565
28-Oct-2025,3530.1,Call,3800,3.5,21.27,26.1771,-3,1714,491
28-Oct-2025,3530.1,Put,3480,22.4,16.75,26.1771,-1,272,460
28-Oct-2025,3530.1,Put,3580,69.6,16.95,26.1771,-2,289,426
28-Oct-2025,3530.1,Put,3450,15.15,16.98,26.1771,-3,590,409
28-Oct-2025,3530.1,Call,3750,5.5,19.91,26.1771,-54,562,308
28-Oct-2025,3530.1,Call,3640,17.7,18.08,26.1771,-6,278,275
28-Oct-2025,3530.1,Put,3460,17.25,16.98,26.1771,17,313,243
25-Nov-2025,3530.1,-,0,3562.8,0,26.1771,44,987,214
28-Oct-2025,3530.1,Put,3350,4.6,19.37,26.1771,29,520,211
28-Oct-2025,3530.1,Call,3850,2.25,22.43,26.1771,-14,1361,199
28-Oct-2025,3530.1,Call,3660,14.1,18.35,26.1771,19,674,186
28-Oct-2025,3530.1,Call,3680,11.45,18.55,26.1771,-10,191,170
28-Oct-2025,3530.1,Put,3380,6.3,18.43,26.1771,-23,260,160
28-Oct-2025,3530.1,Put,3440,12.65,16.87,26.1771,-20,242,157
28-Oct-2025,3530.1,Call,3760,4.85,20.23,26.1771,-47,153,151
28-Oct-2025,3530.1,Put,3300,2.8,21.18,26.1771,-32,1207,118
28-Oct-2025,3530.1,Call,3480,87.25,17.47,26.1771,11,131,109
25-Nov-2025,3530.1,Call,3700,53,21.22,26.1771,25,68,97
28-Oct-2025,3530.1,Call,3400,154,19.78,26.1771,0,3386,96
28-Oct-2025,3530.1,Put,3420,9.85,17.29,26.1771,-25,346,82
28-Oct-2025,3530.1,Call,3720,7.35,19.63,26.1771,1,105,73
28-Oct-2025,3530.1,Call,3450,109.65,17.62,26.1771,0,1252,66
28-Oct-2025,3530.1,Call,3460,102.7,17.21,26.1771,-11,140,66
28-Oct-2025,3530.1,Put,3360,5,18.96,26.1771,-10,243,61
25-Nov-2025,3530.1,Call,3600,88.3,21.02,26.1771,13,142,61
28-Oct-2025,3530.1,Call,3440,120,18.89,26.1771,-8,134,57
28-Oct-2025,3530.1,Put,3660,128,16.93,26.1771,10,34,51
28-Oct-2025,3530.1,Put,3200,1.6,25.56,26.1771,-8,507,49
28-Oct-2025,3530.1,Put,3640,112.45,17.54,26.1771,18,52,48
25-Nov-2025,3530.1,Call,3800,30.7,21.71,26.1771,8,110,46
28-Oct-2025,3530.1,Put,3700,163.5,23.96,26.1771,-11,130,43
28-Oct-2025,3530.1,Call,3420,134.5,18.12,26.1771,-8,93,41
28-Oct-2025,3530.1,Put,3620,97.25,17.48,26.1771,9,115,40
28-Oct-2025,3530.1,Call,3900,1.5,23.61,26.1771,-8,548,37
28-Oct-2025,3530.1,Call,3380,169.9,18.86,26.1771,-19,53,37
28-Oct-2025,3530.1,Put,3650,120.65,17.7,26.1771,-1,427,35
28-Oct-2025,3530.1,Put,3100,0.85,29.42,26.1771,-27,629,30
25-Nov-2025,3530.1,Put,3300,20.2,22.24,26.1771,8,82,26
25-Nov-2025,3530.1,Put,3200,10.9,23.57,26.1771,-3,27,26
25-Nov-2025,3530.1,Put,3600,120.95,21.85,26.1771,7,37,23
28-Oct-2025,3530.1,Put,3000,0.35,32.09,26.1771,-10,401,22
25-Nov-2025,3530.1,Put,3500,71.5,21.7,26.1771,6,117,21
28-Oct-2025,3530.1,Put,3680,146.45,18.29,26.1771,-1,15,20
28-Oct-2025,3530.1,Call,3350,193.9,14.23,26.1771,7,167,19
28-Oct-2025,3530.1,Put,3150,1.1,27.3,26.1771,-12,89,19
28-Oct-2025,3530.1,Call,3780,4.05,20.64,26.1771,-9,43,19
28-Oct-2025,3530.1,Call,3840,2.5,22.27,26.1771,-4,236,17
28-Oct-2025,3530.1,Call,3740,6.1,19.85,26.1771,0,21,16
28-Oct-2025,3530.1,Put,3260,2.1,22.61,26.1771,-10,136,15
28-Oct-2025,3530.1,Put,3340,3.95,19.46,26.1771,-4,212,14
25-Nov-2025,3530.1,Put,3440,51,21.73,26.1771,9,9,14
28-Oct-2025,3530.1,Call,4200,0.7,34.69,26.1771,-9,69,13
25-Nov-2025,3530.1,Put,3400,39.35,21.73,26.1771,9,110,13
30-Dec-2025,3530.1,-,0,3588.7,0,26.1771,-2,212,12
28-Oct-2025,3530.1,Put,3800,262.9,25.48,26.1771,0,106,12
25-Nov-2025,3530.1,Call,3500,134.55,19.94,26.1771,3,38,11
25-Nov-2025,3530.1,Put,3700,179.2,20.98,26.1771,8,8,10
28-Oct-2025,3530.1,Put,3250,1.95,23,26.1771,-6,262,9
25-Nov-2025,3530.1,Call,3560,113.15,22.31,26.1771,7,13,8
28-Oct-2025,3530.1,Call,3880,1.9,23.44,26.1771,0,32,6
28-Oct-2025,3530.1,Call,4100,0.8,30.89,26.1771,0,89,6
25-Nov-2025,3530.1,Call,4000,10.8,23.45,26.1771,5,7,6
28-Oct-2025,3530.1,Put,3050,0.35,29.21,26.1771,-4,189,5
25-Nov-2025,3530.1,Call,4040,9.05,23.97,26.1771,4,10,5
28-Oct-2025,3530.1,Put,2900,0.35,37.92,26.1771,-2,74,3
28-Oct-2025,3530.1,Call,3300,237.05,0,26.1771,-1,179,3
25-Nov-2025,3530.1,Put,3460,57.05,21.6,26.1771,0,0,2
25-Nov-2025,3530.1,Put,3420,46,22,26.1771,0,0,2
25-Nov-2025,3530.1,Call,3400,193.7,17.67,26.1771,1,10,2
25-Nov-2025,3530.1,Put,3480,64.35,21.63,26.1771,0,0,2
28-Oct-2025,3530.1,Put,3220,2,25.15,26.1771,0,21,1
28-Oct-2025,3530.1,Put,3120,1.7,31.16,26.1771,0,56,1
25-Nov-2025,3530.1,Call,3660,62.7,20.57,26.1771,0,1,1
25-Nov-2025,3530.1,Call,3920,14,21.76,26.1771,0,0,1
25-Nov-2025,3530.1,Call,3520,123.35,20.02,26.1771,0,3,1
25-Nov-2025,3530.1,Call,3540,121.35,21.89,26.1771,0,5,1
25-Nov-2025,3530.1,Call,4200,5,26.34,26.1771,0,34,1
28-Oct-2025,3530.1,Call,3200,0,0,26.1771,0,26,0
28-Oct-2025,3530.1,Call,3250,0,0,26.1771,0,41,0
28-Oct-2025,3530.1,Call,3150,0,0,26.1771,0,7,0
28-Oct-2025,3530.1,Call,3100,0,0,26.1771,0,23,0
28-Oct-2025,3530.1,Call,3000,0,0,26.1771,0,37,0
28-Oct-2025,3530.1,Put,4000,0,0,26.1771,0,4,0
28-Oct-2025,3530.1,Call,3950,0,0,26.1771,0,357,0
28-Oct-2025,3530.1,Put,3720,0,0,26.1771,0,12,0
28-Oct-2025,3530.1,Put,3760,0,0,26.1771,0,0,0
28-Oct-2025,3530.1,Put,3080,0,0,26.1771,0,0,0
28-Oct-2025,3530.1,Put,4100,0,0,26.1771,0,1,0
28-Oct-2025,3530.1,Put,3750,0,0,26.1771,0,19,0
28-Oct-2025,3530.1,Call,3040,0,0,26.1771,0,0,0
28-Oct-2025,3530.1,Put,3880,0,0,26.1771,0,0,0
28-Oct-2025,3530.1,Put,3040,0,0,26.1771,0,40,0
28-Oct-2025,3530.1,Call,2960,0,0,26.1771,0,0,0
28-Oct-2025,3530.1,Put,3840,0,0,26.1771,0,0,0
28-Oct-2025,3530.1,Call,3160,0,0,26.1771,0,0,0
28-Oct-2025,3530.1,Put,3240,0,0,26.1771,0,13,0
28-Oct-2025,3530.1,Call,2920,0,0,26.1771,0,0,0
28-Oct-2025,3530.1,Put,3160,0,0,26.1771,0,33,0
28-Oct-2025,3530.1,Put,3180,0,0,26.1771,0,0,0
28-Oct-2025,3530.1,Put,2960,0,0,26.1771,0,0,0
28-Oct-2025,3530.1,Call,3260,0,0,26.1771,0,0,0
28-Oct-2025,3530.1,Call,3120,0,0,26.1771,0,0,0
28-Oct-2025,3530.1,Put,2920,0,0,26.1771,0,0,0
28-Oct-2025,3530.1,Call,3240,0,0,26.1771,0,0,0
28-Oct-2025,3530.1,Put,3320,0,0,26.1771,0,187,0
28-Oct-2025,3530.1,Call,3280,0,0,26.1771,0,5,0
28-Oct-2025,3530.1,Call,3340,0,0,26.1771,0,38,0
28-Oct-2025,3530.1,Call,3320,0,0,26.1771,0,21,0
28-Oct-2025,3530.1,Call,3220,0,0,26.1771,0,0,0
28-Oct-2025,3530.1,Call,3180,0,0,26.1771,0,0,0
28-Oct-2025,3530.1,Call,3080,0,0,26.1771,0,0,0
28-Oct-2025,3530.1,Call,3360,0,0,26.1771,0,78,0
28-Oct-2025,3530.1,Put,3280,0,0,26.1771,0,59,0
28-Oct-2025,3530.1,Call,3920,0,0,26.1771,0,14,0
28-Oct-2025,3530.1,Put,3920,0,0,26.1771,0,0,0
28-Oct-2025,3530.1,Put,3740,0,0,26.1771,0,1,0
28-Oct-2025,3530.1,Put,3780,0,0,26.1771,0,0,0
28-Oct-2025,3530.1,Call,3960,0,0,26.1771,0,0,0
28-Oct-2025,3530.1,Put,3960,0,0,26.1771,0,0,0
28-Oct-2025,3530.1,Call,4040,0,0,26.1771,0,0,0
28-Oct-2025,3530.1,Put,4040,0,0,26.1771,0,0,0
25-Nov-2025,3530.1,Call,3320,0,0,26.1771,0,0,0
25-Nov-2025,3530.1,Call,3340,0,0,26.1771,0,0,0
25-Nov-2025,3530.1,Call,3360,0,0,26.1771,0,0,0
25-Nov-2025,3530.1,Call,3380,0,0,26.1771,0,0,0
25-Nov-2025,3530.1,Call,3960,0,0,0,0,0,0
25-Nov-2025,3530.1,Put,3960,0,0,26.1771,0,0,0
25-Nov-2025,3530.1,Put,4040,0,0,26.1771,0,0,0
25-Nov-2025,3530.1,Call,3440,0,0,26.1771,0,0,0
25-Nov-2025,3530.1,Call,3120,0,0,26.1771,0,0,0
25-Nov-2025,3530.1,Call,3160,0,0,26.1771,0,0,0
25-Nov-2025,3530.1,Call,3180,0,0,26.1771,0,0,0
25-Nov-2025,3530.1,Call,3220,0,0,26.1771,0,0,0
25-Nov-2025,3530.1,Call,3260,0,0,26.1771,0,0,0
25-Nov-2025,3530.1,Call,3280,0,0,26.1771,0,0,0
25-Nov-2025,3530.1,Call,3420,0,0,26.1771,0,0,0
25-Nov-2025,3530.1,Put,3080,0,0,26.1771,0,0,0
25-Nov-2025,3530.1,Call,3200,0,0,26.1771,0,0,0
25-Nov-2025,3530.1,Put,3120,0,0,26.1771,0,0,0
25-Nov-2025,3530.1,Call,3300,0,0,26.1771,0,0,0
25-Nov-2025,3530.1,Call,3720,0,0,26.1771,0,7,0
25-Nov-2025,3530.1,Put,3320,0,0,26.1771,0,0,0
25-Nov-2025,3530.1,Put,3340,0,0,26.1771,0,0,0
25-Nov-2025,3530.1,Put,3560,0,0,26.1771,0,0,0
25-Nov-2025,3530.1,Put,4000,0,0,26.1771,0,0,0
25-Nov-2025,3530.1,Call,3080,0,0,26.1771,0,0,0
30-Dec-2025,3530.1,Call,3840,0,0,26.1771,0,0,0
30-Dec-2025,3530.1,Call,3920,0,0,26.1771,0,0,0
25-Nov-2025,3530.1,Put,3280,0,0,26.1771,0,0,0
25-Nov-2025,3530.1,Call,3460,0,0,26.1771,0,0,0
25-Nov-2025,3530.1,Call,3640,0,0,26.1771,0,14,0
25-Nov-2025,3530.1,Put,3780,0,0,26.1771,0,0,0
25-Nov-2025,3530.1,Put,3740,0,0,26.1771,0,0,0
25-Nov-2025,3530.1,Put,3760,0,0,26.1771,0,0,0
25-Nov-2025,3530.1,Put,3840,0,0,26.1771,0,0,0
25-Nov-2025,3530.1,Put,3680,0,0,26.1771,0,0,0
25-Nov-2025,3530.1,Put,3720,0,0,26.1771,0,0,0
25-Nov-2025,3530.1,Put,3160,0,0,26.1771,0,0,0
25-Nov-2025,3530.1,Call,3740,0,0,26.1771,0,0,0
25-Nov-2025,3530.1,Call,3780,0,0,26.1771,0,32,0
25-Nov-2025,3530.1,Call,2920,0,0,26.1771,0,0,0
25-Nov-2025,3530.1,Put,3180,0,0,26.1771,0,0,0
25-Nov-2025,3530.1,Call,3240,0,0,26.1771,0,0,0
25-Nov-2025,3530.1,Put,3580,0,0,26.1771,0,0,0
25-Nov-2025,3530.1,Call,3680,0,0,26.1771,0,1,0
25-Nov-2025,3530.1,Put,3520,0,0,26.1771,0,0,0
25-Nov-2025,3530.1,Call,2960,0,0,26.1771,0,0,0
25-Nov-2025,3530.1,Call,3000,0,0,26.1771,0,0,0
25-Nov-2025,3530.1,Put,2960,0,0,26.1771,0,0,0
25-Nov-2025,3530.1,Put,3540,0,0,26.1771,0,0,0
25-Nov-2025,3530.1,Call,3040,0,0,26.1771,0,0,0
25-Nov-2025,3530.1,Put,3360,0,0,26.1771,0,0,0
25-Nov-2025,3530.1,Put,3920,0,0,26.1771,0,0,0
25-Nov-2025,3530.1,Put,3000,0,0,26.1771,0,0,0
25-Nov-2025,3530.1,Call,3620,0,0,26.1771,0,1,0
25-Nov-2025,3530.1,Call,3580,0,0,26.1771,0,6,0
25-Nov-2025,3530.1,Put,3040,0,0,26.1771,0,0,0
25-Nov-2025,3530.1,Put,3800,0,0,26.1771,0,0,0
25-Nov-2025,3530.1,Call,3760,0,0,26.1771,0,0,0
25-Nov-2025,3530.1,Put,3240,0,0,26.1771,0,0,0
25-Nov-2025,3530.1,Put,2920,0,0,26.1771,0,0,0
25-Nov-2025,3530.1,Call,3880,0,0,26.1771,0,0,0
25-Nov-2025,3530.1,Put,3880,0,0,26.1771,0,0,0
25-Nov-2025,3530.1,Put,3380,0,0,26.1771,0,0,0
25-Nov-2025,3530.1,Put,3660,0,0,26.1771,0,0,0
25-Nov-2025,3530.1,Put,3640,0,0,26.1771,0,0,0
25-Nov-2025,3530.1,Put,3620,0,0,26.1771,0,0,0
25-Nov-2025,3530.1,Call,3480,0,0,26.1771,0,0,0
25-Nov-2025,3530.1,Call,3840,0,0,26.1771,0,0,0
30-Dec-2025,3530.1,Put,3680,0,0,26.1771,0,0,0
30-Dec-2025,3530.1,Put,3520,0,0,26.1771,0,0,0
30-Dec-2025,3530.1,Put,3400,0,0,26.1771,0,0,0
30-Dec-2025,3530.1,Call,3720,0,0,26.1771,0,0,0
30-Dec-2025,3530.1,Put,3560,0,0,26.1771,0,0,0
30-Dec-2025,3530.1,Put,3720,0,0,26.1771,0,0,0
30-Dec-2025,3530.1,Call,3800,0,0,26.1771,0,0,0
30-Dec-2025,3530.1,Call,3640,0,0,26.1771,0,0,0
30-Dec-2025,3530.1,Call,3560,0,0,26.1771,0,0,0
30-Dec-2025,3530.1,Put,3600,0,0,26.1771,0,0,0
30-Dec-2025,3530.1,Call,3760,0,0,26.1771,0,0,0
30-Dec-2025,3530.1,Call,3680,0,0,26.1771,0,0,0
30-Dec-2025,3530.1,Put,3360,0,0,26.1771,0,0,0
30-Dec-2025,3530.1,Put,3320,0,0,26.1771,0,0,0
30-Dec-2025,3530.1,Call,3520,0,0,26.1771,0,0,0
30-Dec-2025,3530.1,Put,3480,0,0,26.1771,0,0,0
30-Dec-2025,3530.1,Put,3640,0,0,26.1771,0,0,0
30-Dec-2025,3530.1,Call,3480,0,0,26.1771,0,0,0
