28-Oct-2025,12165,-,0,12219,0,25.49,226,46142,2168
28-Oct-2025,12165,Call,12200,224,21.09,25.49,175,866,1764
28-Oct-2025,12165,Call,12500,105.55,21.47,25.49,143,1552,1254
28-Oct-2025,12165,Call,12300,178,21.02,25.49,132,753,1155
28-Oct-2025,12165,Put,12200,202,21.99,25.49,-8,511,864
28-Oct-2025,12165,Call,13000,26.85,23.06,25.49,-55,2586,641
28-Oct-2025,12165,Put,12000,121,22.15,25.49,-12,1060,639
28-Oct-2025,12165,Call,12600,80.3,21.53,25.49,170,832,637
28-Oct-2025,12165,Put,12100,160,22.07,25.49,8,441,578
28-Oct-2025,12165,Call,12400,138.75,21.25,25.49,34,582,455
28-Oct-2025,12165,Put,11900,92,22.3,25.49,4,313,449
28-Oct-2025,12165,Call,12800,45.6,22.17,25.49,54,851,390
28-Oct-2025,12165,Put,11800,68.4,22.47,25.49,15,509,319
28-Oct-2025,12165,Call,12100,278.15,20.92,25.49,13,379,311
28-Oct-2025,12165,Call,12700,59.4,22.07,25.49,15,602,308
28-Oct-2025,12165,Put,12300,256.65,22.21,25.49,-44,295,302
28-Oct-2025,12165,Call,12000,337.7,21.18,25.49,-15,561,293
28-Oct-2025,12165,Call,13500,6.25,24.84,25.49,0,1026,155
25-Nov-2025,12165,-,0,12288,0,25.49,38,631,139
28-Oct-2025,12165,Put,11700,49,22.22,25.49,-9,292,113
28-Oct-2025,12165,Put,11500,24.4,23.01,25.49,-7,324,100
28-Oct-2025,12165,Call,14000,4.25,30.72,25.49,8,136,90
28-Oct-2025,12165,Call,13200,14.35,23.63,25.49,2,536,80
28-Oct-2025,12165,Call,13100,19.45,23.18,25.49,6,365,79
28-Oct-2025,12165,Call,12900,34.6,22.78,25.49,6,297,78
28-Oct-2025,12165,Put,12500,386.15,22.48,25.49,-3,288,46
30-Dec-2025,12165,-,0,12375,0,25.49,14,128,39
28-Oct-2025,12165,Put,11000,4.4,25.42,25.49,-12,320,37
28-Oct-2025,12165,Put,12400,313.9,21.82,25.49,-12,168,35
28-Oct-2025,12165,Put,11600,34.7,22.76,25.49,-12,333,32
28-Oct-2025,12165,Put,11400,17.75,23.83,25.49,0,262,32
28-Oct-2025,12165,Call,11900,406.9,21.08,25.49,-11,77,27
28-Oct-2025,12165,Call,13400,7.75,24.34,25.49,-7,302,26
25-Nov-2025,12165,Call,12500,230,18.51,25.49,1,24,18
28-Oct-2025,12165,Call,11700,563.45,20.97,25.49,-1,27,16
28-Oct-2025,12165,Put,11300,11.2,23.41,25.49,-2,482,16
25-Nov-2025,12165,Put,12000,195,20.02,25.49,1,37,15
25-Nov-2025,12165,Put,11800,139.95,20.62,25.49,14,17,15
28-Oct-2025,12165,Put,11200,8,23.97,25.49,2,344,14
25-Nov-2025,12165,Call,12700,165.8,18.79,25.49,9,12,12
28-Oct-2025,12165,Put,12600,461.25,22.85,25.49,-1,419,11
28-Oct-2025,12165,Call,13300,9.2,23.42,25.49,-1,460,10
25-Nov-2025,12165,Call,12000,467.85,17.12,25.49,5,7,10
25-Nov-2025,12165,Put,11600,94.4,20.86,25.49,2,67,9
28-Oct-2025,12165,Put,13000,798.2,23.41,25.49,2,216,8
28-Oct-2025,12165,Call,13600,5.95,26.37,25.49,0,43,5
28-Oct-2025,12165,Put,12700,533,22.07,25.49,3,94,5
28-Oct-2025,12165,Call,14400,2.3,33.38,25.49,-2,102,5
25-Nov-2025,12165,Call,12200,365,18.2,25.49,-1,13,5
25-Nov-2025,12165,Call,13400,44.55,19.75,25.49,2,16,5
25-Nov-2025,12165,Call,13000,95.3,19.1,25.49,2,48,5
28-Oct-2025,12165,Call,11800,477.65,20.34,25.49,-1,55,4
28-Oct-2025,12165,Put,10800,2.1,26.35,25.49,0,430,4
28-Oct-2025,12165,Call,11200,1038.05,27.51,25.49,0,10,3
28-Oct-2025,12165,Call,13700,5,27.14,25.49,0,30,2
28-Oct-2025,12165,Call,11500,764.5,26.73,25.49,0,28,1
25-Nov-2025,12165,Put,11900,162,20.07,25.49,0,1,1
28-Oct-2025,12165,Put,10200,0,0,25.49,0,0,0
28-Oct-2025,12165,Call,10600,0,0,25.49,0,1,0
28-Oct-2025,12165,Call,10200,0,0,25.49,0,0,0
28-Oct-2025,12165,Put,10900,0,0,25.49,0,743,0
28-Oct-2025,12165,Call,10900,0,0,25.49,0,0,0
28-Oct-2025,12165,Put,13600,0,0,25.49,0,0,0
28-Oct-2025,12165,Put,13800,0,0,25.49,0,0,0
28-Oct-2025,12165,Put,14000,0,0,25.49,0,0,0
28-Oct-2025,12165,Put,10600,0,0,25.49,0,8,0
28-Oct-2025,12165,Put,13500,0,0,25.49,0,0,0
28-Oct-2025,12165,Put,11100,0,0,25.49,0,112,0
28-Oct-2025,12165,Call,13800,0,0,25.49,0,21,0
28-Oct-2025,12165,Put,13100,0,0,25.49,0,0,0
28-Oct-2025,12165,Call,11000,0,0,25.49,0,1,0
28-Oct-2025,12165,Call,11100,0,0,25.49,0,1,0
28-Oct-2025,12165,Put,13300,0,0,25.49,0,5,0
28-Oct-2025,12165,Put,12900,0,0,25.49,0,9,0
28-Oct-2025,12165,Call,11400,0,0,25.49,0,15,0
28-Oct-2025,12165,Call,11600,0,0,25.49,0,17,0
28-Oct-2025,12165,Put,12800,0,0,25.49,0,3,0
28-Oct-2025,12165,Put,13200,0,0,25.49,0,5,0
28-Oct-2025,12165,Put,13400,0,0,25.49,0,0,0
28-Oct-2025,12165,Put,10400,0,0,25.49,0,55,0
28-Oct-2025,12165,Call,10400,0,0,25.49,0,8,0
28-Oct-2025,12165,Call,11300,0,0,25.49,0,0,0
28-Oct-2025,12165,Call,10800,0,0,25.49,0,5,0
25-Nov-2025,12165,Put,12400,0,0,25.49,0,0,0
25-Nov-2025,12165,Put,12600,0,0,25.49,0,0,0
25-Nov-2025,12165,Call,11900,0,0,25.49,0,0,0
25-Nov-2025,12165,Put,12300,0,0,25.49,0,0,0
25-Nov-2025,12165,Call,10400,0,0,25.49,0,0,0
25-Nov-2025,12165,Call,10800,0,0,25.49,0,0,0
25-Nov-2025,12165,Put,13200,0,0,25.49,0,0,0
25-Nov-2025,12165,Put,13600,0,0,25.49,0,0,0
25-Nov-2025,12165,Put,11700,0,0,25.49,0,0,0
25-Nov-2025,12165,Put,12100,0,0,25.49,0,0,0
25-Nov-2025,12165,Call,13100,0,0,25.49,0,0,0
25-Nov-2025,12165,Put,13800,0,0,25.49,0,0,0
25-Nov-2025,12165,Put,14000,0,0,25.49,0,0,0
25-Nov-2025,12165,Put,12900,0,0,25.49,0,0,0
25-Nov-2025,12165,Put,13100,0,0,25.49,0,0,0
25-Nov-2025,12165,Put,13300,0,0,25.49,0,0,0
25-Nov-2025,12165,Call,12600,0,0,25.49,0,0,0
25-Nov-2025,12165,Call,10900,0,0,25.49,0,0,0
25-Nov-2025,12165,Put,10400,0,0,25.49,0,0,0
25-Nov-2025,12165,Put,11500,0,0,25.49,0,0,0
25-Nov-2025,12165,Call,11300,0,0,25.49,0,0,0
25-Nov-2025,12165,Put,13400,0,0,25.49,0,0,0
25-Nov-2025,12165,Call,13500,0,0,0,0,0,0
25-Nov-2025,12165,Call,12800,0,0,25.49,0,1,0
25-Nov-2025,12165,Call,10600,0,0,25.49,0,0,0
25-Nov-2025,12165,Put,11000,0,0,25.49,0,0,0
25-Nov-2025,12165,Call,13200,0,0,25.49,0,0,0
25-Nov-2025,12165,Put,11200,0,0,25.49,0,0,0
25-Nov-2025,12165,Call,14000,0,0,25.49,0,0,0
25-Nov-2025,12165,Put,10900,0,0,25.49,0,0,0
25-Nov-2025,12165,Call,12900,0,0,25.49,0,0,0
25-Nov-2025,12165,Call,11600,0,0,25.49,0,0,0
25-Nov-2025,12165,Put,13000,0,0,25.49,0,0,0
25-Nov-2025,12165,Put,11300,0,0,25.49,0,0,0
25-Nov-2025,12165,Call,11800,0,0,25.49,0,0,0
25-Nov-2025,12165,Call,13600,0,0,25.49,0,0,0
25-Nov-2025,12165,Call,11500,0,0,25.49,0,0,0
25-Nov-2025,12165,Put,10800,0,0,25.49,0,0,0
30-Dec-2025,12165,Put,11800,0,0,25.49,0,0,0
25-Nov-2025,12165,Call,12400,0,0,25.49,0,0,0
30-Dec-2025,12165,Call,13000,0,0,25.49,0,0,0
25-Nov-2025,12165,Call,13800,0,0,25.49,0,0,0
25-Nov-2025,12165,Call,11200,0,0,25.49,0,0,0
25-Nov-2025,12165,Put,11400,0,0,25.49,0,0,0
25-Nov-2025,12165,Call,11100,0,0,25.49,0,0,0
25-Nov-2025,12165,Call,11400,0,0,25.49,0,0,0
25-Nov-2025,12165,Call,11700,0,0,25.49,0,0,0
30-Dec-2025,12165,Call,12400,0,0,25.49,0,0,0
25-Nov-2025,12165,Call,12300,0,0,25.49,0,0,0
25-Nov-2025,12165,Put,10200,0,0,25.49,0,0,0
25-Nov-2025,12165,Put,13500,0,0,0,0,0,0
30-Dec-2025,12165,Put,12200,0,0,25.49,0,0,0
30-Dec-2025,12165,Call,13200,0,0,25.49,0,0,0
25-Nov-2025,12165,Put,12200,0,0,25.49,0,0,0
30-Dec-2025,12165,Put,12000,0,0,25.49,0,0,0
25-Nov-2025,12165,Call,11000,0,0,25.49,0,0,0
30-Dec-2025,12165,Put,11600,0,0,25.49,0,0,0
25-Nov-2025,12165,Put,10600,0,0,25.49,0,0,0
30-Dec-2025,12165,Call,13400,0,0,0,0,0,0
25-Nov-2025,12165,Put,12500,0,0,25.49,0,0,0
30-Dec-2025,12165,Call,12000,0,0,25.49,0,0,0
25-Nov-2025,12165,Call,10200,0,0,25.49,0,0,0
30-Dec-2025,12165,Put,12800,0,0,25.49,0,0,0
25-Nov-2025,12165,Put,12800,0,0,25.49,0,0,0
30-Dec-2025,12165,Call,12800,0,0,25.49,0,0,0
25-Nov-2025,12165,Call,13300,0,0,25.49,0,0,0
30-Dec-2025,12165,Put,12600,0,0,25.49,0,0,0
25-Nov-2025,12165,Put,12700,0,0,25.49,0,0,0
30-Dec-2025,12165,Call,12200,0,0,25.49,0,0,0
30-Dec-2025,12165,Put,12400,0,0,25.49,0,0,0
30-Dec-2025,12165,Call,12600,0,0,25.49,0,0,0
25-Nov-2025,12165,Call,12100,0,0,25.49,0,1,0
