28-Oct-2025,12167,-,0,12209,0,25.49,111,46027,1843
28-Oct-2025,12167,Call,12200,215.35,20.47,25.49,170,861,1411
28-Oct-2025,12167,Call,12500,99.65,21.02,25.49,175,1584,1116
28-Oct-2025,12167,Call,12300,170,20.94,25.49,94,715,999
28-Oct-2025,12167,Put,12200,206.5,22.05,25.49,-1,518,771
28-Oct-2025,12167,Call,13000,25.5,22.94,25.49,-30,2611,590
28-Oct-2025,12167,Call,12600,77.4,21.57,25.49,157,819,554
28-Oct-2025,12167,Put,12000,122,21.98,25.49,-21,1051,543
28-Oct-2025,12167,Put,12100,160.75,22.15,25.49,-13,420,507
28-Oct-2025,12167,Call,12400,131.4,21.03,25.49,28,576,405
28-Oct-2025,12167,Put,11900,94.1,22.44,25.49,6,315,382
28-Oct-2025,12167,Call,12800,42.95,21.98,25.49,48,845,331
28-Oct-2025,12167,Put,11800,69.8,22.58,25.49,10,504,303
28-Oct-2025,12167,Call,12700,57.35,21.5,25.49,14,601,291
28-Oct-2025,12167,Put,12300,259.65,21.97,25.49,-49,290,282
28-Oct-2025,12167,Call,12000,331.15,20.66,25.49,-12,564,258
28-Oct-2025,12167,Call,12100,268,20.91,25.49,11,377,248
28-Oct-2025,12167,Call,13500,6.15,25.06,25.49,3,1029,149
25-Nov-2025,12167,-,0,12255,0,25.49,34,627,131
28-Oct-2025,12167,Put,11700,50.85,22.76,25.49,-4,297,97
28-Oct-2025,12167,Put,11500,27.85,23.72,25.49,-10,321,97
28-Oct-2025,12167,Call,13100,18.6,23.09,25.49,5,364,76
28-Oct-2025,12167,Call,12900,33.85,22.67,25.49,5,296,71
28-Oct-2025,12167,Call,13200,13,23.34,25.49,0,534,46
30-Dec-2025,12167,-,0,12352,0,25.49,14,128,37
28-Oct-2025,12167,Put,12500,385,21.96,25.49,-1,290,37
28-Oct-2025,12167,Put,12400,321.85,22.34,25.49,-13,167,34
28-Oct-2025,12167,Put,11000,4,24.97,25.49,-13,319,33
28-Oct-2025,12167,Put,11400,18.7,23.72,25.49,-1,261,31
28-Oct-2025,12167,Put,11600,37,23.28,25.49,-13,332,30
28-Oct-2025,12167,Call,11900,402.05,20.94,25.49,-9,79,25
28-Oct-2025,12167,Call,13400,8,24.57,25.49,-6,303,24
25-Nov-2025,12167,Call,12500,227,18.45,25.49,1,24,17
25-Nov-2025,12167,Put,11800,139.95,20.52,25.49,14,17,15
28-Oct-2025,12167,Call,11700,572,23.11,25.49,0,28,14
25-Nov-2025,12167,Put,12000,209.9,20.88,25.49,1,37,14
28-Oct-2025,12167,Put,11300,13.85,24.36,25.49,-2,482,13
25-Nov-2025,12167,Call,12700,165,18.9,25.49,0,3,10
25-Nov-2025,12167,Call,12000,467.85,18.93,25.49,5,7,10
28-Oct-2025,12167,Call,14000,2.1,28.09,25.49,-1,127,9
28-Oct-2025,12167,Call,13300,10.3,24.01,25.49,0,461,9
25-Nov-2025,12167,Put,11600,94.4,20.77,25.49,2,67,9
28-Oct-2025,12167,Put,13000,812.75,25.56,25.49,0,214,6
28-Oct-2025,12167,Call,13600,5.95,26.46,25.49,0,43,5
25-Nov-2025,12167,Call,12200,365,18.37,25.49,-1,13,5
28-Oct-2025,12167,Put,12600,466.1,19.81,25.49,-1,419,5
25-Nov-2025,12167,Call,13000,95.3,19.19,25.49,2,48,5
25-Nov-2025,12167,Call,13400,44.55,19.83,25.49,2,16,5
28-Oct-2025,12167,Call,14400,2.25,33.37,25.49,-1,103,4
28-Oct-2025,12167,Call,11800,477.65,20.94,25.49,-1,55,4
28-Oct-2025,12167,Call,11200,1038.05,29.1,25.49,0,10,3
28-Oct-2025,12167,Put,11200,8,23.88,25.49,0,342,3
28-Oct-2025,12167,Put,10800,1.5,25.21,25.49,0,430,2
28-Oct-2025,12167,Call,11500,764.5,27.57,25.49,0,28,1
25-Nov-2025,12167,Put,11900,162,19.97,25.49,0,1,1
28-Oct-2025,12167,Call,10200,0,0,25.49,0,0,0
28-Oct-2025,12167,Call,10600,0,0,25.49,0,1,0
28-Oct-2025,12167,Put,10200,0,0,25.49,0,0,0
28-Oct-2025,12167,Call,10900,0,0,25.49,0,0,0
28-Oct-2025,12167,Put,13600,0,0,25.49,0,0,0
28-Oct-2025,12167,Put,13800,0,0,25.49,0,0,0
28-Oct-2025,12167,Put,10900,0,0,25.49,0,743,0
28-Oct-2025,12167,Put,10600,0,0,25.49,0,8,0
28-Oct-2025,12167,Put,14000,0,0,25.49,0,0,0
28-Oct-2025,12167,Put,13500,0,0,25.49,0,0,0
28-Oct-2025,12167,Put,11100,0,0,25.49,0,112,0
28-Oct-2025,12167,Call,13800,0,0,25.49,0,21,0
28-Oct-2025,12167,Put,12900,0,0,25.49,0,9,0
28-Oct-2025,12167,Put,13300,0,0,25.49,0,5,0
28-Oct-2025,12167,Call,11100,0,0,25.49,0,1,0
28-Oct-2025,12167,Put,12700,0,0,25.49,0,91,0
28-Oct-2025,12167,Put,13100,0,0,25.49,0,0,0
28-Oct-2025,12167,Put,12800,0,0,25.49,0,3,0
28-Oct-2025,12167,Call,11600,0,0,25.49,0,17,0
28-Oct-2025,12167,Call,11000,0,0,25.49,0,1,0
28-Oct-2025,12167,Put,13400,0,0,25.49,0,0,0
25-Nov-2025,12167,Call,11900,0,0,25.49,0,0,0
25-Nov-2025,12167,Put,12600,0,0,25.49,0,0,0
28-Oct-2025,12167,Call,13700,0,0,25.49,0,30,0
25-Nov-2025,12167,Put,12400,0,0,25.49,0,0,0
25-Nov-2025,12167,Put,13200,0,0,25.49,0,0,0
25-Nov-2025,12167,Call,10800,0,0,25.49,0,0,0
28-Oct-2025,12167,Call,11300,0,0,25.49,0,0,0
28-Oct-2025,12167,Call,10800,0,0,25.49,0,5,0
25-Nov-2025,12167,Call,10600,0,0,25.49,0,0,0
25-Nov-2025,12167,Put,13600,0,0,25.49,0,0,0
28-Oct-2025,12167,Call,10400,0,0,25.49,0,8,0
25-Nov-2025,12167,Put,12300,0,0,25.49,0,0,0
25-Nov-2025,12167,Put,13000,0,0,25.49,0,0,0
28-Oct-2025,12167,Put,13200,0,0,25.49,0,5,0
28-Oct-2025,12167,Put,10400,0,0,25.49,0,55,0
25-Nov-2025,12167,Put,13400,0,0,25.49,0,0,0
28-Oct-2025,12167,Call,11400,0,0,25.49,0,15,0
25-Nov-2025,12167,Call,10400,0,0,25.49,0,0,0
25-Nov-2025,12167,Put,11700,0,0,25.49,0,0,0
25-Nov-2025,12167,Put,12100,0,0,25.49,0,0,0
25-Nov-2025,12167,Call,12900,0,0,25.49,0,0,0
25-Nov-2025,12167,Call,13100,0,0,25.49,0,0,0
25-Nov-2025,12167,Put,14000,0,0,25.49,0,0,0
25-Nov-2025,12167,Put,13100,0,0,25.49,0,0,0
25-Nov-2025,12167,Put,13300,0,0,25.49,0,0,0
25-Nov-2025,12167,Call,10900,0,0,25.49,0,0,0
25-Nov-2025,12167,Put,10800,0,0,25.49,0,0,0
25-Nov-2025,12167,Call,12800,0,0,25.49,0,1,0
25-Nov-2025,12167,Call,13800,0,0,25.49,0,0,0
25-Nov-2025,12167,Call,13200,0,0,25.49,0,0,0
25-Nov-2025,12167,Call,11500,0,0,25.49,0,0,0
25-Nov-2025,12167,Put,11500,0,0,25.49,0,0,0
25-Nov-2025,12167,Call,12600,0,0,25.49,0,0,0
25-Nov-2025,12167,Call,11100,0,0,25.49,0,0,0
25-Nov-2025,12167,Call,12400,0,0,25.49,0,0,0
25-Nov-2025,12167,Call,14000,0,0,25.49,0,0,0
25-Nov-2025,12167,Call,11700,0,0,25.49,0,0,0
25-Nov-2025,12167,Put,10400,0,0,25.49,0,0,0
25-Nov-2025,12167,Put,12900,0,0,25.49,0,0,0
25-Nov-2025,12167,Put,11200,0,0,25.49,0,0,0
25-Nov-2025,12167,Call,12300,0,0,25.49,0,0,0
25-Nov-2025,12167,Put,12500,0,0,25.49,0,0,0
25-Nov-2025,12167,Call,11300,0,0,25.49,0,0,0
25-Nov-2025,12167,Call,11400,0,0,25.49,0,0,0
25-Nov-2025,12167,Call,11600,0,0,25.49,0,0,0
25-Nov-2025,12167,Put,13500,0,0,0,0,0,0
30-Dec-2025,12167,Put,12000,0,0,25.49,0,0,0
25-Nov-2025,12167,Call,11000,0,0,25.49,0,0,0
25-Nov-2025,12167,Put,10900,0,0,25.49,0,0,0
25-Nov-2025,12167,Put,12700,0,0,25.49,0,0,0
25-Nov-2025,12167,Put,10600,0,0,25.49,0,0,0
25-Nov-2025,12167,Put,11300,0,0,25.49,0,0,0
25-Nov-2025,12167,Call,13600,0,0,25.49,0,0,0
25-Nov-2025,12167,Call,11200,0,0,25.49,0,0,0
25-Nov-2025,12167,Call,13500,0,0,0,0,0,0
25-Nov-2025,12167,Put,11000,0,0,25.49,0,0,0
30-Dec-2025,12167,Call,12000,0,0,25.49,0,0,0
25-Nov-2025,12167,Put,13800,0,0,25.49,0,0,0
30-Dec-2025,12167,Put,12800,0,0,25.49,0,0,0
30-Dec-2025,12167,Call,12800,0,0,25.49,0,0,0
30-Dec-2025,12167,Call,12200,0,0,25.49,0,0,0
25-Nov-2025,12167,Call,11800,0,0,25.49,0,0,0
25-Nov-2025,12167,Call,10200,0,0,25.49,0,0,0
25-Nov-2025,12167,Call,13300,0,0,25.49,0,0,0
25-Nov-2025,12167,Put,10200,0,0,25.49,0,0,0
30-Dec-2025,12167,Call,12600,0,0,25.49,0,0,0
25-Nov-2025,12167,Put,12200,0,0,25.49,0,0,0
30-Dec-2025,12167,Put,11800,0,0,25.49,0,0,0
30-Dec-2025,12167,Put,12200,0,0,25.49,0,0,0
25-Nov-2025,12167,Call,12100,0,0,25.49,0,1,0
30-Dec-2025,12167,Put,12600,0,0,25.49,0,0,0
25-Nov-2025,12167,Put,12800,0,0,25.49,0,0,0
30-Dec-2025,12167,Put,12400,0,0,25.49,0,0,0
30-Dec-2025,12167,Call,13000,0,0,25.49,0,0,0
25-Nov-2025,12167,Put,11400,0,0,25.49,0,0,0
30-Dec-2025,12167,Call,13400,0,0,0,0,0,0
30-Dec-2025,12167,Call,13200,0,0,25.49,0,0,0
30-Dec-2025,12167,Put,11600,0,0,25.49,0,0,0
30-Dec-2025,12167,Call,12400,0,0,25.49,0,0,0
