28-Oct-2025,477,-,0,478.5,0,38.6078,53,86032,2503
28-Oct-2025,477,Call,480,11.15,29.54,38.6078,338,3985,1906
28-Oct-2025,477,Call,500,4.55,30.78,38.6078,75,4434,1260
28-Oct-2025,477,Put,480,12.3,31.8,38.6078,-95,2290,973
28-Oct-2025,477,Call,490,7.25,30.46,38.6078,72,1810,957
28-Oct-2025,477,Put,470,7.8,31.55,38.6078,-30,1813,768
28-Oct-2025,477,Call,485,9.05,29.63,38.6078,152,721,692
28-Oct-2025,477,Put,475,9.85,31.58,38.6078,-25,635,603
28-Oct-2025,477,Call,520,1.7,32.49,38.6078,-16,1525,551
28-Oct-2025,477,Put,460,4.7,31.99,38.6078,-55,1771,468
28-Oct-2025,477,Call,510,2.8,31.76,38.6078,146,1422,460
28-Oct-2025,477,Call,470,16.55,29.28,38.6078,-1,1684,431
28-Oct-2025,477,Call,475,13.7,29.61,38.6078,19,515,348
28-Oct-2025,477,Put,465,6.1,31.61,38.6078,-41,794,340
28-Oct-2025,477,Put,450,2.75,32.83,38.6078,-56,1629,308
25-Nov-2025,477,-,0,481.15,0,38.6078,129,2054,282
28-Oct-2025,477,Put,490,18.35,32.26,38.6078,-2,335,249
28-Oct-2025,477,Call,484,9.15,29.73,38.6078,-9,337,210
28-Oct-2025,477,Call,540,0.65,34.82,38.6078,-6,973,203
28-Oct-2025,477,Put,485,15.15,31.97,38.6078,-8,352,152
28-Oct-2025,477,Call,495,5.75,30.49,38.6078,-2,284,148
28-Oct-2025,477,Call,505,3.6,30.96,38.6078,32,272,124
25-Nov-2025,477,Call,540,4.05,31.12,38.6078,69,130,118
28-Oct-2025,477,Call,550,0.45,36.51,38.6078,-32,217,107
25-Nov-2025,477,Call,500,12.35,29.22,38.6078,38,509,95
30-Dec-2025,477,-,0,483.85,0,38.6078,36,390,86
28-Oct-2025,477,Put,440,1.75,34.47,38.6078,22,1222,86
25-Nov-2025,477,Put,450,7.55,31.04,38.6078,18,206,82
28-Oct-2025,477,Call,460,23.4,29.59,38.6078,-6,1402,81
28-Oct-2025,477,Put,500,25.6,34.55,38.6078,6,503,75
28-Oct-2025,477,Call,530,1.05,33.78,38.6078,-21,430,75
28-Oct-2025,477,Put,430,1.05,37,38.6078,15,1640,74
28-Oct-2025,477,Put,464,5.8,30.95,38.6078,-4,191,66
28-Oct-2025,477,Put,445,2.15,33.37,38.6078,-18,191,45
28-Oct-2025,477,Call,465,19.85,30.27,38.6078,3,136,32
28-Oct-2025,477,Put,400,0.45,46.62,38.6078,-21,798,29
28-Oct-2025,477,Put,420,0.75,39.4,38.6078,-12,610,29
28-Oct-2025,477,Put,455,3.6,32.36,38.6078,3,389,28
25-Nov-2025,477,Put,440,5.2,31.1,38.6078,2,255,27
28-Oct-2025,477,Put,380,0.25,52.85,38.6078,20,284,21
25-Nov-2025,477,Call,520,7.05,30.16,38.6078,9,130,21
28-Oct-2025,477,Call,450,30.45,27.44,38.6078,-3,664,19
28-Oct-2025,477,Put,410,0.6,42.65,38.6078,-8,1300,18
25-Nov-2025,477,Put,400,1.5,35.97,38.6078,0,121,18
28-Oct-2025,477,Call,525,1.3,33.04,38.6078,-3,8,17
25-Nov-2025,477,Call,480,20,28.74,38.6078,1,305,15
28-Oct-2025,477,Call,515,2.15,32.19,38.6078,0,109,14
25-Nov-2025,477,Put,500,30.55,32.02,38.6078,1,171,13
28-Oct-2025,477,Put,435,1.35,35.29,38.6078,1,321,11
28-Oct-2025,477,Call,430,48.5,0,38.6078,-4,389,10
28-Oct-2025,477,Put,360,0.15,59.49,38.6078,0,36,10
28-Oct-2025,477,Put,425,0.9,37.95,38.6078,0,151,9
25-Nov-2025,477,Put,480,19.05,31.16,38.6078,-2,126,8
25-Nov-2025,477,Put,470,14.05,30.48,38.6078,-2,155,7
25-Nov-2025,477,Put,430,3.75,32.03,38.6078,1,493,6
25-Nov-2025,477,Call,510,9.15,29.55,38.6078,-5,42,6
25-Nov-2025,477,Call,490,15.2,28.35,38.6078,3,58,6
28-Oct-2025,477,Put,520,42,28.77,38.6078,0,69,5
25-Nov-2025,477,Call,530,5.2,30.3,38.6078,0,35,5
25-Nov-2025,477,Call,560,2.35,32.25,38.6078,-2,120,5
28-Oct-2025,477,Call,400,77.9,0,38.6078,0,118,4
28-Oct-2025,477,Call,420,59.25,38.03,38.6078,0,230,4
25-Nov-2025,477,Call,450,38.25,28.08,38.6078,2,4,4
25-Nov-2025,477,Call,455,34.15,27.16,38.6078,2,3,4
28-Oct-2025,477,Call,455,26.35,27.75,38.6078,-2,68,4
28-Oct-2025,477,Put,510,34.95,36.31,38.6078,0,175,3
28-Oct-2025,477,Call,445,34.85,27.48,38.6078,0,24,3
28-Oct-2025,477,Call,440,40.1,26.42,38.6078,-2,416,3
25-Nov-2025,477,Put,485,21.65,31.2,38.6078,0,29,3
25-Nov-2025,477,Call,470,24.6,27.49,38.6078,0,210,3
25-Nov-2025,477,Put,420,2.7,33.08,38.6078,1,84,3
25-Nov-2025,477,Put,460,10,29.99,38.6078,0,58,3
28-Oct-2025,477,Put,540,63.5,48.23,38.6078,1,52,2
28-Oct-2025,477,Put,390,0.35,50.09,38.6078,0,472,2
25-Nov-2025,477,Put,435,4.4,31.5,38.6078,1,7,2
28-Oct-2025,477,Put,364,0.15,57.42,38.6078,0,4,1
25-Nov-2025,477,Put,490,24.3,31.03,38.6078,0,43,1
28-Oct-2025,477,Put,505,28.7,28.24,38.6078,0,16,1
28-Oct-2025,477,Put,515,37.2,27.33,38.6078,0,14,1
25-Nov-2025,477,Call,485,17.8,29.01,38.6078,0,23,1
28-Oct-2025,477,Put,550,0,0,38.6078,0,8,0
28-Oct-2025,477,Put,525,0,0,38.6078,0,0,0
28-Oct-2025,477,Put,370,0,0,38.6078,0,41,0
28-Oct-2025,477,Call,390,0,0,38.6078,0,0,0
28-Oct-2025,477,Call,360,0,0,38.6078,0,11,0
28-Oct-2025,477,Call,380,0,0,38.6078,0,36,0
28-Oct-2025,477,Call,424,0,0,38.6078,0,71,0
25-Nov-2025,477,Put,530,0,0,38.6078,0,0,0
25-Nov-2025,477,Call,435,0,0,38.6078,0,0,0
28-Oct-2025,477,Call,410,0,0,38.6078,0,17,0
25-Nov-2025,477,Call,495,0,0,38.6078,0,0,0
28-Oct-2025,477,Call,425,0,0,38.6078,0,0,0
28-Oct-2025,477,Put,495,0,0,38.6078,0,80,0
25-Nov-2025,477,Put,495,0,0,38.6078,0,30,0
25-Nov-2025,477,Put,515,0,0,38.6078,0,0,0
25-Nov-2025,477,Put,510,0,0,38.6078,0,1,0
30-Dec-2025,477,Put,480,0,0,38.6078,0,0,0
25-Nov-2025,477,Call,550,0,0,38.6078,0,0,0
25-Nov-2025,477,Put,475,0,0,38.6078,0,11,0
30-Dec-2025,477,Call,520,0,0,38.6078,0,0,0
30-Dec-2025,477,Call,480,0,0,38.6078,0,0,0
25-Nov-2025,477,Call,475,0,0,38.6078,0,12,0
25-Nov-2025,477,Call,445,0,0,38.6078,0,0,0
30-Dec-2025,477,Call,540,0,0,38.6078,0,0,0
25-Nov-2025,477,Put,390,0,0,38.6078,0,0,0
25-Nov-2025,477,Call,410,0,0,38.6078,0,0,0
25-Nov-2025,477,Call,460,0,0,38.6078,0,24,0
30-Dec-2025,477,Call,470,0,0,38.6078,0,0,0
25-Nov-2025,477,Put,445,0,0,38.6078,0,19,0
30-Dec-2025,477,Call,530,0,0,38.6078,0,0,0
25-Nov-2025,477,Put,550,0,0,38.6078,0,0,0
25-Nov-2025,477,Put,525,0,0,38.6078,0,0,0
28-Oct-2025,477,Put,530,0,0,38.6078,0,10,0
25-Nov-2025,477,Call,400,0,0,38.6078,0,6,0
25-Nov-2025,477,Put,425,0,0,38.6078,0,0,0
25-Nov-2025,477,Call,440,0,0,38.6078,0,32,0
25-Nov-2025,477,Put,505,0,0,38.6078,0,0,0
30-Dec-2025,477,Put,440,0,0,38.6078,0,0,0
25-Nov-2025,477,Call,525,0,0,38.6078,0,0,0
25-Nov-2025,477,Put,465,0,0,38.6078,0,11,0
30-Dec-2025,477,Put,490,0,0,38.6078,0,0,0
30-Dec-2025,477,Call,510,0,0,38.6078,0,2,0
25-Nov-2025,477,Call,430,0,0,38.6078,0,0,0
25-Nov-2025,477,Put,410,0,0,38.6078,0,0,0
25-Nov-2025,477,Call,420,0,0,38.6078,0,0,0
25-Nov-2025,477,Call,390,0,0,38.6078,0,0,0
30-Dec-2025,477,Put,470,0,0,38.6078,0,0,0
28-Oct-2025,477,Call,435,0,0,38.6078,0,38,0
30-Dec-2025,477,Put,510,0,0,38.6078,0,0,0
25-Nov-2025,477,Put,455,0,0,38.6078,0,11,0
30-Dec-2025,477,Put,430,0,0,38.6078,0,0,0
30-Dec-2025,477,Call,500,0,0,38.6078,0,0,0
30-Dec-2025,477,Put,420,0,0,38.6078,0,0,0
25-Nov-2025,477,Call,515,0,0,38.6078,0,0,0
25-Nov-2025,477,Call,465,0,0,38.6078,0,0,0
30-Dec-2025,477,Put,500,0,0,38.6078,0,0,0
25-Nov-2025,477,Put,540,0,0,38.6078,0,0,0
25-Nov-2025,477,Put,520,0,0,38.6078,0,0,0
25-Nov-2025,477,Call,505,0,0,38.6078,0,1,0
30-Dec-2025,477,Put,450,0,0,38.6078,0,1,0
25-Nov-2025,477,Call,425,0,0,38.6078,0,0,0
30-Dec-2025,477,Call,490,0,0,38.6078,0,0,0
30-Dec-2025,477,Put,460,0,0,38.6078,0,3,0
