28-Oct-2025,1473.9,Call,1500,15.2,22.73,39.0672,132,2685,13489
28-Oct-2025,1473.9,Call,1480,22.95,22.11,39.0672,437,1489,11680
28-Oct-2025,1473.9,Call,1460,33.2,21.85,39.0672,-239,1669,8293
28-Oct-2025,1473.9,-,0,1478.7,0,39.0672,719,46349,7095
28-Oct-2025,1473.9,Call,1440,47.45,23.1,39.0672,-1046,1217,4332
28-Oct-2025,1473.9,Call,1520,9.8,23.13,39.0672,128,620,3630
28-Oct-2025,1473.9,Put,1460,15.3,21.95,39.0672,441,842,3615
28-Oct-2025,1473.9,Put,1480,24.55,22.26,39.0672,429,542,3272
28-Oct-2025,1473.9,Put,1440,9.25,22.51,39.0672,80,996,2862
28-Oct-2025,1473.9,Put,1400,3.5,24.96,39.0672,-314,2427,2673
28-Oct-2025,1473.9,Put,1420,5.6,23.62,39.0672,90,1057,1963
28-Oct-2025,1473.9,Call,1540,6.3,24.04,39.0672,118,520,1843
28-Oct-2025,1473.9,Call,1600,2.15,27.95,39.0672,142,1353,1699
28-Oct-2025,1473.9,Call,1560,4.15,25.2,39.0672,119,503,1331
28-Oct-2025,1473.9,Put,1500,36.55,22.61,39.0672,124,432,1195
28-Oct-2025,1473.9,Call,1420,64,24.56,39.0672,-207,797,1093
25-Nov-2025,1473.9,-,0,1486.7,0,39.0672,176,1863,842
28-Oct-2025,1473.9,Call,1400,81.9,24.41,39.0672,-273,1256,821
28-Oct-2025,1473.9,Call,1580,2.85,26.41,39.0672,74,192,592
28-Oct-2025,1473.9,Put,1380,2.35,27.06,39.0672,-79,1228,503
28-Oct-2025,1473.9,Call,1640,1.3,31.37,39.0672,21,453,476
25-Nov-2025,1473.9,Call,1500,40,23.03,39.0672,107,240,456
28-Oct-2025,1473.9,Put,1340,1.2,31.56,39.0672,-128,495,395
25-Nov-2025,1473.9,Call,1600,13.2,24.48,39.0672,72,282,379
25-Nov-2025,1473.9,Put,1400,12.75,23.83,39.0672,101,514,297
28-Oct-2025,1473.9,Put,1360,1.65,28.97,39.0672,-51,560,278
28-Oct-2025,1473.9,Put,1520,50.85,23.28,39.0672,-26,142,268
28-Oct-2025,1473.9,Put,1320,1,33.67,39.0672,-66,162,155
28-Oct-2025,1473.9,Put,1300,0.75,35.49,39.0672,-37,682,144
28-Oct-2025,1473.9,Put,1280,0.6,38.1,39.0672,-29,193,120
25-Nov-2025,1473.9,Call,1480,52.1,23.23,39.0672,10,76,114
25-Nov-2025,1473.9,Put,1500,51.6,23.67,39.0672,77,253,107
25-Nov-2025,1473.9,Call,1460,63,23.02,39.0672,10,44,100
25-Nov-2025,1473.9,Put,1440,22.85,23.49,39.0672,51,52,86
25-Nov-2025,1473.9,Call,1440,76,22.57,39.0672,0,176,68
28-Oct-2025,1473.9,Call,1380,103.95,28.61,39.0672,-4,420,63
28-Oct-2025,1473.9,Put,1200,0.5,51.63,39.0672,8,92,63
28-Oct-2025,1473.9,Put,1540,66.35,24.64,39.0672,9,13,60
28-Oct-2025,1473.9,Put,1600,121.7,27.68,39.0672,29,74,58
30-Dec-2025,1473.9,-,0,1497.8,0,39.0672,15,196,57
28-Oct-2025,1473.9,Put,1560,83.95,25.07,39.0672,8,33,57
28-Oct-2025,1473.9,Call,1360,121.2,29.85,39.0672,-2,240,51
25-Nov-2025,1473.9,Put,1460,30.9,23.63,39.0672,13,20,46
25-Nov-2025,1473.9,Call,1400,102.2,19.97,39.0672,-6,173,36
25-Nov-2025,1473.9,Call,1680,6.05,26.68,39.0672,11,111,33
25-Nov-2025,1473.9,Put,1420,18.2,23.63,39.0672,19,25,31
25-Nov-2025,1473.9,Put,1300,4.3,29.06,39.0672,0,84,30
25-Nov-2025,1473.9,Call,1420,90,22.52,39.0672,1,56,23
25-Nov-2025,1473.9,Call,1580,17.5,24.04,39.0672,9,9,23
28-Oct-2025,1473.9,Put,1260,0.5,41.06,39.0672,-8,125,20
25-Nov-2025,1473.9,Put,1340,6.1,26.19,39.0672,1,14,19
28-Oct-2025,1473.9,Put,1240,0.45,43.92,39.0672,-2,87,18
25-Nov-2025,1473.9,Put,1480,38.5,23.51,39.0672,7,10,18
28-Oct-2025,1473.9,Call,1340,144.85,32.7,39.0672,-2,131,17
25-Nov-2025,1473.9,Call,1540,28.1,23.68,39.0672,10,10,17
25-Nov-2025,1473.9,Call,1520,33.25,22.55,39.0672,10,10,12
28-Oct-2025,1473.9,Call,1320,164.75,36.46,39.0672,0,19,4
28-Oct-2025,1473.9,Call,1300,183.65,32.89,39.0672,-2,113,4
28-Oct-2025,1473.9,Put,1120,0.25,61.05,39.0672,-1,55,2
25-Nov-2025,1473.9,Put,1200,2.65,37.87,39.0672,1,1,2
25-Nov-2025,1473.9,Call,1300,198.95,31.23,39.0672,0,7,2
28-Oct-2025,1473.9,Put,1180,0.65,57.2,39.0672,0,10,1
25-Nov-2025,1473.9,Call,1640,10,26.31,39.0672,0,0,1
28-Oct-2025,1473.9,Call,1200,0,0,39.0672,0,103,0
28-Oct-2025,1473.9,Put,1640,0,0,39.0672,0,4,0
28-Oct-2025,1473.9,Call,1260,0,0,39.0672,0,8,0
28-Oct-2025,1473.9,Call,1240,0,0,39.0672,0,0,0
28-Oct-2025,1473.9,Put,1580,0,0,39.0672,0,0,0
28-Oct-2025,1473.9,Call,1280,0,0,39.0672,0,4,0
25-Nov-2025,1473.9,Call,1200,0,0,39.0672,0,0,0
25-Nov-2025,1473.9,Put,1280,0,0,39.0672,0,0,0
25-Nov-2025,1473.9,Call,1360,0,0,39.0672,0,6,0
25-Nov-2025,1473.9,Put,1240,0,0,39.0672,0,0,0
25-Nov-2025,1473.9,Call,1280,0,0,39.0672,0,0,0
25-Nov-2025,1473.9,Call,1240,0,0,39.0672,0,0,0
25-Nov-2025,1473.9,Call,1380,0,0,39.0672,0,1,0
25-Nov-2025,1473.9,Put,1560,0,0,39.0672,0,0,0
25-Nov-2025,1473.9,Put,1600,0,0,39.0672,0,4,0
25-Nov-2025,1473.9,Put,1380,0,0,39.0672,0,0,0
25-Nov-2025,1473.9,Put,1320,0,0,39.0672,0,0,0
25-Nov-2025,1473.9,Call,1560,0,0,39.0672,0,0,0
25-Nov-2025,1473.9,Put,1580,0,0,39.0672,0,0,0
25-Nov-2025,1473.9,Put,1640,0,0,39.0672,0,0,0
25-Nov-2025,1473.9,Put,1260,0,0,39.0672,0,0,0
25-Nov-2025,1473.9,Call,1260,0,0,39.0672,0,0,0
25-Nov-2025,1473.9,Put,1540,0,0,39.0672,0,0,0
25-Nov-2025,1473.9,Call,1320,0,0,39.0672,0,1,0
30-Dec-2025,1473.9,Put,1200,0,0,39.0672,0,0,0
30-Dec-2025,1473.9,Put,1560,0,0,0,0,0,0
30-Dec-2025,1473.9,Put,1120,0,0,39.0672,0,0,0
30-Dec-2025,1473.9,Put,1520,0,0,39.0672,0,0,0
30-Dec-2025,1473.9,Call,1440,0,0,39.0672,0,0,0
30-Dec-2025,1473.9,Call,1520,0,0,39.0672,0,0,0
25-Nov-2025,1473.9,Call,1340,0,0,39.0672,0,0,0
30-Dec-2025,1473.9,Call,1480,0,0,39.0672,0,0,0
30-Dec-2025,1473.9,Put,1440,0,0,39.0672,0,4,0
30-Dec-2025,1473.9,Put,1480,0,0,39.0672,0,0,0
30-Dec-2025,1473.9,Put,1400,0,0,39.0672,0,0,0
30-Dec-2025,1473.9,Call,1400,0,0,39.0672,0,3,0
25-Nov-2025,1473.9,Put,1520,0,0,39.0672,0,0,0
