28-Oct-2025,1194.1,Call,1200,13.5,16.74,26.8847,1493,9379,50240
28-Oct-2025,1194.1,-,0,1195.5,0,26.8847,6336,129286,36688
28-Oct-2025,1194.1,Call,1220,6.3,16.89,26.8847,1301,3874,25902
28-Oct-2025,1194.1,Put,1200,18.15,20.02,26.8847,1672,3337,25495
28-Oct-2025,1194.1,Call,1210,9.35,16.76,26.8847,1796,3805,23745
28-Oct-2025,1194.1,Put,1180,9.75,20.4,26.8847,247,2539,16141
28-Oct-2025,1194.1,Put,1190,13.55,20.25,26.8847,899,1907,15121
28-Oct-2025,1194.1,Call,1190,18.65,16.67,26.8847,-8,1978,13018
28-Oct-2025,1194.1,Call,1230,4.1,17.16,26.8847,29,4967,12518
28-Oct-2025,1194.1,Put,1170,7,20.74,26.8847,-233,2641,11965
28-Oct-2025,1194.1,Call,1250,2,18.38,26.8847,-479,2130,11862
28-Oct-2025,1194.1,Put,1160,4.75,20.88,26.8847,-115,2716,11297
28-Oct-2025,1194.1,Call,1180,24.95,16.84,26.8847,-2132,1982,10998
28-Oct-2025,1194.1,Put,1150,3.35,21.44,26.8847,284,2526,10666
28-Oct-2025,1194.1,Call,1240,2.8,17.49,26.8847,396,1723,8694
28-Oct-2025,1194.1,Put,1100,1,27.36,26.8847,-406,2657,6575
28-Oct-2025,1194.1,Put,1140,2.55,22.43,26.8847,-175,1695,6501
28-Oct-2025,1194.1,Put,1130,1.95,23.8,26.8847,-1118,1213,5683
28-Oct-2025,1194.1,Put,1210,24.2,20.02,26.8847,280,602,5008
28-Oct-2025,1194.1,Put,1120,1.6,25.09,26.8847,-485,1254,4871
28-Oct-2025,1194.1,Call,1260,1.45,19.13,26.8847,23,1221,4572
28-Oct-2025,1194.1,Call,1300,0.6,23.59,26.8847,29,2160,4560
28-Oct-2025,1194.1,Call,1170,32,16.31,26.8847,-833,1197,4532
25-Nov-2025,1194.1,-,0,1202.4,0,26.8847,980,4711,3710
28-Oct-2025,1194.1,Put,1220,30.85,20.82,26.8847,89,647,2707
28-Oct-2025,1194.1,Call,1160,39.85,16.05,26.8847,-61,6393,2416
28-Oct-2025,1194.1,Call,1270,1.1,19.93,26.8847,-114,552,2260
28-Oct-2025,1194.1,Call,1280,0.85,20.89,26.8847,37,719,2031
28-Oct-2025,1194.1,Put,1110,1.2,26.18,26.8847,-255,405,2028
28-Oct-2025,1194.1,Put,1080,0.6,29.64,26.8847,-321,856,1877
25-Nov-2025,1194.1,Call,1200,31.2,17.4,26.8847,86,706,1303
25-Nov-2025,1194.1,Call,1220,21.85,17.44,26.8847,527,636,1057
25-Nov-2025,1194.1,Put,1100,3.8,22.03,26.8847,-92,447,1023
25-Nov-2025,1194.1,Call,1300,4.65,18.94,26.8847,181,488,1004
28-Oct-2025,1194.1,Call,1150,48.65,0,26.8847,-20,3637,971
28-Oct-2025,1194.1,Call,1290,0.7,22.32,26.8847,101,431,894
28-Oct-2025,1194.1,Put,1090,0.8,28.48,26.8847,-120,259,867
25-Nov-2025,1194.1,Call,1250,12.3,17.64,26.8847,140,312,829
25-Nov-2025,1194.1,Put,1200,28.3,20.27,26.8847,192,263,815
28-Oct-2025,1194.1,Put,1060,0.5,33.13,26.8847,-244,677,784
28-Oct-2025,1194.1,Put,1050,0.45,34.76,26.8847,-206,524,778
28-Oct-2025,1194.1,Call,1140,57.75,0,26.8847,-78,650,756
28-Oct-2025,1194.1,Put,1230,37.4,20.33,26.8847,27,303,658
28-Oct-2025,1194.1,Put,1070,0.6,31.42,26.8847,-171,263,634
28-Oct-2025,1194.1,Call,1340,0.25,27.06,26.8847,109,1519,598
28-Oct-2025,1194.1,Put,1000,0.3,43.23,26.8847,-293,425,507
25-Nov-2025,1194.1,Put,1150,11,20.68,26.8847,-76,226,492
28-Oct-2025,1194.1,Put,1040,0.35,35.63,26.8847,-46,259,468
28-Oct-2025,1194.1,Call,1320,0.3,24.5,26.8847,-11,557,452
28-Oct-2025,1194.1,Put,1240,46.4,22.14,26.8847,-7,108,398
28-Oct-2025,1194.1,Call,1360,0.2,29.31,26.8847,-68,173,397
28-Oct-2025,1194.1,Call,1310,0.5,24.67,26.8847,76,200,365
25-Nov-2025,1194.1,Call,1280,6.55,18.13,26.8847,125,184,277
25-Nov-2025,1194.1,Put,1080,2.6,22.74,26.8847,-85,120,267
25-Nov-2025,1194.1,Put,1120,5.9,21.06,26.8847,-13,205,259
28-Oct-2025,1194.1,Put,1260,65.55,26.67,26.8847,70,143,249
28-Oct-2025,1194.1,Put,1250,56,24.57,26.8847,17,108,221
25-Nov-2025,1194.1,Put,1160,13.25,20.38,26.8847,50,140,215
28-Oct-2025,1194.1,Call,1100,97,0,26.8847,-13,529,195
25-Nov-2025,1194.1,Call,1240,14.9,17.36,26.8847,26,105,195
25-Nov-2025,1194.1,Put,1130,7.2,20.54,26.8847,-41,78,176
25-Nov-2025,1194.1,Put,1170,16,20.03,26.8847,-22,74,174
30-Dec-2025,1194.1,-,0,1211,0,26.8847,34,333,173
25-Nov-2025,1194.1,Call,1260,9.6,17.44,26.8847,-1,85,167
25-Nov-2025,1194.1,Put,1140,8.75,20.67,26.8847,-9,71,167
25-Nov-2025,1194.1,Put,1210,34,20.95,26.8847,40,40,164
28-Oct-2025,1194.1,Put,1030,0.4,38.44,26.8847,-43,156,159
28-Oct-2025,1194.1,Put,1020,0.35,39.85,26.8847,-19,113,156
25-Nov-2025,1194.1,Call,1320,3.3,19.74,26.8847,74,87,150
25-Nov-2025,1194.1,Call,1180,43.2,17.32,26.8847,3,70,135
25-Nov-2025,1194.1,Call,1210,26.1,17.6,26.8847,4,41,133
25-Nov-2025,1194.1,Put,1180,19.6,20.33,26.8847,42,69,132
28-Oct-2025,1194.1,Call,1120,77.45,0,26.8847,-18,323,118
25-Nov-2025,1194.1,Call,1340,2.35,20.49,26.8847,19,106,108
25-Nov-2025,1194.1,Call,1150,60.95,13.34,26.8847,7,70,107
25-Nov-2025,1194.1,Call,1190,37.5,17.62,26.8847,-7,30,106
25-Nov-2025,1194.1,Call,1270,7.95,17.86,26.8847,45,68,93
25-Nov-2025,1194.1,Call,1170,48.9,16.27,26.8847,-24,60,93
25-Nov-2025,1194.1,Put,1190,23.85,20.52,26.8847,31,49,88
28-Oct-2025,1194.1,Put,990,0.3,45.34,26.8847,-12,57,66
25-Nov-2025,1194.1,Call,1360,2,21.96,26.8847,29,50,56
28-Oct-2025,1194.1,Call,1130,66.7,0,26.8847,-18,406,55
25-Nov-2025,1194.1,Call,1230,17.85,17.15,26.8847,17,43,53
28-Oct-2025,1194.1,Call,1380,0.2,32.24,26.8847,24,32,47
28-Oct-2025,1194.1,Put,1270,74.55,27.38,26.8847,8,28,44
28-Oct-2025,1194.1,Call,960,237.3,0,26.8847,32,40,36
28-Oct-2025,1194.1,Put,1300,107.55,41.65,26.8847,8,102,31
25-Nov-2025,1194.1,Put,1110,4.85,21.75,26.8847,3,21,23
30-Dec-2025,1194.1,Put,1100,9.4,22.51,26.8847,14,22,23
25-Nov-2025,1194.1,Put,1000,0.8,28.18,26.8847,14,14,23
25-Nov-2025,1194.1,Call,1380,1.25,22.02,26.8847,9,20,22
28-Oct-2025,1194.1,Put,1010,0.35,41.97,26.8847,2,19,21
25-Nov-2025,1194.1,Put,1250,56.05,19.36,26.8847,6,43,15
28-Oct-2025,1194.1,Put,1280,85.3,29.19,26.8847,1,28,12
28-Oct-2025,1194.1,Call,1110,92.2,33.93,26.8847,2,79,11
28-Oct-2025,1194.1,Put,980,0.15,43.73,26.8847,0,185,11
25-Nov-2025,1194.1,Put,1070,2.1,23.21,26.8847,3,8,10
28-Oct-2025,1194.1,Put,880,0.1,61.82,26.8847,-6,9,8
30-Dec-2025,1194.1,Call,1360,6.3,19.9,26.8847,3,10,6
30-Dec-2025,1194.1,Call,1200,49,17.98,26.8847,4,4,5
25-Nov-2025,1194.1,Put,1090,3.15,22.37,26.8847,1,1,4
25-Nov-2025,1194.1,Call,1310,5.15,20.92,26.8847,2,7,4
25-Nov-2025,1194.1,Call,1290,5.9,18.93,26.8847,1,1,4
28-Oct-2025,1194.1,Put,1360,162,39.63,26.8847,1,1,2
28-Oct-2025,1194.1,Put,950,0.1,47.68,26.8847,0,30,2
25-Nov-2025,1194.1,Call,1140,72,16.38,26.8847,0,6,2
30-Dec-2025,1194.1,Put,1120,13,22.41,26.8847,0,2,2
28-Oct-2025,1194.1,Call,1080,120,34.79,26.8847,0,105,1
28-Oct-2025,1194.1,Put,1310,109.5,0,26.8847,0,0,1
28-Oct-2025,1194.1,Call,1090,103,0,26.8847,0,25,1
25-Nov-2025,1194.1,Put,1300,103,26.41,26.8847,0,1,1
28-Oct-2025,1194.1,Call,920,0,0,26.8847,0,16,0
28-Oct-2025,1194.1,Call,1020,0,0,26.8847,0,4,0
28-Oct-2025,1194.1,Call,1050,0,0,26.8847,0,79,0
28-Oct-2025,1194.1,Put,900,0,0,26.8847,0,14,0
28-Oct-2025,1194.1,Call,1030,0,0,26.8847,0,3,0
28-Oct-2025,1194.1,Call,1000,0,0,26.8847,0,63,0
28-Oct-2025,1194.1,Call,1040,0,0,26.8847,0,7,0
28-Oct-2025,1194.1,Call,1070,0,0,26.8847,0,52,0
28-Oct-2025,1194.1,Put,960,0,0,26.8847,0,24,0
28-Oct-2025,1194.1,Put,860,0,0,26.8847,0,35,0
28-Oct-2025,1194.1,Put,1320,0,0,26.8847,0,30,0
28-Oct-2025,1194.1,Call,1060,0,0,26.8847,0,41,0
28-Oct-2025,1194.1,Put,1290,0,0,26.8847,0,4,0
28-Oct-2025,1194.1,Put,1340,0,0,26.8847,0,0,0
28-Oct-2025,1194.1,Put,970,0,0,26.8847,0,4,0
25-Nov-2025,1194.1,Put,1220,0,0,26.8847,0,0,0
25-Nov-2025,1194.1,Put,1280,0,0,26.8847,0,0,0
25-Nov-2025,1194.1,Call,1070,0,0,26.8847,0,0,0
25-Nov-2025,1194.1,Call,1130,0,0,26.8847,0,0,0
25-Nov-2025,1194.1,Call,1160,0,0,26.8847,0,0,0
25-Nov-2025,1194.1,Put,1260,0,0,26.8847,0,0,0
25-Nov-2025,1194.1,Call,1080,0,0,26.8847,0,0,0
25-Nov-2025,1194.1,Call,1100,0,0,26.8847,0,0,0
28-Oct-2025,1194.1,Put,1380,0,0,26.8847,0,0,0
25-Nov-2025,1194.1,Put,1230,0,0,26.8847,0,0,0
25-Nov-2025,1194.1,Put,1060,0,0,26.8847,0,0,0
25-Nov-2025,1194.1,Put,1270,0,0,26.8847,0,0,0
30-Dec-2025,1194.1,Call,1180,0,0,26.8847,0,0,0
30-Dec-2025,1194.1,Call,1300,0,0,26.8847,0,0,0
30-Dec-2025,1194.1,Call,1240,0,0,26.8847,0,0,0
30-Dec-2025,1194.1,Call,1260,0,0,26.8847,0,0,0
25-Nov-2025,1194.1,Call,1020,0,0,26.8847,0,0,0
30-Dec-2025,1194.1,Put,1220,0,0,26.8847,0,0,0
25-Nov-2025,1194.1,Call,1110,0,0,26.8847,0,0,0
25-Nov-2025,1194.1,Put,1050,0,0,26.8847,0,0,0
25-Nov-2025,1194.1,Put,1340,0,0,26.8847,0,0,0
30-Dec-2025,1194.1,Put,1200,0,0,26.8847,0,0,0
30-Dec-2025,1194.1,Put,1240,0,0,26.8847,0,0,0
30-Dec-2025,1194.1,Put,1160,0,0,26.8847,0,0,0
30-Dec-2025,1194.1,Call,1280,0,0,26.8847,0,4,0
30-Dec-2025,1194.1,Put,1060,0,0,26.8847,0,0,0
25-Nov-2025,1194.1,Put,1320,0,0,26.8847,0,0,0
30-Dec-2025,1194.1,Put,1040,0,0,26.8847,0,0,0
30-Dec-2025,1194.1,Put,1000,0,0,26.8847,0,0,0
25-Nov-2025,1194.1,Put,1020,0,0,26.8847,0,0,0
30-Dec-2025,1194.1,Put,1280,0,0,0,0,0,0
30-Dec-2025,1194.1,Put,1180,0,0,26.8847,0,0,0
25-Nov-2025,1194.1,Call,1060,0,0,26.8847,0,0,0
25-Nov-2025,1194.1,Call,1120,0,0,26.8847,0,7,0
30-Dec-2025,1194.1,Put,1260,0,0,26.8847,0,0,0
25-Nov-2025,1194.1,Call,1090,0,0,26.8847,0,0,0
30-Dec-2025,1194.1,Call,1220,0,0,26.8847,0,0,0
25-Nov-2025,1194.1,Put,1240,0,0,26.8847,0,0,0
25-Nov-2025,1194.1,Put,1380,0,0,26.8847,0,0,0
25-Nov-2025,1194.1,Put,1040,0,0,26.8847,0,0,0
25-Nov-2025,1194.1,Put,1360,0,0,26.8847,0,0,0
30-Dec-2025,1194.1,Call,1340,0,0,26.8847,0,0,0
30-Dec-2025,1194.1,Put,1080,0,0,26.8847,0,0,0
30-Dec-2025,1194.1,Put,1140,0,0,26.8847,0,0,0
30-Dec-2025,1194.1,Call,1320,0,0,26.8847,0,0,0
25-Nov-2025,1194.1,Call,1050,0,0,26.8847,0,0,0
25-Nov-2025,1194.1,Call,1000,0,0,26.8847,0,0,0
25-Nov-2025,1194.1,Put,1310,0,0,26.8847,0,0,0
25-Nov-2025,1194.1,Put,1290,0,0,26.8847,0,0,0
25-Nov-2025,1194.1,Call,1040,0,0,26.8847,0,0,0
