28-Oct-2025,2085.4,Call,2100,23.95,18.37,28.2543,322,2447,7094
28-Oct-2025,2085.4,-,0,2093.6,0,28.2543,556,36147,2314
28-Oct-2025,2085.4,Call,2080,34.7,18.85,28.2543,-19,1823,2298
28-Oct-2025,2085.4,Call,2140,10.3,18.22,28.2543,-60,535,2021
28-Oct-2025,2085.4,Put,2080,21.7,18.29,28.2543,102,691,1853
28-Oct-2025,2085.4,Put,2100,31.05,17.84,28.2543,195,676,1470
28-Oct-2025,2085.4,Call,2120,16.05,18.02,28.2543,-4,472,1448
28-Oct-2025,2085.4,Call,2160,6.55,18.41,28.2543,27,299,1326
28-Oct-2025,2085.4,Put,2060,14.65,18.68,28.2543,58,683,1225
28-Oct-2025,2085.4,Call,2200,2.65,19.55,28.2543,38,753,1222
28-Oct-2025,2085.4,Put,2000,4.75,21.48,28.2543,112,948,1054
28-Oct-2025,2085.4,Put,1800,0.2,32.59,28.2543,-147,1093,1048
28-Oct-2025,2085.4,Put,2040,9.8,19.39,28.2543,45,773,981
28-Oct-2025,2085.4,Call,2180,4.1,18.82,28.2543,30,338,608
28-Oct-2025,2085.4,Call,2060,47.55,18.86,28.2543,-15,845,596
25-Nov-2025,2085.4,-,0,2105.3,0,28.2543,209,938,526
28-Oct-2025,2085.4,Put,2020,6.6,20.19,28.2543,-52,482,482
28-Oct-2025,2085.4,Call,2220,1.55,20,28.2543,-18,337,361
28-Oct-2025,2085.4,Call,2040,62.2,19.74,28.2543,-23,769,316
28-Oct-2025,2085.4,Put,1980,3.35,22.41,28.2543,9,307,296
28-Oct-2025,2085.4,Put,1720,0.3,43.24,28.2543,201,663,268
28-Oct-2025,2085.4,Call,2000,97.3,22.55,28.2543,-24,516,193
28-Oct-2025,2085.4,Call,2240,1.15,20.9,28.2543,5,899,176
25-Nov-2025,2085.4,Call,2100,62.3,20.73,28.2543,39,116,152
28-Oct-2025,2085.4,Put,2120,43,18.24,28.2543,16,83,148
28-Oct-2025,2085.4,Put,1940,1.95,25.35,28.2543,-25,234,126
25-Nov-2025,2085.4,Put,2000,21.75,22.84,28.2543,32,114,96
28-Oct-2025,2085.4,Call,2020,79.5,21.3,28.2543,-7,395,87
28-Oct-2025,2085.4,Put,1900,1.25,28.49,28.2543,-14,246,83
28-Oct-2025,2085.4,Put,1960,2.55,23.9,28.2543,0,225,80
28-Oct-2025,2085.4,Call,2260,1.1,22.91,28.2543,0,269,67
28-Oct-2025,2085.4,Put,1880,0.85,29.21,28.2543,-7,102,62
28-Oct-2025,2085.4,Put,2140,57.4,18.08,28.2543,14,26,61
25-Nov-2025,2085.4,Call,2200,24.7,21.14,28.2543,20,71,60
25-Nov-2025,2085.4,Put,2100,56.75,22.06,28.2543,36,65,48
28-Oct-2025,2085.4,Put,1860,0.65,30.45,28.2543,-6,279,40
25-Nov-2025,2085.4,Call,2080,73,21.25,28.2543,7,15,39
28-Oct-2025,2085.4,Call,2280,0.65,23.02,28.2543,-14,228,35
28-Oct-2025,2085.4,Put,1920,1.5,26.58,28.2543,-2,357,32
25-Nov-2025,2085.4,Call,2240,16.7,21.49,28.2543,13,52,31
30-Dec-2025,2085.4,-,0,2115.5,0,28.2543,2,81,30
25-Nov-2025,2085.4,Call,2280,11,21.79,28.2543,12,40,21
25-Nov-2025,2085.4,Put,1960,14.35,23.29,28.2543,9,16,21
25-Nov-2025,2085.4,Put,1900,7.4,24.32,28.2543,2,56,17
25-Nov-2025,2085.4,Put,2060,39.8,22.26,28.2543,5,8,14
25-Nov-2025,2085.4,Call,2220,20.35,21.31,28.2543,9,11,14
28-Oct-2025,2085.4,Put,2200,109.35,17.39,28.2543,-1,135,13
28-Oct-2025,2085.4,Call,2320,0.3,24.24,28.2543,-8,80,13
25-Nov-2025,2085.4,Call,2400,3.75,24.38,28.2543,8,12,12
28-Oct-2025,2085.4,Call,1980,126.7,36.42,28.2543,-8,54,10
25-Nov-2025,2085.4,Put,1880,5.8,24.59,28.2543,0,52,8
28-Oct-2025,2085.4,Call,1900,193.5,31.81,28.2543,-1,68,7
25-Nov-2025,2085.4,Put,2080,47.3,21.99,28.2543,3,6,7
28-Oct-2025,2085.4,Put,1760,0.3,38.66,28.2543,-1,8,5
25-Nov-2025,2085.4,Put,1920,9,23.76,28.2543,0,63,5
25-Nov-2025,2085.4,Put,2020,27.05,22.61,28.2543,-1,2,4
25-Nov-2025,2085.4,Call,2140,41.9,20.31,28.2543,1,7,3
25-Nov-2025,2085.4,Call,2000,126.5,21.68,28.2543,-1,65,3
25-Nov-2025,2085.4,Call,1900,210.75,22.06,28.2543,0,27,3
25-Nov-2025,2085.4,Put,2200,122.1,23.81,28.2543,1,17,3
28-Oct-2025,2085.4,Put,2400,302,0,28.2543,0,129,2
28-Oct-2025,2085.4,Call,1740,351,40.77,28.2543,0,25,2
28-Oct-2025,2085.4,Put,1840,0.85,34.17,28.2543,0,117,2
28-Oct-2025,2085.4,Put,2360,261,0,28.2543,0,14,2
28-Oct-2025,2085.4,Call,2360,0.75,31.25,28.2543,0,26,2
28-Oct-2025,2085.4,Put,1740,0.35,41.69,28.2543,0,90,1
25-Nov-2025,2085.4,Call,2360,6.15,24.02,28.2543,0,0,1
25-Nov-2025,2085.4,Call,2180,26.1,19.45,28.2543,0,4,1
28-Oct-2025,2085.4,Put,2260,0,0,28.2543,0,0,0
28-Oct-2025,2085.4,Call,1680,0,0,28.2543,0,0,0
28-Oct-2025,2085.4,Put,1680,0,0,28.2543,0,3,0
28-Oct-2025,2085.4,Call,1760,0,0,28.2543,0,3,0
28-Oct-2025,2085.4,Call,1840,0,0,28.2543,0,0,0
28-Oct-2025,2085.4,Call,1880,0,0,28.2543,0,20,0
28-Oct-2025,2085.4,Put,2160,0,0,28.2543,0,17,0
28-Oct-2025,2085.4,Call,1780,0,0,28.2543,0,4,0
28-Oct-2025,2085.4,Call,1820,0,0,28.2543,0,7,0
28-Oct-2025,2085.4,Call,1860,0,0,28.2543,0,2,0
28-Oct-2025,2085.4,Call,1920,0,0,28.2543,0,9,0
28-Oct-2025,2085.4,Put,2220,0,0,28.2543,0,0,0
28-Oct-2025,2085.4,Put,2280,0,0,28.2543,0,7,0
28-Oct-2025,2085.4,Call,1960,0,0,28.2543,0,33,0
28-Oct-2025,2085.4,Put,2320,0,0,28.2543,0,12,0
25-Nov-2025,2085.4,Put,2140,0,0,28.2543,0,0,0
25-Nov-2025,2085.4,Put,1980,0,0,28.2543,0,0,0
28-Oct-2025,2085.4,Call,2400,0,0,28.2543,0,37,0
25-Nov-2025,2085.4,Call,1820,0,0,28.2543,0,0,0
28-Oct-2025,2085.4,Call,1940,0,0,28.2543,0,20,0
25-Nov-2025,2085.4,Call,1940,0,0,28.2543,0,0,0
25-Nov-2025,2085.4,Call,1920,0,0,28.2543,0,1,0
28-Oct-2025,2085.4,Put,2240,0,0,28.2543,0,5,0
25-Nov-2025,2085.4,Call,2020,0,0,28.2543,0,14,0
25-Nov-2025,2085.4,Call,2120,0,0,28.2543,0,0,0
25-Nov-2025,2085.4,Put,1840,0,0,28.2543,0,16,0
25-Nov-2025,2085.4,Put,2160,0,0,28.2543,0,0,0
25-Nov-2025,2085.4,Put,2320,0,0,28.2543,0,0,0
25-Nov-2025,2085.4,Call,1800,0,0,28.2543,0,0,0
30-Dec-2025,2085.4,Put,2160,0,0,28.2543,0,0,0
28-Oct-2025,2085.4,Put,1820,0,0,28.2543,0,54,0
25-Nov-2025,2085.4,Put,2240,0,0,28.2543,0,1,0
30-Dec-2025,2085.4,Call,2080,0,0,28.2543,0,0,0
25-Nov-2025,2085.4,Put,1800,0,0,28.2543,0,0,0
25-Nov-2025,2085.4,Call,2060,0,0,28.2543,0,0,0
30-Dec-2025,2085.4,Call,2160,0,0,28.2543,0,0,0
25-Nov-2025,2085.4,Put,2120,0,0,28.2543,0,34,0
28-Oct-2025,2085.4,Put,2180,0,0,28.2543,0,0,0
25-Nov-2025,2085.4,Put,2360,0,0,28.2543,0,0,0
30-Dec-2025,2085.4,Put,2040,0,0,28.2543,0,0,0
30-Dec-2025,2085.4,Put,2200,0,0,0,0,0,0
28-Oct-2025,2085.4,Call,1800,0,0,28.2543,0,109,0
30-Dec-2025,2085.4,Put,2080,0,0,28.2543,0,0,0
25-Nov-2025,2085.4,Call,1960,0,0,28.2543,0,4,0
25-Nov-2025,2085.4,Call,1860,0,0,28.2543,0,0,0
25-Nov-2025,2085.4,Call,1680,0,0,28.2543,0,0,0
25-Nov-2025,2085.4,Call,2260,0,0,0,0,0,0
25-Nov-2025,2085.4,Call,1720,0,0,28.2543,0,0,0
30-Dec-2025,2085.4,Put,2120,0,0,28.2543,0,0,0
28-Oct-2025,2085.4,Call,1720,0,0,28.2543,0,40,0
30-Dec-2025,2085.4,Call,2240,0,0,28.2543,0,0,0
25-Nov-2025,2085.4,Put,2180,0,0,28.2543,0,0,0
25-Nov-2025,2085.4,Put,1820,0,0,28.2543,0,0,0
25-Nov-2025,2085.4,Call,2320,0,0,28.2543,0,3,0
30-Dec-2025,2085.4,Put,1960,0,0,28.2543,0,0,0
25-Nov-2025,2085.4,Call,1840,0,0,28.2543,0,0,0
25-Nov-2025,2085.4,Put,1860,0,0,28.2543,0,0,0
30-Dec-2025,2085.4,Put,1920,0,0,28.2543,0,0,0
30-Dec-2025,2085.4,Call,2120,0,0,28.2543,0,0,0
25-Nov-2025,2085.4,Call,2160,0,0,28.2543,0,2,0
25-Nov-2025,2085.4,Put,2040,0,0,28.2543,0,0,0
25-Nov-2025,2085.4,Put,2400,0,0,28.2543,0,1,0
30-Dec-2025,2085.4,Call,2280,0,0,0,0,0,0
25-Nov-2025,2085.4,Put,1940,0,0,28.2543,0,0,0
25-Nov-2025,2085.4,Put,2260,0,0,0,0,0,0
25-Nov-2025,2085.4,Put,1680,0,0,28.2543,0,0,0
25-Nov-2025,2085.4,Call,2040,0,0,28.2543,0,3,0
25-Nov-2025,2085.4,Call,1880,0,0,28.2543,0,12,0
30-Dec-2025,2085.4,Call,2200,0,0,28.2543,0,2,0
30-Dec-2025,2085.4,Put,2000,0,0,28.2543,0,0,0
25-Nov-2025,2085.4,Put,2220,0,0,28.2543,0,0,0
25-Nov-2025,2085.4,Call,1980,0,0,28.2543,0,0,0
25-Nov-2025,2085.4,Put,1720,0,0,28.2543,0,0,0
25-Nov-2025,2085.4,Call,1760,0,0,28.2543,0,0,0
25-Nov-2025,2085.4,Put,2280,0,0,28.2543,0,0,0
25-Nov-2025,2085.4,Put,1760,0,0,28.2543,0,0,0
