28-Oct-2025,1259,Call,1260,26.5,27.24,38.4228,693,1244,7784
28-Oct-2025,1259,Call,1300,11.35,27.66,38.4228,361,1794,7403
28-Oct-2025,1259,Call,1280,17.7,27.66,38.4228,541,1022,6061
28-Oct-2025,1259,-,0,1263.1,0,38.4228,77,21936,5529
28-Oct-2025,1259,Call,1240,37.55,27.48,38.4228,-24,773,3246
28-Oct-2025,1259,Put,1200,5.15,28.23,38.4228,-153,698,1625
25-Nov-2025,1259,-,0,1257.5,0,38.4228,626,3057,1562
28-Oct-2025,1259,Put,1260,22.2,26.84,38.4228,188,348,1338
28-Oct-2025,1259,Put,1220,8.6,27.61,38.4228,35,743,1273
28-Oct-2025,1259,Put,1240,14.15,26.96,38.4228,433,660,1270
28-Oct-2025,1259,Call,1320,7,28.08,38.4228,150,479,1227
28-Oct-2025,1259,Put,1180,3.1,29.66,38.4228,-39,247,1016
28-Oct-2025,1259,Call,1340,4.55,29.17,38.4228,105,307,843
28-Oct-2025,1259,Call,1220,52.7,29.32,38.4228,-164,999,814
28-Oct-2025,1259,Call,1400,1.5,33.5,38.4228,57,418,763
28-Oct-2025,1259,Call,1360,2.95,30.25,38.4228,38,281,708
25-Nov-2025,1259,Call,1300,36,28.65,38.4228,245,318,671
28-Oct-2025,1259,Put,1280,33.95,26.88,38.4228,75,137,486
28-Oct-2025,1259,Call,1200,68.4,28.82,38.4228,-53,492,447
28-Oct-2025,1259,Put,1160,1.9,31.4,38.4228,-3,232,375
28-Oct-2025,1259,Put,1100,0.6,37.7,38.4228,-135,220,324
28-Oct-2025,1259,Put,1300,47.6,26.74,38.4228,4,342,219
28-Oct-2025,1259,Put,1140,1.35,34.1,38.4228,-12,291,193
28-Oct-2025,1259,Call,1380,2.05,32.45,38.4228,2,83,182
28-Oct-2025,1259,Put,1120,0.95,36.14,38.4228,-33,96,165
28-Oct-2025,1259,Call,1440,0.9,37.16,38.4228,71,80,140
30-Dec-2025,1259,-,0,1253.3,0,38.4228,32,158,100
28-Oct-2025,1259,Put,1080,0.45,40.21,38.4228,-52,115,77
25-Nov-2025,1259,Put,1300,76.7,37.55,38.4228,45,49,59
28-Oct-2025,1259,Put,1000,0.1,47.89,38.4228,-18,52,58
25-Nov-2025,1259,Put,1200,26.5,34.63,38.4228,12,96,37
28-Oct-2025,1259,Call,1160,108,35.24,38.4228,-4,85,36
25-Nov-2025,1259,Call,1260,53,27.31,38.4228,14,32,34
28-Oct-2025,1259,Put,1320,62.7,29.11,38.4228,0,14,31
25-Nov-2025,1259,Call,1400,12.8,30.45,38.4228,23,29,31
25-Nov-2025,1259,Call,1360,18.9,29.14,38.4228,23,24,29
28-Oct-2025,1259,Call,1180,86.1,23.6,38.4228,-8,62,22
28-Oct-2025,1259,Put,1340,74.75,15.25,38.4228,1,20,22
25-Nov-2025,1259,Call,1240,62.1,25.93,38.4228,3,105,22
28-Oct-2025,1259,Put,1400,136.5,35.78,38.4228,10,41,20
28-Oct-2025,1259,Call,1480,0.4,38.4,38.4228,3,18,19
28-Oct-2025,1259,Put,1360,96.35,26.78,38.4228,3,17,17
25-Nov-2025,1259,Call,1200,85,22.62,38.4228,10,12,17
25-Nov-2025,1259,Put,1240,43,35.75,38.4228,0,34,15
25-Nov-2025,1259,Put,1180,20.4,34.4,38.4228,-2,4,13
25-Nov-2025,1259,Put,1160,15.5,34.31,38.4228,10,31,11
28-Oct-2025,1259,Put,1040,0.25,44.97,38.4228,0,101,10
28-Oct-2025,1259,Put,960,0.1,51.93,38.4228,0,15,10
30-Dec-2025,1259,Put,1200,37.25,32.76,38.4228,6,6,8
25-Nov-2025,1259,Call,1340,24.2,28.43,38.4228,4,13,6
25-Nov-2025,1259,Call,1280,42.35,26.84,38.4228,4,11,6
28-Oct-2025,1259,Put,1060,0.3,42.01,38.4228,0,124,5
28-Oct-2025,1259,Call,1140,127,37.3,38.4228,-3,35,4
28-Oct-2025,1259,Put,1020,0.25,48.92,38.4228,0,11,4
28-Oct-2025,1259,Put,980,0.1,51.63,38.4228,0,14,3
25-Nov-2025,1259,Put,1220,34,35.08,38.4228,1,1,2
25-Nov-2025,1259,Put,1400,152,42.65,38.4228,1,1,2
25-Nov-2025,1259,Call,1180,99,20.3,38.4228,0,1,1
25-Nov-2025,1259,Put,1280,64,36.87,38.4228,0,9,1
25-Nov-2025,1259,Put,1320,84.4,35.14,38.4228,0,3,1
30-Dec-2025,1259,Put,1240,52,32.56,38.4228,0,0,1
28-Oct-2025,1259,Call,1100,0,0,38.4228,0,22,0
28-Oct-2025,1259,Put,1440,0,0,38.4228,0,0,0
28-Oct-2025,1259,Call,1000,0,0,38.4228,0,0,0
28-Oct-2025,1259,Call,1080,0,0,38.4228,0,25,0
28-Oct-2025,1259,Call,1060,0,0,38.4228,0,6,0
28-Oct-2025,1259,Call,1040,0,0,38.4228,0,0,0
28-Oct-2025,1259,Call,1120,0,0,38.4228,0,24,0
28-Oct-2025,1259,Put,1480,0,0,38.4228,0,12,0
25-Nov-2025,1259,Call,1080,0,0,38.4228,0,0,0
25-Nov-2025,1259,Put,1040,0,0,38.4228,0,0,0
25-Nov-2025,1259,Put,1080,0,0,38.4228,0,2,0
25-Nov-2025,1259,Call,1320,0,0,38.4228,0,5,0
28-Oct-2025,1259,Put,920,0,0,38.4228,0,11,0
25-Nov-2025,1259,Put,1360,0,0,38.4228,0,0,0
25-Nov-2025,1259,Call,1140,0,0,38.4228,0,0,0
30-Dec-2025,1259,Put,1040,0,0,38.4228,0,0,0
25-Nov-2025,1259,Call,1160,0,0,38.4228,0,0,0
25-Nov-2025,1259,Call,1000,0,0,38.4228,0,0,0
25-Nov-2025,1259,Put,1100,0,0,38.4228,0,9,0
25-Nov-2025,1259,Call,1220,0,0,38.4228,0,21,0
30-Dec-2025,1259,Call,1240,0,0,38.4228,0,0,0
25-Nov-2025,1259,Put,1140,0,0,38.4228,0,0,0
25-Nov-2025,1259,Put,1120,0,0,38.4228,0,2,0
25-Nov-2025,1259,Put,1340,0,0,38.4228,0,4,0
25-Nov-2025,1259,Call,1040,0,0,38.4228,0,0,0
25-Nov-2025,1259,Call,1120,0,0,38.4228,0,0,0
25-Nov-2025,1259,Put,1260,0,0,38.4228,0,11,0
25-Nov-2025,1259,Put,1440,0,0,38.4228,0,0,0
30-Dec-2025,1259,Call,1280,0,0,38.4228,0,0,0
30-Dec-2025,1259,Call,1320,0,0,38.4228,0,0,0
30-Dec-2025,1259,Call,1200,0,0,38.4228,0,0,0
25-Nov-2025,1259,Call,1100,0,0,38.4228,0,0,0
30-Dec-2025,1259,Put,1160,0,0,38.4228,0,0,0
25-Nov-2025,1259,Put,1000,0,0,38.4228,0,0,0
30-Dec-2025,1259,Put,1320,0,0,0,0,0,0
30-Dec-2025,1259,Put,1280,0,0,38.4228,0,0,0
30-Dec-2025,1259,Put,1120,0,0,38.4228,0,0,0
30-Dec-2025,1259,Call,1360,0,0,38.4228,0,0,0
25-Nov-2025,1259,Call,1440,0,0,38.4228,0,0,0
