28-Oct-2025,336.2,Call,340,5.4,27.46,33.4941,8,816,199
28-Oct-2025,336.2,-,0,337.45,0,33.4941,-1,18762,163
28-Oct-2025,336.2,Call,350,2.35,28.46,33.4941,-12,1379,143
28-Oct-2025,336.2,Put,335,5.4,26.35,33.4941,-20,386,104
28-Oct-2025,336.2,Call,345,3.65,27.68,33.4941,-8,663,88
28-Oct-2025,336.2,Put,330,3.4,26.37,33.4941,-2,480,75
28-Oct-2025,336.2,Call,335,7.75,28.02,33.4941,5,243,66
28-Oct-2025,336.2,Call,370,0.45,31.92,33.4941,-3,424,64
28-Oct-2025,336.2,Put,340,8,25.86,33.4941,-2,441,38
28-Oct-2025,336.2,Call,360,1.05,30.31,33.4941,1,802,30
28-Oct-2025,336.2,Call,380,0.25,34.98,33.4941,0,452,29
25-Nov-2025,336.2,-,0,338.7,0,33.4941,12,768,28
28-Oct-2025,336.2,Call,390,0.1,41.09,33.4941,-10,631,25
28-Oct-2025,336.2,Call,330,10.7,28.04,33.4941,-1,266,25
28-Oct-2025,336.2,Put,320,1.25,27.25,33.4941,8,523,20
28-Oct-2025,336.2,Call,355,1.55,29.22,33.4941,4,420,17
28-Oct-2025,336.2,Call,365,0.65,30.7,33.4941,0,274,8
28-Oct-2025,336.2,Call,320,18.55,30.66,33.4941,2,125,8
28-Oct-2025,336.2,Put,300,0.2,33.27,33.4941,0,493,8
25-Nov-2025,336.2,Call,360,4.55,26.48,33.4941,-1,107,7
25-Nov-2025,336.2,Call,340,11.3,26.08,33.4941,5,45,7
28-Oct-2025,336.2,Put,345,11.25,25.53,33.4941,-1,215,6
30-Dec-2025,336.2,-,0,339.95,0,33.4941,0,81,5
28-Oct-2025,336.2,Call,325,14.9,31.73,33.4941,1,69,5
28-Oct-2025,336.2,Call,375,0.4,34.66,33.4941,0,83,5
25-Nov-2025,336.2,Call,350,7.5,26.67,33.4941,1,85,4
28-Oct-2025,336.2,Put,355,19.05,25.07,33.4941,0,32,3
28-Oct-2025,336.2,Put,350,14.9,23.68,33.4941,-1,135,3
28-Oct-2025,336.2,Put,360,23.45,23.55,33.4941,1,264,3
25-Nov-2025,336.2,Put,350,17,24.45,33.4941,0,15,3
25-Nov-2025,336.2,Put,330,7.35,25.28,33.4941,1,19,2
28-Oct-2025,336.2,Put,305,0.3,0,33.4941,0,170,1
28-Oct-2025,336.2,Call,315,23.45,35.94,33.4941,0,42,1
28-Oct-2025,336.2,Put,315,0.7,27.83,33.4941,0,234,1
28-Oct-2025,336.2,Put,325,2.1,26.53,33.4941,0,469,1
28-Oct-2025,336.2,Put,310,0.4,28.81,33.4941,0,255,1
28-Oct-2025,336.2,Call,400,0,0,33.4941,0,21,0
28-Oct-2025,336.2,Put,400,0,0,33.4941,0,2,0
28-Oct-2025,336.2,Put,370,0,0,33.4941,0,69,0
28-Oct-2025,336.2,Put,285,0,0,33.4941,0,54,0
28-Oct-2025,336.2,Put,390,0,0,33.4941,0,14,0
28-Oct-2025,336.2,Put,365,0,0,33.4941,0,163,0
28-Oct-2025,336.2,Call,305,0,0,33.4941,0,19,0
28-Oct-2025,336.2,Put,280,0,0,33.4941,0,0,0
28-Oct-2025,336.2,Put,290,0,0,33.4941,0,97,0
28-Oct-2025,336.2,Put,375,0,0,33.4941,0,16,0
28-Oct-2025,336.2,Put,260,0,0,33.4941,0,40,0
28-Oct-2025,336.2,Call,300,0,0,33.4941,0,48,0
28-Oct-2025,336.2,Put,380,0,0,33.4941,0,44,0
28-Oct-2025,336.2,Call,260,0,0,33.4941,0,10,0
28-Oct-2025,336.2,Call,295,0,0,33.4941,0,5,0
28-Oct-2025,336.2,Call,280,0,0,33.4941,0,44,0
28-Oct-2025,336.2,Call,270,0,0,33.4941,0,12,0
28-Oct-2025,336.2,Call,290,0,0,33.4941,0,18,0
28-Oct-2025,336.2,Put,295,0,0,33.4941,0,127,0
28-Oct-2025,336.2,Call,310,0,0,33.4941,0,58,0
25-Nov-2025,336.2,Put,300,0,0,33.4941,0,39,0
25-Nov-2025,336.2,Put,290,0,0,33.4941,0,0,0
25-Nov-2025,336.2,Put,310,0,0,33.4941,0,39,0
25-Nov-2025,336.2,Call,330,0,0,33.4941,0,18,0
25-Nov-2025,336.2,Put,375,0,0,33.4941,0,0,0
25-Nov-2025,336.2,Call,320,0,0,33.4941,0,16,0
25-Nov-2025,336.2,Call,325,0,0,33.4941,0,1,0
25-Nov-2025,336.2,Call,335,0,0,33.4941,0,6,0
25-Nov-2025,336.2,Put,280,0,0,33.4941,0,0,0
25-Nov-2025,336.2,Call,375,0,0,33.4941,0,0,0
25-Nov-2025,336.2,Call,315,0,0,33.4941,0,0,0
25-Nov-2025,336.2,Put,305,0,0,33.4941,0,0,0
25-Nov-2025,336.2,Call,280,0,0,33.4941,0,1,0
25-Nov-2025,336.2,Call,290,0,0,33.4941,0,0,0
25-Nov-2025,336.2,Put,370,0,0,33.4941,0,0,0
25-Nov-2025,335.85,Put,380,0,0,33.4941,0,0,0
25-Nov-2025,336.2,Call,310,0,0,33.4941,0,0,0
25-Nov-2025,336.2,Put,355,0,0,33.4941,0,0,0
25-Nov-2025,335.85,Put,390,0,0,33.4941,0,0,0
25-Nov-2025,336.2,Put,340,0,0,33.4941,0,16,0
25-Nov-2025,336.2,Put,400,0,0,33.4941,0,0,0
25-Nov-2025,336.2,Call,380,0,0,33.4941,0,26,0
25-Nov-2025,336.2,Call,390,0,0,33.4941,0,0,0
25-Nov-2025,336.2,Call,370,0,0,33.4941,0,22,0
25-Nov-2025,336.2,Call,400,0,0,33.4941,0,0,0
25-Nov-2025,335.85,Put,365,0,0,33.4941,0,0,0
25-Nov-2025,336.2,Call,305,0,0,33.4941,0,0,0
25-Nov-2025,336.2,Call,345,0,0,33.4941,0,2,0
25-Nov-2025,336.2,Call,300,0,0,33.4941,0,16,0
25-Nov-2025,336.2,Put,315,0,0,33.4941,0,41,0
25-Nov-2025,336.2,Put,345,0,0,33.4941,0,3,0
25-Nov-2025,336.2,Put,320,0,0,33.4941,0,53,0
25-Nov-2025,336.2,Put,335,0,0,33.4941,0,4,0
25-Nov-2025,336.2,Call,355,0,0,33.4941,0,0,0
25-Nov-2025,336.2,Call,365,0,0,33.4941,0,2,0
30-Dec-2025,336.2,Put,340,0,0,33.4941,0,0,0
30-Dec-2025,336.2,Put,300,0,0,33.4941,0,0,0
30-Dec-2025,336.2,Call,340,0,0,33.4941,0,0,0
25-Nov-2025,336.2,Put,325,0,0,33.4941,0,2,0
30-Dec-2025,336.2,Put,360,0,0,33.4941,0,0,0
30-Dec-2025,336.2,Put,310,0,0,33.4941,0,2,0
30-Dec-2025,336.2,Put,320,0,0,33.4941,0,0,0
25-Nov-2025,336.2,Put,360,0,0,33.4941,0,12,0
30-Dec-2025,336.2,Call,370,0,0,33.4941,0,0,0
30-Dec-2025,336.2,Put,330,0,0,33.4941,0,0,0
30-Dec-2025,336.2,Call,350,0,0,33.4941,0,0,0
30-Dec-2025,336.2,Call,380,0,0,33.4941,0,0,0
30-Dec-2025,336.2,Call,330,0,0,33.4941,0,0,0
30-Dec-2025,336.2,Put,350,0,0,33.4941,0,0,0
30-Dec-2025,336.2,Call,360,0,0,33.4941,0,0,0
