28-Oct-2025,27342.9,Call,27300,284.3,11.2,17.6842,-753,1171,6915
28-Oct-2025,27342.9,Call,27500,180.25,10.97,17.6842,-710,2468,6540
28-Oct-2025,27342.9,Call,27200,350.55,11.41,17.6842,-641,892,5453
28-Oct-2025,27342.9,Call,28000,52.55,11.82,17.6842,-101,897,3580
28-Oct-2025,27342.9,Put,27200,150.05,12.49,17.6842,108,1145,3105
28-Oct-2025,27342.9,Put,27000,101.65,13.19,17.6842,-37,990,2811
28-Oct-2025,27342.9,Put,27300,182.45,12.17,17.6842,501,957,2708
28-Oct-2025,27342.9,Call,27600,140.75,11.19,17.6842,1466,1466,2096
28-Oct-2025,27342.9,Put,27100,122.4,12.87,17.6842,-1,511,1883
28-Oct-2025,27342.9,Call,27000,500.6,12.26,17.6842,-187,1289,1493
28-Oct-2025,27342.9,Call,27800,87.2,11.39,17.6842,247,1367,1408
28-Oct-2025,27342.9,Call,27100,424.35,11.43,17.6842,-237,272,1312
28-Oct-2025,27342.9,Call,27250,313.9,11.11,17.6842,35,97,1309
28-Oct-2025,27342.9,Put,26000,20.4,18.06,17.6842,-125,1586,1283
28-Oct-2025,27342.9,Put,26900,85.1,13.62,17.6842,169,1448,1231
28-Oct-2025,27342.9,Call,27350,255,11.03,17.6842,-150,133,891
28-Oct-2025,27342.9,Put,26800,70.2,14.05,17.6842,4,752,860
28-Oct-2025,27342.9,Call,27650,124.35,11.19,17.6842,215,683,838
28-Oct-2025,27342.9,Put,26500,40.7,15.34,17.6842,41,1022,687
28-Oct-2025,27342.9,Call,27450,203,10.92,17.6842,-153,186,645
28-Oct-2025,27342.9,Call,29000,7,15.49,17.6842,142,534,620
28-Oct-2025,27342.9,Put,27250,166.35,12.33,17.6842,177,177,570
28-Oct-2025,27342.9,Call,27900,67.8,11.7,17.6842,83,459,558
28-Oct-2025,27342.9,Put,27500,275.65,12.06,17.6842,281,314,534
28-Oct-2025,27342.9,Put,25000,8.65,24.48,17.6842,78,627,498
28-Oct-2025,27342.9,Put,26700,58.3,14.58,17.6842,-8,439,487
28-Oct-2025,27342.9,Call,28200,29.75,12.43,17.6842,37,251,484
28-Oct-2025,27342.9,Call,28500,15.3,13.33,17.6842,110,442,466
28-Oct-2025,27342.9,Put,26600,48.8,14.92,17.6842,-64,434,463
28-Oct-2025,27342.9,Put,27150,136,12.65,17.6842,99,112,423
28-Oct-2025,27342.9,Put,26300,29.05,16.44,17.6842,-67,413,385
28-Oct-2025,27342.9,Put,25700,15.5,20.22,17.6842,-35,458,382
28-Oct-2025,27342.9,Call,27550,159.55,11.12,17.6842,2,273,352
28-Oct-2025,27342.9,Call,28300,24.5,12.4,17.6842,118,159,331
28-Oct-2025,27342.9,Call,26900,588.3,12.43,17.6842,-151,400,325
28-Oct-2025,27342.9,Put,26200,26.65,16.95,17.6842,172,406,315
28-Oct-2025,27342.9,Call,26800,671.15,12.88,17.6842,-112,627,294
28-Oct-2025,27342.9,-,0,27400,0,17.6842,16,632,253
28-Oct-2025,27342.9,Call,27150,384.3,11.69,17.6842,29,29,251
28-Oct-2025,27342.9,Put,26400,35.45,15.74,17.6842,-58,679,243
28-Oct-2025,27342.9,Put,26850,76.95,13.84,17.6842,65,200,242
28-Oct-2025,27342.9,Put,25850,17.7,19.2,17.6842,-118,36,236
28-Oct-2025,27342.9,Put,26950,92.3,13.37,17.6842,53,151,229
28-Oct-2025,27342.9,Put,25200,9.4,23.29,17.6842,4,138,194
28-Oct-2025,27342.9,Call,27850,77.35,11.59,17.6842,117,165,193
28-Oct-2025,27342.9,Call,28100,43.2,12.06,17.6842,49,177,142
28-Oct-2025,27342.9,Put,27050,111.3,13.04,17.6842,9,137,140
28-Oct-2025,27342.9,Call,27050,464.5,12.29,17.6842,-12,180,130
28-Oct-2025,27342.9,Put,25500,13.45,21.66,17.6842,15,85,116
28-Oct-2025,27342.9,Put,26550,45.3,15.16,17.6842,-42,155,113
28-Oct-2025,27342.9,Put,25100,8.85,23.88,17.6842,46,120,108
28-Oct-2025,27342.9,Put,26350,33.05,16.13,17.6842,-24,100,105
28-Oct-2025,27342.9,Call,28800,8.8,14.6,17.6842,64,78,105
28-Oct-2025,27342.9,Put,27400,225.65,11.75,17.6842,61,61,102
28-Oct-2025,27342.9,Call,29500,5.25,17.7,17.6842,-20,242,102
28-Oct-2025,27342.9,Put,26650,53.5,14.78,17.6842,-12,132,102
28-Oct-2025,27342.9,Call,28400,19.35,13.03,17.6842,37,55,101
28-Oct-2025,27342.9,Call,26700,760.8,14.11,17.6842,-42,209,93
28-Oct-2025,27342.9,Put,27350,203.05,12.07,17.6842,62,62,90
28-Oct-2025,27342.9,Put,26750,65.45,14.28,17.6842,7,100,75
28-Oct-2025,27342.9,Call,26950,533.4,12.11,17.6842,1,67,70
28-Oct-2025,27342.9,Put,25900,19.65,19.08,17.6842,-15,119,70
28-Oct-2025,27342.9,Put,26450,37.05,15.72,17.6842,-46,102,66
28-Oct-2025,27342.9,Put,26100,22.35,17.47,17.6842,-43,289,66
28-Oct-2025,27342.9,Put,24000,4.75,31.32,17.6842,-4,95,64
28-Oct-2025,27342.9,Call,26600,732.9,0,17.6842,-4,189,61
28-Oct-2025,27342.9,Call,26000,1365,0,17.6842,36,225,49
28-Oct-2025,27342.9,Call,26500,899.25,0,17.6842,26,365,46
25-Nov-2025,27342.9,-,0,27516.2,0,17.6842,5,42,43
28-Oct-2025,27342.9,Call,28700,10.2,14.12,17.6842,25,35,43
28-Oct-2025,27342.9,Call,27400,227.3,11.06,17.6842,10,10,41
28-Oct-2025,27342.9,Call,28600,11.25,13.65,17.6842,18,76,38
28-Oct-2025,27342.9,Put,24900,7.65,25.18,17.6842,9,41,32
28-Oct-2025,27342.9,Call,26750,593.45,0,17.6842,-9,84,32
28-Oct-2025,27342.9,Put,25300,10.1,22.51,17.6842,9,43,31
28-Oct-2025,27342.9,Call,26400,915.15,0,17.6842,0,131,28
28-Oct-2025,27342.9,Call,26850,625.1,12.54,17.6842,-20,50,25
28-Oct-2025,27342.9,Put,23500,3.25,34.09,17.6842,7,27,23
28-Oct-2025,27342.9,Put,23800,4,32.36,17.6842,16,29,21
28-Oct-2025,27342.9,Call,26250,1097.5,0,17.6842,-1,15,21
28-Oct-2025,27342.9,Call,29100,6.15,16.14,17.6842,-2,18,16
28-Oct-2025,27342.9,Put,25800,17.5,19.67,17.6842,8,16,15
28-Oct-2025,27342.9,Put,24800,6.1,25.25,17.6842,4,24,15
28-Oct-2025,27342.9,Call,28900,6.95,14.85,17.6842,2,16,14
28-Oct-2025,27342.9,Put,24500,5.45,27.49,17.6842,-3,159,13
28-Oct-2025,27342.9,Call,26200,1160,0,17.6842,0,89,13
28-Oct-2025,27342.9,Put,26150,26.9,17.64,17.6842,3,73,11
28-Oct-2025,27342.9,Put,24700,4.5,26.37,17.6842,1,77,6
28-Oct-2025,27342.9,Call,26150,1119.65,0,17.6842,0,32,6
28-Oct-2025,27342.9,Put,22500,2.4,41.25,17.6842,-1,14,6
28-Oct-2025,27342.9,Call,28050,14.05,8.75,17.6842,1,12,5
28-Oct-2025,27342.9,Call,29400,4,17.36,17.6842,0,0,4
28-Oct-2025,27342.9,Put,23900,3.9,31.41,17.6842,0,11,4
28-Oct-2025,27342.9,Call,26100,1246.6,0,17.6842,0,28,3
28-Oct-2025,27342.9,Call,26650,798.8,13.76,17.6842,0,46,3
28-Oct-2025,27342.9,Put,25150,8.8,0,17.6842,0,6,2
28-Oct-2025,27342.9,Put,24600,5.8,26.84,17.6842,0,31,2
28-Oct-2025,27342.9,Call,25000,2251,0,17.6842,0,16,2
25-Nov-2025,27342.9,Put,27500,597,18.17,0,0,0,2
28-Oct-2025,27342.9,Put,24100,5.5,31.03,17.6842,0,6,1
28-Oct-2025,27342.9,Put,25250,15.1,24.58,17.6842,0,16,1
28-Oct-2025,27342.9,Call,26300,970,0,17.6842,0,132,1
30-Dec-2025,27342.9,-,0,0,0,17.6842,0,0,0
28-Oct-2025,27342.9,Put,27800,0,0,17.6842,0,0,0
28-Oct-2025,27342.9,Put,27600,0,0,17.6842,0,0,0
28-Oct-2025,27342.9,Put,27700,0,0,17.6842,0,0,0
28-Oct-2025,27342.9,Put,27900,0,0,17.6842,0,0,0
28-Oct-2025,27342.9,Put,28000,0,0,17.6842,0,0,0
28-Oct-2025,27342.9,Put,28200,0,0,17.6842,0,0,0
28-Oct-2025,27342.9,Put,28500,0,0,17.6842,0,0,0
28-Oct-2025,27342.9,Put,28400,0,0,17.6842,0,0,0
28-Oct-2025,27342.9,Put,28700,0,0,17.6842,0,0,0
28-Oct-2025,27342.9,Put,28100,0,0,17.6842,0,0,0
28-Oct-2025,27342.9,Put,28300,0,0,17.6842,0,0,0
28-Oct-2025,27342.9,Put,29000,0,0,17.6842,0,0,0
28-Oct-2025,27342.9,Put,29500,0,0,17.6842,0,0,0
28-Oct-2025,27342.9,Put,28150,0,0,17.6842,0,0,0
28-Oct-2025,27342.9,Put,29400,0,0,17.6842,0,0,0
28-Oct-2025,27342.9,Put,23700,0,0,17.6842,0,9,0
28-Oct-2025,27342.9,Put,23600,0,0,17.6842,0,9,0
28-Oct-2025,27342.9,Put,24400,0,0,17.6842,0,21,0
28-Oct-2025,27342.9,Call,25350,0,0,17.6842,0,0,0
28-Oct-2025,27342.9,Put,24850,0,0,17.6842,0,0,0
28-Oct-2025,27342.9,Put,25750,0,0,17.6842,0,0,0
28-Oct-2025,27342.9,Call,25050,0,0,17.6842,0,0,0
28-Oct-2025,27342.9,Call,27700,0,0,17.6842,0,0,0
28-Oct-2025,27342.9,Call,28250,0,0,0,0,0,0
28-Oct-2025,27342.9,Put,28600,0,0,17.6842,0,0,0
28-Oct-2025,27342.9,Put,26250,0,0,17.6842,0,77,0
28-Oct-2025,27342.9,Put,28250,0,0,0,0,0,0
28-Oct-2025,27342.9,Put,25400,0,0,17.6842,0,0,0
28-Oct-2025,27342.9,Put,25600,0,0,17.6842,0,0,0
28-Oct-2025,27342.9,Put,25450,0,0,17.6842,0,7,0
28-Oct-2025,27342.9,Put,25550,0,0,17.6842,0,0,0
28-Oct-2025,27342.9,Put,25650,0,0,17.6842,0,0,0
28-Oct-2025,27342.9,Call,25850,0,0,17.6842,0,0,0
28-Oct-2025,27342.9,Call,25450,0,0,17.6842,0,0,0
28-Oct-2025,27342.9,Call,25650,0,0,17.6842,0,0,0
28-Oct-2025,27342.9,Call,25550,0,0,17.6842,0,0,0
28-Oct-2025,27342.9,Put,25350,0,0,17.6842,0,1,0
28-Oct-2025,27342.9,Put,29600,0,0,0,0,0,0
28-Oct-2025,27342.9,Put,28050,0,0,17.6842,0,0,0
28-Oct-2025,27342.9,Call,25950,0,0,17.6842,0,0,0
28-Oct-2025,27342.9,Put,29300,0,0,17.6842,0,0,0
28-Oct-2025,27342.9,Call,26450,0,0,17.6842,0,23,0
28-Oct-2025,27342.9,Call,28150,0,0,17.6842,0,0,0
28-Oct-2025,27342.9,Call,25750,0,0,17.6842,0,0,0
28-Oct-2025,27342.9,Call,26550,0,0,17.6842,0,45,0
28-Oct-2025,27342.9,Call,29300,0,0,17.6842,0,0,0
28-Oct-2025,27342.9,Call,26350,0,0,17.6842,0,44,0
28-Oct-2025,27342.9,Put,27550,0,0,17.6842,0,0,0
28-Oct-2025,27342.9,Put,27450,0,0,17.6842,0,0,0
28-Oct-2025,27342.9,Put,27650,0,0,17.6842,0,0,0
28-Oct-2025,27342.9,Put,28800,0,0,17.6842,0,0,0
28-Oct-2025,27342.9,Put,28900,0,0,17.6842,0,0,0
28-Oct-2025,27342.9,Call,29600,0,0,0,0,0,0
28-Oct-2025,27342.9,Call,27750,0,0,17.6842,0,53,0
28-Oct-2025,27342.9,Put,27750,0,0,17.6842,0,0,0
28-Oct-2025,27342.9,Put,27850,0,0,17.6842,0,0,0
28-Oct-2025,27342.9,Call,27950,0,0,17.6842,0,51,0
28-Oct-2025,27342.9,Put,27950,0,0,17.6842,0,0,0
28-Oct-2025,27342.9,Put,29200,0,0,17.6842,0,0,0
28-Oct-2025,27342.9,Call,24800,0,0,17.6842,0,0,0
28-Oct-2025,27342.9,Call,24900,0,0,17.6842,0,0,0
28-Oct-2025,27342.9,Call,25100,0,0,17.6842,0,0,0
28-Oct-2025,27342.9,Call,25200,0,0,17.6842,0,0,0
28-Oct-2025,27342.9,Call,25300,0,0,17.6842,0,0,0
28-Oct-2025,27342.9,Call,25400,0,0,17.6842,0,0,0
28-Oct-2025,27342.9,Call,25500,0,0,17.6842,0,3,0
28-Oct-2025,27342.9,Call,25600,0,0,17.6842,0,0,0
28-Oct-2025,27342.9,Call,25700,0,0,17.6842,0,8,0
28-Oct-2025,27342.9,Call,25800,0,0,17.6842,0,4,0
28-Oct-2025,27342.9,Call,25900,0,0,17.6842,0,7,0
28-Oct-2025,27342.9,Call,22500,0,0,17.6842,0,0,0
28-Oct-2025,27342.9,Call,23000,0,0,17.6842,0,0,0
28-Oct-2025,27342.9,Call,23500,0,0,17.6842,0,0,0
28-Oct-2025,27342.9,Call,23600,0,0,17.6842,0,0,0
28-Oct-2025,27342.9,Call,23700,0,0,17.6842,0,0,0
28-Oct-2025,27342.9,Call,23800,0,0,17.6842,0,0,0
28-Oct-2025,27342.9,Call,23900,0,0,17.6842,0,0,0
28-Oct-2025,27342.9,Call,24000,0,0,17.6842,0,26,0
28-Oct-2025,27342.9,Call,24100,0,0,17.6842,0,0,0
28-Oct-2025,27342.9,Call,24200,0,0,17.6842,0,0,0
28-Oct-2025,27342.9,Call,24300,0,0,17.6842,0,0,0
28-Oct-2025,27342.9,Call,24700,0,0,17.6842,0,0,0
28-Oct-2025,27342.9,Put,23000,0,0,17.6842,0,27,0
25-Nov-2025,27342.9,Put,23000,0,0,17.6842,0,0,0
25-Nov-2025,27342.9,Call,28700,0,0,17.6842,0,1,0
25-Nov-2025,27342.9,Call,28800,0,0,17.6842,0,0,0
25-Nov-2025,27342.9,Call,28600,0,0,17.6842,0,0,0
25-Nov-2025,27342.9,Put,22500,0,0,17.6842,0,0,0
28-Oct-2025,27342.9,Call,29200,0,0,17.6842,0,0,0
28-Oct-2025,27342.9,Call,24500,0,0,17.6842,0,0,0
28-Oct-2025,27342.9,Put,25950,0,0,17.6842,0,0,0
28-Oct-2025,27342.9,Call,25150,0,0,17.6842,0,0,0
28-Oct-2025,27342.9,Call,24400,0,0,17.6842,0,0,0
28-Oct-2025,27342.9,Put,24200,0,0,17.6842,0,37,0
28-Oct-2025,27342.9,Call,24850,0,0,17.6842,0,0,0
28-Oct-2025,27342.9,Call,24750,0,0,17.6842,0,0,0
28-Oct-2025,27342.9,Put,24300,0,0,17.6842,0,3,0
28-Oct-2025,27342.9,Call,24600,0,0,17.6842,0,0,0
28-Oct-2025,27342.9,Call,26050,0,0,17.6842,0,2,0
28-Oct-2025,27342.9,Put,24950,0,0,17.6842,0,0,0
28-Oct-2025,27342.9,Call,24950,0,0,17.6842,0,0,0
28-Oct-2025,27342.9,Put,24750,0,0,17.6842,0,1,0
28-Oct-2025,27342.9,Put,29100,0,0,17.6842,0,0,0
28-Oct-2025,27342.9,Call,25250,0,0,17.6842,0,0,0
28-Oct-2025,27342.9,Put,26050,0,0,17.6842,0,48,0
25-Nov-2025,27342.9,Call,28500,0,0,17.6842,0,0,0
25-Nov-2025,27342.9,Put,24000,0,0,17.6842,0,0,0
25-Nov-2025,27342.9,Call,27900,0,0,17.6842,0,0,0
28-Oct-2025,27342.9,Put,25050,0,0,17.6842,0,0,0
25-Nov-2025,27342.9,Call,28900,0,0,17.6842,0,0,0
25-Nov-2025,27342.9,Call,28000,0,0,17.6842,0,0,0
25-Nov-2025,27342.9,Put,24200,0,0,17.6842,0,1,0
25-Nov-2025,27342.9,Call,27700,0,0,17.6842,0,0,0
25-Nov-2025,27342.9,Put,23500,0,0,17.6842,0,0,0
25-Nov-2025,27342.9,Call,27800,0,0,17.6842,0,0,0
25-Nov-2025,27342.9,Call,28100,0,0,17.6842,0,0,0
25-Nov-2025,27342.9,Call,27600,0,0,17.6842,0,0,0
25-Nov-2025,27342.9,Call,28200,0,0,17.6842,0,0,0
25-Nov-2025,27342.9,Call,28300,0,0,17.6842,0,0,0
25-Nov-2025,27342.9,Call,30000,0,0,17.6842,0,1,0
25-Nov-2025,27342.9,Put,24100,0,0,17.6842,0,0,0
25-Nov-2025,27342.9,Call,29500,0,0,17.6842,0,0,0
25-Nov-2025,27342.9,Call,29000,0,0,17.6842,0,1,0
25-Nov-2025,27342.9,Put,24900,0,0,17.6842,0,1,0
25-Nov-2025,27342.9,Put,25300,0,0,17.6842,0,4,0
25-Nov-2025,27342.9,Call,28400,0,0,17.6842,0,0,0
30-Dec-2025,27342.9,Put,24200,0,0,0,0,0,0
30-Dec-2025,27342.9,Put,24700,0,0,0,0,0,0
