28-Oct-2025,27161.05,Call,27300,193.1,11.06,17.6842,-313,1611,2988
28-Oct-2025,27161.05,Call,27500,117.45,11.12,17.6842,142,3320,2345
28-Oct-2025,27161.05,Call,27200,245.75,11.02,17.6842,-361,1172,2186
28-Oct-2025,27161.05,Put,27000,138.5,12.41,17.6842,141,1168,1065
28-Oct-2025,27161.05,Put,27200,212,11.91,17.6842,134,1171,1035
28-Oct-2025,27161.05,Put,27100,170.85,12.03,17.6842,52,564,1000
28-Oct-2025,27161.05,Call,28000,29.2,11.71,17.6842,-76,922,834
28-Oct-2025,27161.05,Call,27100,306.75,11.27,17.6842,-131,378,772
28-Oct-2025,27161.05,Put,27300,257.1,11.68,17.6842,234,690,725
28-Oct-2025,27161.05,Call,27000,371.1,11.39,17.6842,-109,1367,706
28-Oct-2025,27161.05,Put,26000,22.45,16.81,17.6842,-7,1704,485
28-Oct-2025,27161.05,Call,27600,90.05,11.2,17.6842,344,344,431
28-Oct-2025,27161.05,Put,26900,112.2,12.71,17.6842,21,1300,337
28-Oct-2025,27161.05,Call,27800,51,11.48,17.6842,-73,1047,287
28-Oct-2025,27161.05,Call,27250,222.75,11.18,17.6842,34,96,249
28-Oct-2025,27161.05,Put,26800,84.3,12.8,17.6842,-52,696,240
28-Oct-2025,27161.05,Put,26500,51,14.25,17.6842,41,1022,235
28-Oct-2025,27161.05,Put,25000,8.1,23.09,17.6842,39,588,205
28-Oct-2025,27161.05,Call,27350,173,11.08,17.6842,-39,244,195
28-Oct-2025,27161.05,Put,25700,16,18.7,17.6842,-52,441,193
28-Oct-2025,27161.05,Put,25850,19.4,17.65,17.6842,-127,27,190
28-Oct-2025,27161.05,Put,27150,188.8,12.02,17.6842,68,81,181
28-Oct-2025,27161.05,Call,29000,5.5,15.69,17.6842,6,398,178
28-Oct-2025,27161.05,Put,26200,27.1,15.55,17.6842,94,328,173
28-Oct-2025,27161.05,-,0,27243.5,0,17.6842,7,623,162
28-Oct-2025,27161.05,Call,28500,9.9,13.34,17.6842,22,354,157
28-Oct-2025,27161.05,Call,27650,77.25,11.16,17.6842,11,479,157
28-Oct-2025,27161.05,Put,26600,61.7,13.98,17.6842,7,505,147
28-Oct-2025,27161.05,Put,26700,75.15,13.47,17.6842,-17,430,135
28-Oct-2025,27161.05,Put,26300,34.65,15.15,17.6842,-30,450,119
28-Oct-2025,27161.05,Call,28300,12.85,12.54,17.6842,54,95,119
28-Oct-2025,27161.05,Call,26800,524.15,12.16,17.6842,-22,717,118
28-Oct-2025,27161.05,Call,27450,135.4,11.24,17.6842,-20,319,114
28-Oct-2025,27161.05,Put,25500,13.7,19.92,17.6842,-2,68,89
28-Oct-2025,27161.05,Put,25200,9.8,21.86,17.6842,10,144,81
28-Oct-2025,27161.05,Call,27550,106.5,11.21,17.6842,5,276,78
28-Oct-2025,27161.05,Call,27050,343.8,12.31,17.6842,-27,165,74
28-Oct-2025,27161.05,Call,29500,4,18.45,17.6842,-13,249,69
28-Oct-2025,27161.05,Put,26950,123.6,12.3,17.6842,-3,95,65
28-Oct-2025,27161.05,Put,26850,101.2,12.75,17.6842,12,147,64
28-Oct-2025,27161.05,Call,27150,276.95,11.63,17.6842,26,26,61
28-Oct-2025,27161.05,Put,25900,18.7,17.46,17.6842,-18,116,60
28-Oct-2025,27161.05,Put,26550,54.55,14.13,17.6842,-32,165,58
28-Oct-2025,27161.05,Put,26650,65.35,13.68,17.6842,-25,119,56
28-Oct-2025,27161.05,Put,24000,4.3,29.29,17.6842,-4,95,49
28-Oct-2025,27161.05,Call,26700,609.5,13.99,17.6842,-17,234,49
28-Oct-2025,27161.05,Put,27050,147.15,12.13,17.6842,-3,125,49
28-Oct-2025,27161.05,Call,26900,449,12.68,17.6842,-26,525,47
28-Oct-2025,27161.05,Call,28800,6.75,0,17.6842,26,40,47
28-Oct-2025,27161.05,Put,27250,218.4,11.38,17.6842,26,26,46
28-Oct-2025,27161.05,Put,26350,35.35,14.83,17.6842,-29,95,40
28-Oct-2025,27161.05,Put,26400,42,14.54,17.6842,-20,717,39
28-Oct-2025,27161.05,Call,27900,41.3,11.77,17.6842,-15,361,39
28-Oct-2025,27161.05,Call,28400,10.75,12.63,17.6842,-1,17,33
28-Oct-2025,27161.05,Put,25100,8.85,22.22,17.6842,-4,70,32
28-Oct-2025,27161.05,Put,26100,26.2,16.13,17.6842,-23,309,31
28-Oct-2025,27161.05,Put,24900,7.5,23.41,17.6842,8,40,30
28-Oct-2025,27161.05,Put,26750,82.95,13.22,17.6842,-8,85,29
28-Oct-2025,27161.05,Call,28200,17.4,12.32,17.6842,-7,207,29
28-Oct-2025,27161.05,Call,28100,22,11.96,17.6842,13,141,27
28-Oct-2025,27161.05,Put,26450,43.65,14.48,17.6842,-20,128,27
28-Oct-2025,27161.05,Call,26400,892.35,14.15,17.6842,0,131,27
28-Oct-2025,27161.05,Call,28600,8.3,12.64,17.6842,6,64,25
28-Oct-2025,27161.05,Call,28700,7.9,13.64,17.6842,0,10,22
28-Oct-2025,27161.05,Put,25300,10.05,21.53,17.6842,3,37,18
28-Oct-2025,27161.05,Put,27500,361,11.22,17.6842,5,38,17
28-Oct-2025,27161.05,Put,23500,3.55,33.5,17.6842,6,26,16
28-Oct-2025,27161.05,Call,26750,574.25,12.23,17.6842,0,93,14
28-Oct-2025,27161.05,Call,26600,715.35,13.71,17.6842,-1,192,12
28-Oct-2025,27161.05,Call,28900,6.3,0,17.6842,0,14,12
28-Oct-2025,27161.05,Put,24800,7,23.92,17.6842,5,25,12
28-Oct-2025,27161.05,Call,26250,1027,14.16,17.6842,0,16,12
28-Oct-2025,27161.05,Call,26950,413.75,11.57,17.6842,-5,61,11
28-Oct-2025,27161.05,Put,24500,4.75,25.88,17.6842,-3,159,10
28-Oct-2025,27161.05,Call,26500,777.35,11.07,17.6842,-6,333,10
28-Oct-2025,27161.05,Call,29100,4.1,15.91,17.6842,-2,18,10
28-Oct-2025,27161.05,Call,26850,489.6,11.75,17.6842,-6,64,9
28-Oct-2025,27161.05,Put,25800,16.75,17.98,17.6842,5,13,8
25-Nov-2025,27161.05,-,0,27356.1,0,17.6842,0,37,7
28-Oct-2025,27161.05,Call,26150,1119.65,13.68,17.6842,0,32,6
28-Oct-2025,27161.05,Call,27850,46.3,11.58,17.6842,2,50,6
28-Oct-2025,27161.05,Call,26000,1261.8,13.09,17.6842,-1,188,6
28-Oct-2025,27161.05,Call,29400,4,0,17.6842,0,0,4
28-Oct-2025,27161.05,Put,23900,3.9,0,17.6842,0,11,4
28-Oct-2025,27161.05,Call,26200,1063.05,17.72,17.6842,0,89,4
28-Oct-2025,27161.05,Put,26150,28.3,15.84,17.6842,0,70,4
28-Oct-2025,27161.05,Call,28050,25.5,11.87,17.6842,0,11,3
28-Oct-2025,27161.05,Put,24700,6,0,17.6842,0,76,2
28-Oct-2025,27161.05,Put,24600,5.8,0,17.6842,0,31,2
28-Oct-2025,27161.05,Call,25000,2251,0,17.6842,0,16,2
25-Nov-2025,27161.05,Put,27500,597,16.22,0,0,0,2
28-Oct-2025,27161.05,Put,22500,2.4,0,17.6842,0,15,1
28-Oct-2025,27161.05,Call,26300,970,0,17.6842,0,132,1
30-Dec-2025,27161.05,-,0,0,0,17.6842,0,0,0
28-Oct-2025,27161.05,Put,27400,0,0,17.6842,0,0,0
28-Oct-2025,27161.05,Put,27600,0,0,17.6842,0,0,0
28-Oct-2025,27161.05,Put,27700,0,0,17.6842,0,0,0
28-Oct-2025,27161.05,Put,27800,0,0,17.6842,0,0,0
28-Oct-2025,27161.05,Put,27900,0,0,17.6842,0,0,0
28-Oct-2025,27161.05,Put,28000,0,0,17.6842,0,0,0
28-Oct-2025,27161.05,Put,28100,0,0,17.6842,0,0,0
28-Oct-2025,27161.05,Put,28200,0,0,17.6842,0,0,0
28-Oct-2025,27161.05,Put,28300,0,0,17.6842,0,0,0
28-Oct-2025,27161.05,Put,28400,0,0,17.6842,0,0,0
28-Oct-2025,27161.05,Put,28500,0,0,17.6842,0,0,0
28-Oct-2025,27161.05,Put,28700,0,0,17.6842,0,0,0
28-Oct-2025,27161.05,Put,29000,0,0,17.6842,0,0,0
28-Oct-2025,27161.05,Put,29500,0,0,17.6842,0,0,0
28-Oct-2025,27161.05,Put,25400,0,0,17.6842,0,0,0
28-Oct-2025,27161.05,Put,25600,0,0,17.6842,0,0,0
28-Oct-2025,27161.05,Put,25150,0,0,17.6842,0,6,0
28-Oct-2025,27161.05,Put,28150,0,0,17.6842,0,0,0
28-Oct-2025,27161.05,Put,29400,0,0,17.6842,0,0,0
28-Oct-2025,27161.05,Put,23600,0,0,17.6842,0,9,0
28-Oct-2025,27161.05,Put,23700,0,0,17.6842,0,9,0
28-Oct-2025,27161.05,Put,23800,0,0,17.6842,0,13,0
28-Oct-2025,27161.05,Put,24100,0,0,17.6842,0,6,0
28-Oct-2025,27161.05,Call,27400,0,0,17.6842,0,0,0
28-Oct-2025,27161.05,Put,24850,0,0,17.6842,0,0,0
28-Oct-2025,27161.05,Call,25350,0,0,17.6842,0,0,0
28-Oct-2025,27161.05,Put,24400,0,0,17.6842,0,21,0
28-Oct-2025,27161.05,Call,27700,0,0,17.6842,0,0,0
28-Oct-2025,27161.05,Call,28250,0,0,0,0,0,0
28-Oct-2025,27161.05,Put,25750,0,0,17.6842,0,0,0
28-Oct-2025,27161.05,Put,28600,0,0,17.6842,0,0,0
28-Oct-2025,27161.05,Call,26100,0,0,17.6842,0,28,0
28-Oct-2025,27161.05,Put,28250,0,0,0,0,0,0
28-Oct-2025,27161.05,Put,29100,0,0,17.6842,0,0,0
28-Oct-2025,27161.05,Call,29200,0,0,17.6842,0,0,0
28-Oct-2025,27161.05,Put,25050,0,0,17.6842,0,0,0
28-Oct-2025,27161.05,Put,25250,0,0,17.6842,0,16,0
28-Oct-2025,27161.05,Call,25450,0,0,17.6842,0,0,0
28-Oct-2025,27161.05,Call,25550,0,0,17.6842,0,0,0
28-Oct-2025,27161.05,Call,25650,0,0,17.6842,0,0,0
28-Oct-2025,27161.05,Call,25750,0,0,17.6842,0,0,0
28-Oct-2025,27161.05,Call,26350,0,0,17.6842,0,44,0
28-Oct-2025,27161.05,Call,26450,0,0,17.6842,0,23,0
28-Oct-2025,27161.05,Call,26550,0,0,17.6842,0,45,0
28-Oct-2025,27161.05,Call,26650,0,0,17.6842,0,46,0
28-Oct-2025,27161.05,Put,25350,0,0,17.6842,0,1,0
28-Oct-2025,27161.05,Put,29600,0,0,0,0,0,0
28-Oct-2025,27161.05,Call,29300,0,0,17.6842,0,0,0
28-Oct-2025,27161.05,Put,27350,0,0,17.6842,0,0,0
28-Oct-2025,27161.05,Put,27450,0,0,17.6842,0,0,0
28-Oct-2025,27161.05,Put,27550,0,0,17.6842,0,0,0
28-Oct-2025,27161.05,Put,27650,0,0,17.6842,0,0,0
28-Oct-2025,27161.05,Put,28800,0,0,17.6842,0,0,0
28-Oct-2025,27161.05,Put,28900,0,0,17.6842,0,0,0
28-Oct-2025,27161.05,Put,27950,0,0,17.6842,0,0,0
28-Oct-2025,27161.05,Put,29200,0,0,17.6842,0,0,0
28-Oct-2025,27161.05,Call,27750,0,0,17.6842,0,53,0
28-Oct-2025,27161.05,Put,27850,0,0,17.6842,0,0,0
28-Oct-2025,27161.05,Call,29600,0,0,0,0,0,0
28-Oct-2025,27161.05,Call,22500,0,0,17.6842,0,0,0
28-Oct-2025,27161.05,Call,23000,0,0,17.6842,0,0,0
28-Oct-2025,27161.05,Call,23500,0,0,17.6842,0,0,0
28-Oct-2025,27161.05,Call,23900,0,0,17.6842,0,0,0
28-Oct-2025,27161.05,Call,24200,0,0,17.6842,0,0,0
28-Oct-2025,27161.05,Call,24300,0,0,17.6842,0,0,0
28-Oct-2025,27161.05,Call,24600,0,0,17.6842,0,0,0
28-Oct-2025,27161.05,Call,24800,0,0,17.6842,0,0,0
28-Oct-2025,27161.05,Call,25400,0,0,17.6842,0,0,0
28-Oct-2025,27161.05,Call,25800,0,0,17.6842,0,4,0
28-Oct-2025,27161.05,Call,24100,0,0,17.6842,0,0,0
28-Oct-2025,27161.05,Put,24750,0,0,17.6842,0,1,0
28-Oct-2025,27161.05,Call,25600,0,0,17.6842,0,0,0
28-Oct-2025,27161.05,Call,23600,0,0,17.6842,0,0,0
28-Oct-2025,27161.05,Call,24500,0,0,17.6842,0,0,0
28-Oct-2025,27161.05,Put,24300,0,0,17.6842,0,3,0
28-Oct-2025,27161.05,Call,24400,0,0,17.6842,0,0,0
28-Oct-2025,27161.05,Call,25950,0,0,17.6842,0,0,0
28-Oct-2025,27161.05,Put,26050,0,0,17.6842,0,48,0
28-Oct-2025,27161.05,Put,24200,0,0,17.6842,0,37,0
28-Oct-2025,27161.05,Put,25950,0,0,17.6842,0,0,0
28-Oct-2025,27161.05,Put,26250,0,0,17.6842,0,77,0
28-Oct-2025,27161.05,Call,23800,0,0,17.6842,0,0,0
28-Oct-2025,27161.05,Call,26050,0,0,17.6842,0,2,0
28-Oct-2025,27161.05,Call,25850,0,0,17.6842,0,0,0
28-Oct-2025,27161.05,Call,25700,0,0,17.6842,0,8,0
28-Oct-2025,27161.05,Call,25100,0,0,17.6842,0,0,0
28-Oct-2025,27161.05,Call,25900,0,0,17.6842,0,7,0
28-Oct-2025,27161.05,Call,25300,0,0,17.6842,0,0,0
28-Oct-2025,27161.05,Put,25650,0,0,17.6842,0,0,0
28-Oct-2025,27161.05,Call,25500,0,0,17.6842,0,3,0
28-Oct-2025,27161.05,Put,28050,0,0,17.6842,0,0,0
28-Oct-2025,27161.05,Call,23700,0,0,17.6842,0,0,0
28-Oct-2025,27161.05,Put,24950,0,0,17.6842,0,0,0
28-Oct-2025,27161.05,Call,24850,0,0,17.6842,0,0,0
28-Oct-2025,27161.05,Call,25250,0,0,17.6842,0,0,0
28-Oct-2025,27161.05,Call,28150,0,0,17.6842,0,0,0
28-Oct-2025,27161.05,Put,23000,0,0,17.6842,0,27,0
28-Oct-2025,27161.05,Call,24000,0,0,17.6842,0,26,0
28-Oct-2025,27161.05,Call,27950,0,0,17.6842,0,51,0
28-Oct-2025,27161.05,Put,25450,0,0,17.6842,0,7,0
28-Oct-2025,27161.05,Call,25150,0,0,17.6842,0,0,0
28-Oct-2025,27161.05,Put,29300,0,0,17.6842,0,0,0
28-Oct-2025,27161.05,Call,24750,0,0,17.6842,0,0,0
28-Oct-2025,27161.05,Call,25200,0,0,17.6842,0,0,0
28-Oct-2025,27161.05,Call,25050,0,0,17.6842,0,0,0
28-Oct-2025,27161.05,Call,24700,0,0,17.6842,0,0,0
28-Oct-2025,27161.05,Call,24900,0,0,17.6842,0,0,0
28-Oct-2025,27161.05,Put,25550,0,0,17.6842,0,0,0
28-Oct-2025,27161.05,Call,24950,0,0,17.6842,0,0,0
28-Oct-2025,27161.05,Put,27750,0,0,17.6842,0,0,0
25-Nov-2025,27161.05,Put,24200,0,0,17.6842,0,1,0
25-Nov-2025,27161.05,Call,28500,0,0,17.6842,0,0,0
25-Nov-2025,27161.05,Put,24000,0,0,17.6842,0,0,0
25-Nov-2025,27161.05,Call,27600,0,0,17.6842,0,0,0
25-Nov-2025,27161.05,Call,28700,0,0,17.6842,0,1,0
25-Nov-2025,27161.05,Call,28800,0,0,17.6842,0,0,0
25-Nov-2025,27161.05,Call,28900,0,0,17.6842,0,0,0
25-Nov-2025,27161.05,Call,28300,0,0,17.6842,0,0,0
25-Nov-2025,27161.05,Call,27700,0,0,17.6842,0,0,0
25-Nov-2025,27161.05,Call,27900,0,0,17.6842,0,0,0
25-Nov-2025,27161.05,Call,27800,0,0,17.6842,0,0,0
25-Nov-2025,27161.05,Call,28000,0,0,17.6842,0,0,0
25-Nov-2025,27161.05,Call,28400,0,0,17.6842,0,0,0
25-Nov-2025,27161.05,Call,28200,0,0,17.6842,0,0,0
25-Nov-2025,27161.05,Call,29000,0,0,17.6842,0,1,0
25-Nov-2025,27161.05,Call,28100,0,0,17.6842,0,0,0
25-Nov-2025,27161.05,Put,24100,0,0,17.6842,0,0,0
25-Nov-2025,27161.05,Call,29500,0,0,17.6842,0,0,0
25-Nov-2025,27161.05,Put,24900,0,0,17.6842,0,1,0
25-Nov-2025,27161.05,Call,30000,0,0,17.6842,0,1,0
25-Nov-2025,27161.05,Put,25300,0,0,17.6842,0,4,0
30-Dec-2025,27161.05,Put,24200,0,0,0,0,0,0
25-Nov-2025,27161.05,Call,28600,0,0,17.6842,0,0,0
