28-Oct-2025,179.66,-,0,179.8,0,36.5195,352,29435,2017
28-Oct-2025,179.66,Call,180,2.95,21.83,36.5195,-200,2632,1973
28-Oct-2025,179.66,Call,190,0.5,25.85,36.5195,34,1958,815
28-Oct-2025,179.66,Put,175,1.3,25.27,36.5195,59,978,693
28-Oct-2025,179.66,Call,185,1.15,22.54,36.5195,4,1924,587
28-Oct-2025,179.66,Put,180,3.1,24.77,36.5195,79,955,568
28-Oct-2025,179.66,Call,177.5,4.3,21.27,36.5195,-13,990,559
28-Oct-2025,179.66,Put,177.5,2,25.17,36.5195,-30,501,518
28-Oct-2025,179.66,Call,182.5,1.9,22.42,36.5195,25,686,467
28-Oct-2025,179.66,Put,172.5,0.8,25.95,36.5195,-30,301,352
28-Oct-2025,179.66,Call,175,6.1,20.64,36.5195,-28,709,340
28-Oct-2025,179.66,Call,195,0.25,28.23,36.5195,16,523,332
28-Oct-2025,179.66,Put,170,0.5,27.06,36.5195,-6,701,255
28-Oct-2025,179.66,Put,160,0.15,35.93,36.5195,-87,397,250
28-Oct-2025,179.66,Call,200,0.15,29.67,36.5195,29,1302,235
25-Nov-2025,179.66,-,0,180.95,0,36.5195,22,1878,232
25-Nov-2025,179.66,Call,180,6.7,25.29,36.5195,40,195,127
28-Oct-2025,179.66,Put,165,0.25,31.11,36.5195,-12,367,86
28-Oct-2025,179.66,Put,182.5,4.6,25.53,36.5195,2,169,68
28-Oct-2025,179.66,Call,170,10.25,20.1,36.5195,-15,246,62
28-Oct-2025,179.66,Call,172.5,8.15,16.94,36.5195,6,119,55
28-Oct-2025,179.66,Put,167.5,0.3,29.07,36.5195,0,145,51
28-Oct-2025,179.66,Put,185,6.45,26.61,36.5195,12,563,49
28-Oct-2025,179.66,Put,150,0.05,44.16,36.5195,-7,106,48
25-Nov-2025,179.66,Call,200,1.2,26.71,36.5195,24,187,48
28-Oct-2025,179.66,Call,192.5,0.35,26.69,36.5195,18,291,47
30-Dec-2025,179.66,-,0,182,0,36.5195,10,178,44
25-Nov-2025,179.66,Call,190,2.95,25.62,36.5195,-2,140,39
25-Nov-2025,179.66,Put,175,3.6,27.09,36.5195,13,69,35
25-Nov-2025,179.66,Call,185,4.5,25.14,36.5195,8,276,34
28-Oct-2025,179.66,Put,190,10.6,29.35,36.5195,-8,284,28
28-Oct-2025,179.66,Put,192.5,12.9,35.32,36.5195,-3,74,27
25-Nov-2025,179.66,Call,210,0.5,28.74,36.5195,10,64,23
28-Oct-2025,179.66,Call,167.5,12.3,0,36.5195,9,135,22
25-Nov-2025,179.66,Put,170,2.05,27.88,36.5195,5,115,19
25-Nov-2025,179.66,Put,180,5.7,28.06,36.5195,4,82,19
25-Nov-2025,179.66,Put,192.5,14.35,31.69,36.5195,16,16,18
28-Oct-2025,179.66,Put,200,20.25,42.69,36.5195,-9,433,15
28-Oct-2025,179.66,Call,187.5,0.8,23.77,36.5195,0,203,14
28-Oct-2025,179.66,Put,187.5,8.55,28.69,36.5195,-1,99,14
28-Oct-2025,179.66,Put,162.5,0.25,35.36,36.5195,9,88,14
25-Nov-2025,179.66,Put,165,1.25,28.38,36.5195,0,71,14
28-Oct-2025,179.66,Call,162.5,16.5,0,36.5195,10,72,13
25-Nov-2025,179.66,Put,200,20.3,32.44,36.5195,11,56,13
28-Oct-2025,179.66,Call,165,14.8,0,36.5195,-1,148,12
25-Nov-2025,179.66,Call,182.5,5.35,24.5,36.5195,4,4,12
25-Nov-2025,179.66,Call,192.5,2.35,26.05,36.5195,3,9,11
25-Nov-2025,179.66,Call,187.5,3.4,24.45,36.5195,0,26,9
25-Nov-2025,179.66,Call,177.5,7,20.26,36.5195,0,9,6
28-Oct-2025,179.66,Call,210,0.05,37.05,36.5195,-2,125,5
25-Nov-2025,179.66,Call,175,9.5,22.11,36.5195,1,44,5
25-Nov-2025,179.66,Put,160,0.7,28.85,36.5195,1,112,4
25-Nov-2025,179.66,Put,182.5,8,31.58,36.5195,1,11,4
28-Oct-2025,179.66,Call,202.5,0.1,32.56,36.5195,-2,60,3
28-Oct-2025,179.66,Call,160,19.5,0,36.5195,0,88,3
25-Nov-2025,179.66,Call,195,1.6,24.73,36.5195,0,21,3
25-Nov-2025,179.66,Put,177.5,4.65,27.49,36.5195,0,16,3
28-Oct-2025,179.66,Put,210,30.3,55.26,36.5195,0,102,2
25-Nov-2025,179.66,Put,190,11.8,28.03,36.5195,0,29,2
30-Dec-2025,179.66,Call,190,5.55,24.11,36.5195,0,14,2
25-Nov-2025,179.66,Put,210,29.3,35.15,36.5195,0,3,2
28-Oct-2025,179.66,Call,205,0.05,32,36.5195,0,231,1
28-Oct-2025,179.66,Put,157.5,0.1,37.28,36.5195,0,9,1
25-Nov-2025,179.66,Call,170,13,0,36.5195,0,8,1
25-Nov-2025,179.66,Call,160,20,0,36.5195,0,0,1
25-Nov-2025,179.66,Call,205,0.75,27.68,36.5195,0,11,1
30-Dec-2025,179.66,Call,200,3,26.23,36.5195,0,45,1
28-Oct-2025,179.66,Put,140,0,0,36.5195,0,1,0
28-Oct-2025,179.66,Call,157.5,0,0,36.5195,0,36,0
28-Oct-2025,179.66,Call,197.5,0,0,36.5195,0,79,0
28-Oct-2025,179.66,Put,195,0,0,36.5195,0,275,0
28-Oct-2025,179.66,Call,155,0,0,36.5195,0,26,0
28-Oct-2025,179.66,Call,150,0,0,36.5195,0,0,0
28-Oct-2025,179.66,Put,155,0,0,36.5195,0,144,0
28-Oct-2025,179.66,Put,197.5,0,0,36.5195,0,44,0
28-Oct-2025,179.66,Put,205,0,0,36.5195,0,667,0
28-Oct-2025,179.66,Put,152.5,0,0,36.5195,0,60,0
25-Nov-2025,179.66,Put,150,0,0,36.5195,0,0,0
25-Nov-2025,179.66,Call,197.5,0,0,36.5195,0,0,0
25-Nov-2025,179.66,Call,157.5,0,0,36.5195,0,0,0
25-Nov-2025,179.66,Put,162.5,0,0,36.5195,0,0,0
25-Nov-2025,179.66,Call,150,0,0,36.5195,0,0,0
25-Nov-2025,179.66,Put,197.5,0,0,36.5195,0,0,0
25-Nov-2025,179.66,Call,155,0,0,36.5195,0,9,0
25-Nov-2025,179.66,Put,187.5,0,0,36.5195,0,4,0
25-Nov-2025,179.66,Put,185,0,0,36.5195,0,24,0
25-Nov-2025,179.66,Put,195,0,0,36.5195,0,2,0
25-Nov-2025,179.66,Call,167.5,0,0,36.5195,0,4,0
25-Nov-2025,179.66,Put,172.5,0,0,36.5195,0,0,0
25-Nov-2025,179.66,Put,157.5,0,0,36.5195,0,0,0
25-Nov-2025,179.66,Call,172.5,0,0,36.5195,0,0,0
25-Nov-2025,179.66,Call,162.5,0,0,36.5195,0,0,0
25-Nov-2025,179.66,Put,155,0,0,36.5195,0,0,0
25-Nov-2025,179.66,Put,205,0,0,36.5195,0,1,0
25-Nov-2025,179.66,Call,165,0,0,36.5195,0,0,0
25-Nov-2025,179.66,Put,167.5,0,0,36.5195,0,1,0
30-Dec-2025,179.66,Put,165,0,0,36.5195,0,4,0
30-Dec-2025,179.66,Put,190,0,0,36.5195,0,0,0
30-Dec-2025,179.66,Put,175,0,0,36.5195,0,0,0
30-Dec-2025,179.66,Call,165,0,0,36.5195,0,0,0
30-Dec-2025,179.66,Call,195,0,0,36.5195,0,0,0
30-Dec-2025,179.66,Call,180,0,0,36.5195,0,0,0
30-Dec-2025,179.66,Put,185,0,0,36.5195,0,0,0
30-Dec-2025,179.66,Call,210,0,0,36.5195,0,31,0
30-Dec-2025,179.66,Put,180,0,0,36.5195,0,11,0
30-Dec-2025,179.66,Call,185,0,0,36.5195,0,0,0
30-Dec-2025,179.66,Call,175,0,0,36.5195,0,0,0
30-Dec-2025,179.66,Call,170,0,0,36.5195,0,0,0
30-Dec-2025,179.66,Put,170,0,0,36.5195,0,1,0
30-Dec-2025,179.66,Put,160,0,0,36.5195,0,0,0
