28-Oct-2025,984.5,-,0,988.85,0,21.1411,2574,182182,10329
28-Oct-2025,984.5,Call,980,19.7,21.54,21.1411,-395,3422,6528
28-Oct-2025,984.5,Call,1000,9.8,20.95,21.1411,-51,6000,3146
28-Oct-2025,984.5,Put,980,10.95,20.91,21.1411,-51,2380,2691
28-Oct-2025,984.5,Call,990,14.05,20.95,21.1411,-52,1769,2074
28-Oct-2025,984.5,Put,950,3.85,23.37,21.1411,794,2999,1724
28-Oct-2025,984.5,Call,985,16.7,21.11,21.1411,32,844,1565
25-Nov-2025,984.5,-,0,994,0,21.1411,342,7271,1272
28-Oct-2025,984.5,Put,970,7.7,21.42,21.1411,-64,1483,1224
28-Oct-2025,984.5,Call,970,26.45,22.23,21.1411,-140,1455,913
28-Oct-2025,984.5,Put,985,13,20.73,21.1411,-72,564,884
28-Oct-2025,984.5,Put,990,15.45,20.6,21.1411,28,734,748
28-Oct-2025,984.5,Put,960,5.45,22.33,21.1411,65,1693,678
28-Oct-2025,984.5,Call,1020,4.25,21.03,21.1411,46,1708,584
28-Oct-2025,984.5,Put,940,2.8,24.62,21.1411,19,1227,546
28-Oct-2025,984.5,Call,1010,6.5,20.82,21.1411,21,1123,524
28-Oct-2025,984.5,Call,975,22.7,21.75,21.1411,-39,448,498
28-Oct-2025,984.5,Call,1050,1.25,22.78,21.1411,-48,1332,494
28-Oct-2025,984.5,Put,900,0.75,29.14,21.1411,-96,1693,436
28-Oct-2025,984.5,Put,975,9.25,21.16,21.1411,-43,584,390
28-Oct-2025,984.5,Call,995,11.75,20.92,21.1411,17,1067,384
28-Oct-2025,984.5,Put,1000,21,20.48,21.1411,-82,1386,323
28-Oct-2025,984.5,Call,1005,8,20.99,21.1411,33,314,296
28-Oct-2025,984.5,Call,1030,2.7,20.98,21.1411,-3,816,275
28-Oct-2025,984.5,Put,930,2,25.68,21.1411,25,1621,271
28-Oct-2025,984.5,Put,955,4.55,22.93,21.1411,15,444,252
25-Nov-2025,984.5,Call,1000,20.3,17.16,21.1411,26,448,214
28-Oct-2025,984.5,Call,1040,1.8,21.96,21.1411,2,825,163
28-Oct-2025,984.5,Call,960,33.9,22.96,21.1411,0,1468,162
25-Nov-2025,984.5,Call,980,30.7,17.13,21.1411,15,286,160
28-Oct-2025,984.5,Put,965,6.5,21.82,21.1411,-6,458,157
25-Nov-2025,984.5,Put,980,16.65,18.31,21.1411,8,219,149
25-Nov-2025,984.5,Put,910,3.25,21.29,21.1411,133,143,147
28-Oct-2025,984.5,Put,910,1.1,27.99,21.1411,-47,406,139
28-Oct-2025,984.5,Put,920,1.4,26.55,21.1411,-14,975,129
28-Oct-2025,984.5,Call,1015,5.25,20.96,21.1411,2,167,128
28-Oct-2025,984.5,Put,995,18.5,20.44,21.1411,-10,109,124
25-Nov-2025,984.5,Call,1050,5.9,17.9,21.1411,5,423,117
28-Oct-2025,984.5,Call,950,42.1,24.39,21.1411,-20,964,116
28-Oct-2025,984.5,Put,1020,36.15,19.7,21.1411,30,149,115
28-Oct-2025,984.5,Put,945,3.25,24.34,21.1411,6,326,112
28-Oct-2025,984.5,Call,1025,3.4,21.07,21.1411,6,227,107
25-Nov-2025,984.5,Call,960,43.9,17.72,21.1411,4,134,100
28-Oct-2025,984.5,Put,1010,29.2,21.18,21.1411,-19,161,93
30-Dec-2025,984.5,-,0,1000,0,21.1411,9,2143,57
28-Oct-2025,984.5,Call,1100,0.4,29.03,21.1411,-4,921,55
25-Nov-2025,984.5,Call,1020,12.8,17.26,21.1411,27,205,55
25-Nov-2025,984.5,Put,970,13.8,18.8,21.1411,21,163,48
28-Oct-2025,984.5,Call,1035,2.1,21.36,21.1411,9,98,42
28-Oct-2025,984.5,Call,1080,0.5,25.75,21.1411,14,504,41
28-Oct-2025,984.5,Call,1060,0.9,23.73,21.1411,5,956,41
25-Nov-2025,984.5,Call,1100,1.8,19.7,21.1411,19,77,41
25-Nov-2025,984.5,Put,1000,26.05,18.82,21.1411,16,135,38
25-Nov-2025,984.5,Call,1030,9.75,17.46,21.1411,23,89,35
28-Oct-2025,984.5,Put,1005,24.35,20.45,21.1411,-4,149,33
28-Oct-2025,984.5,Put,850,0.15,34.26,21.1411,-10,260,32
28-Oct-2025,984.5,Put,925,1.65,26.5,21.1411,1,129,32
28-Oct-2025,984.5,Call,955,38.1,22.87,21.1411,-17,296,30
28-Oct-2025,984.5,Put,880,0.4,31.1,21.1411,10,606,30
25-Nov-2025,984.5,Put,1010,32.5,18.54,21.1411,27,35,30
28-Oct-2025,984.5,Call,965,29.8,22.71,21.1411,-4,470,29
25-Nov-2025,984.5,Put,900,2.65,22.03,21.1411,3,279,29
28-Oct-2025,984.5,Put,935,2.45,25.04,21.1411,-7,195,27
28-Oct-2025,984.5,Put,1040,55.15,24.22,21.1411,7,242,26
28-Oct-2025,984.5,Call,940,50.65,25.43,21.1411,-4,462,25
25-Nov-2025,984.5,Call,1025,10.8,17.18,21.1411,17,27,24
28-Oct-2025,984.5,Put,1025,41.3,21.87,21.1411,7,38,23
25-Nov-2025,984.5,Put,880,1.7,23.31,21.1411,11,20,22
25-Nov-2025,984.5,Call,975,33.5,17.36,21.1411,-13,7,22
28-Oct-2025,984.5,Put,1015,31.75,21.38,21.1411,-13,30,21
25-Nov-2025,984.5,Call,990,25.1,16.72,21.1411,8,67,21
28-Oct-2025,984.5,Put,1100,112.1,0,21.1411,-16,165,17
25-Nov-2025,984.5,Put,990,21.1,18.72,21.1411,11,16,17
28-Oct-2025,984.5,Put,915,1.2,27.22,21.1411,0,139,16
28-Oct-2025,984.5,Call,1045,1.4,22,21.1411,6,31,16
25-Nov-2025,984.5,Call,1040,7.7,17.77,21.1411,7,57,14
25-Nov-2025,984.5,Put,950,8.2,19.04,21.1411,-2,145,14
28-Oct-2025,984.5,Call,930,60.05,25.17,21.1411,-2,145,13
28-Oct-2025,984.5,Put,905,0.95,28.64,21.1411,-6,94,13
25-Nov-2025,984.5,Call,1010,16,17.35,21.1411,7,37,12
28-Oct-2025,984.5,Call,900,89,19.49,21.1411,-1,432,11
28-Oct-2025,984.5,Put,890,0.6,30.42,21.1411,-4,304,11
28-Oct-2025,984.5,Call,1070,0.75,25.29,21.1411,0,552,11
25-Nov-2025,984.5,Call,1035,8.45,17.41,21.1411,9,13,11
25-Nov-2025,984.5,Put,920,4,20.71,21.1411,1,269,10
25-Nov-2025,984.5,Call,900,95.3,19.28,21.1411,8,27,10
28-Oct-2025,984.5,Put,1030,45.25,21.19,21.1411,3,83,9
28-Oct-2025,984.5,Call,1120,0.35,32.42,21.1411,7,243,9
25-Nov-2025,984.5,Put,960,10.2,18.94,21.1411,2,223,9
25-Nov-2025,984.5,Call,1060,4.55,18.13,21.1411,1,58,8
28-Oct-2025,984.5,Call,1090,0.4,26.95,21.1411,0,30,7
25-Nov-2025,984.5,Put,940,6.5,19.56,21.1411,1,118,7
28-Oct-2025,984.5,Call,910,77.3,22.32,21.1411,-4,37,6
25-Nov-2025,984.5,Put,930,5,19.91,21.1411,-1,66,6
28-Oct-2025,984.5,Put,1050,65.3,27.82,21.1411,-4,139,5
25-Nov-2025,984.5,Put,925,4.65,20.48,21.1411,0,18,5
25-Nov-2025,984.5,Call,1015,13.65,16.92,21.1411,0,2,5
28-Oct-2025,984.5,Call,850,136,0,21.1411,2,14,4
25-Nov-2025,984.5,Put,890,2.15,22.74,21.1411,2,11,4
25-Nov-2025,984.5,Call,950,50.75,17.13,21.1411,-1,33,3
25-Nov-2025,984.5,Put,955,9.2,18.78,21.1411,-1,2,3
25-Nov-2025,984.5,Call,1090,2.15,19.08,21.1411,1,17,3
30-Dec-2025,984.5,Call,1000,29.5,14.8,21.1411,2,22,3
28-Oct-2025,984.5,Put,895,0.7,29.84,21.1411,0,42,2
25-Nov-2025,984.5,Call,995,21.6,16.68,21.1411,0,4,2
25-Nov-2025,984.5,Call,970,36.35,17.07,21.1411,0,87,2
25-Nov-2025,984.5,Call,1070,3.45,18.3,21.1411,0,68,2
25-Nov-2025,984.5,Put,935,5.8,19.85,21.1411,0,13,2
25-Nov-2025,984.5,Call,1045,6.5,17.57,21.1411,0,11,2
28-Oct-2025,984.5,Put,840,0.1,34.99,21.1411,0,52,1
28-Oct-2025,984.5,Call,920,70,0,21.1411,0,294,1
28-Oct-2025,984.5,Call,945,46,25.03,21.1411,0,69,1
25-Nov-2025,984.5,Put,800,0.6,31.42,21.1411,0,32,1
25-Nov-2025,984.5,Call,1080,2.75,18.74,21.1411,0,8,1
25-Nov-2025,984.5,Call,1005,17.25,16.77,21.1411,0,0,1
25-Nov-2025,984.5,Put,985,19.6,18.68,21.1411,0,0,1
25-Nov-2025,984.5,Put,975,15.3,18.53,21.1411,0,7,1
30-Dec-2025,984.5,Call,1040,13.3,15.05,21.1411,0,10,1
28-Oct-2025,984.5,Call,870,0,0,21.1411,0,0,0
28-Oct-2025,984.5,Call,890,0,0,21.1411,0,0,0
28-Oct-2025,984.5,Put,1045,0,0,21.1411,0,0,0
28-Oct-2025,984.5,Put,1035,0,0,21.1411,0,0,0
28-Oct-2025,984.5,Put,800,0,0,21.1411,0,45,0
28-Oct-2025,984.5,Put,820,0,0,21.1411,0,25,0
28-Oct-2025,984.5,Call,880,0,0,21.1411,0,12,0
28-Oct-2025,984.5,Put,1080,0,0,21.1411,0,2,0
28-Oct-2025,984.5,Put,870,0,0,21.1411,0,395,0
28-Oct-2025,984.5,Call,925,0,0,21.1411,0,19,0
28-Oct-2025,984.5,Call,820,0,0,21.1411,0,4,0
28-Oct-2025,984.5,Put,1060,0,0,21.1411,0,15,0
28-Oct-2025,984.5,Call,935,0,0,21.1411,0,22,0
28-Oct-2025,984.5,Put,1070,0,0,21.1411,0,0,0
28-Oct-2025,984.5,Call,915,0,0,21.1411,0,1,0
28-Oct-2025,984.5,Call,840,0,0,21.1411,0,14,0
28-Oct-2025,984.5,Call,905,0,0,21.1411,0,1,0
25-Nov-2025,984.5,Put,860,0,0,21.1411,0,0,0
28-Oct-2025,984.5,Put,1090,0,0,21.1411,0,0,0
28-Oct-2025,984.5,Call,860,0,0,21.1411,0,2,0
25-Nov-2025,984.5,Put,915,0,0,21.1411,0,4,0
25-Nov-2025,984.5,Call,965,0,0,21.1411,0,0,0
28-Oct-2025,984.5,Put,860,0,0,21.1411,0,92,0
25-Nov-2025,984.5,Put,1100,0,0,21.1411,0,0,0
25-Nov-2025,984.5,Put,945,0,0,21.1411,0,8,0
25-Nov-2025,984.5,Put,965,0,0,21.1411,0,3,0
25-Nov-2025,984.5,Put,1045,0,0,21.1411,0,0,0
25-Nov-2025,984.5,Call,955,0,0,21.1411,0,8,0
25-Nov-2025,984.5,Put,905,0,0,21.1411,0,0,0
25-Nov-2025,984.5,Call,890,0,0,21.1411,0,0,0
25-Nov-2025,984.5,Call,905,0,0,21.1411,0,0,0
25-Nov-2025,984.5,Call,925,0,0,21.1411,0,0,0
25-Nov-2025,984.5,Call,985,0,0,21.1411,0,0,0
25-Nov-2025,984.5,Put,995,0,0,21.1411,0,0,0
25-Nov-2025,984.5,Call,920,0,0,21.1411,0,5,0
25-Nov-2025,984.5,Put,1020,0,0,21.1411,0,10,0
25-Nov-2025,984.5,Call,880,0,0,21.1411,0,0,0
25-Nov-2025,984.5,Put,1040,0,0,21.1411,0,12,0
25-Nov-2025,984.5,Put,1070,0,0,21.1411,0,0,0
25-Nov-2025,984.5,Put,1050,0,0,21.1411,0,0,0
25-Nov-2025,984.5,Put,1025,0,0,21.1411,0,0,0
25-Nov-2025,984.5,Put,870,0,0,21.1411,0,0,0
25-Nov-2025,984.5,Call,915,0,0,21.1411,0,0,0
25-Nov-2025,984.5,Call,930,0,0,21.1411,0,0,0
25-Nov-2025,984.5,Put,1090,0,0,21.1411,0,0,0
25-Nov-2025,984.5,Call,940,0,0,21.1411,0,1,0
25-Nov-2025,984.5,Call,850,0,0,21.1411,0,0,0
25-Nov-2025,984.5,Call,910,0,0,21.1411,0,0,0
30-Dec-2025,984.5,Call,990,0,0,21.1411,0,0,0
30-Dec-2025,984.5,Put,940,0,0,21.1411,0,0,0
30-Dec-2025,984.5,Call,980,0,0,21.1411,0,1,0
25-Nov-2025,984.5,Call,935,0,0,21.1411,0,0,0
30-Dec-2025,984.5,Call,930,0,0,21.1411,0,1,0
25-Nov-2025,984.5,Put,1035,0,0,21.1411,0,0,0
30-Dec-2025,984.5,Put,1000,0,0,21.1411,0,0,0
30-Dec-2025,984.5,Put,860,0,0,21.1411,0,0,0
25-Nov-2025,984.5,Call,860,0,0,21.1411,0,0,0
30-Dec-2025,984.5,Put,950,0,0,21.1411,0,9,0
25-Nov-2025,984.5,Put,1005,0,0,21.1411,0,0,0
25-Nov-2025,984.5,Call,945,0,0,21.1411,0,0,0
30-Dec-2025,984.5,Call,1020,0,0,21.1411,0,0,0
30-Dec-2025,984.5,Put,910,0,0,21.1411,0,0,0
30-Dec-2025,984.5,Call,1100,0,0,21.1411,0,0,0
30-Dec-2025,984.5,Put,930,0,0,21.1411,0,0,0
30-Dec-2025,984.5,Put,840,0,0,21.1411,0,0,0
30-Dec-2025,984.5,Put,960,0,0,21.1411,0,0,0
30-Dec-2025,984.5,Call,1080,0,0,21.1411,0,0,0
25-Nov-2025,984.5,Put,1080,0,0,21.1411,0,0,0
25-Nov-2025,984.5,Call,870,0,0,21.1411,0,0,0
30-Dec-2025,984.5,Put,1030,0,0,21.1411,0,0,0
30-Dec-2025,984.5,Put,990,0,0,21.1411,0,0,0
30-Dec-2025,984.5,Call,1010,0,0,21.1411,0,0,0
30-Dec-2025,984.5,Put,880,0,0,21.1411,0,0,0
25-Nov-2025,984.5,Put,1015,0,0,21.1411,0,0,0
30-Dec-2025,984.5,Put,1020,0,0,21.1411,0,0,0
25-Nov-2025,984.5,Put,1060,0,0,21.1411,0,2,0
25-Nov-2025,984.5,Put,850,0,0,21.1411,0,4,0
30-Dec-2025,984.5,Put,980,0,0,21.1411,0,0,0
30-Dec-2025,984.5,Call,1060,0,0,21.1411,0,20,0
30-Dec-2025,984.5,Put,970,0,0,21.1411,0,0,0
30-Dec-2025,984.5,Put,1010,0,0,21.1411,0,0,0
30-Dec-2025,984.5,Call,1030,0,0,21.1411,0,10,0
25-Nov-2025,984.5,Put,1030,0,0,21.1411,0,0,0
30-Dec-2025,984.5,Put,920,0,0,21.1411,0,0,0
