28-Oct-2025,5589,Call,5600,94.15,22.84,30.7752,-447,2680,4605
28-Oct-2025,5589,-,0,5606,0,30.7752,329,29766,2681
28-Oct-2025,5585.5,Call,5700,53.1,22.81,30.7752,119,1372,2331
28-Oct-2025,5589,Put,5600,87.85,22.58,30.7752,299,1202,1821
28-Oct-2025,5585.5,Call,5650,71.8,22.74,30.7752,-39,844,1702
28-Oct-2025,5585.5,Call,5550,122.9,23.31,30.7752,-335,1045,1645
28-Oct-2025,5585.5,Put,5500,48.95,23.01,30.7752,37,984,1540
28-Oct-2025,5585.5,Call,5800,27.85,23.21,30.7752,-104,992,1219
28-Oct-2025,5585.5,Call,5500,154.4,23.43,30.7752,-97,1159,1165
28-Oct-2025,5589,Put,5550,66.35,22.57,30.7752,26,495,1077
28-Oct-2025,5585.5,Put,5400,25.85,24.05,30.7752,22,1536,988
28-Oct-2025,5585.5,Call,6000,8.65,25.73,30.7752,-127,1943,944
28-Oct-2025,5585.5,Call,5750,38.5,22.86,30.7752,-2,495,660
28-Oct-2025,5589,Put,5650,116.7,22.56,30.7752,-125,376,649
28-Oct-2025,5585.5,Put,5300,13,25.07,30.7752,10,879,572
28-Oct-2025,5585.5,Call,5900,14.55,24.02,30.7752,-27,1042,562
28-Oct-2025,5589,Put,5350,19,24.64,30.7752,6,347,457
28-Oct-2025,5589,Put,5450,35.6,23.42,30.7752,-31,367,454
25-Nov-2025,5585.5,-,0,5618,0,30.7752,120,2359,411
28-Oct-2025,5585.5,Call,5850,19.95,23.47,30.7752,3,360,411
28-Oct-2025,5585.5,Put,5000,3.05,32.39,30.7752,-47,1154,360
28-Oct-2025,5585.5,Put,5200,8.15,27.78,30.7752,19,557,325
28-Oct-2025,5585.5,Put,5100,5.1,30.28,30.7752,-37,561,316
28-Oct-2025,5585.5,Put,5700,145.1,22.05,30.7752,-6,255,239
28-Oct-2025,5585.5,Call,6300,1.15,28.19,30.7752,-6,1124,198
28-Oct-2025,5589,Put,5250,10.15,26.36,30.7752,-12,267,190
28-Oct-2025,5585.5,Call,5950,11,25.04,30.7752,-31,123,183
28-Oct-2025,5589,Call,6200,2.8,28.3,30.7752,-37,667,172
28-Oct-2025,5589,Call,6100,5.2,27.35,30.7752,-29,591,164
28-Oct-2025,5585.5,Call,5400,231.2,24.37,30.7752,-17,506,114
25-Nov-2025,5585.5,Call,6000,56.05,23.5,30.7752,6,285,67
28-Oct-2025,5589,Put,4850,1.45,35.58,30.7752,0,186,64
28-Oct-2025,5585.5,Put,4700,1.2,41.28,30.7752,-6,192,63
28-Oct-2025,5585.5,Call,5450,201,26.72,30.7752,-7,280,46
28-Oct-2025,5585.5,Put,5150,7,28.72,30.7752,-12,181,39
25-Nov-2025,5585.5,Call,5600,190,22.48,30.7752,2,65,33
28-Oct-2025,5585.5,Put,4800,1.55,38.14,30.7752,-4,405,32
25-Nov-2025,5585.5,Put,5200,39.75,25.63,30.7752,-4,113,29
25-Nov-2025,5585.5,Put,5300,59,25.4,30.7752,-3,40,24
28-Oct-2025,5585.5,Put,4900,1.8,34.38,30.7752,-2,331,20
28-Oct-2025,5589,Put,5050,4.2,31.7,30.7752,1,148,20
28-Oct-2025,5585.5,Put,4600,0.85,43.89,30.7752,-3,27,16
25-Nov-2025,5585.5,Put,5500,117,24.85,30.7752,5,163,14
28-Oct-2025,5585.5,Call,5300,318,25.65,30.7752,-6,182,13
30-Dec-2025,5585.5,-,0,5630,0,30.7752,-2,133,12
28-Oct-2025,5585.5,Call,6050,7.1,26.89,30.7752,-8,68,12
25-Nov-2025,5585.5,Call,5550,218.15,22.59,30.7752,3,6,12
28-Oct-2025,5589,Put,6000,390,0,30.7752,-5,74,9
25-Nov-2025,5585.5,Put,5700,223.9,26.61,30.7752,0,7,9
28-Oct-2025,5585.5,Call,6150,3.85,27.87,30.7752,2,32,8
25-Nov-2025,5589,Put,5400,89.35,25.92,30.7752,1,9,8
25-Nov-2025,5589,Put,5100,27.2,26.24,30.7752,1,26,8
25-Nov-2025,5585.5,Call,5700,142,22.46,30.7752,0,18,8
25-Nov-2025,5585.5,Call,5500,246,22.31,30.7752,-2,50,7
28-Oct-2025,5585.5,Put,5800,219.75,22.25,30.7752,-1,49,6
28-Oct-2025,5585.5,Call,5350,285.15,29.55,30.7752,-3,132,6
25-Nov-2025,5585.5,Call,5800,109.7,23.37,30.7752,5,5,6
28-Oct-2025,5589,Call,6400,1.1,31.26,30.7752,-1,73,5
25-Nov-2025,5585.5,Call,6200,26.7,23.79,30.7752,4,9,5
28-Oct-2025,5585.5,Call,5200,403.2,0,30.7752,0,109,3
25-Nov-2025,5585.5,Put,5550,142,25.51,30.7752,0,6,3
25-Nov-2025,5585.5,Call,6100,38.5,23.53,30.7752,1,13,3
25-Nov-2025,5585.5,Put,5600,160,24.89,30.7752,1,5,3
28-Oct-2025,5585.5,Call,4900,699,0,30.7752,0,40,2
28-Oct-2025,5585.5,Call,4800,795,0,30.7752,-1,24,2
25-Nov-2025,5585.5,Put,5000,18.8,27.06,30.7752,0,66,2
25-Nov-2025,5585.5,Put,4800,8.2,28.39,30.7752,0,1,2
28-Oct-2025,5585.5,Call,5100,0,0,30.7752,0,64,0
28-Oct-2025,5585.5,Put,6050,0,0,30.7752,0,0,0
28-Oct-2025,5585.5,Put,4500,0,0,30.7752,0,167,0
28-Oct-2025,5585.5,Put,4750,0,0,30.7752,0,2,0
28-Oct-2025,5585.5,Put,5750,0,0,30.7752,0,69,0
28-Oct-2025,5585.5,Put,6300,0,0,30.7752,0,0,0
28-Oct-2025,5585.5,Put,4400,0,0,30.7752,0,11,0
28-Oct-2025,5585.5,Put,4950,0,0,30.7752,0,97,0
28-Oct-2025,5589,Call,4400,0,0,30.7752,0,25,0
28-Oct-2025,5589,Put,6200,0,0,30.7752,0,0,0
28-Oct-2025,5585.5,Call,4600,0,0,30.7752,0,1,0
28-Oct-2025,5585.5,Put,6100,0,0,30.7752,0,0,0
28-Oct-2025,5585.5,Put,5900,0,0,30.7752,0,0,0
28-Oct-2025,5589,Put,6400,0,0,30.7752,0,0,0
28-Oct-2025,5585.5,Call,5050,0,0,30.7752,0,16,0
28-Oct-2025,5585.5,Call,5150,0,0,30.7752,0,41,0
28-Oct-2025,5585.5,Call,5250,0,0,30.7752,0,38,0
28-Oct-2025,5585.5,Call,4700,0,0,30.7752,0,37,0
28-Oct-2025,5585.5,Call,4950,0,0,30.7752,0,2,0
28-Oct-2025,5589,Call,4850,0,0,30.7752,0,2,0
28-Oct-2025,5585.5,Call,4500,0,0,30.7752,0,10,0
28-Oct-2025,5585.5,Put,6150,0,0,30.7752,0,0,0
28-Oct-2025,5585.5,Call,5000,0,0,30.7752,0,138,0
28-Oct-2025,5585.5,Put,5850,0,0,30.7752,0,12,0
25-Nov-2025,5585.5,Put,6150,0,0,30.7752,0,0,0
28-Oct-2025,5585.5,Put,5950,0,0,30.7752,0,0,0
25-Nov-2025,5585.5,Put,5950,0,0,30.7752,0,0,0
25-Nov-2025,5585.5,Put,5750,0,0,30.7752,0,0,0
25-Nov-2025,5585.5,Put,5850,0,0,30.7752,0,0,0
25-Nov-2025,5589,Put,5650,0,0,30.7752,0,0,0
25-Nov-2025,5589,Call,5250,0,0,30.7752,0,0,0
25-Nov-2025,5585.5,Put,5250,0,0,30.7752,0,1,0
25-Nov-2025,5585.5,Put,6300,0,0,30.7752,0,0,0
25-Nov-2025,5585.5,Put,6000,0,0,30.7752,0,0,0
25-Nov-2025,5589,Call,4700,0,0,30.7752,0,0,0
25-Nov-2025,5585.5,Call,4800,0,0,30.7752,0,0,0
25-Nov-2025,5585.5,Call,4900,0,0,30.7752,0,0,0
25-Nov-2025,5585.5,Call,5000,0,0,30.7752,0,2,0
25-Nov-2025,5585.5,Call,5100,0,0,30.7752,0,0,0
25-Nov-2025,5589,Put,5150,0,0,30.7752,0,0,0
25-Nov-2025,5585.5,Call,4950,0,0,30.7752,0,0,0
25-Nov-2025,5589,Call,5050,0,0,30.7752,0,0,0
25-Nov-2025,5589,Put,4600,0,0,30.7752,0,0,0
25-Nov-2025,5585.5,Call,6050,0,0,30.7752,0,0,0
25-Nov-2025,5589,Put,4700,0,0,30.7752,0,0,0
25-Nov-2025,5585.5,Put,5050,0,0,30.7752,0,12,0
25-Nov-2025,5589,Put,5350,0,0,30.7752,0,0,0
25-Nov-2025,5589,Call,5450,0,0,30.7752,0,0,0
25-Nov-2025,5589,Call,5850,0,0,30.7752,0,0,0
25-Nov-2025,5589,Call,5650,0,0,30.7752,0,1,0
25-Nov-2025,5589,Call,5750,0,0,30.7752,0,0,0
25-Nov-2025,5585.5,Call,6400,0,0,30.7752,0,5,0
25-Nov-2025,5585.5,Call,5300,0,0,30.7752,0,0,0
25-Nov-2025,5589,Call,5200,0,0,30.7752,0,3,0
25-Nov-2025,5585.5,Put,6400,0,0,30.7752,0,0,0
25-Nov-2025,5585.5,Call,5400,0,0,30.7752,0,4,0
25-Nov-2025,5589,Put,5450,0,0,30.7752,0,3,0
25-Nov-2025,5585.5,Call,5900,0,0,30.7752,0,1,0
25-Nov-2025,5589,Put,5800,0,0,30.7752,0,0,0
25-Nov-2025,5589,Put,5900,0,0,30.7752,0,0,0
25-Nov-2025,5585.5,Put,6100,0,0,30.7752,0,0,0
25-Nov-2025,5585.5,Call,6300,0,0,30.7752,0,1,0
25-Nov-2025,5585.5,Put,4900,0,0,30.7752,0,0,0
25-Nov-2025,5585.5,Put,6050,0,0,30.7752,0,0,0
25-Nov-2025,5585.5,Call,5950,0,0,30.7752,0,0,0
25-Nov-2025,5585.5,Call,6150,0,0,30.7752,0,1,0
25-Nov-2025,5589,Put,4950,0,0,30.7752,0,0,0
25-Nov-2025,5585.5,Call,5150,0,0,30.7752,0,0,0
25-Nov-2025,5589,Call,5350,0,0,30.7752,0,0,0
25-Nov-2025,5585.5,Call,4600,0,0,30.7752,0,5,0
25-Nov-2025,5585.5,Put,6200,0,0,30.7752,0,0,0
30-Dec-2025,5589,Call,5600,0,0,30.7752,0,2,0
30-Dec-2025,5585.5,Call,5400,0,0,30.7752,0,0,0
30-Dec-2025,5585.5,Put,5200,0,0,30.7752,0,0,0
30-Dec-2025,5585.5,Put,5500,0,0,30.7752,0,0,0
30-Dec-2025,5589,Put,5400,0,0,30.7752,0,0,0
30-Dec-2025,5589,Call,5500,0,0,30.7752,0,0,0
30-Dec-2025,5585.5,Put,5600,0,0,30.7752,0,0,0
30-Dec-2025,5589,Call,5700,0,0,30.7752,0,0,0
30-Dec-2025,5585.5,Put,5700,0,0,30.7752,0,0,0
30-Dec-2025,5585.5,Call,5800,0,0,30.7752,0,0,0
30-Dec-2025,5589,Put,5800,0,0,30.7752,0,0,0
30-Dec-2025,5585.5,Call,5900,0,0,30.7752,0,0,0
30-Dec-2025,5585.5,Put,5900,0,0,30.7752,0,0,0
30-Dec-2025,5585.5,Call,6100,0,0,30.7752,0,0,0
30-Dec-2025,5589,Call,6200,0,0,30.7752,0,0,0
30-Dec-2025,5585.5,Put,5300,0,0,30.7752,0,0,0
30-Dec-2025,5585.5,Call,6000,0,0,30.7752,0,0,0
