28-Oct-2025,2520.3,-,0,2523.9,0,22.6052,23,44657,420
28-Oct-2025,2520.3,Put,2500,26.45,21.61,22.6052,11,1917,342
28-Oct-2025,2520.3,Call,2600,10.45,19.09,22.6052,-7,3020,248
28-Oct-2025,2520.3,Call,2540,28.3,18.74,22.6052,35,1103,239
28-Oct-2025,2520.3,Call,2520,37.95,18.7,22.6052,-7,878,185
28-Oct-2025,2520.3,Call,2500,49.45,18.69,22.6052,-36,1262,153
28-Oct-2025,2520.3,Call,2560,20.35,18.63,22.6052,8,2030,139
28-Oct-2025,2520.3,Put,2520,34.95,21.47,22.6052,13,634,139
28-Oct-2025,2520.3,Put,2440,10,21.97,22.6052,52,583,138
25-Nov-2025,2520.3,-,0,2517.5,0,22.6052,37,2565,78
28-Oct-2025,2520.3,Put,2480,19.75,21.57,22.6052,17,516,61
28-Oct-2025,2520.3,Call,2580,14.6,18.69,22.6052,-5,1913,55
28-Oct-2025,2520.3,Call,2620,7.4,19.68,22.6052,6,440,54
28-Oct-2025,2520.3,Call,2640,5.3,20.22,22.6052,0,513,50
28-Oct-2025,2520.3,Call,2700,2.7,23.3,22.6052,2,1540,48
28-Oct-2025,2520.3,Put,2400,5.1,22.81,22.6052,6,1009,42
28-Oct-2025,2520.3,Put,2460,14.2,21.73,22.6052,-2,323,38
28-Oct-2025,2520.3,Put,2540,45.6,21.44,22.6052,8,542,30
28-Oct-2025,2520.3,Put,2600,87.25,22.48,22.6052,-16,897,28
28-Oct-2025,2520.3,Call,2480,62.75,18.72,22.6052,1,172,20
28-Oct-2025,2520.3,Call,2460,77,19.05,22.6052,0,124,18
28-Oct-2025,2520.3,Put,2420,7.15,22.29,22.6052,0,398,11
25-Nov-2025,2520.3,Call,2520,64.5,15.09,22.6052,2,148,11
28-Oct-2025,2520.3,Call,2660,4.05,21.05,22.6052,-1,445,9
25-Nov-2025,2520.3,Call,2500,70.4,13.28,22.6052,-2,248,6
28-Oct-2025,2520.3,Call,2800,0.95,27.17,22.6052,-1,884,5
25-Nov-2025,2520.3,Call,2700,12.9,17.39,22.6052,2,58,5
25-Nov-2025,2520.3,Put,2500,54,22.14,22.6052,-2,213,5
28-Oct-2025,2520.3,Call,2920,0.2,30.3,22.6052,0,95,4
25-Nov-2025,2520.3,Put,2400,20.3,21.8,22.6052,0,264,4
25-Nov-2025,2520.3,Call,2600,32,16.12,22.6052,1,411,4
28-Oct-2025,2520.3,Put,2300,1.35,27.51,22.6052,-1,569,3
28-Oct-2025,2520.3,Put,2320,1.65,26.3,22.6052,-2,310,3
28-Oct-2025,2520.3,Call,2760,1.5,0,22.6052,0,171,3
28-Oct-2025,2520.3,Call,2720,2.45,24.62,22.6052,0,281,2
28-Oct-2025,2520.3,Put,2380,3.75,23.56,22.6052,0,229,2
28-Oct-2025,2520.3,Call,2680,3.2,21.89,22.6052,0,384,2
25-Nov-2025,2520.3,Call,2800,5.65,19.71,22.6052,0,95,2
30-Dec-2025,2520.3,-,0,0,0,22.6052,0,243,0
28-Oct-2025,2520.3,Put,2620,0,0,22.6052,0,22,0
28-Oct-2025,2520.3,Call,2160,0,0,22.6052,0,0,0
28-Oct-2025,2520.3,Call,2320,0,0,22.6052,0,1,0
28-Oct-2025,2520.3,Put,3000,0,0,22.6052,0,1,0
28-Oct-2025,2520.3,Call,2300,0,0,22.6052,0,4,0
28-Oct-2025,2520.3,Put,2780,0,0,22.6052,0,1,0
28-Oct-2025,2520.3,Call,2400,0,0,22.6052,0,181,0
28-Oct-2025,2520.3,Call,2280,0,0,22.6052,0,3,0
28-Oct-2025,2520.3,Call,2360,0,0,22.6052,0,0,0
28-Oct-2025,2520.3,Call,3000,0,0,22.6052,0,241,0
28-Oct-2025,2520.3,Put,2820,0,0,22.6052,0,2,0
28-Oct-2025,2520.3,Call,2440,0,0,22.6052,0,93,0
28-Oct-2025,2520.3,Put,2920,0,0,22.6052,0,0,0
28-Oct-2025,2520.3,Call,2420,0,0,22.6052,0,38,0
28-Oct-2025,2520.3,Put,2960,0,0,22.6052,0,0,0
28-Oct-2025,2520.3,Put,2900,0,0,22.6052,0,5,0
28-Oct-2025,2520.3,Put,2580,0,0,22.6052,0,123,0
28-Oct-2025,2520.3,Put,2360,0,0,22.6052,0,349,0
28-Oct-2025,2520.3,Call,2260,0,0,22.6052,0,0,0
28-Oct-2025,2520.3,Call,2120,0,0,22.6052,0,0,0
28-Oct-2025,2520.3,Put,2260,0,0,22.6052,0,1,0
28-Oct-2025,2520.3,Put,2120,0,0,22.6052,0,7,0
28-Oct-2025,2520.3,Put,2880,0,0,22.6052,0,0,0
28-Oct-2025,2520.3,Call,2820,0,0,22.6052,0,5,0
28-Oct-2025,2520.3,Call,2780,0,0,22.6052,0,389,0
28-Oct-2025,2520.3,Put,2700,0,0,22.6052,0,295,0
28-Oct-2025,2520.3,Put,2660,0,0,22.6052,0,34,0
28-Oct-2025,2520.3,Put,2740,0,0,22.6052,0,0,0
28-Oct-2025,2520.3,Call,2200,0,0,22.6052,0,3,0
28-Oct-2025,2520.3,Call,2080,0,0,22.6052,0,0,0
28-Oct-2025,2520.3,Call,2860,0,0,22.6052,0,6,0
28-Oct-2025,2520.3,Call,2900,0,0,22.6052,0,92,0
28-Oct-2025,2520.3,Put,2800,0,0,22.6052,0,75,0
28-Oct-2025,2520.3,Put,2080,0,0,22.6052,0,0,0
28-Oct-2025,2520.3,Put,2640,0,0,22.6052,0,52,0
28-Oct-2025,2520.3,Put,2280,0,0,22.6052,0,3,0
28-Oct-2025,2520.3,Put,2560,0,0,22.6052,0,247,0
28-Oct-2025,2520.3,Call,2740,0,0,22.6052,0,198,0
28-Oct-2025,2520.3,Put,2240,0,0,22.6052,0,66,0
28-Oct-2025,2520.3,Put,2200,0,0,22.6052,0,84,0
28-Oct-2025,2520.3,Put,2840,0,0,22.6052,0,9,0
28-Oct-2025,2520.3,Call,2960,0,0,22.6052,0,5,0
28-Oct-2025,2520.3,Call,2840,0,0,22.6052,0,47,0
28-Oct-2025,2520.3,Put,2760,0,0,22.6052,0,1,0
28-Oct-2025,2520.3,Put,2160,0,0,22.6052,0,7,0
28-Oct-2025,2520.3,Put,2680,0,0,22.6052,0,43,0
28-Oct-2025,2520.3,Call,2880,0,0,22.6052,0,113,0
28-Oct-2025,2520.3,Call,2380,0,0,22.6052,0,19,0
28-Oct-2025,2520.3,Put,2720,0,0,22.6052,0,8,0
28-Oct-2025,2520.3,Put,2340,0,0,22.6052,0,238,0
28-Oct-2025,2520.3,Call,2340,0,0,22.6052,0,3,0
25-Nov-2025,2520.3,Put,2660,0,0,22.6052,0,0,0
28-Oct-2025,2520.3,Call,2240,0,0,22.6052,0,5,0
25-Nov-2025,2520.3,Put,2580,0,0,22.6052,0,0,0
25-Nov-2025,2520.3,Put,2620,0,0,22.6052,0,0,0
25-Nov-2025,2520.3,Put,2700,0,0,22.6052,0,105,0
25-Nov-2025,2520.3,Put,2740,0,0,22.6052,0,0,0
25-Nov-2025,2520.3,Put,2300,0,0,22.6052,0,69,0
25-Nov-2025,2520.3,Put,2240,0,0,22.6052,0,0,0
25-Nov-2025,2520.3,Call,2640,0,0,22.6052,0,31,0
25-Nov-2025,2520.3,Put,2320,0,0,22.6052,0,0,0
25-Nov-2025,2520.3,Call,2660,0,0,22.6052,0,3,0
25-Nov-2025,2520.3,Call,2740,0,0,22.6052,0,15,0
25-Nov-2025,2520.3,Put,2880,0,0,22.6052,0,0,0
25-Nov-2025,2520.3,Put,2840,0,0,22.6052,0,0,0
25-Nov-2025,2520.3,Put,2260,0,0,22.6052,0,0,0
25-Nov-2025,2520.3,Put,2920,0,0,22.6052,0,0,0
25-Nov-2025,2520.3,Call,2160,0,0,22.6052,0,0,0
25-Nov-2025,2520.3,Put,2200,0,0,22.6052,0,0,0
25-Nov-2025,2520.3,Call,2200,0,0,22.6052,0,1,0
25-Nov-2025,2520.3,Put,2960,0,0,22.6052,0,0,0
25-Nov-2025,2520.3,Call,2120,0,0,22.6052,0,0,0
25-Nov-2025,2520.3,Call,2260,0,0,22.6052,0,0,0
25-Nov-2025,2520.3,Put,2440,0,0,22.6052,0,7,0
25-Nov-2025,2520.3,Put,2480,0,0,22.6052,0,6,0
25-Nov-2025,2520.3,Call,2880,0,0,22.6052,0,0,0
25-Nov-2025,2520.3,Call,2920,0,0,22.6052,0,0,0
25-Nov-2025,2520.3,Put,2560,0,0,22.6052,0,79,0
25-Nov-2025,2520.3,Put,2360,0,0,22.6052,0,7,0
25-Nov-2025,2520.3,Put,2600,0,0,22.6052,0,248,0
25-Nov-2025,2520.3,Put,2780,0,0,22.6052,0,0,0
25-Nov-2025,2520.3,Call,2680,0,0,22.6052,0,0,0
25-Nov-2025,2520.3,Call,2760,0,0,22.6052,0,0,0
25-Nov-2025,2520.3,Put,2520,0,0,22.6052,0,123,0
25-Nov-2025,2520.3,Put,2280,0,0,22.6052,0,0,0
25-Nov-2025,2520.3,Put,2160,0,0,22.6052,0,0,0
25-Nov-2025,2520.3,Put,2080,0,0,22.6052,0,0,0
25-Nov-2025,2520.3,Call,2960,0,0,22.6052,0,0,0
25-Nov-2025,2520.3,Call,2620,0,0,22.6052,0,0,0
25-Nov-2025,2520.3,Call,2720,0,0,22.6052,0,0,0
25-Nov-2025,2520.3,Call,2560,0,0,22.6052,0,2,0
25-Nov-2025,2520.3,Call,2540,0,0,22.6052,0,37,0
25-Nov-2025,2520.3,Call,2780,0,0,22.6052,0,0,0
25-Nov-2025,2520.3,Put,2120,0,0,22.6052,0,0,0
25-Nov-2025,2520.3,Call,2080,0,0,22.6052,0,0,0
25-Nov-2025,2520.3,Call,2840,0,0,22.6052,0,63,0
25-Nov-2025,2520.3,Call,2440,0,0,22.6052,0,0,0
25-Nov-2025,2520.3,Call,2280,0,0,22.6052,0,1,0
25-Nov-2025,2520.3,Call,2580,0,0,22.6052,0,3,0
25-Nov-2025,2520.3,Call,2480,0,0,22.6052,0,1,0
25-Nov-2025,2520.3,Call,2360,0,0,22.6052,0,0,0
25-Nov-2025,2520.3,Call,2320,0,0,22.6052,0,0,0
25-Nov-2025,2520.3,Call,2400,0,0,22.6052,0,105,0
25-Nov-2025,2520.3,Put,2640,0,0,22.6052,0,0,0
25-Nov-2025,2520.3,Call,2240,0,0,22.6052,0,0,0
25-Nov-2025,2520.3,Put,2680,0,0,22.6052,0,0,0
25-Nov-2025,2520.3,Put,2720,0,0,22.6052,0,0,0
25-Nov-2025,2520.3,Put,2760,0,0,22.6052,0,0,0
25-Nov-2025,2520.3,Put,2800,0,0,22.6052,0,0,0
25-Nov-2025,2520.3,Call,2300,0,0,22.6052,0,0,0
25-Nov-2025,2520.3,Call,2340,0,0,22.6052,0,0,0
25-Nov-2025,2520.3,Call,2380,0,0,22.6052,0,0,0
25-Nov-2025,2520.3,Put,2380,0,0,22.6052,0,5,0
25-Nov-2025,2520.3,Call,2420,0,0,22.6052,0,5,0
25-Nov-2025,2520.3,Call,2460,0,0,22.6052,0,19,0
25-Nov-2025,2520.3,Put,2460,0,0,22.6052,0,0,0
25-Nov-2025,2520.3,Put,2420,0,0,22.6052,0,2,0
30-Dec-2025,2520.3,Put,2440,0,0,22.6052,0,0,0
25-Nov-2025,2520.3,Put,2340,0,0,22.6052,0,7,0
30-Dec-2025,2520.3,Put,2480,0,0,22.6052,0,0,0
30-Dec-2025,2520.3,Put,2400,0,0,22.6052,0,8,0
30-Dec-2025,2520.3,Call,2560,0,0,22.6052,0,1,0
25-Nov-2025,2520.3,Put,2540,0,0,22.6052,0,21,0
30-Dec-2025,2520.3,Call,2520,0,0,22.6052,0,0,0
30-Dec-2025,2520.3,Put,2360,0,0,22.6052,0,1,0
30-Dec-2025,2520.3,Call,2640,0,0,22.6052,0,8,0
30-Dec-2025,2520.3,Put,2560,0,0,22.6052,0,0,0
30-Dec-2025,2520.3,Call,2600,0,0,22.6052,0,0,0
30-Dec-2025,2520.3,Call,2680,0,0,22.6052,0,0,0
30-Dec-2025,2520.3,Put,2520,0,0,22.6052,0,0,0
30-Dec-2025,2520.3,Call,2720,0,0,22.6052,0,0,0
30-Dec-2025,2520.3,Call,2480,0,0,22.6052,0,0,0
30-Dec-2025,2520.3,Put,2600,0,0,22.6052,0,0,0
