28-Oct-2025,1416.1,-,0,1417.4,0,20.8648,4275,156058,18712
28-Oct-2025,1416.1,Call,1420,19.65,18.92,20.8648,236,3439,8313
28-Oct-2025,1416.1,Call,1400,31.15,18.85,20.8648,-835,6714,8254
28-Oct-2025,1416.1,Call,1410,24.85,18.82,20.8648,-42,1495,5211
28-Oct-2025,1416.1,Call,1450,8.5,19.37,20.8648,427,3148,4989
28-Oct-2025,1416.1,Put,1400,13.25,21.48,20.8648,180,3773,4315
28-Oct-2025,1416.1,Call,1440,11.45,19.03,20.8648,408,1604,4307
28-Oct-2025,1416.1,Call,1430,15.1,18.97,20.8648,-111,963,3247
28-Oct-2025,1416.1,Put,1380,7.75,22.03,20.8648,-262,3430,3056
28-Oct-2025,1416.1,Call,1500,2.1,21.67,20.8648,249,3114,2687
25-Nov-2025,1416.1,-,0,1425.4,0,20.8648,1413,8552,2659
28-Oct-2025,1416.1,Put,1350,3.45,23.62,20.8648,19,1905,2179
28-Oct-2025,1416.1,Put,1390,10.1,22,20.8648,-44,1308,2091
28-Oct-2025,1416.1,Call,1390,37.95,17.97,20.8648,-192,1377,1888
28-Oct-2025,1416.1,Call,1470,4.85,20,20.8648,293,714,1698
28-Oct-2025,1416.1,Put,1360,4.55,23.05,20.8648,-63,1904,1661
28-Oct-2025,1416.1,Put,1410,17,21.39,20.8648,183,1146,1557
28-Oct-2025,1416.1,Call,1380,45.15,18.82,20.8648,-321,2455,1533
28-Oct-2025,1416.1,Put,1370,5.95,22.53,20.8648,-50,2343,1507
28-Oct-2025,1416.1,Call,1460,6.4,19.61,20.8648,26,681,1388
28-Oct-2025,1416.1,Put,1420,21.75,21.43,20.8648,213,1234,1098
28-Oct-2025,1416.1,Call,1480,3.65,20.54,20.8648,187,819,1059
28-Oct-2025,1416.1,Put,1320,1.65,25.89,20.8648,5,1058,898
28-Oct-2025,1416.1,Put,1300,1.1,27.17,20.8648,-11,1473,858
28-Oct-2025,1416.1,Call,1490,2.65,21.05,20.8648,-303,216,775
28-Oct-2025,1416.1,Put,1310,1.35,26.71,20.8648,252,720,709
25-Nov-2025,1416.1,Call,1400,45.65,14.91,20.8648,106,445,628
28-Oct-2025,1416.1,Put,1340,2.65,24.32,20.8648,-6,962,607
28-Oct-2025,1416.1,Call,1510,1.55,22.15,20.8648,326,387,494
28-Oct-2025,1416.1,Put,1430,27.2,21.5,20.8648,193,417,473
28-Oct-2025,1416.1,Put,1330,2,24.94,20.8648,-14,535,455
25-Nov-2025,1416.1,Call,1500,8,16.05,20.8648,57,382,426
28-Oct-2025,1416.1,Call,1370,52.75,18.9,20.8648,-62,1624,353
25-Nov-2025,1416.1,Put,1400,20,18.07,20.8648,112,268,349
28-Oct-2025,1416.1,Call,1360,61.45,19,20.8648,-84,1264,348
28-Oct-2025,1416.1,Call,1350,71.6,21.78,20.8648,0,701,323
28-Oct-2025,1416.1,Put,1220,0.25,35.21,20.8648,-273,213,318
28-Oct-2025,1416.1,Put,1450,40.6,22,20.8648,97,1368,315
25-Nov-2025,1416.1,Call,1450,20.45,15.55,20.8648,53,225,296
28-Oct-2025,1416.1,Put,1250,0.5,33.15,20.8648,-200,221,283
25-Nov-2025,1416.1,Put,1380,13.8,18.06,20.8648,130,420,278
25-Nov-2025,1416.1,Put,1370,11.65,18.19,20.8648,177,196,236
30-Dec-2025,1416.1,-,0,1432.1,0,20.8648,129,1570,215
25-Nov-2025,1416.1,Call,1420,33.8,15.22,20.8648,101,123,213
28-Oct-2025,1416.1,Put,1440,34,22.04,20.8648,113,374,212
28-Oct-2025,1416.1,Call,1300,118.4,28.48,20.8648,33,938,181
28-Oct-2025,1416.1,Put,1240,0.4,33.88,20.8648,-26,207,153
28-Oct-2025,1416.1,Call,1520,1.25,22.92,20.8648,-42,171,145
28-Oct-2025,1416.1,Put,1260,0.5,31.35,20.8648,-44,628,137
25-Nov-2025,1416.1,Put,1300,2.95,19.93,20.8648,36,197,128
25-Nov-2025,1416.1,Put,1420,28.7,17.97,20.8648,71,90,128
25-Nov-2025,1416.1,Call,1380,58.8,14.79,20.8648,70,143,127
28-Oct-2025,1416.1,Put,1200,0.25,38.6,20.8648,-15,186,118
28-Oct-2025,1416.1,Put,1290,0.85,28.31,20.8648,-41,395,113
25-Nov-2025,1416.1,Call,1440,25.05,15.84,20.8648,54,120,100
25-Nov-2025,1416.1,Put,1450,44.2,18.16,20.8648,58,59,100
25-Nov-2025,1416.1,Put,1440,38.75,18.29,20.8648,54,63,85
28-Oct-2025,1416.1,Put,1460,48.8,23.67,20.8648,25,71,81
25-Nov-2025,1416.1,Put,1350,7.75,18.43,20.8648,21,213,80
28-Oct-2025,1416.1,Put,1270,0.6,30.38,20.8648,-29,324,79
25-Nov-2025,1416.1,Put,1360,9.5,18.28,20.8648,19,69,75
28-Oct-2025,1416.1,Call,1330,86.9,0,20.8648,13,171,74
28-Oct-2025,1416.1,Call,1600,0.5,31.03,20.8648,35,284,69
25-Nov-2025,1416.1,Call,1460,16.75,15.47,20.8648,17,78,55
28-Oct-2025,1416.1,Call,1340,79.9,19.24,20.8648,-18,136,54
28-Oct-2025,1416.1,Call,1540,0.9,24.52,20.8648,4,136,53
25-Nov-2025,1416.1,Call,1410,39.2,15.18,20.8648,18,58,49
25-Nov-2025,1416.1,Call,1430,28.35,15.16,20.8648,14,35,47
28-Oct-2025,1416.1,Put,1280,0.7,29.26,20.8648,-19,344,43
25-Nov-2025,1416.1,Call,1600,1.45,19.14,20.8648,11,133,38
25-Nov-2025,1416.1,Call,1470,14.35,15.51,20.8648,12,46,36
25-Nov-2025,1416.1,Call,1540,3.7,17.02,20.8648,7,23,35
28-Oct-2025,1416.1,Put,1500,85.45,27.51,20.8648,-8,145,29
28-Oct-2025,1416.1,Call,1320,96.9,0,20.8648,-5,144,27
25-Nov-2025,1416.1,Put,1280,2,20.61,20.8648,19,27,24
25-Nov-2025,1416.1,Put,1320,4.5,19.47,20.8648,-5,39,22
25-Nov-2025,1416.1,Call,1480,11.45,15.72,20.8648,15,30,20
28-Oct-2025,1416.1,Call,1530,1.05,23.61,20.8648,-3,183,19
25-Nov-2025,1416.1,Put,1340,6.25,18.56,20.8648,3,22,19
28-Oct-2025,1416.1,Put,1480,67.2,25.42,20.8648,2,49,18
25-Nov-2025,1416.1,Call,1520,5.25,16.46,20.8648,2,57,17
25-Nov-2025,1416.1,Call,1360,74.25,14.39,20.8648,10,249,17
25-Nov-2025,1416.1,Put,1430,33.15,17.77,20.8648,8,9,16
25-Nov-2025,1416.1,Call,1350,84.1,15.77,20.8648,-4,21,15
25-Nov-2025,1416.1,Call,1390,50.9,14.38,20.8648,5,24,14
25-Nov-2025,1416.1,Put,1500,82,19.75,20.8648,12,14,14
25-Nov-2025,1416.1,Call,1510,6.45,16.31,0,0,10,13
25-Nov-2025,1416.1,Put,1390,16.65,17.77,20.8648,7,14,12
25-Nov-2025,1416.1,Put,1270,1.95,21.67,20.8648,10,27,11
28-Oct-2025,1416.1,Put,1540,135.3,52.05,20.8648,-2,10,10
25-Nov-2025,1416.1,Put,1330,5.1,18.79,20.8648,-1,14,9
25-Nov-2025,1416.1,Call,1300,121.45,0,20.8648,7,19,8
28-Oct-2025,1416.1,Put,1490,75.5,25.26,20.8648,5,7,7
25-Nov-2025,1416.1,Put,1290,2.9,21.09,20.8648,2,6,7
25-Nov-2025,1416.1,Put,1410,23.3,17.4,20.8648,3,4,7
28-Oct-2025,1416.1,Call,1260,159.65,35.09,20.8648,-1,33,3
28-Oct-2025,1416.1,Call,1280,137.5,0,20.8648,-2,18,3
25-Nov-2025,1416.1,Call,1370,63.4,12.05,20.8648,-1,74,2
25-Nov-2025,1416.1,Call,1490,10,16.28,20.8648,0,22,2
30-Dec-2025,1416.1,Call,1520,11.25,14.2,20.8648,0,15,2
28-Oct-2025,1416.1,Call,1250,169,32.08,20.8648,0,4,1
25-Nov-2025,1416.1,Put,1470,70,25.18,20.8648,0,0,1
30-Dec-2025,1416.1,Put,1320,9.1,19.1,20.8648,0,3,1
28-Oct-2025,1416.1,Put,1160,0,0,20.8648,0,0,0
28-Oct-2025,1416.1,Put,1180,0,0,20.8648,0,2,0
28-Oct-2025,1416.1,Call,1310,0,0,20.8648,0,44,0
28-Oct-2025,1416.1,Call,1220,0,0,20.8648,0,0,0
28-Oct-2025,1416.1,Call,1290,0,0,20.8648,0,2,0
28-Oct-2025,1416.1,Put,1580,0,0,20.8648,0,0,0
28-Oct-2025,1416.1,Put,1470,0,0,20.8648,0,4,0
28-Oct-2025,1416.1,Call,1270,0,0,20.8648,0,0,0
28-Oct-2025,1416.1,Put,1620,0,0,20.8648,0,0,0
28-Oct-2025,1416.1,Call,1180,0,0,20.8648,0,0,0
28-Oct-2025,1416.1,Call,1240,0,0,20.8648,0,28,0
28-Oct-2025,1416.1,Put,1600,0,0,20.8648,0,2,0
28-Oct-2025,1416.1,Call,1140,0,0,20.8648,0,0,0
28-Oct-2025,1416.1,Call,1560,0,0,20.8648,0,0,0
28-Oct-2025,1416.1,Put,1520,0,0,20.8648,0,0,0
28-Oct-2025,1416.1,Call,1200,0,0,20.8648,0,0,0
28-Oct-2025,1416.1,Put,1560,0,0,20.8648,0,0,0
28-Oct-2025,1416.1,Call,1580,0,0,20.8648,0,0,0
28-Oct-2025,1416.1,Put,1230,0,0,20.8648,0,2,0
28-Oct-2025,1416.1,Call,1160,0,0,20.8648,0,0,0
28-Oct-2025,1416.1,Call,1620,0,0,20.8648,0,0,0
28-Oct-2025,1416.1,Put,1140,0,0,20.8648,0,21,0
25-Nov-2025,1416.1,Put,1310,0,0,20.8648,0,0,0
28-Oct-2025,1416.1,Put,1510,0,0,20.8648,0,0,0
25-Nov-2025,1416.1,Put,1250,0,0,20.8648,0,0,0
25-Nov-2025,1416.1,Put,1220,0,0,20.8648,0,0,0
25-Nov-2025,1416.1,Call,1620,0,0,0,0,0,0
25-Nov-2025,1416.1,Put,1540,0,0,20.8648,0,0,0
25-Nov-2025,1416.1,Put,1240,0,0,20.8648,0,0,0
25-Nov-2025,1416.1,Put,1260,0,0,20.8648,0,0,0
28-Oct-2025,1416.1,Call,1640,0,0,20.8648,0,28,0
25-Nov-2025,1416.1,Put,1160,0,0,20.8648,0,0,0
25-Nov-2025,1416.1,Put,1600,0,0,20.8648,0,0,0
25-Nov-2025,1416.1,Put,1180,0,0,20.8648,0,0,0
25-Nov-2025,1416.1,Call,1560,0,0,20.8648,0,0,0
25-Nov-2025,1416.1,Call,1320,0,0,20.8648,0,0,0
25-Nov-2025,1416.1,Call,1330,0,0,20.8648,0,0,0
25-Nov-2025,1416.1,Call,1310,0,0,20.8648,0,0,0
25-Nov-2025,1416.1,Call,1340,0,0,20.8648,0,0,0
25-Nov-2025,1416.1,Call,1290,0,0,20.8648,0,0,0
25-Nov-2025,1416.1,Put,1580,0,0,20.8648,0,0,0
25-Nov-2025,1416.1,Put,1200,0,0,20.8648,0,4,0
25-Nov-2025,1416.1,Call,1140,0,0,20.8648,0,0,0
25-Nov-2025,1416.1,Call,1250,0,0,20.8648,0,1,0
25-Nov-2025,1416.1,Call,1160,0,0,20.8648,0,0,0
25-Nov-2025,1416.1,Put,1490,0,0,20.8648,0,0,0
25-Nov-2025,1416.1,Call,1180,0,0,20.8648,0,0,0
25-Nov-2025,1416.1,Call,1270,0,0,20.8648,0,0,0
25-Nov-2025,1416.1,Call,1260,0,0,20.8648,0,0,0
25-Nov-2025,1416.1,Put,1560,0,0,20.8648,0,0,0
25-Nov-2025,1416.1,Put,1520,0,0,20.8648,0,0,0
25-Nov-2025,1416.1,Call,1580,0,0,20.8648,0,0,0
25-Nov-2025,1416.1,Call,1240,0,0,20.8648,0,0,0
25-Nov-2025,1416.1,Call,1280,0,0,20.8648,0,0,0
25-Nov-2025,1416.1,Call,1220,0,0,20.8648,0,0,0
25-Nov-2025,1416.1,Call,1200,0,0,20.8648,0,0,0
25-Nov-2025,1416.1,Put,1510,0,0,0,0,0,0
30-Dec-2025,1416.1,Put,1280,0,0,20.8648,0,0,0
30-Dec-2025,1416.1,Call,1460,0,0,20.8648,0,0,0
25-Nov-2025,1416.1,Put,1460,0,0,20.8648,0,0,0
25-Nov-2025,1416.1,Put,1480,0,0,20.8648,0,0,0
30-Dec-2025,1416.1,Put,1260,0,0,20.8648,0,0,0
25-Nov-2025,1416.1,Put,1140,0,0,20.8648,0,0,0
30-Dec-2025,1416.1,Put,1300,0,0,20.8648,0,0,0
30-Dec-2025,1416.1,Put,1380,0,0,20.8648,0,0,0
30-Dec-2025,1416.1,Put,1240,0,0,20.8648,0,0,0
30-Dec-2025,1416.1,Put,1200,0,0,20.8648,0,0,0
30-Dec-2025,1416.1,Put,1460,0,0,20.8648,0,0,0
30-Dec-2025,1416.1,Call,1560,0,0,20.8648,0,0,0
30-Dec-2025,1416.1,Put,1340,0,0,20.8648,0,0,0
30-Dec-2025,1416.1,Call,1480,0,0,20.8648,0,0,0
30-Dec-2025,1416.1,Call,1500,0,0,20.8648,0,0,0
30-Dec-2025,1416.1,Put,1360,0,0,20.8648,0,0,0
30-Dec-2025,1416.1,Call,1400,0,0,20.8648,0,0,0
30-Dec-2025,1416.1,Put,1400,0,0,20.8648,0,0,0
30-Dec-2025,1416.1,Call,1420,0,0,20.8648,0,0,0
30-Dec-2025,1416.1,Put,1420,0,0,20.8648,0,0,0
30-Dec-2025,1416.1,Call,1440,0,0,20.8648,0,0,0
30-Dec-2025,1416.1,Call,1600,0,0,20.8648,0,0,0
30-Dec-2025,1416.1,Put,1440,0,0,20.8648,0,0,0
