28-Oct-2025,3838.7,Call,3900,20.5,14.28,28.0558,-326,3371,2049
28-Oct-2025,3838.7,-,0,3846,0,28.0558,517,86246,2003
28-Oct-2025,3838.7,Call,3850,37.85,13.61,28.0558,-59,6597,1615
28-Oct-2025,3838.7,Call,3800,66.5,12.77,28.0558,7,8334,1518
28-Oct-2025,3838.7,Put,3800,22.65,15.69,28.0558,237,4101,1276
28-Oct-2025,3838.7,Call,3840,43.25,13.47,28.0558,44,2176,1156
28-Oct-2025,3838.7,Call,4000,6.25,16.98,28.0558,-15,4561,1023
28-Oct-2025,3838.7,Put,3820,29.75,15.66,28.0558,94,1016,519
28-Oct-2025,3838.7,Put,3750,11.4,16.52,28.0558,-32,1409,409
28-Oct-2025,3838.7,Put,3700,6.2,17.73,28.0558,-77,2210,396
28-Oct-2025,3838.7,Call,3820,54.2,12.9,28.0558,21,2193,378
28-Oct-2025,3838.7,Call,3860,34.3,13.75,28.0558,5,631,321
28-Oct-2025,3838.7,Put,3780,17.3,16,28.0558,0,690,310
28-Oct-2025,3838.7,Put,3850,43.3,16.16,28.0558,33,1095,308
28-Oct-2025,3838.7,Put,3840,38.55,15.99,28.0558,17,884,276
28-Oct-2025,3838.7,Call,4200,1.4,24.42,28.0558,57,1275,254
28-Oct-2025,3838.7,Call,3880,26.5,14.25,28.0558,-15,243,237
25-Nov-2025,3838.7,-,0,3866.9,0,28.0558,86,2956,217
28-Oct-2025,3838.7,Call,3920,15.75,14.82,28.0558,15,195,145
28-Oct-2025,3838.7,Put,3900,77,17.17,28.0558,17,504,128
28-Oct-2025,3838.7,Call,3950,10.9,15.63,28.0558,-11,704,127
28-Oct-2025,3838.7,Put,3740,10.05,16.52,28.0558,-31,331,118
28-Oct-2025,3838.7,Put,3760,13.85,16.49,28.0558,-21,561,118
28-Oct-2025,3838.7,Put,3650,3.9,19.62,28.0558,-1,965,111
28-Oct-2025,3838.7,Put,3600,2.65,21.73,28.0558,34,2321,105
28-Oct-2025,3838.7,Call,3750,104.05,11.61,28.0558,-4,1273,99
28-Oct-2025,3838.7,Call,3700,149.45,6.62,28.0558,-19,1761,93
25-Nov-2025,3838.7,Call,4000,51,19.29,28.0558,-13,510,93
28-Oct-2025,3838.7,Call,3940,12.7,15.3,28.0558,-12,162,90
28-Oct-2025,3838.7,Put,3640,3.7,20.16,28.0558,20,176,66
28-Oct-2025,3838.7,Call,3780,82.4,12.52,28.0558,3,1029,56
28-Oct-2025,3838.7,Put,3720,8.05,17.19,28.0558,-9,180,54
28-Oct-2025,3838.7,Call,4100,2.05,19.32,28.0558,-13,2210,54
28-Oct-2025,3838.7,Call,3980,7.75,16.5,28.0558,1,263,54
25-Nov-2025,3838.7,Call,3800,137.85,18.32,28.0558,-26,333,54
25-Nov-2025,3838.7,Call,4200,17.2,20.81,28.0558,4,178,54
28-Oct-2025,3838.7,Call,3960,9.55,15.78,28.0558,-4,226,53
28-Oct-2025,3838.7,Call,3760,95.85,13.3,28.0558,-5,308,45
28-Oct-2025,3838.7,Call,4050,3.35,18.01,28.0558,0,855,40
28-Oct-2025,3838.7,Put,3680,5.25,18.55,28.0558,-1,409,39
28-Oct-2025,3838.7,Call,3740,114.85,13.43,28.0558,3,275,37
28-Oct-2025,3838.7,Put,3860,51.1,16.52,28.0558,1,188,35
25-Nov-2025,3838.7,Call,3900,86.75,18.59,28.0558,3,186,35
30-Dec-2025,3838.7,-,0,3889.9,0,28.0558,7,1335,26
25-Nov-2025,3838.7,Put,3600,19.5,21.67,28.0558,3,748,24
28-Oct-2025,3838.7,Put,3880,62.2,16.39,28.0558,0,32,20
28-Oct-2025,3838.7,Call,3500,343,0,28.0558,1,281,19
25-Nov-2025,3838.7,Put,3800,69,20.67,28.0558,1,309,19
25-Nov-2025,3838.7,Put,3700,37,21.03,28.0558,9,520,19
28-Oct-2025,3838.7,Call,4080,2.45,18.81,28.0558,0,537,15
28-Oct-2025,3838.7,Put,3250,0.65,34.06,28.0558,-6,23,10
28-Oct-2025,3838.7,Put,3660,4.15,19.1,28.0558,-1,240,10
28-Oct-2025,3838.7,Put,3500,1.15,25.28,28.0558,1,1113,10
28-Oct-2025,3838.7,Call,3720,131.95,12.52,28.0558,2,170,9
25-Nov-2025,3838.7,Put,3840,89.95,21.5,28.0558,6,44,9
25-Nov-2025,3838.7,Put,3760,54.05,20.86,28.0558,-1,210,9
28-Oct-2025,3838.7,Put,3550,1.5,22.97,28.0558,2,409,7
28-Oct-2025,3838.7,Put,4000,161.4,20.72,28.0558,-2,315,7
25-Nov-2025,3838.7,Put,3900,117,20.98,28.0558,2,252,7
28-Oct-2025,3838.7,Put,3560,2.4,24.19,28.0558,0,85,6
28-Oct-2025,3838.7,Call,4040,3.7,17.72,28.0558,-1,96,6
25-Nov-2025,3838.7,Call,4400,6.85,23.34,28.0558,0,199,6
28-Oct-2025,3838.7,Call,3660,184.9,0,28.0558,1,87,4
28-Oct-2025,3838.7,Call,4020,4.9,17.45,28.0558,3,52,4
25-Nov-2025,3838.7,Call,3700,207,18.64,28.0558,2,84,4
25-Nov-2025,3838.7,Put,3920,131.05,21.58,28.0558,2,2,4
28-Oct-2025,3838.7,Put,3540,1.7,24.14,28.0558,0,148,3
28-Oct-2025,3838.7,Put,3920,91.35,17.38,28.0558,0,21,3
25-Nov-2025,3838.7,Put,3500,10.3,22.48,28.0558,0,64,3
25-Nov-2025,3838.7,Put,3780,63.25,21.04,28.0558,2,20,3
28-Oct-2025,3838.7,Call,3600,244.7,0,28.0558,1,877,3
25-Nov-2025,3838.7,Put,3880,105.7,20.82,28.0558,1,24,3
28-Oct-2025,3838.7,Call,4120,1.65,19.86,28.0558,0,301,2
25-Nov-2025,3838.7,Put,3520,11.7,22.24,28.0558,1,2,2
28-Oct-2025,3838.7,Call,4320,2.4,32.74,0,0,0,1
28-Oct-2025,3838.7,Call,4160,1.8,22.49,28.0558,0,7,1
25-Nov-2025,3838.7,Put,3400,5.5,23.8,28.0558,0,213,1
25-Nov-2025,3838.7,Call,3840,115,18.67,28.0558,0,9,1
25-Nov-2025,3838.7,Put,3820,79.6,21.18,28.0558,0,0,1
25-Nov-2025,3838.7,Put,4000,181.35,21.74,28.0558,0,24,1
28-Oct-2025,3838.7,Put,3360,0,0,28.0558,0,0,0
28-Oct-2025,3838.7,Put,3320,0,0,28.0558,0,1,0
28-Oct-2025,3838.7,Call,3450,0,0,28.0558,0,38,0
28-Oct-2025,3838.7,Call,4060,0,0,0,0,0,0
28-Oct-2025,3838.7,Put,3440,0,0,28.0558,0,47,0
28-Oct-2025,3838.7,Put,3480,0,0,28.0558,0,120,0
28-Oct-2025,3838.7,Put,3460,0,0,28.0558,0,16,0
28-Oct-2025,3838.7,Put,4320,0,0,0,0,0,0
28-Oct-2025,3838.7,Put,4020,0,0,28.0558,0,0,0
28-Oct-2025,3838.7,Call,4280,0,0,28.0558,0,14,0
28-Oct-2025,3838.7,Put,4060,0,0,0,0,0,0
28-Oct-2025,3838.7,Call,3480,0,0,28.0558,0,0,0
28-Oct-2025,3838.7,Put,3400,0,0,28.0558,0,686,0
28-Oct-2025,3838.7,Call,3580,0,0,28.0558,0,0,0
28-Oct-2025,3838.7,Put,4280,0,0,28.0558,0,0,0
28-Oct-2025,3838.7,Call,3560,0,0,28.0558,0,0,0
28-Oct-2025,3838.7,Put,3520,0,0,28.0558,0,157,0
28-Oct-2025,3838.7,Call,3520,0,0,28.0558,0,0,0
28-Oct-2025,3838.7,Call,3620,0,0,28.0558,0,23,0
28-Oct-2025,3838.7,Call,3680,0,0,28.0558,0,1004,0
28-Oct-2025,3838.7,Put,3620,0,0,28.0558,0,44,0
28-Oct-2025,3838.7,Put,3580,0,0,28.0558,0,0,0
28-Oct-2025,3838.7,Put,4100,0,0,28.0558,0,270,0
28-Oct-2025,3838.7,Put,4200,0,0,28.0558,0,8,0
28-Oct-2025,3838.7,Put,3950,0,0,28.0558,0,33,0
28-Oct-2025,3838.7,Call,3540,0,0,28.0558,0,0,0
28-Oct-2025,3838.7,Put,3240,0,0,28.0558,0,0,0
28-Oct-2025,3838.7,Put,3280,0,0,28.0558,0,0,0
28-Oct-2025,3838.7,Call,3650,0,0,28.0558,0,349,0
28-Oct-2025,3838.7,Put,3200,0,0,28.0558,0,216,0
28-Oct-2025,3838.7,Call,3200,0,0,28.0558,0,56,0
28-Oct-2025,3838.7,Call,3300,0,0,28.0558,0,1,0
28-Oct-2025,3838.7,Call,3400,0,0,28.0558,0,39,0
28-Oct-2025,3838.7,Put,3960,0,0,28.0558,0,0,0
28-Oct-2025,3838.7,Put,4040,0,0,28.0558,0,0,0
28-Oct-2025,3838.7,Put,4080,0,0,28.0558,0,0,0
28-Oct-2025,3838.7,Put,4120,0,0,28.0558,0,0,0
28-Oct-2025,3838.7,Put,3450,0,0,28.0558,0,580,0
28-Oct-2025,3838.7,Call,3240,0,0,28.0558,0,0,0
28-Oct-2025,3838.7,Call,3280,0,0,28.0558,0,0,0
28-Oct-2025,3838.7,Call,3320,0,0,28.0558,0,0,0
28-Oct-2025,3838.7,Call,3360,0,0,28.0558,0,0,0
28-Oct-2025,3838.7,Call,3440,0,0,28.0558,0,0,0
28-Oct-2025,3838.7,Call,3460,0,0,28.0558,0,0,0
28-Oct-2025,3838.7,Put,4160,0,0,28.0558,0,0,0
28-Oct-2025,3838.7,Call,4240,0,0,28.0558,0,43,0
28-Oct-2025,3838.7,Put,4240,0,0,28.0558,0,0,0
28-Oct-2025,3838.7,Put,3000,0,0,28.0558,0,26,0
28-Oct-2025,3838.7,Call,3550,0,0,28.0558,0,174,0
28-Oct-2025,3838.7,Put,3940,0,0,28.0558,0,0,0
28-Oct-2025,3838.7,Put,3980,0,0,28.0558,0,0,0
28-Oct-2025,3838.7,Put,3350,0,0,28.0558,0,132,0
28-Oct-2025,3838.7,Call,3640,0,0,28.0558,0,36,0
25-Nov-2025,3838.7,Call,3940,0,0,28.0558,0,8,0
25-Nov-2025,3838.7,Call,3980,0,0,28.0558,0,0,0
25-Nov-2025,3838.7,Call,3740,0,0,28.0558,0,0,0
25-Nov-2025,3838.7,Put,3320,0,0,28.0558,0,0,0
25-Nov-2025,3838.7,Put,3860,0,0,28.0558,0,25,0
25-Nov-2025,3838.7,Call,3240,0,0,28.0558,0,0,0
25-Nov-2025,3838.7,Call,3600,0,0,28.0558,0,54,0
30-Dec-2025,3838.7,Call,3840,0,0,28.0558,0,0,0
25-Nov-2025,3838.7,Call,3560,0,0,28.0558,0,0,0
25-Nov-2025,3838.7,Put,4040,0,0,28.0558,0,0,0
25-Nov-2025,3838.7,Call,4080,0,0,28.0558,0,0,0
25-Nov-2025,3838.7,Put,4080,0,0,28.0558,0,0,0
25-Nov-2025,3838.7,Call,3960,0,0,28.0558,0,1,0
25-Nov-2025,3838.7,Call,3360,0,0,28.0558,0,0,0
25-Nov-2025,3838.7,Call,3200,0,0,28.0558,0,0,0
25-Nov-2025,3838.7,Call,3580,0,0,28.0558,0,0,0
25-Nov-2025,3838.7,Call,4040,0,0,28.0558,0,0,0
25-Nov-2025,3838.7,Put,4120,0,0,28.0558,0,0,0
25-Nov-2025,3838.7,Call,3860,0,0,28.0558,0,2,0
25-Nov-2025,3838.7,Put,3560,0,0,28.0558,0,0,0
25-Nov-2025,3838.7,Call,4060,0,0,0,0,0,0
25-Nov-2025,3838.7,Call,3480,0,0,28.0558,0,0,0
25-Nov-2025,3838.7,Put,4020,0,0,28.0558,0,0,0
25-Nov-2025,3838.7,Put,3640,0,0,28.0558,0,3,0
25-Nov-2025,3838.7,Call,3280,0,0,28.0558,0,0,0
28-Oct-2025,3838.7,Put,3300,0,0,28.0558,0,537,0
25-Nov-2025,3838.7,Call,3500,0,0,28.0558,0,0,0
25-Nov-2025,3838.7,Put,4280,0,0,28.0558,0,0,0
25-Nov-2025,3838.7,Call,3440,0,0,28.0558,0,0,0
25-Nov-2025,3838.7,Call,3920,0,0,28.0558,0,32,0
25-Nov-2025,3838.7,Call,3400,0,0,28.0558,0,4,0
30-Dec-2025,3838.7,Put,3760,0,0,28.0558,0,0,0
25-Nov-2025,3838.7,Put,4200,0,0,28.0558,0,0,0
30-Dec-2025,3838.7,Put,3800,0,0,28.0558,0,3,0
25-Nov-2025,3838.7,Call,3620,0,0,28.0558,0,0,0
25-Nov-2025,3838.7,Put,3960,0,0,28.0558,0,0,0
25-Nov-2025,3838.7,Put,4240,0,0,28.0558,0,0,0
25-Nov-2025,3838.7,Call,3320,0,0,28.0558,0,0,0
25-Nov-2025,3838.7,Put,3280,0,0,28.0558,0,0,0
25-Nov-2025,3838.7,Call,3520,0,0,28.0558,0,0,0
25-Nov-2025,3838.7,Put,3660,0,0,28.0558,0,3,0
25-Nov-2025,3838.7,Call,3780,0,0,28.0558,0,15,0
25-Nov-2025,3838.7,Call,3760,0,0,28.0558,0,18,0
25-Nov-2025,3838.7,Call,4020,0,0,28.0558,0,0,0
25-Nov-2025,3838.7,Put,3940,0,0,28.0558,0,0,0
25-Nov-2025,3838.7,Put,3680,0,0,28.0558,0,4,0
25-Nov-2025,3838.7,Put,3200,0,0,28.0558,0,35,0
25-Nov-2025,3838.7,Put,3620,0,0,28.0558,0,0,0
25-Nov-2025,3838.7,Put,3980,0,0,28.0558,0,1,0
25-Nov-2025,3838.7,Call,4120,0,0,28.0558,0,0,0
25-Nov-2025,3838.7,Call,3540,0,0,28.0558,0,2,0
25-Nov-2025,3838.7,Call,3640,0,0,28.0558,0,0,0
25-Nov-2025,3838.7,Put,3720,0,0,28.0558,0,32,0
25-Nov-2025,3838.7,Call,3820,0,0,28.0558,0,4,0
25-Nov-2025,3838.7,Call,4240,0,0,28.0558,0,24,0
25-Nov-2025,3838.7,Call,3880,0,0,28.0558,0,18,0
25-Nov-2025,3838.7,Call,3460,0,0,28.0558,0,0,0
25-Nov-2025,3838.7,Put,4160,0,0,28.0558,0,0,0
25-Nov-2025,3838.7,Call,3660,0,0,28.0558,0,2,0
25-Nov-2025,3838.7,Call,4280,0,0,28.0558,0,21,0
25-Nov-2025,3838.7,Call,3680,0,0,28.0558,0,0,0
30-Dec-2025,3838.7,Put,4000,0,0,28.0558,0,0,0
25-Nov-2025,3838.7,Put,4060,0,0,0,0,0,0
30-Dec-2025,3838.7,Call,4160,0,0,28.0558,0,0,0
25-Nov-2025,3838.7,Put,3240,0,0,28.0558,0,0,0
25-Nov-2025,3838.7,Call,3720,0,0,28.0558,0,1,0
25-Nov-2025,3838.7,Put,3580,0,0,28.0558,0,0,0
25-Nov-2025,3838.7,Put,3740,0,0,28.0558,0,19,0
30-Dec-2025,3838.7,Call,3880,0,0,28.0558,0,0,0
30-Dec-2025,3838.7,Put,3840,0,0,28.0558,0,0,0
30-Dec-2025,3838.7,Put,3920,0,0,28.0558,0,0,0
30-Dec-2025,3838.7,Call,3920,0,0,28.0558,0,0,0
30-Dec-2025,3838.7,Put,3880,0,0,28.0558,0,0,0
30-Dec-2025,3838.7,Call,4000,0,0,28.0558,0,2,0
30-Dec-2025,3838.7,Put,3960,0,0,28.0558,0,0,0
30-Dec-2025,3838.7,Put,4040,0,0,28.0558,0,0,0
30-Dec-2025,3838.7,Call,4080,0,0,28.0558,0,0,0
30-Dec-2025,3838.7,Put,3680,0,0,28.0558,0,0,0
30-Dec-2025,3838.7,Call,3960,0,0,28.0558,0,0,0
30-Dec-2025,3838.7,Put,3200,0,0,28.0558,0,20,0
30-Dec-2025,3838.7,Put,3360,0,0,28.0558,0,20,0
30-Dec-2025,3838.7,Call,3800,0,0,28.0558,0,2,0
30-Dec-2025,3838.7,Put,3720,0,0,28.0558,0,0,0
30-Dec-2025,3838.7,Call,4040,0,0,28.0558,0,0,0
30-Dec-2025,3838.7,Put,3600,0,0,28.0558,0,0,0
