28-Oct-2025,1950,Call,1940,42.85,24.6,32.4785,53,675,1095
28-Oct-2025,1950,-,0,1958,0,32.4785,36,26177,1058
28-Oct-2025,1950,Call,1960,32.2,24.66,32.4785,122,911,818
28-Oct-2025,1950,Call,2000,17.5,24.67,32.4785,-33,1566,686
28-Oct-2025,1950,Call,2200,1.2,33.02,32.4785,-18,435,396
28-Oct-2025,1950,Call,1980,23.55,24.45,32.4785,-21,910,333
28-Oct-2025,1950,Call,2020,13.15,25.14,32.4785,42,428,227
28-Oct-2025,1950,Call,2060,6.45,26,32.4785,-20,397,226
28-Oct-2025,1950,Put,1960,34.9,22.91,32.4785,-7,939,191
28-Oct-2025,1950,Call,2100,3.75,27.74,32.4785,33,667,150
28-Oct-2025,1950,Put,1900,12.1,23.68,32.4785,-1,672,140
28-Oct-2025,1950,Put,1940,25.6,22.76,32.4785,12,495,130
28-Oct-2025,1950,Put,1840,3.85,25.75,32.4785,-21,234,123
28-Oct-2025,1950,Call,1900,70,24.38,32.4785,8,271,100
28-Oct-2025,1950,Call,2080,5,26.87,32.4785,24,193,100
28-Oct-2025,1950,Call,2040,9,25.22,32.4785,5,856,91
28-Oct-2025,1950,Put,1860,5.5,24.86,32.4785,-10,210,89
28-Oct-2025,1950,Put,1920,17.75,24.19,32.4785,-3,255,89
28-Oct-2025,1950,Put,1880,8.05,23.97,32.4785,1,152,85
25-Nov-2025,1950,-,0,1970,0,32.4785,10,461,81
28-Oct-2025,1950,Call,1920,56.9,25.09,32.4785,2,213,63
28-Oct-2025,1950,Put,1820,2.75,26.95,32.4785,9,186,53
28-Oct-2025,1950,Put,1800,2.25,28.84,32.4785,-3,311,35
28-Oct-2025,1950,Call,2140,2.3,29.86,32.4785,8,217,32
28-Oct-2025,1950,Put,1980,46.15,25.4,32.4785,-4,335,29
28-Oct-2025,1950,Call,2120,2.95,28.86,32.4785,4,171,24
28-Oct-2025,1950,Call,2160,1.8,30.82,32.4785,-1,229,22
25-Nov-2025,1950,Put,1800,11.5,25.78,32.4785,0,86,22
25-Nov-2025,1950,Call,2200,8.6,25.97,32.4785,10,53,20
28-Oct-2025,1950,Put,2000,59.8,25.89,32.4785,2,371,17
25-Nov-2025,1950,Call,2000,48.35,23.59,32.4785,0,121,17
28-Oct-2025,1950,Call,1880,85.45,21.92,32.4785,1,49,15
28-Oct-2025,1950,Call,2260,0.55,35.08,32.4785,-1,181,14
28-Oct-2025,1950,Put,1780,1.9,30.83,32.4785,7,141,10
28-Oct-2025,1950,Put,2020,77,26.53,32.4785,-2,84,10
30-Dec-2025,1950,-,0,1975.5,0,32.4785,-3,48,9
25-Nov-2025,1950,Call,2100,20.45,24.42,32.4785,3,68,9
25-Nov-2025,1950,Put,1960,59.15,25.39,32.4785,2,46,6
28-Oct-2025,1950,Put,1600,0.45,46.98,32.4785,0,74,5
28-Oct-2025,1950,Put,1760,1.5,32.36,32.4785,-3,122,5
25-Nov-2025,1950,Call,2040,34.95,23.94,32.4785,0,9,4
25-Nov-2025,1950,Put,1900,32.45,24.46,32.4785,0,33,4
25-Nov-2025,1950,Call,1960,65.2,22.88,32.4785,2,3,3
28-Oct-2025,1950,Call,2180,1.1,30.44,32.4785,0,92,2
28-Oct-2025,1950,Call,2280,0.3,35.98,32.4785,-1,219,2
25-Nov-2025,1950,Put,2000,81.45,25.84,32.4785,1,17,2
25-Nov-2025,1950,Put,2100,154.95,28.54,32.4785,0,16,1
28-Oct-2025,1950,Put,2180,0,0,32.4785,0,0,0
28-Oct-2025,1950,Call,1700,0,0,32.4785,0,0,0
28-Oct-2025,1950,Call,1860,0,0,32.4785,0,36,0
28-Oct-2025,1950,Call,1820,0,0,32.4785,0,3,0
28-Oct-2025,1950,Put,2140,0,0,32.4785,0,4,0
28-Oct-2025,1950,Call,2240,0,0,32.4785,0,48,0
28-Oct-2025,1950,Put,2240,0,0,32.4785,0,6,0
28-Oct-2025,1950,Put,1680,0,0,32.4785,0,7,0
28-Oct-2025,1950,Call,1780,0,0,32.4785,0,0,0
28-Oct-2025,1950,Put,2060,0,0,32.4785,0,45,0
28-Oct-2025,1950,Put,2280,0,0,32.4785,0,1,0
28-Oct-2025,1950,Call,1740,0,0,32.4785,0,0,0
28-Oct-2025,1950,Put,2100,0,0,32.4785,0,131,0
28-Oct-2025,1950,Put,1720,0,0,32.4785,0,145,0
28-Oct-2025,1950,Put,1560,0,0,32.4785,0,29,0
28-Oct-2025,1950,Put,2160,0,0,32.4785,0,3,0
28-Oct-2025,1950,Call,2320,0,0,32.4785,0,9,0
28-Oct-2025,1950,Put,2120,0,0,32.4785,0,12,0
28-Oct-2025,1950,Call,1800,0,0,32.4785,0,1,0
28-Oct-2025,1950,Call,1760,0,0,32.4785,0,0,0
28-Oct-2025,1950,Put,2080,0,0,32.4785,0,9,0
28-Oct-2025,1950,Call,1680,0,0,32.4785,0,0,0
28-Oct-2025,1950,Call,1840,0,0,32.4785,0,11,0
28-Oct-2025,1950,Call,1720,0,0,32.4785,0,0,0
28-Oct-2025,1950,Call,1640,0,0,32.4785,0,0,0
28-Oct-2025,1950,Put,2040,0,0,32.4785,0,129,0
28-Oct-2025,1950,Call,1600,0,0,32.4785,0,0,0
28-Oct-2025,1950,Put,1740,0,0,32.4785,0,27,0
28-Oct-2025,1950,Put,1640,0,0,32.4785,0,0,0
28-Oct-2025,1950,Put,2320,0,0,32.4785,0,28,0
25-Nov-2025,1950,Put,1980,0,0,32.4785,0,1,0
25-Nov-2025,1950,Put,1740,0,0,32.4785,0,0,0
28-Oct-2025,1950,Put,2200,0,0,32.4785,0,83,0
25-Nov-2025,1950,Put,1700,0,0,32.4785,0,0,0
28-Oct-2025,1950,Put,1700,0,0,32.4785,0,69,0
25-Nov-2025,1950,Put,2180,0,0,32.4785,0,0,0
25-Nov-2025,1950,Put,2020,0,0,32.4785,0,0,0
25-Nov-2025,1950,Put,1600,0,0,32.4785,0,0,0
25-Nov-2025,1950,Call,1880,0,0,32.4785,0,0,0
25-Nov-2025,1950,Put,1760,0,0,32.4785,0,0,0
25-Nov-2025,1950,Call,2180,0,0,32.4785,0,0,0
25-Nov-2025,1950,Call,2140,0,0,32.4785,0,0,0
25-Nov-2025,1950,Call,2320,0,0,32.4785,0,0,0
25-Nov-2025,1950,Put,2240,0,0,32.4785,0,0,0
25-Nov-2025,1950,Put,2080,0,0,32.4785,0,1,0
25-Nov-2025,1950,Put,1720,0,0,32.4785,0,0,0
25-Nov-2025,1950,Put,1840,0,0,32.4785,0,2,0
25-Nov-2025,1950,Put,1880,0,0,32.4785,0,0,0
25-Nov-2025,1950,Put,1680,0,0,32.4785,0,0,0
25-Nov-2025,1950,Call,2120,0,0,32.4785,0,0,0
25-Nov-2025,1950,Put,1640,0,0,32.4785,0,0,0
25-Nov-2025,1950,Call,1940,0,0,32.4785,0,32,0
25-Nov-2025,1950,Put,2280,0,0,32.4785,0,0,0
25-Nov-2025,1950,Call,1700,0,0,32.4785,0,0,0
25-Nov-2025,1950,Put,1920,0,0,32.4785,0,8,0
25-Nov-2025,1950,Put,2120,0,0,32.4785,0,0,0
25-Nov-2025,1950,Put,2160,0,0,32.4785,0,2,0
25-Nov-2025,1950,Call,1800,0,0,32.4785,0,0,0
25-Nov-2025,1950,Call,1640,0,0,32.4785,0,0,0
25-Nov-2025,1950,Put,1780,0,0,32.4785,0,0,0
25-Nov-2025,1950,Call,2080,0,0,32.4785,0,1,0
25-Nov-2025,1950,Call,2280,0,0,32.4785,0,0,0
25-Nov-2025,1950,Call,1720,0,0,32.4785,0,0,0
25-Nov-2025,1950,Call,2240,0,0,32.4785,0,0,0
25-Nov-2025,1950,Call,1680,0,0,32.4785,0,0,0
25-Nov-2025,1950,Call,2160,0,0,32.4785,0,0,0
25-Nov-2025,1950,Call,2060,0,0,32.4785,0,0,0
25-Nov-2025,1950,Call,1600,0,0,32.4785,0,0,0
25-Nov-2025,1950,Put,2060,0,0,32.4785,0,1,0
25-Nov-2025,1950,Put,2320,0,0,32.4785,0,1,0
25-Nov-2025,1950,Call,1920,0,0,32.4785,0,0,0
25-Nov-2025,1950,Call,1760,0,0,32.4785,0,0,0
25-Nov-2025,1950,Call,1840,0,0,32.4785,0,0,0
25-Nov-2025,1950,Call,1980,0,0,32.4785,0,1,0
25-Nov-2025,1950,Call,2020,0,0,32.4785,0,0,0
25-Nov-2025,1950,Call,1740,0,0,32.4785,0,0,0
25-Nov-2025,1950,Call,1780,0,0,32.4785,0,0,0
25-Nov-2025,1950,Call,1820,0,0,32.4785,0,0,0
25-Nov-2025,1950,Put,1820,0,0,32.4785,0,0,0
25-Nov-2025,1950,Call,1860,0,0,32.4785,0,0,0
25-Nov-2025,1950,Put,1860,0,0,32.4785,0,1,0
25-Nov-2025,1950,Call,1900,0,0,32.4785,0,0,0
25-Nov-2025,1950,Put,1940,0,0,32.4785,0,6,0
25-Nov-2025,1950,Put,2200,0,0,32.4785,0,0,0
25-Nov-2025,1950,Put,2040,0,0,32.4785,0,1,0
25-Nov-2025,1950,Put,2140,0,0,32.4785,0,4,0
30-Dec-2025,1950,Put,1600,0,0,32.4785,0,0,0
30-Dec-2025,1950,Call,2000,0,0,32.4785,0,0,0
30-Dec-2025,1950,Put,1680,0,0,32.4785,0,0,0
30-Dec-2025,1950,Call,1960,0,0,32.4785,0,0,0
30-Dec-2025,1950,Put,1840,0,0,32.4785,0,0,0
30-Dec-2025,1950,Put,1880,0,0,32.4785,0,0,0
30-Dec-2025,1950,Call,2120,0,0,32.4785,0,0,0
30-Dec-2025,1950,Put,1920,0,0,32.4785,0,0,0
30-Dec-2025,1950,Put,1960,0,0,32.4785,0,0,0
30-Dec-2025,1950,Put,2000,0,0,32.4785,0,0,0
30-Dec-2025,1950,Call,2040,0,0,32.4785,0,0,0
30-Dec-2025,1950,Put,2040,0,0,32.4785,0,0,0
30-Dec-2025,1950,Call,2080,0,0,32.4785,0,0,0
30-Dec-2025,1950,Call,1920,0,0,32.4785,0,0,0
