28-Oct-2025,172.75,Put,160,0.25,29.26,34.4007,-40,1402,519
28-Oct-2025,172.75,Call,190,0.2,30.39,34.4007,-5,2160,459
28-Oct-2025,172.75,Call,175,2.25,23.39,34.4007,-10,3756,358
28-Oct-2025,172.75,Call,185,0.4,27.42,34.4007,0,1691,340
28-Oct-2025,172.75,Call,180,0.9,24.28,34.4007,-5,5001,303
28-Oct-2025,172.75,-,0,173.45,0,34.4007,37,34069,287
28-Oct-2025,172.75,Put,172.5,2.55,23.8,34.4007,28,1357,210
28-Oct-2025,172.75,Put,170,1.55,24.13,34.4007,-9,1808,179
28-Oct-2025,172.75,Call,170,5.05,23.97,34.4007,3,1836,142
28-Oct-2025,172.75,Call,177.5,1.4,24.33,34.4007,15,1401,141
28-Oct-2025,172.75,Put,175,3.85,23.26,34.4007,16,1432,129
28-Oct-2025,172.75,Call,172.5,3.5,23.59,34.4007,-11,1395,122
28-Oct-2025,172.75,Call,195,0.1,32.87,34.4007,-4,1292,98
28-Oct-2025,172.75,Put,165,0.55,25.99,34.4007,10,1817,66
28-Oct-2025,172.75,Call,182.5,0.5,24.73,34.4007,-3,2283,63
25-Nov-2025,172.75,-,0,174.44,0,34.4007,10,1846,57
28-Oct-2025,172.75,Call,187.5,0.25,28.19,34.4007,8,443,52
28-Oct-2025,172.75,Put,177.5,5.5,24.27,34.4007,1,537,40
28-Oct-2025,172.75,Put,167.5,1,25.1,34.4007,-5,832,33
28-Oct-2025,172.75,Put,155,0.15,34.54,34.4007,22,770,31
28-Oct-2025,172.75,Put,152.5,0.1,36.1,34.4007,0,133,27
28-Oct-2025,172.75,Put,162.5,0.35,26.91,34.4007,0,551,24
25-Nov-2025,172.75,Call,180,3.2,23.16,34.4007,3,375,16
28-Oct-2025,172.75,Put,180,7.35,25.39,34.4007,2,823,14
28-Oct-2025,172.75,Put,150,0.1,40.02,34.4007,0,1671,11
25-Nov-2025,172.75,Put,170,3.4,24.53,34.4007,-3,257,11
28-Oct-2025,172.75,Put,140,0.05,50.92,34.4007,0,80,10
28-Oct-2025,172.75,Call,167.5,6.8,24.45,34.4007,1,295,9
25-Nov-2025,172.75,Call,175,5.05,22.73,34.4007,0,179,7
28-Oct-2025,172.75,Put,157.5,0.2,32.18,34.4007,-3,282,6
28-Oct-2025,172.75,Put,147.5,0.05,39.79,34.4007,0,343,6
25-Nov-2025,172.75,Call,190,1.15,24.21,34.4007,4,281,6
30-Dec-2025,172.75,-,0,175.24,0,34.4007,0,195,5
25-Nov-2025,172.75,Put,175,5.75,24.56,34.4007,0,124,5
25-Nov-2025,172.75,Put,160,1.05,25.33,34.4007,0,371,5
28-Oct-2025,172.75,Call,200,0.1,35.02,34.4007,0,1272,4
28-Oct-2025,172.75,Call,165,8.75,22.9,34.4007,0,333,3
25-Nov-2025,172.75,Call,170,7.65,22.1,34.4007,0,105,3
28-Oct-2025,172.75,Call,162.5,11.3,28.91,34.4007,0,69,2
28-Oct-2025,172.75,Put,182.5,9.75,26.98,34.4007,0,83,2
25-Nov-2025,172.75,Call,195,0.65,25.01,34.4007,0,85,2
25-Nov-2025,172.75,Call,185,1.95,24,34.4007,0,207,2
28-Oct-2025,172.75,Put,185,11.9,25.84,34.4007,0,236,1
25-Nov-2025,172.75,Call,200,0.45,26.73,34.4007,0,145,1
28-Oct-2025,172.75,Put,192.5,0,0,34.4007,0,0,0
28-Oct-2025,172.75,Call,135,0,0,34.4007,0,7,0
28-Oct-2025,172.75,Put,195,0,0,34.4007,0,66,0
28-Oct-2025,172.75,Put,142.5,0,0,34.4007,0,18,0
28-Oct-2025,172.75,Call,147.5,0,0,34.4007,0,3,0
28-Oct-2025,172.75,Call,152.5,0,0,34.4007,0,20,0
28-Oct-2025,172.75,Call,130,0,0,34.4007,0,118,0
28-Oct-2025,172.75,Put,187.5,0,0,34.4007,0,49,0
28-Oct-2025,172.75,Put,145,0,0,34.4007,0,391,0
28-Oct-2025,172.75,Call,160,0,0,34.4007,0,328,0
28-Oct-2025,172.75,Put,130,0,0,34.4007,0,141,0
28-Oct-2025,172.75,Put,190,0,0,34.4007,0,117,0
28-Oct-2025,172.75,Call,145,0,0,34.4007,0,26,0
28-Oct-2025,172.75,Call,155,0,0,34.4007,0,155,0
25-Nov-2025,172.75,Put,130,0,0,34.4007,0,14,0
28-Oct-2025,172.75,Put,200,0,0,34.4007,0,27,0
25-Nov-2025,172.75,Call,160,0,0,34.4007,0,30,0
28-Oct-2025,172.75,Call,140,0,0,34.4007,0,66,0
25-Nov-2025,172.75,Call,162.5,0,0,34.4007,0,0,0
28-Oct-2025,172.75,Call,150,0,0,34.4007,0,115,0
25-Nov-2025,172.75,Put,177.5,0,0,34.4007,0,20,0
25-Nov-2025,172.75,Put,195,0,0,34.4007,0,0,0
25-Nov-2025,172.75,Put,155,0,0,34.4007,0,32,0
25-Nov-2025,172.75,Put,162.5,0,0,34.4007,0,0,0
25-Nov-2025,172.75,Call,155,0,0,34.4007,0,2,0
25-Nov-2025,172.75,Put,180,0,0,34.4007,0,64,0
28-Oct-2025,172.75,Call,192.5,0,0,34.4007,0,44,0
30-Dec-2025,172.75,Call,175,0,0,34.4007,0,0,0
25-Nov-2025,172.75,Put,152.5,0,0,34.4007,0,0,0
25-Nov-2025,172.75,Call,165,0,0,34.4007,0,37,0
25-Nov-2025,172.75,Put,150,0,0,34.4007,0,85,0
25-Nov-2025,172.75,Call,177.5,0,0,34.4007,0,4,0
25-Nov-2025,172.75,Put,185,0,0,34.4007,0,0,0
30-Dec-2025,172.75,Put,160,0,0,34.4007,0,3,0
25-Nov-2025,172.75,Put,200,0,0,34.4007,0,0,0
25-Nov-2025,172.75,Call,172.5,0,0,34.4007,0,9,0
25-Nov-2025,172.75,Call,182.5,0,0,34.4007,0,3,0
25-Nov-2025,172.75,Put,182.5,0,0,34.4007,0,0,0
25-Nov-2025,172.75,Put,157.5,0,0,34.4007,0,0,0
25-Nov-2025,172.75,Call,167.5,0,0,34.4007,0,5,0
25-Nov-2025,172.75,Call,187.5,0,0,34.4007,0,0,0
25-Nov-2025,172.75,Put,145,0,0,34.4007,0,2,0
30-Dec-2025,172.75,Put,210,0,0,34.4007,0,1,0
25-Nov-2025,172.75,Put,165,0,0,34.4007,0,256,0
30-Dec-2025,172.75,Put,170,0,0,34.4007,0,1,0
30-Dec-2025,172.75,Call,185,0,0,34.4007,0,1,0
30-Dec-2025,172.75,Put,175,0,0,34.4007,0,0,0
25-Nov-2025,172.75,Put,190,0,0,34.4007,0,24,0
30-Dec-2025,172.75,Call,180,0,0,34.4007,0,5,0
25-Nov-2025,172.75,Call,150,0,0,34.4007,0,3,0
28-Oct-2025,172.75,Call,157.5,0,0,34.4007,0,35,0
25-Nov-2025,172.75,Put,192.5,0,0,34.4007,0,0,0
25-Nov-2025,172.75,Call,130,0,0,34.4007,0,1,0
30-Dec-2025,172.75,Put,155,0,0,34.4007,0,0,0
25-Nov-2025,172.75,Call,152.5,0,0,34.4007,0,0,0
25-Nov-2025,172.75,Put,167.5,0,0,34.4007,0,4,0
30-Dec-2025,172.75,Call,170,0,0,34.4007,0,6,0
25-Nov-2025,172.75,Call,192.5,0,0,34.4007,0,0,0
30-Dec-2025,172.75,Call,200,0,0,34.4007,0,0,0
30-Dec-2025,172.75,Put,165,0,0,34.4007,0,5,0
25-Nov-2025,172.75,Call,157.5,0,0,34.4007,0,0,0
25-Nov-2025,172.75,Call,145,0,0,34.4007,0,0,0
30-Dec-2025,172.75,Call,190,0,0,34.4007,0,25,0
25-Nov-2025,172.75,Put,187.5,0,0,34.4007,0,0,0
30-Dec-2025,172.75,Put,180,0,0,34.4007,0,0,0
25-Nov-2025,172.75,Put,172.5,0,0,34.4007,0,23,0
