28-Oct-2025,399,Call,400,6,20.85,33.3193,-439,4458,8919
28-Oct-2025,399,Call,410,2.3,20.41,33.3193,137,1635,3709
28-Oct-2025,399,Call,405,3.75,20.23,33.3193,299,1319,3642
28-Oct-2025,399,-,0,400.15,0,33.3193,128,40571,3617
28-Oct-2025,399,Put,400,5.65,20.03,33.3193,93,1827,2699
28-Oct-2025,399,Put,390,2.15,20.63,33.3193,2,2367,2090
28-Oct-2025,399,Put,395,3.6,19.99,33.3193,79,1288,1836
28-Oct-2025,399,Call,420,0.85,21.55,33.3193,182,1941,1425
28-Oct-2025,399,Call,395,8.75,21.12,33.3193,-176,1449,1166
28-Oct-2025,399,Call,415,1.4,20.81,33.3193,177,814,1118
28-Oct-2025,399,Put,385,1.35,22.01,33.3193,101,1140,977
28-Oct-2025,399,Call,390,12.35,21.38,33.3193,-183,1750,916
28-Oct-2025,399,Put,380,0.9,23.63,33.3193,-111,1212,753
25-Nov-2025,399,-,0,402.65,0,33.3193,166,1538,667
28-Oct-2025,399,Put,410,11.8,20.18,33.3193,408,918,611
28-Oct-2025,399,Put,405,8.4,19.98,33.3193,58,338,486
28-Oct-2025,399,Call,450,0.15,30.63,33.3193,-61,926,406
25-Nov-2025,399,Call,400,12.85,21.56,33.3193,84,418,345
25-Nov-2025,399,Call,410,8.8,22.14,33.3193,119,235,315
28-Oct-2025,399,Call,430,0.35,23.61,33.3193,1,519,231
28-Oct-2025,399,Put,375,0.65,25.67,33.3193,-6,495,205
28-Oct-2025,399,Put,370,0.55,28.54,33.3193,-68,528,169
28-Oct-2025,399,Put,360,0.3,32.21,33.3193,-38,767,162
28-Oct-2025,399,Call,425,0.55,22.66,33.3193,21,352,155
25-Nov-2025,399,Call,450,1.5,24.9,33.3193,62,127,104
28-Oct-2025,399,Call,385,16.6,21.64,33.3193,-3,788,100
25-Nov-2025,399,Call,420,5.6,22.43,33.3193,16,152,100
25-Nov-2025,399,Put,390,6.2,22.51,33.3193,18,74,90
28-Oct-2025,399,Call,380,21.45,25.42,33.3193,-14,340,69
25-Nov-2025,399,Put,370,2,23.54,33.3193,-5,123,62
28-Oct-2025,399,Put,420,20.25,20.26,33.3193,-8,1018,60
25-Nov-2025,399,Call,430,3.7,23.44,33.3193,-8,113,53
30-Dec-2025,399,-,0,404.85,0,33.3193,11,120,50
25-Nov-2025,399,Put,400,10,22.16,33.3193,-12,98,48
25-Nov-2025,399,Put,380,3.5,22.65,33.3193,-3,230,47
28-Oct-2025,399,Put,415,15.9,20.34,33.3193,-8,98,45
28-Oct-2025,399,Call,440,0.2,26.78,33.3193,-1,771,37
28-Oct-2025,399,Call,375,26.2,27.21,33.3193,-3,60,33
28-Oct-2025,399,Put,365,0.4,30.32,33.3193,-13,307,32
28-Oct-2025,399,Put,430,29.8,22.32,33.3193,-9,538,30
28-Oct-2025,399,Put,440,39.45,0,33.3193,-15,938,30
28-Oct-2025,399,Call,370,30.95,30.01,33.3193,1,124,29
25-Nov-2025,399,Call,390,19.05,21.54,33.3193,-4,89,27
28-Oct-2025,399,Put,350,0.15,35.16,33.3193,0,425,26
25-Nov-2025,399,Put,420,22.5,23.56,33.3193,-1,62,26
25-Nov-2025,399,Call,425,4.5,22.81,33.3193,17,18,21
25-Nov-2025,399,Call,440,2.3,23.97,33.3193,7,64,20
28-Oct-2025,399,Put,425,24.8,19.09,33.3193,-5,35,18
25-Nov-2025,399,Put,430,29.4,21.96,33.3193,13,24,17
25-Nov-2025,399,Put,440,38.75,25.08,33.3193,12,30,16
28-Oct-2025,399,Put,460,59.4,0,33.3193,-1,133,10
28-Oct-2025,399,Call,435,0.3,25.85,33.3193,0,63,9
25-Nov-2025,399,Call,405,10.8,21.88,33.3193,3,13,9
25-Nov-2025,399,Put,410,15.3,22.17,33.3193,5,34,9
25-Nov-2025,399,Call,460,0.95,25.62,33.3193,4,7,8
25-Nov-2025,399,Call,415,7,22.17,33.3193,2,3,7
25-Nov-2025,399,Put,395,7.85,22.15,33.3193,4,12,7
25-Nov-2025,399,Put,360,1.1,24.45,33.3193,3,14,6
25-Nov-2025,399,Put,425,24.45,19.47,33.3193,2,2,5
25-Nov-2025,399,Put,340,0.55,29.26,33.3193,2,36,5
28-Oct-2025,399,Put,355,0.25,34.62,33.3193,2,134,4
28-Oct-2025,399,Call,365,35.75,31.75,33.3193,0,69,4
25-Nov-2025,399,Call,395,16.15,22.04,33.3193,2,8,4
25-Nov-2025,399,Call,385,23.9,24.78,33.3193,-1,1,3
25-Nov-2025,399,Put,405,12.2,21.62,33.3193,1,1,3
28-Oct-2025,399,Put,340,0.1,39.42,33.3193,0,188,2
30-Dec-2025,399,Call,430,7.7,22.23,33.3193,0,5,2
28-Oct-2025,399,Put,320,0.1,52.12,33.3193,0,68,1
28-Oct-2025,399,Put,330,0.05,42.09,33.3193,0,31,1
25-Nov-2025,399,Put,415,17.6,20.49,33.3193,0,0,1
25-Nov-2025,399,Call,380,26.8,22.95,33.3193,0,7,1
30-Dec-2025,399,Call,440,4.8,21.26,33.3193,0,11,1
28-Oct-2025,399,Call,320,0,0,33.3193,0,11,0
28-Oct-2025,399,Put,345,0,0,33.3193,0,0,0
28-Oct-2025,399,Call,330,0,0,33.3193,0,15,0
28-Oct-2025,399,Put,450,0,0,33.3193,0,384,0
28-Oct-2025,399,Call,350,0,0,33.3193,0,46,0
28-Oct-2025,399,Call,335,0,0,33.3193,0,19,0
28-Oct-2025,399,Call,345,0,0,33.3193,0,15,0
28-Oct-2025,399,Call,355,0,0,33.3193,0,42,0
28-Oct-2025,399,Put,435,0,0,33.3193,0,11,0
28-Oct-2025,399,Call,360,0,0,33.3193,0,105,0
28-Oct-2025,399,Call,460,0,0,33.3193,0,73,0
25-Nov-2025,399,Call,330,0,0,33.3193,0,52,0
25-Nov-2025,399,Call,350,0,0,33.3193,0,1,0
25-Nov-2025,399,Call,370,0,0,33.3193,0,10,0
25-Nov-2025,399,Call,340,0,0,33.3193,0,1,0
25-Nov-2025,399,Put,365,0,0,33.3193,0,0,0
25-Nov-2025,399,Put,375,0,0,33.3193,0,0,0
25-Nov-2025,399,Call,360,0,0,33.3193,0,1,0
25-Nov-2025,399,Put,355,0,0,33.3193,0,0,0
25-Nov-2025,399,Put,385,0,0,33.3193,0,0,0
25-Nov-2025,399,Call,365,0,0,33.3193,0,0,0
25-Nov-2025,399,Call,355,0,0,33.3193,0,0,0
25-Nov-2025,399,Call,375,0,0,33.3193,0,11,0
25-Nov-2025,399,Put,345,0,0,33.3193,0,0,0
25-Nov-2025,399,Call,435,0,0,33.3193,0,0,0
25-Nov-2025,399,Put,435,0,0,33.3193,0,0,0
25-Nov-2025,399,Put,330,0,0,33.3193,0,0,0
25-Nov-2025,399,Put,450,0,0,33.3193,0,1,0
25-Nov-2025,399,Put,350,0,0,33.3193,0,37,0
30-Dec-2025,399,Call,460,0,0,33.3193,0,0,0
25-Nov-2025,399,Call,345,0,0,33.3193,0,0,0
30-Dec-2025,399,Put,400,0,0,33.3193,0,0,0
30-Dec-2025,399,Put,420,0,0,33.3193,0,0,0
30-Dec-2025,399,Put,390,0,0,33.3193,0,0,0
30-Dec-2025,399,Call,390,0,0,33.3193,0,1,0
30-Dec-2025,399,Put,350,0,0,33.3193,0,0,0
30-Dec-2025,399,Call,420,0,0,33.3193,0,0,0
30-Dec-2025,399,Call,400,0,0,33.3193,0,6,0
30-Dec-2025,399,Call,410,0,0,33.3193,0,0,0
30-Dec-2025,399,Put,380,0,0,33.3193,0,0,0
30-Dec-2025,399,Put,360,0,0,33.3193,0,0,0
30-Dec-2025,399,Put,340,0,0,33.3193,0,0,0
30-Dec-2025,399,Put,370,0,0,33.3193,0,0,0
28-Oct-2025,399,Call,340,0,0,33.3193,0,5,0
30-Dec-2025,399,Put,410,0,0,33.3193,0,0,0
25-Nov-2025,399,Put,460,0,0,33.3193,0,0,0
