28-Oct-2025,397.9,Call,400,8.1,29.89,35.7837,674,11976,33930
28-Oct-2025,397.9,-,0,397.6,0,35.7837,3320,41533,17156
28-Oct-2025,397.9,Call,420,3.1,35.07,35.7837,-483,7404,12699
28-Oct-2025,397.9,Call,410,5,32.16,35.7837,-470,5694,12098
28-Oct-2025,397.9,Call,390,13.45,28.8,35.7837,-454,2513,10728
28-Oct-2025,397.9,Put,390,5.7,33.86,35.7837,588,3380,9816
28-Oct-2025,397.9,Put,400,10.45,34.98,35.7837,715,3536,8409
28-Oct-2025,397.9,Put,380,3.1,34.73,35.7837,573,2703,7449
28-Oct-2025,397.9,Call,450,0.8,42.28,35.7837,31,6732,6802
28-Oct-2025,397.9,Call,430,1.95,37.78,35.7837,-218,4555,5953
25-Nov-2025,397.9,-,0,400,0,35.7837,1842,10876,5695
28-Oct-2025,397.9,Call,440,1.25,40.18,35.7837,-76,5015,5162
28-Oct-2025,397.9,Call,470,0.4,48.37,35.7837,-49,5603,5001
28-Oct-2025,397.9,Put,370,1.65,37.03,35.7837,-43,1571,4164
28-Oct-2025,397.9,Put,350,0.65,44.27,35.7837,225,2903,3426
28-Oct-2025,397.9,Call,460,0.55,45.5,35.7837,-184,3589,3393
28-Oct-2025,397.9,Put,360,1,40.25,35.7837,348,1765,3252
28-Oct-2025,397.9,Call,380,20.6,27.51,35.7837,-30,742,2383
28-Oct-2025,397.9,Call,480,0.3,48.67,35.7837,354,841,2105
25-Nov-2025,397.9,Call,400,19.9,35.78,35.7837,150,1603,1852
28-Oct-2025,397.9,Put,410,17.3,37.61,35.7837,141,1227,1550
28-Oct-2025,397.9,Put,340,0.5,49.58,35.7837,220,3317,1509
28-Oct-2025,397.9,Call,500,0.15,53.75,35.7837,193,1228,1330
28-Oct-2025,397.9,Put,330,0.3,52.52,35.7837,-34,1377,1114
28-Oct-2025,397.9,Put,320,0.15,54.12,35.7837,114,657,814
28-Oct-2025,397.9,Put,420,25.65,41.89,35.7837,55,619,646
25-Nov-2025,397.9,Call,420,11.85,36.35,35.7837,90,968,626
25-Nov-2025,397.9,Call,450,5.45,38.33,35.7837,123,1411,584
25-Nov-2025,397.9,Call,430,9,36.61,35.7837,155,654,491
30-Dec-2025,397.9,-,0,402.9,0,35.7837,58,1813,485
28-Oct-2025,397.9,Call,370,29.1,23.99,35.7837,40,218,457
25-Nov-2025,397.9,Call,410,15.4,36.19,35.7837,191,509,447
25-Nov-2025,397.9,Call,470,3.3,39.96,35.7837,-20,579,412
25-Nov-2025,397.9,Put,400,19.65,39.24,35.7837,85,783,292
25-Nov-2025,397.9,Call,390,25,35.9,35.7837,21,293,288
25-Nov-2025,397.9,Put,350,4.25,41.73,35.7837,112,443,265
25-Nov-2025,397.9,Call,460,4.2,39.04,35.7837,129,304,263
28-Oct-2025,397.9,Put,430,34.1,44.02,35.7837,145,262,254
28-Oct-2025,397.9,Put,300,0.1,64.63,35.7837,-77,436,209
25-Nov-2025,397.9,Put,390,14.8,38.99,35.7837,76,347,207
25-Nov-2025,397.9,Call,440,7.1,37.7,35.7837,5,310,177
25-Nov-2025,397.9,Call,500,1.7,42.95,35.7837,62,191,172
25-Nov-2025,397.9,Put,300,0.75,48.58,35.7837,78,133,155
25-Nov-2025,397.9,Put,380,11.1,39.42,35.7837,15,215,145
28-Oct-2025,397.9,Call,350,47.1,0,35.7837,12,93,127
25-Nov-2025,397.9,Call,380,30.95,35.41,35.7837,32,133,124
25-Nov-2025,397.9,Put,370,8.15,39.84,35.7837,24,121,101
28-Oct-2025,397.9,Call,360,38.4,0,35.7837,52,113,99
25-Nov-2025,397.9,Put,340,3,42.73,35.7837,-5,124,90
25-Nov-2025,397.9,Put,360,5.8,40.42,35.7837,24,86,56
30-Dec-2025,397.9,Call,400,28.4,35.84,35.7837,-23,62,53
25-Nov-2025,397.9,Call,480,2.55,40.64,35.7837,16,28,48
28-Oct-2025,397.9,Put,440,43.55,49.15,35.7837,21,86,45
28-Oct-2025,397.9,Put,450,53.5,56.43,35.7837,17,208,45
25-Nov-2025,397.9,Put,330,2.15,44.13,35.7837,8,160,43
25-Nov-2025,397.9,Put,410,25.5,40.14,35.7837,30,78,42
28-Oct-2025,397.9,Put,460,63.05,60.35,35.7837,28,85,33
25-Nov-2025,397.9,Put,420,32.2,41.25,35.7837,20,49,31
28-Oct-2025,397.9,Put,470,72.5,64.99,35.7837,0,82,26
30-Dec-2025,397.9,Put,400,25,38.93,35.7837,3,22,20
25-Nov-2025,397.9,Call,370,38,35.67,35.7837,5,14,19
30-Dec-2025,397.9,Call,440,14.15,36.03,35.7837,-4,59,19
30-Dec-2025,397.9,Call,420,20.05,36.17,35.7837,12,41,15
25-Nov-2025,397.9,Put,470,72.5,46.02,35.7837,10,10,13
25-Nov-2025,397.9,Put,500,101,53.1,35.7837,10,101,12
30-Dec-2025,397.9,Put,360,10,39.37,35.7837,8,20,12
25-Nov-2025,397.9,Put,450,54.75,42.84,35.7837,4,16,6
25-Nov-2025,397.9,Put,430,38.55,40.4,35.7837,3,3,4
28-Oct-2025,397.9,Put,480,81,44.27,35.7837,2,2,3
25-Nov-2025,397.9,Call,350,53.4,33.26,35.7837,1,1,2
25-Nov-2025,397.9,Put,320,1.65,46.39,35.7837,0,0,1
25-Nov-2025,397.9,Call,320,80.2,0,35.7837,0,0,1
25-Nov-2025,397.9,Put,440,46.25,41.17,35.7837,0,2,1
28-Oct-2025,397.9,Call,340,0,0,35.7837,0,0,0
28-Oct-2025,397.9,Call,330,0,0,35.7837,0,0,0
28-Oct-2025,397.9,Put,500,0,0,35.7837,0,11,0
25-Nov-2025,397.9,Put,480,0,0,35.7837,0,21,0
28-Oct-2025,397.9,Call,320,0,0,35.7837,0,0,0
30-Dec-2025,397.9,Put,280,0,0,35.7837,0,0,0
25-Nov-2025,397.9,Call,340,0,0,35.7837,0,0,0
25-Nov-2025,397.9,Call,360,0,0,35.7837,0,0,0
30-Dec-2025,397.9,Put,340,0,0,35.7837,0,0,0
25-Nov-2025,397.9,Call,300,0,0,35.7837,0,1,0
28-Oct-2025,397.9,Call,300,0,0,35.7837,0,0,0
25-Nov-2025,397.9,Put,460,0,0,35.7837,0,0,0
25-Nov-2025,397.9,Call,330,0,0,35.7837,0,0,0
30-Dec-2025,397.9,Call,460,0,0,35.7837,0,0,0
30-Dec-2025,397.9,Call,380,0,0,35.7837,0,0,0
30-Dec-2025,397.9,Put,320,0,0,35.7837,0,0,0
30-Dec-2025,397.9,Put,380,0,0,35.7837,0,0,0
30-Dec-2025,397.9,Call,480,0,0,35.7837,0,0,0
30-Dec-2025,397.9,Put,420,0,0,35.7837,0,0,0
30-Dec-2025,397.9,Call,520,0,0,35.7837,0,0,0
30-Dec-2025,397.9,Put,440,0,0,35.7837,0,0,0
