28-Oct-2025,2554.4,Call,2550,74.15,29.09,49.8639,338,1787,2430
28-Oct-2025,2554.4,Call,2600,52.35,29.32,49.8639,21,6755,2173
28-Oct-2025,2554.4,-,0,2567.8,0,49.8639,120,46852,1332
28-Oct-2025,2554.4,Call,2700,24.7,31.11,49.8639,-27,3004,736
28-Oct-2025,2554.4,Call,2560,68.9,28.83,49.8639,23,441,650
28-Oct-2025,2554.4,Call,2650,35.8,30.07,49.8639,-134,1541,492
28-Oct-2025,2554.4,Put,2550,56,28.67,49.8639,105,1085,474
28-Oct-2025,2554.4,Put,2500,36,28.81,49.8639,6,2344,374
28-Oct-2025,2554.4,Call,2800,12.8,33.97,49.8639,-54,2515,349
28-Oct-2025,2554.4,Call,2500,103.95,28.27,49.8639,10,2392,329
28-Oct-2025,2554.4,Call,2540,80.05,28.49,49.8639,8,250,325
28-Oct-2025,2554.4,Put,2560,61.2,28.78,49.8639,51,368,317
28-Oct-2025,2554.4,Call,3000,4.45,40.92,49.8639,121,2119,286
28-Oct-2025,2554.4,Call,2580,59.2,29.08,49.8639,25,483,248
28-Oct-2025,2554.4,Put,2600,83.95,29.1,49.8639,-13,1938,227
28-Oct-2025,2554.4,Call,2900,7.15,37.36,49.8639,-8,1024,182
28-Oct-2025,2554.4,Put,2540,52.25,28.65,49.8639,20,223,159
28-Oct-2025,2554.4,Call,2640,38.15,29.7,49.8639,12,313,141
28-Oct-2025,2554.4,Put,2450,22.5,28.88,49.8639,4,797,127
28-Oct-2025,2554.4,Call,2620,44.45,29.82,49.8639,16,455,126
25-Nov-2025,2554.4,-,0,2582,0,49.8639,50,1006,116
28-Oct-2025,2554.4,Put,2400,14.6,30.84,49.8639,4,1289,109
28-Oct-2025,2554.4,Put,2520,42.55,27.82,49.8639,19,244,93
28-Oct-2025,2554.4,Put,2580,72.6,28.9,49.8639,14,360,91
28-Oct-2025,2554.4,Call,2750,17,32.32,49.8639,-13,597,91
28-Oct-2025,2554.4,Call,2850,9.25,35.78,49.8639,-13,384,91
28-Oct-2025,2554.4,Call,2520,89.35,29.56,49.8639,1,201,82
28-Oct-2025,2554.4,Call,2680,29,31.19,49.8639,24,150,68
28-Oct-2025,2554.4,Put,2350,9.75,32.67,49.8639,-7,283,54
28-Oct-2025,2554.4,Put,2300,7.15,35.25,49.8639,13,994,49
28-Oct-2025,2554.4,Put,2620,95.85,28.53,49.8639,-20,226,45
28-Oct-2025,2554.4,Call,2720,21,32.39,49.8639,3,107,38
28-Oct-2025,2554.4,Put,2460,25.45,28.91,49.8639,1,61,38
28-Oct-2025,2554.4,Put,2380,12.45,31.63,49.8639,11,69,28
25-Nov-2025,2554.4,Call,3000,19.2,34.98,49.8639,-1,220,27
28-Oct-2025,2554.4,Put,2340,9,33.07,49.8639,8,56,25
28-Oct-2025,2554.4,Put,2200,4.15,41.2,49.8639,10,768,25
28-Oct-2025,2554.4,Call,2920,6.4,38.23,49.8639,1,49,19
28-Oct-2025,2554.4,Put,2800,249.1,36.74,49.8639,2,745,19
28-Oct-2025,2554.4,Put,2480,29.85,29.1,49.8639,1,257,18
28-Oct-2025,2554.4,Call,2950,5.6,39.23,49.8639,-1,148,18
25-Nov-2025,2554.4,Put,2600,125,32.45,49.8639,0,91,17
28-Oct-2025,2554.4,Put,2640,111.6,29.75,49.8639,-1,160,16
28-Oct-2025,2554.4,Call,2880,8.15,37.15,49.8639,-2,109,15
28-Oct-2025,2554.4,Put,2700,158.85,31.6,49.8639,4,767,14
28-Oct-2025,2554.4,Call,3100,2.8,44.13,49.8639,4,717,14
28-Oct-2025,2554.4,Call,2840,10.1,35.73,49.8639,4,73,13
28-Oct-2025,2554.4,Call,2660,32,29.99,49.8639,0,153,13
28-Oct-2025,2554.4,Call,2820,11,34.76,49.8639,1,107,12
28-Oct-2025,2554.4,Put,2650,113.05,27.06,49.8639,-6,436,12
25-Nov-2025,2554.4,Call,2800,46.9,33.34,49.8639,3,91,12
28-Oct-2025,2554.4,Put,2100,2.6,47.19,49.8639,-1,344,11
28-Oct-2025,2554.4,Put,2250,5.15,37.91,49.8639,2,116,11
28-Oct-2025,2554.4,Call,2740,19.05,32.72,49.8639,-3,74,9
28-Oct-2025,2554.4,Call,2760,16.35,33.07,49.8639,1,46,8
30-Dec-2025,2554.4,-,0,2597.6,0,49.8639,2,58,5
28-Oct-2025,2554.4,Put,2420,17,29.79,49.8639,0,31,5
28-Oct-2025,2554.4,Call,2400,184,34,49.8639,0,329,5
25-Nov-2025,2554.4,Call,2600,106,31.21,49.8639,0,117,5
28-Oct-2025,2554.4,Put,2000,1.45,52.07,49.8639,0,256,4
25-Nov-2025,2554.4,Call,2500,158.15,31.23,49.8639,2,63,4
25-Nov-2025,2554.4,Put,2200,15.65,36.56,49.8639,1,125,4
28-Oct-2025,2554.4,Call,2480,117.25,29.76,49.8639,1,108,3
28-Oct-2025,2554.4,Put,2900,339.8,37.38,49.8639,0,407,2
28-Oct-2025,2554.4,Put,2440,21.3,29.8,49.8639,-1,53,2
28-Oct-2025,2554.4,Call,2450,141,31.12,49.8639,0,213,2
28-Oct-2025,2554.4,Put,3000,432.75,28.72,49.8639,1,57,2
25-Nov-2025,2554.4,Put,2500,81.55,33.47,49.8639,0,53,2
25-Nov-2025,2554.4,Call,2540,136,31.33,49.8639,0,3,2
28-Oct-2025,2554.4,Put,2780,223.6,30.31,49.8639,0,1,1
25-Nov-2025,2554.4,Call,2700,71,32.27,49.8639,0,29,1
28-Oct-2025,2554.4,Put,2840,0,0,49.8639,0,1,0
28-Oct-2025,2554.4,Put,3100,0,0,49.8639,0,45,0
28-Oct-2025,2554.4,Put,1800,0,0,49.8639,0,60,0
28-Oct-2025,2554.4,Put,2850,0,0,49.8639,0,5,0
28-Oct-2025,2554.4,Put,2880,0,0,49.8639,0,0,0
28-Oct-2025,2554.4,Call,2300,0,0,49.8639,0,215,0
28-Oct-2025,2554.4,Put,2660,0,0,49.8639,0,71,0
28-Oct-2025,2554.4,Put,2680,0,0,49.8639,0,29,0
28-Oct-2025,2554.4,Call,2240,0,0,49.8639,0,0,0
28-Oct-2025,2554.4,Call,2320,0,0,49.8639,0,0,0
28-Oct-2025,2554.4,Call,2380,0,0,49.8639,0,0,0
28-Oct-2025,2554.4,Put,2720,0,0,49.8639,0,0,0
28-Oct-2025,2554.4,Call,2280,0,0,49.8639,0,0,0
28-Oct-2025,2554.4,Put,2760,0,0,49.8639,0,0,0
28-Oct-2025,2554.4,Put,2740,0,0,49.8639,0,1,0
28-Oct-2025,2554.4,Call,2360,0,0,49.8639,0,0,0
28-Oct-2025,2554.4,Call,2160,0,0,49.8639,0,0,0
28-Oct-2025,2554.4,Put,2160,0,0,49.8639,0,0,0
28-Oct-2025,2554.4,Call,2460,0,0,49.8639,0,34,0
28-Oct-2025,2554.4,Put,2280,0,0,49.8639,0,89,0
28-Oct-2025,2554.4,Put,2240,0,0,49.8639,0,55,0
28-Oct-2025,2554.4,Call,2440,0,0,49.8639,0,3,0
28-Oct-2025,2554.4,Call,2420,0,0,49.8639,0,16,0
28-Oct-2025,2554.4,Call,2340,0,0,49.8639,0,15,0
28-Oct-2025,2554.4,Put,2320,0,0,49.8639,0,40,0
28-Oct-2025,2554.4,Put,2360,0,0,49.8639,0,29,0
28-Oct-2025,2554.4,Call,2780,0,0,49.8639,0,0,0
28-Oct-2025,2554.4,Call,2200,0,0,49.8639,0,2,0
28-Oct-2025,2554.4,Call,2960,0,0,49.8639,0,1,0
28-Oct-2025,2554.4,Put,2820,0,0,49.8639,0,0,0
28-Oct-2025,2554.4,Put,2920,0,0,49.8639,0,0,0
28-Oct-2025,2554.4,Call,2100,0,0,49.8639,0,12,0
28-Oct-2025,2554.4,Put,2960,0,0,49.8639,0,0,0
28-Oct-2025,2554.4,Call,2350,0,0,49.8639,0,31,0
28-Oct-2025,2554.4,Put,2150,0,0,49.8639,0,89,0
28-Oct-2025,2554.4,Put,2750,0,0,49.8639,0,31,0
25-Nov-2025,2554.4,Put,2240,0,0,49.8639,0,0,0
25-Nov-2025,2554.4,Call,2840,0,0,49.8639,0,1,0
25-Nov-2025,2554.4,Put,2720,0,0,49.8639,0,0,0
25-Nov-2025,2554.4,Call,2400,0,0,49.8639,0,0,0
25-Nov-2025,2554.4,Call,2920,0,0,49.8639,0,0,0
25-Nov-2025,2554.4,Call,2960,0,0,49.8639,0,0,0
25-Nov-2025,2554.4,Call,2780,0,0,49.8639,0,0,0
25-Nov-2025,2554.4,Call,2660,0,0,49.8639,0,0,0
25-Nov-2025,2554.4,Call,2740,0,0,49.8639,0,0,0
25-Nov-2025,2554.4,Call,2760,0,0,49.8639,0,0,0
25-Nov-2025,2554.4,Put,2740,0,0,49.8639,0,0,0
25-Nov-2025,2554.4,Call,2300,0,0,49.8639,0,1,0
25-Nov-2025,2554.4,Put,2780,0,0,49.8639,0,0,0
25-Nov-2025,2554.4,Put,2520,0,0,49.8639,0,0,0
25-Nov-2025,2554.4,Put,2560,0,0,49.8639,0,0,0
25-Nov-2025,2554.4,Call,2580,0,0,49.8639,0,0,0
25-Nov-2025,2554.4,Put,2580,0,0,49.8639,0,0,0
25-Nov-2025,2554.4,Call,2640,0,0,49.8639,0,0,0
25-Nov-2025,2554.4,Put,2640,0,0,49.8639,0,0,0
25-Nov-2025,2554.4,Call,2460,0,0,49.8639,0,0,0
25-Nov-2025,2554.4,Call,2880,0,0,49.8639,0,2,0
25-Nov-2025,2554.4,Call,2380,0,0,49.8639,0,0,0
25-Nov-2025,2554.4,Call,2160,0,0,49.8639,0,0,0
25-Nov-2025,2554.4,Put,2460,0,0,49.8639,0,0,0
25-Nov-2025,2554.4,Put,2540,0,0,49.8639,0,0,0
25-Nov-2025,2554.4,Call,2560,0,0,49.8639,0,0,0
25-Nov-2025,2554.4,Call,2620,0,0,49.8639,0,0,0
25-Nov-2025,2554.4,Call,2520,0,0,49.8639,0,0,0
25-Nov-2025,2554.4,Put,2840,0,0,49.8639,0,0,0
25-Nov-2025,2554.4,Put,2380,0,0,49.8639,0,0,0
25-Nov-2025,2554.4,Put,2480,0,0,49.8639,0,0,0
25-Nov-2025,2554.4,Call,2360,0,0,49.8639,0,0,0
30-Dec-2025,2554.4,Call,2600,0,0,49.8639,0,0,0
25-Nov-2025,2554.4,Call,2200,0,0,49.8639,0,0,0
25-Nov-2025,2554.4,Put,2660,0,0,49.8639,0,0,0
25-Nov-2025,2554.4,Call,2720,0,0,49.8639,0,0,0
25-Nov-2025,2554.4,Put,2880,0,0,49.8639,0,0,0
25-Nov-2025,2554.4,Put,2340,0,0,49.8639,0,0,0
25-Nov-2025,2554.4,Put,2280,0,0,49.8639,0,0,0
30-Dec-2025,2554.4,Put,2720,0,0,49.8639,0,0,0
30-Dec-2025,2554.4,Call,2640,0,0,49.8639,0,0,0
30-Dec-2025,2554.4,Put,2560,0,0,49.8639,0,0,0
25-Nov-2025,2554.4,Call,2820,0,0,49.8639,0,0,0
25-Nov-2025,2554.4,Put,2620,0,0,49.8639,0,0,0
30-Dec-2025,2554.4,Call,2560,0,0,49.8639,0,0,0
25-Nov-2025,2554.4,Call,2340,0,0,49.8639,0,0,0
30-Dec-2025,2554.4,Call,2880,0,0,49.8639,0,0,0
25-Nov-2025,2554.4,Put,2800,0,0,49.8639,0,0,0
25-Nov-2025,2554.4,Call,2280,0,0,49.8639,0,0,0
25-Nov-2025,2554.4,Call,2240,0,0,49.8639,0,0,0
25-Nov-2025,2554.4,Put,2760,0,0,49.8639,0,0,0
30-Dec-2025,2554.4,Put,2680,0,0,49.8639,0,0,0
25-Nov-2025,2554.4,Call,2480,0,0,49.8639,0,0,0
30-Dec-2025,2554.4,Call,2760,0,0,49.8639,0,0,0
25-Nov-2025,2554.4,Call,2680,0,0,49.8639,0,0,0
30-Dec-2025,2554.4,Call,2800,0,0,49.8639,0,0,0
25-Nov-2025,2554.4,Put,2700,0,0,49.8639,0,12,0
30-Dec-2025,2554.4,Put,2480,0,0,49.8639,0,0,0
25-Nov-2025,2554.4,Put,2960,0,0,49.8639,0,0,0
25-Nov-2025,2554.4,Call,2320,0,0,49.8639,0,0,0
25-Nov-2025,2554.4,Put,2400,0,0,49.8639,0,0,0
25-Nov-2025,2554.4,Put,2320,0,0,49.8639,0,0,0
30-Dec-2025,2554.4,Put,2760,0,0,49.8639,0,0,0
30-Dec-2025,2554.4,Call,2680,0,0,49.8639,0,0,0
25-Nov-2025,2554.4,Put,2300,0,0,49.8639,0,0,0
30-Dec-2025,2554.4,Put,2600,0,0,49.8639,0,1,0
30-Dec-2025,2554.4,Put,2640,0,0,49.8639,0,0,0
30-Dec-2025,2554.4,Call,2720,0,0,49.8639,0,0,0
25-Nov-2025,2554.4,Put,2360,0,0,49.8639,0,1,0
30-Dec-2025,2554.4,Call,2520,0,0,49.8639,0,0,0
25-Nov-2025,2554.4,Put,2820,0,0,49.8639,0,0,0
25-Nov-2025,2554.4,Put,2680,0,0,49.8639,0,0,0
30-Dec-2025,2554.4,Call,2480,0,0,49.8639,0,0,0
25-Nov-2025,2554.4,Put,2920,0,0,49.8639,0,0,0
30-Dec-2025,2554.4,Put,2520,0,0,49.8639,0,0,0
30-Dec-2025,2554.4,Put,2400,0,0,49.8639,0,0,0
30-Dec-2025,2554.4,Put,2440,0,0,49.8639,0,0,0
