28-Oct-2025,2555.9,Call,2600,51.3,28.83,49.8639,0,6734,4872
28-Oct-2025,2555.9,Call,2550,74,28.7,49.8639,216,1665,4429
28-Oct-2025,2555.9,-,0,2570.9,0,49.8639,131,46863,3195
28-Oct-2025,2555.9,Call,2560,68.7,28.43,49.8639,120,538,1695
28-Oct-2025,2555.9,Call,2700,23.95,30.55,49.8639,-15,3016,1660
28-Oct-2025,2555.9,Put,2550,52.45,27.01,49.8639,192,1172,1132
28-Oct-2025,2555.9,Put,2500,33,26.95,49.8639,108,2446,993
28-Oct-2025,2555.9,Put,2560,57.65,27.06,49.8639,77,394,908
28-Oct-2025,2555.9,Call,2500,102.85,29.03,49.8639,14,2396,908
28-Oct-2025,2555.9,Call,2650,34.8,29.5,49.8639,-140,1535,857
28-Oct-2025,2555.9,Call,2800,12,33.56,49.8639,-56,2513,734
28-Oct-2025,2555.9,Call,2540,78.3,28.44,49.8639,29,271,589
28-Oct-2025,2555.9,Call,2580,59.1,28.54,49.8639,51,509,583
28-Oct-2025,2555.9,Put,2400,12.8,29.3,49.8639,85,1370,477
28-Oct-2025,2555.9,Call,3000,4.2,40.72,49.8639,118,2116,468
28-Oct-2025,2555.9,Put,2600,80.25,27.34,49.8639,6,1957,462
28-Oct-2025,2555.9,Call,2900,6.8,36.98,49.8639,17,1049,417
28-Oct-2025,2555.9,Put,2450,20.5,28,49.8639,-34,759,401
28-Oct-2025,2555.9,Put,2540,48.6,26.91,49.8639,48,251,400
28-Oct-2025,2555.9,Call,2640,37,29.28,49.8639,-10,291,281
28-Oct-2025,2555.9,Call,2620,43.8,28.98,49.8639,22,461,264
28-Oct-2025,2555.9,Put,2520,40,26.99,49.8639,40,265,244
25-Nov-2025,2555.9,-,0,2583.9,0,49.8639,66,1022,216
28-Oct-2025,2555.9,Put,2300,6,34.23,49.8639,42,1023,212
28-Oct-2025,2555.9,Put,2580,68.15,27.08,49.8639,29,375,205
28-Oct-2025,2555.9,Call,2750,16.6,32.01,49.8639,-13,597,194
28-Oct-2025,2555.9,Call,2520,90,28.53,49.8639,10,210,159
28-Oct-2025,2555.9,Put,2200,3.4,39.87,49.8639,-38,720,153
28-Oct-2025,2555.9,Call,2850,8.9,35.02,49.8639,-16,381,142
28-Oct-2025,2555.9,Put,2480,27.5,27.42,49.8639,11,267,136
28-Oct-2025,2555.9,Call,2680,27,30.99,49.8639,21,147,100
28-Oct-2025,2555.9,Put,2620,92.8,27.52,49.8639,-5,241,99
28-Oct-2025,2555.9,Call,3100,2.6,44.02,49.8639,21,734,94
28-Oct-2025,2555.9,Call,2720,20.9,31.42,49.8639,4,108,82
25-Nov-2025,2555.9,Call,2500,164,32.69,49.8639,58,119,82
28-Oct-2025,2555.9,Put,2350,8.55,31.88,49.8639,-16,274,80
28-Oct-2025,2555.9,Put,2380,10.8,30.23,49.8639,13,71,67
28-Oct-2025,2555.9,Put,2460,22.5,27.82,49.8639,3,63,55
28-Oct-2025,2555.9,Put,2650,114.05,28.04,49.8639,-33,409,54
28-Oct-2025,2555.9,Call,2450,142,26.41,49.8639,9,222,53
28-Oct-2025,2555.9,Put,2100,1.9,45.14,49.8639,5,350,44
28-Oct-2025,2555.9,Call,2950,5.25,38.73,49.8639,-15,134,44
25-Nov-2025,2555.9,Call,3000,18.5,34.51,49.8639,-7,214,44
28-Oct-2025,2555.9,Call,2660,32.5,30.03,49.8639,2,155,42
28-Oct-2025,2555.9,Put,2340,8.25,32.43,49.8639,8,56,40
28-Oct-2025,2555.9,Call,2920,6.05,37.63,49.8639,-13,35,39
30-Dec-2025,2555.9,-,0,2601.6,0,49.8639,24,80,36
28-Oct-2025,2555.9,Put,2800,240.1,21.6,49.8639,12,755,33
28-Oct-2025,2555.9,Put,2700,151.5,28.06,49.8639,8,771,33
25-Nov-2025,2555.9,Call,2600,108.8,31.71,49.8639,2,119,33
28-Oct-2025,2555.9,Call,2400,185,33.9,49.8639,7,336,32
25-Nov-2025,2555.9,Call,2800,46.3,33.22,49.8639,0,88,26
28-Oct-2025,2555.9,Call,2880,7.45,36.39,49.8639,-9,102,25
28-Oct-2025,2555.9,Put,2000,1.3,51.37,49.8639,-3,253,22
28-Oct-2025,2555.9,Put,2440,18.3,28.31,49.8639,5,59,21
28-Oct-2025,2555.9,Put,2640,114.35,31.49,49.8639,-2,159,21
25-Nov-2025,2555.9,Put,2600,130.7,34.22,49.8639,-5,86,20
28-Oct-2025,2555.9,Call,2480,116.8,29.02,49.8639,2,109,19
28-Oct-2025,2555.9,Put,2250,4.7,37.3,49.8639,7,121,18
28-Oct-2025,2555.9,Call,2820,10.35,34.12,49.8639,1,107,16
28-Oct-2025,2555.9,Call,2760,15,31.95,49.8639,-2,43,16
28-Oct-2025,2555.9,Put,2280,5.75,35.84,49.8639,-5,84,15
28-Oct-2025,2555.9,Call,2740,18.75,32.35,49.8639,0,77,15
28-Oct-2025,2555.9,Put,2420,15.45,28.9,49.8639,1,32,14
28-Oct-2025,2555.9,Call,2840,10.1,35.59,49.8639,4,73,13
28-Oct-2025,2555.9,Call,2300,267.15,26,49.8639,3,218,10
25-Nov-2025,2555.9,Put,2200,15.7,36.68,49.8639,2,126,10
25-Nov-2025,2555.9,Put,2500,77,32.28,49.8639,1,54,9
28-Oct-2025,2555.9,Put,2900,344.15,43.33,49.8639,0,407,6
28-Oct-2025,2555.9,Put,2750,201.5,33.83,49.8639,-2,29,6
28-Oct-2025,2555.9,Call,2460,131.9,29.52,49.8639,-1,33,5
25-Nov-2025,2555.9,Call,2700,70.25,31.9,49.8639,3,32,5
28-Oct-2025,2555.9,Put,2320,7.2,33.46,49.8639,-1,39,4
25-Nov-2025,2555.9,Call,2540,136.5,31.24,49.8639,1,4,4
28-Oct-2025,2555.9,Put,3000,432.75,35.05,49.8639,0,56,3
28-Oct-2025,2555.9,Put,2150,2.7,42.83,49.8639,0,89,3
28-Oct-2025,2555.9,Put,2780,223.6,31.33,49.8639,0,1,1
25-Nov-2025,2555.9,Put,2700,192.85,35,49.8639,0,12,1
28-Oct-2025,2555.9,Put,2880,0,0,49.8639,0,0,0
28-Oct-2025,2555.9,Put,3100,0,0,49.8639,0,45,0
28-Oct-2025,2555.9,Put,2360,0,0,49.8639,0,29,0
28-Oct-2025,2555.9,Put,2840,0,0,49.8639,0,1,0
28-Oct-2025,2555.9,Put,2660,0,0,49.8639,0,71,0
28-Oct-2025,2555.9,Call,2350,0,0,49.8639,0,31,0
28-Oct-2025,2555.9,Call,2100,0,0,49.8639,0,12,0
28-Oct-2025,2555.9,Call,2280,0,0,49.8639,0,0,0
28-Oct-2025,2555.9,Call,2360,0,0,49.8639,0,0,0
28-Oct-2025,2555.9,Call,2160,0,0,49.8639,0,0,0
28-Oct-2025,2555.9,Call,2320,0,0,49.8639,0,0,0
28-Oct-2025,2555.9,Call,2240,0,0,49.8639,0,0,0
28-Oct-2025,2555.9,Call,2420,0,0,49.8639,0,16,0
28-Oct-2025,2555.9,Call,2340,0,0,49.8639,0,15,0
28-Oct-2025,2555.9,Call,2380,0,0,49.8639,0,0,0
28-Oct-2025,2555.9,Put,2820,0,0,49.8639,0,0,0
28-Oct-2025,2555.9,Put,2920,0,0,49.8639,0,0,0
28-Oct-2025,2555.9,Put,2960,0,0,49.8639,0,0,0
28-Oct-2025,2555.9,Call,2780,0,0,49.8639,0,0,0
28-Oct-2025,2555.9,Call,2960,0,0,49.8639,0,1,0
28-Oct-2025,2555.9,Call,2440,0,0,49.8639,0,3,0
28-Oct-2025,2555.9,Put,2740,0,0,49.8639,0,1,0
28-Oct-2025,2555.9,Put,1800,0,0,49.8639,0,60,0
28-Oct-2025,2555.9,Put,2240,0,0,49.8639,0,55,0
28-Oct-2025,2555.9,Put,2760,0,0,49.8639,0,0,0
28-Oct-2025,2555.9,Put,2160,0,0,49.8639,0,0,0
28-Oct-2025,2555.9,Call,2200,0,0,49.8639,0,2,0
28-Oct-2025,2555.9,Put,2850,0,0,49.8639,0,5,0
25-Nov-2025,2555.9,Call,2780,0,0,49.8639,0,0,0
28-Oct-2025,2555.9,Put,2680,0,0,49.8639,0,29,0
28-Oct-2025,2555.9,Put,2720,0,0,49.8639,0,0,0
25-Nov-2025,2555.9,Put,2740,0,0,49.8639,0,0,0
25-Nov-2025,2555.9,Call,2340,0,0,49.8639,0,0,0
25-Nov-2025,2555.9,Call,2320,0,0,49.8639,0,0,0
25-Nov-2025,2555.9,Call,2920,0,0,49.8639,0,0,0
25-Nov-2025,2555.9,Call,2240,0,0,49.8639,0,0,0
25-Nov-2025,2555.9,Put,2280,0,0,49.8639,0,0,0
25-Nov-2025,2555.9,Call,2760,0,0,49.8639,0,0,0
25-Nov-2025,2555.9,Put,2840,0,0,49.8639,0,0,0
25-Nov-2025,2555.9,Call,2660,0,0,49.8639,0,0,0
25-Nov-2025,2555.9,Call,2960,0,0,49.8639,0,0,0
25-Nov-2025,2555.9,Call,2460,0,0,49.8639,0,0,0
25-Nov-2025,2555.9,Call,2520,0,0,49.8639,0,0,0
25-Nov-2025,2555.9,Call,2160,0,0,49.8639,0,0,0
25-Nov-2025,2555.9,Call,2420,0,0,49.8639,0,0,0
25-Nov-2025,2555.9,Call,2280,0,0,49.8639,0,0,0
25-Nov-2025,2555.9,Call,2400,0,0,49.8639,0,0,0
25-Nov-2025,2555.9,Call,2200,0,0,49.8639,0,0,0
25-Nov-2025,2555.9,Call,2560,0,0,49.8639,0,0,0
25-Nov-2025,2555.9,Call,2300,0,0,49.8639,0,1,0
25-Nov-2025,2555.9,Put,2540,0,0,49.8639,0,0,0
25-Nov-2025,2555.9,Call,2740,0,0,49.8639,0,0,0
25-Nov-2025,2555.9,Put,2460,0,0,49.8639,0,0,0
25-Nov-2025,2555.9,Put,2420,0,0,49.8639,0,0,0
25-Nov-2025,2555.9,Put,2780,0,0,49.8639,0,0,0
25-Nov-2025,2555.9,Call,2680,0,0,49.8639,0,0,0
25-Nov-2025,2555.9,Put,2880,0,0,49.8639,0,0,0
25-Nov-2025,2555.9,Put,2520,0,0,49.8639,0,0,0
25-Nov-2025,2555.9,Put,2680,0,0,49.8639,0,0,0
25-Nov-2025,2555.9,Call,2480,0,0,49.8639,0,0,0
25-Nov-2025,2555.9,Put,2560,0,0,49.8639,0,0,0
25-Nov-2025,2555.9,Put,2720,0,0,49.8639,0,0,0
25-Nov-2025,2555.9,Put,2480,0,0,49.8639,0,0,0
25-Nov-2025,2555.9,Call,2580,0,0,49.8639,0,0,0
25-Nov-2025,2555.9,Put,2580,0,0,49.8639,0,0,0
25-Nov-2025,2555.9,Put,2620,0,0,49.8639,0,0,0
25-Nov-2025,2555.9,Call,2640,0,0,49.8639,0,0,0
25-Nov-2025,2555.9,Put,2640,0,0,49.8639,0,0,0
25-Nov-2025,2555.9,Put,2660,0,0,49.8639,0,0,0
25-Nov-2025,2555.9,Put,2320,0,0,49.8639,0,0,0
25-Nov-2025,2555.9,Put,2340,0,0,49.8639,0,0,0
25-Nov-2025,2555.9,Put,2360,0,0,49.8639,0,1,0
25-Nov-2025,2555.9,Put,2240,0,0,49.8639,0,0,0
25-Nov-2025,2555.9,Call,2880,0,0,49.8639,0,2,0
25-Nov-2025,2555.9,Put,2400,0,0,49.8639,0,0,0
25-Nov-2025,2555.9,Put,2820,0,0,49.8639,0,0,0
25-Nov-2025,2555.9,Put,2920,0,0,49.8639,0,0,0
25-Nov-2025,2555.9,Call,2820,0,0,49.8639,0,0,0
30-Dec-2025,2555.9,Call,2720,0,0,49.8639,0,0,0
25-Nov-2025,2555.9,Put,2960,0,0,49.8639,0,0,0
25-Nov-2025,2555.9,Put,2800,0,0,49.8639,0,0,0
30-Dec-2025,2555.9,Put,2560,0,0,49.8639,0,0,0
30-Dec-2025,2555.9,Put,2400,0,0,49.8639,0,0,0
25-Nov-2025,2555.9,Call,2380,0,0,49.8639,0,0,0
25-Nov-2025,2555.9,Call,2720,0,0,49.8639,0,0,0
30-Dec-2025,2555.9,Call,2680,0,0,49.8639,0,0,0
30-Dec-2025,2555.9,Put,2680,0,0,49.8639,0,0,0
30-Dec-2025,2555.9,Call,2480,0,0,49.8639,0,0,0
25-Nov-2025,2555.9,Put,2300,0,0,49.8639,0,0,0
30-Dec-2025,2555.9,Call,2760,0,0,49.8639,0,0,0
30-Dec-2025,2555.9,Call,2800,0,0,49.8639,0,0,0
30-Dec-2025,2555.9,Put,2440,0,0,49.8639,0,0,0
30-Dec-2025,2555.9,Call,2560,0,0,49.8639,0,0,0
25-Nov-2025,2555.9,Put,2760,0,0,49.8639,0,0,0
30-Dec-2025,2555.9,Put,2520,0,0,49.8639,0,0,0
25-Nov-2025,2555.9,Put,2380,0,0,49.8639,0,0,0
30-Dec-2025,2555.9,Put,2640,0,0,49.8639,0,0,0
30-Dec-2025,2555.9,Call,2640,0,0,49.8639,0,0,0
30-Dec-2025,2555.9,Put,2760,0,0,49.8639,0,0,0
25-Nov-2025,2555.9,Call,2360,0,0,49.8639,0,0,0
30-Dec-2025,2555.9,Put,2720,0,0,49.8639,0,0,0
30-Dec-2025,2555.9,Call,2520,0,0,49.8639,0,0,0
30-Dec-2025,2555.9,Put,2600,0,0,49.8639,0,1,0
30-Dec-2025,2555.9,Call,2880,0,0,49.8639,0,0,0
30-Dec-2025,2555.9,Put,2480,0,0,49.8639,0,0,0
25-Nov-2025,2555.9,Call,2620,0,0,49.8639,0,0,0
30-Dec-2025,2555.9,Call,2600,0,0,49.8639,0,0,0
25-Nov-2025,2555.9,Call,2840,0,0,49.8639,0,1,0
