28-Oct-2025,7713,Call,7700,142,16.48,26.7111,54,771,1150
28-Oct-2025,7713,-,0,7759,0,26.7111,150,22346,905
28-Oct-2025,7713,Call,7800,91.3,16.4,26.7111,-15,789,900
28-Oct-2025,7713,Put,7700,86,16.51,26.7111,9,553,724
28-Oct-2025,7713,Call,7750,114.55,16.45,26.7111,38,294,512
28-Oct-2025,7713,Call,8000,32.95,16.63,26.7111,18,846,497
28-Oct-2025,7713,Call,8400,5.45,20.24,26.7111,-68,225,462
28-Oct-2025,7713,Call,7900,55,16.38,26.7111,4,347,439
28-Oct-2025,7713,Put,7500,30.15,17.22,26.7111,-33,339,332
28-Oct-2025,7713,Put,7600,51.55,16.71,26.7111,-6,516,331
28-Oct-2025,7713,Call,7650,173.25,16.24,26.7111,-2,197,269
28-Oct-2025,7713,Put,7650,67.2,16.75,26.7111,7,272,268
28-Oct-2025,7713,Put,7800,133.15,16.2,26.7111,5,126,197
28-Oct-2025,7713,Put,7400,17.85,18.35,26.7111,12,310,188
28-Oct-2025,7713,Call,7600,210.45,16.77,26.7111,12,451,174
28-Oct-2025,7713,Call,7850,70.8,16.24,26.7111,-14,116,123
28-Oct-2025,7713,Put,7550,39.75,16.89,26.7111,1,130,105
28-Oct-2025,7713,Call,8200,12.05,17.91,26.7111,-14,166,102
28-Oct-2025,7713,Put,7750,104.05,16.39,26.7111,2,114,86
28-Oct-2025,7713,Call,8100,18.85,17.01,26.7111,-9,225,83
28-Oct-2025,7713,Call,8300,7.5,19.1,26.7111,-17,133,81
25-Nov-2025,7713,-,0,7811.5,0,26.7111,24,267,61
28-Oct-2025,7713,Put,7300,11.35,19.25,26.7111,-14,221,52
28-Oct-2025,7713,Put,7000,4.65,24.85,26.7111,-25,261,50
28-Oct-2025,7713,Call,7950,44.55,16.77,26.7111,9,103,48
28-Oct-2025,7713,Call,8050,24.7,16.86,26.7111,-19,115,42
28-Oct-2025,7713,Put,7450,23.2,17.69,26.7111,14,105,29
28-Oct-2025,7713,Call,7500,285.4,14.04,26.7111,1,295,26
28-Oct-2025,7713,Call,8600,3.4,23.11,26.7111,0,15,25
28-Oct-2025,7713,Put,7350,12.9,18.7,26.7111,-4,93,24
28-Oct-2025,7713,Put,7850,160.65,15.58,26.7111,-3,58,20
28-Oct-2025,7713,Put,7100,5,21.95,26.7111,-2,66,18
25-Nov-2025,7713,Call,8900,13,22.07,26.7111,0,25,17
30-Dec-2025,7713,-,0,7849.5,0,26.7111,13,42,15
28-Oct-2025,7713,Call,7550,246.65,17.41,26.7111,-2,115,15
28-Oct-2025,7713,Put,7200,7.6,20.67,26.7111,5,16,13
25-Nov-2025,7713,Call,8800,15,21.17,26.7111,0,0,10
25-Nov-2025,7713,Call,8000,130,18.89,26.7111,7,8,8
28-Oct-2025,7713,Call,8500,3.8,21.29,26.7111,4,39,7
28-Oct-2025,7713,Call,8700,3,24.78,26.7111,0,11,6
28-Oct-2025,7713,Put,6800,1.4,25.71,26.7111,0,177,6
28-Oct-2025,7713,Put,8100,402.3,25.96,26.7111,-1,4,6
28-Oct-2025,7713,Call,8900,2.25,27.74,26.7111,1,60,6
28-Oct-2025,7713,Put,7250,8.45,20.78,26.7111,3,5,5
28-Oct-2025,7713,Put,7150,5.5,21.98,26.7111,2,10,5
28-Oct-2025,7713,Call,7400,371.35,18.02,26.7111,-2,102,5
25-Nov-2025,7713,Put,7500,97.7,20.45,26.7111,2,17,3
25-Nov-2025,7713,Call,7700,240.6,16.43,26.7111,0,3,1
28-Oct-2025,7713,Put,6500,0,0,26.7111,0,6,0
28-Oct-2025,7713,Call,8550,0,0,26.7111,0,4,0
28-Oct-2025,7713,Put,8000,0,0,26.7111,0,4,0
28-Oct-2025,7713,Put,7900,0,0,26.7111,0,31,0
28-Oct-2025,7713,Call,8800,0,0,26.7111,0,0,0
28-Oct-2025,7713,Call,7350,0,0,26.7111,0,27,0
28-Oct-2025,7713,Call,7450,0,0,26.7111,0,48,0
28-Oct-2025,7713,Put,7950,0,0,26.7111,0,0,0
28-Oct-2025,7713,Call,8150,0,0,26.7111,0,0,0
28-Oct-2025,7713,Put,8150,0,0,26.7111,0,0,0
28-Oct-2025,7713,Call,7000,0,0,26.7111,0,15,0
28-Oct-2025,7713,Call,7050,0,0,26.7111,0,0,0
28-Oct-2025,7713,Call,7150,0,0,26.7111,0,0,0
28-Oct-2025,7713,Call,7250,0,0,26.7111,0,0,0
28-Oct-2025,7713,Put,8400,0,0,26.7111,0,0,0
28-Oct-2025,7713,Put,8500,0,0,26.7111,0,0,0
28-Oct-2025,7713,Call,6950,0,0,26.7111,0,0,0
28-Oct-2025,7713,Put,6950,0,0,26.7111,0,5,0
28-Oct-2025,7713,Call,6500,0,0,26.7111,0,0,0
28-Oct-2025,7713,Put,6400,0,0,26.7111,0,0,0
28-Oct-2025,7713,Put,6700,0,0,26.7111,0,38,0
28-Oct-2025,7713,Put,8200,0,0,26.7111,0,6,0
28-Oct-2025,7713,Call,6600,0,0,26.7111,0,0,0
28-Oct-2025,7713,Call,6900,0,0,26.7111,0,0,0
28-Oct-2025,7713,Put,8800,0,0,26.7111,0,0,0
28-Oct-2025,7713,Put,8900,0,0,26.7111,0,0,0
28-Oct-2025,7713,Call,6200,0,0,26.7111,0,0,0
28-Oct-2025,7713,Put,6200,0,0,26.7111,0,0,0
25-Nov-2025,7713,Put,6700,0,0,26.7111,0,0,0
25-Nov-2025,7713,Call,7300,0,0,26.7111,0,0,0
25-Nov-2025,7713,Put,7700,0,0,26.7111,0,0,0
25-Nov-2025,7713,Put,8700,0,0,26.7111,0,0,0
28-Oct-2025,7713,Call,7200,0,0,26.7111,0,0,0
25-Nov-2025,7713,Put,6400,0,0,26.7111,0,0,0
25-Nov-2025,7713,Call,7800,0,0,26.7111,0,1,0
28-Oct-2025,7713,Call,8250,0,0,26.7111,0,1,0
25-Nov-2025,7713,Put,7800,0,0,26.7111,0,0,0
28-Oct-2025,7713,Put,8050,0,0,26.7111,0,5,0
28-Oct-2025,7713,Call,7300,0,0,26.7111,0,64,0
25-Nov-2025,7713,Put,8800,0,0,26.7111,0,0,0
28-Oct-2025,7713,Put,8700,0,0,26.7111,0,0,0
28-Oct-2025,7713,Put,6600,0,0,26.7111,0,0,0
25-Nov-2025,7713,Put,7100,0,0,26.7111,0,0,0
25-Nov-2025,7713,Call,7850,0,0,26.7111,0,0,0
28-Oct-2025,7713,Put,6300,0,0,26.7111,0,0,0
28-Oct-2025,7713,Put,8600,0,0,26.7111,0,0,0
25-Nov-2025,7713,Call,7200,0,0,26.7111,0,0,0
25-Nov-2025,7713,Call,8100,0,0,26.7111,0,0,0
28-Oct-2025,7713,Call,6800,0,0,26.7111,0,2,0
28-Oct-2025,7713,Call,6400,0,0,26.7111,0,0,0
25-Nov-2025,7713,Put,7400,0,0,26.7111,0,0,0
28-Oct-2025,7713,Call,6300,0,0,26.7111,0,0,0
28-Oct-2025,7713,Put,6850,0,0,26.7111,0,0,0
28-Oct-2025,7713,Put,8250,0,0,26.7111,0,0,0
25-Nov-2025,7713,Put,8250,0,0,26.7111,0,0,0
25-Nov-2025,7713,Call,7250,0,0,26.7111,0,0,0
25-Nov-2025,7713,Put,8400,0,0,26.7111,0,0,0
30-Dec-2025,7713,Put,7500,0,0,26.7111,0,0,0
25-Nov-2025,7713,Put,7250,0,0,26.7111,0,0,0
25-Nov-2025,7713,Put,7750,0,0,26.7111,0,0,0
30-Dec-2025,7713,Call,8400,0,0,26.7111,0,0,0
25-Nov-2025,7713,Put,8100,0,0,26.7111,0,0,0
25-Nov-2025,7713,Put,7200,0,0,26.7111,0,0,0
28-Oct-2025,7713,Call,6700,0,0,26.7111,0,0,0
25-Nov-2025,7713,Put,8200,0,0,26.7111,0,0,0
25-Nov-2025,7713,Call,7050,0,0,26.7111,0,0,0
25-Nov-2025,7713,Call,7100,0,0,26.7111,0,0,0
28-Oct-2025,7713,Call,7100,0,0,26.7111,0,0,0
25-Nov-2025,7713,Put,8900,0,0,26.7111,0,0,0
25-Nov-2025,7713,Call,8250,0,0,26.7111,0,0,0
25-Nov-2025,7713,Put,6300,0,0,26.7111,0,0,0
25-Nov-2025,7713,Call,7750,0,0,26.7111,0,0,0
25-Nov-2025,7713,Call,7150,0,0,26.7111,0,0,0
30-Dec-2025,7713,Put,7700,0,0,26.7111,0,0,0
25-Nov-2025,7713,Put,7900,0,0,26.7111,0,0,0
25-Nov-2025,7713,Call,8200,0,0,26.7111,0,0,0
25-Nov-2025,7713,Call,6850,0,0,26.7111,0,0,0
28-Oct-2025,7713,Put,6900,0,0,26.7111,0,0,0
25-Nov-2025,7713,Put,7450,0,0,26.7111,0,0,0
25-Nov-2025,7713,Call,7650,0,0,26.7111,0,0,0
25-Nov-2025,7713,Call,8500,0,0,26.7111,0,0,0
25-Nov-2025,7713,Call,8600,0,0,26.7111,0,0,0
30-Dec-2025,7713,Put,7600,0,0,26.7111,0,0,0
25-Nov-2025,7713,Call,7900,0,0,26.7111,0,0,0
25-Nov-2025,7713,Put,7050,0,0,26.7111,0,0,0
25-Nov-2025,7713,Call,7600,0,0,26.7111,0,6,0
28-Oct-2025,7713,Call,6850,0,0,26.7111,0,0,0
25-Nov-2025,7713,Put,6200,0,0,26.7111,0,0,0
25-Nov-2025,7713,Call,6200,0,0,26.7111,0,0,0
28-Oct-2025,7713,Put,8300,0,0,26.7111,0,0,0
25-Nov-2025,7713,Call,8700,0,0,0,0,0,0
25-Nov-2025,7713,Put,7350,0,0,26.7111,0,0,0
25-Nov-2025,7713,Put,7950,0,0,26.7111,0,0,0
25-Nov-2025,7713,Call,7400,0,0,26.7111,0,0,0
25-Nov-2025,7713,Put,8300,0,0,26.7111,0,0,0
25-Nov-2025,7713,Call,7350,0,0,26.7111,0,0,0
30-Dec-2025,7713,Put,7300,0,0,26.7111,0,0,0
25-Nov-2025,7713,Call,6900,0,0,26.7111,0,0,0
25-Nov-2025,7713,Call,7450,0,0,26.7111,0,0,0
25-Nov-2025,7713,Put,6800,0,0,26.7111,0,0,0
25-Nov-2025,7713,Put,8150,0,0,26.7111,0,0,0
25-Nov-2025,7713,Call,7000,0,0,26.7111,0,0,0
25-Nov-2025,7713,Call,8400,0,0,26.7111,0,0,0
25-Nov-2025,7713,Call,7550,0,0,26.7111,0,0,0
25-Nov-2025,7713,Put,7850,0,0,26.7111,0,0,0
30-Dec-2025,7713,Call,7600,0,0,26.7111,0,0,0
25-Nov-2025,7713,Put,7150,0,0,26.7111,0,0,0
25-Nov-2025,7713,Call,7500,0,0,26.7111,0,1,0
25-Nov-2025,7713,Put,7600,0,0,26.7111,0,0,0
25-Nov-2025,7713,Call,6950,0,0,26.7111,0,0,0
25-Nov-2025,7713,Put,7300,0,0,26.7111,0,0,0
25-Nov-2025,7713,Call,8050,0,0,26.7111,0,0,0
28-Oct-2025,7713,Put,7050,0,0,26.7111,0,0,0
30-Dec-2025,7713,Put,8000,0,0,26.7111,0,0,0
25-Nov-2025,7713,Put,7550,0,0,26.7111,0,0,0
25-Nov-2025,7713,Put,7650,0,0,26.7111,0,0,0
25-Nov-2025,7713,Put,8050,0,0,26.7111,0,0,0
25-Nov-2025,7713,Call,6600,0,0,26.7111,0,0,0
25-Nov-2025,7713,Call,7950,0,0,26.7111,0,0,0
30-Dec-2025,7713,Put,7900,0,0,26.7111,0,0,0
25-Nov-2025,7713,Put,6600,0,0,26.7111,0,0,0
30-Dec-2025,7713,Call,8100,0,0,26.7111,0,0,0
25-Nov-2025,7713,Call,8150,0,0,26.7111,0,0,0
25-Nov-2025,7713,Put,8000,0,0,26.7111,0,0,0
30-Dec-2025,7713,Call,8300,0,0,26.7111,0,0,0
25-Nov-2025,7713,Put,8500,0,0,26.7111,0,0,0
25-Nov-2025,7713,Call,6500,0,0,26.7111,0,0,0
25-Nov-2025,7713,Call,6700,0,0,26.7111,0,0,0
30-Dec-2025,7713,Put,8100,0,0,26.7111,0,0,0
25-Nov-2025,7713,Put,6500,0,0,26.7111,0,0,0
30-Dec-2025,7713,Put,7800,0,0,26.7111,0,0,0
30-Dec-2025,7713,Call,7800,0,0,26.7111,0,0,0
25-Nov-2025,7713,Call,6400,0,0,26.7111,0,0,0
25-Nov-2025,7713,Put,8600,0,0,26.7111,0,0,0
25-Nov-2025,7713,Call,6800,0,0,26.7111,0,0,0
25-Nov-2025,7713,Call,6300,0,0,26.7111,0,0,0
25-Nov-2025,7713,Call,8300,0,0,26.7111,0,0,0
30-Dec-2025,7713,Call,8200,0,0,26.7111,0,0,0
30-Dec-2025,7713,Call,7900,0,0,26.7111,0,0,0
30-Dec-2025,7713,Put,7400,0,0,26.7111,0,0,0
30-Dec-2025,7713,Call,8000,0,0,26.7111,0,0,0
30-Dec-2025,7713,Call,7700,0,0,26.7111,0,0,0
