28-Oct-2025,2018.9,-,0,2029.7,0,28.1743,91,34989,291
28-Oct-2025,2018.9,Call,2040,35.9,22.58,28.1743,29,922,286
28-Oct-2025,2018.9,Call,2060,27.25,22.14,28.1743,13,633,270
28-Oct-2025,2018.9,Call,2020,46,22.62,28.1743,54,969,226
28-Oct-2025,2018.9,Call,2100,14.95,22.22,28.1743,15,1226,223
28-Oct-2025,2018.9,Put,2000,27.4,22.78,28.1743,11,520,171
28-Oct-2025,2018.9,Put,2020,35.2,22.59,28.1743,9,341,158
28-Oct-2025,2018.9,Call,2000,57.4,22.81,28.1743,20,587,107
28-Oct-2025,2018.9,Call,2080,20.3,22.19,28.1743,-8,1358,106
28-Oct-2025,2018.9,Put,1980,20.3,23.04,28.1743,-11,228,81
28-Oct-2025,2018.9,Put,2040,44.8,22.52,28.1743,-10,387,67
28-Oct-2025,2018.9,Put,1920,7.95,23.81,28.1743,14,364,49
28-Oct-2025,2018.9,Put,1900,5.85,24.47,28.1743,0,314,33
25-Nov-2025,2018.9,-,0,2040.9,0,28.1743,9,397,29
28-Oct-2025,2018.9,Call,2200,2.85,23.39,28.1743,-5,635,20
28-Oct-2025,2018.9,Call,2140,7.75,22.6,28.1743,5,247,19
28-Oct-2025,2018.9,Call,2120,10.85,22.4,28.1743,4,216,19
28-Oct-2025,2018.9,Call,2160,5.75,23.1,28.1743,2,225,19
28-Oct-2025,2018.9,Put,1960,15.1,24.14,28.1743,6,201,16
28-Oct-2025,2018.9,Call,2180,4,23.19,28.1743,0,169,12
28-Oct-2025,2018.9,Put,1880,4.35,25.24,28.1743,5,124,10
28-Oct-2025,2018.9,Put,1840,2.55,27.56,28.1743,8,133,9
28-Oct-2025,2018.9,Call,1900,135,25.41,28.1743,0,98,8
28-Oct-2025,2018.9,Call,1980,67.25,21.51,28.1743,6,67,8
28-Oct-2025,2018.9,Put,2060,60.3,23.93,28.1743,-2,92,5
28-Oct-2025,2018.9,Put,1860,3.6,26.66,28.1743,1,127,5
28-Oct-2025,2018.9,Put,1940,10.95,23.92,28.1743,1,326,3
28-Oct-2025,2018.9,Call,1960,85,23.54,28.1743,0,38,3
28-Oct-2025,2018.9,Call,2220,2.05,23.85,28.1743,0,400,2
28-Oct-2025,2018.9,Put,1800,2.1,30.8,28.1743,0,1635,1
28-Oct-2025,2018.9,Call,1880,145.6,0,28.1743,0,9,1
28-Oct-2025,2018.9,Call,2280,0.95,25.82,28.1743,0,239,1
28-Oct-2025,2018.9,Call,2400,0.25,29.68,28.1743,0,34,1
25-Nov-2025,2018.9,Call,2080,49.9,22.86,28.1743,0,1,1
30-Dec-2025,2018.9,-,0,0,0,28.1743,0,28,0
28-Oct-2025,2018.9,Call,2360,0,0,28.1743,0,25,0
28-Oct-2025,2018.9,Call,2240,0,0,28.1743,0,900,0
28-Oct-2025,2018.9,Put,2400,0,0,28.1743,0,89,0
28-Oct-2025,2018.9,Call,1680,0,0,28.1743,0,0,0
28-Oct-2025,2018.9,Put,1720,0,0,28.1743,0,455,0
28-Oct-2025,2018.9,Put,1680,0,0,28.1743,0,3,0
28-Oct-2025,2018.9,Call,1760,0,0,28.1743,0,3,0
28-Oct-2025,2018.9,Call,1840,0,0,28.1743,0,0,0
28-Oct-2025,2018.9,Put,2160,0,0,28.1743,0,17,0
28-Oct-2025,2018.9,Put,2120,0,0,28.1743,0,9,0
28-Oct-2025,2018.9,Put,2200,0,0,28.1743,0,114,0
28-Oct-2025,2018.9,Call,1720,0,0,28.1743,0,38,0
28-Oct-2025,2018.9,Put,2240,0,0,28.1743,0,5,0
28-Oct-2025,2018.9,Put,2360,0,0,28.1743,0,14,0
28-Oct-2025,2018.9,Call,1740,0,0,28.1743,0,25,0
28-Oct-2025,2018.9,Put,1760,0,0,28.1743,0,7,0
28-Oct-2025,2018.9,Put,1740,0,0,28.1743,0,102,0
28-Oct-2025,2018.9,Call,1860,0,0,28.1743,0,2,0
28-Oct-2025,2018.9,Call,1820,0,0,28.1743,0,7,0
28-Oct-2025,2018.9,Call,1780,0,0,28.1743,0,4,0
28-Oct-2025,2018.9,Put,2080,0,0,28.1743,0,56,0
28-Oct-2025,2018.9,Put,2100,0,0,28.1743,0,258,0
28-Oct-2025,2018.9,Call,1940,0,0,28.1743,0,26,0
28-Oct-2025,2018.9,Put,2140,0,0,28.1743,0,11,0
28-Oct-2025,2018.9,Call,1920,0,0,28.1743,0,5,0
28-Oct-2025,2018.9,Call,2260,0,0,28.1743,0,211,0
28-Oct-2025,2018.9,Put,1820,0,0,28.1743,0,59,0
28-Oct-2025,2018.9,Put,2180,0,0,28.1743,0,0,0
28-Oct-2025,2018.9,Call,2320,0,0,28.1743,0,92,0
28-Oct-2025,2018.9,Put,2280,0,0,28.1743,0,7,0
28-Oct-2025,2018.9,Call,1800,0,0,28.1743,0,109,0
28-Oct-2025,2018.9,Put,2320,0,0,28.1743,0,12,0
28-Oct-2025,2018.9,Put,2220,0,0,28.1743,0,0,0
25-Nov-2025,2018.9,Put,2220,0,0,28.1743,0,0,0
25-Nov-2025,2018.9,Put,1720,0,0,28.1743,0,0,0
25-Nov-2025,2018.9,Put,1920,0,0,28.1743,0,6,0
25-Nov-2025,2018.9,Put,1800,0,0,28.1743,0,0,0
25-Nov-2025,2018.9,Put,1820,0,0,28.1743,0,0,0
25-Nov-2025,2018.9,Call,1680,0,0,28.1743,0,0,0
25-Nov-2025,2018.9,Call,2040,0,0,28.1743,0,0,0
25-Nov-2025,2018.9,Put,2000,0,0,28.1743,0,17,0
25-Nov-2025,2018.9,Call,1720,0,0,28.1743,0,0,0
25-Nov-2025,2018.9,Call,2000,0,0,28.1743,0,51,0
25-Nov-2025,2018.9,Put,1680,0,0,28.1743,0,0,0
25-Nov-2025,2018.9,Put,1940,0,0,28.1743,0,0,0
25-Nov-2025,2018.9,Put,1840,0,0,28.1743,0,13,0
25-Nov-2025,2018.9,Put,1900,0,0,28.1743,0,70,0
25-Nov-2025,2018.9,Call,2120,0,0,28.1743,0,0,0
25-Nov-2025,2018.9,Call,2200,0,0,28.1743,0,4,0
25-Nov-2025,2018.9,Put,1760,0,0,28.1743,0,0,0
25-Nov-2025,2018.9,Call,2020,0,0,28.1743,0,12,0
25-Nov-2025,2018.9,Call,2220,0,0,28.1743,0,0,0
25-Nov-2025,2018.9,Put,2120,0,0,28.1743,0,0,0
25-Nov-2025,2018.9,Call,2100,0,0,28.1743,0,12,0
25-Nov-2025,2018.9,Put,1960,0,0,28.1743,0,2,0
25-Nov-2025,2018.9,Call,1960,0,0,28.1743,0,6,0
25-Nov-2025,2018.9,Call,1820,0,0,28.1743,0,0,0
25-Nov-2025,2018.9,Call,1860,0,0,28.1743,0,0,0
25-Nov-2025,2018.9,Call,1900,0,0,28.1743,0,30,0
25-Nov-2025,2018.9,Call,1940,0,0,28.1743,0,0,0
25-Nov-2025,2018.9,Put,2060,0,0,28.1743,0,0,0
25-Nov-2025,2018.9,Put,2020,0,0,28.1743,0,8,0
25-Nov-2025,2018.9,Call,1980,0,0,28.1743,0,0,0
25-Nov-2025,2018.9,Put,2180,0,0,28.1743,0,0,0
25-Nov-2025,2018.9,Put,2140,0,0,28.1743,0,0,0
25-Nov-2025,2018.9,Call,2400,0,0,28.1743,0,1,0
25-Nov-2025,2018.9,Put,1880,0,0,28.1743,0,43,0
25-Nov-2025,2018.9,Put,2100,0,0,28.1743,0,7,0
25-Nov-2025,2018.9,Put,2400,0,0,28.1743,0,1,0
25-Nov-2025,2018.9,Put,2360,0,0,28.1743,0,0,0
25-Nov-2025,2018.9,Call,2320,0,0,28.1743,0,0,0
25-Nov-2025,2018.9,Call,2140,0,0,28.1743,0,0,0
25-Nov-2025,2018.9,Call,2360,0,0,28.1743,0,0,0
25-Nov-2025,2018.9,Call,2180,0,0,28.1743,0,0,0
25-Nov-2025,2018.9,Call,2060,0,0,28.1743,0,0,0
25-Nov-2025,2018.9,Call,2280,0,0,28.1743,0,12,0
25-Nov-2025,2018.9,Put,2080,0,0,28.1743,0,0,0
25-Nov-2025,2018.9,Put,2200,0,0,28.1743,0,0,0
25-Nov-2025,2018.9,Put,2240,0,0,28.1743,0,1,0
25-Nov-2025,2018.9,Put,2280,0,0,28.1743,0,0,0
25-Nov-2025,2018.9,Call,1760,0,0,28.1743,0,0,0
25-Nov-2025,2018.9,Put,2320,0,0,28.1743,0,0,0
25-Nov-2025,2018.9,Call,1840,0,0,28.1743,0,0,0
25-Nov-2025,2018.9,Call,1800,0,0,28.1743,0,0,0
25-Nov-2025,2018.9,Put,1860,0,0,28.1743,0,0,0
25-Nov-2025,2018.9,Put,2160,0,0,28.1743,0,0,0
25-Nov-2025,2018.9,Call,1880,0,0,28.1743,0,12,0
25-Nov-2025,2018.9,Call,2240,0,0,28.1743,0,21,0
25-Nov-2025,2018.9,Call,2160,0,0,28.1743,0,2,0
25-Nov-2025,2018.9,Put,2040,0,0,28.1743,0,0,0
25-Nov-2025,2018.9,Put,1980,0,0,28.1743,0,0,0
30-Dec-2025,2018.9,Put,2000,0,0,28.1743,0,0,0
25-Nov-2025,2018.9,Call,1920,0,0,28.1743,0,1,0
30-Dec-2025,2018.9,Call,2040,0,0,28.1743,0,0,0
30-Dec-2025,2018.9,Call,2000,0,0,28.1743,0,0,0
30-Dec-2025,2018.9,Call,2080,0,0,28.1743,0,0,0
30-Dec-2025,2018.9,Call,2200,0,0,28.1743,0,0,0
30-Dec-2025,2018.9,Put,1880,0,0,28.1743,0,0,0
30-Dec-2025,2018.9,Put,2080,0,0,28.1743,0,0,0
30-Dec-2025,2018.9,Put,1920,0,0,28.1743,0,0,0
30-Dec-2025,2018.9,Call,2120,0,0,28.1743,0,0,0
30-Dec-2025,2018.9,Call,2160,0,0,28.1743,0,0,0
30-Dec-2025,2018.9,Put,2120,0,0,28.1743,0,0,0
30-Dec-2025,2018.9,Put,2040,0,0,28.1743,0,0,0
30-Dec-2025,2018.9,Put,1960,0,0,28.1743,0,0,0
