28-Oct-2025,2015.6,Call,2060,25,22.38,28.1743,24,644,175
28-Oct-2025,2015.6,-,0,2022.5,0,28.1743,37,34935,158
28-Oct-2025,2015.6,Call,2040,33,22.56,28.1743,33,926,146
28-Oct-2025,2015.6,Put,2000,30,23.03,28.1743,12,521,120
28-Oct-2025,2015.6,Call,2100,13.5,22.43,28.1743,10,1221,115
28-Oct-2025,2015.6,Call,2020,42.55,22.73,28.1743,43,958,100
28-Oct-2025,2015.6,Put,2020,39.55,22.89,28.1743,1,333,82
28-Oct-2025,2015.6,Call,2080,18.2,22.34,28.1743,-9,1357,55
28-Oct-2025,2015.6,Put,2040,51.3,23.01,28.1743,-5,392,46
28-Oct-2025,2015.6,Put,1980,23.6,23.21,28.1743,-5,234,43
28-Oct-2025,2015.6,Call,2000,52.8,22.81,28.1743,9,576,41
28-Oct-2025,2015.6,Put,1920,9.1,24.19,28.1743,12,362,26
28-Oct-2025,2015.6,Put,1900,7,24.62,28.1743,2,316,22
28-Oct-2025,2015.6,Call,2160,4.9,23.05,28.1743,2,225,16
25-Nov-2025,2015.6,-,0,2032.4,0,28.1743,5,393,15
28-Oct-2025,2015.6,Put,1960,17.1,23.38,28.1743,0,195,9
28-Oct-2025,2015.6,Put,1880,5,25.18,28.1743,2,121,8
28-Oct-2025,2015.6,Call,2140,7,23.03,28.1743,3,245,8
28-Oct-2025,2015.6,Call,1980,64.35,23.09,28.1743,3,64,6
28-Oct-2025,2015.6,Call,2180,3.5,23.39,28.1743,-1,168,6
28-Oct-2025,2015.6,Put,1860,3.8,26.08,28.1743,1,127,4
28-Oct-2025,2015.6,Call,2200,2.6,23.91,28.1743,0,640,2
28-Oct-2025,2015.6,Call,2120,10.4,23.43,28.1743,0,212,2
28-Oct-2025,2015.6,Call,2400,0.25,30.31,28.1743,0,34,1
28-Oct-2025,2015.6,Put,2060,63.15,0,28.1743,0,94,1
28-Oct-2025,2015.6,Call,1880,145.6,25.51,28.1743,0,9,1
28-Oct-2025,2015.6,Put,1800,2.1,0,28.1743,0,1635,1
28-Oct-2025,2015.6,Call,2280,0.95,0,28.1743,0,239,1
28-Oct-2025,2015.6,Call,1960,78.3,23.35,28.1743,0,38,1
30-Dec-2025,2015.6,-,0,0,0,28.1743,0,28,0
28-Oct-2025,2015.6,Put,1840,0,0,28.1743,0,125,0
28-Oct-2025,2015.6,Put,1760,0,0,28.1743,0,7,0
28-Oct-2025,2015.6,Call,1740,0,0,28.1743,0,25,0
28-Oct-2025,2015.6,Put,1740,0,0,28.1743,0,102,0
28-Oct-2025,2015.6,Call,1780,0,0,28.1743,0,4,0
28-Oct-2025,2015.6,Call,1820,0,0,28.1743,0,7,0
28-Oct-2025,2015.6,Call,1860,0,0,28.1743,0,2,0
28-Oct-2025,2015.6,Put,2100,0,0,28.1743,0,258,0
28-Oct-2025,2015.6,Put,2140,0,0,28.1743,0,11,0
28-Oct-2025,2015.6,Call,1680,0,0,28.1743,0,0,0
28-Oct-2025,2015.6,Put,1680,0,0,28.1743,0,3,0
28-Oct-2025,2015.6,Put,1720,0,0,28.1743,0,455,0
28-Oct-2025,2015.6,Call,1760,0,0,28.1743,0,3,0
28-Oct-2025,2015.6,Put,2160,0,0,28.1743,0,17,0
28-Oct-2025,2015.6,Put,2200,0,0,28.1743,0,114,0
28-Oct-2025,2015.6,Put,2240,0,0,28.1743,0,5,0
28-Oct-2025,2015.6,Put,2120,0,0,28.1743,0,9,0
28-Oct-2025,2015.6,Call,2220,0,0,28.1743,0,400,0
28-Oct-2025,2015.6,Put,2400,0,0,28.1743,0,89,0
28-Oct-2025,2015.6,Call,2240,0,0,28.1743,0,900,0
28-Oct-2025,2015.6,Put,1940,0,0,28.1743,0,325,0
28-Oct-2025,2015.6,Put,2220,0,0,28.1743,0,0,0
28-Oct-2025,2015.6,Call,1920,0,0,28.1743,0,5,0
28-Oct-2025,2015.6,Put,2280,0,0,28.1743,0,7,0
28-Oct-2025,2015.6,Put,2360,0,0,28.1743,0,14,0
28-Oct-2025,2015.6,Call,1900,0,0,28.1743,0,98,0
28-Oct-2025,2015.6,Call,2360,0,0,28.1743,0,25,0
28-Oct-2025,2015.6,Put,2320,0,0,28.1743,0,12,0
25-Nov-2025,2015.6,Call,2000,0,0,28.1743,0,51,0
25-Nov-2025,2015.6,Call,2100,0,0,28.1743,0,12,0
28-Oct-2025,2015.6,Call,1720,0,0,28.1743,0,38,0
25-Nov-2025,2015.6,Call,1680,0,0,28.1743,0,0,0
25-Nov-2025,2015.6,Call,2200,0,0,28.1743,0,4,0
25-Nov-2025,2015.6,Call,2400,0,0,28.1743,0,1,0
25-Nov-2025,2015.6,Put,2220,0,0,28.1743,0,0,0
25-Nov-2025,2015.6,Call,1760,0,0,28.1743,0,0,0
28-Oct-2025,2015.6,Put,1820,0,0,28.1743,0,59,0
25-Nov-2025,2015.6,Put,2240,0,0,28.1743,0,1,0
25-Nov-2025,2015.6,Put,2060,0,0,28.1743,0,0,0
25-Nov-2025,2015.6,Call,1980,0,0,28.1743,0,0,0
25-Nov-2025,2015.6,Put,2360,0,0,28.1743,0,0,0
28-Oct-2025,2015.6,Call,1940,0,0,28.1743,0,26,0
25-Nov-2025,2015.6,Call,2160,0,0,28.1743,0,2,0
25-Nov-2025,2015.6,Call,2220,0,0,28.1743,0,0,0
25-Nov-2025,2015.6,Call,1940,0,0,28.1743,0,0,0
25-Nov-2025,2015.6,Call,2320,0,0,28.1743,0,0,0
25-Nov-2025,2015.6,Put,2120,0,0,28.1743,0,0,0
25-Nov-2025,2015.6,Put,1900,0,0,28.1743,0,70,0
28-Oct-2025,2015.6,Call,1800,0,0,28.1743,0,109,0
25-Nov-2025,2015.6,Put,1680,0,0,28.1743,0,0,0
30-Dec-2025,2015.6,Call,2000,0,0,28.1743,0,0,0
28-Oct-2025,2015.6,Call,1840,0,0,28.1743,0,0,0
30-Dec-2025,2015.6,Call,2080,0,0,28.1743,0,0,0
25-Nov-2025,2015.6,Put,1760,0,0,28.1743,0,0,0
25-Nov-2025,2015.6,Call,1820,0,0,28.1743,0,0,0
25-Nov-2025,2015.6,Put,2100,0,0,28.1743,0,7,0
25-Nov-2025,2015.6,Call,1960,0,0,28.1743,0,6,0
25-Nov-2025,2015.6,Put,2140,0,0,28.1743,0,0,0
25-Nov-2025,2015.6,Put,2000,0,0,28.1743,0,17,0
25-Nov-2025,2015.6,Put,1940,0,0,28.1743,0,0,0
28-Oct-2025,2015.6,Call,2320,0,0,28.1743,0,92,0
25-Nov-2025,2015.6,Put,2320,0,0,28.1743,0,0,0
25-Nov-2025,2015.6,Call,2040,0,0,28.1743,0,0,0
25-Nov-2025,2015.6,Call,2240,0,0,28.1743,0,21,0
25-Nov-2025,2015.6,Call,2280,0,0,28.1743,0,12,0
25-Nov-2025,2015.6,Put,2200,0,0,28.1743,0,0,0
28-Oct-2025,2015.6,Put,2080,0,0,28.1743,0,56,0
25-Nov-2025,2015.6,Call,1900,0,0,28.1743,0,30,0
25-Nov-2025,2015.6,Put,2040,0,0,28.1743,0,0,0
25-Nov-2025,2015.6,Call,1840,0,0,28.1743,0,0,0
30-Dec-2025,2015.6,Put,2120,0,0,28.1743,0,0,0
25-Nov-2025,2015.6,Put,2020,0,0,28.1743,0,8,0
25-Nov-2025,2015.6,Call,1720,0,0,28.1743,0,0,0
25-Nov-2025,2015.6,Call,2060,0,0,28.1743,0,0,0
25-Nov-2025,2015.6,Call,2080,0,0,28.1743,0,1,0
25-Nov-2025,2015.6,Put,2160,0,0,28.1743,0,0,0
28-Oct-2025,2015.6,Put,2180,0,0,28.1743,0,0,0
25-Nov-2025,2015.6,Put,1920,0,0,28.1743,0,6,0
25-Nov-2025,2015.6,Call,2180,0,0,28.1743,0,0,0
25-Nov-2025,2015.6,Call,1880,0,0,28.1743,0,12,0
25-Nov-2025,2015.6,Put,2400,0,0,28.1743,0,1,0
25-Nov-2025,2015.6,Put,1860,0,0,28.1743,0,0,0
30-Dec-2025,2015.6,Call,2040,0,0,28.1743,0,0,0
25-Nov-2025,2015.6,Call,1800,0,0,28.1743,0,0,0
25-Nov-2025,2015.6,Put,1980,0,0,28.1743,0,0,0
30-Dec-2025,2015.6,Call,2120,0,0,28.1743,0,0,0
25-Nov-2025,2015.6,Call,2120,0,0,28.1743,0,0,0
28-Oct-2025,2015.6,Call,2260,0,0,28.1743,0,211,0
25-Nov-2025,2015.6,Put,1840,0,0,28.1743,0,13,0
30-Dec-2025,2015.6,Put,1920,0,0,28.1743,0,0,0
25-Nov-2025,2015.6,Put,1820,0,0,28.1743,0,0,0
25-Nov-2025,2015.6,Call,2360,0,0,28.1743,0,0,0
25-Nov-2025,2015.6,Put,2280,0,0,28.1743,0,0,0
25-Nov-2025,2015.6,Call,1920,0,0,28.1743,0,1,0
25-Nov-2025,2015.6,Put,1800,0,0,28.1743,0,0,0
25-Nov-2025,2015.6,Call,1860,0,0,28.1743,0,0,0
30-Dec-2025,2015.6,Call,2160,0,0,28.1743,0,0,0
25-Nov-2025,2015.6,Put,1880,0,0,28.1743,0,43,0
25-Nov-2025,2015.6,Put,2180,0,0,28.1743,0,0,0
30-Dec-2025,2015.6,Put,1960,0,0,28.1743,0,0,0
30-Dec-2025,2015.6,Call,2200,0,0,28.1743,0,0,0
30-Dec-2025,2015.6,Put,2000,0,0,28.1743,0,0,0
30-Dec-2025,2015.6,Put,2040,0,0,28.1743,0,0,0
30-Dec-2025,2015.6,Put,2080,0,0,28.1743,0,0,0
25-Nov-2025,2015.6,Call,2020,0,0,28.1743,0,12,0
25-Nov-2025,2015.6,Call,2140,0,0,28.1743,0,0,0
25-Nov-2025,2015.6,Put,2080,0,0,28.1743,0,0,0
25-Nov-2025,2015.6,Put,1960,0,0,28.1743,0,2,0
25-Nov-2025,2015.6,Put,1720,0,0,28.1743,0,0,0
