28-Oct-2025,8935,Call,9000,182.25,24.79,30.6531,69,2989,6288
28-Oct-2025,8935,Call,8900,234.8,24.83,30.6531,-51,1563,4336
28-Oct-2025,8935,-,0,8975.5,0,30.6531,375,40659,3933
28-Oct-2025,8935,Call,8800,293.2,24.76,30.6531,-169,1783,2782
28-Oct-2025,8935,Call,9200,104,24.54,30.6531,-60,1811,2616
28-Oct-2025,8935,Call,9100,139.45,24.56,30.6531,32,992,2177
28-Oct-2025,8935,Call,9500,40.6,24.95,30.6531,22,2415,2159
28-Oct-2025,8935,Call,9300,76.5,24.46,30.6531,-115,789,1916
28-Oct-2025,8935,Put,8700,80.5,23.98,30.6531,358,1489,1745
28-Oct-2025,8935,Put,8800,112.35,23.85,30.6531,181,1485,1597
28-Oct-2025,8935,Call,9400,55.3,24.76,30.6531,-191,831,1273
28-Oct-2025,8935,Put,8500,40,24.77,30.6531,238,1452,1209
28-Oct-2025,8935,Put,8600,57.5,24.02,30.6531,45,768,1179
28-Oct-2025,8935,Put,8900,152.65,23.9,30.6531,180,722,1135
28-Oct-2025,8935,Put,8400,26.85,24.86,30.6531,44,855,774
28-Oct-2025,8935,Put,9000,202,23.85,30.6531,92,905,765
28-Oct-2025,8935,Put,8300,17.3,25.2,30.6531,108,558,679
28-Oct-2025,8935,Put,8200,11.6,25.57,30.6531,153,793,658
28-Oct-2025,8935,Call,9700,20.75,25.49,30.6531,92,528,559
28-Oct-2025,8935,Call,8700,358.9,25.19,30.6531,-28,1099,507
28-Oct-2025,8935,Call,9600,28.85,25.17,30.6531,2,535,458
28-Oct-2025,8935,Call,9800,15.35,26.14,30.6531,58,542,378
28-Oct-2025,8935,Call,10000,9.05,27.44,30.6531,102,2156,360
25-Nov-2025,8935,-,0,9006,0,30.6531,46,1132,321
28-Oct-2025,8935,Put,8000,5.9,27.57,30.6531,33,725,263
25-Nov-2025,8935,Call,10000,58,25.22,30.6531,45,185,158
28-Oct-2025,8935,Put,8100,7.5,26.29,30.6531,-47,413,132
28-Oct-2025,8935,Put,9500,571,28.17,30.6531,3,178,112
28-Oct-2025,8935,Call,8600,440.55,26.25,30.6531,-26,563,110
28-Oct-2025,8935,Put,9100,256.4,23.53,30.6531,-7,128,92
28-Oct-2025,8935,Put,9200,323.05,23.65,30.6531,8,618,68
28-Oct-2025,8935,Call,8500,525,25.42,30.6531,-18,649,61
25-Nov-2025,8935,Put,7600,12,27.67,30.6531,50,125,60
28-Oct-2025,8935,Put,7900,3.8,28.16,30.6531,-10,212,58
28-Oct-2025,8935,Call,9900,11.3,26.68,30.6531,-10,636,52
28-Oct-2025,8935,Put,9300,384.6,23.32,30.6531,13,64,47
25-Nov-2025,8935,Call,9000,325.35,23.32,30.6531,23,114,47
28-Oct-2025,8935,Put,9400,463.05,23.36,30.6531,40,83,42
30-Dec-2025,8935,-,0,9050,0,30.6531,30,144,41
28-Oct-2025,8935,Put,7800,3,29.51,30.6531,-1,250,32
25-Nov-2025,8935,Put,8000,33.25,26.37,30.6531,11,82,30
28-Oct-2025,8935,Put,7700,1.9,29.96,30.6531,0,688,28
28-Oct-2025,8935,Put,7600,0.8,29.29,30.6531,-11,472,25
28-Oct-2025,8935,Call,10100,6.1,28.48,30.6531,-6,129,21
28-Oct-2025,8935,Call,10200,4.9,28.35,30.6531,-2,245,20
25-Nov-2025,8935,Put,8500,108,24.84,30.6531,8,103,17
25-Nov-2025,8935,Call,10200,34.4,24.89,30.6531,10,10,13
30-Dec-2025,8935,Put,8000,72.65,28.05,30.6531,0,9,10
28-Oct-2025,8935,Call,8200,753,0,30.6531,-1,47,7
25-Nov-2025,8935,Call,8900,372.75,22.39,30.6531,-4,33,6
28-Oct-2025,8935,Put,10000,1027.35,43.2,30.6531,1,125,5
25-Nov-2025,8935,Put,9000,305.35,27.43,30.6531,1,11,5
25-Nov-2025,8935,Put,8200,61,26.63,30.6531,0,120,5
28-Oct-2025,8935,Put,7400,0.3,30.2,30.6531,0,265,4
28-Oct-2025,8935,Call,8300,645,0,30.6531,0,106,4
28-Oct-2025,8935,Call,10400,3.95,30.94,30.6531,0,233,4
25-Nov-2025,8935,Put,8300,65,24.91,30.6531,-1,254,4
25-Nov-2025,8935,Call,9200,244,23.38,30.6531,0,5,4
25-Nov-2025,8935,Put,9500,640,29.32,30.6531,1,1,4
25-Nov-2025,8935,Call,9500,138.8,24.41,30.6531,1,44,3
28-Oct-2025,8935,Call,10300,3.5,28.7,30.6531,0,94,2
28-Oct-2025,8935,Call,8400,590,18.58,30.6531,0,150,2
28-Oct-2025,8935,Call,8000,898,0,30.6531,-1,39,2
25-Nov-2025,8935,Call,8700,475,21.27,30.6531,0,29,2
25-Nov-2025,8935,Put,10000,1025,29.61,30.6531,0,2,2
25-Nov-2025,8935,Call,8500,560,12.31,30.6531,0,2,1
30-Dec-2025,8935,Call,9200,271.95,17.78,30.6531,0,0,1
25-Nov-2025,8935,Call,9600,95,22.06,30.6531,0,10,1
25-Nov-2025,8935,Call,10400,27.45,26.36,30.6531,0,0,1
30-Dec-2025,8935,Put,9200,501,28.02,30.6531,0,0,1
28-Oct-2025,8935,Call,7800,0,0,30.6531,0,0,0
28-Oct-2025,8935,Put,10400,0,0,30.6531,0,11,0
28-Oct-2025,8935,Call,7200,0,0,30.6531,0,0,0
28-Oct-2025,8935,Call,7400,0,0,30.6531,0,0,0
28-Oct-2025,8935,Call,7600,0,0,30.6531,0,4,0
28-Oct-2025,8935,Put,9800,0,0,30.6531,0,28,0
28-Oct-2025,8935,Put,10200,0,0,30.6531,0,2,0
28-Oct-2025,8935,Put,9700,0,0,30.6531,0,31,0
28-Oct-2025,8935,Put,7200,0,0,30.6531,0,0,0
25-Nov-2025,8935,Call,7200,0,0,30.6531,0,0,0
28-Oct-2025,8935,Call,7900,0,0,30.6531,0,0,0
25-Nov-2025,8935,Put,10400,0,0,30.6531,0,0,0
25-Nov-2025,8935,Call,7900,0,0,30.6531,0,0,0
28-Oct-2025,8935,Call,8100,0,0,30.6531,0,0,0
28-Oct-2025,8935,Call,7700,0,0,30.6531,0,0,0
25-Nov-2025,8935,Put,9600,0,0,30.6531,0,0,0
25-Nov-2025,8935,Call,9700,0,0,30.6531,0,2,0
25-Nov-2025,8935,Call,8400,0,0,30.6531,0,0,0
25-Nov-2025,8935,Put,8400,0,0,30.6531,0,7,0
28-Oct-2025,8935,Put,9900,0,0,30.6531,0,3,0
25-Nov-2025,8935,Call,7800,0,0,30.6531,0,0,0
30-Dec-2025,8935,Call,9000,0,0,30.6531,0,0,0
25-Nov-2025,8935,Put,9700,0,0,30.6531,0,0,0
30-Dec-2025,8935,Put,8800,0,0,30.6531,0,0,0
25-Nov-2025,8935,Put,10200,0,0,30.6531,0,0,0
30-Dec-2025,8935,Put,8400,0,0,30.6531,0,0,0
25-Nov-2025,8935,Put,9800,0,0,30.6531,0,0,0
25-Nov-2025,8935,Call,7600,0,0,30.6531,0,0,0
25-Nov-2025,8935,Call,9300,0,0,30.6531,0,0,0
25-Nov-2025,8935,Call,9100,0,0,30.6531,0,1,0
25-Nov-2025,8935,Call,8800,0,0,30.6531,0,8,0
30-Dec-2025,8935,Call,9400,0,0,30.6531,0,0,0
25-Nov-2025,8935,Put,9400,0,0,30.6531,0,0,0
25-Nov-2025,8935,Put,7400,0,0,30.6531,0,0,0
28-Oct-2025,8935,Put,9600,0,0,30.6531,0,10,0
25-Nov-2025,8935,Call,10800,0,0,30.6531,0,9,0
30-Dec-2025,8935,Put,9400,0,0,30.6531,0,0,0
25-Nov-2025,8935,Call,9400,0,0,30.6531,0,18,0
25-Nov-2025,8935,Call,7400,0,0,30.6531,0,0,0
30-Dec-2025,8935,Put,7600,0,0,30.6531,0,0,0
25-Nov-2025,8935,Put,8100,0,0,30.6531,0,1,0
25-Nov-2025,8935,Put,9200,0,0,30.6531,0,6,0
25-Nov-2025,8935,Put,8700,0,0,30.6531,0,15,0
25-Nov-2025,8935,Call,8600,0,0,30.6531,0,12,0
25-Nov-2025,8935,Call,7700,0,0,30.6531,0,0,0
25-Nov-2025,8935,Put,7900,0,0,30.6531,0,0,0
25-Nov-2025,8935,Call,8100,0,0,30.6531,0,0,0
25-Nov-2025,8935,Put,8900,0,0,30.6531,0,1,0
25-Nov-2025,8935,Call,8200,0,0,30.6531,0,0,0
25-Nov-2025,8935,Put,7700,0,0,30.6531,0,0,0
25-Nov-2025,8935,Call,8300,0,0,30.6531,0,0,0
25-Nov-2025,8935,Put,7200,0,0,30.6531,0,0,0
25-Nov-2025,8935,Put,8600,0,0,30.6531,0,0,0
30-Dec-2025,8935,Put,9000,0,0,30.6531,0,0,0
30-Dec-2025,8935,Call,8600,0,0,30.6531,0,0,0
25-Nov-2025,8935,Put,9100,0,0,30.6531,0,0,0
25-Nov-2025,8935,Put,7800,0,0,30.6531,0,20,0
25-Nov-2025,8935,Call,8000,0,0,30.6531,0,0,0
30-Dec-2025,8935,Call,10000,0,0,30.6531,0,0,0
30-Dec-2025,8935,Call,9800,0,0,30.6531,0,0,0
25-Nov-2025,8935,Put,9300,0,0,30.6531,0,0,0
30-Dec-2025,8935,Put,8200,0,0,30.6531,0,0,0
30-Dec-2025,8935,Call,9600,0,0,30.6531,0,0,0
30-Dec-2025,8935,Put,8600,0,0,30.6531,0,0,0
25-Nov-2025,8935,Call,9800,0,0,30.6531,0,0,0
30-Dec-2025,8935,Call,8800,0,0,30.6531,0,0,0
25-Nov-2025,8935,Put,8800,0,0,30.6531,0,0,0
