28-Oct-2025,8937,Call,9000,184,24.44,30.6531,425,3345,9456
28-Oct-2025,8937,-,0,8984,0,30.6531,799,41083,5919
28-Oct-2025,8937,Call,8900,236,24.24,30.6531,-200,1414,5767
28-Oct-2025,8937,Call,9200,104.9,24.22,30.6531,53,1924,3703
28-Oct-2025,8937,Call,9500,40,24.61,30.6531,2,2395,3267
28-Oct-2025,8937,Call,8800,294.85,23.72,30.6531,-182,1770,3170
28-Oct-2025,8937,Call,9100,141.4,24.14,30.6531,28,988,2820
28-Oct-2025,8937,Call,9300,77.15,24.24,30.6531,-44,860,2662
28-Oct-2025,8937,Put,8700,79.1,24.36,30.6531,347,1478,2391
28-Oct-2025,8937,Put,8800,110,24.2,30.6531,177,1481,2227
28-Oct-2025,8937,Call,9400,56.4,24.42,30.6531,-227,795,1965
28-Oct-2025,8939.5,Put,8900,149.15,24.21,30.6531,135,677,1638
28-Oct-2025,8937,Put,8500,39,25.08,30.6531,297,1511,1553
28-Oct-2025,8937,Put,8600,55.55,24.56,30.6531,60,783,1422
28-Oct-2025,8937,Put,9000,197.2,24.35,30.6531,71,884,1369
28-Oct-2025,8937,Put,8400,26,25.37,30.6531,58,869,987
28-Oct-2025,8937,Put,8300,17.4,25.61,30.6531,127,577,819
28-Oct-2025,8937,Call,9700,19.75,24.86,30.6531,98,534,816
28-Oct-2025,8937,Call,10000,9,26.81,30.6531,89,2143,771
28-Oct-2025,8937,Put,8200,11.6,26.12,30.6531,129,769,750
28-Oct-2025,8937,Call,9600,28.45,24.9,30.6531,18,551,701
28-Oct-2025,8937,Call,8700,365.2,24.32,30.6531,-30,1097,609
28-Oct-2025,8937,Call,9800,14.8,25.07,30.6531,77,561,520
25-Nov-2025,8937,-,0,9014.5,0,30.6531,74,1160,429
28-Oct-2025,8937,Put,8000,6.3,28.02,30.6531,38,730,291
25-Nov-2025,8937,Call,10000,58.5,24.85,30.6531,48,188,178
28-Oct-2025,8937,Put,8100,8.55,26.99,30.6531,-45,415,175
28-Oct-2025,8937,Call,9900,10.4,26.02,30.6531,-9,637,146
28-Oct-2025,8937,Put,9100,254.55,24.51,30.6531,0,135,141
28-Oct-2025,8937,Call,8600,441.2,24.58,30.6531,-30,559,130
28-Oct-2025,8937,Put,9500,548.85,25.07,30.6531,-17,158,119
28-Oct-2025,8937,Put,9200,314.7,24.19,30.6531,8,618,114
28-Oct-2025,8939.5,Call,8500,522.5,24.7,30.6531,-37,630,101
28-Oct-2025,8937,Put,7900,4,28.4,30.6531,-7,215,73
25-Nov-2025,8939.5,Call,9000,314.5,22.68,30.6531,31,122,66
30-Dec-2025,8939.5,-,0,9054.5,0,30.6531,48,162,60
28-Oct-2025,8939.5,Put,9300,391.35,24.46,30.6531,13,64,60
25-Nov-2025,8937,Put,7600,12,27.69,30.6531,50,125,60
28-Oct-2025,8937,Put,9400,468.85,24.52,30.6531,33,76,53
28-Oct-2025,8939.5,Put,7800,2.6,28.95,30.6531,-1,250,41
28-Oct-2025,8937,Call,10100,5.35,26.35,30.6531,-6,129,40
25-Nov-2025,8937,Put,8000,32.85,26.13,30.6531,10,81,32
28-Oct-2025,8937,Put,7700,1.7,29.77,30.6531,0,688,30
25-Nov-2025,8937,Put,9000,309.5,26.63,30.6531,20,30,27
28-Oct-2025,8937,Put,7600,0.8,29.12,30.6531,-11,472,25
28-Oct-2025,8937,Call,10200,4.9,28.33,30.6531,-2,245,20
25-Nov-2025,8939.5,Call,10200,42.2,26.25,30.6531,13,13,18
25-Nov-2025,8937,Put,8500,105.8,24.83,30.6531,9,104,18
28-Oct-2025,8939.5,Call,10400,3.8,30.75,30.6531,0,233,15
25-Nov-2025,8937,Call,8900,373,23.09,30.6531,1,38,15
28-Oct-2025,8937,Call,8200,792.45,25.16,30.6531,3,51,14
25-Nov-2025,8937,Call,9500,140,24.02,30.6531,2,45,13
30-Dec-2025,8937,Put,8000,72.65,26.12,30.6531,0,9,10
28-Oct-2025,8937,Call,8300,699.8,25.23,30.6531,3,109,8
25-Nov-2025,8937,Put,8300,66,25.06,30.6531,1,256,7
28-Oct-2025,8937,Put,10000,1021.85,29.38,30.6531,-1,123,6
25-Nov-2025,8937,Put,8200,61,26.65,30.6531,0,120,5
25-Nov-2025,8937,Call,9200,238,23.83,30.6531,1,6,5
28-Oct-2025,8937,Call,8400,606,24.04,30.6531,0,150,4
28-Oct-2025,8937,Put,7400,0.3,30.21,30.6531,0,265,4
28-Oct-2025,8937,Call,10300,3,28.06,30.6531,0,94,4
25-Nov-2025,8937,Put,9500,640,29.38,30.6531,1,1,4
28-Oct-2025,8937,Call,8000,982.15,20.97,30.6531,0,40,3
25-Nov-2025,8937,Put,8600,141.1,25.64,30.6531,1,1,3
30-Dec-2025,8937,Put,9200,485,27.09,30.6531,2,2,3
25-Nov-2025,8937,Put,10000,1025,29.71,30.6531,0,2,2
25-Nov-2025,8937,Call,8700,475,21.2,30.6531,0,29,2
25-Nov-2025,8939.5,Call,8500,630,22.2,30.6531,0,2,2
25-Nov-2025,8937,Call,9100,269.95,22.96,30.6531,0,1,1
25-Nov-2025,8937,Call,10400,27.45,26.35,30.6531,0,0,1
25-Nov-2025,8937,Call,9600,95,22.04,30.6531,0,10,1
30-Dec-2025,8937,Call,9200,271.95,17.75,30.6531,0,0,1
28-Oct-2025,8937,Put,10400,0,0,30.6531,0,11,0
28-Oct-2025,8937,Call,7700,0,0,30.6531,0,0,0
28-Oct-2025,8937,Call,7900,0,0,30.6531,0,0,0
28-Oct-2025,8937,Call,7800,0,0,30.6531,0,0,0
28-Oct-2025,8939.5,Put,10200,0,0,30.6531,0,2,0
28-Oct-2025,8937,Put,9800,0,0,30.6531,0,28,0
28-Oct-2025,8937,Call,7600,0,0,30.6531,0,4,0
28-Oct-2025,8939.5,Put,9600,0,0,30.6531,0,10,0
25-Nov-2025,8939.5,Put,9600,0,0,30.6531,0,0,0
28-Oct-2025,8939.5,Call,7400,0,0,30.6531,0,0,0
28-Oct-2025,8937,Call,7200,0,0,30.6531,0,0,0
28-Oct-2025,8937,Put,7200,0,0,30.6531,0,0,0
28-Oct-2025,8937,Put,9700,0,0,30.6531,0,31,0
25-Nov-2025,8939.5,Put,9400,0,0,30.6531,0,0,0
25-Nov-2025,8937,Call,9800,0,0,30.6531,0,0,0
25-Nov-2025,8937,Call,8000,0,0,30.6531,0,0,0
25-Nov-2025,8937,Put,9800,0,0,30.6531,0,0,0
25-Nov-2025,8939.5,Call,7900,0,0,30.6531,0,0,0
25-Nov-2025,8939.5,Call,8300,0,0,30.6531,0,0,0
25-Nov-2025,8937,Put,9700,0,0,30.6531,0,0,0
25-Nov-2025,8937,Put,7700,0,0,30.6531,0,0,0
30-Dec-2025,8937,Put,9400,0,0,30.6531,0,0,0
25-Nov-2025,8937,Put,8400,0,0,30.6531,0,7,0
25-Nov-2025,8937,Put,9100,0,0,30.6531,0,0,0
25-Nov-2025,8937,Put,10200,0,0,30.6531,0,0,0
25-Nov-2025,8939.5,Call,7600,0,0,30.6531,0,0,0
25-Nov-2025,8937,Put,7200,0,0,30.6531,0,0,0
30-Dec-2025,8937,Call,10000,0,0,30.6531,0,0,0
25-Nov-2025,8937,Put,8700,0,0,30.6531,0,15,0
28-Oct-2025,8939.5,Put,9900,0,0,30.6531,0,3,0
28-Oct-2025,8937,Call,8100,0,0,30.6531,0,0,0
25-Nov-2025,8937,Put,8100,0,0,30.6531,0,1,0
25-Nov-2025,8937,Put,9300,0,0,30.6531,0,0,0
30-Dec-2025,8937,Put,8400,0,0,30.6531,0,0,0
25-Nov-2025,8937,Put,7800,0,0,30.6531,0,20,0
30-Dec-2025,8937,Put,7600,0,0,30.6531,0,0,0
25-Nov-2025,8939.5,Put,8800,0,0,30.6531,0,0,0
30-Dec-2025,8937,Put,8600,0,0,30.6531,0,0,0
25-Nov-2025,8937,Call,8800,0,0,30.6531,0,8,0
25-Nov-2025,8937,Put,10400,0,0,30.6531,0,0,0
30-Dec-2025,8937,Call,9600,0,0,30.6531,0,0,0
30-Dec-2025,8937,Put,8200,0,0,30.6531,0,0,0
25-Nov-2025,8937,Call,7400,0,0,30.6531,0,0,0
30-Dec-2025,8937,Put,8800,0,0,30.6531,0,0,0
30-Dec-2025,8937,Call,9400,0,0,30.6531,0,0,0
25-Nov-2025,8937,Call,7200,0,0,30.6531,0,0,0
30-Dec-2025,8937,Put,9000,0,0,30.6531,0,0,0
25-Nov-2025,8937,Call,9300,0,0,30.6531,0,0,0
30-Dec-2025,8937,Call,8600,0,0,30.6531,0,0,0
25-Nov-2025,8937,Call,8400,0,0,30.6531,0,0,0
25-Nov-2025,8937,Call,8100,0,0,30.6531,0,0,0
25-Nov-2025,8937,Put,8900,0,0,30.6531,0,1,0
25-Nov-2025,8937,Call,9400,0,0,30.6531,0,18,0
25-Nov-2025,8937,Put,7900,0,0,30.6531,0,0,0
25-Nov-2025,8937,Put,9200,0,0,30.6531,0,6,0
25-Nov-2025,8937,Call,10800,0,0,30.6531,0,9,0
25-Nov-2025,8937,Call,9700,0,0,30.6531,0,2,0
25-Nov-2025,8937,Call,8200,0,0,30.6531,0,0,0
25-Nov-2025,8937,Call,8600,0,0,30.6531,0,12,0
25-Nov-2025,8937,Call,7700,0,0,30.6531,0,0,0
30-Dec-2025,8937,Call,9000,0,0,30.6531,0,0,0
25-Nov-2025,8937,Call,7800,0,0,30.6531,0,0,0
30-Dec-2025,8937,Call,8800,0,0,30.6531,0,0,0
25-Nov-2025,8937,Put,7400,0,0,30.6531,0,0,0
30-Dec-2025,8937,Call,9800,0,0,30.6531,0,0,0
