28-Oct-2025,8918.5,Call,9000,175,24.39,30.6531,463,3383,8611
28-Oct-2025,8918.5,Call,8900,224.05,24.14,30.6531,-150,1464,5361
28-Oct-2025,8918.5,-,0,8962,0,30.6531,609,40893,5355
28-Oct-2025,8918.5,Call,9200,99,24.25,30.6531,52,1923,3412
28-Oct-2025,8918.5,Call,8800,280.65,24.23,30.6531,-171,1781,3069
28-Oct-2025,8918.5,Call,9500,37.75,24.95,30.6531,73,2466,2875
28-Oct-2025,8918.5,Call,9100,132.45,24.25,30.6531,-5,955,2604
28-Oct-2025,8918.5,Call,9300,72.25,24.41,30.6531,-115,789,2329
28-Oct-2025,8918.5,Put,8700,86.5,24.25,30.6531,378,1509,2189
28-Oct-2025,8918.5,Put,8800,119.95,24.16,30.6531,204,1508,2028
28-Oct-2025,8918.5,Call,9400,52.6,24.61,30.6531,-212,810,1671
28-Oct-2025,8918.5,Put,8900,160.45,24.24,30.6531,135,677,1506
28-Oct-2025,8918.5,Put,8500,43,24.9,30.6531,265,1479,1452
28-Oct-2025,8918.5,Put,8600,61.6,24.54,30.6531,62,785,1359
28-Oct-2025,8918.5,Put,9000,212.25,24.21,30.6531,78,891,1273
28-Oct-2025,8918.5,Put,8400,28.3,25.09,30.6531,48,859,870
28-Oct-2025,8918.5,Put,8300,19.05,25.19,30.6531,125,575,797
28-Oct-2025,8918.5,Put,8200,12.5,25.81,30.6531,152,792,736
28-Oct-2025,8918.5,Call,9700,19.1,25.59,30.6531,81,517,699
28-Oct-2025,8918.5,Call,10000,7.85,27.38,30.6531,72,2126,686
28-Oct-2025,8918.5,Call,9600,28.05,25.26,30.6531,16,549,626
28-Oct-2025,8918.5,Call,8700,347.3,23.79,30.6531,-30,1097,582
28-Oct-2025,8918.5,Call,9800,14,26.03,30.6531,76,560,479
25-Nov-2025,8918.5,-,0,8991,0,30.6531,61,1147,384
28-Oct-2025,8918.5,Put,8000,6.2,27.51,30.6531,36,728,287
25-Nov-2025,8918.5,Call,10000,57,25.64,30.6531,49,189,173
28-Oct-2025,8918.5,Put,8100,8.45,26.45,30.6531,-45,415,153
28-Oct-2025,8918.5,Call,8600,428,24.96,30.6531,-29,560,127
28-Oct-2025,8918.5,Put,9100,270.75,24.2,30.6531,0,135,127
28-Oct-2025,8918.5,Call,9900,10.75,26.66,30.6531,-9,637,123
28-Oct-2025,8918.5,Put,9500,556.05,21.8,30.6531,-15,160,115
28-Oct-2025,8918.5,Put,9200,337.15,24.97,30.6531,8,618,96
28-Oct-2025,8918.5,Call,8500,502.15,23.89,30.6531,-24,643,81
25-Nov-2025,8918.5,Call,9000,314.5,24.12,30.6531,31,122,66
28-Oct-2025,8918.5,Put,7900,4,28,30.6531,-7,215,63
25-Nov-2025,8918.5,Put,7600,12,27.41,30.6531,50,125,60
28-Oct-2025,8918.5,Put,9300,393.7,22.56,30.6531,13,64,57
30-Dec-2025,8918.5,-,0,9026,0,30.6531,42,156,54
28-Oct-2025,8918.5,Put,9400,472.7,22.35,30.6531,35,78,48
28-Oct-2025,8918.5,Put,7800,2.6,28.57,30.6531,-1,250,41
28-Oct-2025,8918.5,Call,10100,5.6,27.48,30.6531,-6,129,36
25-Nov-2025,8918.5,Put,8000,32.85,25.8,30.6531,10,81,32
28-Oct-2025,8918.5,Put,7700,1.8,29.41,30.6531,0,688,29
25-Nov-2025,8918.5,Put,9000,309.5,25.92,30.6531,20,30,27
28-Oct-2025,8918.5,Put,7600,0.8,28.78,30.6531,-11,472,25
28-Oct-2025,8918.5,Call,10200,4.9,28.75,30.6531,-2,245,20
25-Nov-2025,8918.5,Put,8500,105.8,24.37,30.6531,9,104,18
25-Nov-2025,8918.5,Call,10200,42.2,26.61,30.6531,13,13,18
28-Oct-2025,8918.5,Call,10400,3.8,31.14,30.6531,0,233,15
28-Oct-2025,8918.5,Call,8200,773.2,31.15,30.6531,3,51,13
25-Nov-2025,8918.5,Call,9500,140,24.55,30.6531,2,45,13
25-Nov-2025,8918.5,Call,8900,370,23.79,30.6531,0,37,12
30-Dec-2025,8918.5,Put,8000,72.65,25.84,30.6531,0,9,10
28-Oct-2025,8918.5,Call,8300,696.35,29.53,30.6531,0,106,7
25-Nov-2025,8918.5,Put,8300,66,24.66,30.6531,1,256,7
28-Oct-2025,8918.5,Put,10000,1021.85,0,30.6531,-1,123,6
25-Nov-2025,8918.5,Put,8200,61,26.26,30.6531,0,120,5
25-Nov-2025,8918.5,Call,9200,238,24.51,30.6531,1,6,5
28-Oct-2025,8918.5,Call,10300,3,29.07,30.6531,0,94,4
28-Oct-2025,8918.5,Put,7400,0.3,29.91,30.6531,0,265,4
25-Nov-2025,8918.5,Put,9500,640,28.25,30.6531,1,1,4
28-Oct-2025,8918.5,Call,8400,606,28.35,30.6531,0,150,4
28-Oct-2025,8918.5,Call,8000,982.15,34.86,30.6531,0,40,3
30-Dec-2025,8918.5,Put,9200,485,26.51,30.6531,2,2,3
25-Nov-2025,8918.5,Call,8700,475,22.46,30.6531,0,29,2
25-Nov-2025,8918.5,Call,8500,630,23.87,30.6531,0,2,2
25-Nov-2025,8918.5,Put,10000,1025,27.75,30.6531,0,2,2
25-Nov-2025,8918.5,Call,10400,27.45,26.67,30.6531,0,0,1
25-Nov-2025,8918.5,Call,9100,269.95,23.71,30.6531,0,1,1
25-Nov-2025,8918.5,Call,9600,95,22.51,30.6531,0,10,1
30-Dec-2025,8918.5,Call,9200,271.95,18.31,30.6531,0,0,1
25-Nov-2025,8918.5,Put,8600,141.1,25.14,30.6531,0,0,1
28-Oct-2025,8918.5,Call,7600,0,0,30.6531,0,4,0
28-Oct-2025,8918.5,Put,9600,0,0,30.6531,0,10,0
28-Oct-2025,8918.5,Call,7800,0,0,30.6531,0,0,0
28-Oct-2025,8918.5,Call,7700,0,0,30.6531,0,0,0
28-Oct-2025,8918.5,Call,8100,0,0,30.6531,0,0,0
28-Oct-2025,8918.5,Put,10400,0,0,30.6531,0,11,0
28-Oct-2025,8918.5,Put,7200,0,0,30.6531,0,0,0
28-Oct-2025,8918.5,Put,10200,0,0,30.6531,0,2,0
28-Oct-2025,8918.5,Call,7900,0,0,30.6531,0,0,0
28-Oct-2025,8918.5,Call,7400,0,0,30.6531,0,0,0
25-Nov-2025,8918.5,Put,7200,0,0,30.6531,0,0,0
25-Nov-2025,8918.5,Call,8800,0,0,30.6531,0,8,0
25-Nov-2025,8918.5,Put,8100,0,0,30.6531,0,1,0
28-Oct-2025,8918.5,Put,9800,0,0,30.6531,0,28,0
28-Oct-2025,8918.5,Put,9700,0,0,30.6531,0,31,0
25-Nov-2025,8918.5,Call,7700,0,0,30.6531,0,0,0
25-Nov-2025,8918.5,Call,8100,0,0,30.6531,0,0,0
25-Nov-2025,8918.5,Call,7200,0,0,30.6531,0,0,0
25-Nov-2025,8918.5,Put,9700,0,0,30.6531,0,0,0
25-Nov-2025,8918.5,Put,7800,0,0,30.6531,0,20,0
25-Nov-2025,8918.5,Call,7600,0,0,30.6531,0,0,0
25-Nov-2025,8918.5,Call,9300,0,0,30.6531,0,0,0
25-Nov-2025,8918.5,Call,9400,0,0,30.6531,0,18,0
25-Nov-2025,8918.5,Put,9200,0,0,30.6531,0,6,0
28-Oct-2025,8918.5,Call,7200,0,0,30.6531,0,0,0
25-Nov-2025,8918.5,Call,8200,0,0,30.6531,0,0,0
30-Dec-2025,8918.5,Call,9400,0,0,30.6531,0,0,0
25-Nov-2025,8918.5,Put,8400,0,0,30.6531,0,7,0
28-Oct-2025,8918.5,Put,9900,0,0,30.6531,0,3,0
30-Dec-2025,8918.5,Call,8800,0,0,30.6531,0,0,0
25-Nov-2025,8918.5,Call,10800,0,0,30.6531,0,9,0
25-Nov-2025,8918.5,Call,7800,0,0,30.6531,0,0,0
25-Nov-2025,8918.5,Call,8400,0,0,30.6531,0,0,0
30-Dec-2025,8918.5,Put,9400,0,0,30.6531,0,0,0
25-Nov-2025,8918.5,Call,8600,0,0,30.6531,0,12,0
25-Nov-2025,8918.5,Put,8700,0,0,30.6531,0,15,0
25-Nov-2025,8918.5,Put,7400,0,0,30.6531,0,0,0
30-Dec-2025,8918.5,Put,8800,0,0,30.6531,0,0,0
25-Nov-2025,8918.5,Put,8900,0,0,30.6531,0,1,0
25-Nov-2025,8918.5,Call,9800,0,0,30.6531,0,0,0
30-Dec-2025,8918.5,Call,8600,0,0,30.6531,0,0,0
25-Nov-2025,8918.5,Call,8000,0,0,30.6531,0,0,0
25-Nov-2025,8918.5,Put,9100,0,0,30.6531,0,0,0
30-Dec-2025,8918.5,Put,8600,0,0,30.6531,0,0,0
25-Nov-2025,8918.5,Put,7700,0,0,30.6531,0,0,0
25-Nov-2025,8918.5,Call,7400,0,0,30.6531,0,0,0
25-Nov-2025,8918.5,Put,7900,0,0,30.6531,0,0,0
25-Nov-2025,8918.5,Put,8800,0,0,30.6531,0,0,0
25-Nov-2025,8918.5,Put,9400,0,0,30.6531,0,0,0
30-Dec-2025,8918.5,Call,9000,0,0,30.6531,0,0,0
30-Dec-2025,8918.5,Call,9600,0,0,30.6531,0,0,0
25-Nov-2025,8918.5,Call,8300,0,0,30.6531,0,0,0
25-Nov-2025,8918.5,Put,10200,0,0,30.6531,0,0,0
25-Nov-2025,8918.5,Put,9600,0,0,30.6531,0,0,0
25-Nov-2025,8918.5,Put,10400,0,0,30.6531,0,0,0
30-Dec-2025,8918.5,Put,9000,0,0,30.6531,0,0,0
30-Dec-2025,8918.5,Put,8200,0,0,30.6531,0,0,0
30-Dec-2025,8918.5,Call,10000,0,0,30.6531,0,0,0
30-Dec-2025,8918.5,Put,8400,0,0,30.6531,0,0,0
25-Nov-2025,8918.5,Put,9800,0,0,30.6531,0,0,0
25-Nov-2025,8918.5,Call,9700,0,0,30.6531,0,2,0
25-Nov-2025,8918.5,Put,9300,0,0,30.6531,0,0,0
25-Nov-2025,8918.5,Call,7900,0,0,30.6531,0,0,0
30-Dec-2025,8918.5,Put,7600,0,0,30.6531,0,0,0
30-Dec-2025,8918.5,Call,9800,0,0,30.6531,0,0,0
