28-Oct-2025,2009.3,-,0,2021.4,0,28.1743,288,35186,1064
28-Oct-2025,2009.3,Call,2020,40.9,23.3,28.1743,46,961,862
28-Oct-2025,2009.3,Call,2040,31.45,22.99,28.1743,59,952,821
28-Oct-2025,2009.3,Call,2100,13.05,22.75,28.1743,31,1242,700
28-Oct-2025,2009.3,Call,2060,23.85,22.98,28.1743,25,645,608
28-Oct-2025,2009.3,Call,2000,51.7,23.12,28.1743,37,604,593
28-Oct-2025,2009.3,Put,2020,39.45,22,28.1743,0,332,573
28-Oct-2025,2009.3,Put,2000,30.25,22.45,28.1743,8,517,533
28-Oct-2025,2009.3,Call,2080,17.2,22.58,28.1743,1,1367,401
28-Oct-2025,2009.3,Put,2040,50.4,21.7,28.1743,-69,328,356
28-Oct-2025,2009.3,Put,1980,23.55,22.68,28.1743,4,243,232
25-Nov-2025,2009.3,-,0,2033.2,0,28.1743,48,436,155
28-Oct-2025,2009.3,Call,2200,2.55,24.02,28.1743,18,658,139
28-Oct-2025,2009.3,Put,1960,17.5,23.2,28.1743,30,225,112
28-Oct-2025,2009.3,Put,1920,9.3,23.54,28.1743,15,365,109
28-Oct-2025,2009.3,Call,2120,9.4,22.88,28.1743,4,216,105
28-Oct-2025,2009.3,Put,1900,6.65,24.08,28.1743,8,322,104
28-Oct-2025,2009.3,Call,2140,6.75,23.11,28.1743,16,258,93
28-Oct-2025,2009.3,Put,1940,12.65,23.5,28.1743,-15,310,87
28-Oct-2025,2009.3,Call,2160,4.75,23.28,28.1743,0,223,49
28-Oct-2025,2009.3,Put,2060,62.55,22,28.1743,-8,86,41
28-Oct-2025,2009.3,Call,2180,3.5,23.73,28.1743,-11,158,36
28-Oct-2025,2009.3,Put,1800,2.1,29.7,28.1743,1,1636,35
28-Oct-2025,2009.3,Call,1900,128.45,24.73,28.1743,-9,89,35
28-Oct-2025,2009.3,Call,1980,63.65,23.39,28.1743,4,65,27
30-Dec-2025,2009.3,-,0,2044.4,0,28.1743,23,51,26
28-Oct-2025,2009.3,Put,1880,5,24.82,28.1743,9,128,26
28-Oct-2025,2009.3,Put,2100,82.15,10.29,28.1743,-1,257,26
28-Oct-2025,2009.3,Put,1840,2.45,25.75,28.1743,14,139,16
28-Oct-2025,2009.3,Call,1960,78,24.8,28.1743,2,40,16
28-Oct-2025,2009.3,Call,2220,1.6,23.86,28.1743,-2,398,14
28-Oct-2025,2009.3,Call,2240,1.15,24.26,28.1743,-3,897,12
28-Oct-2025,2009.3,Put,1860,3.85,25.83,28.1743,2,128,12
28-Oct-2025,2009.3,Put,2080,78.85,22.7,28.1743,-1,55,6
28-Oct-2025,2009.3,Call,1940,102.45,31.52,28.1743,-2,24,5
25-Nov-2025,2009.3,Put,1880,11.85,21.66,28.1743,-1,42,5
25-Nov-2025,2009.3,Put,1900,16.6,22.3,28.1743,-1,69,5
28-Oct-2025,2009.3,Call,1880,155.95,38.1,28.1743,1,10,4
28-Oct-2025,2009.3,Call,2280,0.65,25.37,28.1743,0,239,3
25-Nov-2025,2009.3,Put,2000,48.9,22.77,28.1743,2,19,3
25-Nov-2025,2009.3,Call,2240,10.75,23.5,28.1743,2,23,3
28-Oct-2025,2009.3,Call,2400,0.35,31.72,28.1743,-1,33,2
28-Oct-2025,2009.3,Put,2120,111.15,23.42,28.1743,0,9,1
25-Nov-2025,2009.3,Call,2080,49.9,24.48,28.1743,0,1,1
28-Oct-2025,2009.3,Call,2360,0.75,32,28.1743,0,25,1
25-Nov-2025,2009.3,Call,2020,68,21.51,28.1743,0,12,1
28-Oct-2025,2009.3,Put,2400,0,0,28.1743,0,89,0
28-Oct-2025,2009.3,Put,2220,0,0,28.1743,0,0,0
28-Oct-2025,2009.3,Call,1680,0,0,28.1743,0,0,0
28-Oct-2025,2009.3,Put,1680,0,0,28.1743,0,3,0
28-Oct-2025,2009.3,Put,1720,0,0,28.1743,0,455,0
28-Oct-2025,2009.3,Call,1760,0,0,28.1743,0,3,0
28-Oct-2025,2009.3,Call,1840,0,0,28.1743,0,0,0
28-Oct-2025,2009.3,Put,2160,0,0,28.1743,0,17,0
28-Oct-2025,2009.3,Put,2200,0,0,28.1743,0,114,0
28-Oct-2025,2009.3,Call,1720,0,0,28.1743,0,38,0
28-Oct-2025,2009.3,Put,2240,0,0,28.1743,0,5,0
28-Oct-2025,2009.3,Call,1920,0,0,28.1743,0,5,0
28-Oct-2025,2009.3,Call,1740,0,0,28.1743,0,25,0
28-Oct-2025,2009.3,Put,2280,0,0,28.1743,0,7,0
25-Nov-2025,2009.3,Put,1840,0,0,28.1743,0,13,0
28-Oct-2025,2009.3,Put,2140,0,0,28.1743,0,11,0
25-Nov-2025,2009.3,Put,1980,0,0,28.1743,0,0,0
28-Oct-2025,2009.3,Call,2260,0,0,28.1743,0,211,0
28-Oct-2025,2009.3,Put,1820,0,0,28.1743,0,59,0
25-Nov-2025,2009.3,Put,1760,0,0,28.1743,0,0,0
25-Nov-2025,2009.3,Put,2040,0,0,28.1743,0,0,0
28-Oct-2025,2009.3,Put,1740,0,0,28.1743,0,102,0
25-Nov-2025,2009.3,Call,1940,0,0,28.1743,0,0,0
28-Oct-2025,2009.3,Call,1800,0,0,28.1743,0,109,0
25-Nov-2025,2009.3,Put,2400,0,0,28.1743,0,1,0
28-Oct-2025,2009.3,Put,2360,0,0,28.1743,0,14,0
28-Oct-2025,2009.3,Call,2320,0,0,28.1743,0,92,0
25-Nov-2025,2009.3,Call,1920,0,0,28.1743,0,1,0
25-Nov-2025,2009.3,Call,1880,0,0,28.1743,0,12,0
25-Nov-2025,2009.3,Call,2040,0,0,28.1743,0,0,0
25-Nov-2025,2009.3,Call,2280,0,0,28.1743,0,12,0
25-Nov-2025,2009.3,Put,2160,0,0,28.1743,0,0,0
25-Nov-2025,2009.3,Call,1820,0,0,28.1743,0,0,0
28-Oct-2025,2009.3,Call,1780,0,0,28.1743,0,4,0
25-Nov-2025,2009.3,Call,2160,0,0,28.1743,0,2,0
25-Nov-2025,2009.3,Put,2280,0,0,28.1743,0,0,0
25-Nov-2025,2009.3,Put,1940,0,0,28.1743,0,0,0
30-Dec-2025,2009.3,Put,2000,0,0,28.1743,0,0,0
25-Nov-2025,2009.3,Call,1860,0,0,28.1743,0,0,0
25-Nov-2025,2009.3,Put,2120,0,0,28.1743,0,0,0
25-Nov-2025,2009.3,Call,2000,0,0,28.1743,0,51,0
25-Nov-2025,2009.3,Call,2200,0,0,28.1743,0,4,0
28-Oct-2025,2009.3,Put,2320,0,0,28.1743,0,12,0
25-Nov-2025,2009.3,Call,1800,0,0,28.1743,0,0,0
25-Nov-2025,2009.3,Put,2240,0,0,28.1743,0,1,0
25-Nov-2025,2009.3,Put,2360,0,0,28.1743,0,0,0
28-Oct-2025,2009.3,Call,1820,0,0,28.1743,0,7,0
25-Nov-2025,2009.3,Call,2140,0,0,28.1743,0,0,0
25-Nov-2025,2009.3,Put,1820,0,0,28.1743,0,0,0
28-Oct-2025,2009.3,Put,2180,0,0,28.1743,0,0,0
25-Nov-2025,2009.3,Call,2060,0,0,28.1743,0,0,0
25-Nov-2025,2009.3,Put,2060,0,0,28.1743,0,0,0
25-Nov-2025,2009.3,Put,2020,0,0,28.1743,0,8,0
25-Nov-2025,2009.3,Call,2220,0,0,28.1743,0,0,0
25-Nov-2025,2009.3,Put,1720,0,0,28.1743,0,0,0
28-Oct-2025,2009.3,Put,1760,0,0,28.1743,0,7,0
25-Nov-2025,2009.3,Call,1960,0,0,28.1743,0,6,0
25-Nov-2025,2009.3,Put,1920,0,0,28.1743,0,6,0
25-Nov-2025,2009.3,Call,1680,0,0,28.1743,0,0,0
25-Nov-2025,2009.3,Call,1720,0,0,28.1743,0,0,0
30-Dec-2025,2009.3,Put,1880,0,0,28.1743,0,0,0
30-Dec-2025,2009.3,Put,1800,0,0,28.1743,0,0,0
25-Nov-2025,2009.3,Call,1760,0,0,28.1743,0,0,0
25-Nov-2025,2009.3,Put,2140,0,0,28.1743,0,0,0
30-Dec-2025,2009.3,Call,2040,0,0,28.1743,0,0,0
25-Nov-2025,2009.3,Put,2200,0,0,28.1743,0,0,0
25-Nov-2025,2009.3,Put,2080,0,0,28.1743,0,0,0
30-Dec-2025,2009.3,Put,2120,0,0,28.1743,0,0,0
25-Nov-2025,2009.3,Put,1680,0,0,28.1743,0,0,0
30-Dec-2025,2009.3,Call,2080,0,0,28.1743,0,0,0
25-Nov-2025,2009.3,Call,2400,0,0,28.1743,0,1,0
25-Nov-2025,2009.3,Put,2180,0,0,28.1743,0,0,0
25-Nov-2025,2009.3,Put,2100,0,0,28.1743,0,7,0
25-Nov-2025,2009.3,Put,1800,0,0,28.1743,0,0,0
30-Dec-2025,2009.3,Put,1920,0,0,28.1743,0,0,0
25-Nov-2025,2009.3,Call,1840,0,0,28.1743,0,0,0
25-Nov-2025,2009.3,Call,2320,0,0,28.1743,0,0,0
25-Nov-2025,2009.3,Call,1980,0,0,28.1743,0,0,0
30-Dec-2025,2009.3,Put,2040,0,0,28.1743,0,0,0
28-Oct-2025,2009.3,Call,1860,0,0,28.1743,0,2,0
25-Nov-2025,2009.3,Put,2320,0,0,28.1743,0,0,0
30-Dec-2025,2009.3,Call,2200,0,0,28.1743,0,0,0
25-Nov-2025,2009.3,Put,1960,0,0,28.1743,0,2,0
25-Nov-2025,2009.3,Call,1900,0,0,28.1743,0,30,0
25-Nov-2025,2009.3,Call,2360,0,0,28.1743,0,0,0
25-Nov-2025,2009.3,Call,2100,0,0,28.1743,0,12,0
30-Dec-2025,2009.3,Put,2080,0,0,28.1743,0,0,0
25-Nov-2025,2009.3,Put,2220,0,0,28.1743,0,0,0
30-Dec-2025,2009.3,Call,2120,0,0,28.1743,0,0,0
30-Dec-2025,2009.3,Call,2160,0,0,28.1743,0,0,0
25-Nov-2025,2009.3,Put,1860,0,0,28.1743,0,0,0
25-Nov-2025,2009.3,Call,2180,0,0,28.1743,0,0,0
25-Nov-2025,2009.3,Call,2120,0,0,28.1743,0,0,0
30-Dec-2025,2009.3,Put,1960,0,0,28.1743,0,0,0
30-Dec-2025,2009.3,Call,2000,0,0,28.1743,0,0,0
