28-Oct-2025,56694.6,Call,56500,790,10.25,17.3334,30,24082,127419
28-Oct-2025,56694.6,Call,57000,489.7,9.86,17.3334,1848,62707,124291
28-Oct-2025,56694.6,Put,56500,339.25,10.98,17.3334,10872,23595,93947
28-Oct-2025,56694.6,Call,58000,140.2,9.62,17.3334,-316,34415,82198
28-Oct-2025,56694.6,Call,56600,724.9,10.17,17.3334,2531,8212,75712
28-Oct-2025,56694.6,Call,56700,661.65,10.12,17.3334,3150,8141,74601
28-Oct-2025,56694.6,Put,56000,210.45,11.5,17.3334,3352,38198,72077
28-Oct-2025,56694.6,Put,55000,85.4,13.05,17.3334,1759,51231,65338
28-Oct-2025,56694.6,Call,57500,273.6,9.65,17.3334,2387,24155,63525
28-Oct-2025,56694.6,Put,56600,373.55,10.89,17.3334,7271,9071,56167
28-Oct-2025,56694.6,Call,56400,862.2,10.35,17.3334,-1032,7075,54187
28-Oct-2025,56694.6,Call,56800,600.25,10.02,17.3334,1442,6855,46377
28-Oct-2025,56694.6,Put,55500,132.4,12.22,17.3334,3736,28213,43519
28-Oct-2025,56694.6,Put,57000,536.4,10.58,17.3334,8541,41365,41870
28-Oct-2025,56694.6,Call,58500,68.6,9.77,17.3334,4689,21494,41188
28-Oct-2025,56694.6,Call,59000,36.25,10.26,17.3334,824,20336,40268
28-Oct-2025,56694.6,Call,56300,930.6,10.47,17.3334,-1954,5652,40185
28-Oct-2025,56694.6,Put,54000,44.3,15.26,17.3334,826,36377,40039
28-Oct-2025,56694.6,Put,54500,58.6,14.05,17.3334,2305,32465,38905
28-Oct-2025,56694.6,Put,56400,309.3,11.07,17.3334,4039,8384,38333
28-Oct-2025,56694.6,Put,56700,410.2,10.82,17.3334,2849,5661,36397
28-Oct-2025,56694.6,Put,56300,281,11.16,17.3334,3443,8418,35609
28-Oct-2025,56694.6,Put,56200,254.5,11.27,17.3334,3513,11653,33996
28-Oct-2025,56694.6,Call,56000,1163.05,10.66,17.3334,-3179,27571,31820
28-Oct-2025,56694.6,Call,56200,1004.65,10.46,17.3334,-3474,5435,31755
28-Oct-2025,56694.6,Call,56900,545.1,9.96,17.3334,1475,4792,31746
28-Oct-2025,56694.6,Put,53500,34.3,16.49,17.3334,-2652,18621,29563
28-Oct-2025,56694.6,Call,57200,394.55,9.76,17.3334,-324,4217,27686
28-Oct-2025,56694.6,Put,53000,28.35,17.8,17.3334,-2799,23002,25630
28-Oct-2025,56694.6,Put,56800,449.8,10.73,17.3334,3862,5074,25445
28-Oct-2025,56694.6,Call,60000,14.75,11.87,17.3334,1735,23005,24113
28-Oct-2025,56694.6,Call,57400,311.6,9.73,17.3334,423,3808,23121
28-Oct-2025,56694.6,Call,59500,21.8,10.99,17.3334,-1648,9944,23024
28-Oct-2025,56694.6,Call,57100,440.9,9.84,17.3334,662,3532,22919
28-Oct-2025,56694.6,Call,57300,351.4,9.76,17.3334,751,4209,22690
28-Oct-2025,56694.6,Call,63500,4.05,18.96,17.3334,1701,10543,19089
28-Oct-2025,56694.6,Call,57700,211.6,9.64,17.3334,943,4466,18756
28-Oct-2025,56694.6,Call,57600,241.6,9.66,17.3334,426,4480,18245
28-Oct-2025,56694.6,-,0,56960,0,17.3334,2924,50962,17748
28-Oct-2025,56694.6,Call,57900,161.15,9.62,17.3334,1066,2693,17667
28-Oct-2025,56694.6,Call,57800,185.05,9.64,17.3334,563,3981,17390
28-Oct-2025,56694.6,Call,58100,121.35,9.64,17.3334,-240,2238,17237
28-Oct-2025,56694.6,Put,56100,231.6,11.34,17.3334,-81,7484,16768
28-Oct-2025,56694.6,Put,55800,174.4,11.77,17.3334,711,6164,16299
28-Oct-2025,56694.6,Put,55900,191.7,11.62,17.3334,215,5394,14819
28-Oct-2025,56694.6,Call,58200,105,9.66,17.3334,85,3705,14350
28-Oct-2025,56694.6,Put,52500,23.45,19.14,17.3334,1705,12578,13836
28-Oct-2025,56694.6,Put,52000,20.5,20.57,17.3334,-1082,16063,13575
28-Oct-2025,56694.6,Call,56100,1076.15,10.54,17.3334,-1764,3254,13503
28-Oct-2025,56694.6,Put,55700,158.65,11.9,17.3334,137,5026,11952
28-Oct-2025,56694.6,Put,56900,491,10.65,17.3334,1905,2545,10626
28-Oct-2025,56694.6,Call,58300,90.65,9.68,17.3334,1113,3442,10465
28-Oct-2025,56694.6,Call,60500,9.9,12.68,17.3334,70,6589,9346
28-Oct-2025,56694.6,Put,55600,144.75,12.02,17.3334,492,5769,9112
28-Oct-2025,56694.6,Call,55500,1580,11.28,17.3334,1554,13735,8990
28-Oct-2025,56694.6,Put,51000,16,23.37,17.3334,277,10018,8683
28-Oct-2025,56694.6,Put,55400,120.9,12.38,17.3334,672,5962,8609
28-Oct-2025,56694.6,Put,55200,101.35,12.7,17.3334,497,5796,8280
28-Oct-2025,56694.6,Call,58900,40.05,10.11,17.3334,1534,3358,7800
28-Oct-2025,56694.6,Put,55300,110.75,12.49,17.3334,828,6527,7770
28-Oct-2025,56694.6,Call,58600,59.9,9.83,17.3334,808,3393,7638
28-Oct-2025,56694.6,Call,58400,78.7,9.72,17.3334,-174,3308,7627
28-Oct-2025,56694.6,Put,54700,68.45,13.6,17.3334,1355,7210,7480
28-Oct-2025,56694.6,Put,54800,73,13.37,17.3334,900,6777,7207
28-Oct-2025,56694.6,Put,54900,79,13.23,17.3334,-463,5216,7187
28-Oct-2025,56694.6,Put,54400,55.2,14.27,17.3334,56,2938,6985
28-Oct-2025,56694.6,Call,58700,52.3,9.94,17.3334,1562,3337,6659
28-Oct-2025,56694.6,Call,61000,7.9,13.71,17.3334,154,9716,6518
28-Oct-2025,56694.6,Put,51500,18.15,21.98,17.3334,-467,4784,6396
28-Oct-2025,56694.6,Put,55100,93.15,12.87,17.3334,998,5578,6023
28-Oct-2025,56694.6,Put,54600,62.95,13.85,17.3334,101,5799,5612
28-Oct-2025,56694.6,Call,58800,45.95,10.04,17.3334,1377,2278,5560
28-Oct-2025,56694.6,Put,50000,13.8,26.35,17.3334,-623,7142,5372
28-Oct-2025,56694.6,Put,53800,38.85,15.7,17.3334,1002,2773,5366
28-Oct-2025,56694.6,Put,54200,49.45,14.71,17.3334,-188,2650,5336
28-Oct-2025,56694.6,Put,54100,46.15,14.97,17.3334,845,2914,5129
28-Oct-2025,56694.6,Put,54300,51.6,14.5,17.3334,651,3463,4852
28-Oct-2025,56694.6,Put,57500,817.5,10.4,17.3334,628,2509,4334
28-Oct-2025,56694.6,Put,53300,31.65,17,17.3334,809,2945,4265
28-Oct-2025,56694.6,Put,53900,42,15.47,17.3334,408,2437,4111
28-Oct-2025,56694.6,Put,53600,36,16.22,17.3334,296,2421,4007
28-Oct-2025,56694.6,Put,46000,9.25,38.86,17.3334,1960,9557,3990
28-Oct-2025,56694.6,Call,61500,6.8,14.85,17.3334,352,2495,3485
28-Oct-2025,56694.6,Call,55800,1317.5,10.78,17.3334,-46,2736,3288
28-Oct-2025,56694.6,Call,63000,4.3,17.85,17.3334,66,5193,3279
28-Oct-2025,56694.6,Call,55000,2020,11.26,17.3334,-421,21268,3270
25-Nov-2025,56694.6,Put,56000,414,12.07,17.3334,1193,4913,3245
28-Oct-2025,56694.6,Put,57100,583.25,10.54,17.3334,688,1033,3207
28-Oct-2025,56694.6,Call,62000,6,16.06,17.3334,1043,3145,3126
28-Oct-2025,56694.6,Call,59100,32.45,10.41,17.3334,218,758,3109
25-Nov-2025,56694.6,Call,60000,101.45,9.82,17.3334,581,2765,3018
25-Nov-2025,56694.6,Call,57000,976.15,9.39,17.3334,285,3430,2975
28-Oct-2025,56694.6,Call,59700,17.85,11.3,17.3334,606,860,2944
28-Oct-2025,56694.6,Put,53400,32.8,16.72,17.3334,52,2115,2933
28-Oct-2025,56694.6,Call,55900,1241.35,10.85,17.3334,-674,1603,2926
28-Oct-2025,56694.6,Call,59200,28.8,10.55,17.3334,421,832,2721
25-Nov-2025,56694.6,Put,56500,550,11.79,17.3334,392,1375,2524
25-Nov-2025,56694.6,Call,58000,498.75,9.28,17.3334,316,4544,2504
28-Oct-2025,56694.6,Call,59400,23.85,10.85,17.3334,-42,666,2459
28-Oct-2025,56694.6,Put,53200,30.7,17.23,17.3334,-75,2020,2456
25-Nov-2025,56694.6,Put,54000,129.6,13.59,17.3334,780,5009,2384
25-Nov-2025,56694.6,Put,55000,226.9,12.66,17.3334,659,3586,2260
28-Oct-2025,56694.6,Put,57200,641.15,10.49,17.3334,449,857,2240
25-Nov-2025,56694.6,Call,56000,1650,9.45,17.3334,740,3583,2203
25-Nov-2025,56694.6,Put,57000,743.25,11.61,17.3334,384,1411,2167
28-Oct-2025,56694.6,Put,50500,15.2,24.91,17.3334,156,2522,2135
28-Oct-2025,56694.6,Put,53700,37.65,15.97,17.3334,86,2753,2086
28-Oct-2025,56694.6,Put,49000,12.3,29.37,17.3334,-17,1996,2016
28-Oct-2025,56694.6,Call,62500,4.65,16.76,17.3334,-1,3026,1999
28-Oct-2025,56694.6,Call,55200,1841.45,10.22,17.3334,362,2132,1943
28-Oct-2025,56694.6,Put,58000,1178.05,10.53,17.3334,60,3915,1924
28-Oct-2025,56694.6,Call,59300,26.2,10.72,17.3334,164,402,1860
25-Nov-2025,56694.6,-,0,57238.4,0,17.3334,232,5154,1854
28-Oct-2025,56694.6,Put,48000,11.3,32.61,17.3334,79,4771,1602
28-Oct-2025,56694.6,Put,53100,29.15,17.53,17.3334,-88,2366,1553
28-Oct-2025,56694.6,Put,57300,697.75,10.42,17.3334,213,525,1534
28-Oct-2025,56694.6,Call,59600,20.35,11.17,17.3334,50,984,1525
25-Nov-2025,56694.6,Put,53500,95.8,14.05,17.3334,-221,1882,1496
25-Nov-2025,56694.6,Call,57500,717.55,9.32,17.3334,78,1132,1471
25-Nov-2025,56694.6,Call,59000,225.75,9.32,17.3334,356,2432,1440
25-Nov-2025,56694.6,Put,54500,166.9,13.09,17.3334,296,1990,1364
25-Nov-2025,56694.6,Call,56500,1285.3,9.5,17.3334,231,1236,1359
25-Nov-2025,56694.6,Put,53000,75.35,14.65,17.3334,39,2429,1275
28-Oct-2025,56694.6,Put,52900,27,18.05,17.3334,-320,638,1264
28-Oct-2025,56694.6,Put,52700,25.35,18.58,17.3334,28,889,1245
30-Dec-2025,56694.6,Call,60000,291.8,9.01,17.3334,177,2786,1229
28-Oct-2025,56694.6,Put,47000,9.85,35.59,17.3334,-71,2810,1195
28-Oct-2025,56694.6,Call,55700,1412.4,11.22,17.3334,-327,3613,1158
28-Oct-2025,56694.6,Put,52600,24.05,18.82,17.3334,-183,439,1139
30-Dec-2025,56694.6,-,0,57579.8,0,17.3334,12,1232,1031
28-Oct-2025,56694.6,Call,60100,13.45,12.02,17.3334,346,634,966
25-Nov-2025,56694.6,Put,55500,301.1,12.28,17.3334,37,1299,946
28-Oct-2025,56694.6,Call,59800,16.05,11.39,17.3334,206,573,924
28-Oct-2025,56694.6,Put,52400,22.2,19.33,17.3334,-153,430,923
25-Nov-2025,56694.6,Put,57500,970.95,11.68,17.3334,80,520,873
28-Oct-2025,56694.6,Call,55600,1488.7,11.25,17.3334,-168,2870,861
28-Oct-2025,56694.6,Put,52800,26.15,18.32,17.3334,40,947,858
28-Oct-2025,56694.6,Call,59900,15.4,11.67,17.3334,99,299,711
28-Oct-2025,56694.6,Put,57400,756.75,10.63,17.3334,129,389,703
28-Oct-2025,56694.6,Put,49500,12.85,27.94,17.3334,-17,885,673
28-Oct-2025,56694.6,Call,60400,10.85,12.54,17.3334,101,249,649
28-Oct-2025,56694.6,Put,46500,9.6,37.23,17.3334,-170,3065,633
28-Oct-2025,56694.6,Call,54500,2522.5,12.15,17.3334,-216,6607,620
25-Nov-2025,56694.6,Call,59500,146.25,9.51,17.3334,157,470,619
28-Oct-2025,56694.6,Call,61200,7.6,14.21,17.3334,55,108,586
28-Oct-2025,56694.6,Call,54000,3001.15,13.27,17.3334,-39,7142,585
30-Dec-2025,56694.6,Put,57000,885,12.29,17.3334,-23,5064,565
25-Nov-2025,56694.6,Put,48000,21.7,23.12,17.3334,-496,901,534
25-Nov-2025,56694.6,Put,58000,1250,11.52,17.3334,176,424,501
28-Oct-2025,56694.6,Put,51300,17.5,22.52,17.3334,53,447,500
28-Oct-2025,56694.6,Put,52200,21.85,20,17.3334,5,370,486
28-Oct-2025,56694.6,Call,60200,13.6,12.23,17.3334,109,254,486
30-Dec-2025,56694.6,Put,54000,227,13.44,17.3334,-219,4865,478
25-Nov-2025,56694.6,Put,52000,49.8,15.95,17.3334,-33,1176,446
30-Dec-2025,56694.6,Call,57000,1449.95,8.7,17.3334,-8,3750,446
28-Oct-2025,56694.6,Put,52300,21.7,19.55,17.3334,-71,274,441
25-Nov-2025,56694.6,Put,56600,589.95,11.89,17.3334,174,322,437
30-Dec-2025,56694.6,Put,55000,360,12.94,17.3334,182,684,395
28-Oct-2025,56694.6,Call,60600,9.7,12.84,17.3334,28,163,392
28-Oct-2025,56694.6,Call,60800,9,13.26,17.3334,-43,152,387
25-Nov-2025,56694.6,Put,55200,264.2,12.73,17.3334,209,308,381
28-Oct-2025,56694.6,Call,52000,4961,0,17.3334,72,1964,371
28-Oct-2025,56694.6,Call,55400,1661.65,11.05,17.3334,-57,1890,365
28-Oct-2025,56694.6,Call,55300,1761.6,11.36,17.3334,-59,3021,364
28-Oct-2025,56694.6,Put,52100,20.7,20.25,17.3334,41,301,337
30-Dec-2025,56694.6,Put,56000,577.4,12.64,17.3334,63,539,332
25-Nov-2025,56694.6,Call,62000,34.95,11.94,17.3334,170,335,321
25-Nov-2025,56694.6,Call,56700,1159.95,9.42,17.3334,16,445,310
25-Nov-2025,56694.6,Call,55000,2448.1,8.15,17.3334,43,1083,304
28-Oct-2025,56694.6,Put,57600,877,10.5,17.3334,82,188,302
25-Nov-2025,56694.6,Call,58700,292.3,9.16,17.3334,-12,481,294
28-Oct-2025,56694.6,Put,60000,3119.5,18.59,17.3334,-199,3129,286
25-Nov-2025,56694.6,Call,56800,1094.6,9.43,17.3334,48,167,282
30-Dec-2025,56694.6,Put,52500,118,14.47,17.3334,-96,2607.28571429,277
25-Nov-2025,56694.6,Put,56400,521,11.84,17.3334,36,128,271
25-Nov-2025,56694.6,Put,52500,59.75,15.26,17.3334,-16,709,245
28-Oct-2025,56694.6,Call,60300,11.35,12.32,17.3334,69,232,225
28-Oct-2025,56694.6,Call,55100,1895.55,8.64,17.3334,-91,1272,224
25-Nov-2025,56694.6,Call,56400,1370.3,9.49,17.3334,-7,94,224
28-Oct-2025,56694.6,Put,48500,11.6,31.04,17.3334,-1,903,220
30-Dec-2025,56694.6,Call,58500,702.7,8.78,17.3334,-12,1316,219
28-Oct-2025,56694.6,Call,60700,9.4,13.16,17.3334,25,73,213
25-Nov-2025,56694.6,Call,57200,864,9.24,17.3334,73,89,209
25-Nov-2025,56694.6,Call,56600,1228.15,9.27,17.3334,7,116,206
30-Dec-2025,56694.6,Put,57500,1086.25,12.32,17.3334,192,216,205
25-Nov-2025,56694.6,Put,51500,42.05,16.77,17.3334,13,143,201
28-Oct-2025,56694.6,Put,47500,10.3,34.02,17.3334,45,1715,200
25-Nov-2025,56694.6,Call,56200,1444.8,8.47,17.3334,-19,143,195
28-Oct-2025,56694.6,Put,51400,19.6,22,17.3334,99,324,194
30-Dec-2025,56694.6,Put,55500,460,12.83,17.3334,-6,1814.71428571,194
28-Oct-2025,56694.6,Put,57800,1020.1,10.26,17.3334,72,89,190
28-Oct-2025,56694.6,Put,51900,18,20.49,17.3334,-29,452,183
25-Nov-2025,56694.6,Call,55500,1975.45,7.58,17.3334,5,773,182
25-Nov-2025,56694.6,Put,56200,485.2,12.25,17.3334,34,206,182
28-Oct-2025,56694.6,Put,51800,19.2,21.06,17.3334,-40,384,180
25-Nov-2025,56694.6,Put,50000,30.3,19.64,17.3334,-63,824,176
31-Mar-2026,56694.6,Call,60000,930,7.67,17.3334,109,712,171
25-Nov-2025,56694.6,Call,57100,924.25,9.34,17.3334,11,139,161
25-Nov-2025,56694.6,Put,55800,370.05,12.24,17.3334,-36,157,159
28-Oct-2025,56694.6,Call,60900,8.85,13.48,17.3334,37,219,154
25-Nov-2025,56694.6,Put,56300,500,12.01,17.3334,18,158,151
25-Nov-2025,56694.6,Call,57600,671.35,9.28,17.3334,60,124,134
30-Dec-2025,56694.6,Put,51000,75,16.09,17.3334,40,1255,133
30-Dec-2025,56694.6,Put,53500,185.8,13.84,17.3334,82,331,132
25-Nov-2025,56694.6,Call,56900,1040.95,9.4,17.3334,13,71,126
28-Oct-2025,56694.6,Put,59000,2064.95,13.18,17.3334,5,1724,124
28-Oct-2025,56694.6,Put,58500,1604.1,10.77,17.3334,5,208,123
28-Oct-2025,56694.6,Call,54900,2138.55,0,17.3334,-26,1498,121
30-Dec-2025,56694.6,Put,54500,288.9,13.23,17.3334,59,520,118
25-Nov-2025,56694.6,Call,57300,816.25,9.35,17.3334,9,61,117
28-Oct-2025,56694.6,Call,54600,2374.05,0,17.3334,-31,1025,116
28-Oct-2025,56694.6,Put,63000,6095,29.85,17.3334,-7,1037,115
25-Nov-2025,56694.6,Put,55400,284.6,12.64,17.3334,-20,104,111
28-Oct-2025,56694.6,Put,57700,957.95,10.5,17.3334,44,148,109
25-Nov-2025,56694.6,Call,57400,778,8.72,17.3334,-8,66,108
31-Mar-2026,56694.6,Call,57000,2374,4.02,17.3334,27,538,101
28-Oct-2025,56694.6,Put,51200,16.8,22.53,17.3334,3,121,98
28-Oct-2025,56694.6,Put,62000,5050,23.01,17.3334,-70,555,95
25-Nov-2025,56694.6,Call,63000,22,12.92,17.3334,19,219,95
25-Nov-2025,56694.6,Call,56300,1373,8.5,17.3334,-20,49,90
30-Dec-2025,56694.6,Put,53000,148,14.18,17.3334,26,195,89
31-Mar-2026,56694.6,Put,57000,1112.05,13.63,17.3334,63,211,89
28-Oct-2025,56694.6,Put,51600,18.1,21.59,17.3334,-4,118,86
25-Nov-2025,56694.6,Put,56800,659,11.72,17.3334,42,81,86
25-Nov-2025,56694.6,Put,54600,177.6,13.01,17.3334,17,94,86
28-Oct-2025,56694.6,Put,51100,16,22.98,17.3334,-27,63,84
25-Nov-2025,56694.6,Put,55600,334,12.45,17.3334,-26,115,84
25-Nov-2025,56694.6,Put,56100,450,12.18,17.3334,17,125,83
28-Oct-2025,56694.6,Call,54800,2216.85,9.86,17.3334,-15,1530,82
28-Oct-2025,56694.6,Put,49800,14.25,27.19,17.3334,-10,213,81
28-Oct-2025,56694.6,Put,51700,18.75,21.34,17.3334,-6,194,81
28-Oct-2025,56694.6,Call,54700,2300,10.76,17.3334,-27,965,80
30-Dec-2025,56694.6,Call,56000,2120,7.41,17.3334,20,258,80
30-Dec-2025,56694.6,Put,58000,1340,12.48,17.3334,30,193,80
28-Oct-2025,56694.6,Put,50300,14.3,25.44,17.3334,1,127,79
30-Dec-2025,56694.6,Put,58500,1663.95,13.03,17.3334,20,290,79
30-Dec-2025,56694.6,Put,60000,2646.8,14.37,17.3334,21,37,79
25-Nov-2025,56694.6,Put,54700,190.95,12.98,17.3334,7,139,76
25-Nov-2025,56694.6,Call,55600,1920,8.36,17.3334,-39,60,76
28-Oct-2025,56694.6,Put,57900,1123,10.96,17.3334,9,29,74
28-Oct-2025,56694.6,Call,61100,7.15,13.81,17.3334,6,31,71
25-Nov-2025,56694.6,Put,56700,618.8,11.92,17.3334,1,71,71
25-Nov-2025,56694.6,Put,57800,1135.5,11.66,17.3334,64,78,68
25-Nov-2025,56694.6,Call,56100,1535,8.71,17.3334,12,110,67
25-Nov-2025,56694.6,Put,55900,393.75,12.19,17.3334,-18,123,67
28-Oct-2025,56694.6,Call,53000,3963.85,0,17.3334,-33,1731,65
28-Oct-2025,56694.6,Put,59500,2849.05,23.57,17.3334,-37,111,64
28-Oct-2025,56694.6,Put,48800,13.3,30.2,17.3334,-1,76,59
28-Oct-2025,56694.6,Put,50100,14.85,26.28,17.3334,11,112,59
28-Oct-2025,56694.6,Call,54400,2610.95,0,17.3334,-30,479,57
30-Dec-2025,56694.6,Call,64500,30,11.5,17.3334,14,65,50
28-Oct-2025,56694.6,Put,49200,12.4,28.79,17.3334,0,66,46
25-Nov-2025,56694.6,Put,56900,703.5,11.77,17.3334,-1,47,45
28-Oct-2025,56694.6,Put,50900,15.7,23.63,17.3334,14,235,44
25-Nov-2025,56694.6,Put,63000,5770,21.97,17.3334,33,39,43
28-Oct-2025,56694.6,Put,50600,15.15,24.58,17.3334,16,158,42
25-Nov-2025,56694.6,Put,55700,344,12.3,17.3334,0,109,40
28-Oct-2025,56694.6,Call,54300,2624.05,0,17.3334,16,413,39
30-Dec-2025,56694.6,Call,56500,1720,7.56,17.3334,3,72,39
28-Oct-2025,56694.6,Call,53500,3400,0,17.3334,-6,819,37
28-Oct-2025,56694.6,Put,49100,12.7,29.23,17.3334,-6,71,36
28-Oct-2025,56694.6,Put,49700,13,27.43,17.3334,0,81,35
28-Oct-2025,56694.6,Put,50400,14.6,25.16,17.3334,-3,87,35
25-Nov-2025,56694.6,Put,60000,2805,13.36,17.3334,10,120,35
28-Oct-2025,56694.6,Put,50700,15.05,24.2,17.3334,2,157,34
30-Dec-2025,56694.6,Put,48000,35,19.54,17.3334,23,98,33
25-Nov-2025,56694.6,Put,57700,1120.5,12.17,17.3334,29,44,32
25-Nov-2025,56694.6,Put,57200,820.35,12.1,17.3334,-3,59,32
31-Mar-2026,56694.6,Call,58500,1570,6.88,17.3334,28,126,32
25-Nov-2025,56694.6,Call,54000,3318.7,0,17.3334,9,493,31
28-Oct-2025,56694.6,Put,58100,1348.25,12.82,17.3334,6,22,30
25-Nov-2025,56694.6,Put,57600,1076,12.28,17.3334,25,38,30
30-Dec-2025,56694.6,Call,55500,2437.6,4.76,17.3334,-11,952,30
30-Dec-2025,56694.6,Call,54000,3731.5,0,17.3334,6,524,30
25-Nov-2025,56694.6,Put,49000,23.5,21.02,17.3334,10,116,28
25-Nov-2025,56694.6,Put,57100,775.35,11.68,17.3334,6,70,28
28-Oct-2025,56694.6,Put,50200,14.05,25.73,17.3334,2,62,26
25-Nov-2025,56694.6,Put,50500,34.1,18.58,17.3334,11,19,25
25-Nov-2025,56694.6,Call,54800,2556.35,0,17.3334,-8,37,25
25-Nov-2025,56694.6,Put,54900,215.25,12.83,17.3334,5,42,25
28-Oct-2025,56694.6,Call,50000,6850,0,17.3334,-6,3568,24
25-Nov-2025,56694.6,Put,58900,1904.15,12.48,17.3334,10,24,20
25-Nov-2025,56694.6,Put,49500,27.9,20.37,17.3334,11,51,19
25-Nov-2025,56694.6,Put,59000,1958,12.83,17.3334,2,27,19
25-Nov-2025,56694.6,Call,50000,7150,0,17.3334,18,177,19
28-Oct-2025,56694.6,Put,48700,12,30.41,17.3334,2,51,18
28-Oct-2025,56694.6,Put,49300,13.2,28.68,17.3334,-1,68,17
25-Nov-2025,56694.6,Call,55400,2080.8,8.06,17.3334,-12,138,17
25-Nov-2025,56694.6,Call,55900,1699,8.86,17.3334,-6,57,17
28-Oct-2025,56694.6,Put,49400,13,28.27,17.3334,2,58,16
28-Oct-2025,56694.6,Put,50800,14.65,23.75,17.3334,10,134,16
25-Nov-2025,56694.6,Call,54500,2851.15,0,17.3334,0,191,16
25-Nov-2025,56694.6,Call,53000,4276.05,0,17.3334,0,61,16
25-Nov-2025,56694.6,Put,47000,18,24.85,17.3334,-12,94,16
28-Oct-2025,56694.6,Call,48000,8845.8,0,17.3334,4,2202,15
25-Nov-2025,56694.6,Put,46000,15.25,26.62,17.3334,-9,165,15
25-Nov-2025,56694.6,Call,51000,5960,0,17.3334,1,9,15
28-Oct-2025,56694.6,Put,48900,12.25,29.8,17.3334,4,40,14
25-Nov-2025,56694.6,Put,51000,40.8,17.9,17.3334,9,9,14
25-Nov-2025,56694.6,Put,57400,970.5,12.25,17.3334,8,25,12
25-Nov-2025,56694.6,Put,57300,903,12.02,17.3334,3,35,12
28-Oct-2025,56694.6,Put,61000,4126.3,23.3,17.3334,-8,616,11
25-Nov-2025,56694.6,Call,54900,2455.4,0,17.3334,4,47,11
25-Nov-2025,56694.6,Call,55800,1725,7.77,17.3334,-7,81,11
30-Dec-2025,56694.6,Call,55000,2800,0,17.3334,1,100,11
30-Dec-2025,56694.6,Put,48500,37,18.77,17.3334,9,17,11
28-Oct-2025,56694.6,Put,49600,13.8,27.78,17.3334,0,84,10
28-Oct-2025,56694.6,Call,52500,4450,0,17.3334,2,204,10
28-Oct-2025,56694.6,Call,54100,2800.1,0,17.3334,-6,257,10
25-Nov-2025,56694.6,Put,47500,18.45,23.77,17.3334,-5,50,10
28-Oct-2025,56694.6,Put,58200,1452,13.53,17.3334,5,18,9
30-Dec-2025,56694.6,Put,56600,771.75,12.73,17.3334,6,13,7
30-Dec-2025,56694.6,Put,49000,40,18.07,17.3334,6,9,7
28-Oct-2025,56694.6,Call,53900,2963,0,17.3334,0,191,5
28-Oct-2025,56694.6,Call,53600,3300,0,17.3334,0,71,5
25-Nov-2025,56694.6,Put,58500,1600,12.09,17.3334,2,33,5
28-Oct-2025,56694.6,Put,63500,6500,30.51,17.3334,-3,229,4
25-Nov-2025,56694.6,Put,61000,3835,17.25,17.3334,1,37,4
25-Nov-2025,56694.6,Call,55200,2226.2,6.75,17.3334,-2,47,4
30-Dec-2025,56694.6,Put,56800,854.9,12.84,17.3334,1,10,4
28-Oct-2025,56694.6,Call,51000,5853.75,0,17.3334,0,999,3
28-Oct-2025,56694.6,Call,50500,6341.15,0,17.3334,2,82,3
28-Oct-2025,56694.6,Call,53800,3090.8,0,17.3334,-1,98,3
28-Oct-2025,56694.6,Call,53700,3147,0,17.3334,-2,148,3
25-Nov-2025,56694.6,Put,48500,20.6,21.79,17.3334,-1,26,3
25-Nov-2025,56694.6,Call,54700,2604.35,0,17.3334,0,33,3
25-Nov-2025,56694.6,Put,58100,1323.2,11.81,17.3334,2,14,3
25-Nov-2025,56694.6,Put,57900,1225.1,12.07,17.3334,0,17,3
30-Dec-2025,56694.6,Put,47500,28,19.81,17.3334,0,3,3
28-Oct-2025,56694.6,Put,58800,1950.2,13.99,17.3334,0,9,2
28-Oct-2025,56694.6,Call,54200,2688.95,0,17.3334,0,441,2
28-Oct-2025,56694.6,Call,53200,3700,0,17.3334,-1,13,2
25-Nov-2025,56694.6,Call,54600,2722.45,0,17.3334,1,19,2
25-Nov-2025,56694.6,Put,58600,1857.45,14.66,17.3334,0,10,2
25-Nov-2025,56694.6,Put,54100,136.75,13.55,17.3334,-1,44,2
25-Nov-2025,56694.6,Put,59500,2560,15.72,17.3334,1,15,2
30-Dec-2025,56694.6,Call,56700,1820.75,10.26,17.3334,1,1,2
30-Dec-2025,56694.6,Call,51000,6500,0,17.3334,1,132.428571429,2
30-Dec-2025,56694.6,Put,50000,60,17.37,17.3334,1,1,2
28-Oct-2025,56694.6,Call,46500,10400,0,17.3334,0,36,1
28-Oct-2025,56694.6,Put,60500,3785.2,26.91,17.3334,0,18,1
28-Oct-2025,56694.6,Call,51500,5351.55,0,17.3334,0,42,1
28-Oct-2025,56694.6,Call,53400,3438,0,17.3334,0,149,1
28-Oct-2025,56694.6,Call,53300,3536,0,17.3334,0,17,1
28-Oct-2025,56694.6,Put,49900,13.9,26.75,17.3334,0,88,1
25-Nov-2025,56694.6,Put,62500,5500,25.25,17.3334,0,5,1
30-Dec-2025,56694.6,Call,56400,1885.35,8.68,17.3334,0,15,1
30-Dec-2025,56694.6,Call,59500,530.4,10.38,17.3334,0,0,1
31-Mar-2026,56694.6,Put,60000,2600,14.91,17.3334,0,13,1
28-Oct-2025,56694.6,Put,61100,0,0,17.3334,0,0,0
28-Oct-2025,56694.6,Call,49800,0,0,17.3334,0,1,0
28-Oct-2025,56694.6,Call,49700,0,0,17.3334,0,1,0
28-Oct-2025,56694.6,Call,48800,0,0,17.3334,0,2,0
28-Oct-2025,56694.6,Call,48900,0,0,17.3334,0,0,0
28-Oct-2025,56694.6,Call,47000,0,0,17.3334,0,374,0
28-Oct-2025,56694.6,Call,49400,0,0,17.3334,0,0,0
28-Oct-2025,56694.6,Call,48700,0,0,17.3334,0,0,0
28-Oct-2025,56694.6,Call,49900,0,0,17.3334,0,1,0
28-Oct-2025,56694.6,Call,50900,0,0,17.3334,0,6,0
28-Oct-2025,56694.6,Call,50700,0,0,17.3334,0,7,0
28-Oct-2025,56694.6,Call,49300,0,0,17.3334,0,0,0
28-Oct-2025,56694.6,Put,61200,0,0,17.3334,0,0,0
28-Oct-2025,56694.6,Call,50800,0,0,17.3334,0,6,0
28-Oct-2025,56694.6,Call,49200,0,0,17.3334,0,0,0
28-Oct-2025,56694.6,Put,59300,0,0,17.3334,0,8,0
28-Oct-2025,56694.6,Call,50600,0,0,17.3334,0,5,0
28-Oct-2025,56694.6,Call,49100,0,0,17.3334,0,0,0
28-Oct-2025,56694.6,Call,49600,0,0,17.3334,0,0,0
28-Oct-2025,56694.6,Put,58700,0,0,17.3334,0,9,0
28-Oct-2025,56694.6,Call,51800,0,0,17.3334,0,20,0
28-Oct-2025,56694.6,Call,51700,0,0,17.3334,0,18,0
28-Oct-2025,56694.6,Put,60100,0,0,17.3334,0,9,0
28-Oct-2025,56694.6,Put,58300,0,0,17.3334,0,9,0
28-Oct-2025,56694.6,Call,51900,0,0,17.3334,0,14,0
28-Oct-2025,56694.6,Put,60200,0,0,17.3334,0,6,0
28-Oct-2025,56694.6,Put,60300,0,0,17.3334,0,6,0
28-Oct-2025,56694.6,Put,58400,0,0,17.3334,0,13,0
28-Oct-2025,56694.6,Put,58600,0,0,17.3334,0,15,0
28-Oct-2025,56694.6,Put,59100,0,0,17.3334,0,8,0
28-Oct-2025,56694.6,Put,59200,0,0,17.3334,0,10,0
28-Oct-2025,56694.6,Put,58900,0,0,17.3334,0,29,0
28-Oct-2025,56694.6,Put,59600,0,0,17.3334,0,8,0
28-Oct-2025,56694.6,Put,59700,0,0,17.3334,0,6,0
28-Oct-2025,56694.6,Put,60600,0,0,17.3334,0,6,0
28-Oct-2025,56694.6,Put,60700,0,0,17.3334,0,4,0
28-Oct-2025,56694.6,Put,60900,0,0,17.3334,0,3,0
28-Oct-2025,56694.6,Call,53100,0,0,17.3334,0,8,0
28-Oct-2025,56694.6,Call,52900,0,0,17.3334,0,40,0
28-Oct-2025,56694.6,Call,52800,0,0,17.3334,0,15,0
28-Oct-2025,56694.6,Call,52700,0,0,17.3334,0,5,0
28-Oct-2025,56694.6,Call,52600,0,0,17.3334,0,13,0
28-Oct-2025,56694.6,Call,52400,0,0,17.3334,0,9,0
28-Oct-2025,56694.6,Call,52300,0,0,17.3334,0,14,0
28-Oct-2025,56694.6,Call,52200,0,0,17.3334,0,11,0
28-Oct-2025,56694.6,Call,52100,0,0,17.3334,0,12,0
28-Oct-2025,56694.6,Put,62500,0,0,17.3334,0,1,0
28-Oct-2025,56694.6,Put,61500,0,0,17.3334,0,4,0
28-Oct-2025,56694.6,Call,51600,0,0,17.3334,0,18,0
28-Oct-2025,56694.6,Call,51400,0,0,17.3334,0,12,0
28-Oct-2025,56694.6,Call,51300,0,0,17.3334,0,11,0
28-Oct-2025,56694.6,Call,51200,0,0,17.3334,0,10,0
28-Oct-2025,56694.6,Call,51100,0,0,17.3334,0,6,0
28-Oct-2025,56694.6,Call,49500,0,0,17.3334,0,8,0
28-Oct-2025,56694.6,Call,49000,0,0,17.3334,0,555,0
28-Oct-2025,56694.6,Call,50100,0,0,17.3334,0,45,0
28-Oct-2025,56694.6,Put,59800,0,0,17.3334,0,6,0
28-Oct-2025,56694.6,Call,47500,0,0,17.3334,0,1,0
28-Oct-2025,56694.6,Call,48500,0,0,17.3334,0,25,0
28-Oct-2025,56694.6,Put,60400,0,0,17.3334,0,6,0
28-Oct-2025,56694.6,Call,46000,0,0,17.3334,0,18,0
28-Oct-2025,56694.6,Call,50200,0,0,17.3334,0,3,0
28-Oct-2025,56694.6,Call,50300,0,0,17.3334,0,5,0
28-Oct-2025,56694.6,Call,50400,0,0,17.3334,0,4,0
28-Oct-2025,56694.6,Put,60800,0,0,17.3334,0,3,0
28-Oct-2025,56694.6,Put,59400,0,0,17.3334,0,8,0
25-Nov-2025,56694.6,Call,62500,0,0,17.3334,0,1,0
25-Nov-2025,56694.6,Put,50100,0,0,17.3334,0,0,0
25-Nov-2025,56694.6,Call,51600,0,0,17.3334,0,3,0
25-Nov-2025,56694.6,Call,51900,0,0,17.3334,0,6,0
25-Nov-2025,56694.6,Call,59900,0,0,17.3334,0,0,0
25-Nov-2025,56694.6,Put,50200,0,0,17.3334,0,0,0
25-Nov-2025,56694.6,Call,52400,0,0,17.3334,0,4,0
28-Oct-2025,56694.6,Put,59900,0,0,17.3334,0,11,0
25-Nov-2025,56694.6,Call,52100,0,0,17.3334,0,10,0
25-Nov-2025,56694.6,Put,49100,0,0,17.3334,0,0,0
25-Nov-2025,56694.6,Put,52800,0,0,17.3334,0,0,0
25-Nov-2025,56694.6,Call,52200,0,0,17.3334,0,5,0
25-Nov-2025,56694.6,Call,51800,0,0,17.3334,0,6,0
25-Nov-2025,56694.6,Call,52300,0,0,17.3334,0,5,0
25-Nov-2025,56694.6,Call,51700,0,0,17.3334,0,5,0
25-Nov-2025,56694.6,Put,52300,0,0,17.3334,0,0,0
25-Nov-2025,56694.6,Put,52200,0,0,17.3334,0,0,0
25-Nov-2025,56694.6,Call,58600,0,0,17.3334,0,1,0
25-Nov-2025,56694.6,Call,58800,0,0,17.3334,0,0,0
25-Nov-2025,56694.6,Call,58300,0,0,17.3334,0,0,0
25-Nov-2025,56694.6,Put,58700,0,0,17.3334,0,11,0
25-Nov-2025,56694.6,Put,49400,0,0,17.3334,0,4,0
25-Nov-2025,56694.6,Put,51700,0,0,17.3334,0,0,0
25-Nov-2025,56694.6,Put,62000,0,0,17.3334,0,4,0
25-Nov-2025,56694.6,Put,59300,0,0,17.3334,0,11,0
25-Nov-2025,56694.6,Put,53900,0,0,17.3334,0,0,0
25-Nov-2025,56694.6,Call,46500,0,0,17.3334,0,0,0
25-Nov-2025,56694.6,Call,58400,0,0,17.3334,0,0,0
25-Nov-2025,56694.6,Put,60300,0,0,17.3334,0,9,0
25-Nov-2025,56694.6,Put,55100,0,0,17.3334,0,0,0
25-Nov-2025,56694.6,Call,59300,0,0,17.3334,0,0,0
25-Nov-2025,56694.6,Call,60100,0,0,17.3334,0,0,0
25-Nov-2025,56694.6,Put,53400,0,0,17.3334,0,1,0
25-Nov-2025,56694.6,Put,48900,0,0,17.3334,0,0,0
25-Nov-2025,56694.6,Put,48700,0,0,17.3334,0,0,0
25-Nov-2025,56694.6,Put,61500,0,0,17.3334,0,5,0
25-Nov-2025,56694.6,Put,60100,0,0,17.3334,0,10,0
25-Nov-2025,56694.6,Call,60900,0,0,17.3334,0,0,0
25-Nov-2025,56694.6,Put,50300,0,0,17.3334,0,0,0
25-Nov-2025,56694.6,Put,49600,0,0,17.3334,0,0,0
25-Nov-2025,56694.6,Call,63500,0,0,17.3334,0,0,0
25-Nov-2025,56694.6,Put,60900,0,0,17.3334,0,0,0
25-Nov-2025,56694.6,Put,59200,0,0,17.3334,0,10,0
25-Nov-2025,56694.6,Call,59200,0,0,17.3334,0,0,0
25-Nov-2025,56694.6,Call,57900,0,0,17.3334,0,0,0
25-Nov-2025,56694.6,Call,57800,0,0,17.3334,0,0,0
25-Nov-2025,56694.6,Call,60400,0,0,17.3334,0,0,0
25-Nov-2025,56694.6,Call,52600,0,0,17.3334,0,8,0
25-Nov-2025,56694.6,Put,51100,0,0,17.3334,0,0,0
25-Nov-2025,56694.6,Put,50600,0,0,17.3334,0,0,0
25-Nov-2025,56694.6,Put,51400,0,0,17.3334,0,0,0
25-Nov-2025,56694.6,Put,58400,0,0,17.3334,0,12,0
25-Nov-2025,56694.6,Call,52500,0,0,17.3334,0,8,0
25-Nov-2025,56694.6,Call,60200,0,0,17.3334,0,0,0
25-Nov-2025,56694.6,Put,53600,0,0,17.3334,0,0,0
25-Nov-2025,56694.6,Put,50400,0,0,17.3334,0,0,0
25-Nov-2025,56694.6,Put,49800,0,0,17.3334,0,0,0
25-Nov-2025,56694.6,Put,49300,0,0,17.3334,0,0,0
25-Nov-2025,56694.6,Put,53700,0,0,17.3334,0,0,0
25-Nov-2025,56694.6,Put,60200,0,0,17.3334,0,9,0
25-Nov-2025,56694.6,Put,59400,0,0,17.3334,0,10,0
25-Nov-2025,56694.6,Put,50700,0,0,17.3334,0,0,0
25-Nov-2025,56694.6,Call,52700,0,0,17.3334,0,4,0
25-Nov-2025,56694.6,Put,60400,0,0,17.3334,0,9,0
25-Nov-2025,56694.6,Call,53200,0,0,17.3334,0,4,0
25-Nov-2025,56694.6,Call,60300,0,0,17.3334,0,0,0
25-Nov-2025,56694.6,Put,52900,0,0,17.3334,0,0,0
25-Nov-2025,56694.6,Put,51800,0,0,17.3334,0,0,0
25-Nov-2025,56694.6,Put,59100,0,0,17.3334,0,12,0
25-Nov-2025,56694.6,Call,57700,0,0,17.3334,0,0,0
25-Nov-2025,56694.6,Call,52000,0,0,17.3334,0,61,0
25-Nov-2025,56694.6,Call,51500,0,0,17.3334,0,15,0
25-Nov-2025,56694.6,Call,51400,0,0,17.3334,0,4,0
25-Nov-2025,56694.6,Put,58300,0,0,17.3334,0,8,0
25-Nov-2025,56694.6,Call,59800,0,0,17.3334,0,0,0
25-Nov-2025,56694.6,Call,59700,0,0,17.3334,0,0,0
25-Nov-2025,56694.6,Put,58800,0,0,17.3334,0,8,0
25-Nov-2025,56694.6,Put,61200,0,0,17.3334,0,0,0
25-Nov-2025,56694.6,Put,51600,0,0,17.3334,0,0,0
25-Nov-2025,56694.6,Call,50200,0,0,17.3334,0,1,0
25-Nov-2025,56694.6,Call,50100,0,0,17.3334,0,0,0
25-Nov-2025,56694.6,Call,49900,0,0,17.3334,0,1,0
25-Nov-2025,56694.6,Call,49800,0,0,17.3334,0,0,0
25-Nov-2025,56694.6,Put,58200,0,0,17.3334,0,10,0
25-Nov-2025,56694.6,Put,54300,0,0,17.3334,0,0,0
25-Nov-2025,56694.6,Call,54300,0,0,17.3334,0,8,0
25-Nov-2025,56694.6,Put,54200,0,0,17.3334,0,0,0
25-Nov-2025,56694.6,Put,60600,0,0,17.3334,0,8,0
25-Nov-2025,56694.6,Put,60500,0,0,17.3334,0,8,0
25-Nov-2025,56694.6,Put,55300,0,0,17.3334,0,0,0
25-Nov-2025,56694.6,Put,54800,0,0,17.3334,0,1,0
25-Nov-2025,56694.6,Put,52400,0,0,17.3334,0,0,0
25-Nov-2025,56694.6,Put,52100,0,0,17.3334,0,0,0
25-Nov-2025,56694.6,Put,51900,0,0,17.3334,0,0,0
25-Nov-2025,56694.6,Put,51300,0,0,17.3334,0,0,0
25-Nov-2025,56694.6,Put,49900,0,0,17.3334,0,0,0
25-Nov-2025,56694.6,Put,49700,0,0,17.3334,0,0,0
25-Nov-2025,56694.6,Put,59800,0,0,17.3334,0,10,0
25-Nov-2025,56694.6,Call,48700,0,0,17.3334,0,0,0
25-Nov-2025,56694.6,Put,50800,0,0,17.3334,0,0,0
25-Nov-2025,56694.6,Put,48800,0,0,17.3334,0,0,0
25-Nov-2025,56694.6,Call,60600,0,0,17.3334,0,0,0
25-Nov-2025,56694.6,Call,54100,0,0,17.3334,0,6,0
25-Nov-2025,56694.6,Put,53800,0,0,17.3334,0,0,0
25-Nov-2025,56694.6,Call,53500,0,0,17.3334,0,27,0
25-Nov-2025,56694.6,Put,53100,0,0,17.3334,0,0,0
25-Nov-2025,56694.6,Put,46500,0,0,17.3334,0,9,0
25-Nov-2025,56694.6,Call,46000,0,0,17.3334,0,0,0
25-Nov-2025,56694.6,Call,61500,0,0,17.3334,0,5,0
25-Nov-2025,56694.6,Call,61000,0,0,17.3334,0,1,0
25-Nov-2025,56694.6,Call,60500,0,0,17.3334,0,0,0
25-Nov-2025,56694.6,Call,58500,0,0,17.3334,0,0,0
25-Nov-2025,56694.6,Put,59900,0,0,17.3334,0,10,0
25-Nov-2025,56694.6,Put,50900,0,0,17.3334,0,1,0
25-Nov-2025,56694.6,Call,58900,0,0,17.3334,0,0,0
25-Nov-2025,56694.6,Put,60700,0,0,17.3334,0,9,0
25-Nov-2025,56694.6,Call,60700,0,0,17.3334,0,0,0
25-Nov-2025,56694.6,Call,58200,0,0,17.3334,0,0,0
25-Nov-2025,56694.6,Call,58100,0,0,17.3334,0,0,0
25-Nov-2025,56694.6,Call,59400,0,0,17.3334,0,0,0
25-Nov-2025,56694.6,Put,53300,0,0,17.3334,0,0,0
25-Nov-2025,56694.6,Call,53700,0,0,17.3334,0,5,0
25-Nov-2025,56694.6,Call,53600,0,0,17.3334,0,7,0
25-Nov-2025,56694.6,Call,53900,0,0,17.3334,0,7,0
25-Nov-2025,56694.6,Call,53800,0,0,17.3334,0,19,0
25-Nov-2025,56694.6,Call,53400,0,0,17.3334,0,4,0
25-Nov-2025,56694.6,Call,50400,0,0,17.3334,0,1,0
25-Nov-2025,56694.6,Put,54400,0,0,17.3334,0,0,0
25-Nov-2025,56694.6,Call,50500,0,0,17.3334,0,5,0
25-Nov-2025,56694.6,Call,53300,0,0,17.3334,0,4,0
25-Nov-2025,56694.6,Call,51100,0,0,17.3334,0,3,0
25-Nov-2025,56694.6,Call,50700,0,0,17.3334,0,2,0
25-Nov-2025,56694.6,Call,50300,0,0,17.3334,0,2,0
25-Nov-2025,56694.6,Put,53200,0,0,17.3334,0,0,0
25-Nov-2025,56694.6,Call,50800,0,0,17.3334,0,1,0
25-Nov-2025,56694.6,Call,54400,0,0,17.3334,0,6,0
25-Nov-2025,56694.6,Call,50900,0,0,17.3334,0,3,0
30-Dec-2025,56694.6,Call,58000,0,0,17.3334,0,0,0
30-Dec-2025,56694.6,Call,57500,0,0,17.3334,0,0,0
30-Dec-2025,56694.6,Put,64500,0,0,17.3334,0,0,0
30-Dec-2025,56694.6,Call,52500,0,0,17.3334,0,0,0
30-Dec-2025,56694.6,Call,63000,0,0,17.3334,0,0,0
30-Dec-2025,56694.6,Put,55900,0,0,17.3334,0,0,0
30-Dec-2025,56694.6,Call,54300,0,0,17.3334,0,0,0
30-Dec-2025,56694.6,Call,54200,0,0,17.3334,0,0,0
30-Dec-2025,56694.6,Call,53900,0,0,17.3334,0,0,0
30-Dec-2025,56694.6,Call,53800,0,0,17.3334,0,0,0
30-Dec-2025,56694.6,Call,53700,0,0,17.3334,0,0,0
30-Dec-2025,56694.6,Call,53600,0,0,17.3334,0,0,0
30-Dec-2025,56694.6,Call,53500,0,0,17.3334,0,4,0
30-Dec-2025,56694.6,Call,53200,0,0,17.3334,0,0,0
30-Dec-2025,56694.6,Call,53100,0,0,17.3334,0,0,0
30-Dec-2025,56694.6,Call,53000,0,0,17.3334,0,0,0
30-Dec-2025,56694.6,Call,52700,0,0,17.3334,0,0,0
30-Dec-2025,56694.6,Call,52400,0,0,17.3334,0,0,0
30-Dec-2025,56694.6,Call,52300,0,0,17.3334,0,0,0
30-Dec-2025,56694.6,Call,52200,0,0,17.3334,0,0,0
30-Dec-2025,56694.6,Call,58800,0,0,17.3334,0,0,0
30-Dec-2025,56694.6,Call,58700,0,0,17.3334,0,0,0
30-Dec-2025,56694.6,Call,58600,0,0,17.3334,0,0,0
30-Dec-2025,56694.6,Call,58400,0,0,17.3334,0,0,0
30-Dec-2025,56694.6,Call,58300,0,0,17.3334,0,0,0
25-Nov-2025,56694.6,Call,55300,0,0,17.3334,0,49,0
25-Nov-2025,56694.6,Call,55100,0,0,17.3334,0,20,0
25-Nov-2025,56694.6,Call,47000,0,0,17.3334,0,0,0
25-Nov-2025,56694.6,Call,47500,0,0,17.3334,0,0,0
25-Nov-2025,56694.6,Call,49700,0,0,17.3334,0,0,0
25-Nov-2025,56694.6,Call,49600,0,0,17.3334,0,0,0
25-Nov-2025,56694.6,Call,49500,0,0,17.3334,0,0,0
25-Nov-2025,56694.6,Call,49400,0,0,17.3334,0,0,0
25-Nov-2025,56694.6,Call,49300,0,0,17.3334,0,0,0
25-Nov-2025,56694.6,Call,49200,0,0,17.3334,0,0,0
25-Nov-2025,56694.6,Call,49100,0,0,17.3334,0,0,0
25-Nov-2025,56694.6,Call,49000,0,0,17.3334,0,0,0
25-Nov-2025,56694.6,Call,48900,0,0,17.3334,0,0,0
25-Nov-2025,56694.6,Call,48800,0,0,17.3334,0,0,0
25-Nov-2025,56694.6,Call,48500,0,0,17.3334,0,0,0
25-Nov-2025,56694.6,Call,48000,0,0,17.3334,0,82,0
25-Nov-2025,56694.6,Put,52700,0,0,17.3334,0,0,0
25-Nov-2025,56694.6,Put,52600,0,0,17.3334,0,0,0
25-Nov-2025,56694.6,Call,59600,0,0,17.3334,0,0,0
25-Nov-2025,56694.6,Put,63500,0,0,17.3334,0,1,0
25-Nov-2025,56694.6,Put,61100,0,0,17.3334,0,0,0
25-Nov-2025,56694.6,Call,61100,0,0,17.3334,0,1,0
25-Nov-2025,56694.6,Put,60800,0,0,17.3334,0,0,0
25-Nov-2025,56694.6,Call,60800,0,0,17.3334,0,0,0
25-Nov-2025,56694.6,Call,55700,0,0,17.3334,0,26,0
25-Nov-2025,56694.6,Put,51200,0,0,17.3334,0,0,0
25-Nov-2025,56694.6,Call,59100,0,0,17.3334,0,0,0
25-Nov-2025,56694.6,Call,52900,0,0,17.3334,0,3,0
25-Nov-2025,56694.6,Call,51300,0,0,17.3334,0,3,0
25-Nov-2025,56694.6,Call,53100,0,0,17.3334,0,4,0
25-Nov-2025,56694.6,Call,51200,0,0,17.3334,0,2,0
25-Nov-2025,56694.6,Put,59700,0,0,17.3334,0,10,0
25-Nov-2025,56694.6,Put,49200,0,0,17.3334,0,0,0
25-Nov-2025,56694.6,Call,50600,0,0,17.3334,0,1,0
25-Nov-2025,56694.6,Put,59600,0,0,17.3334,0,10,0
25-Nov-2025,56694.6,Call,54200,0,0,17.3334,0,7,0
25-Nov-2025,56694.6,Call,61200,0,0,17.3334,0,0,0
25-Nov-2025,56694.6,Call,52800,0,0,17.3334,0,3,0
30-Dec-2025,56694.6,Call,51700,0,0,17.3334,0,0,0
30-Dec-2025,56694.6,Call,51600,0,0,17.3334,0,0,0
30-Dec-2025,56694.6,Put,51500,0,0,17.3334,0,0,0
30-Dec-2025,56694.6,Call,51300,0,0,17.3334,0,0,0
30-Dec-2025,56694.6,Call,50800,0,0,17.3334,0,0,0
30-Dec-2025,56694.6,Call,50700,0,0,17.3334,0,0,0
30-Dec-2025,56694.6,Call,50400,0,0,17.3334,0,0,0
30-Dec-2025,56694.6,Put,61100,0,0,17.3334,0,0,0
30-Dec-2025,56694.6,Put,59500,0,0,17.3334,0,0,0
30-Dec-2025,56694.6,Put,58300,0,0,17.3334,0,0,0
30-Dec-2025,56694.6,Call,61200,0,0,17.3334,0,0,0
30-Dec-2025,56694.6,Call,61500,0,0,17.3334,0,0,0
30-Dec-2025,56694.6,Put,52000,0,0,17.3334,0,0,0
30-Dec-2025,56694.6,Put,51800,0,0,17.3334,0,0,0
30-Dec-2025,56694.6,Put,51700,0,0,17.3334,0,0,0
30-Dec-2025,56694.6,Put,50900,0,0,17.3334,0,0,0
30-Dec-2025,56694.6,Put,50800,0,0,17.3334,0,0,0
30-Dec-2025,56694.6,Put,50600,0,0,17.3334,0,0,0
30-Dec-2025,56694.6,Put,50300,0,0,17.3334,0,0,0
30-Dec-2025,56694.6,Put,50200,0,0,17.3334,0,0,0
30-Dec-2025,56694.6,Put,56200,0,0,17.3334,0,0,0
30-Dec-2025,56694.6,Put,56100,0,0,17.3334,0,0,0
30-Dec-2025,56694.6,Put,52800,0,0,17.3334,0,0,0
30-Dec-2025,56694.6,Put,52700,0,0,17.3334,0,0,0
30-Dec-2025,56694.6,Put,52600,0,0,17.3334,0,0,0
30-Dec-2025,56694.6,Put,58400,0,0,17.3334,0,0,0
30-Dec-2025,56694.6,Put,61200,0,0,17.3334,0,0,0
30-Dec-2025,56694.6,Put,55600,0,0,17.3334,0,0,0
30-Dec-2025,56694.6,Call,56300,0,0,17.3334,0,0,0
30-Dec-2025,56694.6,Call,55900,0,0,17.3334,0,0,0
30-Dec-2025,56694.6,Call,55600,0,0,17.3334,0,0,0
30-Dec-2025,56694.6,Call,55300,0,0,17.3334,0,0,0
30-Dec-2025,56694.6,Call,55200,0,0,17.3334,0,0,0
30-Dec-2025,56694.6,Call,55100,0,0,17.3334,0,0,0
30-Dec-2025,56694.6,Call,54800,0,0,17.3334,0,0,0
30-Dec-2025,56694.6,Call,54700,0,0,17.3334,0,0,0
30-Dec-2025,56694.6,Call,54500,0,0,17.3334,0,0,0
30-Dec-2025,56694.6,Call,54400,0,0,17.3334,0,0,0
30-Dec-2025,56694.6,Put,46500,0,0,17.3334,0,0,0
30-Dec-2025,56694.6,Call,61100,0,0,17.3334,0,0,0
30-Dec-2025,56694.6,Put,63500,0,0,17.3334,0,0,0
30-Dec-2025,56694.6,Call,63500,0,0,17.3334,0,0,0
30-Dec-2025,56694.6,Put,53800,0,0,17.3334,0,0,0
30-Dec-2025,56694.6,Put,53700,0,0,17.3334,0,0,0
30-Dec-2025,56694.6,Put,53600,0,0,17.3334,0,0,0
30-Dec-2025,56694.6,Call,53400,0,0,17.3334,0,0,0
30-Dec-2025,56694.6,Call,53300,0,0,17.3334,0,0,0
30-Dec-2025,56694.6,Put,53200,0,0,17.3334,0,0,0
30-Dec-2025,56694.6,Put,53100,0,0,17.3334,0,0,0
30-Dec-2025,56694.6,Put,49900,0,0,17.3334,0,0,0
30-Dec-2025,56694.6,Put,49800,0,0,17.3334,0,0,0
30-Dec-2025,56694.6,Put,52300,0,0,17.3334,0,1,0
30-Dec-2025,56694.6,Put,52200,0,0,17.3334,0,0,0
30-Dec-2025,56694.6,Put,60900,0,0,17.3334,0,0,0
30-Dec-2025,56694.6,Put,60700,0,0,17.3334,0,0,0
30-Dec-2025,56694.6,Put,51900,0,0,17.3334,0,0,0
30-Dec-2025,56694.6,Call,62000,0,0,17.3334,0,0,0
30-Dec-2025,56694.6,Call,59600,0,0,17.3334,0,0,0
30-Dec-2025,56694.6,Call,59400,0,0,17.3334,0,0,0
30-Dec-2025,56694.6,Call,59300,0,0,17.3334,0,0,0
30-Dec-2025,56694.6,Call,59200,0,0,17.3334,0,0,0
30-Dec-2025,56694.6,Call,59100,0,0,17.3334,0,0,0
30-Dec-2025,56694.6,Call,59000,0,0,17.3334,0,0,0
30-Dec-2025,56694.6,Call,58900,0,0,17.3334,0,0,0
30-Dec-2025,56694.6,Call,56800,0,0,17.3334,0,0,0
30-Dec-2025,56694.6,Call,49900,0,0,17.3334,0,0,0
30-Dec-2025,56694.6,Call,58100,0,0,17.3334,0,0,0
30-Dec-2025,56694.6,Call,49700,0,0,17.3334,0,0,0
30-Dec-2025,56694.6,Call,50000,0,0,17.3334,0,3,0
30-Dec-2025,56694.6,Call,49600,0,0,17.3334,0,0,0
30-Dec-2025,56694.6,Put,47000,0,0,17.3334,0,2,0
30-Dec-2025,56694.6,Call,57900,0,0,17.3334,0,0,0
30-Dec-2025,56694.6,Call,57400,0,0,17.3334,0,0,0
30-Dec-2025,56694.6,Call,57600,0,0,17.3334,0,0,0
30-Dec-2025,56694.6,Call,57800,0,0,17.3334,0,0,0
30-Dec-2025,56694.6,Call,58200,0,0,17.3334,0,0,0
30-Dec-2025,56694.6,Call,51100,0,0,17.3334,0,0,0
30-Dec-2025,56694.6,Call,51500,0,0,17.3334,0,0,0
30-Dec-2025,56694.6,Call,51400,0,0,17.3334,0,0,0
30-Dec-2025,56694.6,Call,54100,0,0,17.3334,0,0,0
30-Dec-2025,56694.6,Call,54600,0,0,17.3334,0,0,0
30-Dec-2025,56694.6,Call,51200,0,0,17.3334,0,0,0
30-Dec-2025,56694.6,Call,51900,0,0,17.3334,0,0,0
30-Dec-2025,56694.6,Put,55700,0,0,17.3334,0,6,0
30-Dec-2025,56694.6,Put,50700,0,0,17.3334,0,0,0
30-Dec-2025,56694.6,Put,57900,0,0,17.3334,0,0,0
30-Dec-2025,56694.6,Put,49600,0,0,17.3334,0,0,0
30-Dec-2025,56694.6,Call,60200,0,0,17.3334,0,0,0
30-Dec-2025,56694.6,Put,60100,0,0,17.3334,0,0,0
30-Dec-2025,56694.6,Call,52900,0,0,17.3334,0,0,0
30-Dec-2025,56694.6,Call,60900,0,0,17.3334,0,0,0
30-Dec-2025,56694.6,Call,49500,0,0,17.3334,0,0,0
30-Dec-2025,56694.6,Call,48000,0,0,17.3334,0,0,0
30-Dec-2025,56694.6,Call,61000,0,0,17.3334,0,0,0
30-Dec-2025,56694.6,Call,57700,0,0,17.3334,0,0,0
30-Dec-2025,56694.6,Call,57300,0,0,17.3334,0,4,0
30-Dec-2025,56694.6,Call,57200,0,0,17.3334,0,5,0
30-Dec-2025,56694.6,Call,57100,0,0,17.3334,0,4,0
30-Dec-2025,56694.6,Call,56900,0,0,17.3334,0,2,0
30-Dec-2025,56694.6,Call,56600,0,0,17.3334,0,0,0
30-Dec-2025,56694.6,Call,56200,0,0,17.3334,0,0,0
30-Dec-2025,56694.6,Call,56100,0,0,17.3334,0,2,0
30-Dec-2025,56694.6,Call,55800,0,0,17.3334,0,0,0
30-Dec-2025,56694.6,Call,55700,0,0,17.3334,0,0,0
30-Dec-2025,56694.6,Put,55400,0,0,17.3334,0,0,0
30-Dec-2025,56694.6,Call,55400,0,0,17.3334,0,0,0
30-Dec-2025,56694.6,Put,55300,0,0,17.3334,0,0,0
30-Dec-2025,56694.6,Put,55200,0,0,17.3334,0,0,0
30-Dec-2025,56694.6,Put,55100,0,0,17.3334,0,0,0
30-Dec-2025,56694.6,Put,43500,0,0,17.3334,0,37.8571428571,0
30-Dec-2025,56694.6,Put,56400,0,0,17.3334,0,0,0
30-Dec-2025,56694.6,Put,56300,0,0,17.3334,0,0,0
30-Dec-2025,56694.6,Put,57300,0,0,17.3334,0,7,0
30-Dec-2025,56694.6,Put,57200,0,0,17.3334,0,4,0
30-Dec-2025,56694.6,Put,54900,0,0,17.3334,0,0,0
30-Dec-2025,56694.6,Call,54900,0,0,17.3334,0,0,0
30-Dec-2025,56694.6,Put,54800,0,0,17.3334,0,0,0
30-Dec-2025,56694.6,Put,54600,0,0,17.3334,0,0,0
30-Dec-2025,56694.6,Call,50600,0,0,17.3334,0,0,0
30-Dec-2025,56694.6,Put,50500,0,0,17.3334,0,0,0
30-Dec-2025,56694.6,Call,50500,0,0,17.3334,0,0,0
30-Dec-2025,56694.6,Call,50300,0,0,17.3334,0,0,0
30-Dec-2025,56694.6,Call,50200,0,0,17.3334,0,0,0
30-Dec-2025,56694.6,Call,50100,0,0,17.3334,0,0,0
30-Dec-2025,56694.6,Call,49800,0,0,17.3334,0,0,0
30-Dec-2025,56694.6,Call,49000,0,0,17.3334,0,0,0
30-Dec-2025,56694.6,Call,48500,0,0,17.3334,0,0,0
30-Dec-2025,56694.6,Call,47500,0,0,17.3334,0,0,0
30-Dec-2025,56694.6,Call,47000,0,0,17.3334,0,0,0
30-Dec-2025,56694.6,Put,49500,0,0,17.3334,0,0,0
30-Dec-2025,56694.6,Call,60700,0,0,17.3334,0,0,0
30-Dec-2025,56694.6,Call,60800,0,0,17.3334,0,0,0
30-Dec-2025,56694.6,Call,52800,0,0,17.3334,0,0,0
30-Dec-2025,56694.6,Call,50900,0,0,17.3334,0,0,0
30-Dec-2025,56694.6,Call,51800,0,0,17.3334,0,0,0
30-Dec-2025,56694.6,Put,54300,0,0,17.3334,0,0,0
30-Dec-2025,56694.6,Call,46500,0,0,17.3334,0,0,0
30-Dec-2025,56694.6,Put,54400,0,0,17.3334,0,0,0
30-Dec-2025,56694.6,Put,54200,0,0,17.3334,0,0,0
30-Dec-2025,56694.6,Call,52100,0,0,17.3334,0,0,0
30-Dec-2025,56694.6,Call,52600,0,0,17.3334,0,0,0
30-Dec-2025,56694.6,Call,52000,0,0,17.3334,0,0,0
30-Dec-2025,56694.6,Put,52400,0,0,17.3334,0,0,0
30-Dec-2025,56694.6,Put,58600,0,0,17.3334,0,0,0
30-Dec-2025,56694.6,Put,59200,0,0,17.3334,0,0,0
30-Dec-2025,56694.6,Put,52100,0,0,17.3334,0,0,0
30-Dec-2025,56694.6,Put,54700,0,0,17.3334,0,0,0
30-Dec-2025,56694.6,Put,55800,0,0,17.3334,0,0,0
30-Dec-2025,56694.6,Put,60800,0,0,17.3334,0,0,0
30-Dec-2025,56694.6,Put,60600,0,0,17.3334,0,0,0
30-Dec-2025,56694.6,Call,60600,0,0,17.3334,0,0,0
30-Dec-2025,56694.6,Put,60400,0,0,17.3334,0,0,0
30-Dec-2025,56694.6,Call,60400,0,0,17.3334,0,0,0
30-Dec-2025,56694.6,Put,59000,0,0,17.3334,0,0,0
30-Dec-2025,56694.6,Put,57100,0,0,17.3334,0,6,0
30-Dec-2025,56694.6,Put,56500,0,0,17.3334,0,0,0
30-Dec-2025,56694.6,Put,49700,0,0,17.3334,0,0,0
30-Dec-2025,56694.6,Put,60500,0,0,17.3334,0,0,0
30-Dec-2025,56694.6,Put,58700,0,0,17.3334,0,0,0
30-Dec-2025,56694.6,Put,50100,0,0,17.3334,0,0,0
30-Dec-2025,56694.6,Put,51100,0,0,17.3334,0,0,0
30-Dec-2025,56694.6,Put,58800,0,0,17.3334,0,0,0
30-Dec-2025,56694.6,Put,57800,0,0,17.3334,0,0,0
30-Dec-2025,56694.6,Put,58900,0,0,17.3334,0,0,0
30-Dec-2025,56694.6,Put,54100,0,0,17.3334,0,0,0
30-Dec-2025,56694.6,Put,62500,0,0,17.3334,0,0,0
30-Dec-2025,56694.6,Put,51200,0,0,17.3334,0,0,0
30-Dec-2025,56694.6,Call,60300,0,0,17.3334,0,0,0
30-Dec-2025,56694.6,Put,59600,0,0,17.3334,0,0,0
30-Dec-2025,56694.6,Call,60500,0,0,17.3334,0,0,0
30-Dec-2025,56694.6,Call,59900,0,0,17.3334,0,0,0
30-Dec-2025,56694.6,Put,59800,0,0,17.3334,0,0,0
30-Dec-2025,56694.6,Put,60300,0,0,17.3334,0,0,0
30-Dec-2025,56694.6,Put,61500,0,0,17.3334,0,0,0
30-Dec-2025,56694.6,Put,56700,0,0,17.3334,0,12,0
30-Dec-2025,56694.6,Put,62000,0,0,17.3334,0,0,0
30-Dec-2025,56694.6,Put,51600,0,0,17.3334,0,0,0
30-Dec-2025,56694.6,Put,60200,0,0,17.3334,0,0,0
30-Dec-2025,56694.6,Put,61000,0,0,17.3334,0,0,0
30-Dec-2025,56694.6,Put,50400,0,0,17.3334,0,0,0
30-Dec-2025,56694.6,Call,62500,0,0,17.3334,0,1,0
30-Dec-2025,56694.6,Call,60100,0,0,17.3334,0,0,0
30-Dec-2025,56694.6,Call,59700,0,0,17.3334,0,0,0
30-Dec-2025,56694.6,Call,59800,0,0,17.3334,0,0,0
30-Dec-2025,56694.6,Put,56900,0,0,17.3334,0,9,0
30-Dec-2025,56694.6,Put,59900,0,0,17.3334,0,0,0
30-Dec-2025,56694.6,Put,57400,0,0,17.3334,0,0,0
30-Dec-2025,56694.6,Put,53300,0,0,17.3334,0,0,0
30-Dec-2025,56694.6,Put,57700,0,0,17.3334,0,0,0
30-Dec-2025,56694.6,Put,53400,0,0,17.3334,0,0,0
30-Dec-2025,56694.6,Put,58200,0,0,17.3334,0,0,0
31-Mar-2026,56694.6,Put,51000,0,0,17.3334,0,0,0
31-Mar-2026,56694.6,Put,46500,0,0,17.3334,0,0,0
30-Dec-2025,56694.6,Put,63000,0,0,17.3334,0,0,0
31-Mar-2026,56694.6,Put,54000,0,0,17.3334,0,0,0
30-Dec-2025,56694.6,Put,53900,0,0,17.3334,0,0,0
30-Dec-2025,56694.6,Put,58100,0,0,17.3334,0,0,0
30-Dec-2025,56694.6,Put,57600,0,0,17.3334,0,0,0
31-Mar-2026,56694.6,Put,52500,0,0,17.3334,0,0,0
31-Mar-2026,56694.6,Put,48000,0,0,17.3334,0,0,0
31-Mar-2026,56694.6,Call,64500,0,0,17.3334,0,0,0
31-Mar-2026,56694.6,Call,63000,0,0,17.3334,0,0,0
30-Jun-2026,56694.6,Put,57000,0,0,17.3334,0,0,0
30-Jun-2026,56694.6,Put,49500,0,0,17.3334,0,0,0
30-Dec-2025,56694.6,Put,52900,0,0,17.3334,0,0,0
31-Mar-2026,56694.6,Put,49500,0,0,17.3334,0,0,0
30-Jun-2026,56694.6,Put,52500,0,0,17.3334,0,0,0
30-Jun-2026,56694.6,Call,61500,0,0,17.3334,0,0,0
30-Jun-2026,56694.6,Put,55500,0,0,17.3334,0,0,0
30-Jun-2026,56694.6,Call,57000,0,0,17.3334,0,0,0
30-Jun-2026,56694.6,Call,64500,0,0,17.3334,0,0,0
30-Jun-2026,56694.6,Call,63000,0,0,17.3334,0,0,0
30-Jun-2026,56694.6,Put,46500,0,0,17.3334,0,0,0
30-Jun-2026,56694.6,Put,51000,0,0,17.3334,0,0,0
30-Jun-2026,56694.6,Put,48000,0,0,17.3334,0,0,0
30-Jun-2026,56694.6,Put,54000,0,0,17.3334,0,0,0
31-Mar-2026,56694.6,Put,55500,0,0,17.3334,0,0,0
31-Mar-2026,56694.6,Call,61500,0,0,17.3334,0,0,0
30-Jun-2026,56694.6,Call,60000,0,0,17.3334,0,0,0
