28-Oct-2025,240.75,-,0,241.97,0,46.2399,264,21707,1251
28-Oct-2025,240.75,Call,240,6.95,27.41,46.2399,-183,1109,744
28-Oct-2025,240.75,Call,245,4.6,27.59,46.2399,22,752,573
28-Oct-2025,240.75,Put,240,4.95,27.94,46.2399,77,1047,489
28-Oct-2025,240.75,Call,250,2.95,28.08,46.2399,71,2000,367
28-Oct-2025,240.75,Call,242.5,5.65,27.43,46.2399,32,173,240
28-Oct-2025,240.75,Put,235,2.95,27.86,46.2399,7,417,175
28-Oct-2025,240.75,Put,237.5,3.9,28.06,46.2399,1,150,170
28-Oct-2025,240.75,Call,255,1.8,28.39,46.2399,1,359,151
28-Oct-2025,240.75,Put,245,7.55,28,46.2399,-2,439,125
28-Oct-2025,240.75,Call,247.5,3.7,27.71,46.2399,-11,114,112
28-Oct-2025,240.75,Call,260,1.1,28.96,46.2399,-6,726,108
28-Oct-2025,240.75,Put,230,1.7,29.1,46.2399,20,534,106
28-Oct-2025,240.75,Put,242.5,6.15,28,46.2399,-3,103,94
25-Nov-2025,240.75,-,0,243.77,0,46.2399,11,607,54
28-Oct-2025,240.75,Call,237.5,8.5,28.81,46.2399,-10,45,48
28-Oct-2025,240.75,Call,280,0.2,34.86,46.2399,-21,283,48
28-Oct-2025,240.75,Call,230,13.75,31.65,46.2399,2,235,47
28-Oct-2025,240.75,Put,250,10.9,27.87,46.2399,-12,262,46
28-Oct-2025,240.75,Call,270,0.45,30.98,46.2399,2,487,43
28-Oct-2025,240.75,Call,235,10,29.02,46.2399,-1,302,34
28-Oct-2025,240.75,Put,247.5,8.9,28.43,46.2399,-4,119,32
28-Oct-2025,240.75,Call,252.5,2.25,28.01,46.2399,-4,108,30
28-Oct-2025,240.75,Put,232.5,2.25,28.52,46.2399,1,101,27
28-Oct-2025,240.75,Put,225,1,29.51,46.2399,-3,216,23
28-Oct-2025,240.75,Put,220,0.6,30.91,46.2399,0,379,23
28-Oct-2025,240.75,Put,200,0.15,42.27,46.2399,0,234,22
28-Oct-2025,240.75,Put,227.5,1.4,29.29,46.2399,7,43,21
28-Oct-2025,240.75,Call,265,0.7,29.77,46.2399,-7,304,20
28-Oct-2025,240.75,Put,260,18.5,29.04,46.2399,1,339,15
28-Oct-2025,240.75,Call,227.5,16.25,28.9,46.2399,-2,36,14
28-Oct-2025,240.75,Put,255,14.35,29.53,46.2399,-5,85,13
28-Oct-2025,240.75,Put,252.5,12.4,28.7,46.2399,-2,54,12
28-Oct-2025,240.75,Call,232.5,12.2,28.08,46.2399,0,36,10
28-Oct-2025,240.75,Call,225,18.35,28.68,46.2399,1,100,10
28-Oct-2025,240.75,Put,265,23.2,31.67,46.2399,-4,70,9
28-Oct-2025,240.75,Call,220,23.6,37.53,46.2399,3,153,9
28-Oct-2025,240.75,Put,257.5,16.35,28.77,46.2399,-2,28,8
28-Oct-2025,240.75,Put,267.5,25.35,30.19,46.2399,-2,17,8
28-Oct-2025,240.75,Call,222.5,20.75,30.77,46.2399,2,21,8
25-Nov-2025,240.75,Call,240,11.9,29.25,46.2399,1,26,8
28-Oct-2025,240.75,Put,215,0.4,33.99,46.2399,0,211,7
28-Oct-2025,240.75,Call,257.5,1.45,28.44,46.2399,1,95,5
28-Oct-2025,240.75,Put,262.5,20.45,26.57,46.2399,0,34,5
28-Oct-2025,240.75,Put,270,27.35,21.81,46.2399,0,90,5
28-Oct-2025,240.75,Put,222.5,0.75,30.49,46.2399,2,53,5
25-Nov-2025,240.75,Put,240,8.45,31.01,46.2399,0,20,5
25-Nov-2025,240.75,Put,230,4.85,30.89,46.2399,0,41,4
30-Dec-2025,240.75,-,0,245.88,0,46.2399,-2,92,3
28-Oct-2025,240.75,Call,215,28,36.63,46.2399,0,20,3
28-Oct-2025,240.75,Put,210,0.25,35.9,46.2399,0,260,3
25-Nov-2025,240.75,Put,225,3.5,31.72,46.2399,2,18,3
28-Oct-2025,240.75,Call,267.5,0.5,29.58,46.2399,0,36,2
25-Nov-2025,240.75,Call,265,3.15,28.83,46.2399,0,1,2
28-Oct-2025,240.75,Put,205,0.2,39.34,46.2399,0,50,1
28-Oct-2025,240.75,Call,262.5,0.85,28.91,46.2399,0,33,1
28-Oct-2025,240.75,Put,170,0.05,63.04,46.2399,0,30,1
28-Oct-2025,240.75,Put,280,38,43.49,46.2399,0,118,1
25-Nov-2025,240.75,Call,260,4.55,29.76,46.2399,0,43,1
25-Nov-2025,240.75,Call,245,9.25,0,46.2399,0,2,1
28-Oct-2025,240.75,Put,217.5,0,0,46.2399,0,0,0
28-Oct-2025,240.75,Call,210,0,0,46.2399,0,76,0
28-Oct-2025,240.75,Put,275,0,0,46.2399,0,2,0
28-Oct-2025,240.75,Call,275,0,0,46.2399,0,89,0
28-Oct-2025,240.75,Put,195,0,0,46.2399,0,4,0
28-Oct-2025,240.75,Call,205,0,0,46.2399,0,10,0
28-Oct-2025,240.75,Put,180,0,0,46.2399,0,34,0
28-Oct-2025,240.75,Call,200,0,0,46.2399,0,49,0
28-Oct-2025,240.75,Call,180,0,0,46.2399,0,1,0
25-Nov-2025,240.75,Call,280,0,0,46.2399,0,0,0
25-Nov-2025,240.75,Put,205,0,0,46.2399,0,0,0
25-Nov-2025,240.75,Call,222.5,0,0,46.2399,0,0,0
25-Nov-2025,240.75,Put,260,0,0,46.2399,0,3,0
25-Nov-2025,240.75,Call,210,0,0,46.2399,0,0,0
25-Nov-2025,240.75,Call,217.5,0,0,46.2399,0,0,0
25-Nov-2025,240.75,Call,215,0,0,46.2399,0,0,0
25-Nov-2025,240.75,Call,235,0,0,46.2399,0,0,0
28-Oct-2025,240.75,Call,217.5,0,0,46.2399,0,0,0
25-Nov-2025,240.75,Call,267.5,0,0,46.2399,0,0,0
25-Nov-2025,240.75,Put,255,0,0,46.2399,0,2,0
25-Nov-2025,240.75,Put,252.5,0,0,46.2399,0,0,0
25-Nov-2025,240.75,Call,242.5,0,0,46.2399,0,0,0
25-Nov-2025,240.75,Call,205,0,0,46.2399,0,0,0
25-Nov-2025,240.75,Put,250,0,0,46.2399,0,25,0
25-Nov-2025,240.75,Call,232.5,0,0,46.2399,0,0,0
25-Nov-2025,240.75,Put,262.5,0,0,46.2399,0,0,0
25-Nov-2025,240.75,Put,200,0,0,46.2399,0,3,0
25-Nov-2025,240.75,Call,225,0,0,46.2399,0,0,0
25-Nov-2025,240.75,Put,275,0,0,46.2399,0,0,0
25-Nov-2025,240.75,Put,247.5,0,0,46.2399,0,0,0
25-Nov-2025,240.75,Put,220,0,0,46.2399,0,10,0
25-Nov-2025,240.75,Call,270,0,0,46.2399,0,20,0
25-Nov-2025,240.75,Call,230,0,0,46.2399,0,0,0
25-Nov-2025,240.75,Put,242.5,0,0,46.2399,0,0,0
25-Nov-2025,240.75,Put,222.5,0,0,46.2399,0,0,0
25-Nov-2025,240.75,Call,247.5,0,0,46.2399,0,0,0
25-Nov-2025,240.75,Call,252.5,0,0,46.2399,0,0,0
25-Nov-2025,240.75,Put,270,0,0,46.2399,0,2,0
25-Nov-2025,240.75,Put,232.5,0,0,46.2399,0,0,0
25-Nov-2025,240.75,Put,245,0,0,46.2399,0,8,0
25-Nov-2025,240.75,Put,215,0,0,46.2399,0,0,0
25-Nov-2025,240.75,Call,227.5,0,0,46.2399,0,0,0
25-Nov-2025,240.75,Call,237.5,0,0,46.2399,0,0,0
25-Nov-2025,240.75,Put,257.5,0,0,46.2399,0,0,0
25-Nov-2025,240.75,Put,280,0,0,46.2399,0,0,0
25-Nov-2025,240.75,Call,262.5,0,0,46.2399,0,0,0
25-Nov-2025,240.75,Call,250,0,0,46.2399,0,21,0
25-Nov-2025,240.75,Put,265,0,0,46.2399,0,0,0
25-Nov-2025,240.75,Call,220,0,0,46.2399,0,0,0
25-Nov-2025,240.75,Call,257.5,0,0,46.2399,0,0,0
25-Nov-2025,240.75,Put,267.5,0,0,46.2399,0,0,0
25-Nov-2025,240.75,Put,217.5,0,0,46.2399,0,0,0
25-Nov-2025,240.75,Put,227.5,0,0,46.2399,0,0,0
25-Nov-2025,240.75,Call,255,0,0,46.2399,0,5,0
25-Nov-2025,240.75,Put,237.5,0,0,46.2399,0,0,0
25-Nov-2025,240.75,Put,235,0,0,46.2399,0,0,0
25-Nov-2025,240.75,Put,210,0,0,46.2399,0,2,0
30-Dec-2025,240.75,Put,245,0,0,46.2399,0,0,0
30-Dec-2025,240.75,Call,260,0,0,46.2399,0,0,0
30-Dec-2025,240.75,Put,250,0,0,46.2399,0,0,0
30-Dec-2025,240.75,Call,235,0,0,46.2399,0,0,0
30-Dec-2025,240.75,Put,255,0,0,46.2399,0,0,0
30-Dec-2025,240.75,Call,280,0,0,46.2399,0,0,0
30-Dec-2025,240.75,Put,210,0,0,46.2399,0,0,0
30-Dec-2025,240.75,Put,240,0,0,46.2399,0,0,0
25-Nov-2025,240.75,Call,275,0,0,46.2399,0,0,0
30-Dec-2025,240.75,Put,215,0,0,46.2399,0,0,0
30-Dec-2025,240.75,Put,260,0,0,46.2399,0,0,0
30-Dec-2025,240.75,Call,255,0,0,46.2399,0,0,0
30-Dec-2025,240.75,Put,220,0,0,46.2399,0,0,0
30-Dec-2025,240.75,Put,230,0,0,46.2399,0,0,0
30-Dec-2025,240.75,Put,235,0,0,46.2399,0,0,0
30-Dec-2025,240.75,Call,245,0,0,46.2399,0,0,0
30-Dec-2025,240.75,Call,265,0,0,46.2399,0,0,0
30-Dec-2025,240.75,Call,250,0,0,46.2399,0,0,0
30-Dec-2025,240.75,Call,270,0,0,46.2399,0,0,0
30-Dec-2025,240.75,Put,225,0,0,46.2399,0,0,0
30-Dec-2025,240.75,Call,240,0,0,46.2399,0,0,0
