28-Oct-2025,241.5,-,0,242.59,0,46.2399,267,21710,1585
28-Oct-2025,241.5,Call,240,7.35,27.43,46.2399,-148,1144,921
28-Oct-2025,241.5,Put,240,4.65,27.72,46.2399,77,1047,705
28-Oct-2025,241.5,Call,245,4.85,27.77,46.2399,38,768,704
28-Oct-2025,241.5,Call,250,3.15,27.92,46.2399,74,2003,530
28-Oct-2025,241.5,Call,242.5,5.95,27.52,46.2399,33,174,315
28-Oct-2025,241.5,Put,235,2.8,27.99,46.2399,15,425,237
28-Oct-2025,241.5,Put,237.5,3.6,27.74,46.2399,4,153,209
28-Oct-2025,241.5,Call,255,1.95,28.04,46.2399,5,363,195
28-Oct-2025,241.5,Call,247.5,3.95,27.72,46.2399,-4,121,152
28-Oct-2025,241.5,Put,245,7.05,27.7,46.2399,-1,440,146
28-Oct-2025,241.5,Call,260,1.2,28.67,46.2399,-3,729,138
28-Oct-2025,241.5,Put,230,1.7,29.09,46.2399,23,537,131
28-Oct-2025,241.5,Put,242.5,5.75,27.63,46.2399,3,109,120
28-Oct-2025,241.5,Call,270,0.45,30.74,46.2399,20,505,118
25-Nov-2025,241.5,-,0,244.13,0,46.2399,13,609,69
28-Oct-2025,241.5,Call,237.5,8.85,27.5,46.2399,-3,52,65
28-Oct-2025,241.5,Call,280,0.2,33.36,46.2399,-20,284,65
28-Oct-2025,241.5,Call,230,14.4,27.26,46.2399,1,234,58
28-Oct-2025,241.5,Call,235,10.45,27.24,46.2399,3,306,56
28-Oct-2025,241.5,Call,252.5,2.45,27.91,46.2399,1,113,55
28-Oct-2025,241.5,Put,250,10.25,29.5,46.2399,-11,263,52
28-Oct-2025,241.5,Put,247.5,8.65,27.96,46.2399,-4,119,40
28-Oct-2025,241.5,Put,225,0.95,29.78,46.2399,-2,217,33
28-Oct-2025,241.5,Put,232.5,2.1,28.88,46.2399,1,101,32
28-Oct-2025,241.5,Put,220,0.6,31.82,46.2399,4,383,31
28-Oct-2025,241.5,Call,265,0.7,29.5,46.2399,-8,303,30
28-Oct-2025,241.5,Put,260,18.45,30.29,46.2399,1,339,28
28-Oct-2025,241.5,Call,257.5,1.45,28.12,46.2399,4,98,26
28-Oct-2025,241.5,Put,227.5,1.2,28.79,46.2399,10,46,26
28-Oct-2025,241.5,Put,200,0.15,42.46,46.2399,0,234,22
28-Oct-2025,241.5,Call,227.5,16.5,27.55,46.2399,-2,36,21
28-Oct-2025,241.5,Put,255,14.25,29.47,46.2399,-6,84,20
28-Oct-2025,241.5,Put,252.5,12.3,29.14,46.2399,0,56,20
28-Oct-2025,241.5,Call,225,18.7,27.94,46.2399,4,103,18
28-Oct-2025,241.5,Call,232.5,12.1,26.28,46.2399,0,36,16
28-Oct-2025,241.5,Put,257.5,16.3,29.82,46.2399,-1,29,15
28-Oct-2025,241.5,Put,265,23.2,33.72,46.2399,-3,71,13
28-Oct-2025,241.5,Call,220,22.95,26.01,46.2399,1,151,13
28-Oct-2025,241.5,Call,222.5,20.75,28.06,46.2399,3,22,10
28-Oct-2025,241.5,Put,267.5,25.55,34.9,46.2399,-2,17,10
28-Oct-2025,241.5,Put,262.5,20.5,32.71,46.2399,0,34,9
25-Nov-2025,241.5,Call,240,11.9,27.75,46.2399,1,26,9
28-Oct-2025,241.5,Put,270,27.9,35.82,46.2399,0,90,8
28-Oct-2025,241.5,Put,210,0.25,36.11,46.2399,-3,257,7
28-Oct-2025,241.5,Put,215,0.4,34.22,46.2399,0,211,7
28-Oct-2025,241.5,Call,215,27.75,24.96,46.2399,1,21,6
25-Nov-2025,241.5,Put,240,8.8,32.36,46.2399,1,21,6
25-Nov-2025,241.5,Put,230,4.6,30.95,46.2399,1,42,6
28-Oct-2025,241.5,Put,222.5,0.75,30.75,46.2399,2,53,5
25-Nov-2025,241.5,Call,265,3.65,30.49,46.2399,3,4,4
30-Dec-2025,241.5,-,0,245.88,0,46.2399,-2,92,3
25-Nov-2025,241.5,Put,225,3.5,31.93,46.2399,2,18,3
28-Oct-2025,241.5,Put,205,0.2,39.54,46.2399,0,50,2
28-Oct-2025,241.5,Call,267.5,0.5,29.33,46.2399,0,36,2
25-Nov-2025,241.5,Call,260,4.3,28.67,46.2399,0,43,2
28-Oct-2025,241.5,Put,170,0.05,63.2,46.2399,0,30,1
28-Oct-2025,241.5,Put,280,38,46.28,46.2399,0,118,1
28-Oct-2025,241.5,Call,262.5,0.85,28.63,46.2399,0,33,1
25-Nov-2025,241.5,Call,245,9.25,27.46,46.2399,0,2,1
25-Nov-2025,241.5,Put,260,20.25,0,46.2399,0,3,1
25-Nov-2025,241.5,Put,220,2.65,32.99,46.2399,0,10,1
28-Oct-2025,241.5,Put,180,0,0,46.2399,0,34,0
28-Oct-2025,241.5,Call,180,0,0,46.2399,0,1,0
28-Oct-2025,241.5,Call,210,0,0,46.2399,0,76,0
28-Oct-2025,241.5,Call,275,0,0,46.2399,0,89,0
28-Oct-2025,241.5,Put,275,0,0,46.2399,0,2,0
28-Oct-2025,241.5,Call,217.5,0,0,46.2399,0,0,0
28-Oct-2025,241.5,Put,195,0,0,46.2399,0,4,0
28-Oct-2025,241.5,Call,205,0,0,46.2399,0,10,0
28-Oct-2025,241.5,Put,217.5,0,0,46.2399,0,0,0
28-Oct-2025,241.5,Call,200,0,0,46.2399,0,49,0
25-Nov-2025,241.5,Call,267.5,0,0,46.2399,0,0,0
25-Nov-2025,241.5,Call,247.5,0,0,46.2399,0,0,0
25-Nov-2025,241.5,Put,280,0,0,46.2399,0,0,0
25-Nov-2025,241.5,Put,200,0,0,46.2399,0,3,0
25-Nov-2025,241.5,Call,250,0,0,46.2399,0,21,0
25-Nov-2025,241.5,Call,262.5,0,0,46.2399,0,0,0
25-Nov-2025,241.5,Put,262.5,0,0,46.2399,0,0,0
25-Nov-2025,241.5,Call,220,0,0,46.2399,0,0,0
25-Nov-2025,241.5,Call,230,0,0,46.2399,0,0,0
25-Nov-2025,241.5,Call,270,0,0,46.2399,0,20,0
25-Nov-2025,241.5,Call,252.5,0,0,46.2399,0,0,0
25-Nov-2025,241.5,Call,257.5,0,0,46.2399,0,0,0
25-Nov-2025,241.5,Put,270,0,0,46.2399,0,2,0
25-Nov-2025,241.5,Put,215,0,0,46.2399,0,0,0
25-Nov-2025,241.5,Put,235,0,0,46.2399,0,0,0
25-Nov-2025,241.5,Put,245,0,0,46.2399,0,8,0
25-Nov-2025,241.5,Call,255,0,0,46.2399,0,5,0
25-Nov-2025,241.5,Put,217.5,0,0,46.2399,0,0,0
25-Nov-2025,241.5,Put,222.5,0,0,46.2399,0,0,0
25-Nov-2025,241.5,Put,237.5,0,0,46.2399,0,0,0
25-Nov-2025,241.5,Put,267.5,0,0,46.2399,0,0,0
25-Nov-2025,241.5,Put,210,0,0,46.2399,0,2,0
25-Nov-2025,241.5,Call,210,0,0,46.2399,0,0,0
25-Nov-2025,241.5,Put,265,0,0,46.2399,0,0,0
25-Nov-2025,241.5,Call,215,0,0,46.2399,0,0,0
25-Nov-2025,241.5,Put,232.5,0,0,46.2399,0,0,0
25-Nov-2025,241.5,Call,280,0,0,46.2399,0,0,0
25-Nov-2025,241.5,Put,250,0,0,46.2399,0,25,0
25-Nov-2025,241.5,Call,235,0,0,46.2399,0,0,0
25-Nov-2025,241.5,Call,232.5,0,0,46.2399,0,0,0
25-Nov-2025,241.5,Put,255,0,0,46.2399,0,2,0
25-Nov-2025,241.5,Call,205,0,0,46.2399,0,0,0
25-Nov-2025,241.5,Call,275,0,0,46.2399,0,0,0
25-Nov-2025,241.5,Call,227.5,0,0,46.2399,0,0,0
25-Nov-2025,241.5,Put,205,0,0,46.2399,0,0,0
25-Nov-2025,241.5,Call,222.5,0,0,46.2399,0,0,0
25-Nov-2025,241.5,Put,227.5,0,0,46.2399,0,0,0
25-Nov-2025,241.5,Call,217.5,0,0,46.2399,0,0,0
25-Nov-2025,241.5,Call,237.5,0,0,46.2399,0,0,0
25-Nov-2025,241.5,Put,242.5,0,0,46.2399,0,0,0
25-Nov-2025,241.5,Put,257.5,0,0,46.2399,0,0,0
30-Dec-2025,241.5,Call,280,0,0,46.2399,0,0,0
30-Dec-2025,241.5,Put,215,0,0,46.2399,0,0,0
25-Nov-2025,241.5,Call,225,0,0,46.2399,0,0,0
30-Dec-2025,241.5,Put,240,0,0,46.2399,0,0,0
25-Nov-2025,241.5,Call,242.5,0,0,46.2399,0,0,0
30-Dec-2025,241.5,Put,220,0,0,46.2399,0,0,0
25-Nov-2025,241.5,Put,275,0,0,46.2399,0,0,0
25-Nov-2025,241.5,Put,247.5,0,0,46.2399,0,0,0
30-Dec-2025,241.5,Call,260,0,0,46.2399,0,0,0
30-Dec-2025,241.5,Put,225,0,0,46.2399,0,0,0
25-Nov-2025,241.5,Put,252.5,0,0,46.2399,0,0,0
30-Dec-2025,241.5,Call,250,0,0,46.2399,0,0,0
30-Dec-2025,241.5,Put,255,0,0,46.2399,0,0,0
30-Dec-2025,241.5,Put,245,0,0,46.2399,0,0,0
30-Dec-2025,241.5,Put,260,0,0,46.2399,0,0,0
30-Dec-2025,241.5,Call,270,0,0,46.2399,0,0,0
30-Dec-2025,241.5,Put,235,0,0,46.2399,0,0,0
30-Dec-2025,241.5,Call,235,0,0,46.2399,0,0,0
30-Dec-2025,241.5,Call,265,0,0,46.2399,0,0,0
30-Dec-2025,241.5,Put,230,0,0,46.2399,0,0,0
30-Dec-2025,241.5,Put,210,0,0,46.2399,0,0,0
30-Dec-2025,241.5,Call,255,0,0,46.2399,0,0,0
30-Dec-2025,241.5,Put,250,0,0,46.2399,0,0,0
30-Dec-2025,241.5,Call,245,0,0,46.2399,0,0,0
30-Dec-2025,241.5,Call,240,0,0,46.2399,0,0,0
