28-Oct-2025,353.6,Call,360,5.95,25.51,39.6398,-4,1242,3593
28-Oct-2025,353.6,-,0,355.8,0,39.6398,221,16250,3324
28-Oct-2025,353.6,Call,365,4.25,25.65,39.6398,207,454,2237
28-Oct-2025,353.6,Call,370,2.95,26.18,39.6398,49,803,1874
28-Oct-2025,353.6,Call,350,11.15,26.68,39.6398,1,665,1544
28-Oct-2025,353.6,Put,350,5.3,24.1,39.6398,70,747,1359
28-Oct-2025,353.6,Call,355,8.3,26.14,39.6398,-23,262,1322
28-Oct-2025,353.6,Put,340,2.5,25.33,39.6398,40,546,848
28-Oct-2025,353.6,Put,345,3.65,24.66,39.6398,3,184,841
28-Oct-2025,353.6,Call,380,1.35,26.97,39.6398,12,574,639
28-Oct-2025,353.6,Put,355,7.55,23.73,39.6398,1,214,617
25-Nov-2025,353.6,-,0,357,0,39.6398,175,607,457
28-Oct-2025,353.6,Put,360,9.95,22.77,39.6398,2,345,360
28-Oct-2025,353.6,Call,375,1.9,25.95,39.6398,6,148,269
28-Oct-2025,353.6,Call,340,18.7,28.99,39.6398,-16,149,222
28-Oct-2025,353.6,Call,400,0.4,31.42,39.6398,-8,694,184
28-Oct-2025,353.6,Call,390,0.7,28.65,39.6398,31,302,142
28-Oct-2025,353.6,Put,365,13.55,23.28,39.6398,18,71,138
28-Oct-2025,353.6,Call,345,14.2,27.76,39.6398,-23,121,129
28-Oct-2025,353.6,Put,330,1.15,27.72,39.6398,18,237,121
28-Oct-2025,353.6,Put,335,1.75,26.58,39.6398,-2,104,121
28-Oct-2025,353.6,Put,325,0.85,29.17,39.6398,5,202,119
28-Oct-2025,353.6,Call,385,0.95,27.66,39.6398,14,130,108
28-Oct-2025,353.6,Put,320,0.6,30.08,39.6398,3,245,86
28-Oct-2025,353.6,Put,370,15.1,0,39.6398,-9,167,76
28-Oct-2025,353.6,Put,310,0.3,32.72,39.6398,10,113,69
28-Oct-2025,353.6,Call,330,28.8,43.21,39.6398,-11,35,67
28-Oct-2025,353.6,Call,410,0.3,34.01,39.6398,1,247,66
28-Oct-2025,353.6,Put,300,0.25,38.17,39.6398,15,280,42
28-Oct-2025,353.6,Put,380,23.25,0,39.6398,-3,49,41
28-Oct-2025,353.6,Put,390,34.2,0,39.6398,5,33,35
28-Oct-2025,353.6,Put,385,27.45,0,39.6398,8,17,34
28-Oct-2025,353.6,Call,335,24.8,41.82,39.6398,7,29,31
28-Oct-2025,353.6,Put,375,19.1,0,39.6398,2,18,30
30-Dec-2025,353.6,-,0,361,0,39.6398,6,48,29
25-Nov-2025,353.6,Call,365,11.75,30.14,39.6398,21,41,24
28-Oct-2025,353.6,Call,320,35.9,37.27,39.6398,2,25,23
25-Nov-2025,353.6,Call,380,6.1,28.18,39.6398,6,78,19
25-Nov-2025,353.6,Put,350,9.65,26.23,39.6398,5,25,14
25-Nov-2025,353.6,Call,360,14.4,31.24,39.6398,5,22,13
28-Oct-2025,353.6,Put,395,36.8,0,39.6398,2,7,11
25-Nov-2025,353.6,Put,375,24.4,27.38,39.6398,9,9,10
28-Oct-2025,353.6,Call,315,37.65,0,39.6398,2,6,9
25-Nov-2025,353.6,Call,350,19.95,32.46,39.6398,1,11,9
28-Oct-2025,353.6,Call,325,33.8,48.55,39.6398,0,8,8
25-Nov-2025,353.6,Put,340,6.2,26.72,39.6398,2,24,8
25-Nov-2025,353.6,Put,360,14,25.25,39.6398,2,10,6
28-Oct-2025,353.6,Call,420,0.2,36.27,39.6398,1,34,5
28-Oct-2025,353.6,Put,400,44.6,0,39.6398,1,63,4
25-Nov-2025,353.6,Call,370,9.15,30.99,39.6398,1,7,4
25-Nov-2025,353.6,Put,355,11.25,24.88,39.6398,1,1,2
25-Nov-2025,353.6,Put,330,4,27.89,39.6398,0,11,2
25-Nov-2025,353.6,Put,380,30,31.98,39.6398,0,0,2
25-Nov-2025,353.6,Put,300,1.2,33.5,39.6398,1,3,2
28-Oct-2025,353.6,Put,290,0.2,43.23,39.6398,0,7,1
28-Oct-2025,353.6,Put,420,61,0,39.6398,0,26,1
25-Nov-2025,353.6,Put,400,41.5,0,39.6398,0,0,1
28-Oct-2025,353.6,Put,295,0,0,39.6398,0,5,0
28-Oct-2025,353.6,Put,285,0,0,39.6398,0,38,0
28-Oct-2025,353.6,Put,305,0,0,39.6398,0,2,0
28-Oct-2025,353.6,Call,310,0,0,39.6398,0,15,0
28-Oct-2025,353.6,Call,300,0,0,39.6398,0,5,0
28-Oct-2025,353.6,Put,410,0,0,39.6398,0,3,0
28-Oct-2025,353.6,Put,315,0,0,39.6398,0,46,0
25-Nov-2025,353.6,Call,390,0,0,39.6398,0,0,0
25-Nov-2025,353.6,Call,400,0,0,39.6398,0,0,0
25-Nov-2025,353.6,Put,335,0,0,39.6398,0,0,0
25-Nov-2025,353.6,Put,310,0,0,39.6398,0,0,0
25-Nov-2025,353.6,Call,300,0,0,39.6398,0,0,0
25-Nov-2025,353.6,Put,385,0,0,39.6398,0,0,0
25-Nov-2025,353.6,Put,345,0,0,39.6398,0,0,0
25-Nov-2025,353.6,Put,315,0,0,39.6398,0,0,0
25-Nov-2025,353.6,Call,385,0,0,39.6398,0,0,0
25-Nov-2025,353.6,Call,325,0,0,39.6398,0,0,0
25-Nov-2025,353.6,Put,325,0,0,39.6398,0,0,0
25-Nov-2025,353.6,Call,335,0,0,39.6398,0,0,0
25-Nov-2025,353.6,Call,330,0,0,39.6398,0,0,0
25-Nov-2025,353.6,Call,315,0,0,39.6398,0,0,0
25-Nov-2025,353.6,Call,355,0,0,39.6398,0,0,0
25-Nov-2025,353.6,Call,345,0,0,39.6398,0,0,0
25-Nov-2025,353.6,Put,365,0,0,39.6398,0,0,0
25-Nov-2025,353.6,Call,375,0,0,39.6398,0,0,0
25-Nov-2025,353.6,Put,370,0,0,39.6398,0,2,0
25-Nov-2025,353.6,Put,320,0,0,39.6398,0,8,0
25-Nov-2025,353.6,Call,310,0,0,39.6398,0,0,0
25-Nov-2025,353.6,Call,340,0,0,39.6398,0,1,0
25-Nov-2025,353.6,Call,320,0,0,39.6398,0,0,0
25-Nov-2025,353.6,Put,390,0,0,39.6398,0,0,0
30-Dec-2025,353.6,Put,320,0,0,39.6398,0,0,0
30-Dec-2025,353.6,Put,340,0,0,39.6398,0,0,0
30-Dec-2025,353.6,Call,350,0,0,39.6398,0,0,0
30-Dec-2025,353.6,Call,400,0,0,39.6398,0,0,0
30-Dec-2025,353.6,Put,330,0,0,39.6398,0,0,0
30-Dec-2025,353.6,Put,380,0,0,39.6398,0,0,0
30-Dec-2025,353.6,Call,370,0,0,39.6398,0,0,0
30-Dec-2025,353.6,Put,350,0,0,39.6398,0,0,0
30-Dec-2025,353.6,Call,390,0,0,39.6398,0,0,0
30-Dec-2025,353.6,Put,370,0,0,39.6398,0,0,0
30-Dec-2025,353.6,Call,380,0,0,39.6398,0,0,0
30-Dec-2025,353.6,Put,360,0,0,39.6398,0,0,0
30-Dec-2025,353.6,Call,360,0,0,39.6398,0,0,0
