28-Oct-2025,352,-,0,353.8,0,39.6398,46,16075,362
28-Oct-2025,351.65,Call,360,5.45,25.54,39.6398,1,1247,353
28-Oct-2025,352,Call,350,10.2,26.26,39.6398,33,697,219
28-Oct-2025,352,Call,355,7.5,25.33,39.6398,7,292,165
28-Oct-2025,352,Call,370,2.65,26.35,39.6398,-2,752,148
28-Oct-2025,352,Call,365,3.8,25.46,39.6398,19,266,148
28-Oct-2025,352,Put,350,6.15,26.01,39.6398,10,687,109
28-Oct-2025,351.65,Put,360,11.25,0,39.6398,0,343,74
28-Oct-2025,352,Put,355,8.55,26.44,39.6398,6,219,72
28-Oct-2025,352,Put,345,4.4,26.48,39.6398,7,188,72
28-Oct-2025,352,Put,340,3.05,26.87,39.6398,5,511,70
25-Nov-2025,351.65,-,0,355.75,0,39.6398,14,446,56
28-Oct-2025,352,Call,380,1.25,26.98,39.6398,-2,560,48
25-Nov-2025,352,Call,365,9.95,27.19,39.6398,17,37,22
28-Oct-2025,352,Call,340,17,25.74,39.6398,0,165,20
28-Oct-2025,351.65,Call,375,1.8,25.62,39.6398,1,143,13
28-Oct-2025,352,Put,370,18.6,27.47,39.6398,2,178,12
28-Oct-2025,352,Call,390,0.55,27.68,39.6398,6,277,12
28-Oct-2025,352,Call,385,0.85,27.46,39.6398,-1,115,11
28-Oct-2025,352,Call,330,25.4,26.96,39.6398,-2,44,11
28-Oct-2025,351.65,Put,335,2.15,29.19,39.6398,2,108,10
28-Oct-2025,352,Put,390,37.1,32.68,39.6398,-2,26,8
28-Oct-2025,351.65,Put,330,1.45,29.39,39.6398,2,221,7
28-Oct-2025,352,Call,345,13.45,25.42,39.6398,1,145,7
28-Oct-2025,351.65,Put,365,14.75,0,39.6398,0,53,7
28-Oct-2025,352,Put,385,31.7,18.06,39.6398,-1,8,7
28-Oct-2025,352,Call,320,34.1,27.5,39.6398,-1,22,6
28-Oct-2025,352,Call,335,21.1,31.19,39.6398,-2,20,5
28-Oct-2025,352,Call,315,40,40.26,39.6398,-1,3,4
28-Oct-2025,351.65,Put,320,0.8,32.19,39.6398,1,243,4
28-Oct-2025,352,Put,375,23.2,22.79,39.6398,2,18,4
28-Oct-2025,352,Put,395,40.75,0,39.6398,-1,4,3
28-Oct-2025,352,Call,400,0.4,31.21,39.6398,0,702,2
28-Oct-2025,352,Put,325,1.05,29.8,39.6398,0,197,2
30-Dec-2025,351.65,-,0,359.2,0,39.6398,0,42,1
28-Oct-2025,351.65,Put,380,27.05,0,39.6398,0,52,1
25-Nov-2025,352,Put,350,11.4,0,39.6398,0,20,1
25-Nov-2025,352,Call,350,17.1,27.57,39.6398,0,10,1
28-Oct-2025,352,Call,325,0,0,39.6398,0,8,0
28-Oct-2025,352,Put,305,0,0,39.6398,0,2,0
28-Oct-2025,352,Put,310,0,0,39.6398,0,103,0
28-Oct-2025,352,Put,315,0,0,39.6398,0,46,0
28-Oct-2025,351.65,Put,300,0,0,39.6398,0,265,0
28-Oct-2025,352,Call,410,0,0,39.6398,0,246,0
28-Oct-2025,352,Put,400,0,0,39.6398,0,62,0
28-Oct-2025,352,Put,410,0,0,39.6398,0,3,0
28-Oct-2025,352,Call,310,0,0,39.6398,0,15,0
28-Oct-2025,352,Call,420,0,0,39.6398,0,33,0
28-Oct-2025,351.65,Put,290,0,0,39.6398,0,7,0
28-Oct-2025,352,Put,420,0,0,39.6398,0,26,0
25-Nov-2025,352,Put,390,0,0,39.6398,0,0,0
25-Nov-2025,352,Put,400,0,0,39.6398,0,0,0
28-Oct-2025,351.65,Put,285,0,0,39.6398,0,38,0
28-Oct-2025,352,Call,300,0,0,39.6398,0,5,0
25-Nov-2025,351.65,Put,360,0,0,39.6398,0,8,0
25-Nov-2025,352,Call,340,0,0,39.6398,0,1,0
25-Nov-2025,352,Call,310,0,0,39.6398,0,0,0
25-Nov-2025,352,Call,380,0,0,39.6398,0,72,0
25-Nov-2025,352,Call,390,0,0,39.6398,0,0,0
25-Nov-2025,352,Put,385,0,0,39.6398,0,0,0
25-Nov-2025,352,Put,345,0,0,39.6398,0,0,0
25-Nov-2025,352,Put,340,0,0,39.6398,0,22,0
25-Nov-2025,352,Call,400,0,0,39.6398,0,0,0
25-Nov-2025,352,Put,315,0,0,39.6398,0,0,0
25-Nov-2025,352,Call,325,0,0,39.6398,0,0,0
25-Nov-2025,352,Call,320,0,0,39.6398,0,0,0
25-Nov-2025,352,Call,345,0,0,39.6398,0,0,0
25-Nov-2025,352,Put,300,0,0,39.6398,0,2,0
25-Nov-2025,352,Put,375,0,0,39.6398,0,0,0
25-Nov-2025,352,Call,335,0,0,39.6398,0,0,0
25-Nov-2025,351.65,Call,360,0,0,39.6398,0,17,0
25-Nov-2025,351.65,Put,320,0,0,39.6398,0,8,0
25-Nov-2025,352,Put,330,0,0,39.6398,0,11,0
25-Nov-2025,352,Call,355,0,0,39.6398,0,0,0
28-Oct-2025,352,Put,295,0,0,39.6398,0,5,0
25-Nov-2025,352,Call,330,0,0,39.6398,0,0,0
25-Nov-2025,352,Call,300,0,0,39.6398,0,0,0
25-Nov-2025,352,Put,370,0,0,39.6398,0,2,0
25-Nov-2025,351.65,Call,385,0,0,39.6398,0,0,0
25-Nov-2025,352,Put,380,0,0,39.6398,0,0,0
25-Nov-2025,352,Put,310,0,0,39.6398,0,0,0
25-Nov-2025,352,Put,355,0,0,39.6398,0,0,0
30-Dec-2025,352,Put,360,0,0,39.6398,0,0,0
30-Dec-2025,352,Put,370,0,0,39.6398,0,0,0
25-Nov-2025,351.65,Put,335,0,0,39.6398,0,0,0
25-Nov-2025,352,Put,365,0,0,39.6398,0,0,0
30-Dec-2025,351.65,Put,340,0,0,39.6398,0,0,0
25-Nov-2025,352,Call,375,0,0,39.6398,0,0,0
25-Nov-2025,352,Put,325,0,0,39.6398,0,0,0
25-Nov-2025,351.65,Call,370,0,0,39.6398,0,6,0
30-Dec-2025,352,Call,390,0,0,39.6398,0,0,0
30-Dec-2025,351.65,Call,400,0,0,39.6398,0,0,0
30-Dec-2025,351.65,Call,350,0,0,39.6398,0,0,0
30-Dec-2025,352,Put,350,0,0,39.6398,0,0,0
30-Dec-2025,352,Call,360,0,0,39.6398,0,0,0
30-Dec-2025,352,Call,370,0,0,39.6398,0,0,0
25-Nov-2025,352,Call,315,0,0,39.6398,0,0,0
30-Dec-2025,352,Put,330,0,0,39.6398,0,0,0
30-Dec-2025,352,Call,380,0,0,39.6398,0,0,0
