28-Oct-2025,355.45,Call,360,6.6,25.97,39.6398,10,1256,1933
28-Oct-2025,355.45,-,0,357.2,0,39.6398,43,16072,1916
28-Oct-2025,355.45,Call,350,12,26.66,39.6398,69,733,995
28-Oct-2025,355.45,Call,355,9,26.03,39.6398,30,315,851
28-Oct-2025,355.45,Call,370,3.3,26.24,39.6398,45,799,817
28-Oct-2025,355.45,Call,365,4.75,26.03,39.6398,10,257,811
28-Oct-2025,355.45,Put,350,4.95,25.4,39.6398,59,736,767
28-Oct-2025,355.45,Put,340,2.3,26.47,39.6398,51,557,513
28-Oct-2025,355.45,Put,345,3.4,25.85,39.6398,24,205,505
28-Oct-2025,355.45,Call,380,1.65,26.67,39.6398,12,574,321
28-Oct-2025,355.45,Put,355,6.95,25.06,39.6398,23,236,301
25-Nov-2025,355.45,-,0,358.75,0,39.6398,99,531,231
28-Oct-2025,355.45,Put,360,9.5,25.06,39.6398,-40,303,190
28-Oct-2025,355.45,Call,340,19.6,25.71,39.6398,5,170,149
28-Oct-2025,355.45,Put,335,1.65,27.47,39.6398,5,111,83
28-Oct-2025,355.45,Put,330,1.15,28.62,39.6398,7,226,73
28-Oct-2025,355.45,Call,345,15.9,26.23,39.6398,-3,141,73
28-Oct-2025,355.45,Call,400,0.45,30.28,39.6398,-9,693,69
28-Oct-2025,355.45,Put,310,0.35,34.9,39.6398,8,111,62
28-Oct-2025,355.45,Put,365,12.65,25.13,39.6398,4,57,57
28-Oct-2025,355.45,Call,375,2.3,26.27,39.6398,-1,141,53
28-Oct-2025,355.45,Call,330,27,0,39.6398,-6,40,51
28-Oct-2025,355.45,Put,320,0.6,31.63,39.6398,6,248,47
28-Oct-2025,355.45,Call,390,0.7,28.15,39.6398,0,271,45
28-Oct-2025,355.45,Put,370,16,24.71,39.6398,-4,172,39
28-Oct-2025,355.45,Put,325,0.8,29.69,39.6398,4,201,38
28-Oct-2025,355.45,Call,385,1,27.49,39.6398,-4,112,37
28-Oct-2025,355.45,Call,410,0.25,32.6,39.6398,-1,245,26
28-Oct-2025,355.45,Put,300,0.25,39.73,39.6398,11,276,24
28-Oct-2025,355.45,Put,380,24.15,29,39.6398,0,52,23
25-Nov-2025,355.45,Call,365,10,25.94,39.6398,21,41,23
28-Oct-2025,355.45,Put,385,29.6,30.13,39.6398,4,13,22
28-Oct-2025,355.45,Put,390,35.6,31.92,39.6398,1,29,19
28-Oct-2025,355.45,Call,320,37.5,27.01,39.6398,-1,22,18
28-Oct-2025,355.45,Call,335,23.05,0,39.6398,-2,20,15
28-Oct-2025,355.45,Put,375,20.75,38.85,39.6398,3,19,13
30-Dec-2025,355.45,-,0,358,0,39.6398,2,44,11
25-Nov-2025,355.45,Put,350,9.85,27.25,39.6398,4,24,11
28-Oct-2025,355.45,Call,315,37.65,0,39.6398,2,6,9
28-Oct-2025,355.45,Put,395,43.05,49.36,39.6398,1,6,8
25-Nov-2025,355.45,Call,350,15.6,22.47,39.6398,1,11,6
25-Nov-2025,355.45,Put,340,7,29.09,39.6398,2,24,6
25-Nov-2025,355.45,Call,360,10.8,23.3,39.6398,2,19,4
28-Oct-2025,355.45,Call,325,27.9,0,39.6398,0,8,2
25-Nov-2025,355.45,Put,375,26,31.9,39.6398,0,0,2
25-Nov-2025,355.45,Call,370,10.2,27.27,39.6398,0,6,2
25-Nov-2025,355.45,Put,380,30,33.11,39.6398,0,0,2
28-Oct-2025,355.45,Put,290,0.2,43.61,39.6398,0,7,1
28-Oct-2025,355.45,Put,305,0,0,39.6398,0,2,0
28-Oct-2025,355.45,Call,420,0,0,39.6398,0,33,0
28-Oct-2025,355.45,Put,400,0,0,39.6398,0,62,0
28-Oct-2025,355.45,Put,410,0,0,39.6398,0,3,0
25-Nov-2025,355.45,Call,345,0,0,39.6398,0,0,0
25-Nov-2025,355.45,Put,365,0,0,39.6398,0,0,0
25-Nov-2025,355.45,Put,325,0,0,39.6398,0,0,0
25-Nov-2025,355.45,Put,330,0,0,39.6398,0,11,0
25-Nov-2025,355.45,Put,320,0,0,39.6398,0,8,0
28-Oct-2025,355.45,Put,315,0,0,39.6398,0,46,0
28-Oct-2025,355.45,Put,285,0,0,39.6398,0,38,0
25-Nov-2025,355.45,Put,370,0,0,39.6398,0,2,0
25-Nov-2025,355.45,Call,325,0,0,39.6398,0,0,0
25-Nov-2025,355.45,Call,340,0,0,39.6398,0,1,0
25-Nov-2025,355.45,Put,360,0,0,39.6398,0,8,0
25-Nov-2025,355.45,Call,380,0,0,39.6398,0,72,0
30-Dec-2025,355.45,Call,390,0,0,39.6398,0,0,0
30-Dec-2025,355.45,Call,360,0,0,39.6398,0,0,0
30-Dec-2025,355.45,Call,380,0,0,39.6398,0,0,0
28-Oct-2025,355.45,Put,295,0,0,39.6398,0,5,0
30-Dec-2025,355.45,Put,360,0,0,39.6398,0,0,0
30-Dec-2025,355.45,Call,350,0,0,39.6398,0,0,0
25-Nov-2025,355.45,Call,355,0,0,39.6398,0,0,0
30-Dec-2025,355.45,Call,370,0,0,39.6398,0,0,0
25-Nov-2025,355.45,Put,390,0,0,39.6398,0,0,0
30-Dec-2025,355.45,Put,370,0,0,39.6398,0,0,0
25-Nov-2025,355.45,Put,300,0,0,39.6398,0,2,0
25-Nov-2025,355.45,Call,335,0,0,39.6398,0,0,0
28-Oct-2025,355.45,Put,420,0,0,39.6398,0,26,0
25-Nov-2025,355.45,Put,335,0,0,39.6398,0,0,0
25-Nov-2025,355.45,Put,315,0,0,39.6398,0,0,0
25-Nov-2025,355.45,Call,385,0,0,39.6398,0,0,0
30-Dec-2025,355.45,Put,340,0,0,39.6398,0,0,0
25-Nov-2025,355.45,Call,310,0,0,39.6398,0,0,0
25-Nov-2025,355.45,Put,385,0,0,39.6398,0,0,0
30-Dec-2025,355.45,Put,320,0,0,39.6398,0,0,0
25-Nov-2025,355.45,Put,400,0,0,39.6398,0,0,0
25-Nov-2025,355.45,Call,300,0,0,39.6398,0,0,0
25-Nov-2025,355.45,Call,400,0,0,39.6398,0,0,0
28-Oct-2025,355.45,Call,310,0,0,39.6398,0,15,0
30-Dec-2025,355.45,Call,400,0,0,39.6398,0,0,0
25-Nov-2025,355.45,Call,320,0,0,39.6398,0,0,0
25-Nov-2025,355.45,Call,375,0,0,39.6398,0,0,0
25-Nov-2025,355.45,Call,315,0,0,39.6398,0,0,0
25-Nov-2025,355.45,Call,330,0,0,39.6398,0,0,0
25-Nov-2025,355.45,Put,310,0,0,39.6398,0,0,0
25-Nov-2025,355.45,Put,345,0,0,39.6398,0,0,0
30-Dec-2025,355.45,Put,330,0,0,39.6398,0,0,0
25-Nov-2025,355.45,Call,390,0,0,39.6398,0,0,0
28-Oct-2025,355.45,Call,300,0,0,39.6398,0,5,0
25-Nov-2025,355.45,Put,355,0,0,39.6398,0,0,0
30-Dec-2025,355.45,Put,350,0,0,39.6398,0,0,0
