28-Oct-2025,38765,Call,40000,288.95,20.53,29.1524,19,595,1080
28-Oct-2025,38765,-,0,39000,0,29.1524,175,9467,930
28-Oct-2025,38765,Call,39000,647.65,19.73,29.1524,27,388,676
28-Oct-2025,38765,Put,38000,283.65,19.25,29.1524,43,336,347
28-Oct-2025,38765,Call,41000,129.95,21.48,29.1524,33,464,284
28-Oct-2025,38765,Call,38500,920.3,19.69,29.1524,-2,144,162
28-Oct-2025,38765,Put,38500,435,18.76,29.1524,-3,128,94
28-Oct-2025,38765,Put,37000,108.5,20.44,29.1524,-7,242,93
28-Oct-2025,38765,Put,39000,660.9,18.63,29.1524,14,215,90
28-Oct-2025,38765,Call,42000,71,23.5,29.1524,13,394,84
28-Oct-2025,38765,Call,38000,1298.85,21.16,29.1524,-18,100,61
28-Oct-2025,38765,Call,39500,447.95,20.05,29.1524,3,45,58
28-Oct-2025,38765,Call,41500,92.95,22.12,29.1524,9,37,46
28-Oct-2025,38765,Put,36000,47.25,22.75,29.1524,-1,118,44
25-Nov-2025,38765,-,0,39220,0,29.1524,2,209,37
28-Oct-2025,38765,Call,43000,41,25.83,29.1524,5,117,36
28-Oct-2025,38765,Put,40000,1291.6,19.94,29.1524,-4,53,28
28-Oct-2025,38765,Put,37750,221.7,19.44,29.1524,-3,12,18
28-Oct-2025,38765,Call,39250,491.5,18.05,29.1524,1,13,6
25-Nov-2025,38765,Put,37000,270,19.18,29.1524,3,11,5
28-Oct-2025,38765,Call,38250,1110,20.45,29.1524,-2,27,4
28-Oct-2025,38765,Call,45000,22,31.69,29.1524,1,27,2
28-Oct-2025,38765,Put,35000,30,26.66,29.1524,0,103,1
28-Oct-2025,38765,Call,46000,13.05,33.18,29.1524,0,30,1
30-Dec-2025,38765,-,0,0,0,29.1524,0,0,0
28-Oct-2025,38765,Put,33000,0,0,29.1524,0,0,0
28-Oct-2025,38765,Put,34500,0,0,29.1524,0,1,0
28-Oct-2025,38765,Call,43500,0,0,29.1524,0,3,0
28-Oct-2025,38765,Call,40500,0,0,29.1524,0,0,0
28-Oct-2025,38765,Call,35000,0,0,29.1524,0,3,0
28-Oct-2025,38765,Put,37500,0,0,29.1524,0,194,0
28-Oct-2025,38765,Call,44000,0,0,29.1524,0,2,0
28-Oct-2025,38765,Call,40250,0,0,29.1524,0,24,0
28-Oct-2025,38765,Put,38250,0,0,29.1524,0,24,0
28-Oct-2025,38765,Put,45000,0,0,29.1524,0,0,0
28-Oct-2025,38765,Call,44500,0,0,29.1524,0,1,0
28-Oct-2025,38765,Put,36500,0,0,29.1524,0,68,0
28-Oct-2025,38765,Call,42500,0,0,29.1524,0,3,0
28-Oct-2025,38765,Put,46000,0,0,29.1524,0,8,0
28-Oct-2025,38765,Call,44250,0,0,29.1524,0,2,0
28-Oct-2025,38765,Put,35500,0,0,29.1524,0,0,0
28-Oct-2025,38765,Call,45500,0,0,29.1524,0,10,0
28-Oct-2025,38765,Call,34500,0,0,29.1524,0,2,0
28-Oct-2025,38765,Put,39500,0,0,29.1524,0,12,0
28-Oct-2025,38765,Put,34000,0,0,29.1524,0,0,0
28-Oct-2025,38765,Call,37500,0,0,29.1524,0,34,0
28-Oct-2025,38765,Call,34000,0,0,29.1524,0,5,0
28-Oct-2025,38765,Put,40250,0,0,29.1524,0,5,0
28-Oct-2025,38765,Call,41250,0,0,29.1524,0,1,0
28-Oct-2025,38765,Put,33500,0,0,29.1524,0,7,0
28-Oct-2025,38765,Call,32000,0,0,29.1524,0,0,0
28-Oct-2025,38765,Call,33000,0,0,29.1524,0,0,0
28-Oct-2025,38765,Call,42750,0,0,29.1524,0,10,0
28-Oct-2025,38765,Put,32000,0,0,29.1524,0,0,0
28-Oct-2025,38765,Call,36000,0,0,29.1524,0,0,0
28-Oct-2025,38765,Call,36500,0,0,29.1524,0,0,0
28-Oct-2025,38765,Call,37000,0,0,29.1524,0,2,0
28-Oct-2025,38765,Put,40500,0,0,29.1524,0,0,0
28-Oct-2025,38765,Put,41000,0,0,29.1524,0,0,0
28-Oct-2025,38765,Put,41500,0,0,29.1524,0,0,0
28-Oct-2025,38765,Put,42000,0,0,29.1524,0,0,0
28-Oct-2025,38765,Put,42500,0,0,29.1524,0,0,0
28-Oct-2025,38765,Put,43000,0,0,29.1524,0,0,0
28-Oct-2025,38765,Call,35500,0,0,29.1524,0,0,0
28-Oct-2025,38765,Put,44000,0,0,29.1524,0,0,0
25-Nov-2025,38765,Put,36500,0,0,29.1524,0,0,0
25-Nov-2025,38765,Call,43000,0,0,29.1524,0,0,0
25-Nov-2025,38765,Call,40500,0,0,29.1524,0,0,0
25-Nov-2025,38765,Call,32000,0,0,29.1524,0,0,0
25-Nov-2025,38765,Call,33000,0,0,29.1524,0,0,0
25-Nov-2025,38765,Call,34000,0,0,29.1524,0,0,0
25-Nov-2025,38765,Call,34500,0,0,29.1524,0,0,0
25-Nov-2025,38765,Call,35500,0,0,29.1524,0,0,0
25-Nov-2025,38765,Call,36000,0,0,29.1524,0,0,0
25-Nov-2025,38765,Call,36500,0,0,29.1524,0,0,0
25-Nov-2025,38765,Put,38500,0,0,29.1524,0,0,0
25-Nov-2025,38765,Call,35000,0,0,29.1524,0,0,0
25-Nov-2025,38765,Call,39500,0,0,29.1524,0,0,0
25-Nov-2025,38765,Call,45000,0,0,29.1524,0,0,0
25-Nov-2025,38765,Put,44000,0,0,29.1524,0,0,0
25-Nov-2025,38765,Put,39500,0,0,29.1524,0,0,0
25-Nov-2025,38765,Put,40500,0,0,29.1524,0,0,0
25-Nov-2025,38765,Call,41000,0,0,29.1524,0,19,0
25-Nov-2025,38765,Put,33000,0,0,29.1524,0,0,0
25-Nov-2025,38765,Call,37500,0,0,29.1524,0,0,0
25-Nov-2025,38765,Call,46000,0,0,29.1524,0,1,0
25-Nov-2025,38765,Put,32000,0,0,29.1524,0,0,0
25-Nov-2025,38765,Put,39000,0,0,29.1524,0,12,0
25-Nov-2025,38765,Call,41500,0,0,29.1524,0,0,0
25-Nov-2025,38765,Put,45000,0,0,29.1524,0,0,0
25-Nov-2025,38765,Put,40000,0,0,29.1524,0,0,0
25-Nov-2025,38765,Call,40000,0,0,29.1524,0,0,0
25-Nov-2025,38765,Put,35000,0,0,29.1524,0,0,0
25-Nov-2025,38765,Call,44000,0,0,29.1524,0,2,0
25-Nov-2025,38765,Call,38500,0,0,29.1524,0,0,0
25-Nov-2025,38765,Put,37500,0,0,29.1524,0,0,0
25-Nov-2025,38765,Call,42000,0,0,29.1524,0,0,0
30-Dec-2025,38765,Call,35000,0,0,29.1524,0,0,0
25-Nov-2025,38765,Call,38000,0,0,29.1524,0,3,0
25-Nov-2025,38765,Put,41000,0,0,29.1524,0,0,0
25-Nov-2025,38765,Put,42500,0,0,29.1524,0,0,0
25-Nov-2025,38765,Put,42000,0,0,29.1524,0,0,0
25-Nov-2025,38765,Put,35500,0,0,29.1524,0,0,0
25-Nov-2025,38765,Put,41500,0,0,29.1524,0,0,0
25-Nov-2025,38765,Call,37000,0,0,29.1524,0,0,0
25-Nov-2025,38765,Put,38000,0,0,29.1524,0,0,0
25-Nov-2025,38765,Put,36000,0,0,29.1524,0,0,0
25-Nov-2025,38765,Put,43000,0,0,29.1524,0,0,0
25-Nov-2025,38765,Call,39000,0,0,29.1524,0,4,0
