28-Oct-2025,38775,Call,40000,312.15,20.29,29.1524,1,577,884
28-Oct-2025,38775,-,0,38975,0,29.1524,78,9370,685
28-Oct-2025,38775,Call,39000,671.3,19.64,29.1524,17,378,603
28-Oct-2025,38775,Put,38000,279.8,19.58,29.1524,41,334,320
28-Oct-2025,38775,Call,41000,141.7,21.63,29.1524,26,457,262
28-Oct-2025,38775,Call,38500,944.15,19.83,29.1524,-1,145,150
28-Oct-2025,38775,Put,37000,115.5,20.84,29.1524,-6,243,91
28-Oct-2025,38775,Put,38500,443.35,19.53,29.1524,4,135,76
28-Oct-2025,38775,Call,42000,71,23.22,29.1524,13,394,74
28-Oct-2025,38775,Call,38000,1298.85,19.23,29.1524,-18,100,61
28-Oct-2025,38775,Put,39000,664,18.5,29.1524,5,206,50
28-Oct-2025,38775,Call,41500,102.8,21.91,29.1524,7,35,41
28-Oct-2025,38775,Put,36000,49,23.17,29.1524,1,120,38
28-Oct-2025,38775,Call,39500,482.95,19.21,29.1524,4,46,37
25-Nov-2025,38775,-,0,39200,0,29.1524,0,207,34
28-Oct-2025,38775,Call,43000,40.9,25.94,29.1524,-5,107,20
28-Oct-2025,38775,Put,40000,1270,19.13,29.1524,-7,50,20
28-Oct-2025,38775,Put,37750,221.7,19.83,29.1524,-3,12,18
25-Nov-2025,38775,Put,37000,270,22.04,29.1524,3,11,5
28-Oct-2025,38775,Call,38250,1110,19.47,29.1524,-2,27,4
28-Oct-2025,38775,Call,45000,22,31.47,29.1524,1,27,2
28-Oct-2025,38775,Call,39250,664.65,22.54,29.1524,0,12,1
28-Oct-2025,38775,Call,46000,13.05,32.97,29.1524,0,30,1
30-Dec-2025,38775,-,0,0,0,29.1524,0,0,0
28-Oct-2025,38775,Call,40500,0,0,29.1524,0,0,0
28-Oct-2025,38775,Call,44250,0,0,29.1524,0,2,0
28-Oct-2025,38775,Put,39500,0,0,29.1524,0,12,0
28-Oct-2025,38775,Call,43500,0,0,29.1524,0,3,0
28-Oct-2025,38775,Call,34500,0,0,29.1524,0,2,0
28-Oct-2025,38775,Put,43000,0,0,29.1524,0,0,0
28-Oct-2025,38775,Put,36500,0,0,29.1524,0,68,0
28-Oct-2025,38775,Put,44000,0,0,29.1524,0,0,0
28-Oct-2025,38775,Put,35000,0,0,29.1524,0,103,0
28-Oct-2025,38775,Put,34500,0,0,29.1524,0,1,0
28-Oct-2025,38775,Call,45500,0,0,29.1524,0,10,0
28-Oct-2025,38775,Put,46000,0,0,29.1524,0,8,0
28-Oct-2025,38775,Call,42500,0,0,29.1524,0,3,0
28-Oct-2025,38775,Put,33000,0,0,29.1524,0,0,0
28-Oct-2025,38775,Call,37500,0,0,29.1524,0,34,0
28-Oct-2025,38775,Call,35500,0,0,29.1524,0,0,0
28-Oct-2025,38775,Put,37500,0,0,29.1524,0,194,0
28-Oct-2025,38775,Put,40250,0,0,29.1524,0,5,0
28-Oct-2025,38775,Call,42750,0,0,29.1524,0,10,0
28-Oct-2025,38775,Call,40250,0,0,29.1524,0,24,0
28-Oct-2025,38775,Put,38250,0,0,29.1524,0,24,0
28-Oct-2025,38775,Put,41500,0,0,29.1524,0,0,0
28-Oct-2025,38775,Put,40500,0,0,29.1524,0,0,0
28-Oct-2025,38775,Put,34000,0,0,29.1524,0,0,0
28-Oct-2025,38775,Call,33000,0,0,29.1524,0,0,0
28-Oct-2025,38775,Call,41250,0,0,29.1524,0,1,0
28-Oct-2025,38775,Call,35000,0,0,29.1524,0,3,0
28-Oct-2025,38775,Call,44500,0,0,29.1524,0,1,0
28-Oct-2025,38775,Put,35500,0,0,29.1524,0,0,0
28-Oct-2025,38775,Call,37000,0,0,29.1524,0,2,0
28-Oct-2025,38775,Put,41000,0,0,29.1524,0,0,0
28-Oct-2025,38775,Call,32000,0,0,29.1524,0,0,0
28-Oct-2025,38775,Put,45000,0,0,29.1524,0,0,0
28-Oct-2025,38775,Put,33500,0,0,29.1524,0,7,0
28-Oct-2025,38775,Call,36500,0,0,29.1524,0,0,0
28-Oct-2025,38775,Call,36000,0,0,29.1524,0,0,0
28-Oct-2025,38775,Put,32000,0,0,29.1524,0,0,0
28-Oct-2025,38775,Call,44000,0,0,29.1524,0,2,0
28-Oct-2025,38775,Call,34000,0,0,29.1524,0,5,0
28-Oct-2025,38775,Put,42500,0,0,29.1524,0,0,0
25-Nov-2025,38775,Call,40500,0,0,29.1524,0,0,0
25-Nov-2025,38775,Put,44000,0,0,29.1524,0,0,0
25-Nov-2025,38775,Call,35000,0,0,29.1524,0,0,0
25-Nov-2025,38775,Put,40000,0,0,29.1524,0,0,0
25-Nov-2025,38775,Put,40500,0,0,29.1524,0,0,0
25-Nov-2025,38775,Put,38000,0,0,29.1524,0,0,0
25-Nov-2025,38775,Put,35500,0,0,29.1524,0,0,0
25-Nov-2025,38775,Put,39000,0,0,29.1524,0,12,0
25-Nov-2025,38775,Call,44000,0,0,29.1524,0,2,0
25-Nov-2025,38775,Call,41000,0,0,29.1524,0,19,0
28-Oct-2025,38775,Put,42000,0,0,29.1524,0,0,0
25-Nov-2025,38775,Put,33000,0,0,29.1524,0,0,0
25-Nov-2025,38775,Put,45000,0,0,29.1524,0,0,0
25-Nov-2025,38775,Put,32000,0,0,29.1524,0,0,0
25-Nov-2025,38775,Put,38500,0,0,29.1524,0,0,0
25-Nov-2025,38775,Call,33000,0,0,29.1524,0,0,0
25-Nov-2025,38775,Put,39500,0,0,29.1524,0,0,0
25-Nov-2025,38775,Put,37500,0,0,29.1524,0,0,0
25-Nov-2025,38775,Call,35500,0,0,29.1524,0,0,0
25-Nov-2025,38775,Call,34000,0,0,29.1524,0,0,0
25-Nov-2025,38775,Put,36000,0,0,29.1524,0,0,0
25-Nov-2025,38775,Call,39500,0,0,29.1524,0,0,0
25-Nov-2025,38775,Call,32000,0,0,29.1524,0,0,0
25-Nov-2025,38775,Call,39000,0,0,29.1524,0,4,0
25-Nov-2025,38775,Call,36000,0,0,29.1524,0,0,0
25-Nov-2025,38775,Call,41500,0,0,29.1524,0,0,0
25-Nov-2025,38775,Put,42000,0,0,29.1524,0,0,0
25-Nov-2025,38775,Call,40000,0,0,29.1524,0,0,0
25-Nov-2025,38775,Call,43000,0,0,29.1524,0,0,0
25-Nov-2025,38775,Call,36500,0,0,29.1524,0,0,0
25-Nov-2025,38775,Call,37500,0,0,29.1524,0,0,0
25-Nov-2025,38775,Call,42000,0,0,29.1524,0,0,0
25-Nov-2025,38775,Put,35000,0,0,29.1524,0,0,0
25-Nov-2025,38775,Call,34500,0,0,29.1524,0,0,0
30-Dec-2025,38775,Call,35000,0,0,29.1524,0,0,0
25-Nov-2025,38775,Call,45000,0,0,29.1524,0,0,0
25-Nov-2025,38775,Put,43000,0,0,29.1524,0,0,0
25-Nov-2025,38775,Put,36500,0,0,29.1524,0,0,0
25-Nov-2025,38775,Call,37000,0,0,29.1524,0,0,0
25-Nov-2025,38775,Put,41500,0,0,29.1524,0,0,0
25-Nov-2025,38775,Call,38000,0,0,29.1524,0,3,0
25-Nov-2025,38775,Put,42500,0,0,29.1524,0,0,0
25-Nov-2025,38775,Call,46000,0,0,29.1524,0,1,0
25-Nov-2025,38775,Call,38500,0,0,29.1524,0,0,0
25-Nov-2025,38775,Put,41000,0,0,29.1524,0,0,0
