28-Oct-2025,26911.65,Call,27000,281.1,10.95,17.8062,915,2292,8735
28-Oct-2025,26911.65,Call,27200,185.35,10.74,17.8062,-1049,2294,4302
28-Oct-2025,26911.65,Call,26900,338,11.19,17.8062,187,717,3133
28-Oct-2025,26911.65,Call,26800,408,11.17,17.8062,94,1040,2603
28-Oct-2025,26911.65,Put,26900,208,11.39,17.8062,578,798,2457
28-Oct-2025,26911.65,Put,27000,246.3,11.21,17.8062,487,937,2279
28-Oct-2025,26911.65,Call,27300,149.25,10.61,17.8062,555,2687,2071
28-Oct-2025,26911.65,Call,28000,26.4,11.39,17.8062,-183,1007,1914
28-Oct-2025,26911.65,Put,26800,175.2,11.53,17.8062,194,645,1891
28-Oct-2025,26911.65,Call,27100,220.7,10.53,17.8062,-32,407,1691
28-Oct-2025,26911.65,Call,27500,94.75,10.91,17.8062,79,1399,1410
28-Oct-2025,26911.65,Put,26700,144.9,11.96,17.8062,-24,513,1168
28-Oct-2025,26911.65,Put,26500,101.1,12.52,17.8062,32,777,899
28-Oct-2025,26911.65,Put,25000,10.85,18.3,17.8062,6,893,720
28-Oct-2025,26911.65,Put,26600,120.8,12.2,17.8062,-72,495,665
28-Oct-2025,26911.65,Put,26000,43.65,14.24,17.8062,22,1041,607
28-Oct-2025,26911.65,Call,26950,310,10.49,17.8062,49,88,590
28-Oct-2025,26911.65,Put,26400,86,12.96,17.8062,60,794,569
28-Oct-2025,26911.65,Call,26850,365.85,11.07,17.8062,-34,115,557
28-Oct-2025,26911.65,Call,29000,5.8,14.96,17.8062,160,569,524
28-Oct-2025,26911.65,Call,27650,66.7,11.15,17.8062,117,257,402
28-Oct-2025,26911.65,Put,26850,192.05,11.54,17.8062,65,124,400
28-Oct-2025,26911.65,Put,26300,71.4,13.34,17.8062,-1,633,385
28-Oct-2025,26911.65,Call,27050,244.55,10.55,17.8062,0,236,384
28-Oct-2025,26911.65,Call,26700,459.7,10.94,17.8062,-88,406,375
28-Oct-2025,26911.65,Call,28500,10.15,12.86,17.8062,85,293,343
28-Oct-2025,26911.65,Call,26750,433.9,11.82,17.8062,-80,119,320
28-Oct-2025,26911.65,-,0,27010.2,0,17.8062,-2,524,293
28-Oct-2025,26911.65,Call,27800,47.2,11.39,17.8062,81,886,267
28-Oct-2025,26911.65,Put,26950,229.9,11.36,17.8062,65,75,237
28-Oct-2025,26911.65,Put,26200,58.8,13.45,17.8062,-37,310,201
28-Oct-2025,26911.65,Put,26100,50.85,13.9,17.8062,94,212,191
28-Oct-2025,26911.65,Put,24500,6.8,20.72,17.8062,-145,157,182
28-Oct-2025,26911.65,Call,26500,624.55,11.31,17.8062,-66,436,169
28-Oct-2025,26911.65,Call,27350,132.8,10.84,17.8062,53,387,162
28-Oct-2025,26911.65,Put,26650,131.8,12.04,17.8062,-34,116,154
28-Oct-2025,26911.65,Call,29500,4.35,17.3,17.8062,26,313,149
28-Oct-2025,26911.65,Put,26550,114.85,12.37,17.8062,-30,225,137
28-Oct-2025,26911.65,Put,25700,25.25,15.12,17.8062,12,699,133
28-Oct-2025,26911.65,Put,24700,7.25,19.41,17.8062,-60,76,120
28-Oct-2025,26911.65,Put,26750,160.7,11.82,17.8062,-22,98,108
28-Oct-2025,26911.65,Call,28200,16.55,11.83,17.8062,27,186,97
28-Oct-2025,26911.65,Call,27450,107.75,10.72,17.8062,18,180,95
28-Oct-2025,26911.65,Put,26250,68,13.48,17.8062,33,64,90
28-Oct-2025,26911.65,Put,25900,36,14.57,17.8062,0,126,87
28-Oct-2025,26911.65,Call,26600,559.15,12.16,17.8062,-37,335,87
28-Oct-2025,26911.65,Call,27900,33.4,11.21,17.8062,-36,264,87
28-Oct-2025,26911.65,Call,28300,13.4,12.08,17.8062,6,48,80
28-Oct-2025,26911.65,Call,26650,498.6,11.13,17.8062,-42,65,69
28-Oct-2025,26911.65,Put,26050,47.35,14.07,17.8062,10,62,67
28-Oct-2025,26911.65,Call,28600,8.05,13.07,17.8062,-6,17,65
28-Oct-2025,26911.65,Put,27200,364.7,11.52,17.8062,13,955,62
28-Oct-2025,26911.65,Put,25200,13.3,17.32,17.8062,-2,38,56
28-Oct-2025,26911.65,Put,26350,79.55,13.07,17.8062,2,91,42
28-Oct-2025,26911.65,Put,25850,31.65,14.51,17.8062,-19,173,39
28-Oct-2025,26911.65,Put,26450,90.9,12.53,17.8062,1,43,35
28-Oct-2025,26911.65,Put,24600,8.7,20.72,17.8062,-3,32,31
28-Oct-2025,26911.65,Call,28400,11.95,12.55,17.8062,0,17,29
28-Oct-2025,26911.65,Put,25100,12.15,17.85,17.8062,2,28,27
28-Oct-2025,26911.65,Put,27100,297.75,11.09,17.8062,13,13,26
28-Oct-2025,26911.65,Call,28100,20.5,11.57,17.8062,6,101,25
25-Nov-2025,26911.65,-,0,27165,0,17.8062,2,24,22
28-Oct-2025,26911.65,Call,28900,7.4,14.87,17.8062,10,17,22
28-Oct-2025,26911.65,Put,23500,4.05,26.35,17.8062,0,31,21
28-Oct-2025,26911.65,Call,29100,6.25,15.75,17.8062,4,9,19
28-Oct-2025,26911.65,Call,26300,790.35,12.23,17.8062,-9,159,15
28-Oct-2025,26911.65,Call,27950,31.55,11.49,17.8062,9,55,15
28-Oct-2025,26911.65,Call,28700,7.3,13.53,17.8062,6,14,13
28-Oct-2025,26911.65,Call,28050,24.95,11.49,17.8062,9,10,13
28-Oct-2025,26911.65,Put,26150,56.4,13.75,17.8062,7,92,11
28-Oct-2025,26911.65,Put,24000,4.75,23.28,17.8062,-1,99,10
28-Oct-2025,26911.65,Put,24900,10.2,18.9,17.8062,-1,31,9
28-Oct-2025,26911.65,Call,28800,6.2,13.84,17.8062,1,5,8
28-Oct-2025,26911.65,Call,26250,831.1,12.11,17.8062,-1,20,6
28-Oct-2025,26911.65,Put,25450,21.25,16.75,17.8062,4,4,5
28-Oct-2025,26911.65,Call,26550,576.75,11.72,17.8062,-2,49,4
28-Oct-2025,26911.65,Put,23600,4.25,25.79,17.8062,1,9,4
28-Oct-2025,26911.65,Call,26000,1057.6,12.56,17.8062,0,191,3
28-Oct-2025,26911.65,Put,22500,4.4,33.85,17.8062,0,17,2
28-Oct-2025,26911.65,Put,24100,5,22.72,17.8062,1,8,2
28-Oct-2025,26911.65,Call,26350,523.2,0,17.8062,0,50,1
28-Oct-2025,26911.65,Call,26450,657.75,11.57,17.8062,0,31,1
28-Oct-2025,26911.65,Put,24800,9.2,19.36,17.8062,0,3,1
28-Oct-2025,26911.65,Call,25000,2020,0,17.8062,0,15,1
30-Dec-2025,26911.65,-,0,0,0,17.8062,0,0,0
28-Oct-2025,26911.65,Call,27150,0,0,17.8062,0,0,0
28-Oct-2025,26911.65,Call,25450,0,0,17.8062,0,0,0
28-Oct-2025,26911.65,Call,25550,0,0,17.8062,0,0,0
28-Oct-2025,26911.65,Call,25650,0,0,17.8062,0,0,0
28-Oct-2025,26911.65,Call,25750,0,0,17.8062,0,0,0
28-Oct-2025,26911.65,Call,25850,0,0,17.8062,0,0,0
28-Oct-2025,26911.65,Call,25950,0,0,17.8062,0,0,0
28-Oct-2025,26911.65,Call,26150,0,0,17.8062,0,34,0
28-Oct-2025,26911.65,Put,23900,0,0,17.8062,0,4,0
28-Oct-2025,26911.65,Call,26100,0,0,17.8062,0,28,0
28-Oct-2025,26911.65,Put,29100,0,0,17.8062,0,0,0
28-Oct-2025,26911.65,Call,29200,0,0,17.8062,0,0,0
28-Oct-2025,26911.65,Call,27250,0,0,17.8062,0,0,0
28-Oct-2025,26911.65,Put,24750,0,0,17.8062,0,1,0
28-Oct-2025,26911.65,Put,25950,0,0,17.8062,0,0,0
28-Oct-2025,26911.65,Put,27650,0,0,17.8062,0,0,0
28-Oct-2025,26911.65,Put,28800,0,0,17.8062,0,0,0
28-Oct-2025,26911.65,Put,28900,0,0,17.8062,0,0,0
28-Oct-2025,26911.65,Put,27350,0,0,17.8062,0,0,0
28-Oct-2025,26911.65,Put,27450,0,0,17.8062,0,0,0
28-Oct-2025,26911.65,Put,27550,0,0,17.8062,0,0,0
28-Oct-2025,26911.65,Put,25150,0,0,17.8062,0,2,0
28-Oct-2025,26911.65,Call,23600,0,0,17.8062,0,0,0
28-Oct-2025,26911.65,Call,23700,0,0,17.8062,0,0,0
28-Oct-2025,26911.65,Call,23800,0,0,17.8062,0,0,0
28-Oct-2025,26911.65,Call,24000,0,0,17.8062,0,26,0
28-Oct-2025,26911.65,Call,24100,0,0,17.8062,0,0,0
28-Oct-2025,26911.65,Call,24200,0,0,17.8062,0,0,0
28-Oct-2025,26911.65,Call,24300,0,0,17.8062,0,0,0
28-Oct-2025,26911.65,Call,24400,0,0,17.8062,0,0,0
28-Oct-2025,26911.65,Call,24600,0,0,17.8062,0,0,0
28-Oct-2025,26911.65,Call,24700,0,0,17.8062,0,0,0
28-Oct-2025,26911.65,Call,24800,0,0,17.8062,0,0,0
28-Oct-2025,26911.65,Call,24900,0,0,17.8062,0,0,0
28-Oct-2025,26911.65,Call,25100,0,0,17.8062,0,0,0
28-Oct-2025,26911.65,Call,25400,0,0,17.8062,0,0,0
28-Oct-2025,26911.65,Call,25500,0,0,17.8062,0,3,0
28-Oct-2025,26911.65,Call,25600,0,0,17.8062,0,0,0
28-Oct-2025,26911.65,Call,25700,0,0,17.8062,0,8,0
28-Oct-2025,26911.65,Call,25800,0,0,17.8062,0,0,0
28-Oct-2025,26911.65,Call,26200,0,0,17.8062,0,88,0
28-Oct-2025,26911.65,Call,22500,0,0,17.8062,0,0,0
28-Oct-2025,26911.65,Call,23000,0,0,17.8062,0,0,0
28-Oct-2025,26911.65,Call,23500,0,0,17.8062,0,0,0
28-Oct-2025,26911.65,Call,27600,0,0,17.8062,0,0,0
28-Oct-2025,26911.65,Call,27700,0,0,17.8062,0,0,0
28-Oct-2025,26911.65,Put,24850,0,0,17.8062,0,0,0
28-Oct-2025,26911.65,Put,28050,0,0,17.8062,0,0,0
28-Oct-2025,26911.65,Call,29300,0,0,17.8062,0,0,0
28-Oct-2025,26911.65,Put,28000,0,0,17.8062,0,0,0
28-Oct-2025,26911.65,Call,24950,0,0,17.8062,0,0,0
28-Oct-2025,26911.65,Put,25500,0,0,17.8062,0,0,0
28-Oct-2025,26911.65,Put,28200,0,0,17.8062,0,0,0
28-Oct-2025,26911.65,Call,25250,0,0,17.8062,0,0,0
28-Oct-2025,26911.65,Put,27050,0,0,17.8062,0,0,0
28-Oct-2025,26911.65,Call,24500,0,0,17.8062,0,0,0
28-Oct-2025,26911.65,Put,24300,0,0,17.8062,0,3,0
28-Oct-2025,26911.65,Put,25300,0,0,17.8062,0,0,0
28-Oct-2025,26911.65,Call,27400,0,0,17.8062,0,0,0
28-Oct-2025,26911.65,Put,29200,0,0,17.8062,0,0,0
28-Oct-2025,26911.65,Put,27150,0,0,17.8062,0,0,0
28-Oct-2025,26911.65,Put,25550,0,0,17.8062,0,0,0
28-Oct-2025,26911.65,Put,23700,0,0,17.8062,0,8,0
28-Oct-2025,26911.65,Put,28400,0,0,17.8062,0,0,0
28-Oct-2025,26911.65,Call,26400,0,0,17.8062,0,180,0
28-Oct-2025,26911.65,Put,27800,0,0,17.8062,0,0,0
28-Oct-2025,26911.65,Put,28700,0,0,17.8062,0,0,0
28-Oct-2025,26911.65,Put,23800,0,0,17.8062,0,2,0
28-Oct-2025,26911.65,Put,25350,0,0,17.8062,0,0,0
28-Oct-2025,26911.65,Put,28100,0,0,17.8062,0,0,0
28-Oct-2025,26911.65,Put,27400,0,0,17.8062,0,0,0
25-Nov-2025,26911.65,Call,28500,0,0,17.8062,0,0,0
28-Oct-2025,26911.65,Put,29000,0,0,17.8062,0,0,0
25-Nov-2025,26911.65,Call,29500,0,0,17.8062,0,0,0
28-Oct-2025,26911.65,Put,25250,0,0,17.8062,0,0,0
25-Nov-2025,26911.65,Call,27700,0,0,17.8062,0,0,0
28-Oct-2025,26911.65,Put,25600,0,0,17.8062,0,0,0
28-Oct-2025,26911.65,Call,25300,0,0,17.8062,0,0,0
28-Oct-2025,26911.65,Put,23000,0,0,17.8062,0,24,0
28-Oct-2025,26911.65,Put,27500,0,0,17.8062,0,0,0
28-Oct-2025,26911.65,Call,25200,0,0,17.8062,0,0,0
28-Oct-2025,26911.65,Put,25650,0,0,17.8062,0,0,0
28-Oct-2025,26911.65,Put,24200,0,0,17.8062,0,37,0
28-Oct-2025,26911.65,Call,23900,0,0,17.8062,0,0,0
28-Oct-2025,26911.65,Call,27550,0,0,17.8062,0,0,0
28-Oct-2025,26911.65,Put,29300,0,0,17.8062,0,0,0
28-Oct-2025,26911.65,Put,28300,0,0,17.8062,0,0,0
28-Oct-2025,26911.65,Call,25150,0,0,17.8062,0,0,0
28-Oct-2025,26911.65,Put,27250,0,0,17.8062,0,0,0
28-Oct-2025,26911.65,Put,29500,0,0,17.8062,0,0,0
28-Oct-2025,26911.65,Put,28500,0,0,17.8062,0,0,0
28-Oct-2025,26911.65,Put,28600,0,0,17.8062,0,0,0
28-Oct-2025,26911.65,Call,25350,0,0,17.8062,0,0,0
28-Oct-2025,26911.65,Call,25900,0,0,17.8062,0,7,0
28-Oct-2025,26911.65,Put,25800,0,0,17.8062,0,0,0
28-Oct-2025,26911.65,Put,27700,0,0,17.8062,0,0,0
28-Oct-2025,26911.65,Put,24950,0,0,17.8062,0,0,0
28-Oct-2025,26911.65,Put,27600,0,0,17.8062,0,0,0
25-Nov-2025,26911.65,Call,28200,0,0,17.8062,0,0,0
28-Oct-2025,26911.65,Put,24400,0,0,17.8062,0,17,0
28-Oct-2025,26911.65,Call,24850,0,0,17.8062,0,0,0
28-Oct-2025,26911.65,Call,27750,0,0,17.8062,0,53,0
28-Oct-2025,26911.65,Call,25050,0,0,17.8062,0,0,0
28-Oct-2025,26911.65,Put,25050,0,0,17.8062,0,0,0
28-Oct-2025,26911.65,Put,25400,0,0,17.8062,0,0,0
28-Oct-2025,26911.65,Call,26050,0,0,17.8062,0,2,0
28-Oct-2025,26911.65,Put,27850,0,0,17.8062,0,0,0
28-Oct-2025,26911.65,Call,24750,0,0,17.8062,0,0,0
28-Oct-2025,26911.65,Put,27950,0,0,17.8062,0,0,0
28-Oct-2025,26911.65,Put,25750,0,0,17.8062,0,0,0
28-Oct-2025,26911.65,Put,27900,0,0,17.8062,0,0,0
25-Nov-2025,26911.65,Call,28300,0,0,17.8062,0,0,0
28-Oct-2025,26911.65,Call,27850,0,0,17.8062,0,32,0
28-Oct-2025,26911.65,Put,27300,0,0,17.8062,0,12,0
28-Oct-2025,26911.65,Put,27750,0,0,17.8062,0,0,0
25-Nov-2025,26911.65,Call,30000,0,0,17.8062,0,0,0
25-Nov-2025,26911.65,Call,27900,0,0,17.8062,0,0,0
25-Nov-2025,26911.65,Call,28600,0,0,17.8062,0,0,0
25-Nov-2025,26911.65,Call,27800,0,0,17.8062,0,0,0
25-Nov-2025,26911.65,Call,28700,0,0,17.8062,0,1,0
25-Nov-2025,26911.65,Call,29000,0,0,17.8062,0,1,0
25-Nov-2025,26911.65,Call,28800,0,0,17.8062,0,0,0
25-Nov-2025,26911.65,Call,28400,0,0,17.8062,0,0,0
25-Nov-2025,26911.65,Put,26900,0,0,0,0,0,0
25-Nov-2025,26911.65,Call,28100,0,0,17.8062,0,0,0
25-Nov-2025,26911.65,Call,26700,0,0,0,0,0,0
25-Nov-2025,26911.65,Call,27500,0,0,17.8062,0,0,0
25-Nov-2025,26911.65,Call,27000,0,0,0,0,0,0
25-Nov-2025,26911.65,Call,27200,0,0,17.8062,0,0,0
25-Nov-2025,26911.65,Call,27600,0,0,17.8062,0,0,0
25-Nov-2025,26911.65,Call,28000,0,0,17.8062,0,0,0
25-Nov-2025,26911.65,Put,24500,0,0,17.8062,0,0,0
