28-Oct-2025,26876.1,Call,27000,272,11.33,17.8062,889,2266,7397
28-Oct-2025,26876.1,Call,27200,179.55,11.11,17.8062,-754,2589,3716
28-Oct-2025,26876.1,Call,26900,329.1,11.49,17.8062,149,679,2505
28-Oct-2025,26876.1,Call,26800,394.55,11.98,17.8062,124,1070,2356
28-Oct-2025,26876.1,Put,27000,259,11.08,17.8062,385,835,1796
28-Oct-2025,26876.1,Call,27300,144.4,11.07,17.8062,634,2766,1746
28-Oct-2025,26876.1,Put,26800,181.9,11.53,17.8062,199,650,1649
28-Oct-2025,26876.1,Put,26900,219.2,11.3,17.8062,313,533,1577
28-Oct-2025,26876.1,Call,28000,26.15,11.75,17.8062,-212,978,1557
28-Oct-2025,26876.1,Call,27100,221,11.07,17.8062,33,472,1454
28-Oct-2025,26876.1,Call,27500,92,11.19,17.8062,21,1341,1123
28-Oct-2025,26876.1,Put,26700,147.55,11.62,17.8062,-39,498,1046
28-Oct-2025,26876.1,Put,26500,105.3,12.38,17.8062,6,751,712
28-Oct-2025,26876.1,Put,25000,10.35,18.16,17.8062,6,893,697
28-Oct-2025,26876.1,Put,26600,126.9,11.94,17.8062,-85,482,625
28-Oct-2025,26876.1,Call,26850,368.75,11.64,17.8062,-27,122,506
28-Oct-2025,26876.1,Put,26000,42.9,14.14,17.8062,41,1060,497
28-Oct-2025,26876.1,Call,26950,304.8,11.29,17.8062,73,112,467
28-Oct-2025,26876.1,Call,29000,5.8,15.27,17.8062,147,556,432
28-Oct-2025,26876.1,Put,26400,87.35,12.73,17.8062,-20,714,362
28-Oct-2025,26876.1,Call,26700,470.3,11.78,17.8062,-64,430,326
28-Oct-2025,26876.1,Call,27050,250.7,11.22,17.8062,2,238,325
28-Oct-2025,26876.1,Call,27650,63.75,11.51,17.8062,101,241,313
28-Oct-2025,26876.1,Put,26850,194.05,11.24,17.8062,57,116,313
28-Oct-2025,26876.1,Call,26750,438,12.21,17.8062,-73,126,303
28-Oct-2025,26876.1,Put,26300,74.55,13.07,17.8062,-31,603,281
28-Oct-2025,26876.1,-,0,27017.1,0,17.8062,4,530,238
28-Oct-2025,26876.1,Call,28500,10.15,13.04,17.8062,12,220,234
28-Oct-2025,26876.1,Call,27800,44.65,11.44,17.8062,80,885,223
28-Oct-2025,26876.1,Put,24500,6.8,20.93,17.8062,-145,157,182
28-Oct-2025,26876.1,Put,26100,51.2,13.71,17.8062,108,226,158
28-Oct-2025,26876.1,Put,26950,233.9,11.12,17.8062,30,40,141
28-Oct-2025,26876.1,Put,26650,134.85,11.9,17.8062,-35,115,140
28-Oct-2025,26876.1,Put,26200,62.15,13.29,17.8062,-19,328,135
28-Oct-2025,26876.1,Put,25700,25.85,14.99,17.8062,12,699,121
28-Oct-2025,26876.1,Put,24700,7.25,19.72,17.8062,-60,76,120
28-Oct-2025,26876.1,Call,27350,130,11.06,17.8062,32,366,118
28-Oct-2025,26876.1,Call,29500,4,17.42,17.8062,23,310,118
28-Oct-2025,26876.1,Put,26550,116.15,12.18,17.8062,-41,214,103
28-Oct-2025,26876.1,Put,26750,162.5,11.7,17.8062,-12,108,92
28-Oct-2025,26876.1,Put,26250,67.55,13.11,17.8062,33,64,89
28-Oct-2025,26876.1,Call,26500,616.6,12.49,17.8062,14,516,86
28-Oct-2025,26876.1,Call,27900,34.25,11.64,17.8062,-35,265,81
28-Oct-2025,26876.1,Call,27450,102.9,11.08,17.8062,12,174,80
28-Oct-2025,26876.1,Call,26600,532.25,11.9,17.8062,-28,344,73
28-Oct-2025,26876.1,Call,28300,13.3,12.3,17.8062,6,48,73
28-Oct-2025,26876.1,Call,28200,15.25,12.09,17.8062,21,180,73
28-Oct-2025,26876.1,Put,26050,44.15,13.55,17.8062,17,69,66
28-Oct-2025,26876.1,Call,26650,499.95,12.03,17.8062,-39,68,62
28-Oct-2025,26876.1,Put,25200,12.4,16.94,17.8062,-1,39,54
28-Oct-2025,26876.1,Put,25900,37.4,14.42,17.8062,3,129,44
28-Oct-2025,26876.1,Call,28600,8.8,13.62,17.8062,-6,17,40
28-Oct-2025,26876.1,Put,25850,34.15,14.57,17.8062,-18,174,36
28-Oct-2025,26876.1,Put,26450,91,12.23,17.8062,-1,41,34
28-Oct-2025,26876.1,Put,24600,8.7,20.55,17.8062,-3,32,31
28-Oct-2025,26876.1,Call,28100,20.5,11.77,17.8062,6,101,25
28-Oct-2025,26876.1,Put,26350,78.85,12.75,17.8062,-9,80,24
28-Oct-2025,26876.1,Call,28400,10.5,12.39,17.8062,-2,15,24
28-Oct-2025,26876.1,Put,23500,4.05,26.55,17.8062,-1,30,21
25-Nov-2025,26876.1,-,0,27162.8,0,17.8062,3,25,20
28-Oct-2025,26876.1,Put,27200,360,10.43,17.8062,3,945,20
28-Oct-2025,26876.1,Put,25100,11.15,17.42,17.8062,1,27,20
28-Oct-2025,26876.1,Call,29100,5.25,15.91,17.8062,9,14,18
28-Oct-2025,26876.1,Call,28900,6.1,14.93,17.8062,5,12,17
28-Oct-2025,26876.1,Call,27950,31.55,11.72,17.8062,9,55,15
28-Oct-2025,26876.1,Call,28700,7.3,14.12,17.8062,6,14,13
28-Oct-2025,26876.1,Call,28050,22.4,11.51,17.8062,7,8,10
28-Oct-2025,26876.1,Put,24000,5.25,23.44,17.8062,-2,98,9
28-Oct-2025,26876.1,Call,26300,790.15,13.62,17.8062,-5,163,9
28-Oct-2025,26876.1,Put,26150,55.85,13.46,17.8062,5,90,9
28-Oct-2025,26876.1,Put,24900,10.2,18.73,17.8062,-1,31,9
28-Oct-2025,26876.1,Call,28800,6.2,14.29,17.8062,1,5,8
28-Oct-2025,26876.1,Put,27100,310.95,11.16,17.8062,3,3,7
28-Oct-2025,26876.1,Call,26250,831.1,10.42,17.8062,-1,20,6
28-Oct-2025,26876.1,Put,23600,5.45,26.47,17.8062,0,8,3
28-Oct-2025,26876.1,Call,26000,1057.6,0,17.8062,0,191,3
28-Oct-2025,26876.1,Put,22500,4.4,33.71,17.8062,0,17,2
28-Oct-2025,26876.1,Put,24100,6.45,0,17.8062,0,7,1
28-Oct-2025,26876.1,Call,26350,523.2,0,17.8062,0,50,1
28-Oct-2025,26876.1,Call,25000,2020,19.85,17.8062,0,15,1
28-Oct-2025,26876.1,Put,24800,9.2,19.19,17.8062,0,3,1
28-Oct-2025,26876.1,Call,26450,657.75,12.68,17.8062,0,31,1
28-Oct-2025,26876.1,Call,26550,506.5,8.35,17.8062,0,51,1
30-Dec-2025,26876.1,-,0,0,0,17.8062,0,0,0
28-Oct-2025,26876.1,Put,28100,0,0,17.8062,0,0,0
28-Oct-2025,26876.1,Put,28200,0,0,17.8062,0,0,0
28-Oct-2025,26876.1,Put,28300,0,0,17.8062,0,0,0
28-Oct-2025,26876.1,Put,28400,0,0,17.8062,0,0,0
28-Oct-2025,26876.1,Put,28500,0,0,17.8062,0,0,0
28-Oct-2025,26876.1,Put,28700,0,0,17.8062,0,0,0
28-Oct-2025,26876.1,Put,29000,0,0,17.8062,0,0,0
28-Oct-2025,26876.1,Put,29500,0,0,17.8062,0,0,0
28-Oct-2025,26876.1,Put,25150,0,0,17.8062,0,2,0
28-Oct-2025,26876.1,Put,23700,0,0,17.8062,0,8,0
28-Oct-2025,26876.1,Put,23800,0,0,17.8062,0,2,0
28-Oct-2025,26876.1,Put,24850,0,0,17.8062,0,0,0
28-Oct-2025,26876.1,Call,27400,0,0,17.8062,0,0,0
28-Oct-2025,26876.1,Call,25050,0,0,17.8062,0,0,0
28-Oct-2025,26876.1,Call,25350,0,0,17.8062,0,0,0
28-Oct-2025,26876.1,Put,24400,0,0,17.8062,0,17,0
28-Oct-2025,26876.1,Put,25500,0,0,17.8062,0,0,0
28-Oct-2025,26876.1,Call,27600,0,0,17.8062,0,0,0
28-Oct-2025,26876.1,Put,25750,0,0,17.8062,0,0,0
28-Oct-2025,26876.1,Put,27150,0,0,17.8062,0,0,0
28-Oct-2025,26876.1,Call,27700,0,0,17.8062,0,0,0
28-Oct-2025,26876.1,Put,28600,0,0,17.8062,0,0,0
28-Oct-2025,26876.1,Call,26100,0,0,17.8062,0,28,0
28-Oct-2025,26876.1,Put,25400,0,0,17.8062,0,0,0
28-Oct-2025,26876.1,Put,25600,0,0,17.8062,0,0,0
28-Oct-2025,26876.1,Put,25800,0,0,17.8062,0,0,0
28-Oct-2025,26876.1,Put,27300,0,0,17.8062,0,12,0
28-Oct-2025,26876.1,Put,27400,0,0,17.8062,0,0,0
28-Oct-2025,26876.1,Put,27800,0,0,17.8062,0,0,0
28-Oct-2025,26876.1,Put,25050,0,0,17.8062,0,0,0
28-Oct-2025,26876.1,Put,27050,0,0,17.8062,0,0,0
28-Oct-2025,26876.1,Put,27250,0,0,17.8062,0,0,0
28-Oct-2025,26876.1,Put,28800,0,0,17.8062,0,0,0
28-Oct-2025,26876.1,Call,25450,0,0,17.8062,0,0,0
28-Oct-2025,26876.1,Call,25650,0,0,17.8062,0,0,0
28-Oct-2025,26876.1,Call,25750,0,0,17.8062,0,0,0
28-Oct-2025,26876.1,Put,25350,0,0,17.8062,0,0,0
28-Oct-2025,26876.1,Call,27150,0,0,17.8062,0,0,0
28-Oct-2025,26876.1,Put,27650,0,0,17.8062,0,0,0
28-Oct-2025,26876.1,Call,27550,0,0,17.8062,0,0,0
28-Oct-2025,26876.1,Call,29300,0,0,17.8062,0,0,0
28-Oct-2025,26876.1,Put,29200,0,0,17.8062,0,0,0
28-Oct-2025,26876.1,Put,27750,0,0,17.8062,0,0,0
28-Oct-2025,26876.1,Call,27850,0,0,17.8062,0,32,0
28-Oct-2025,26876.1,Call,23900,0,0,17.8062,0,0,0
28-Oct-2025,26876.1,Call,24000,0,0,17.8062,0,26,0
28-Oct-2025,26876.1,Call,23800,0,0,17.8062,0,0,0
28-Oct-2025,26876.1,Call,25400,0,0,17.8062,0,0,0
28-Oct-2025,26876.1,Call,25500,0,0,17.8062,0,3,0
28-Oct-2025,26876.1,Put,28000,0,0,17.8062,0,0,0
28-Oct-2025,26876.1,Call,24100,0,0,17.8062,0,0,0
28-Oct-2025,26876.1,Put,27900,0,0,17.8062,0,0,0
28-Oct-2025,26876.1,Call,26200,0,0,17.8062,0,88,0
28-Oct-2025,26876.1,Call,24500,0,0,17.8062,0,0,0
28-Oct-2025,26876.1,Put,27700,0,0,17.8062,0,0,0
28-Oct-2025,26876.1,Put,27600,0,0,17.8062,0,0,0
28-Oct-2025,26876.1,Call,24600,0,0,17.8062,0,0,0
28-Oct-2025,26876.1,Put,24300,0,0,17.8062,0,3,0
28-Oct-2025,26876.1,Put,25650,0,0,17.8062,0,0,0
28-Oct-2025,26876.1,Call,26400,0,0,17.8062,0,180,0
28-Oct-2025,26876.1,Call,25250,0,0,17.8062,0,0,0
28-Oct-2025,26876.1,Call,25700,0,0,17.8062,0,8,0
28-Oct-2025,26876.1,Put,25250,0,0,17.8062,0,0,0
28-Oct-2025,26876.1,Put,24200,0,0,17.8062,0,37,0
25-Nov-2025,26876.1,Call,27000,0,0,0,0,0,0
28-Oct-2025,26876.1,Put,25550,0,0,17.8062,0,0,0
28-Oct-2025,26876.1,Put,28900,0,0,17.8062,0,0,0
28-Oct-2025,26876.1,Call,26050,0,0,17.8062,0,2,0
28-Oct-2025,26876.1,Call,26150,0,0,17.8062,0,34,0
28-Oct-2025,26876.1,Put,23000,0,0,17.8062,0,24,0
28-Oct-2025,26876.1,Put,27500,0,0,17.8062,0,0,0
28-Oct-2025,26876.1,Put,27850,0,0,17.8062,0,0,0
28-Oct-2025,26876.1,Put,27350,0,0,17.8062,0,0,0
28-Oct-2025,26876.1,Put,23900,0,0,17.8062,0,4,0
25-Nov-2025,26876.1,Call,28000,0,0,17.8062,0,0,0
28-Oct-2025,26876.1,Call,23600,0,0,17.8062,0,0,0
28-Oct-2025,26876.1,Call,25100,0,0,17.8062,0,0,0
28-Oct-2025,26876.1,Call,24400,0,0,17.8062,0,0,0
28-Oct-2025,26876.1,Call,25550,0,0,17.8062,0,0,0
28-Oct-2025,26876.1,Put,25300,0,0,17.8062,0,0,0
28-Oct-2025,26876.1,Call,23700,0,0,17.8062,0,0,0
28-Oct-2025,26876.1,Call,25950,0,0,17.8062,0,0,0
28-Oct-2025,26876.1,Call,24200,0,0,17.8062,0,0,0
28-Oct-2025,26876.1,Put,29300,0,0,17.8062,0,0,0
28-Oct-2025,26876.1,Call,25850,0,0,17.8062,0,0,0
28-Oct-2025,26876.1,Call,25300,0,0,17.8062,0,0,0
28-Oct-2025,26876.1,Call,24700,0,0,17.8062,0,0,0
28-Oct-2025,26876.1,Call,25800,0,0,17.8062,0,0,0
25-Nov-2025,26876.1,Call,28800,0,0,17.8062,0,0,0
28-Oct-2025,26876.1,Call,25600,0,0,17.8062,0,0,0
28-Oct-2025,26876.1,Call,24800,0,0,17.8062,0,0,0
28-Oct-2025,26876.1,Call,22500,0,0,17.8062,0,0,0
28-Oct-2025,26876.1,Put,24750,0,0,17.8062,0,1,0
28-Oct-2025,26876.1,Call,24850,0,0,17.8062,0,0,0
28-Oct-2025,26876.1,Call,25150,0,0,17.8062,0,0,0
28-Oct-2025,26876.1,Call,27250,0,0,17.8062,0,0,0
28-Oct-2025,26876.1,Call,23500,0,0,17.8062,0,0,0
28-Oct-2025,26876.1,Put,24950,0,0,17.8062,0,0,0
28-Oct-2025,26876.1,Call,23000,0,0,17.8062,0,0,0
28-Oct-2025,26876.1,Call,24750,0,0,17.8062,0,0,0
28-Oct-2025,26876.1,Put,27450,0,0,17.8062,0,0,0
25-Nov-2025,26876.1,Put,26900,0,0,0,0,0,0
28-Oct-2025,26876.1,Call,29200,0,0,17.8062,0,0,0
28-Oct-2025,26876.1,Put,28050,0,0,17.8062,0,0,0
28-Oct-2025,26876.1,Call,24950,0,0,17.8062,0,0,0
28-Oct-2025,26876.1,Call,27750,0,0,17.8062,0,53,0
28-Oct-2025,26876.1,Put,25450,0,0,17.8062,0,0,0
28-Oct-2025,26876.1,Put,27550,0,0,17.8062,0,0,0
28-Oct-2025,26876.1,Call,24900,0,0,17.8062,0,0,0
28-Oct-2025,26876.1,Call,25900,0,0,17.8062,0,7,0
28-Oct-2025,26876.1,Call,25200,0,0,17.8062,0,0,0
28-Oct-2025,26876.1,Put,29100,0,0,17.8062,0,0,0
28-Oct-2025,26876.1,Put,27950,0,0,17.8062,0,0,0
28-Oct-2025,26876.1,Call,24300,0,0,17.8062,0,0,0
28-Oct-2025,26876.1,Put,25950,0,0,17.8062,0,0,0
25-Nov-2025,26876.1,Put,24500,0,0,17.8062,0,0,0
25-Nov-2025,26876.1,Call,27700,0,0,17.8062,0,0,0
25-Nov-2025,26876.1,Call,27800,0,0,17.8062,0,0,0
25-Nov-2025,26876.1,Call,28500,0,0,17.8062,0,0,0
25-Nov-2025,26876.1,Call,28200,0,0,17.8062,0,0,0
25-Nov-2025,26876.1,Call,28400,0,0,17.8062,0,0,0
25-Nov-2025,26876.1,Call,27600,0,0,17.8062,0,0,0
25-Nov-2025,26876.1,Call,30000,0,0,17.8062,0,0,0
25-Nov-2025,26876.1,Call,27500,0,0,17.8062,0,0,0
25-Nov-2025,26876.1,Call,28700,0,0,17.8062,0,1,0
25-Nov-2025,26876.1,Call,29500,0,0,17.8062,0,0,0
25-Nov-2025,26876.1,Call,28600,0,0,17.8062,0,0,0
25-Nov-2025,26876.1,Call,29000,0,0,17.8062,0,1,0
25-Nov-2025,26876.1,Call,27900,0,0,17.8062,0,0,0
25-Nov-2025,26876.1,Call,28100,0,0,17.8062,0,0,0
25-Nov-2025,26876.1,Call,28300,0,0,17.8062,0,0,0
25-Nov-2025,26876.1,Call,27200,0,0,17.8062,0,0,0
