28-Oct-2025,1490.6,-,0,1485.9,0,29.2314,-394,58254,8339
28-Oct-2025,1490.6,Call,1500,27.4,21.45,29.2314,87,3044,5464
28-Oct-2025,1490.6,Call,1480,37.4,20.52,29.2314,-47,1139,3055
28-Oct-2025,1490.6,Call,1520,20,22.18,29.2314,73,1180,2808
28-Oct-2025,1490.6,Call,1540,13.85,22.67,29.2314,17,1106,2209
28-Oct-2025,1490.6,Put,1460,23.3,29.93,29.2314,146,721,2179
28-Oct-2025,1490.6,Put,1480,31.7,30.35,29.2314,26,798,2135
28-Oct-2025,1490.6,Call,1600,4.3,23.99,29.2314,-42,1621,1947
28-Oct-2025,1490.6,Put,1420,11.8,30.04,29.2314,21,814,1831
28-Oct-2025,1490.6,Call,1460,48.5,19.66,29.2314,-8,1127,1531
28-Oct-2025,1490.6,Put,1440,16.8,30.01,29.2314,34,1255,1466
28-Oct-2025,1490.6,Put,1500,42,30.79,29.2314,28,969,1338
28-Oct-2025,1490.6,Call,1560,9.5,23,29.2314,12,658,1199
28-Oct-2025,1490.6,Put,1380,5.6,30.86,29.2314,111,972,960
28-Oct-2025,1490.6,Put,1400,8.15,30.3,29.2314,48,1420,748
28-Oct-2025,1490.6,Call,1440,61.85,17.65,29.2314,16,588,648
28-Oct-2025,1490.6,Call,1580,6.4,23.46,29.2314,36,725,525
28-Oct-2025,1490.6,Put,1520,54.45,31.54,29.2314,39,266,497
28-Oct-2025,1490.6,Put,1360,3.9,31.77,29.2314,42,728,441
28-Oct-2025,1490.6,Call,1640,1.9,25.05,29.2314,202,1121,438
28-Oct-2025,1490.6,Call,1620,2.8,24.49,29.2314,18,796,424
25-Nov-2025,1490.6,-,0,1494.3,0,29.2314,2,1326,375
28-Oct-2025,1490.6,Put,1300,1.45,34.6,29.2314,-89,860,364
28-Oct-2025,1490.6,Put,1340,2.75,32.56,29.2314,9,748,355
28-Oct-2025,1490.6,Call,1420,76.9,0,29.2314,1,667,340
25-Nov-2025,1490.6,Put,1400,16,26.4,29.2314,123,361,293
28-Oct-2025,1490.6,Call,1400,93.15,0,29.2314,-57,1153,201
28-Oct-2025,1490.6,Put,1540,68.3,33.07,29.2314,9,180,178
28-Oct-2025,1490.6,Put,1560,84,33.76,29.2314,-11,140,131
28-Oct-2025,1490.6,Put,1600,118.45,38.1,29.2314,27,264,125
28-Oct-2025,1490.6,Call,1380,111.05,0,29.2314,1,249,85
28-Oct-2025,1490.6,Put,1240,0.5,38.05,29.2314,-4,506,78
25-Nov-2025,1490.6,Call,1600,15.9,22.3,29.2314,19,76,78
28-Oct-2025,1490.6,Call,1340,147.95,0,29.2314,13,103,77
28-Oct-2025,1490.6,Put,1620,137.2,40.71,29.2314,3,10,66
28-Oct-2025,1490.6,Put,1580,100.85,35.23,29.2314,8,91,61
28-Oct-2025,1490.6,Call,1660,1.4,26.08,29.2314,29,114,60
28-Oct-2025,1490.6,Call,1360,128.85,0,29.2314,15,156,59
28-Oct-2025,1490.6,Put,1320,1.95,33.71,29.2314,-1,223,56
30-Dec-2025,1490.6,-,0,1500.4,0,29.2314,2,98,30
25-Nov-2025,1490.6,Put,1440,26.75,26.39,29.2314,21,61,30
28-Oct-2025,1490.6,Call,1680,1.05,27.13,29.2314,0,131,28
28-Oct-2025,1490.6,Put,1280,1,35.63,29.2314,-9,205,24
28-Oct-2025,1490.6,Call,1320,174.1,0,29.2314,2,58,19
25-Nov-2025,1490.6,Put,1320,4.9,27.03,29.2314,4,90,19
25-Nov-2025,1490.6,Call,1500,48,21.12,29.2314,2,75,13
25-Nov-2025,1490.6,Put,1300,3.45,27.13,29.2314,9,11,13
28-Oct-2025,1490.6,Put,1260,0.7,36.92,29.2314,0,351,11
25-Nov-2025,1490.6,Put,1500,49.75,25.88,29.2314,4,46,11
25-Nov-2025,1490.6,Call,1480,60.2,22.05,29.2314,2,54,10
25-Nov-2025,1490.6,Call,1640,9.7,22.22,29.2314,3,8,6
25-Nov-2025,1490.6,Put,1480,40.05,25.59,29.2314,2,7,5
28-Oct-2025,1490.6,Put,1200,0.25,39.22,29.2314,-2,409,4
25-Nov-2025,1490.6,Call,1520,40.6,21.46,29.2314,2,78,4
25-Nov-2025,1490.6,Put,1600,120,0,29.2314,0,18,3
28-Oct-2025,1490.6,Call,1300,189,0,29.2314,0,183,2
25-Nov-2025,1490.6,Call,1560,26.5,22,29.2314,-1,48,2
25-Nov-2025,1490.6,Call,1400,111.05,17.93,29.2314,0,31,2
25-Nov-2025,1490.6,Call,1580,18.1,20.57,29.2314,1,11,2
25-Nov-2025,1490.6,Call,1540,29.55,20.08,29.2314,0,14,2
28-Oct-2025,1490.6,Put,1680,205,61.48,29.2314,0,35,1
25-Nov-2025,1490.6,Put,1340,7,27.13,29.2314,0,9,1
25-Nov-2025,1490.6,Put,1460,34,26.56,29.2314,0,7,1
28-Oct-2025,1490.6,Call,1260,0,0,29.2314,0,0,0
28-Oct-2025,1490.6,Put,1160,0,0,29.2314,0,13,0
28-Oct-2025,1490.6,Put,1720,0,0,29.2314,0,57,0
28-Oct-2025,1490.6,Put,1220,0,0,29.2314,0,1129,0
28-Oct-2025,1490.6,Call,1760,0,0,29.2314,0,31,0
28-Oct-2025,1490.6,Call,1200,0,0,29.2314,0,1,0
28-Oct-2025,1490.6,Call,1240,0,0,29.2314,0,0,0
28-Oct-2025,1490.6,Call,1280,0,0,29.2314,0,0,0
28-Oct-2025,1490.6,Put,1640,0,0,29.2314,0,20,0
28-Oct-2025,1490.6,Put,1660,0,0,29.2314,0,8,0
25-Nov-2025,1490.6,Put,1360,0,0,29.2314,0,0,0
25-Nov-2025,1490.6,Call,1200,0,0,29.2314,0,0,0
25-Nov-2025,1490.6,Call,1240,0,0,29.2314,0,0,0
25-Nov-2025,1490.6,Call,1280,0,0,29.2314,0,0,0
25-Nov-2025,1490.6,Call,1320,0,0,29.2314,0,0,0
25-Nov-2025,1490.6,Call,1360,0,0,29.2314,0,0,0
25-Nov-2025,1490.6,Put,1520,0,0,29.2314,0,0,0
25-Nov-2025,1490.6,Put,1560,0,0,29.2314,0,9,0
25-Nov-2025,1490.6,Put,1640,0,0,29.2314,0,0,0
25-Nov-2025,1490.6,Put,1680,0,0,29.2314,0,0,0
25-Nov-2025,1490.6,Put,1580,0,0,29.2314,0,0,0
25-Nov-2025,1490.6,Put,1280,0,0,29.2314,0,6,0
25-Nov-2025,1490.6,Call,1620,0,0,0,0,0,0
25-Nov-2025,1490.6,Put,1620,0,0,0,0,0,0
25-Nov-2025,1490.6,Put,1260,0,0,29.2314,0,0,0
25-Nov-2025,1490.6,Call,1420,0,0,29.2314,0,0,0
25-Nov-2025,1490.6,Put,1240,0,0,29.2314,0,1,0
25-Nov-2025,1490.6,Call,1440,0,0,29.2314,0,13,0
25-Nov-2025,1490.6,Call,1260,0,0,29.2314,0,1,0
25-Nov-2025,1490.6,Call,1300,0,0,29.2314,0,0,0
25-Nov-2025,1490.6,Call,1380,0,0,29.2314,0,0,0
30-Dec-2025,1490.6,Put,1520,0,0,29.2314,0,0,0
25-Nov-2025,1490.6,Put,1420,0,0,29.2314,0,16,0
30-Dec-2025,1490.6,Call,1440,0,0,29.2314,0,0,0
30-Dec-2025,1490.6,Call,1600,0,0,29.2314,0,0,0
25-Nov-2025,1490.6,Call,1680,0,0,29.2314,0,0,0
30-Dec-2025,1490.6,Call,1520,0,0,29.2314,0,0,0
25-Nov-2025,1490.6,Call,1460,0,0,29.2314,0,0,0
25-Nov-2025,1490.6,Call,1340,0,0,29.2314,0,0,0
30-Dec-2025,1490.6,Put,1440,0,0,29.2314,0,0,0
25-Nov-2025,1490.6,Put,1380,0,0,29.2314,0,0,0
30-Dec-2025,1490.6,Put,1400,0,0,29.2314,0,0,0
30-Dec-2025,1490.6,Call,1640,0,0,0,0,0,0
30-Dec-2025,1490.6,Call,1560,0,0,29.2314,0,0,0
25-Nov-2025,1490.6,Put,1540,0,0,29.2314,0,1,0
30-Dec-2025,1490.6,Put,1560,0,0,29.2314,0,0,0
30-Dec-2025,1490.6,Call,1760,0,0,0,0,0,0
30-Dec-2025,1490.6,Call,1480,0,0,29.2314,0,0,0
25-Nov-2025,1490.6,Put,1200,0,0,29.2314,0,0,0
30-Dec-2025,1490.6,Put,1480,0,0,29.2314,0,0,0
30-Dec-2025,1490.6,Call,1400,0,0,29.2314,0,1,0
