28-Oct-2025,982.9,Call,980,19.35,17.7,21.34,-15,2644,3395
28-Oct-2025,982.9,-,0,987.45,0,21.34,554,177709,3260
28-Oct-2025,982.9,Call,1000,9.8,17.36,21.34,-115,4786,2375
28-Oct-2025,982.9,Put,980,12,18.14,21.34,64,1592,1512
28-Oct-2025,982.9,Call,990,14.1,17.26,21.34,6,1659,1366
28-Oct-2025,982.9,Call,985,16.6,17.51,21.34,-19,945,1160
28-Oct-2025,982.9,Put,970,8.5,18.36,21.34,-20,2006,955
28-Oct-2025,982.9,Put,960,5.9,18.83,21.34,39,1927,732
28-Oct-2025,982.9,Call,970,25.9,17.62,21.34,-71,1836,711
28-Oct-2025,982.9,Put,990,16.7,17.74,21.34,79,751,663
28-Oct-2025,982.9,Put,985,14.4,17.91,21.34,46,623,543
28-Oct-2025,982.9,Call,975,22.6,17.6,21.34,-157,505,509
28-Oct-2025,982.9,Put,900,0.6,22.75,21.34,-12,1925,452
28-Oct-2025,982.9,Call,1020,4.45,17.4,21.34,11,1374,439
28-Oct-2025,982.9,Put,950,4.05,19.43,21.34,-16,1855,421
28-Oct-2025,982.9,Call,1010,6.7,17.24,21.34,21,841,391
28-Oct-2025,982.9,Call,960,33.5,18.35,21.34,-63,1686,338
25-Nov-2025,982.9,-,0,992.1,0,21.34,110,3246,326
28-Oct-2025,982.9,Call,995,11.9,17.22,21.34,-17,990,277
28-Oct-2025,982.9,Put,975,10.15,18.21,21.34,10,423,260
28-Oct-2025,982.9,Put,1000,22.25,17.8,21.34,12,1319,257
28-Oct-2025,982.9,Put,940,2.9,20.23,21.34,7,1190,198
28-Oct-2025,982.9,Call,1030,2.9,17.62,21.34,10,764,187
28-Oct-2025,982.9,Call,1005,8.1,17.13,21.34,11,273,179
28-Oct-2025,982.9,Call,1050,1.4,18.9,21.34,1,1217,157
28-Oct-2025,982.9,Put,930,2,20.91,21.34,3,1666,143
28-Oct-2025,982.9,Put,965,7.1,18.62,21.34,1,430,131
28-Oct-2025,982.9,Call,965,29.45,17.8,21.34,-10,479,117
28-Oct-2025,982.9,Put,920,1.4,21.53,21.34,2,1018,107
28-Oct-2025,982.9,Put,955,4.85,19.01,21.34,1,398,97
28-Oct-2025,982.9,Call,1040,1.95,18.11,21.34,-13,808,90
28-Oct-2025,982.9,Call,950,41.5,17.63,21.34,3,987,90
28-Oct-2025,982.9,Call,1015,5.4,17.2,21.34,20,198,74
28-Oct-2025,982.9,Put,850,0.1,26.82,21.34,0,407,62
25-Nov-2025,982.9,Put,950,7.85,17.41,21.34,45,161,56
28-Oct-2025,982.9,Put,945,3.4,19.74,21.34,6,253,46
25-Nov-2025,982.9,Call,1000,20.7,16.32,21.34,-23,263,42
25-Nov-2025,982.9,Call,980,31,16.23,21.34,4,111,42
28-Oct-2025,982.9,Put,1020,36.8,18.28,21.34,31,147,37
28-Oct-2025,982.9,Call,1080,0.6,21.52,21.34,1,493,36
28-Oct-2025,982.9,Call,1100,0.45,23.98,21.34,-6,975,36
28-Oct-2025,982.9,Put,910,0.95,22.36,21.34,0,512,35
28-Oct-2025,982.9,Call,1060,1,19.62,21.34,4,860,30
25-Nov-2025,982.9,Call,1050,6.15,16.8,21.34,0,322,30
28-Oct-2025,982.9,Put,1030,45.05,18.42,21.34,13,53,28
30-Dec-2025,982.9,-,0,997.9,0,21.34,-3,1718,26
28-Oct-2025,982.9,Call,940,50.45,19.63,21.34,-12,441,25
28-Oct-2025,982.9,Put,935,2.3,20.3,21.34,-10,207,21
28-Oct-2025,982.9,Put,995,19.35,17.91,21.34,-4,155,21
28-Oct-2025,982.9,Call,900,87.4,0,21.34,-2,436,20
28-Oct-2025,982.9,Put,880,0.3,24.48,21.34,2,604,18
28-Oct-2025,982.9,Call,1025,3.65,17.59,21.34,6,202,18
25-Nov-2025,982.9,Call,1020,12.85,16.24,21.34,6,127,15
28-Oct-2025,982.9,Put,1010,29,17.87,21.34,11,167,14
28-Oct-2025,982.9,Put,905,0.8,22.79,21.34,-3,50,13
28-Oct-2025,982.9,Call,955,38,19.41,21.34,1,361,13
28-Oct-2025,982.9,Put,1015,32.15,17.12,21.34,1,40,9
28-Oct-2025,982.9,Put,1005,25.5,17.81,21.34,0,102,8
28-Oct-2025,982.9,Call,1035,2.35,17.8,21.34,1,66,8
28-Oct-2025,982.9,Put,1100,113.5,32.01,21.34,-4,158,7
25-Nov-2025,982.9,Call,1060,4.75,17,21.34,6,55,7
25-Nov-2025,982.9,Call,1040,8.05,16.73,21.34,1,33,5
28-Oct-2025,982.9,Call,930,60.5,22.79,21.34,-2,84,4
28-Oct-2025,982.9,Put,925,1.7,21.39,21.34,-2,116,4
25-Nov-2025,982.9,Call,970,36.3,15.47,21.34,0,71,4
25-Nov-2025,982.9,Put,980,17,17.34,21.34,2,51,4
28-Oct-2025,982.9,Put,890,0.5,24.26,21.34,0,287,3
25-Nov-2025,982.9,Call,1030,10.35,16.27,21.34,1,32,3
25-Nov-2025,982.9,Put,970,13,17.13,21.34,1,98,3
28-Oct-2025,982.9,Call,1070,0.8,20.74,21.34,-1,680,2
28-Oct-2025,982.9,Call,1045,1.7,18.64,21.34,1,11,2
25-Nov-2025,982.9,Put,930,4.75,18.41,21.34,0,57,2
25-Nov-2025,982.9,Put,940,5.95,17.81,21.34,-1,71,2
28-Oct-2025,982.9,Put,860,0.1,24.95,21.34,0,106,1
28-Oct-2025,982.9,Call,920,66,0,21.34,0,378,1
28-Oct-2025,982.9,Put,895,0.6,23.88,21.34,0,34,1
28-Oct-2025,982.9,Put,840,0.1,28.7,21.34,0,75,1
28-Oct-2025,982.9,Put,800,0.15,38.04,21.34,0,40,1
28-Oct-2025,982.9,Put,870,0.25,25.9,21.34,0,405,1
28-Oct-2025,982.9,Put,1025,40.05,16.95,21.34,0,33,1
28-Oct-2025,982.9,Call,1120,0.35,26.32,21.34,0,275,1
25-Nov-2025,982.9,Call,1080,2.6,17.1,21.34,0,5,1
25-Nov-2025,982.9,Put,920,3.95,19.24,21.34,0,117,1
30-Dec-2025,982.9,Call,1000,27.95,13.73,21.34,0,7,1
28-Oct-2025,982.9,Put,820,0,0,21.34,0,36,0
28-Oct-2025,982.9,Call,820,0,0,21.34,0,4,0
28-Oct-2025,982.9,Call,840,0,0,21.34,0,14,0
28-Oct-2025,982.9,Call,880,0,0,21.34,0,12,0
28-Oct-2025,982.9,Put,1040,0,0,21.34,0,279,0
28-Oct-2025,982.9,Call,860,0,0,21.34,0,2,0
28-Oct-2025,982.9,Call,1090,0,0,21.34,0,25,0
28-Oct-2025,982.9,Put,1080,0,0,21.34,0,2,0
28-Oct-2025,982.9,Put,1060,0,0,21.34,0,15,0
28-Oct-2025,982.9,Call,870,0,0,21.34,0,0,0
28-Oct-2025,982.9,Call,910,0,0,21.34,0,39,0
28-Oct-2025,982.9,Call,850,0,0,21.34,0,8,0
28-Oct-2025,982.9,Call,890,0,0,21.34,0,0,0
28-Oct-2025,982.9,Put,1050,0,0,21.34,0,142,0
28-Oct-2025,982.9,Put,915,0,0,21.34,0,84,0
28-Oct-2025,982.9,Call,915,0,0,21.34,0,1,0
28-Oct-2025,982.9,Call,905,0,0,21.34,0,1,0
28-Oct-2025,982.9,Call,945,0,0,21.34,0,74,0
28-Oct-2025,982.9,Call,925,0,0,21.34,0,19,0
28-Oct-2025,982.9,Call,935,0,0,21.34,0,25,0
28-Oct-2025,982.9,Put,1090,0,0,21.34,0,0,0
28-Oct-2025,982.9,Put,1035,0,0,21.34,0,0,0
28-Oct-2025,982.9,Put,1070,0,0,21.34,0,0,0
28-Oct-2025,982.9,Put,1045,0,0,21.34,0,0,0
25-Nov-2025,982.9,Put,915,0,0,21.34,0,0,0
25-Nov-2025,982.9,Put,910,0,0,21.34,0,4,0
25-Nov-2025,982.9,Put,965,0,0,21.34,0,0,0
25-Nov-2025,982.9,Call,1005,0,0,21.34,0,0,0
25-Nov-2025,982.9,Put,1000,0,0,21.34,0,52,0
25-Nov-2025,982.9,Put,925,0,0,21.34,0,1,0
25-Nov-2025,982.9,Call,940,0,0,21.34,0,1,0
25-Nov-2025,982.9,Call,965,0,0,21.34,0,0,0
25-Nov-2025,982.9,Put,945,0,0,21.34,0,0,0
25-Nov-2025,982.9,Call,1090,0,0,21.34,0,15,0
25-Nov-2025,982.9,Call,1010,0,0,21.34,0,22,0
25-Nov-2025,982.9,Call,1045,0,0,21.34,0,0,0
25-Nov-2025,982.9,Put,1035,0,0,21.34,0,0,0
25-Nov-2025,982.9,Put,960,0,0,21.34,0,193,0
25-Nov-2025,982.9,Call,1100,0,0,21.34,0,0,0
25-Nov-2025,982.9,Put,1100,0,0,21.34,0,0,0
25-Nov-2025,982.9,Call,935,0,0,21.34,0,0,0
25-Nov-2025,982.9,Put,1045,0,0,21.34,0,0,0
25-Nov-2025,982.9,Call,850,0,0,21.34,0,0,0
25-Nov-2025,982.9,Call,870,0,0,21.34,0,0,0
25-Nov-2025,982.9,Put,1050,0,0,21.34,0,0,0
25-Nov-2025,982.9,Put,1070,0,0,21.34,0,0,0
25-Nov-2025,982.9,Call,960,0,0,21.34,0,50,0
25-Nov-2025,982.9,Call,945,0,0,21.34,0,0,0
25-Nov-2025,982.9,Call,950,0,0,21.34,0,13,0
25-Nov-2025,982.9,Call,955,0,0,21.34,0,2,0
25-Nov-2025,982.9,Put,955,0,0,21.34,0,0,0
25-Nov-2025,982.9,Call,1015,0,0,21.34,0,0,0
25-Nov-2025,982.9,Put,905,0,0,21.34,0,0,0
25-Nov-2025,982.9,Put,1090,0,0,21.34,0,0,0
25-Nov-2025,982.9,Call,1070,0,0,21.34,0,47,0
25-Nov-2025,982.9,Put,800,0,0,21.34,0,13,0
25-Nov-2025,982.9,Put,900,0,0,21.34,0,195,0
25-Nov-2025,982.9,Call,880,0,0,21.34,0,0,0
25-Nov-2025,982.9,Put,1080,0,0,21.34,0,0,0
30-Dec-2025,982.9,Put,910,0,0,21.34,0,0,0
25-Nov-2025,982.9,Call,995,0,0,21.34,0,0,0
25-Nov-2025,982.9,Call,975,0,0,21.34,0,2,0
25-Nov-2025,982.9,Put,1015,0,0,21.34,0,0,0
25-Nov-2025,982.9,Call,860,0,0,21.34,0,0,0
25-Nov-2025,982.9,Put,1030,0,0,21.34,0,0,0
25-Nov-2025,982.9,Put,935,0,0,21.34,0,3,0
25-Nov-2025,982.9,Put,1025,0,0,21.34,0,0,0
25-Nov-2025,982.9,Call,910,0,0,21.34,0,0,0
25-Nov-2025,982.9,Put,1040,0,0,21.34,0,12,0
25-Nov-2025,982.9,Call,920,0,0,21.34,0,5,0
25-Nov-2025,982.9,Call,1025,0,0,21.34,0,0,0
25-Nov-2025,982.9,Call,985,0,0,21.34,0,0,0
25-Nov-2025,982.9,Call,1035,0,0,21.34,0,0,0
25-Nov-2025,982.9,Put,870,0,0,21.34,0,0,0
25-Nov-2025,982.9,Put,860,0,0,21.34,0,0,0
25-Nov-2025,982.9,Put,1005,0,0,21.34,0,0,0
25-Nov-2025,982.9,Put,890,0,0,21.34,0,0,0
25-Nov-2025,982.9,Call,890,0,0,21.34,0,0,0
25-Nov-2025,982.9,Put,880,0,0,21.34,0,0,0
25-Nov-2025,982.9,Put,990,0,0,21.34,0,0,0
25-Nov-2025,982.9,Put,975,0,0,21.34,0,0,0
25-Nov-2025,982.9,Call,900,0,0,21.34,0,0,0
25-Nov-2025,982.9,Call,915,0,0,21.34,0,0,0
25-Nov-2025,982.9,Put,985,0,0,21.34,0,0,0
30-Dec-2025,982.9,Put,920,0,0,21.34,0,0,0
30-Dec-2025,982.9,Put,1010,0,0,21.34,0,0,0
25-Nov-2025,982.9,Put,1060,0,0,21.34,0,2,0
30-Dec-2025,982.9,Call,1010,0,0,21.34,0,0,0
30-Dec-2025,982.9,Put,880,0,0,21.34,0,0,0
30-Dec-2025,982.9,Put,900,0,0,21.34,0,0,0
25-Nov-2025,982.9,Call,930,0,0,21.34,0,0,0
30-Dec-2025,982.9,Call,1080,0,0,21.34,0,0,0
30-Dec-2025,982.9,Call,980,0,0,21.34,0,1,0
25-Nov-2025,982.9,Call,990,0,0,21.34,0,14,0
30-Dec-2025,982.9,Put,840,0,0,21.34,0,0,0
30-Dec-2025,982.9,Put,980,0,0,21.34,0,0,0
30-Dec-2025,982.9,Call,990,0,0,21.34,0,0,0
25-Nov-2025,982.9,Put,1010,0,0,21.34,0,0,0
30-Dec-2025,982.9,Put,1030,0,0,21.34,0,0,0
30-Dec-2025,982.9,Put,1000,0,0,21.34,0,0,0
25-Nov-2025,982.9,Put,850,0,0,21.34,0,0,0
25-Nov-2025,982.9,Call,925,0,0,21.34,0,0,0
30-Dec-2025,982.9,Call,1040,0,0,21.34,0,10,0
30-Dec-2025,982.9,Put,930,0,0,21.34,0,0,0
25-Nov-2025,982.9,Put,1020,0,0,21.34,0,10,0
30-Dec-2025,982.9,Put,970,0,0,21.34,0,0,0
25-Nov-2025,982.9,Put,995,0,0,21.34,0,0,0
30-Dec-2025,982.9,Put,960,0,0,21.34,0,0,0
30-Dec-2025,982.9,Call,1100,0,0,21.34,0,0,0
30-Dec-2025,982.9,Call,930,0,0,21.34,0,1,0
30-Dec-2025,982.9,Put,990,0,0,21.34,0,0,0
30-Dec-2025,982.9,Put,1020,0,0,21.34,0,0,0
25-Nov-2025,982.9,Call,905,0,0,21.34,0,0,0
30-Dec-2025,982.9,Call,1060,0,0,21.34,0,0,0
30-Dec-2025,982.9,Call,970,0,0,21.34,0,0,0
30-Dec-2025,982.9,Put,860,0,0,21.34,0,0,0
30-Dec-2025,982.9,Put,940,0,0,21.34,0,0,0
30-Dec-2025,982.9,Put,950,0,0,21.34,0,0,0
30-Dec-2025,982.9,Call,1020,0,0,21.34,0,0,0
30-Dec-2025,982.9,Call,1030,0,0,21.34,0,3,0
