28-Oct-2025,154.26,-,0,154.9,0,32.2291,147,18838,2810
28-Oct-2025,154.26,Call,160,1.3,22.94,32.2291,109,1134,2160
28-Oct-2025,154.26,Call,155,2.9,21.91,32.2291,80,887,1567
28-Oct-2025,154.26,Put,155,2.95,21.64,32.2291,-39,716,1530
28-Oct-2025,154.26,Call,156,2.5,21.63,32.2291,76,469,1354
28-Oct-2025,154.26,Call,157,2.15,22.08,32.2291,-19,267,1101
28-Oct-2025,154.26,Put,156,3.55,22.13,32.2291,24,141,693
28-Oct-2025,154.26,Call,157.5,1.95,21.98,32.2291,14,194,693
28-Oct-2025,154.26,Call,170,0.2,25.55,32.2291,-67,687,613
28-Oct-2025,154.26,Put,157,4.15,22.25,32.2291,6,82,516
28-Oct-2025,154.26,Put,150,1.15,21.92,32.2291,-7,878,498
28-Oct-2025,154.26,Put,157.5,4.5,22.56,32.2291,37,113,462
28-Oct-2025,154.26,Put,154,2.55,21.86,32.2291,21,114,415
28-Oct-2025,154.26,Call,165,0.5,23.94,32.2291,24,515,386
28-Oct-2025,154.26,Call,154,3.45,21.8,32.2291,7,109,376
28-Oct-2025,154.26,Put,140,0.2,26.63,32.2291,29,450,360
28-Oct-2025,154.26,Put,145,0.4,24,32.2291,-18,451,328
25-Nov-2025,154.26,-,0,155.49,0,32.2291,55,717,298
28-Oct-2025,154.26,Call,158,1.8,22.18,32.2291,-5,100,290
28-Oct-2025,154.26,Call,162,0.9,23.36,32.2291,-65,172,277
28-Oct-2025,154.26,Call,153,4.05,21.66,32.2291,6,76,233
28-Oct-2025,154.26,Call,145,10.35,23.78,32.2291,-9,415,227
28-Oct-2025,154.26,Call,150,6.1,22.03,32.2291,-9,818,219
28-Oct-2025,154.26,Put,160,6.25,22.83,32.2291,19,204,196
28-Oct-2025,154.26,Call,172,0.15,26.56,32.2291,72,317,155
28-Oct-2025,154.26,Call,161,1.05,23.31,32.2291,74,127,144
28-Oct-2025,154.26,Call,162.5,0.8,23.27,32.2291,7,119,143
28-Oct-2025,154.26,Put,153,2.05,21.68,32.2291,7,75,138
28-Oct-2025,154.26,Put,152.5,1.9,22.02,32.2291,-8,153,131
28-Oct-2025,154.26,Call,174,0.1,26.96,32.2291,68,193,128
28-Oct-2025,154.26,Put,159,5.5,22.57,32.2291,-5,46,127
28-Oct-2025,154.26,Call,159,1.5,22.72,32.2291,6,49,124
28-Oct-2025,154.26,Call,167,0.35,24.65,32.2291,-1,44,106
28-Oct-2025,154.26,Put,158,4.75,22,32.2291,1,44,102
28-Oct-2025,154.26,Put,149,0.9,22.28,32.2291,-1,62,99
28-Oct-2025,154.26,Call,168,0.35,26.1,32.2291,22,81,94
28-Oct-2025,154.26,Put,152,1.7,21.88,32.2291,8,110,88
28-Oct-2025,154.26,Put,147.5,0.65,22.71,32.2291,-8,227,76
28-Oct-2025,154.26,Call,152.5,4.4,22.02,32.2291,-4,179,73
30-Dec-2025,154.26,-,0,156.57,0,32.2291,26,97,72
25-Nov-2025,154.26,Call,160,3.4,22.86,32.2291,27,208,59
28-Oct-2025,154.26,Call,176,0.1,29.15,32.2291,44,146,55
28-Oct-2025,154.26,Call,152,4.75,22.3,32.2291,-14,68,50
28-Oct-2025,154.26,Put,162.5,8.3,23.8,32.2291,-6,23,50
28-Oct-2025,154.26,Put,161,7.1,23.7,32.2291,-1,25,50
25-Nov-2025,154.26,Put,150,2.5,23.25,32.2291,26,130,49
28-Oct-2025,154.26,Put,142,0.2,25,32.2291,14,49,47
28-Oct-2025,154.26,Put,165,10.5,24.11,32.2291,1,199,46
25-Nov-2025,154.26,Call,155,5.4,21.97,32.2291,33,85,42
28-Oct-2025,154.26,Call,151,5.45,22.59,32.2291,-3,48,39
28-Oct-2025,154.26,Put,163,8.45,20.65,32.2291,-5,8,39
28-Oct-2025,154.26,Put,164,9.65,24.93,32.2291,-2,19,38
28-Oct-2025,154.26,Call,147.5,8.05,21.77,32.2291,-5,112,37
28-Oct-2025,154.26,Put,162,7.9,23.84,32.2291,-2,33,37
28-Oct-2025,154.26,Call,148,7.65,21.94,32.2291,-1,20,32
28-Oct-2025,154.26,Put,151,1.4,22.1,32.2291,-3,198,32
25-Nov-2025,154.26,Call,170,1.2,24.31,32.2291,8,110,30
28-Oct-2025,154.26,Call,163,0.75,23.64,32.2291,12,58,28
28-Oct-2025,154.26,Call,164,0.6,23.62,32.2291,13,93,26
28-Oct-2025,154.26,Call,149,6.95,22.96,32.2291,-1,39,25
28-Oct-2025,154.26,Call,147,8.55,22.79,32.2291,-2,61,24
25-Nov-2025,154.26,Call,166,2.15,25.47,32.2291,8,8,23
28-Oct-2025,154.26,Put,142.5,0.25,25.43,32.2291,4,169,22
25-Nov-2025,154.26,Call,165,2.1,23.88,32.2291,10,59,20
28-Oct-2025,154.26,Put,137.5,0.1,28.35,32.2291,-1,187,20
28-Oct-2025,154.26,Call,143,12.25,25.61,32.2291,3,5,19
25-Nov-2025,154.26,Put,140,0.6,24.18,32.2291,11,100,18
28-Oct-2025,154.26,Put,146,0.45,22.95,32.2291,-1,46,16
28-Oct-2025,154.26,Call,144,11.25,23.8,32.2291,2,17,12
28-Oct-2025,154.26,Call,166,0.45,24.79,32.2291,6,47,12
25-Nov-2025,154.26,Put,160,6.9,21.7,32.2291,9,27,11
25-Nov-2025,154.26,Put,155,4.35,22.63,32.2291,2,21,11
28-Oct-2025,154.26,Put,148,0.75,22.84,32.2291,0,82,9
25-Nov-2025,154.26,Call,150,8.3,21.5,32.2291,3,47,8
25-Nov-2025,154.26,Put,149,2.1,22.74,32.2291,2,6,5
28-Oct-2025,154.26,Put,135,0.1,31.98,32.2291,-3,190,5
28-Oct-2025,154.26,Put,144,0.25,22.93,32.2291,-1,47,4
28-Oct-2025,154.26,Put,120,0.05,49.49,32.2291,-1,62,4
28-Oct-2025,154.26,Call,120,36.7,100.1,32.2291,-2,44,3
28-Oct-2025,154.26,Call,140,16.8,53.2,32.2291,1,156,2
28-Oct-2025,154.26,Call,137.5,19,55.56,32.2291,0,13,2
28-Oct-2025,154.26,Call,142,13.4,30.34,32.2291,0,7,1
28-Oct-2025,154.26,Put,143,0.25,24.6,32.2291,0,14,1
28-Oct-2025,154.26,Put,147,0.6,23.09,32.2291,0,75,1
28-Oct-2025,154.26,Call,127,28,45.3,32.2291,0,5,1
28-Oct-2025,154.26,Put,170,15.25,0,32.2291,0,124,1
28-Oct-2025,154.26,Put,130,0.05,35.54,32.2291,0,168,1
25-Nov-2025,154.26,Put,156,4.35,20.39,32.2291,0,2,1
25-Nov-2025,154.26,Call,162,2.85,23.47,32.2291,0,7,1
25-Nov-2025,154.26,Call,158,4.45,24.08,32.2291,0,1,1
25-Nov-2025,154.26,Put,147,1.3,20.96,32.2291,0,0,1
25-Nov-2025,154.26,Call,142,16,32.68,32.2291,0,0,1
28-Oct-2025,154.26,Put,132,0,0,32.2291,0,0,0
28-Oct-2025,154.26,Call,134,0,0,32.2291,0,0,0
28-Oct-2025,154.26,Put,134,0,0,32.2291,0,0,0
28-Oct-2025,154.26,Call,136,0,0,32.2291,0,1,0
28-Oct-2025,154.26,Put,136,0,0,32.2291,0,27,0
28-Oct-2025,154.26,Call,138,0,0,32.2291,0,2,0
28-Oct-2025,154.26,Put,138,0,0,32.2291,0,13,0
28-Oct-2025,154.26,Call,139,0,0,32.2291,0,9,0
28-Oct-2025,154.26,Put,139,0,0,32.2291,0,18,0
28-Oct-2025,154.26,Call,141,0,0,32.2291,0,4,0
28-Oct-2025,154.26,Put,141,0,0,32.2291,0,21,0
28-Oct-2025,154.26,Call,146,0,0,32.2291,0,14,0
28-Oct-2025,154.26,Put,125,0,0,32.2291,0,13,0
28-Oct-2025,154.26,Call,130,0,0,32.2291,0,21,0
28-Oct-2025,154.26,Call,178,0,0,0,0,0,0
28-Oct-2025,154.26,Put,178,0,0,0,0,0,0
28-Oct-2025,154.26,Call,135,0,0,32.2291,0,28,0
28-Oct-2025,154.26,Put,166,0,0,32.2291,0,3,0
28-Oct-2025,154.26,Put,168,0,0,32.2291,0,0,0
28-Oct-2025,154.26,Put,172,0,0,32.2291,0,0,0
28-Oct-2025,154.26,Put,167,0,0,32.2291,0,0,0
28-Oct-2025,154.26,Put,176,0,0,32.2291,0,6,0
28-Oct-2025,154.26,Put,127.5,0,0,32.2291,0,17,0
28-Oct-2025,154.26,Call,132.5,0,0,32.2291,0,6,0
28-Oct-2025,154.26,Put,132.5,0,0,32.2291,0,42,0
28-Oct-2025,154.26,Call,142.5,0,0,32.2291,0,99,0
28-Oct-2025,154.26,Call,128,0,0,32.2291,0,0,0
25-Nov-2025,154.26,Call,164,0,0,32.2291,0,0,0
25-Nov-2025,154.26,Call,168,0,0,32.2291,0,0,0
25-Nov-2025,154.26,Call,178,0,0,0,0,0,0
25-Nov-2025,154.26,Put,145,0,0,32.2291,0,0,0
25-Nov-2025,154.26,Put,141,0,0,32.2291,0,0,0
25-Nov-2025,154.26,Call,156,0,0,32.2291,0,0,0
25-Nov-2025,154.26,Put,158,0,0,32.2291,0,0,0
25-Nov-2025,154.26,Put,170,0,0,32.2291,0,8,0
25-Nov-2025,154.26,Call,172,0,0,32.2291,0,0,0
25-Nov-2025,154.26,Call,136,0,0,32.2291,0,0,0
25-Nov-2025,154.26,Put,164,0,0,32.2291,0,0,0
25-Nov-2025,154.26,Put,167,0,0,32.2291,0,0,0
28-Oct-2025,154.26,Call,132,0,0,32.2291,0,0,0
28-Oct-2025,154.26,Call,125,0,0,32.2291,0,10,0
25-Nov-2025,154.26,Call,159,0,0,32.2291,0,0,0
25-Nov-2025,154.26,Call,153,0,0,32.2291,0,1,0
25-Nov-2025,154.26,Put,174,0,0,32.2291,0,0,0
25-Nov-2025,154.26,Call,130,0,0,32.2291,0,0,0
25-Nov-2025,154.26,Put,157,0,0,32.2291,0,0,0
25-Nov-2025,154.26,Put,176,0,0,32.2291,0,0,0
25-Nov-2025,154.26,Put,166,0,0,32.2291,0,0,0
25-Nov-2025,154.26,Call,147,0,0,32.2291,0,0,0
25-Nov-2025,154.26,Call,144,0,0,32.2291,0,0,0
25-Nov-2025,154.26,Put,134,0,0,32.2291,0,0,0
25-Nov-2025,154.26,Put,146,0,0,32.2291,0,0,0
25-Nov-2025,154.26,Put,165,0,0,32.2291,0,1,0
25-Nov-2025,154.26,Put,143,0,0,32.2291,0,0,0
25-Nov-2025,154.26,Put,153,0,0,32.2291,0,0,0
25-Nov-2025,154.26,Call,141,0,0,32.2291,0,0,0
25-Nov-2025,154.26,Put,144,0,0,32.2291,0,0,0
25-Nov-2025,154.26,Put,152,0,0,32.2291,0,0,0
25-Nov-2025,154.26,Put,148,0,0,32.2291,0,0,0
30-Dec-2025,154.26,Put,158,0,0,32.2291,0,0,0
28-Oct-2025,154.26,Put,174,0,0,32.2291,0,0,0
25-Nov-2025,154.26,Call,152,0,0,32.2291,0,0,0
28-Oct-2025,154.26,Put,128,0,0,32.2291,0,1,0
25-Nov-2025,154.26,Call,176,0,0,32.2291,0,0,0
25-Nov-2025,154.26,Put,161,0,0,32.2291,0,0,0
30-Dec-2025,154.26,Put,152,0,0,32.2291,0,0,0
25-Nov-2025,154.26,Call,149,0,0,32.2291,0,0,0
25-Nov-2025,154.26,Call,154,0,0,32.2291,0,0,0
30-Dec-2025,154.26,Put,148,0,0,32.2291,0,4,0
30-Dec-2025,154.26,Call,140,0,0,32.2291,0,0,0
25-Nov-2025,154.26,Put,136,0,0,32.2291,0,0,0
25-Nov-2025,154.26,Call,167,0,0,32.2291,0,0,0
25-Nov-2025,154.26,Call,139,0,0,32.2291,0,0,0
25-Nov-2025,154.26,Call,140,0,0,32.2291,0,2,0
25-Nov-2025,154.26,Call,174,0,0,32.2291,0,0,0
28-Oct-2025,154.26,Put,115,0,0,32.2291,0,49,0
25-Nov-2025,154.26,Put,168,0,0,32.2291,0,0,0
25-Nov-2025,154.26,Call,157,0,0,32.2291,0,0,0
25-Nov-2025,154.26,Call,138,0,0,32.2291,0,0,0
25-Nov-2025,154.26,Call,146,0,0,32.2291,0,0,0
30-Dec-2025,154.26,Put,144,0,0,32.2291,0,0,0
25-Nov-2025,154.26,Put,154,0,0,32.2291,0,0,0
25-Nov-2025,154.26,Call,145,0,0,32.2291,0,0,0
25-Nov-2025,154.26,Call,161,0,0,32.2291,0,0,0
25-Nov-2025,154.26,Call,132,0,0,32.2291,0,0,0
25-Nov-2025,154.26,Put,139,0,0,32.2291,0,0,0
25-Nov-2025,154.26,Put,159,0,0,32.2291,0,0,0
25-Nov-2025,154.26,Put,162,0,0,32.2291,0,2,0
25-Nov-2025,154.26,Call,134,0,0,32.2291,0,0,0
25-Nov-2025,154.26,Put,142,0,0,32.2291,0,0,0
25-Nov-2025,154.26,Call,148,0,0,32.2291,0,0,0
25-Nov-2025,154.26,Call,128,0,0,32.2291,0,0,0
30-Dec-2025,154.26,Call,160,0,0,32.2291,0,0,0
25-Nov-2025,154.26,Call,163,0,0,32.2291,0,0,0
30-Dec-2025,154.26,Put,146,0,0,32.2291,0,0,0
25-Nov-2025,154.26,Call,151,0,0,32.2291,0,0,0
25-Nov-2025,154.26,Put,178,0,0,0,0,0,0
25-Nov-2025,154.26,Put,130,0,0,32.2291,0,24,0
30-Dec-2025,154.26,Call,156,0,0,32.2291,0,0,0
25-Nov-2025,154.26,Put,172,0,0,32.2291,0,0,0
25-Nov-2025,154.26,Put,163,0,0,32.2291,0,0,0
30-Dec-2025,154.26,Put,160,0,0,32.2291,0,0,0
25-Nov-2025,154.26,Call,143,0,0,32.2291,0,0,0
30-Dec-2025,154.26,Put,164,0,0,32.2291,0,0,0
25-Nov-2025,154.26,Put,138,0,0,32.2291,0,0,0
30-Dec-2025,154.26,Put,140,0,0,32.2291,0,0,0
25-Nov-2025,154.26,Put,132,0,0,32.2291,0,0,0
25-Nov-2025,154.26,Put,151,0,0,32.2291,0,0,0
30-Dec-2025,154.26,Put,156,0,0,32.2291,0,0,0
30-Dec-2025,154.26,Put,154,0,0,32.2291,0,0,0
30-Dec-2025,154.26,Call,162,0,0,32.2291,0,0,0
30-Dec-2025,154.26,Call,164,0,0,32.2291,0,0,0
30-Dec-2025,154.26,Call,152,0,0,32.2291,0,0,0
30-Dec-2025,154.26,Call,166,0,0,32.2291,0,1,0
30-Dec-2025,154.26,Call,158,0,0,32.2291,0,0,0
30-Dec-2025,154.26,Put,136,0,0,32.2291,0,0,0
30-Dec-2025,154.26,Call,154,0,0,32.2291,0,0,0
30-Dec-2025,154.26,Call,172,0,0,32.2291,0,0,0
30-Dec-2025,154.26,Call,168,0,0,32.2291,0,0,0
30-Dec-2025,154.26,Call,150,0,0,32.2291,0,3,0
30-Dec-2025,154.26,Put,162,0,0,32.2291,0,0,0
30-Dec-2025,154.26,Put,150,0,0,32.2291,0,1,0
30-Dec-2025,154.26,Put,166,0,0,32.2291,0,0,0
