28-Oct-2025,3790.5,Call,3800,59.8,16.15,28.1522,473,7383,14130
28-Oct-2025,3790.5,-,0,3808.7,0,28.1522,758,90705,7733
28-Oct-2025,3790.5,Call,3850,37.45,16.26,28.1522,2353,3227,5394
28-Oct-2025,3790.5,Put,3800,51.5,16.83,28.1522,877,1945,3729
28-Oct-2025,3790.5,Call,3900,23.15,16.85,28.1522,387,2860,3375
28-Oct-2025,3790.5,Call,3780,70.5,16.29,28.1522,63,1167,2795
28-Oct-2025,3790.5,Call,4000,8.85,18.31,28.1522,134,3969,1987
28-Oct-2025,3790.5,Put,3780,42.7,16.89,28.1522,132,719,1727
28-Oct-2025,3790.5,Call,3750,89.4,16.15,28.1522,-280,1826,1683
28-Oct-2025,3790.5,Put,3700,17.85,17.03,28.1522,131,2411,1579
28-Oct-2025,3790.5,Call,3820,49.55,16.2,28.1522,185,1236,1492
28-Oct-2025,3790.5,Call,3840,41.6,16.42,28.1522,149,773,1354
28-Oct-2025,3790.5,Call,3700,124.45,16.44,28.1522,-295,2212,1242
28-Oct-2025,3790.5,Put,3750,31.15,17.02,28.1522,27,887,1173
28-Oct-2025,3790.5,Put,3760,34.75,16.71,28.1522,37,623,996
28-Oct-2025,3790.5,Call,3760,82.75,16.34,28.1522,-71,389,971
28-Oct-2025,3790.5,Call,3950,14,17.32,28.1522,-86,752,858
28-Oct-2025,3790.5,Put,3820,61.7,17.02,28.1522,78,315,826
28-Oct-2025,3790.5,Put,3600,5.75,18.37,28.1522,-32,2215,732
28-Oct-2025,3790.5,Put,3740,27.9,16.9,28.1522,10,298,662
25-Nov-2025,3790.5,-,0,3827,0,28.1522,249,1456,634
28-Oct-2025,3790.5,Put,3720,22.45,16.95,28.1522,20,253,632
28-Oct-2025,3790.5,Call,4100,3.2,19.86,28.1522,8,2202,591
28-Oct-2025,3790.5,Put,3500,2.55,21.24,28.1522,-56,1380,454
28-Oct-2025,3790.5,Put,3650,10.05,17.5,28.1522,-14,1005,413
28-Oct-2025,3790.5,Call,3860,34.1,16.56,28.1522,72,205,324
28-Oct-2025,3790.5,Call,3740,95.9,16.31,28.1522,-35,368,321
28-Oct-2025,3790.5,Call,4050,5,18.8,28.1522,-16,828,315
28-Oct-2025,3790.5,Put,3550,3.65,19.69,28.1522,14,430,308
28-Oct-2025,3790.5,Put,3660,11.4,17.38,28.1522,-62,229,253
28-Oct-2025,3790.5,Call,4200,1.9,22.62,28.1522,-62,1137,252
28-Oct-2025,3790.5,Put,3850,80.6,17.09,28.1522,82,172,246
28-Oct-2025,3790.5,Put,3840,73.4,16.97,28.1522,108,108,242
28-Oct-2025,3790.5,Call,3960,12.65,17.74,28.1522,14,244,207
28-Oct-2025,3790.5,Call,4040,5.7,18.83,28.1522,-19,97,174
28-Oct-2025,3790.5,Put,3560,3.95,19.44,28.1522,38,85,160
28-Oct-2025,3790.5,Put,3900,115,17.59,28.1522,9,358,148
28-Oct-2025,3790.5,Call,3650,166.65,16.82,28.1522,8,387,145
25-Nov-2025,3790.5,Call,4000,49.25,20.34,28.1522,73,373,145
28-Oct-2025,3790.5,Call,3880,28.4,16.62,28.1522,34,133,143
28-Oct-2025,3790.5,Put,3400,0.85,22.45,28.1522,-37,757,143
28-Oct-2025,3790.5,Put,3640,9.05,17.73,28.1522,-10,173,137
30-Dec-2025,3790.5,-,0,3851,0,28.1522,106,1240,135
28-Oct-2025,3790.5,Put,3680,14.35,17.22,28.1522,4,305,129
28-Oct-2025,3790.5,Call,3940,15.55,17.39,28.1522,-35,102,117
28-Oct-2025,3790.5,Call,3920,18,17.16,28.1522,14,67,110
28-Oct-2025,3790.5,Call,3600,211.5,16.76,28.1522,-4,927,101
28-Oct-2025,3790.5,Call,3980,10.3,18.08,28.1522,47,177,98
28-Oct-2025,3790.5,Put,4000,201.85,19.83,28.1522,2,332,96
28-Oct-2025,3790.5,Call,3720,109.55,16.41,28.1522,-8,134,94
28-Oct-2025,3790.5,Put,3860,86.85,17.08,28.1522,36,65,93
28-Oct-2025,3790.5,Put,3540,3.45,20.09,28.1522,13,109,81
25-Nov-2025,3790.5,Call,3800,126.15,19.7,28.1522,35,169,72
28-Oct-2025,3790.5,Call,4080,3.8,19.35,28.1522,1,553,59
25-Nov-2025,3790.5,Put,3600,30.2,21.4,28.1522,14,219,59
28-Oct-2025,3790.5,Put,3300,0.7,27.57,28.1522,-2,545,58
25-Nov-2025,3790.5,Put,3700,55,20.87,28.1522,15,99,45
28-Oct-2025,3790.5,Call,3680,140.8,16.5,28.1522,-1,1006,40
28-Oct-2025,3790.5,Call,3500,305.95,25.55,28.1522,3,294,36
28-Oct-2025,3790.5,Put,3520,2.75,20.42,28.1522,-8,162,29
25-Nov-2025,3790.5,Call,4200,17.15,21.32,28.1522,15,129,26
28-Oct-2025,3790.5,Put,3450,1.55,22.35,28.1522,-6,646,22
25-Nov-2025,3790.5,Put,3400,8.4,22.73,28.1522,-11,177,20
25-Nov-2025,3790.5,Put,3800,95,21.12,28.1522,8,33,20
28-Oct-2025,3790.5,Call,3660,157.85,16.69,28.1522,5,111,17
25-Nov-2025,3790.5,Call,3900,80,19.94,28.1522,8,39,13
28-Oct-2025,3790.5,Call,3450,356,0,28.1522,-6,38,9
25-Nov-2025,3790.5,Call,3700,180,18.42,28.1522,1,61,8
28-Oct-2025,3790.5,Call,4120,2.5,19.72,28.1522,-4,303,6
28-Oct-2025,3790.5,Put,3000,0.25,38.9,28.1522,-2,30,4
25-Nov-2025,3790.5,Call,4400,8.05,23.64,28.1522,2,44,4
25-Nov-2025,3790.5,Put,3900,152,22.54,28.1522,2,7,4
28-Oct-2025,3790.5,Put,3350,0.75,25.23,28.1522,0,146,3
28-Oct-2025,3790.5,Put,3460,1.4,21.45,28.1522,1,2,2
28-Oct-2025,3790.5,Put,3480,3.2,23.47,28.1522,0,132,2
25-Nov-2025,3790.5,Call,3780,134.75,19.46,28.1522,1,2,2
25-Nov-2025,3790.5,Put,3760,84.25,22.37,28.1522,1,1,2
28-Oct-2025,3790.5,Put,3250,1.45,33.21,28.1522,0,30,1
25-Nov-2025,3790.5,Put,3780,83.25,20.56,28.1522,0,4,1
28-Oct-2025,3790.5,Put,3440,0,0,28.1522,0,48,0
28-Oct-2025,3790.5,Call,3540,0,0,28.1522,0,0,0
28-Oct-2025,3790.5,Call,3560,0,0,28.1522,0,0,0
28-Oct-2025,3790.5,Call,3620,0,0,28.1522,0,27,0
28-Oct-2025,3790.5,Put,3620,0,0,28.1522,0,0,0
28-Oct-2025,3790.5,Call,4240,0,0,0,0,0,0
28-Oct-2025,3790.5,Put,4240,0,0,0,0,0,0
28-Oct-2025,3790.5,Put,3240,0,0,28.1522,0,0,0
28-Oct-2025,3790.5,Put,3280,0,0,28.1522,0,0,0
28-Oct-2025,3790.5,Put,3320,0,0,28.1522,0,1,0
28-Oct-2025,3790.5,Put,3360,0,0,28.1522,0,0,0
28-Oct-2025,3790.5,Call,3550,0,0,28.1522,0,174,0
28-Oct-2025,3790.5,Put,3950,0,0,28.1522,0,28,0
28-Oct-2025,3790.5,Put,3200,0,0,28.1522,0,237,0
28-Oct-2025,3790.5,Call,3640,0,0,28.1522,0,42,0
28-Oct-2025,3790.5,Call,3320,0,0,28.1522,0,0,0
28-Oct-2025,3790.5,Call,3360,0,0,28.1522,0,0,0
28-Oct-2025,3790.5,Call,3440,0,0,28.1522,0,0,0
28-Oct-2025,3790.5,Call,3460,0,0,28.1522,0,0,0
28-Oct-2025,3790.5,Call,3480,0,0,28.1522,0,0,0
28-Oct-2025,3790.5,Call,3520,0,0,28.1522,0,0,0
28-Oct-2025,3790.5,Call,3580,0,0,28.1522,0,0,0
28-Oct-2025,3790.5,Put,3580,0,0,28.1522,0,0,0
28-Oct-2025,3790.5,Put,3880,0,0,28.1522,0,0,0
28-Oct-2025,3790.5,Put,3920,0,0,28.1522,0,0,0
28-Oct-2025,3790.5,Put,3960,0,0,28.1522,0,0,0
28-Oct-2025,3790.5,Put,4040,0,0,28.1522,0,0,0
28-Oct-2025,3790.5,Put,4080,0,0,28.1522,0,0,0
28-Oct-2025,3790.5,Put,4120,0,0,28.1522,0,0,0
28-Oct-2025,3790.5,Call,3240,0,0,28.1522,0,0,0
28-Oct-2025,3790.5,Call,3280,0,0,28.1522,0,0,0
28-Oct-2025,3790.5,Call,3200,0,0,28.1522,0,55,0
28-Oct-2025,3790.5,Call,3300,0,0,28.1522,0,1,0
28-Oct-2025,3790.5,Call,3400,0,0,28.1522,0,44,0
28-Oct-2025,3790.5,Put,4100,0,0,28.1522,0,270,0
28-Oct-2025,3790.5,Put,4200,0,0,28.1522,0,9,0
28-Oct-2025,3790.5,Put,3940,0,0,28.1522,0,0,0
28-Oct-2025,3790.5,Put,3980,0,0,28.1522,0,0,0
28-Oct-2025,3790.5,Call,4160,0,0,28.1522,0,2,0
28-Oct-2025,3790.5,Put,4160,0,0,28.1522,0,0,0
25-Nov-2025,3790.5,Put,3920,0,0,28.1522,0,0,0
25-Nov-2025,3790.5,Put,3960,0,0,28.1522,0,0,0
25-Nov-2025,3790.5,Call,3760,0,0,28.1522,0,1,0
25-Nov-2025,3790.5,Put,4240,0,0,0,0,0,0
25-Nov-2025,3790.5,Put,3320,0,0,28.1522,0,0,0
25-Nov-2025,3790.5,Put,3280,0,0,28.1522,0,0,0
25-Nov-2025,3790.5,Put,3940,0,0,28.1522,0,0,0
25-Nov-2025,3790.5,Call,3820,0,0,28.1522,0,3,0
25-Nov-2025,3790.5,Call,3840,0,0,28.1522,0,0,0
25-Nov-2025,3790.5,Call,3860,0,0,28.1522,0,0,0
25-Nov-2025,3790.5,Call,3880,0,0,28.1522,0,0,0
25-Nov-2025,3790.5,Call,3720,0,0,28.1522,0,1,0
25-Nov-2025,3790.5,Put,3500,0,0,28.1522,0,0,0
25-Nov-2025,3790.5,Call,4040,0,0,28.1522,0,0,0
25-Nov-2025,3790.5,Call,3200,0,0,28.1522,0,0,0
25-Nov-2025,3790.5,Call,3240,0,0,28.1522,0,0,0
25-Nov-2025,3790.5,Call,3280,0,0,28.1522,0,0,0
25-Nov-2025,3790.5,Call,3320,0,0,28.1522,0,0,0
25-Nov-2025,3790.5,Call,3360,0,0,28.1522,0,0,0
25-Nov-2025,3790.5,Call,3580,0,0,28.1522,0,0,0
25-Nov-2025,3790.5,Call,3620,0,0,28.1522,0,0,0
25-Nov-2025,3790.5,Put,4040,0,0,28.1522,0,0,0
25-Nov-2025,3790.5,Put,4080,0,0,28.1522,0,0,0
25-Nov-2025,3790.5,Put,4120,0,0,28.1522,0,0,0
25-Nov-2025,3790.5,Put,4160,0,0,28.1522,0,0,0
25-Nov-2025,3790.5,Call,3600,0,0,28.1522,0,51,0
25-Nov-2025,3790.5,Call,3560,0,0,28.1522,0,0,0
25-Nov-2025,3790.5,Call,3920,0,0,28.1522,0,3,0
25-Nov-2025,3790.5,Call,3960,0,0,28.1522,0,0,0
25-Nov-2025,3790.5,Call,3940,0,0,28.1522,0,3,0
25-Nov-2025,3790.5,Call,3980,0,0,28.1522,0,0,0
25-Nov-2025,3790.5,Put,3520,0,0,28.1522,0,0,0
25-Nov-2025,3790.5,Call,3740,0,0,28.1522,0,0,0
25-Nov-2025,3790.5,Call,3400,0,0,28.1522,0,0,0
25-Nov-2025,3790.5,Put,3240,0,0,28.1522,0,0,0
25-Nov-2025,3790.5,Put,3360,0,0,0,0,0,0
25-Nov-2025,3790.5,Put,4000,0,0,28.1522,0,2,0
25-Nov-2025,3790.5,Put,4200,0,0,28.1522,0,0,0
25-Nov-2025,3790.5,Put,3200,0,0,28.1522,0,36,0
25-Nov-2025,3790.5,Call,3500,0,0,28.1522,0,0,0
25-Nov-2025,3790.5,Call,3440,0,0,28.1522,0,0,0
25-Nov-2025,3790.5,Call,3480,0,0,28.1522,0,0,0
25-Nov-2025,3790.5,Put,3560,0,0,28.1522,0,0,0
25-Nov-2025,3790.5,Call,4080,0,0,28.1522,0,0,0
25-Nov-2025,3790.5,Put,3980,0,0,28.1522,0,0,0
25-Nov-2025,3790.5,Call,3640,0,0,28.1522,0,0,0
25-Nov-2025,3790.5,Put,3640,0,0,28.1522,0,3,0
25-Nov-2025,3790.5,Put,3880,0,0,28.1522,0,0,0
25-Nov-2025,3790.5,Call,3680,0,0,28.1522,0,0,0
25-Nov-2025,3790.5,Put,3660,0,0,28.1522,0,3,0
25-Nov-2025,3790.5,Put,3840,0,0,28.1522,0,7,0
25-Nov-2025,3790.5,Put,3680,0,0,28.1522,0,4,0
30-Dec-2025,3790.5,Put,3840,0,0,28.1522,0,0,0
25-Nov-2025,3790.5,Put,3740,0,0,28.1522,0,3,0
30-Dec-2025,3790.5,Call,3760,0,0,28.1522,0,0,0
30-Dec-2025,3790.5,Put,3760,0,0,28.1522,0,0,0
25-Nov-2025,3790.5,Put,3540,0,0,28.1522,0,0,0
30-Dec-2025,3790.5,Put,3680,0,0,28.1522,0,0,0
30-Dec-2025,3790.5,Call,3960,0,0,28.1522,0,0,0
25-Nov-2025,3790.5,Call,3540,0,0,28.1522,0,0,0
30-Dec-2025,3790.5,Call,3800,0,0,28.1522,0,2,0
25-Nov-2025,3790.5,Put,3860,0,0,28.1522,0,0,0
30-Dec-2025,3790.5,Put,3800,0,0,28.1522,0,0,0
25-Nov-2025,3790.5,Call,3460,0,0,28.1522,0,0,0
25-Nov-2025,3790.5,Call,3520,0,0,28.1522,0,0,0
25-Nov-2025,3790.5,Put,3720,0,0,28.1522,0,7,0
30-Dec-2025,3790.5,Call,3720,0,0,28.1522,0,0,0
30-Dec-2025,3790.5,Call,4080,0,0,28.1522,0,0,0
25-Nov-2025,3790.5,Put,3820,0,0,28.1522,0,0,0
30-Dec-2025,3790.5,Put,3560,0,0,28.1522,0,0,0
30-Dec-2025,3790.5,Call,3880,0,0,28.1522,0,0,0
30-Dec-2025,3790.5,Put,3720,0,0,28.1522,0,0,0
30-Dec-2025,3790.5,Call,3840,0,0,28.1522,0,0,0
30-Dec-2025,3790.5,Call,4000,0,0,28.1522,0,2,0
30-Dec-2025,3790.5,Call,3920,0,0,28.1522,0,0,0
30-Dec-2025,3790.5,Call,4160,0,0,28.1522,0,0,0
25-Nov-2025,3790.5,Call,3660,0,0,28.1522,0,2,0
25-Nov-2025,3790.5,Put,3620,0,0,28.1522,0,0,0
30-Dec-2025,3790.5,Put,3640,0,0,28.1522,0,0,0
25-Nov-2025,3790.5,Put,3580,0,0,28.1522,0,0,0
30-Dec-2025,3790.5,Put,3880,0,0,28.1522,0,0,0
30-Dec-2025,3790.5,Put,3960,0,0,28.1522,0,0,0
30-Dec-2025,3790.5,Put,3920,0,0,28.1522,0,0,0
30-Dec-2025,3790.5,Put,3600,0,0,28.1522,0,0,0
30-Dec-2025,3790.5,Put,3200,0,0,28.1522,0,0,0
30-Dec-2025,3790.5,Put,4000,0,0,28.1522,0,0,0
