28-Oct-2025,1950.1,-,0,1959.7,0,32.7013,137,26315,836
28-Oct-2025,1950.1,Call,2000,25.95,24.67,32.7013,99,1585,756
28-Oct-2025,1950.1,Call,1960,42.3,24.94,32.7013,72,765,625
28-Oct-2025,1950.1,Call,1940,52.9,24.82,32.7013,50,612,545
28-Oct-2025,1950.1,Call,1980,32.95,0,32.7013,38,741,436
28-Oct-2025,1950.1,Put,1940,31.9,0,32.7013,-11,511,385
28-Oct-2025,1950.1,Put,1900,18.55,0,32.7013,28,704,323
28-Oct-2025,1950.1,Put,1920,24.4,0,32.7013,-3,300,201
28-Oct-2025,1950.1,Call,2100,6.7,0,32.7013,-5,620,179
28-Oct-2025,1950.1,Put,1960,40.9,23.6,32.7013,-37,752,173
28-Oct-2025,1950.1,Call,1900,77.5,24.17,32.7013,35,312,171
28-Oct-2025,1950.1,Put,1820,5.8,0,32.7013,108,171,166
28-Oct-2025,1950.1,Call,2020,20,0,32.7013,-12,335,142
28-Oct-2025,1950.1,Call,2040,14.9,24.57,32.7013,16,682,122
28-Oct-2025,1950.1,Put,1880,13.8,24.88,32.7013,4,184,117
28-Oct-2025,1950.1,Put,2000,64.45,0,32.7013,-30,382,101
28-Oct-2025,1950.1,Put,1980,52.4,0,32.7013,-11,346,98
28-Oct-2025,1950.1,Put,1860,10.45,0,32.7013,1,222,89
28-Oct-2025,1950.1,Put,1840,7.6,26,32.7013,14,286,83
28-Oct-2025,1950.1,Call,2060,11.4,24.6,32.7013,-7,388,77
28-Oct-2025,1950.1,Put,1800,4.3,0,32.7013,-14,335,74
28-Oct-2025,1950.1,Call,1920,64.7,0,32.7013,2,229,55
25-Nov-2025,1950.1,-,0,1967.5,0,32.7013,3,356,49
28-Oct-2025,1950.1,Call,2200,2.25,0,32.7013,-19,530,45
28-Oct-2025,1950.1,Call,2140,3.9,27.08,32.7013,9,120,36
28-Oct-2025,1950.1,Call,2080,8.85,0,32.7013,-12,157,34
28-Oct-2025,1950.1,Call,2120,5.15,0,32.7013,4,95,28
28-Oct-2025,1950.1,Call,2160,3.05,0,32.7013,0,239,24
28-Oct-2025,1950.1,Put,2100,144.8,0,32.7013,2,151,21
25-Nov-2025,1950.1,Call,2000,53,23.27,32.7013,0,106,16
28-Oct-2025,1950.1,Put,2020,77.65,0,32.7013,1,99,13
25-Nov-2025,1950.1,Call,2100,23.35,0,32.7013,2,35,8
28-Oct-2025,1950.1,Put,1760,3,30.51,32.7013,0,98,5
28-Oct-2025,1950.1,Call,1860,107.65,0,32.7013,0,35,5
25-Nov-2025,1950.1,Put,1900,38.05,0,32.7013,3,35,5
28-Oct-2025,1950.1,Call,2260,1.05,31.18,32.7013,1,204,4
30-Dec-2025,1950.1,-,0,1971.2,0,32.7013,1,41,3
28-Oct-2025,1950.1,Call,2240,1.2,0,32.7013,-1,60,3
28-Oct-2025,1950.1,Call,1880,93.35,0,32.7013,0,41,3
28-Oct-2025,1950.1,Put,1780,3.65,0,32.7013,0,96,2
25-Nov-2025,1950.1,Put,1960,69.6,27.89,32.7013,0,50,1
25-Nov-2025,1950.1,Put,2000,88,0,32.7013,0,14,1
28-Oct-2025,1950.1,Call,2280,0,0,32.7013,0,247,0
28-Oct-2025,1950.1,Put,2180,0,0,32.7013,0,0,0
28-Oct-2025,1950.1,Put,1560,0,0,32.7013,0,10,0
28-Oct-2025,1950.1,Put,1600,0,0,32.7013,0,75,0
28-Oct-2025,1950.1,Call,2180,0,0,32.7013,0,72,0
28-Oct-2025,1950.1,Put,1700,0,0,32.7013,0,63,0
28-Oct-2025,1950.1,Call,2320,0,0,32.7013,0,6,0
28-Oct-2025,1950.1,Call,1600,0,0,32.7013,0,0,0
28-Oct-2025,1950.1,Put,1740,0,0,32.7013,0,28,0
28-Oct-2025,1950.1,Put,1720,0,0,32.7013,0,142,0
28-Oct-2025,1950.1,Put,2320,0,0,32.7013,0,28,0
28-Oct-2025,1950.1,Put,2240,0,0,32.7013,0,6,0
28-Oct-2025,1950.1,Put,1640,0,0,32.7013,0,0,0
28-Oct-2025,1950.1,Call,1700,0,0,32.7013,0,0,0
28-Oct-2025,1950.1,Put,2140,0,0,32.7013,0,4,0
28-Oct-2025,1950.1,Call,1780,0,0,32.7013,0,0,0
28-Oct-2025,1950.1,Put,2280,0,0,32.7013,0,1,0
28-Oct-2025,1950.1,Call,1740,0,0,32.7013,0,0,0
28-Oct-2025,1950.1,Put,2060,0,0,32.7013,0,42,0
28-Oct-2025,1950.1,Call,1820,0,0,32.7013,0,3,0
28-Oct-2025,1950.1,Put,2200,0,0,32.7013,0,83,0
28-Oct-2025,1950.1,Put,2160,0,0,32.7013,0,3,0
28-Oct-2025,1950.1,Call,1640,0,0,32.7013,0,0,0
28-Oct-2025,1950.1,Call,1840,0,0,32.7013,0,6,0
28-Oct-2025,1950.1,Put,2120,0,0,32.7013,0,12,0
28-Oct-2025,1950.1,Call,1680,0,0,32.7013,0,0,0
28-Oct-2025,1950.1,Put,2080,0,0,32.7013,0,6,0
28-Oct-2025,1950.1,Call,1800,0,0,32.7013,0,1,0
28-Oct-2025,1950.1,Call,1720,0,0,32.7013,0,0,0
28-Oct-2025,1950.1,Call,1760,0,0,32.7013,0,0,0
25-Nov-2025,1950.1,Call,2240,0,0,32.7013,0,0,0
28-Oct-2025,1950.1,Put,2040,0,0,32.7013,0,130,0
25-Nov-2025,1950.1,Call,1680,0,0,32.7013,0,0,0
25-Nov-2025,1950.1,Call,2280,0,0,32.7013,0,0,0
25-Nov-2025,1950.1,Call,2180,0,0,32.7013,0,0,0
25-Nov-2025,1950.1,Call,1960,0,0,32.7013,0,1,0
25-Nov-2025,1950.1,Call,1940,0,0,32.7013,0,2,0
25-Nov-2025,1950.1,Call,2020,0,0,32.7013,0,0,0
25-Nov-2025,1950.1,Call,1840,0,0,32.7013,0,0,0
25-Nov-2025,1950.1,Put,2280,0,0,32.7013,0,0,0
25-Nov-2025,1950.1,Call,1760,0,0,32.7013,0,0,0
25-Nov-2025,1950.1,Put,2160,0,0,32.7013,0,2,0
25-Nov-2025,1950.1,Call,1740,0,0,32.7013,0,0,0
25-Nov-2025,1950.1,Call,2320,0,0,32.7013,0,0,0
25-Nov-2025,1950.1,Call,1640,0,0,32.7013,0,0,0
25-Nov-2025,1950.1,Call,1900,0,0,32.7013,0,0,0
25-Nov-2025,1950.1,Put,2120,0,0,32.7013,0,0,0
25-Nov-2025,1950.1,Call,1720,0,0,32.7013,0,0,0
25-Nov-2025,1950.1,Put,1920,0,0,32.7013,0,8,0
25-Nov-2025,1950.1,Put,1740,0,0,32.7013,0,0,0
25-Nov-2025,1950.1,Put,1640,0,0,32.7013,0,0,0
25-Nov-2025,1950.1,Put,1940,0,0,32.7013,0,6,0
25-Nov-2025,1950.1,Put,1880,0,0,32.7013,0,0,0
25-Nov-2025,1950.1,Call,2140,0,0,32.7013,0,0,0
25-Nov-2025,1950.1,Call,2040,0,0,32.7013,0,9,0
28-Oct-2025,1950.1,Put,1680,0,0,32.7013,0,7,0
25-Nov-2025,1950.1,Call,2060,0,0,32.7013,0,0,0
25-Nov-2025,1950.1,Put,2080,0,0,32.7013,0,0,0
25-Nov-2025,1950.1,Put,1860,0,0,32.7013,0,0,0
25-Nov-2025,1950.1,Call,1780,0,0,32.7013,0,0,0
25-Nov-2025,1950.1,Put,1820,0,0,32.7013,0,0,0
25-Nov-2025,1950.1,Put,1780,0,0,32.7013,0,0,0
25-Nov-2025,1950.1,Call,1920,0,0,32.7013,0,0,0
25-Nov-2025,1950.1,Call,1820,0,0,32.7013,0,0,0
25-Nov-2025,1950.1,Put,2020,0,0,32.7013,0,0,0
25-Nov-2025,1950.1,Put,1720,0,0,32.7013,0,0,0
25-Nov-2025,1950.1,Put,2240,0,0,32.7013,0,0,0
25-Nov-2025,1950.1,Put,1980,0,0,32.7013,0,0,0
25-Nov-2025,1950.1,Call,2160,0,0,32.7013,0,0,0
25-Nov-2025,1950.1,Put,1760,0,0,32.7013,0,0,0
25-Nov-2025,1950.1,Call,1880,0,0,32.7013,0,0,0
25-Nov-2025,1950.1,Put,2040,0,0,32.7013,0,0,0
30-Dec-2025,1950.1,Put,2080,0,0,32.7013,0,0,0
25-Nov-2025,1950.1,Call,1980,0,0,32.7013,0,0,0
30-Dec-2025,1950.1,Put,1880,0,0,32.7013,0,0,0
25-Nov-2025,1950.1,Put,1700,0,0,32.7013,0,0,0
25-Nov-2025,1950.1,Put,2200,0,0,32.7013,0,0,0
30-Dec-2025,1950.1,Put,2000,0,0,32.7013,0,0,0
25-Nov-2025,1950.1,Call,1860,0,0,32.7013,0,0,0
30-Dec-2025,1950.1,Call,2160,0,0,32.7013,0,0,0
25-Nov-2025,1950.1,Call,1700,0,0,32.7013,0,0,0
30-Dec-2025,1950.1,Put,1920,0,0,32.7013,0,0,0
30-Dec-2025,1950.1,Put,1800,0,0,32.7013,0,0,0
25-Nov-2025,1950.1,Call,1800,0,0,32.7013,0,0,0
30-Dec-2025,1950.1,Put,1840,0,0,32.7013,0,0,0
25-Nov-2025,1950.1,Put,1680,0,0,32.7013,0,0,0
30-Dec-2025,1950.1,Call,1920,0,0,32.7013,0,0,0
