14-Oct-2025,25268.75,Call,25300,88.6,9.01,15.1581,96894,200667,1681119
14-Oct-2025,25268.75,Call,25200,153.45,9.9,15.1581,4237,135330,1593646
14-Oct-2025,25268.75,Call,25250,118.05,9.4,15.1581,49154,106767,1465561
14-Oct-2025,25268.75,Put,25200,45.7,7.82,15.1581,198098,290065,1261351
14-Oct-2025,25268.75,Call,25400,44.1,8.49,15.1581,19465,136448,1038663
14-Oct-2025,25268.75,Call,25350,63.15,8.69,15.1581,35509,99452,891210
14-Oct-2025,25268.75,Call,25500,19.4,8.28,15.1581,26141,163610,885870
14-Oct-2025,25268.75,Put,25250,61.4,7.45,15.1581,133145,151563,754236
14-Oct-2025,25268.75,Put,25100,25.8,8.55,15.1581,97355,241056,725023
14-Oct-2025,25268.75,Put,25150,34.45,8.2,15.1581,91162,167640,674364
14-Oct-2025,25268.75,Put,25000,15,9.38,15.1581,41862,224884,614555
14-Oct-2025,25268.75,Put,25300,80.9,7.07,15.1581,111405,131913,603303
14-Oct-2025,25268.75,Call,25550,12.6,8.29,15.1581,-3375,72989,567607
14-Oct-2025,25268.75,Call,25450,29.4,8.33,15.1581,19541,64401,547291
14-Oct-2025,25268.75,Call,25150,190.85,10.47,15.1581,-6907,39688,506108
14-Oct-2025,25268.75,Call,25600,8.2,8.4,15.1581,26468,123962,489579
14-Oct-2025,25268.75,Call,25100,232.05,11.1,15.1581,-7232,52013,369731
14-Oct-2025,25268.75,Put,25050,19.45,8.97,15.1581,19832,110982,349872
14-Oct-2025,25268.75,Call,25700,4.05,8.94,15.1581,12139,83627,342553
14-Oct-2025,25268.75,Call,26000,1.4,11.78,15.1581,-12257,167068,333655
14-Oct-2025,25268.75,Call,25800,2.4,9.74,15.1581,8040,94602,332473
14-Oct-2025,25268.75,Put,24900,8.95,10.24,15.1581,24842,117369,322005
14-Oct-2025,25268.75,Call,25650,5.8,8.66,15.1581,17612,49364,273474
14-Oct-2025,25268.75,Put,24500,3.7,15.32,15.1581,18509,126279,269512
14-Oct-2025,25268.75,Put,24000,2.35,22.13,15.1581,16330,136396,258908
14-Oct-2025,25268.75,Call,25750,3,9.28,15.1581,7013,35632,248467
14-Oct-2025,25268.75,Put,24950,11.3,9.75,15.1581,18950,72098,246703
14-Oct-2025,25268.75,Put,24200,2.65,19.31,15.1581,30999,85095,233830
14-Oct-2025,25268.75,Put,24800,6.1,11.29,15.1581,5894,81470,218624
14-Oct-2025,25268.75,Put,24300,2.9,18.03,15.1581,13922,69657,218093
14-Oct-2025,25268.75,Put,24700,4.75,12.51,15.1581,13918,98305,191871
14-Oct-2025,25268.75,Put,24400,3.25,16.67,15.1581,-781,53387,189551
14-Oct-2025,25268.75,Put,24850,7.2,10.69,15.1581,26413,58374,182583
14-Oct-2025,25268.75,Put,24100,2.45,20.65,15.1581,-4101,51145,173713
14-Oct-2025,25268.75,Put,25350,106.35,6.72,15.1581,26853,30645,157836
14-Oct-2025,25268.75,Put,24600,4,13.86,15.1581,4394,67980,140061
14-Oct-2025,25268.75,Call,26100,1.2,12.91,15.1581,5865,66493,139510
14-Oct-2025,25268.75,Call,25900,1.6,10.6,15.1581,-902,46485,130805
14-Oct-2025,25268.75,Put,25400,136.65,6.26,15.1581,24717,29741,122988
14-Oct-2025,25268.75,Put,24550,3.85,14.59,15.1581,16609,38410,121261
14-Oct-2025,25268.75,Put,24450,3.45,16.01,15.1581,13633,33565,120432
14-Oct-2025,25268.75,Call,25850,1.9,10.08,15.1581,893,24800,117179
14-Oct-2025,25268.75,Put,24650,4.2,13.12,15.1581,19094,67802,115328
14-Oct-2025,25268.75,Put,24750,5.3,11.86,15.1581,2901,48265,105562
14-Oct-2025,25268.75,Put,23500,1.55,28.4,15.1581,5389,51034,97834
14-Oct-2025,25268.75,Call,26500,0.8,17.49,15.1581,19274,104042,97626
14-Oct-2025,25268.75,Put,24350,3.1,17.31,15.1581,-1731,35837,95501
14-Oct-2025,25268.75,Call,25000,321,12.57,15.1581,-1521,45995,90506
14-Oct-2025,25268.75,Put,23900,2.1,23.32,15.1581,703,38621,89104
14-Oct-2025,25268.75,Put,23800,2,24.67,15.1581,10608,37587,87752
14-Oct-2025,25268.75,Call,26200,1,14.03,15.1581,3255,57516,84960
14-Oct-2025,25268.75,Put,24250,2.85,18.73,15.1581,7260,20503,82487
14-Oct-2025,25268.75,Put,22850,0.9,35.67,15.1581,20536,66081,82068
14-Oct-2025,25268.75,Put,24150,2.55,20.04,15.1581,3769,14737,64835
14-Oct-2025,25268.75,Call,25050,276.6,11.77,15.1581,-2829,19596,63526
14-Oct-2025,25268.75,Call,26300,0.95,15.16,15.1581,146,39700,60946
14-Oct-2025,25268.75,Call,26150,1.1,13.52,15.1581,2054,17164,60471
14-Oct-2025,25268.75,Call,25950,1.45,11.07,15.1581,1144,37270,56860
14-Oct-2025,25268.75,Put,23700,1.85,25.84,15.1581,4909,22277,50753
14-Oct-2025,25268.75,Call,26050,1.2,12.29,15.1581,1487,21052,48982
14-Oct-2025,25268.75,Put,23000,1.1,34.12,15.1581,1123,32345,47760
14-Oct-2025,25268.75,Call,26250,1,14.69,15.1581,3658,18923,45450
14-Oct-2025,25268.75,Call,26400,0.85,16.34,15.1581,1086,38329,45386
14-Oct-2025,25268.75,Put,24050,2.4,21.36,15.1581,1796,6563,42443
14-Oct-2025,25268.75,Put,23850,2.05,23.92,15.1581,1304,5599,40410
14-Oct-2025,25268.75,Put,23600,1.7,27.13,15.1581,-2935,10756,40337
14-Oct-2025,25268.75,Put,23950,2.15,22.7,15.1581,1164,8931,39995
14-Oct-2025,25268.75,Put,25500,212,2.92,15.1581,6817,12703,38520
28-Oct-2025,25268.75,Call,25500,142,8.65,15.1581,-3345,64162,35440
14-Oct-2025,25268.75,Put,23750,1.9,25.26,15.1581,4905,7880,35243
14-Oct-2025,25268.75,Put,22900,1,35.17,15.1581,851,31492,35232
20-Oct-2025,25268.75,Call,25500,76.65,8.7,15.1581,2755,17390,34823
14-Oct-2025,25268.75,Put,23200,1.25,31.9,15.1581,2052,10750,33614
14-Oct-2025,25268.75,Put,23400,1.5,29.53,15.1581,666,6456,31103
20-Oct-2025,25268.75,Call,25400,116.35,8.89,15.1581,256,12147,30373
20-Oct-2025,25268.75,Call,25300,167.8,9.18,15.1581,2131,11976,29980
14-Oct-2025,25268.75,Put,23300,1.4,30.73,15.1581,1086,7708,29909
14-Oct-2025,25268.75,Put,25450,172.4,5.54,15.1581,3888,4769,29477
20-Oct-2025,25268.75,Put,25000,44.05,9.42,15.1581,3452,18368,29433
28-Oct-2025,25268.75,Put,25000,79.5,9.92,15.1581,2682,64377,28883
28-Oct-2025,25268.75,Call,26000,25.35,8.65,15.1581,-343,71861,28237
20-Oct-2025,25268.75,Call,25200,232.4,9.57,15.1581,193,12672,27607
20-Oct-2025,25268.75,Put,25200,87.85,8.6,15.1581,3205,15664,27034
14-Oct-2025,25268.75,Call,27000,0.6,22.9,15.1581,1780,53380,25699
14-Oct-2025,25268.75,Put,23550,1.7,27.77,15.1581,1026,2293,24311
28-Oct-2025,25268.75,Call,25200,307.1,9.08,15.1581,-1055,27924,24103
14-Oct-2025,25268.75,Call,27150,0.55,24.42,15.1581,-69,19901,22921
28-Oct-2025,25268.75,Put,24800,50.1,10.63,15.1581,-1662,43030,22591
28-Oct-2025,25268.75,Call,25700,71.1,8.3,15.1581,5932,31793,21948
20-Oct-2025,25268.75,Call,26000,6.55,9.1,15.1581,4268,13626,21650
20-Oct-2025,25268.75,Call,25700,28.8,8.56,15.1581,2278,9610,21372
14-Oct-2025,25268.75,Put,23100,1.2,33.03,15.1581,587,13390,20773
20-Oct-2025,25268.75,Put,25100,62.15,8.99,15.1581,2108,13342,20215
14-Oct-2025,25268.75,Put,23650,1.8,26.58,15.1581,1932,3995,18922
28-Oct-2025,25268.75,Call,25300,243,8.86,15.1581,1169,17919,18717
28-Oct-2025,25268.75,Put,25200,130.2,9.4,15.1581,1842,24725,18659
14-Oct-2025,25268.75,Put,23250,1.4,31.32,15.1581,295,2038,18446
20-Oct-2025,25268.75,Put,25300,123.15,8.26,15.1581,7221,10646,18372
28-Oct-2025,25268.75,-,0,25374,0,15.1581,319,233788,17897
28-Oct-2025,25268.75,Call,25600,102.25,8.46,15.1581,-2048,24894,17114
20-Oct-2025,25268.75,Call,25600,47.55,8.57,15.1581,408,8456,17032
20-Oct-2025,25268.75,Call,25250,199,9.39,15.1581,933,4171,16875
28-Oct-2025,25268.75,Put,24900,62.1,10.21,15.1581,1019,27143,16248
28-Oct-2025,25268.75,Put,25100,101.45,9.62,15.1581,2392,22096,14091
28-Oct-2025,25268.75,Call,25800,49.45,8.3,15.1581,568,24781,14053
14-Oct-2025,25268.75,Call,26350,0.95,15.9,15.1581,2157,6064,13985
14-Oct-2025,25268.75,Put,23050,1.15,33.74,15.1581,1001,2071,13519
28-Oct-2025,25268.75,Put,24700,39.35,10.93,15.1581,-374,30681,13428
20-Oct-2025,25268.75,Put,24800,22.7,10.37,15.1581,1668,10281,13259
28-Oct-2025,25268.75,Put,24500,25.9,11.73,15.1581,-993,42898,12954
20-Oct-2025,25268.75,Put,24900,31.3,9.87,15.1581,474,9007,12778
20-Oct-2025,25268.75,Put,24700,16.8,10.9,15.1581,1550,12383,12584
28-Oct-2025,25268.75,Put,25300,165,9.21,15.1581,2870,11545,12396
20-Oct-2025,25268.75,Call,25800,17.35,8.64,15.1581,834,8960,12326
20-Oct-2025,25268.75,Call,25350,140,9.02,15.1581,2035,4288,11996
14-Oct-2025,25268.75,Call,24900,419.65,14.12,15.1581,-56,7411,11074
14-Oct-2025,25268.75,Call,26600,0.65,18.32,15.1581,1546,17711,11064
20-Oct-2025,25268.75,Put,25150,73.5,8.83,15.1581,1459,5465,10999
14-Oct-2025,25268.75,Put,23150,1.25,32.61,15.1581,554,1300,10768
20-Oct-2025,25268.75,Call,25900,10.55,8.85,15.1581,1337,5767,10715
20-Oct-2025,25268.75,Call,25550,60.65,8.61,15.1581,728,4344,10612
28-Oct-2025,25268.75,Call,25000,455.5,9.43,15.1581,-1499,43687,10501
28-Oct-2025,25268.75,Put,24600,31.6,11.32,15.1581,-199,23359,10346
20-Oct-2025,25268.75,Put,25250,104.55,8.44,15.1581,2837,4515,10344
14-Oct-2025,25268.75,Call,27100,0.55,23.85,15.1581,293,6883,10100
20-Oct-2025,25268.75,Call,25450,95.1,8.74,15.1581,1195,3771,9878
28-Oct-2025,25268.75,Call,25400,188.3,8.7,15.1581,55,15580,9751
20-Oct-2025,25268.75,Put,25050,52.05,9.17,15.1581,3338,7224,9530
14-Oct-2025,25268.75,Call,26550,0.75,17.98,15.1581,291,6733,9034
20-Oct-2025,25268.75,Call,25100,306,10.07,15.1581,-656,5594,8946
14-Oct-2025,25268.75,Put,23450,1.6,29.03,15.1581,1015,1890,8562
20-Oct-2025,25268.75,Put,24500,10.25,12.17,15.1581,1600,10163,8512
28-Oct-2025,25268.75,Call,25100,377.75,9.26,15.1581,-145,18947,8420
14-Oct-2025,25268.75,Call,26450,0.8,16.86,15.1581,895,6365,8336
20-Oct-2025,25268.75,Call,25650,37.2,8.56,15.1581,-161,2104,8319
14-Oct-2025,25268.75,Call,24950,368.45,12.9,15.1581,-188,2698,8242
14-Oct-2025,25268.75,Put,22950,1.05,34.82,15.1581,917,1695,7830
28-Oct-2025,25268.75,Call,25900,34.4,8.38,15.1581,543,11024,7652
14-Oct-2025,25268.75,Put,23350,1.45,30.13,15.1581,622,1351,7607
20-Oct-2025,25268.75,Put,24600,12.8,11.53,15.1581,-74,7845,7451
20-Oct-2025,25268.75,Call,25150,268.85,9.76,15.1581,-607,2398,7383
14-Oct-2025,25268.75,Put,25600,300.9,0,15.1581,1613,3180,7234
28-Oct-2025,25268.75,Call,26500,5.9,10.02,15.1581,1357,30256,7051
20-Oct-2025,25268.75,Put,24950,37,9.62,15.1581,1227,4076,6971
28-Oct-2025,25268.75,Put,24000,12.15,14.3,15.1581,-332,46668,6737
20-Oct-2025,25268.75,Call,25750,22.45,8.59,15.1581,361,2267,6424
14-Oct-2025,25268.75,Put,25550,253.45,0,15.1581,265,1584,6158
20-Oct-2025,25268.75,Call,25850,13.65,8.77,15.1581,-649,2978,6021
20-Oct-2025,25268.75,Call,26500,1.35,11.33,15.1581,1284,12717,5873
20-Oct-2025,25268.75,Put,24300,7.2,13.59,15.1581,137,7784,5782
28-Oct-2025,25268.75,Call,25250,275,8.96,15.1581,-286,5097,5725
28-Oct-2025,25268.75,Put,25500,263.05,9.01,15.1581,1411,23606,5597
14-Oct-2025,25268.75,Call,27050,0.55,23.28,15.1581,344,2656,5144
14-Oct-2025,25268.75,Call,24800,518.8,16.18,15.1581,-534,5264,5143
28-Oct-2025,25268.75,Put,24200,15.35,13.14,15.1581,-916,10218,5006
28-Oct-2025,25268.75,Call,26300,9.5,9.3,15.1581,581,9629,4941
20-Oct-2025,25268.75,Call,25000,389.05,10.43,15.1581,-149,5644,4841
20-Oct-2025,25268.75,Put,24400,8.45,12.86,15.1581,723,5685,4823
28-Oct-2025,25268.75,Put,25400,209.75,9.08,15.1581,1405,8012,4650
25-Nov-2025,25268.75,Call,26000,151.95,8.77,15.1581,223,20105,4599
30-Dec-2025,25268.75,Call,26000,344.1,8.88,15.1581,-77.6666666667,55349,4526
20-Oct-2025,25268.75,Call,26100,4.25,9.47,15.1581,973,2177,4485
25-Nov-2025,25268.75,Call,26500,52.85,8.84,15.1581,164,10307,4446
20-Oct-2025,25268.75,Put,24000,5.15,16.03,15.1581,945,7902,4338
20-Oct-2025,25268.75,Put,24750,19.3,10.64,15.1581,635,4033,4239
28-Oct-2025,25268.75,Call,26200,12.7,9,15.1581,202,10456,4119
28-Oct-2025,25268.75,Put,24400,21.3,12.2,15.1581,-369,11967,4067
14-Oct-2025,25268.75,Call,26800,0.65,20.72,15.1581,184,3383,3870
14-Oct-2025,25268.75,Call,26650,0.65,18.92,15.1581,144,2526,3793
25-Nov-2025,25268.75,Call,25700,260.6,8.76,15.1581,-1392,2757,3721
20-Oct-2025,25268.75,Put,24200,6.25,14.39,15.1581,450,3389,3677
28-Oct-2025,25268.75,Call,26100,17.55,8.77,15.1581,328,7962,3669
28-Oct-2025,25268.75,Put,25250,146.75,9.31,15.1581,1005,4685,3637
20-Oct-2025,25268.75,Put,25400,170.5,8.14,15.1581,1017,2535,3618
20-Oct-2025,25268.75,Put,24850,26.1,10.1,15.1581,187,3574,3503
28-Oct-2025,25268.75,Put,24300,17.65,12.61,15.1581,-144,13634,3397
14-Oct-2025,25268.75,Call,26700,0.6,19.53,15.1581,222,3899,3273
28-Oct-2025,25268.75,Put,25150,114.5,9.54,15.1581,493,4231,3238
25-Nov-2025,25268.75,Put,24500,86,12.02,15.1581,0,16185,3233
20-Oct-2025,25268.75,Put,25500,231,7.72,15.1581,1076,3977,3212
28-Oct-2025,25268.75,Call,25650,86.35,8.4,15.1581,106,2980,3155
25-Nov-2025,25268.75,Put,25000,175.8,11.33,15.1581,516,17390,2918
20-Oct-2025,25268.75,Call,26200,3.05,9.9,15.1581,293,2141,2907
28-Oct-2025,25268.75,Call,27000,2.45,11.97,15.1581,-228,21812,2888
20-Oct-2025,25268.75,Put,25350,146,8.18,15.1581,1003,1493,2823
20-Oct-2025,25268.75,Put,24550,11.2,11.79,15.1581,998,2623,2741
28-Oct-2025,25268.75,Call,25750,60.15,8.34,15.1581,418,3473,2708
30-Dec-2025,25268.75,Put,25000,255.65,12.24,15.1581,-242.666666667,40969,2592
25-Nov-2025,25268.75,Call,25500,358.5,8.8,15.1581,299,13453,2553
28-Oct-2025,25268.75,Call,25350,214.5,8.78,15.1581,350,2665,2494
30-Dec-2025,25268.75,Put,24000,94.55,13.47,15.1581,-181,48821.6666667,2412
14-Oct-2025,25268.75,Call,26950,0.6,22.32,15.1581,135,1541,2384
28-Oct-2025,25268.75,Put,25050,89.75,9.78,15.1581,-1,5151,2371
04-Nov-2025,25268.75,Call,26500,13.9,9.55,15.1581,-504,721,2351
28-Oct-2025,25268.75,Call,25450,165.1,8.63,15.1581,473,3512,2293
30-Dec-2025,25268.75,Call,27000,83.75,9,15.1581,-541,33200.3333333,2288
25-Nov-2025,25268.75,Put,24000,45.85,13.24,15.1581,-89,17852,2269
28-Oct-2025,25268.75,Call,25150,341.15,9.13,15.1581,-70,2769,2235
20-Oct-2025,25268.75,Put,24650,14.6,11.2,15.1581,408,2429,2223
28-Oct-2025,25268.75,Call,25550,120.7,8.53,15.1581,239,3377,2207
28-Oct-2025,25268.75,Put,23500,7.4,17.13,15.1581,150,25156,2203
20-Oct-2025,25268.75,Call,25950,8.55,8.99,15.1581,82,1359,2187
28-Oct-2025,25268.75,Put,24950,70,10.08,15.1581,-155,3221,2183
28-Oct-2025,25268.75,Put,22600,4.1,22.48,15.1581,422,26115,2169
28-Oct-2025,25268.75,Put,24750,44.2,10.77,15.1581,147,4014,2120
14-Oct-2025,25268.75,Call,26900,0.6,21.73,15.1581,143,2175,2099
28-Oct-2025,25268.75,Call,26400,7.45,9.67,15.1581,-432,6072,2066
30-Dec-2025,25268.75,Call,26500,173.1,8.78,15.1581,441,6173,1991
28-Oct-2025,25268.75,Put,25350,185.05,9.15,15.1581,182,1196,1961
14-Oct-2025,25268.75,Call,24850,466,14.99,15.1581,-293,1396,1907
20-Oct-2025,25268.75,Put,24100,5.55,15.18,15.1581,62,1592,1888
25-Nov-2025,25268.75,Put,25500,351.95,10.95,15.1581,339,8828,1875
28-Oct-2025,25268.75,Put,24850,55.75,10.43,15.1581,224,2365,1739
28-Oct-2025,25268.75,Put,23800,9.45,15.37,15.1581,-201,7374,1644
25-Nov-2025,25268.75,Call,25000,678,8.76,15.1581,8,11144,1642
14-Oct-2025,25268.75,Call,26750,0.6,20.13,15.1581,206,1144,1613
28-Oct-2025,25268.75,Put,24100,13.6,13.73,15.1581,-281,4413,1585
20-Oct-2025,25268.75,Call,26050,5.3,9.29,15.1581,175,860,1560
30-Dec-2025,25268.75,Put,24500,150.65,12.6,15.1581,247,5217,1533
28-Oct-2025,25268.75,Call,24800,630.55,10.04,15.1581,-324,20786,1528
25-Nov-2025,25268.75,Call,27000,19.95,9.46,15.1581,453,5119,1507
30-Dec-2025,25268.75,Call,25000,927.4,8.31,15.1581,-371,26339.6666667,1500
25-Nov-2025,25268.75,-,0,25508,0,15.1581,216,15510,1474
25-Nov-2025,25268.75,Put,24600,96.9,11.78,15.1581,451,4284,1415
25-Nov-2025,25268.75,Put,24400,73.35,12.16,15.1581,314,5113,1411
28-Oct-2025,25268.75,Call,25850,41.9,8.38,15.1581,108,2158,1405
28-Oct-2025,25268.75,Call,24500,900,10.31,15.1581,-413,16265,1399
28-Oct-2025,25268.75,Put,23000,5.4,20.2,15.1581,-69,31361,1384
28-Oct-2025,25268.75,Put,24550,28.25,11.52,15.1581,71,1568,1381
28-Oct-2025,25268.75,Put,24050,12.8,14.01,15.1581,-343,1272,1360
25-Nov-2025,25268.75,Put,23700,32.85,14.02,15.1581,-712,2683,1252
14-Oct-2025,25268.75,Call,24600,712.05,19.79,15.1581,72,2128,1238
30-Dec-2025,25268.75,Call,25400,655,8.72,15.1581,-717,493,1238
28-Oct-2025,25268.75,Put,24450,23.3,11.97,15.1581,-126,1635,1221
28-Oct-2025,25268.75,Call,26050,20.85,8.67,15.1581,-81,1931,1194
28-Oct-2025,25268.75,Call,24900,542.5,9.8,15.1581,-206,12703,1170
28-Oct-2025,25268.75,Put,23700,8.65,15.95,15.1581,-190,4028,1167
14-Oct-2025,25268.75,Put,25700,395.55,0,15.1581,363,1928,1153
25-Nov-2025,25268.75,Put,24800,128.2,11.44,15.1581,300,5953,1148
20-Oct-2025,25268.75,Call,26300,2.15,10.31,15.1581,261,1107,1127
20-Oct-2025,25268.75,Put,23700,3.65,18.27,15.1581,4,4505,1127
25-Nov-2025,25268.75,Call,25300,469.8,8.71,15.1581,24,2084,1112
28-Oct-2025,25268.75,Call,25950,30,8.51,15.1581,-233,2953,1111
20-Oct-2025,25268.75,Put,24450,9.25,12.5,15.1581,51,1580,1104
28-Oct-2025,25268.75,Put,24250,16.5,12.9,15.1581,-29,1199,1083
28-Oct-2025,25268.75,Put,24650,35.1,11.16,15.1581,-16,1869,1073
25-Nov-2025,25268.75,Put,24700,112.15,11.64,15.1581,76,3796,1064
25-Nov-2025,25268.75,Put,25300,267.5,10.98,15.1581,-98,1649,1063
25-Nov-2025,25268.75,Put,24300,64.95,12.39,15.1581,-237,5325,1028
14-Oct-2025,25268.75,Call,24500,814.95,21.56,15.1581,-121,3459,981
30-Dec-2025,25268.75,Call,25500,590,8.65,15.1581,-36,2507,978
30-Dec-2025,25268.75,Call,28000,23.2,10.11,15.1581,70,20514.3333333,976
25-Nov-2025,25268.75,Call,26300,79.95,8.67,15.1581,297,3520,967
30-Dec-2025,25268.75,Put,22000,28.55,18.79,15.1581,-182,22652.3333333,922
20-Oct-2025,25268.75,Put,23500,3.3,19.96,15.1581,286,2962,917
14-Oct-2025,25268.75,Put,25650,347.7,0,15.1581,207,379,857
28-Oct-2025,25268.75,Call,25050,415.9,9.32,15.1581,-114,1310,844
28-Oct-2025,25268.75,Put,26000,644,9.31,15.1581,115,17249,829
20-Oct-2025,25268.75,Call,26150,3.6,9.63,15.1581,311,524,813
30-Dec-2025,25268.75,Put,25500,412.95,11.9,15.1581,65,1929,803
30-Dec-2025,25268.75,Put,26000,655.05,11.95,15.1581,102.333333333,45454.3333333,799
28-Oct-2025,25268.75,Put,23900,10.8,14.86,15.1581,-112,3753,797
25-Nov-2025,25268.75,Call,25800,219.95,8.73,15.1581,36,3489,788
20-Oct-2025,25268.75,Put,24250,6.65,14.01,15.1581,-183,633,780
20-Oct-2025,25268.75,Put,25600,299.55,7.56,15.1581,458,860,757
25-Nov-2025,25268.75,Put,25200,231.95,11.07,15.1581,193,4169,757
28-Oct-2025,25268.75,Put,25600,322.95,8.89,15.1581,308,2845,755
20-Oct-2025,25268.75,Put,23000,2.45,23.97,15.1581,147,2392,754
25-Nov-2025,25268.75,Put,26000,640,11.19,15.1581,475,3532,745
25-Nov-2025,25268.75,Call,26100,123.3,8.71,15.1581,139,2873,739
28-Oct-2025,25268.75,Call,24600,813,10.54,15.1581,-301,6594,737
25-Nov-2025,25268.75,Put,24900,150,11.35,15.1581,126,1857,732
20-Oct-2025,25268.75,Call,25050,346.2,10.12,15.1581,-100,843,724
14-Oct-2025,25268.75,Call,24700,618.05,17.77,15.1581,-96,2816,719
25-Nov-2025,25268.75,Put,25100,201.8,11.16,15.1581,-81,1563,715
28-Oct-2025,25268.75,Call,24700,718,10.27,15.1581,-151,17005,703
28-Oct-2025,25268.75,Put,24150,14.45,13.45,15.1581,-145,1155,686
30-Dec-2025,25268.75,Put,23500,59.15,14.32,15.1581,111,4029,677
20-Oct-2025,25268.75,Call,26250,2.4,10.04,15.1581,56,639,668
25-Nov-2025,25268.75,Call,26200,99.9,8.72,15.1581,-41,4782,654
14-Oct-2025,25268.75,Call,26850,0.6,21.14,15.1581,-48,843,627
20-Oct-2025,25268.75,Put,25450,200.3,7.85,15.1581,251,489,619
28-Oct-2025,25268.75,Call,26250,11,9.16,15.1581,141,1352,617
25-Nov-2025,25268.75,Put,24200,56.9,12.6,15.1581,104,5264,601
30-Dec-2025,25268.75,Put,23000,42,15.52,15.1581,-225,34728,592
20-Oct-2025,25268.75,Put,23900,4.45,16.73,15.1581,53,1367,585
30-Dec-2025,25268.75,Call,24000,1743.35,0,15.1581,-68,13243.3333333,581
25-Nov-2025,25268.75,Put,23500,26.5,14.53,15.1581,-68,9410,579
30-Dec-2025,25268.75,-,0,25660.1,0,15.1581,100,3557,572
28-Oct-2025,25268.75,Put,25450,234.2,9.06,15.1581,144,398,572
25-Nov-2025,25268.75,Call,25200,537.25,8.78,15.1581,-28,3624,572
25-Nov-2025,25268.75,Put,25400,304.6,10.95,15.1581,266,1598,562
28-Oct-2025,25268.75,Put,25700,393.25,8.78,15.1581,165,2173,560
25-Nov-2025,25268.75,Call,26700,35.2,9.01,15.1581,-231,937,557
20-Oct-2025,25268.75,Put,24150,5.9,14.81,15.1581,-348,286,546
20-Oct-2025,25268.75,Call,26400,1.7,10.86,15.1581,23,464,544
28-Oct-2025,25268.75,Put,23600,7.9,16.58,15.1581,-51,2491,535
30-Dec-2025,25268.75,Call,29000,8.1,11.43,15.1581,118,12226,535
25-Nov-2025,25268.75,Put,23800,36.5,13.75,15.1581,-35,4356,533
04-Nov-2025,25268.75,Put,24500,43,11.9,15.1581,74,507,520
20-Oct-2025,25268.75,Put,24350,7.65,13.16,15.1581,-106,769,511
28-Oct-2025,25268.75,Call,26350,8.2,9.45,15.1581,38,435,510
28-Oct-2025,25268.75,Call,26800,3.4,11.2,15.1581,2,6004,506
20-Oct-2025,25268.75,Put,23400,3,20.77,15.1581,82,766,505
30-Dec-2025,25268.75,Put,21000,22.65,22.4,15.1581,-45,18213.3333333,500
14-Oct-2025,25268.75,Put,25800,489.25,0,15.1581,49,630,480
14-Oct-2025,25268.75,Put,26000,692.95,0,15.1581,-93,2406,478
28-Oct-2025,25268.75,Put,24350,19.45,12.42,15.1581,-39,1582,477
20-Oct-2025,25268.75,Call,24900,476.2,11.06,15.1581,-56,1574,472
20-Oct-2025,25268.75,Call,24800,570,12.01,15.1581,43,1332,471
25-Nov-2025,25268.75,Call,25400,412.7,8.77,15.1581,71,1697,469
28-Oct-2025,25268.75,Call,26600,4.3,10.27,15.1581,15,1752,468
31-Mar-2026,25268.75,Put,24000,197.5,14.34,15.1581,-11,13379,468
20-Oct-2025,25268.75,Put,23800,4.1,17.58,15.1581,-12,2119,467
25-Nov-2025,25268.75,Put,23000,18,16.29,15.1581,9,8056,456
31-Mar-2026,25268.75,Put,26000,707.05,13.44,15.1581,114,7952,448
31-Mar-2026,25268.75,Put,25000,371,13.53,15.1581,-4,10292,448
31-Mar-2026,25268.75,Put,23000,105.5,15.4,15.1581,25,7339,425
31-Mar-2026,25268.75,Call,28000,141,8.61,15.1581,136,6380,419
25-Nov-2025,25268.75,Call,25900,181.45,8.7,15.1581,-34,1480,410
30-Dec-2025,25268.75,Put,25200,310.95,12.07,15.1581,245,1271,390
28-Oct-2025,25268.75,Put,23200,5.8,18.89,15.1581,-35,5685,388
14-Oct-2025,25268.75,Call,24750,568.7,15.87,15.1581,-27,853,387
30-Dec-2025,25268.75,Put,24400,134.1,12.73,15.1581,269,1135,357
31-Mar-2026,25268.75,Call,26000,795.95,7.77,15.1581,43,9336,351
30-Dec-2025,25268.75,Put,24200,111.35,13.02,15.1581,117,1442,337
20-Oct-2025,25268.75,Call,27000,1.05,15.01,15.1581,144,911,329
25-Nov-2025,25268.75,Call,25100,607.15,8.66,15.1581,-54,1099,325
25-Nov-2025,25268.75,Call,26800,27.8,9.08,15.1581,-25,2853,315
25-Nov-2025,25268.75,Call,25600,306.2,8.72,15.1581,10,1337,300
28-Oct-2025,25268.75,Call,26700,3.9,10.73,15.1581,-18,696,295
25-Nov-2025,25268.75,Call,26600,43.75,8.97,15.1581,-25,1099,295
25-Nov-2025,25268.75,Put,24100,50.9,12.94,15.1581,-50,2861,289
28-Oct-2025,25268.75,Call,26150,14.9,8.87,15.1581,36,483,283
28-Oct-2025,25268.75,Call,24000,1386,12.8,15.1581,-71,8120,283
28-Oct-2025,25268.75,Put,23850,10.25,15.11,15.1581,-49,498,278
28-Oct-2025,25268.75,Put,23950,11.75,14.59,15.1581,-19,952,277
04-Nov-2025,25268.75,Call,25500,199.95,8.71,15.1581,-77,314,276
04-Nov-2025,25268.75,Call,25300,306.7,8.91,15.1581,10,223,275
31-Mar-2026,25268.75,Call,27000,360.65,8.23,15.1581,62,14984,272
20-Oct-2025,25268.75,Put,22850,2.3,25.34,15.1581,88,815,269
14-Oct-2025,25268.75,Call,24000,1315,28.13,15.1581,-83,1805,267
20-Oct-2025,25268.75,Put,23600,3.3,19.05,15.1581,24,734,251
04-Nov-2025,25268.75,Put,25000,112.15,10.57,15.1581,30,935,248
04-Nov-2025,25268.75,Call,25900,69.25,8.63,15.1581,49,598,239
28-Oct-2025,25268.75,Put,23400,6.95,17.84,15.1581,0,4645,231
14-Oct-2025,25268.75,Put,25750,440,0,15.1581,18,206,230
28-Oct-2025,25268.75,Call,26450,6.6,9.84,15.1581,28,207,230
20-Oct-2025,25268.75,Call,26650,1.2,12.45,15.1581,-66,292,227
30-Dec-2025,25268.75,Call,24500,1315,6.47,15.1581,-155,554,225
20-Oct-2025,25268.75,Put,25550,264.35,7.7,15.1581,125,171,219
25-Nov-2025,25268.75,Put,25700,449.6,10.84,15.1581,140,485,219
28-Oct-2025,25268.75,Put,22800,4.5,21.3,15.1581,-7,4437,211
25-Nov-2025,25268.75,Put,24450,79.55,12.11,15.1581,-42,171,210
28-Oct-2025,25268.75,Call,26900,2.9,11.62,15.1581,74,609,208
30-Dec-2025,25268.75,Put,23800,75.9,13.68,15.1581,-5,3119,208
28-Oct-2025,25268.75,Put,25800,470,9.02,15.1581,45,1764,204
28-Oct-2025,25268.75,Put,23300,6.25,18.35,15.1581,15,2942,202
28-Oct-2025,25268.75,Call,26750,3.65,11,15.1581,114,453,201
30-Dec-2025,25268.75,Call,26100,300.8,8.81,15.1581,-49,1020,199
30-Dec-2025,25268.75,Put,25100,279.5,12.11,15.1581,-39,438,193
20-Oct-2025,25268.75,Call,26450,1.5,11.11,15.1581,45,386,192
20-Oct-2025,25268.75,Call,24950,429,10.76,15.1581,-59,478,192
25-Nov-2025,25268.75,Put,24850,139.45,11.43,15.1581,22,270,181
20-Oct-2025,25268.75,Put,23750,3.8,17.9,15.1581,25,196,176
25-Nov-2025,25268.75,Put,23900,40.5,13.47,15.1581,30,4143,176
28-Oct-2025,25268.75,Call,23500,1870,0,15.1581,1,5682,167
28-Oct-2025,25268.75,Call,24950,501,9.66,15.1581,-10,1218,164
04-Nov-2025,25268.75,Put,25200,164.05,10.09,15.1581,19,226,161
04-Nov-2025,25268.75,Call,25200,371.9,9.02,15.1581,-29,209,160
28-Oct-2025,25268.75,Put,23450,6.95,17.42,15.1581,27,571,158
25-Nov-2025,25268.75,Put,25800,507.4,10.91,15.1581,73,457,158
20-Oct-2025,25268.75,Put,25800,475,7.03,15.1581,62,85,157
04-Nov-2025,25268.75,Put,24000,19,13.63,15.1581,-2,340,156
28-Oct-2025,25268.75,Put,23550,7.65,16.87,15.1581,-18,402,155
28-Oct-2025,25268.75,Put,27000,1612.45,15.14,15.1581,-53,11391,153
04-Nov-2025,25268.75,Call,25000,520,9.2,15.1581,0,410,153
04-Nov-2025,25268.75,Put,25300,200.1,9.95,15.1581,34,199,151
30-Dec-2025,25268.75,Call,26200,262,8.71,15.1581,51,1202,151
30-Dec-2025,25268.75,Put,24800,205.4,12.32,15.1581,-29,602,151
25-Nov-2025,25268.75,Put,24650,103.9,11.67,15.1581,-33,190,146
20-Oct-2025,25268.75,Put,24050,5.35,15.62,15.1581,42,63,144
28-Oct-2025,25268.75,Put,25550,295.9,9.1,15.1581,7,327,143
28-Oct-2025,25268.75,Call,24850,586.9,10.07,15.1581,-16,934,142
28-Oct-2025,25268.75,Put,25900,558,8.59,15.1581,64,347,138
31-Mar-2026,25268.75,Call,29000,59.25,9.31,15.1581,55,2099,137
04-Nov-2025,25268.75,Call,25700,122.15,8.59,15.1581,12,359,136
04-Nov-2025,25268.75,Call,26200,29.6,8.86,15.1581,66,76,136
25-Nov-2025,25268.75,Put,23600,29.9,14.36,15.1581,-38,1102,135
30-Dec-2025,25268.75,Put,25300,340.45,12.04,15.1581,62,512,135
28-Oct-2025,25268.75,Put,26500,1127.65,12.62,15.1581,-8,7635,133
04-Nov-2025,25268.75,Put,24600,50.7,11.55,15.1581,41,231,133
31-Mar-2026,25268.75,Put,22000,63.45,16.98,15.1581,36,5618,129
04-Nov-2025,25268.75,Put,24300,29.15,12.42,15.1581,-3,61,128
30-Dec-2025,25268.75,Put,23700,70.85,13.94,15.1581,34,969,126
31-Mar-2026,25268.75,Call,25000,1431.6,5.16,15.1581,9,4312,126
25-Nov-2025,25268.75,Put,24150,54.9,12.76,15.1581,-14,127,124
20-Oct-2025,25268.75,Call,26700,1.15,12.79,15.1581,32,277,121
25-Nov-2025,25268.75,Put,22700,15.25,17.48,15.1581,16,2211,121
25-Nov-2025,25268.75,Put,23200,20.75,15.55,15.1581,37,882,120
30-Dec-2025,25268.75,Put,20000,15.95,25.51,15.1581,-10,11683.6666667,120
04-Nov-2025,25268.75,Put,24700,61.25,11.3,15.1581,3,229,119
20-Oct-2025,25268.75,Put,23950,4.75,16.35,15.1581,65,170,118
11-Nov-2025,25268.75,Put,24800,94,11.12,15.1581,39,64,118
04-Nov-2025,25268.75,Put,24400,36,12.24,15.1581,-15,191,115
30-Dec-2025,25268.75,Call,25300,714.25,8.63,15.1581,40,530,115
30-Dec-2025,25268.75,Put,26500,976.2,12.28,15.1581,57,493,115
30-Dec-2025,25268.75,Put,24700,183,12.39,15.1581,31,348,114
30-Dec-2025,25268.75,Put,25400,375.95,11.94,15.1581,68,320,114
30-Jun-2026,25268.75,Put,24000,261.05,15,15.1581,-23,1719,114
04-Nov-2025,25268.75,Put,24800,74.5,10.97,15.1581,6,212,113
14-Oct-2025,25268.75,Call,24650,660.8,19,15.1581,-4,504,112
28-Oct-2025,25268.75,Call,24300,1098.65,12.66,15.1581,-27,603,110
20-Oct-2025,25268.75,Call,24700,661.05,12.03,15.1581,11,710,107
04-Nov-2025,25268.75,Call,26900,5.4,10.48,15.1581,74,443,105
25-Nov-2025,25268.75,Call,25250,502.3,8.82,15.1581,8,157,105
14-Oct-2025,25268.75,Put,25900,587.45,0,15.1581,14,115,104
20-Oct-2025,25268.75,Put,23300,2.95,21.71,15.1581,26,117,101
30-Dec-2025,25268.75,Put,27000,1377.65,13.4,15.1581,-8,11075.3333333,101
20-Oct-2025,25268.75,Call,26800,1.15,13.59,15.1581,69,123,97
25-Nov-2025,25268.75,Put,25350,286,10.95,15.1581,67,191,97
25-Nov-2025,25268.75,Put,24750,121.55,11.57,15.1581,-13,218,96
28-Oct-2025,25268.75,Put,23100,5.4,19.55,15.1581,1,1211,95
28-Oct-2025,25268.75,Call,27150,2.45,12.93,15.1581,-3,1303,94
14-Oct-2025,25268.75,Call,24300,1011.75,27.3,15.1581,-1,421,93
25-Nov-2025,25268.75,Put,25600,397.85,10.92,15.1581,50,357,93
30-Dec-2025,25268.75,Call,25200,778,8.55,15.1581,23,384,93
31-Mar-2026,25268.75,Call,30000,33,10.51,15.1581,29,1761,93
04-Nov-2025,25268.75,Call,26400,17,9.22,15.1581,56,143,92
30-Dec-2025,25268.75,Call,25600,535.1,8.75,15.1581,79,234,92
04-Nov-2025,25268.75,Call,25600,160.05,8.69,15.1581,-15,188,90
11-Nov-2025,25268.75,Call,25900,100.95,8.51,15.1581,30,119,90
20-Oct-2025,25268.75,Put,25700,380,7.13,15.1581,5,423,84
31-Mar-2026,25268.75,Put,27000,1249.05,14,15.1581,49,3245,84
20-Oct-2025,25268.75,Put,23850,4.3,17.13,15.1581,14,107,82
30-Dec-2025,25268.75,Call,25900,385.45,8.82,15.1581,33,127,82
28-Oct-2025,25268.75,Call,23000,2360.6,0,15.1581,-23,14061,81
25-Nov-2025,25268.75,Put,25250,245.2,10.9,15.1581,38,156,81
04-Nov-2025,25268.75,Put,23000,6.95,18.37,15.1581,41,322,80
30-Dec-2025,25268.75,Put,24600,166.3,12.51,15.1581,9,462,79
04-Nov-2025,25268.75,Call,25100,436.6,8.9,15.1581,-12,61,78
25-Nov-2025,25268.75,Put,24350,68.35,12.32,15.1581,23,167,78
20-Oct-2025,25268.75,Call,24850,516.05,11.22,15.1581,23,256,76
20-Oct-2025,25268.75,Call,24600,766.3,15.14,15.1581,-54,301,75
25-Nov-2025,25268.75,Call,24900,753.75,8.32,15.1581,-24,540,75
30-Dec-2025,25268.75,Call,25800,433,8.81,15.1581,43,322,74
04-Nov-2025,25268.75,Put,24900,89.95,10.68,15.1581,-10,147,73
28-Oct-2025,25268.75,Put,23750,9.15,15.69,15.1581,-13,423,72
20-Oct-2025,25268.75,Put,23200,2.95,22.68,15.1581,19,385,71
20-Oct-2025,25268.75,Call,24500,858,16.14,15.1581,0,738,71
11-Nov-2025,25268.75,Call,25300,356.9,8.69,15.1581,21,38,70
30-Dec-2025,25268.75,Put,24300,121.3,12.87,15.1581,6,777,70
20-Oct-2025,25268.75,Call,27100,0.9,15.52,15.1581,20,195,69
20-Oct-2025,25268.75,Put,23100,2.5,23.19,15.1581,4,114,67
30-Jun-2026,25268.75,Put,25000,442.2,14.41,15.1581,40,1754,66
28-Oct-2025,25268.75,Put,23650,8.25,16.26,15.1581,-7,322,63
25-Nov-2025,25268.75,Put,25150,214.1,11.02,15.1581,-23,220,60
30-Dec-2025,25268.75,Put,24900,225.05,12.28,15.1581,-9,317,60
28-Oct-2025,25268.75,Put,22700,4.3,21.73,15.1581,-23,1023,59
04-Nov-2025,25268.75,Put,25100,135.05,10.28,15.1581,-17,127,59
30-Dec-2025,25268.75,Call,25700,480.7,8.76,15.1581,38,251,59
25-Nov-2025,25268.75,Put,24550,90.25,11.85,15.1581,34,233,58
30-Dec-2025,25268.75,Call,25100,845.15,8.34,15.1581,22,256,58
20-Oct-2025,25268.75,Call,26350,2.05,10.69,15.1581,18,167,56
14-Oct-2025,25268.75,Call,24400,923.65,27.21,15.1581,-4,449,53
28-Oct-2025,25268.75,Call,26650,4.3,10.58,15.1581,-27,322,53
28-Oct-2025,25268.75,Put,25650,356.15,9.19,15.1581,17,280,53
25-Nov-2025,25268.75,Call,25850,205.5,8.91,15.1581,-6,494,53
11-Nov-2025,25268.75,Put,25000,128.8,10.54,15.1581,11,104,52
25-Nov-2025,25268.75,Call,24500,1082,7.38,15.1581,-6,1505,52
11-Nov-2025,25268.75,Put,25200,191.45,10.58,15.1581,13,22,50
30-Dec-2025,25268.75,Call,31000,4.3,15.61,15.1581,-1,3674.33333333,50
25-Nov-2025,25268.75,Call,27150,14.85,9.63,15.1581,12,603,48
29-Dec-2026,25268.75,Put,25000,665.15,17.46,15.1581,-6,3197.66666667,48
14-Oct-2025,25268.75,Put,25950,637,0,15.1581,14,35,47
20-Oct-2025,25268.75,Put,26000,659,0,15.1581,13,614,47
04-Nov-2025,25268.75,Put,24650,53.4,11.22,15.1581,-2,42,47
25-Nov-2025,25268.75,Call,25550,336,8.95,15.1581,-23,148,47
20-Oct-2025,25268.75,Put,23550,3.15,19.42,15.1581,-2,66,46
30-Dec-2025,25268.75,Put,24950,242.15,12.26,15.1581,7,90,46
30-Dec-2025,25268.75,Put,25600,456,11.86,15.1581,16,146,46
30-Jun-2026,25268.75,Put,23000,157,15.66,15.1581,-10,525,46
25-Nov-2025,25268.75,Call,26150,110.35,8.7,15.1581,6,198,45
25-Nov-2025,25268.75,Call,25150,570.45,8.95,15.1581,-7,158,44
25-Nov-2025,25268.75,Put,23300,22.4,15.4,15.1581,-16,399,43
20-Oct-2025,25268.75,Put,23250,2.75,22,15.1581,32,47,42
25-Nov-2025,25268.75,Call,25650,289.45,8.99,15.1581,-2,88,40
30-Dec-2025,25268.75,Put,19000,11.8,28.75,15.1581,-6,4850,39
30-Jun-2026,25268.75,Call,26000,1202.5,5.91,15.1581,17,769.333333333,38
29-Dec-2026,25268.75,Put,26000,910,17.12,15.1581,5,1705,38
29-Dec-2026,25268.75,Put,24000,474.95,17.8,15.1581,8,1370.33333333,37
28-Oct-2025,25268.75,Call,24400,990,10.03,15.1581,-13,638,36
25-Nov-2025,25268.75,Put,25050,186.7,11.16,15.1581,-10,172,35
25-Nov-2025,25268.75,Call,24700,922.95,8.86,15.1581,-13,737,35
30-Dec-2025,25268.75,Put,25250,325,12.06,15.1581,23,81,35
30-Dec-2025,25268.75,Call,25650,501.25,8.62,15.1581,21,73,34
20-Oct-2025,25268.75,Put,23450,2.85,20.15,15.1581,7,53,33
30-Dec-2025,25268.75,Put,24100,101.45,13.21,15.1581,4,835,33
30-Dec-2025,25268.75,Call,22000,3648.8,0,15.1581,0,6209.66666667,33
25-Nov-2025,25268.75,Call,25050,639.45,8.85,15.1581,-3,68,32
25-Nov-2025,25268.75,Call,24800,828,8.28,15.1581,2,1088,32
30-Jun-2026,25268.75,Put,26000,745,14.4,15.1581,3,1064,32
20-Oct-2025,25268.75,Put,22950,2.25,24.32,15.1581,1,225,31
04-Nov-2025,25268.75,Put,25150,146.55,10.08,15.1581,-5,75,31
31-Mar-2026,25268.75,Call,24000,2186.4,0,15.1581,1,1973,31
25-Nov-2025,25268.75,Put,25450,326.75,10.89,15.1581,26,46,30
25-Nov-2025,25268.75,Call,24600,998,8.09,15.1581,1,257,30
30-Dec-2025,25268.75,Put,23900,78.9,13.3,15.1581,4,2143,30
20-Oct-2025,25268.75,Put,25650,337.65,6.18,15.1581,-8,23,29
28-Oct-2025,25268.75,Call,26950,2.75,11.86,15.1581,-9,146,29
25-Nov-2025,25268.75,Put,25850,539.4,10.97,15.1581,16,29,29
04-Nov-2025,25268.75,Call,25250,340.05,9.01,15.1581,7,47,28
30-Dec-2025,25268.75,Call,25950,371,8.99,15.1581,3,67,27
28-Oct-2025,25268.75,Call,24750,667.75,9.86,15.1581,-10,4856,26
04-Nov-2025,25268.75,Put,22900,7.9,19.16,15.1581,10,12,26
25-Nov-2025,25268.75,Put,22800,15.85,17.05,15.1581,11,277,26
31-Mar-2026,25268.75,Put,21000,47.9,19.29,15.1581,-9,1612,26
30-Dec-2025,25268.75,Put,25700,501.4,11.87,15.1581,17,75,26
20-Oct-2025,25268.75,Call,24000,1349.55,18.74,15.1581,5,132,24
25-Nov-2025,25268.75,Call,25350,440.25,8.77,15.1581,-1,138,24
30-Dec-2025,25268.75,Put,23100,44,15.22,15.1581,0,217,24
29-Dec-2026,25268.75,Put,23000,342,18.44,15.1581,-16,942.666666667,24
30-Jun-2026,25268.75,Call,27000,695,7.31,15.1581,15,1230,24
14-Oct-2025,25268.75,Call,24550,773.95,23.79,15.1581,-7,259,23
25-Nov-2025,25268.75,Call,24000,1535,0,15.1581,4,626,23
30-Dec-2025,25268.75,Call,30000,6.7,13.88,15.1581,8,8140.66666667,23
20-Oct-2025,25268.75,Call,24650,706.05,13.1,15.1581,3,82,22
30-Dec-2025,25268.75,Put,25800,551.55,11.92,15.1581,11,81,22
29-Dec-2026,25268.75,Put,30000,2900,19.25,15.1581,19,20,22
14-Oct-2025,25268.75,Put,26050,732.05,0,15.1581,8,17,21
11-Nov-2025,25268.75,Call,26600,18,9.27,15.1581,-4,55,21
25-Nov-2025,25268.75,Call,25450,390.5,9,15.1581,3,213,21
25-Nov-2025,25268.75,Put,26500,1030,11.93,15.1581,8,1089,21
30-Dec-2025,25268.75,Call,21000,4606.05,0,15.1581,-2,5385.66666667,21
30-Jun-2026,25268.75,Put,22000,107,17.08,15.1581,2,306,21
29-Dec-2026,25268.75,Call,29000,701.8,7.95,15.1581,-1,598,21
04-Nov-2025,25268.75,Put,23700,13.4,14.95,15.1581,14,39,20
30-Dec-2025,25268.75,Call,25550,572.7,8.95,15.1581,2,25,20
30-Dec-2025,25268.75,Put,25350,357.3,11.92,15.1581,-3,33,20
04-Nov-2025,25268.75,Put,25500,290.2,9.79,15.1581,5,73,19
04-Nov-2025,25268.75,Put,25250,182.85,10.08,15.1581,10,74,19
04-Nov-2025,25268.75,Call,25400,250,8.78,15.1581,11,11,19
11-Nov-2025,25268.75,Call,25400,307.35,8.85,15.1581,5,7,19
25-Nov-2025,25268.75,Put,23400,25,15,15.1581,2,1091,19
29-Dec-2026,25268.75,Call,30000,429,8.22,15.1581,8,860,19
14-Oct-2025,25268.75,Call,24050,1252.65,28.76,15.1581,0,12,18
20-Oct-2025,25268.75,Put,22900,2.3,24.86,15.1581,3,177,18
28-Oct-2025,25268.75,Put,23050,5.15,19.76,15.1581,-1,391,18
20-Oct-2025,25268.75,Call,27150,0.95,15.99,15.1581,0,250,18
28-Oct-2025,25268.75,Put,22650,4.25,22.28,15.1581,-4,126,18
04-Nov-2025,25268.75,Call,25350,273.55,9,15.1581,1,124,18
04-Nov-2025,25268.75,Put,23800,14.85,14.48,15.1581,-2,81,18
14-Oct-2025,25268.75,Call,24450,874.65,26.26,15.1581,-7,189,17
28-Oct-2025,25268.75,Put,22750,4.55,21.71,15.1581,0,58,17
04-Nov-2025,25268.75,Call,25750,110.45,8.83,15.1581,0,28,17
04-Nov-2025,25268.75,Put,24950,101.65,10.68,15.1581,-1,55,17
04-Nov-2025,25268.75,Call,25150,405,9.03,15.1581,-9,49,17
11-Nov-2025,25268.75,Call,25350,309,7.95,15.1581,1,15,17
14-Oct-2025,25268.75,Put,25850,538.1,0,15.1581,-6,72,16
11-Nov-2025,25268.75,Put,24000,25.2,13.12,15.1581,11,16,16
30-Dec-2025,25268.75,Put,28000,2305.9,17.18,15.1581,1,10925,16
29-Dec-2026,25268.75,Call,28000,1062.7,7.34,15.1581,7,727,16
20-Oct-2025,25268.75,Call,24200,1148,18.02,15.1581,1,17,15
20-Oct-2025,25268.75,Put,25900,560,0,15.1581,5,23,15
04-Nov-2025,25268.75,Call,24500,935.8,7.85,15.1581,-6,7,15
04-Nov-2025,25268.75,Call,25450,223.7,8.75,15.1581,-13,38,15
04-Nov-2025,25268.75,Call,24900,600,9.54,15.1581,0,48,15
11-Nov-2025,25268.75,Put,24600,65,11.47,15.1581,10,56,15
25-Nov-2025,25268.75,Put,25550,376.65,10.97,15.1581,5,45,15
30-Dec-2025,25268.75,Put,29000,3280,21.79,15.1581,-3,8657,15
14-Oct-2025,25268.75,Call,24200,1110,31.51,15.1581,0,378,14
28-Oct-2025,25268.75,Put,26200,833.5,10.47,15.1581,-2,1241,14
25-Nov-2025,25268.75,Put,25900,569.9,10.98,15.1581,5,39,14
25-Nov-2025,25268.75,Put,25950,620,11.47,15.1581,-2,4,14
25-Nov-2025,25268.75,Call,24650,918,0,15.1581,-7,41,14
30-Dec-2025,25268.75,Call,26150,289.45,8.97,15.1581,1,62,14
04-Nov-2025,25268.75,Call,25050,480,8.78,15.1581,-1,24,13
30-Dec-2025,25268.75,Call,25250,749.6,8.64,15.1581,2,186,13
14-Oct-2025,25268.75,Put,26100,783,0,15.1581,-1,66,12
11-Nov-2025,25268.75,Call,25250,383,8.42,15.1581,0,16,12
30-Dec-2025,25268.75,Put,23600,64.15,14.09,15.1581,2,133,12
20-Oct-2025,25268.75,Call,26600,1.2,11.92,15.1581,0,133,11
04-Nov-2025,25268.75,Call,25850,75.4,8.41,15.1581,-2,47,11
28-Oct-2025,25268.75,Put,25750,424,8.48,15.1581,3,138,11
28-Oct-2025,25268.75,Put,23150,5.6,19.21,15.1581,0,443,11
04-Nov-2025,25268.75,Call,26550,10.7,9.44,15.1581,-9,101,11
11-Nov-2025,25268.75,Call,25200,402.95,7.95,15.1581,7,60,11
11-Nov-2025,25268.75,Put,25500,329,10.76,15.1581,-1,8,11
25-Nov-2025,25268.75,Put,25750,478.4,10.91,15.1581,7,43,11
25-Nov-2025,25268.75,Put,27000,1494.15,14.14,15.1581,6,488,11
30-Dec-2025,25268.75,Call,23000,2675,0,15.1581,-1.66666666667,7984.66666667,11
30-Dec-2025,25268.75,Put,25650,474.25,11.78,15.1581,0,48,11
29-Dec-2026,25268.75,Put,22000,242.7,19.07,15.1581,5,800.666666667,11
29-Dec-2026,25268.75,Call,27000,1522.5,5.71,15.1581,4,1051,11
20-Oct-2025,25268.75,Call,26750,1.05,13.06,15.1581,-2,70,10
04-Nov-2025,25268.75,Put,25050,125,10.51,15.1581,0,52,10
04-Nov-2025,25268.75,Put,23500,11,15.81,15.1581,2,174,10
04-Nov-2025,25268.75,Put,24750,67.3,11.09,15.1581,-8,35,10
25-Nov-2025,25268.75,Put,26100,711.65,11.23,15.1581,3,27,10
25-Nov-2025,25268.75,Call,25750,237,8.72,15.1581,0,149,10
29-Dec-2026,25268.75,Call,26000,2110,0,15.1581,6,460,10
04-Nov-2025,25268.75,Put,23900,16.5,14.09,15.1581,0,41,9
30-Jun-2026,25268.75,Call,25000,1872.7,0,15.1581,4,261,9
20-Oct-2025,25268.75,Put,25850,537.15,9.62,15.1581,6,21,8
04-Nov-2025,25268.75,Call,26800,7.3,0,15.1581,0,47,8
30-Dec-2025,25268.75,Put,24650,177.95,12.54,15.1581,3,37,8
30-Dec-2025,25268.75,Put,30000,4235,25.01,15.1581,1,2536.66666667,8
14-Oct-2025,25268.75,Put,27000,1725,35.93,15.1581,-5,4,7
20-Oct-2025,25268.75,Call,24750,579.3,0,15.1581,-5,238,7
28-Oct-2025,25268.75,Put,26100,736.05,9.73,15.1581,-1,272,7
28-Oct-2025,25268.75,Call,24200,1192.85,12.56,15.1581,-4,377,7
28-Oct-2025,25268.75,Call,27100,2.25,12.49,15.1581,0,482,7
28-Oct-2025,25268.75,Put,23250,5.95,18.59,15.1581,-1,119,7
11-Nov-2025,25268.75,Call,25500,245.95,8.5,15.1581,5,5,7
30-Jun-2026,25268.75,Call,30000,97.35,9.16,15.1581,4,206,7
29-Dec-2026,25268.75,Call,31000,274,8.72,15.1581,0,291,7
11-Nov-2025,25268.75,Call,25450,271.4,8.52,15.1581,5,5,6
25-Nov-2025,25268.75,Call,24300,1258,0,15.1581,-1,92,6
29-Dec-2026,25268.75,Put,21000,185,20.16,15.1581,-1,499.666666667,6
20-Oct-2025,25268.75,Put,23150,2.4,22.59,15.1581,-2,165,5
28-Oct-2025,25268.75,Put,23350,6.35,0,15.1581,0,666,5
04-Nov-2025,25268.75,Call,26450,14.5,9.32,15.1581,-1,7,5
28-Oct-2025,25268.75,Call,27050,2.45,12.31,15.1581,0,74,5
04-Nov-2025,25268.75,Put,25400,234.45,9.55,15.1581,3,71,5
25-Nov-2025,25268.75,Put,23950,42.8,13.31,15.1581,0,66,5
30-Dec-2025,25268.75,Put,24750,199.95,12.51,15.1581,0,38,5
29-Dec-2026,25268.75,Put,28000,1720,17.71,15.1581,1,600,5
20-Oct-2025,25268.75,Put,26100,748,0,15.1581,0,26,4
20-Oct-2025,25268.75,Call,24400,960.4,17.32,15.1581,-2,325,4
28-Oct-2025,25268.75,Put,26700,1335,15.47,15.1581,0,102,4
28-Oct-2025,25268.75,Call,24650,760,10.34,15.1581,-1,1051,4
28-Oct-2025,25268.75,Call,24100,1279.3,0,15.1581,0,189,4
04-Nov-2025,25268.75,Call,26600,10.2,9.69,15.1581,1,12,4
28-Oct-2025,25268.75,Put,26850,1460,11.73,15.1581,-3,8,4
28-Oct-2025,25268.75,Put,27100,1691,0,15.1581,0,35,4
04-Nov-2025,25268.75,Call,24700,770.6,9.81,15.1581,0,15,4
31-Mar-2026,25268.75,Put,28000,1976,15.51,15.1581,2,1348,4
14-Oct-2025,25268.75,Call,23000,2303.55,49.6,15.1581,0,291,3
20-Oct-2025,25268.75,Call,23850,1488.35,20.12,15.1581,0,1,3
20-Oct-2025,25268.75,Call,23900,1439.2,19.76,15.1581,0,13,3
20-Oct-2025,25268.75,Call,23950,1390.05,19.38,15.1581,0,1,3
20-Oct-2025,25268.75,Call,24050,1291,18.38,15.1581,0,1,3
20-Oct-2025,25268.75,Call,24100,1255.1,20.7,15.1581,0,10,3
20-Oct-2025,25268.75,Call,24150,1191.75,17.3,15.1581,0,2,3
20-Oct-2025,25268.75,Call,26900,1.1,14.31,15.1581,0,32,3
20-Oct-2025,25268.75,Put,26500,1139,0,15.1581,1,4,3
20-Oct-2025,25268.75,Put,25750,416.15,0,15.1581,0,13,3
28-Oct-2025,25268.75,Put,25850,504,8.46,15.1581,0,105,3
28-Oct-2025,25268.75,Put,26250,857.35,0,15.1581,0,70,3
20-Oct-2025,25268.75,Call,23800,1538.25,20.71,15.1581,0,7,3
20-Oct-2025,25268.75,Call,27050,0.95,15.23,15.1581,0,60,3
04-Nov-2025,25268.75,Put,24850,82.25,10.98,15.1581,-1,30,3
31-Mar-2026,25268.75,Put,20000,33,21.23,15.1581,1,935,3
30-Dec-2025,25268.75,Call,20000,5580.55,0,15.1581,0,4908.33333333,3
14-Oct-2025,25268.75,Call,22850,2441.9,43.77,15.1581,1,91,2
14-Oct-2025,25268.75,Call,23500,1782.25,0,15.1581,0,274,2
14-Oct-2025,25268.75,Call,23750,1560,37.48,15.1581,-1,3,2
20-Oct-2025,25268.75,Call,23750,1590,21.88,15.1581,0,1,2
20-Oct-2025,25268.75,Call,24550,829.5,17.43,15.1581,0,22,2
20-Oct-2025,25268.75,Put,23650,3.3,18.55,15.1581,0,215,2
28-Oct-2025,25268.75,Call,23800,1567.75,0,15.1581,0,316,2
28-Oct-2025,25268.75,Put,26300,947.5,12.9,15.1581,1,324,2
04-Nov-2025,25268.75,Put,23400,8.85,16.01,15.1581,0,17,2
04-Nov-2025,25268.75,Put,23100,9.8,18.39,15.1581,1,19,2
04-Nov-2025,25268.75,Put,23600,12.5,15.49,15.1581,0,10,2
04-Nov-2025,25268.75,Put,23200,7.75,17.05,15.1581,0,20,2
11-Nov-2025,25268.75,Call,25100,492.8,8.75,15.1581,1,14,2
11-Nov-2025,25268.75,Call,25650,188.45,8.77,15.1581,0,8,2
30-Dec-2025,25268.75,Put,25750,578.25,13,15.1581,0,35,2
25-Nov-2025,25268.75,Call,23500,1980,0,15.1581,1,220,2
25-Nov-2025,25268.75,Put,25650,426.95,10.96,15.1581,1,9,2
25-Nov-2025,25268.75,Call,24400,1117,0,15.1581,0,61,2
30-Dec-2025,25268.75,Put,26200,776.25,12.06,15.1581,0,5,2
30-Dec-2025,25268.75,Call,26250,254,8.96,15.1581,0,0,2
30-Dec-2025,25268.75,Put,26300,847.35,12.28,15.1581,0,2,2
30-Dec-2025,25268.75,Put,22850,45,16.47,15.1581,0,50,2
30-Dec-2025,25268.75,Put,25050,265.25,12.12,15.1581,-1,20,2
30-Dec-2025,25268.75,Put,24850,218.05,12.33,15.1581,0,15,2
30-Dec-2025,25268.75,Put,25850,581.9,12.03,15.1581,1,39,2
30-Dec-2025,25268.75,Call,26050,305,8.48,15.1581,1,32,2
30-Dec-2025,25268.75,Put,26550,1072.1,13.72,15.1581,0,8,2
30-Dec-2025,25268.75,Call,24450,1271.85,0,15.1581,0,7,2
30-Dec-2025,25268.75,Call,24350,1357.05,0,15.1581,0,1,2
30-Dec-2025,25268.75,Put,23400,55,14.54,15.1581,0,1211,2
29-Dec-2026,25268.75,Put,27000,1245.95,17.09,15.1581,0,904,2
29-Dec-2026,25268.75,Call,22000,5000,0,15.1581,0,22,2
14-Oct-2025,25268.75,Put,26500,1206,0,15.1581,0,27,1
14-Oct-2025,25268.75,Call,24150,1109.9,0,15.1581,0,70,1
20-Oct-2025,25268.75,Put,26050,767.2,15.95,15.1581,0,11,1
28-Oct-2025,25268.75,Call,24450,837.4,0,15.1581,0,167,1
28-Oct-2025,25268.75,Put,26400,1015,9.46,15.1581,0,174,1
28-Oct-2025,25268.75,Put,26800,1405,0,15.1581,0,222,1
11-Nov-2025,25268.75,Put,25050,142,10.51,15.1581,0,35,1
11-Nov-2025,25268.75,Call,25000,556.7,8.31,15.1581,0,66,1
25-Nov-2025,25268.75,Put,23650,32,14.26,15.1581,0,94,1
25-Nov-2025,25268.75,Put,26200,785,11.31,15.1581,0,38,1
30-Dec-2025,25268.75,Call,25850,347.6,7.54,15.1581,0,70,1
25-Nov-2025,25268.75,Put,26300,895,12.56,15.1581,0,6,1
30-Dec-2025,25268.75,Put,24250,245.05,17.13,15.1581,0,0,1
30-Dec-2025,25268.75,Call,17000,8470,0,15.1581,0,1439.33333333,1
30-Dec-2025,25268.75,Put,26600,1080,13.13,15.1581,0,8,1
30-Dec-2025,25268.75,Put,13000,3.5,52.31,15.1581,0,319.666666667,1
30-Dec-2025,25268.75,Put,15000,5.35,43.94,15.1581,0,184.333333333,1
31-Mar-2026,25268.75,Call,21000,4900,0,15.1581,0,0,1
30-Dec-2025,25268.75,Put,16000,5.55,39.26,15.1581,0,264.666666667,1
30-Dec-2025,25268.75,Call,24900,997,8.22,15.1581,0,223,1
30-Dec-2025,25268.75,Call,24750,1032.15,0,15.1581,0,7,1
30-Dec-2025,25268.75,Put,23550,60.45,14.13,15.1581,0,78,1
29-Dec-2026,25268.75,Call,23000,4350,0,15.1581,0,68,1
29-Dec-2026,25268.75,Call,24000,3450,0,15.1581,0,132,1
29-Dec-2026,25268.75,Call,25000,2760,0,15.1581,0,979.666666667,1
14-Oct-2025,25268.75,Call,22900,0,0,15.1581,0,1,0
14-Oct-2025,25268.75,Put,27100,0,0,15.1581,0,117,0
14-Oct-2025,25268.75,Put,27050,0,0,15.1581,0,0,0
14-Oct-2025,25268.75,Call,23050,0,0,15.1581,0,0,0
14-Oct-2025,25268.75,Call,22950,0,0,15.1581,0,0,0
14-Oct-2025,25268.75,Call,24350,0,0,15.1581,0,255,0
14-Oct-2025,25268.75,Call,23150,0,0,15.1581,0,1,0
14-Oct-2025,25268.75,Call,23100,0,0,15.1581,0,1,0
14-Oct-2025,25268.75,Call,23250,0,0,15.1581,0,1,0
14-Oct-2025,25268.75,Call,23350,0,0,15.1581,0,1,0
14-Oct-2025,25268.75,Call,23200,0,0,15.1581,0,5,0
14-Oct-2025,25268.75,Call,23300,0,0,15.1581,0,6,0
14-Oct-2025,25268.75,Call,23400,0,0,15.1581,0,9,0
14-Oct-2025,25268.75,Call,23450,0,0,15.1581,0,1,0
14-Oct-2025,25268.75,Put,26450,0,0,15.1581,0,9,0
14-Oct-2025,25268.75,Put,26650,0,0,15.1581,0,1,0
14-Oct-2025,25268.75,Put,26750,0,0,15.1581,0,0,0
14-Oct-2025,25268.75,Put,26550,0,0,15.1581,0,0,0
14-Oct-2025,25268.75,Put,26600,0,0,15.1581,0,0,0
14-Oct-2025,25268.75,Put,26850,0,0,15.1581,0,0,0
14-Oct-2025,25268.75,Put,26700,0,0,15.1581,0,0,0
14-Oct-2025,25268.75,Put,26800,0,0,15.1581,0,0,0
14-Oct-2025,25268.75,Put,26900,0,0,15.1581,0,0,0
14-Oct-2025,25268.75,Put,26950,0,0,15.1581,0,0,0
14-Oct-2025,25268.75,Call,23550,0,0,15.1581,0,3,0
14-Oct-2025,25268.75,Call,23600,0,0,15.1581,0,20,0
14-Oct-2025,25268.75,Call,23650,0,0,15.1581,0,8,0
14-Oct-2025,25268.75,Call,23700,0,0,15.1581,0,22,0
14-Oct-2025,25268.75,Put,27150,0,0,15.1581,0,0,0
14-Oct-2025,25268.75,Call,23800,0,0,15.1581,0,53,0
14-Oct-2025,25268.75,Call,23850,0,0,15.1581,0,7,0
14-Oct-2025,25268.75,Call,23900,0,0,15.1581,0,60,0
14-Oct-2025,25268.75,Call,23950,0,0,15.1581,0,5,0
14-Oct-2025,25268.75,Call,24100,0,0,15.1581,0,141,0
14-Oct-2025,25268.75,Call,24250,0,0,15.1581,0,42,0
14-Oct-2025,25268.75,Put,26150,0,0,15.1581,0,11,0
14-Oct-2025,25268.75,Put,26200,0,0,15.1581,0,53,0
14-Oct-2025,25268.75,Put,26250,0,0,15.1581,0,7,0
14-Oct-2025,25268.75,Put,26300,0,0,15.1581,0,14,0
14-Oct-2025,25268.75,Put,26350,0,0,15.1581,0,8,0
14-Oct-2025,25268.75,Put,26400,0,0,15.1581,0,8,0
20-Oct-2025,25268.75,Call,22850,0,0,15.1581,0,3,0
20-Oct-2025,25268.75,Call,23400,0,0,15.1581,0,0,0
20-Oct-2025,25268.75,Call,23450,0,0,15.1581,0,0,0
20-Oct-2025,25268.75,Call,23500,0,0,15.1581,0,0,0
20-Oct-2025,25268.75,Call,23550,0,0,15.1581,0,0,0
20-Oct-2025,25268.75,Call,23600,0,0,15.1581,0,0,0
20-Oct-2025,25268.75,Call,23650,0,0,15.1581,0,2,0
20-Oct-2025,25268.75,Call,23700,0,0,15.1581,0,3,0
20-Oct-2025,25268.75,Call,22900,0,0,15.1581,0,0,0
20-Oct-2025,25268.75,Call,23000,0,0,15.1581,0,0,0
20-Oct-2025,25268.75,Call,22950,0,0,15.1581,0,0,0
20-Oct-2025,25268.75,Call,23350,0,0,15.1581,0,0,0
20-Oct-2025,25268.75,Call,23300,0,0,15.1581,0,0,0
20-Oct-2025,25268.75,Call,23100,0,0,15.1581,0,0,0
20-Oct-2025,25268.75,Call,23050,0,0,15.1581,0,0,0
20-Oct-2025,25268.75,Call,23250,0,0,15.1581,0,0,0
20-Oct-2025,25268.75,Call,23200,0,0,15.1581,0,0,0
20-Oct-2025,25268.75,Call,23150,0,0,15.1581,0,0,0
20-Oct-2025,25268.75,Call,26850,0,0,15.1581,0,121,0
20-Oct-2025,25268.75,Put,23050,0,0,15.1581,0,56,0
20-Oct-2025,25268.75,Put,26550,0,0,15.1581,0,3,0
20-Oct-2025,25268.75,Put,27150,0,0,15.1581,0,8,0
20-Oct-2025,25268.75,Put,27100,0,0,15.1581,0,0,0
20-Oct-2025,25268.75,Put,27050,0,0,15.1581,0,0,0
20-Oct-2025,25268.75,Put,26950,0,0,15.1581,0,0,0
20-Oct-2025,25268.75,Put,26900,0,0,15.1581,0,0,0
20-Oct-2025,25268.75,Put,23350,0,0,15.1581,0,0,0
20-Oct-2025,25268.75,Put,26850,0,0,15.1581,0,0,0
20-Oct-2025,25268.75,Put,26800,0,0,15.1581,0,0,0
20-Oct-2025,25268.75,Put,26750,0,0,15.1581,0,2,0
20-Oct-2025,25268.75,Put,26700,0,0,15.1581,0,0,0
20-Oct-2025,25268.75,Put,26650,0,0,15.1581,0,0,0
20-Oct-2025,25268.75,Put,26600,0,0,15.1581,0,1,0
20-Oct-2025,25268.75,Put,27000,0,0,15.1581,0,0,0
20-Oct-2025,25268.75,Put,26450,0,0,15.1581,0,0,0
20-Oct-2025,25268.75,Put,26400,0,0,15.1581,0,21,0
20-Oct-2025,25268.75,Put,26350,0,0,15.1581,0,0,0
20-Oct-2025,25268.75,Put,26300,0,0,15.1581,0,34,0
20-Oct-2025,25268.75,Put,26250,0,0,15.1581,0,0,0
20-Oct-2025,25268.75,Put,26200,0,0,15.1581,0,11,0
20-Oct-2025,25268.75,Put,26150,0,0,15.1581,0,0,0
20-Oct-2025,25268.75,Call,24450,0,0,15.1581,0,7,0
20-Oct-2025,25268.75,Call,24350,0,0,15.1581,0,6,0
20-Oct-2025,25268.75,Call,24300,0,0,15.1581,0,117,0
20-Oct-2025,25268.75,Call,24250,0,0,15.1581,0,15,0
28-Oct-2025,25268.75,Call,22950,0,0,15.1581,0,1,0
28-Oct-2025,25268.75,Put,22900,0,0,15.1581,0,586,0
28-Oct-2025,25268.75,Call,22900,0,0,15.1581,0,1,0
28-Oct-2025,25268.75,Put,22850,0,0,15.1581,0,134,0
28-Oct-2025,25268.75,Call,22850,0,0,15.1581,0,1,0
28-Oct-2025,25268.75,Call,22800,0,0,15.1581,0,1333,0
28-Oct-2025,25268.75,Put,25950,0,0,15.1581,0,53,0
28-Oct-2025,25268.75,Call,26550,0,0,15.1581,0,134,0
28-Oct-2025,25268.75,Put,27150,0,0,15.1581,0,79,0
28-Oct-2025,25268.75,Put,26750,0,0,15.1581,0,10,0
28-Oct-2025,25268.75,Put,26650,0,0,15.1581,0,6,0
28-Oct-2025,25268.75,Put,26600,0,0,15.1581,0,89,0
28-Oct-2025,25268.75,Put,26550,0,0,15.1581,0,10,0
28-Oct-2025,25268.75,Put,22950,0,0,15.1581,0,58,0
20-Oct-2025,25268.75,Call,26950,0,0,15.1581,0,33,0
20-Oct-2025,25268.75,Call,26550,0,0,15.1581,0,98,0
20-Oct-2025,25268.75,Put,25950,0,0,15.1581,0,11,0
28-Oct-2025,25268.75,Put,26050,0,0,15.1581,0,21,0
28-Oct-2025,25268.75,Call,22750,0,0,15.1581,0,0,0
28-Oct-2025,25268.75,Put,26150,0,0,15.1581,0,39,0
28-Oct-2025,25268.75,Call,22600,0,0,15.1581,0,141,0
28-Oct-2025,25268.75,Call,22650,0,0,15.1581,0,0,0
28-Oct-2025,25268.75,Call,22700,0,0,15.1581,0,70,0
28-Oct-2025,25268.75,Call,24550,0,0,15.1581,0,185,0
28-Oct-2025,25268.75,Call,24350,0,0,15.1581,0,116,0
28-Oct-2025,25268.75,Call,24150,0,0,15.1581,0,21,0
28-Oct-2025,25268.75,Call,24050,0,0,15.1581,0,25,0
28-Oct-2025,25268.75,Call,23950,0,0,15.1581,0,26,0
28-Oct-2025,25268.75,Call,23900,0,0,15.1581,0,59,0
28-Oct-2025,25268.75,Call,23850,0,0,15.1581,0,6,0
28-Oct-2025,25268.75,Call,23750,0,0,15.1581,0,7,0
28-Oct-2025,25268.75,Call,23700,0,0,15.1581,0,47,0
28-Oct-2025,25268.75,Call,23650,0,0,15.1581,0,9,0
28-Oct-2025,25268.75,Call,23600,0,0,15.1581,0,89,0
28-Oct-2025,25268.75,Call,23550,0,0,15.1581,0,4,0
28-Oct-2025,25268.75,Call,23450,0,0,15.1581,0,1,0
28-Oct-2025,25268.75,Call,23400,0,0,15.1581,0,63,0
28-Oct-2025,25268.75,Call,23350,0,0,15.1581,0,5,0
28-Oct-2025,25268.75,Call,23300,0,0,15.1581,0,55,0
28-Oct-2025,25268.75,Call,23250,0,0,15.1581,0,0,0
28-Oct-2025,25268.75,Call,23200,0,0,15.1581,0,145,0
28-Oct-2025,25268.75,Call,23150,0,0,15.1581,0,1,0
28-Oct-2025,25268.75,Put,26450,0,0,15.1581,0,20,0
28-Oct-2025,25268.75,Put,26350,0,0,15.1581,0,56,0
28-Oct-2025,25268.75,Call,23100,0,0,15.1581,0,9,0
28-Oct-2025,25268.75,Call,23050,0,0,15.1581,0,1,0
28-Oct-2025,25268.75,Put,26950,0,0,15.1581,0,19,0
28-Oct-2025,25268.75,Put,26900,0,0,15.1581,0,34,0
04-Nov-2025,25268.75,Call,22850,0,0,15.1581,0,0,0
04-Nov-2025,25268.75,Put,23550,0,0,15.1581,0,0,0
04-Nov-2025,25268.75,Put,26250,0,0,15.1581,0,0,0
04-Nov-2025,25268.75,Put,26200,0,0,15.1581,0,0,0
04-Nov-2025,25268.75,Call,23500,0,0,15.1581,0,0,0
04-Nov-2025,25268.75,Call,23450,0,0,15.1581,0,0,0
04-Nov-2025,25268.75,Call,24450,0,0,15.1581,0,1,0
04-Nov-2025,25268.75,Call,24400,0,0,15.1581,0,0,0
04-Nov-2025,25268.75,Call,24350,0,0,15.1581,0,0,0
04-Nov-2025,25268.75,Call,24300,0,0,15.1581,0,0,0
04-Nov-2025,25268.75,Call,24200,0,0,15.1581,0,1,0
04-Nov-2025,25268.75,Call,24100,0,0,15.1581,0,0,0
04-Nov-2025,25268.75,Put,22950,0,0,15.1581,0,0,0
04-Nov-2025,25268.75,Put,24250,0,0,15.1581,0,0,0
04-Nov-2025,25268.75,Put,24200,0,0,15.1581,0,0,0
04-Nov-2025,25268.75,Call,26250,0,0,15.1581,0,0,0
04-Nov-2025,25268.75,Put,23650,0,0,15.1581,0,0,0
04-Nov-2025,25268.75,Call,26100,0,0,15.1581,0,0,0
04-Nov-2025,25268.75,Call,26000,0,0,15.1581,0,0,0
04-Nov-2025,25268.75,Call,26700,0,0,15.1581,0,1,0
04-Nov-2025,25268.75,Call,26650,0,0,15.1581,0,1,0
04-Nov-2025,25268.75,Call,25650,0,0,15.1581,0,0,0
04-Nov-2025,25268.75,Put,24450,0,0,15.1581,0,0,0
04-Nov-2025,25268.75,Put,24350,0,0,15.1581,0,0,0
28-Oct-2025,25268.75,Call,26850,0,0,15.1581,0,103,0
28-Oct-2025,25268.75,Put,27050,0,0,15.1581,0,0,0
28-Oct-2025,25268.75,Call,24250,0,0,15.1581,0,59,0
04-Nov-2025,25268.75,Call,22950,0,0,15.1581,0,0,0
04-Nov-2025,25268.75,Call,22900,0,0,15.1581,0,0,0
04-Nov-2025,25268.75,Call,23000,0,0,15.1581,0,0,0
04-Nov-2025,25268.75,Call,23050,0,0,15.1581,0,0,0
04-Nov-2025,25268.75,Call,23150,0,0,15.1581,0,0,0
04-Nov-2025,25268.75,Call,23100,0,0,15.1581,0,0,0
04-Nov-2025,25268.75,Call,23200,0,0,15.1581,0,0,0
04-Nov-2025,25268.75,Call,23250,0,0,15.1581,0,0,0
04-Nov-2025,25268.75,Call,23300,0,0,15.1581,0,0,0
04-Nov-2025,25268.75,Put,26300,0,0,15.1581,0,0,0
04-Nov-2025,25268.75,Put,26350,0,0,15.1581,0,0,0
04-Nov-2025,25268.75,Put,26400,0,0,15.1581,0,0,0
04-Nov-2025,25268.75,Put,26750,0,0,15.1581,0,0,0
04-Nov-2025,25268.75,Put,26450,0,0,15.1581,0,0,0
04-Nov-2025,25268.75,Put,26800,0,0,15.1581,0,0,0
04-Nov-2025,25268.75,Put,26650,0,0,15.1581,0,0,0
04-Nov-2025,25268.75,Put,26600,0,0,15.1581,0,0,0
04-Nov-2025,25268.75,Put,26850,0,0,15.1581,0,0,0
04-Nov-2025,25268.75,Put,26700,0,0,15.1581,0,0,0
04-Nov-2025,25268.75,Put,26150,0,0,15.1581,0,0,0
04-Nov-2025,25268.75,Put,26100,0,0,15.1581,0,0,0
04-Nov-2025,25268.75,Put,26050,0,0,15.1581,0,0,0
04-Nov-2025,25268.75,Call,24050,0,0,15.1581,0,0,0
04-Nov-2025,25268.75,Call,23950,0,0,15.1581,0,0,0
04-Nov-2025,25268.75,Call,23900,0,0,15.1581,0,0,0
04-Nov-2025,25268.75,Call,23850,0,0,15.1581,0,0,0
04-Nov-2025,25268.75,Call,23800,0,0,15.1581,0,0,0
04-Nov-2025,25268.75,Call,23750,0,0,15.1581,0,0,0
04-Nov-2025,25268.75,Call,26300,0,0,15.1581,0,0,0
04-Nov-2025,25268.75,Put,22850,0,0,15.1581,0,103,0
04-Nov-2025,25268.75,Call,26750,0,0,15.1581,0,1,0
04-Nov-2025,25268.75,Put,25600,0,0,15.1581,0,32,0
04-Nov-2025,25268.75,Put,25550,0,0,15.1581,0,0,0
04-Nov-2025,25268.75,Call,25800,0,0,15.1581,0,0,0
04-Nov-2025,25268.75,Call,24150,0,0,15.1581,0,0,0
04-Nov-2025,25268.75,Call,26350,0,0,15.1581,0,0,0
04-Nov-2025,25268.75,Call,26050,0,0,15.1581,0,0,0
04-Nov-2025,25268.75,Put,25450,0,0,15.1581,0,0,0
04-Nov-2025,25268.75,Put,25350,0,0,15.1581,0,0,0
04-Nov-2025,25268.75,Call,24950,0,0,15.1581,0,7,0
04-Nov-2025,25268.75,Call,24750,0,0,15.1581,0,3,0
04-Nov-2025,25268.75,Call,24650,0,0,15.1581,0,5,0
04-Nov-2025,25268.75,Call,24600,0,0,15.1581,0,3,0
04-Nov-2025,25268.75,Call,24550,0,0,15.1581,0,0,0
04-Nov-2025,25268.75,Put,24150,0,0,15.1581,0,0,0
04-Nov-2025,25268.75,Put,24100,0,0,15.1581,0,0,0
04-Nov-2025,25268.75,Put,24550,0,0,15.1581,0,0,0
04-Nov-2025,25268.75,Put,24050,0,0,15.1581,0,0,0
04-Nov-2025,25268.75,Put,23950,0,0,15.1581,0,0,0
04-Nov-2025,25268.75,Put,23850,0,0,15.1581,0,0,0
04-Nov-2025,25268.75,Put,23750,0,0,15.1581,0,3,0
04-Nov-2025,25268.75,Put,23350,0,0,15.1581,0,2,0
04-Nov-2025,25268.75,Put,23300,0,0,15.1581,0,39,0
04-Nov-2025,25268.75,Put,25950,0,0,15.1581,0,0,0
04-Nov-2025,25268.75,Put,25850,0,0,15.1581,0,0,0
04-Nov-2025,25268.75,Put,25800,0,0,15.1581,0,0,0
04-Nov-2025,25268.75,Put,25750,0,0,15.1581,0,0,0
04-Nov-2025,25268.75,Put,25700,0,0,15.1581,0,0,0
04-Nov-2025,25268.75,Put,25650,0,0,15.1581,0,0,0
04-Nov-2025,25268.75,Put,26000,0,0,15.1581,0,0,0
04-Nov-2025,25268.75,Call,26150,0,0,15.1581,0,0,0
04-Nov-2025,25268.75,Call,25550,0,0,15.1581,0,0,0
04-Nov-2025,25268.75,Call,24850,0,0,15.1581,0,7,0
04-Nov-2025,25268.75,Call,24800,0,0,15.1581,0,27,0
04-Nov-2025,25268.75,Put,23450,0,0,15.1581,0,1,0
04-Nov-2025,25268.75,Put,23150,0,0,15.1581,0,1,0
04-Nov-2025,25268.75,Put,26950,0,0,0,0,0,0
04-Nov-2025,25268.75,Call,26950,0,0,0,0,0,0
04-Nov-2025,25268.75,Call,26850,0,0,15.1581,0,1,0
04-Nov-2025,25268.75,Call,24250,0,0,15.1581,0,0,0
04-Nov-2025,25268.75,Put,26550,0,0,15.1581,0,0,0
04-Nov-2025,25268.75,Put,26500,0,0,15.1581,0,0,0
04-Nov-2025,25268.75,Put,23250,0,0,15.1581,0,17,0
04-Nov-2025,25268.75,Call,25950,0,0,15.1581,0,0,0
11-Nov-2025,25268.75,Put,24200,0,0,15.1581,0,0,0
11-Nov-2025,25268.75,Put,24100,0,0,15.1581,0,1,0
11-Nov-2025,25268.75,Put,24050,0,0,15.1581,0,0,0
11-Nov-2025,25268.75,Put,23900,0,0,15.1581,0,0,0
11-Nov-2025,25268.75,Put,23850,0,0,15.1581,0,0,0
11-Nov-2025,25268.75,Put,23800,0,0,15.1581,0,0,0
11-Nov-2025,25268.75,Put,23650,0,0,15.1581,0,0,0
11-Nov-2025,25268.75,Put,23600,0,0,15.1581,0,0,0
11-Nov-2025,25268.75,Put,23550,0,0,15.1581,0,0,0
11-Nov-2025,25268.75,Put,23500,0,0,15.1581,0,29,0
11-Nov-2025,25268.75,Put,23450,0,0,15.1581,0,0,0
11-Nov-2025,25268.75,Put,23400,0,0,15.1581,0,0,0
11-Nov-2025,25268.75,Put,23350,0,0,15.1581,0,1,0
11-Nov-2025,25268.75,Call,26450,0,0,15.1581,0,0,0
11-Nov-2025,25268.75,Call,24600,0,0,15.1581,0,0,0
11-Nov-2025,25268.75,Call,24500,0,0,15.1581,0,0,0
11-Nov-2025,25268.75,Put,23700,0,0,15.1581,0,5,0
11-Nov-2025,25268.75,Put,24900,0,0,15.1581,0,0,0
11-Nov-2025,25268.75,Put,24750,0,0,15.1581,0,0,0
11-Nov-2025,25268.75,Put,24700,0,0,15.1581,0,0,0
11-Nov-2025,25268.75,Call,26350,0,0,15.1581,0,0,0
11-Nov-2025,25268.75,Put,25450,0,0,15.1581,0,0,0
11-Nov-2025,25268.75,Put,25400,0,0,15.1581,0,0,0
11-Nov-2025,25268.75,Call,24950,0,0,15.1581,0,3,0
11-Nov-2025,25268.75,Call,24900,0,0,15.1581,0,5,0
11-Nov-2025,25268.75,Call,25050,0,0,15.1581,0,7,0
11-Nov-2025,25268.75,Put,24950,0,0,15.1581,0,0,0
11-Nov-2025,25268.75,Call,24850,0,0,15.1581,0,0,0
11-Nov-2025,25268.75,Call,24800,0,0,15.1581,0,0,0
11-Nov-2025,25268.75,Call,24750,0,0,15.1581,0,0,0
11-Nov-2025,25268.75,Call,24700,0,0,15.1581,0,0,0
11-Nov-2025,25268.75,Call,25150,0,0,15.1581,0,0,0
11-Nov-2025,25268.75,Call,26100,0,0,15.1581,0,0,0
11-Nov-2025,25268.75,Call,26050,0,0,15.1581,0,0,0
11-Nov-2025,25268.75,Call,26400,0,0,15.1581,0,0,0
11-Nov-2025,25268.75,Put,24500,0,0,15.1581,0,0,0
11-Nov-2025,25268.75,Put,23950,0,0,15.1581,0,0,0
11-Nov-2025,25268.75,Put,23750,0,0,15.1581,0,0,0
11-Nov-2025,25268.75,Put,24850,0,0,15.1581,0,0,0
11-Nov-2025,25268.75,Call,25700,0,0,15.1581,0,0,0
11-Nov-2025,25268.75,Put,24150,0,0,15.1581,0,0,0
11-Nov-2025,25268.75,Call,26300,0,0,15.1581,0,0,0
11-Nov-2025,25268.75,Call,26250,0,0,15.1581,0,0,0
11-Nov-2025,25268.75,Call,26200,0,0,15.1581,0,0,0
11-Nov-2025,25268.75,Call,26150,0,0,15.1581,0,0,0
11-Nov-2025,25268.75,Call,25950,0,0,15.1581,0,0,0
11-Nov-2025,25268.75,Call,25850,0,0,15.1581,0,0,0
11-Nov-2025,25268.75,Put,25100,0,0,15.1581,0,1,0
11-Nov-2025,25268.75,Call,26950,0,0,0,0,0,0
11-Nov-2025,25268.75,Call,26900,0,0,0,0,0,0
11-Nov-2025,25268.75,Call,26850,0,0,15.1581,0,0,0
11-Nov-2025,25268.75,Call,26800,0,0,15.1581,0,0,0
11-Nov-2025,25268.75,Call,26750,0,0,15.1581,0,0,0
11-Nov-2025,25268.75,Call,26700,0,0,15.1581,0,0,0
11-Nov-2025,25268.75,Call,26650,0,0,15.1581,0,0,0
11-Nov-2025,25268.75,Call,26550,0,0,15.1581,0,0,0
11-Nov-2025,25268.75,Call,26500,0,0,15.1581,0,0,0
11-Nov-2025,25268.75,Call,26000,0,0,15.1581,0,0,0
11-Nov-2025,25268.75,Call,25800,0,0,15.1581,0,0,0
11-Nov-2025,25268.75,Call,25750,0,0,15.1581,0,0,0
11-Nov-2025,25268.75,Call,25550,0,0,15.1581,0,0,0
11-Nov-2025,25268.75,Put,25350,0,0,15.1581,0,0,0
04-Nov-2025,25268.75,Call,23400,0,0,15.1581,0,0,0
04-Nov-2025,25268.75,Call,23350,0,0,15.1581,0,0,0
04-Nov-2025,25268.75,Call,24000,0,0,15.1581,0,1,0
04-Nov-2025,25268.75,Put,23050,0,0,15.1581,0,0,0
04-Nov-2025,25268.75,Call,23700,0,0,15.1581,0,0,0
04-Nov-2025,25268.75,Call,23650,0,0,15.1581,0,0,0
04-Nov-2025,25268.75,Call,23600,0,0,15.1581,0,0,0
04-Nov-2025,25268.75,Call,23550,0,0,15.1581,0,0,0
04-Nov-2025,25268.75,Put,26900,0,0,15.1581,0,0,0
04-Nov-2025,25268.75,Put,25900,0,0,15.1581,0,0,0
11-Nov-2025,25268.75,Put,24250,0,0,15.1581,0,0,0
11-Nov-2025,25268.75,Put,24300,0,0,15.1581,0,0,0
11-Nov-2025,25268.75,Put,24550,0,0,15.1581,0,0,0
11-Nov-2025,25268.75,Put,24450,0,0,15.1581,0,0,0
11-Nov-2025,25268.75,Put,24400,0,0,15.1581,0,0,0
11-Nov-2025,25268.75,Put,24350,0,0,15.1581,0,0,0
11-Nov-2025,25268.75,Put,24650,0,0,15.1581,0,0,0
11-Nov-2025,25268.75,Put,25300,0,0,15.1581,0,0,0
11-Nov-2025,25268.75,Call,25600,0,0,15.1581,0,0,0
11-Nov-2025,25268.75,Put,25150,0,0,15.1581,0,1,0
11-Nov-2025,25268.75,Put,25250,0,0,15.1581,0,0,0
25-Nov-2025,25268.75,Put,24950,0,0,15.1581,0,361,0
25-Nov-2025,25268.75,Put,26250,0,0,15.1581,0,2,0
25-Nov-2025,25268.75,Call,24350,0,0,15.1581,0,4,0
25-Nov-2025,25268.75,Put,24250,0,0,15.1581,0,55,0
25-Nov-2025,25268.75,Call,24250,0,0,15.1581,0,2,0
25-Nov-2025,25268.75,Call,24200,0,0,15.1581,0,83,0
25-Nov-2025,25268.75,Call,24150,0,0,15.1581,0,3,0
25-Nov-2025,25268.75,Call,24100,0,0,15.1581,0,6,0
25-Nov-2025,25268.75,Put,26600,0,0,15.1581,0,0,0
25-Nov-2025,25268.75,Call,24750,0,0,15.1581,0,49,0
25-Nov-2025,25268.75,Put,24050,0,0,15.1581,0,0,0
25-Nov-2025,25268.75,Call,24050,0,0,15.1581,0,2,0
25-Nov-2025,25268.75,Call,23850,0,0,15.1581,0,5,0
25-Nov-2025,25268.75,Call,23650,0,0,15.1581,0,1,0
25-Nov-2025,25268.75,Call,23550,0,0,15.1581,0,0,0
25-Nov-2025,25268.75,Call,23450,0,0,15.1581,0,30,0
25-Nov-2025,25268.75,Call,23400,0,0,15.1581,0,0,0
25-Nov-2025,25268.75,Call,23350,0,0,15.1581,0,0,0
25-Nov-2025,25268.75,Call,23300,0,0,15.1581,0,3,0
25-Nov-2025,25268.75,Call,23250,0,0,15.1581,0,1,0
25-Nov-2025,25268.75,Call,23200,0,0,15.1581,0,7,0
25-Nov-2025,25268.75,Call,23150,0,0,15.1581,0,0,0
25-Nov-2025,25268.75,Call,23100,0,0,15.1581,0,0,0
25-Nov-2025,25268.75,Call,23050,0,0,15.1581,0,1,0
25-Nov-2025,25268.75,Call,22950,0,0,15.1581,0,0,0
25-Nov-2025,25268.75,Call,22900,0,0,15.1581,0,0,0
25-Nov-2025,25268.75,Call,22850,0,0,15.1581,0,0,0
25-Nov-2025,25268.75,Call,22800,0,0,15.1581,0,0,0
25-Nov-2025,25268.75,Call,22750,0,0,15.1581,0,0,0
25-Nov-2025,25268.75,Put,26150,0,0,15.1581,0,4,0
25-Nov-2025,25268.75,Put,26050,0,0,15.1581,0,1,0
25-Nov-2025,25268.75,Call,25950,0,0,15.1581,0,0,0
25-Nov-2025,25268.75,Put,26950,0,0,15.1581,0,0,0
25-Nov-2025,25268.75,Call,22700,0,0,15.1581,0,0,0
25-Nov-2025,25268.75,Put,23550,0,0,15.1581,0,12,0
25-Nov-2025,25268.75,Put,27100,0,0,15.1581,0,0,0
25-Nov-2025,25268.75,Call,27100,0,0,15.1581,0,0,0
25-Nov-2025,25268.75,Put,27050,0,0,15.1581,0,0,0
25-Nov-2025,25268.75,Call,27050,0,0,15.1581,0,0,0
25-Nov-2025,25268.75,Put,26700,0,0,15.1581,0,0,0
25-Nov-2025,25268.75,Call,26450,0,0,15.1581,0,0,0
25-Nov-2025,25268.75,Put,26450,0,0,15.1581,0,10,0
25-Nov-2025,25268.75,Put,26650,0,0,15.1581,0,0,0
25-Nov-2025,25268.75,Call,26650,0,0,15.1581,0,0,0
25-Nov-2025,25268.75,Call,26050,0,0,15.1581,0,0,0
25-Nov-2025,25268.75,Put,26750,0,0,15.1581,0,0,0
25-Nov-2025,25268.75,Call,26750,0,0,15.1581,0,0,0
25-Nov-2025,25268.75,Put,23450,0,0,15.1581,0,43,0
25-Nov-2025,25268.75,Put,23350,0,0,15.1581,0,1,0
25-Nov-2025,25268.75,Put,23250,0,0,15.1581,0,15,0
25-Nov-2025,25268.75,Put,23150,0,0,15.1581,0,10,0
25-Nov-2025,25268.75,Put,23050,0,0,15.1581,0,7,0
25-Nov-2025,25268.75,Put,22950,0,0,15.1581,0,7,0
25-Nov-2025,25268.75,Put,22850,0,0,15.1581,0,11,0
11-Nov-2025,25268.75,Put,23300,0,0,15.1581,0,0,0
30-Dec-2025,25268.75,Put,25900,0,0,15.1581,0,93,0
30-Dec-2025,25268.75,Put,26400,0,0,15.1581,0,140,0
25-Nov-2025,25268.75,Put,27150,0,0,15.1581,0,0,0
25-Nov-2025,25268.75,Put,26850,0,0,15.1581,0,0,0
25-Nov-2025,25268.75,Call,26850,0,0,15.1581,0,0,0
25-Nov-2025,25268.75,Put,26800,0,0,15.1581,0,0,0
25-Nov-2025,25268.75,Call,24950,0,0,15.1581,0,83,0
25-Nov-2025,25268.75,Call,24850,0,0,15.1581,0,20,0
25-Nov-2025,25268.75,Put,26400,0,0,15.1581,0,9,0
25-Nov-2025,25268.75,Call,26400,0,0,15.1581,0,0,0
25-Nov-2025,25268.75,Put,26350,0,0,15.1581,0,5,0
25-Nov-2025,25268.75,Call,26350,0,0,15.1581,0,0,0
25-Nov-2025,25268.75,Call,23950,0,0,15.1581,0,1,0
25-Nov-2025,25268.75,Call,23900,0,0,15.1581,0,3,0
25-Nov-2025,25268.75,Put,23850,0,0,15.1581,0,3,0
25-Nov-2025,25268.75,Call,23800,0,0,15.1581,0,7,0
25-Nov-2025,25268.75,Put,23750,0,0,15.1581,0,0,0
25-Nov-2025,25268.75,Call,23750,0,0,15.1581,0,1,0
25-Nov-2025,25268.75,Call,23700,0,0,15.1581,0,3,0
25-Nov-2025,25268.75,Call,23600,0,0,15.1581,0,0,0
25-Nov-2025,25268.75,Put,23100,0,0,15.1581,0,156,0
25-Nov-2025,25268.75,Call,23000,0,0,15.1581,0,367,0
25-Nov-2025,25268.75,Put,22900,0,0,15.1581,0,183,0
25-Nov-2025,25268.75,Call,26250,0,0,15.1581,0,0,0
25-Nov-2025,25268.75,Call,26950,0,0,15.1581,0,0,0
25-Nov-2025,25268.75,Put,26900,0,0,15.1581,0,0,0
25-Nov-2025,25268.75,Call,26900,0,0,15.1581,0,0,0
25-Nov-2025,25268.75,Put,26550,0,0,15.1581,0,0,0
25-Nov-2025,25268.75,Call,26550,0,0,15.1581,0,0,0
25-Nov-2025,25268.75,Put,22750,0,0,15.1581,0,64,0
25-Nov-2025,25268.75,Call,24550,0,0,15.1581,0,21,0
25-Nov-2025,25268.75,Call,24450,0,0,15.1581,0,4,0
30-Dec-2025,25268.75,Put,26250,0,0,15.1581,0,1,0
30-Dec-2025,25268.75,Call,26300,0,0,15.1581,0,0,0
30-Dec-2025,25268.75,Put,24350,0,0,15.1581,0,68,0
30-Dec-2025,25268.75,Put,26350,0,0,15.1581,0,8,0
30-Dec-2025,25268.75,Put,24450,0,0,15.1581,0,54,0
30-Dec-2025,25268.75,Put,24150,0,0,15.1581,0,0,0
30-Dec-2025,25268.75,Put,16500,0,0,15.1581,0,48,0
30-Dec-2025,25268.75,Put,17000,0,0,15.1581,0,911.666666667,0
30-Dec-2025,25268.75,Put,25150,0,0,15.1581,0,30,0
30-Dec-2025,25268.75,Put,24550,0,0,15.1581,0,42,0
30-Dec-2025,25268.75,Call,26450,0,0,15.1581,0,0,0
30-Dec-2025,25268.75,Call,26400,0,0,15.1581,0,0,0
30-Dec-2025,25268.75,Put,23250,0,0,15.1581,0,125,0
30-Dec-2025,25268.75,Put,23050,0,0,15.1581,0,120,0
30-Dec-2025,25268.75,Put,22950,0,0,15.1581,0,45,0
30-Dec-2025,25268.75,Put,22900,0,0,15.1581,0,128,0
30-Dec-2025,25268.75,Call,26550,0,0,15.1581,0,0,0
30-Dec-2025,25268.75,Call,26350,0,0,15.1581,0,0,0
30-Dec-2025,25268.75,Put,26150,0,0,15.1581,0,4,0
30-Dec-2025,25268.75,Put,26100,0,0,15.1581,0,61,0
30-Dec-2025,25268.75,Put,26050,0,0,15.1581,0,21,0
30-Dec-2025,25268.75,Put,25450,0,0,15.1581,0,71,0
30-Dec-2025,25268.75,Call,25350,0,0,15.1581,0,5,0
30-Dec-2025,25268.75,Call,19500,0,0,15.1581,0,15.3333333333,0
30-Dec-2025,25268.75,Call,16000,0,0,15.1581,0,4.66666666667,0
30-Dec-2025,25268.75,Put,23950,0,0,15.1581,0,0,0
30-Dec-2025,25268.75,Put,26850,0,0,15.1581,0,0,0
30-Dec-2025,25268.75,Call,26850,0,0,15.1581,0,0,0
30-Dec-2025,25268.75,Put,26800,0,0,15.1581,0,0,0
30-Dec-2025,25268.75,Call,26800,0,0,15.1581,0,0,0
30-Dec-2025,25268.75,Put,23750,0,0,15.1581,0,1,0
30-Dec-2025,25268.75,Call,26650,0,0,15.1581,0,0,0
30-Dec-2025,25268.75,Put,25950,0,0,15.1581,0,25,0
30-Dec-2025,25268.75,Put,23850,0,0,15.1581,0,0,0
30-Dec-2025,25268.75,Call,19000,0,0,15.1581,0,149.666666667,0
30-Dec-2025,25268.75,Call,26600,0,0,15.1581,0,0,0
30-Dec-2025,25268.75,Put,26650,0,0,15.1581,0,0,0
30-Dec-2025,25268.75,Put,31000,0,0,15.1581,0,0,0
30-Dec-2025,25268.75,Put,24050,0,0,15.1581,0,0,0
30-Dec-2025,25268.75,Call,23950,0,0,15.1581,0,0,0
30-Dec-2025,25268.75,Put,23200,0,0,15.1581,0,341,0
30-Dec-2025,25268.75,Put,23150,0,0,15.1581,0,99,0
30-Dec-2025,25268.75,Put,25550,0,0,15.1581,0,46,0
30-Dec-2025,25268.75,Call,25450,0,0,15.1581,0,17,0
31-Mar-2026,25268.75,Put,31000,0,0,15.1581,0,1,0
31-Mar-2026,25268.75,Put,19000,0,0,15.1581,0,7,0
30-Dec-2025,25268.75,Put,26750,0,0,15.1581,0,0,0
30-Dec-2025,25268.75,Call,26750,0,0,15.1581,0,0,0
30-Dec-2025,25268.75,Put,26700,0,0,15.1581,0,0,0
30-Dec-2025,25268.75,Call,26700,0,0,15.1581,0,0,0
30-Dec-2025,25268.75,Call,18000,0,0,15.1581,0,852.333333333,0
30-Dec-2025,25268.75,Put,18000,0,0,15.1581,0,2040.66666667,0
30-Dec-2025,25268.75,Call,23150,0,0,15.1581,0,0,0
30-Dec-2025,25268.75,Call,23100,0,0,15.1581,0,0,0
30-Dec-2025,25268.75,Call,23050,0,0,15.1581,0,0,0
30-Dec-2025,25268.75,Call,22950,0,0,15.1581,0,0,0
30-Dec-2025,25268.75,Call,22900,0,0,15.1581,0,0,0
30-Dec-2025,25268.75,Call,22850,0,0,15.1581,0,0,0
30-Dec-2025,25268.75,Call,25150,0,0,15.1581,0,13,0
30-Dec-2025,25268.75,Call,25050,0,0,15.1581,0,26,0
30-Dec-2025,25268.75,Call,24950,0,0,15.1581,0,46,0
30-Dec-2025,25268.75,Call,24850,0,0,15.1581,0,15,0
30-Dec-2025,25268.75,Call,24800,0,0,15.1581,0,185,0
30-Dec-2025,25268.75,Call,24700,0,0,15.1581,0,58,0
30-Dec-2025,25268.75,Call,24650,0,0,15.1581,0,3,0
30-Dec-2025,25268.75,Call,24600,0,0,15.1581,0,4,0
30-Dec-2025,25268.75,Call,24550,0,0,15.1581,0,3,0
30-Dec-2025,25268.75,Call,24400,0,0,15.1581,0,3,0
30-Dec-2025,25268.75,Call,24300,0,0,15.1581,0,0,0
30-Dec-2025,25268.75,Call,24250,0,0,15.1581,0,0,0
30-Dec-2025,25268.75,Call,24200,0,0,15.1581,0,0,0
30-Dec-2025,25268.75,Call,24150,0,0,15.1581,0,0,0
30-Dec-2025,25268.75,Call,24100,0,0,15.1581,0,1,0
30-Dec-2025,25268.75,Call,24050,0,0,15.1581,0,0,0
30-Dec-2025,25268.75,Call,23900,0,0,15.1581,0,0,0
30-Dec-2025,25268.75,Call,23850,0,0,15.1581,0,0,0
30-Dec-2025,25268.75,Call,23800,0,0,15.1581,0,0,0
30-Dec-2025,25268.75,Call,23750,0,0,15.1581,0,0,0
30-Dec-2025,25268.75,Call,23700,0,0,15.1581,0,0,0
30-Dec-2025,25268.75,Call,23650,0,0,15.1581,0,0,0
30-Dec-2025,25268.75,Call,23600,0,0,15.1581,0,0,0
30-Dec-2025,25268.75,Call,23550,0,0,15.1581,0,0,0
30-Dec-2025,25268.75,Call,23500,0,0,15.1581,0,0,0
30-Dec-2025,25268.75,Put,23450,0,0,15.1581,0,82,0
30-Dec-2025,25268.75,Call,23450,0,0,15.1581,0,0,0
30-Dec-2025,25268.75,Call,23400,0,0,15.1581,0,0,0
30-Dec-2025,25268.75,Put,23350,0,0,15.1581,0,72,0
30-Dec-2025,25268.75,Call,23350,0,0,15.1581,0,0,0
30-Dec-2025,25268.75,Put,23300,0,0,15.1581,0,243,0
30-Dec-2025,25268.75,Call,23300,0,0,15.1581,0,0,0
30-Dec-2025,25268.75,Call,23250,0,0,15.1581,0,0,0
30-Dec-2025,25268.75,Call,23200,0,0,15.1581,0,0,0
30-Dec-2025,25268.75,Call,25750,0,0,15.1581,0,84,0
30-Dec-2025,25268.75,Put,26950,0,0,0,0,0,0
30-Dec-2025,25268.75,Call,26950,0,0,0,0,0,0
30-Dec-2025,25268.75,Put,26900,0,0,0,0,0,0
30-Dec-2025,25268.75,Call,26900,0,0,0,0,0,0
30-Dec-2025,25268.75,Put,23650,0,0,15.1581,0,0,0
30-Dec-2025,25268.75,Put,26450,0,0,15.1581,0,1,0
31-Mar-2026,25268.75,Call,31000,0,0,15.1581,0,0,0
31-Mar-2026,25268.75,Call,22000,0,0,15.1581,0,3,0
30-Jun-2026,25268.75,Call,29000,0,0,15.1581,0,0,0
30-Jun-2026,25268.75,Put,19000,0,0,15.1581,0,3.33333333333,0
30-Jun-2026,25268.75,Call,24000,0,0,15.1581,0,56,0
28-Dec-2027,25268.75,Put,17000,0,0,15.1581,0,189.333333333,0
28-Dec-2027,25268.75,Put,18000,0,0,15.1581,0,154,0
28-Dec-2027,25268.75,Call,31000,0,0,15.1581,0,0,0
28-Dec-2027,25268.75,Put,19000,0,0,15.1581,0,9,0
28-Dec-2027,25268.75,Put,21000,0,0,15.1581,0,13.6666666667,0
28-Dec-2027,25268.75,Call,30000,0,0,15.1581,0,0,0
28-Dec-2027,25268.75,Put,15000,0,0,15.1581,0,8.33333333333,0
28-Dec-2027,25268.75,Call,25000,0,0,15.1581,0,3,0
28-Dec-2027,25268.75,Put,26000,0,0,15.1581,0,10,0
28-Dec-2027,25268.75,Put,24000,0,0,15.1581,0,50,0
28-Dec-2027,25268.75,Call,29000,0,0,15.1581,0,0,0
28-Dec-2027,25268.75,Call,28000,0,0,15.1581,0,0,0
28-Dec-2027,25268.75,Call,27000,0,0,15.1581,0,0,0
28-Dec-2027,25268.75,Put,22000,0,0,15.1581,0,23.3333333333,0
28-Dec-2027,25268.75,Call,24000,0,0,15.1581,0,0,0
28-Dec-2027,25268.75,Put,23000,0,0,15.1581,0,49,0
29-Jun-2027,25268.75,Put,23000,0,0,15.1581,0,0,0
29-Jun-2027,25268.75,Call,31000,0,0,15.1581,0,0,0
29-Jun-2027,25268.75,Put,27000,0,0,15.1581,0,0,0
29-Jun-2027,25268.75,Put,26000,0,0,15.1581,0,0,0
29-Jun-2027,25268.75,Call,30000,0,0,15.1581,0,0,0
29-Jun-2027,25268.75,Call,29000,0,0,15.1581,0,0,0
29-Jun-2027,25268.75,Call,28000,0,0,15.1581,0,0,0
29-Jun-2027,25268.75,Put,25000,0,0,15.1581,0,0,0
29-Jun-2027,25268.75,Put,24000,0,0,15.1581,0,0,0
29-Jun-2027,25268.75,Put,20000,0,0,15.1581,0,0,0
29-Jun-2027,25268.75,Put,19000,0,0,15.1581,0,8,0
29-Jun-2027,25268.75,Put,21000,0,0,15.1581,0,11.6666666667,0
29-Jun-2027,25268.75,Put,22000,0,0,15.1581,0,0,0
29-Jun-2027,25268.75,Put,18000,0,0,15.1581,0,1.33333333333,0
29-Dec-2026,25268.75,Put,19000,0,0,15.1581,0,23,0
29-Dec-2026,25268.75,Put,18000,0,0,15.1581,0,79.3333333333,0
29-Dec-2026,25268.75,Put,17000,0,0,15.1581,0,38,0
29-Dec-2026,25268.75,Put,16000,0,0,15.1581,0,32.3333333333,0
29-Dec-2026,25268.75,Put,15000,0,0,15.1581,0,19.6666666667,0
29-Dec-2026,25268.75,Put,14000,0,0,15.1581,0,29.6666666667,0
29-Dec-2026,25268.75,Put,12000,0,0,15.1581,0,7.66666666667,0
29-Dec-2026,25268.75,Put,20000,0,0,15.1581,0,577.666666667,0
29-Dec-2026,25268.75,Put,29000,0,0,15.1581,0,61,0
29-Dec-2026,25268.75,Put,13000,0,0,15.1581,0,33,0
29-Dec-2026,25268.75,Call,21000,0,0,15.1581,0,3,0
29-Sep-2026,25268.75,Put,28000,0,0,0,0,0,0
29-Sep-2026,25268.75,Call,28000,0,0,15.1581,0,0,0
29-Sep-2026,25268.75,Call,26000,0,0,15.1581,0,0,0
29-Sep-2026,25268.75,Put,24000,0,0,15.1581,0,0,0
29-Sep-2026,25268.75,Put,23000,0,0,15.1581,0,0,0
29-Sep-2026,25268.75,Put,22000,0,0,15.1581,0,0,0
29-Sep-2026,25268.75,Call,29000,0,0,15.1581,0,0,0
29-Sep-2026,25268.75,Call,30000,0,0,15.1581,0,0,0
29-Sep-2026,25268.75,Call,27000,0,0,15.1581,0,0,0
29-Sep-2026,25268.75,Put,26000,0,0,15.1581,0,0,0
29-Sep-2026,25268.75,Put,25000,0,0,15.1581,0,0,0
29-Sep-2026,25268.75,Put,27000,0,0,15.1581,0,0,0
30-Jun-2026,25268.75,Put,20000,0,0,15.1581,0,4691,0
30-Jun-2026,25268.75,Call,28000,0,0,15.1581,0,0,0
30-Jun-2026,25268.75,Call,31000,0,0,15.1581,0,0,0
30-Jun-2026,25268.75,Put,27000,0,0,15.1581,0,0,0
30-Jun-2026,25268.75,Call,19000,0,0,15.1581,0,1.33333333333,0
30-Jun-2026,25268.75,Put,13000,0,0,15.1581,0,2.66666666667,0
30-Jun-2026,25268.75,Put,12000,0,0,15.1581,0,4.33333333333,0
30-Jun-2026,25268.75,Put,15000,0,0,15.1581,0,17,0
30-Jun-2026,25268.75,Put,14000,0,0,15.1581,0,20.3333333333,0
30-Jun-2026,25268.75,Put,16000,0,0,15.1581,0,30.3333333333,0
30-Jun-2026,25268.75,Put,21000,0,0,15.1581,0,4826,0
25-Jun-2030,25268.75,Put,21000,0,0,15.1581,0,0,0
25-Jun-2030,25268.75,Put,26000,0,0,15.1581,0,0,0
25-Jun-2030,25268.75,Put,25000,0,0,15.1581,0,0,0
25-Jun-2030,25268.75,Put,24000,0,0,15.1581,0,0,0
25-Jun-2030,25268.75,Put,23000,0,0,15.1581,0,0,0
25-Jun-2030,25268.75,Put,22000,0,0,15.1581,0,0,0
25-Jun-2030,25268.75,Put,27000,0,0,15.1581,0,0,0
25-Jun-2030,25268.75,Put,31000,0,0,15.1581,0,0,0
25-Jun-2030,25268.75,Put,30000,0,0,15.1581,0,0,0
25-Jun-2030,25268.75,Put,29000,0,0,15.1581,0,0,0
25-Jun-2030,25268.75,Put,28000,0,0,15.1581,0,0,0
25-Jun-2030,25268.75,Put,19000,0,0,15.1581,0,0,0
25-Jun-2030,25268.75,Put,20000,0,0,15.1581,0,0,0
24-Dec-2029,25268.75,Put,31000,0,0,15.1581,0,0,0
24-Dec-2029,25268.75,Put,23000,0,0,15.1581,0,34,0
24-Dec-2029,25268.75,Put,27000,0,0,15.1581,0,0,0
24-Dec-2029,25268.75,Put,26000,0,0,15.1581,0,2,0
24-Dec-2029,25268.75,Put,19000,0,0,15.1581,0,0,0
24-Dec-2029,25268.75,Put,30000,0,0,15.1581,0,0,0
24-Dec-2029,25268.75,Put,20000,0,0,15.1581,0,0,0
24-Dec-2029,25268.75,Put,28000,0,0,15.1581,0,0,0
24-Dec-2029,25268.75,Put,24000,0,0,15.1581,0,0,0
24-Dec-2029,25268.75,Put,21000,0,0,15.1581,0,0,0
24-Dec-2029,25268.75,Put,29000,0,0,15.1581,0,0,0
24-Dec-2029,25268.75,Put,22000,0,0,15.1581,0,0,0
24-Dec-2029,25268.75,Put,25000,0,0,15.1581,0,3,0
26-Jun-2029,25268.75,Put,30000,0,0,15.1581,0,0,0
26-Jun-2029,25268.75,Put,19000,0,0,15.1581,0,0,0
26-Jun-2029,25268.75,Put,31000,0,0,15.1581,0,0,0
26-Jun-2029,25268.75,Put,26000,0,0,15.1581,0,0.666666666667,0
26-Jun-2029,25268.75,Put,20000,0,0,15.1581,0,0,0
26-Jun-2029,25268.75,Put,21000,0,0,15.1581,0,0,0
26-Jun-2029,25268.75,Put,22000,0,0,15.1581,0,0,0
26-Jun-2029,25268.75,Put,23000,0,0,15.1581,0,0,0
26-Jun-2029,25268.75,Put,25000,0,0,15.1581,0,0,0
26-Jun-2029,25268.75,Put,24000,0,0,15.1581,0,0.333333333333,0
26-Jun-2029,25268.75,Put,27000,0,0,15.1581,0,0,0
26-Jun-2029,25268.75,Put,29000,0,0,15.1581,0,0,0
26-Jun-2029,25268.75,Put,28000,0,0,15.1581,0,0,0
26-Dec-2028,25268.75,Put,29000,0,0,15.1581,0,0,0
26-Dec-2028,25268.75,Put,28000,0,0,15.1581,0,0,0
26-Dec-2028,25268.75,Put,19000,0,0,15.1581,0,0,0
26-Dec-2028,25268.75,Put,27000,0,0,15.1581,0,0,0
26-Dec-2028,25268.75,Put,21000,0,0,15.1581,0,16.6666666667,0
26-Dec-2028,25268.75,Put,18000,0,0,15.1581,0,1,0
26-Dec-2028,25268.75,Put,26000,0,0,15.1581,0,2,0
26-Dec-2028,25268.75,Call,31000,0,0,15.1581,0,0,0
26-Dec-2028,25268.75,Put,23000,0,0,15.1581,0,43,0
26-Dec-2028,25268.75,Put,22000,0,0,15.1581,0,5,0
26-Dec-2028,25268.75,Put,20000,0,0,15.1581,0,14.6666666667,0
26-Dec-2028,25268.75,Put,25000,0,0,15.1581,0,59.3333333333,0
26-Dec-2028,25268.75,Put,24000,0,0,15.1581,0,24,0
26-Dec-2028,25268.75,Call,30000,0,0,15.1581,0,106,0
26-Dec-2028,25268.75,Call,24000,0,0,15.1581,0,0,0
26-Dec-2028,25268.75,Put,30000,0,0,15.1581,0,0,0
27-Jun-2028,25268.75,Put,25000,0,0,15.1581,0,0,0
27-Jun-2028,25268.75,Call,31000,0,0,15.1581,0,0,0
27-Jun-2028,25268.75,Put,26000,0,0,15.1581,0,0,0
27-Jun-2028,25268.75,Put,29000,0,0,15.1581,0,0,0
27-Jun-2028,25268.75,Put,19000,0,0,15.1581,0,0,0
27-Jun-2028,25268.75,Put,20000,0,0,15.1581,0,0,0
27-Jun-2028,25268.75,Put,28000,0,0,15.1581,0,0,0
27-Jun-2028,25268.75,Put,21000,0,0,15.1581,0,0,0
27-Jun-2028,25268.75,Call,30000,0,0,15.1581,0,0,0
27-Jun-2028,25268.75,Put,24000,0,0,15.1581,0,0,0
27-Jun-2028,25268.75,Put,22000,0,0,15.1581,0,4.33333333333,0
27-Jun-2028,25268.75,Put,27000,0,0,15.1581,0,0,0
27-Jun-2028,25268.75,Put,23000,0,0,15.1581,0,0,0
28-Dec-2027,25268.75,Call,26000,0,0,15.1581,0,0,0
28-Dec-2027,25268.75,Put,29000,0,0,15.1581,0,0,0
28-Dec-2027,25268.75,Put,28000,0,0,15.1581,0,0,0
28-Dec-2027,25268.75,Put,25000,0,0,15.1581,0,25,0
28-Dec-2027,25268.75,Put,27000,0,0,15.1581,0,4,0
28-Dec-2027,25268.75,Put,20000,0,0,15.1581,0,52.6666666667,0
