28-Oct-2025,289.3,Call,290,4.8,17.1,29.6407,-517,1889,5146
28-Oct-2025,289.3,-,0,290.7,0,29.6407,507,37656,3523
28-Oct-2025,289.3,Call,295,2.65,17.26,29.6407,406,2125,2709
28-Oct-2025,289.3,Call,300,1.5,18,29.6407,-140,3737,2246
28-Oct-2025,289.3,Put,290,4.1,17.6,29.6407,27,1158,2039
28-Oct-2025,289.3,Call,292.5,3.6,17.02,29.6407,16,295,1672
28-Oct-2025,289.3,Call,285,7.8,16.54,29.6407,-127,1057,1248
28-Oct-2025,289.3,Put,285,2.15,17.9,29.6407,11,932,1149
28-Oct-2025,289.3,Call,287.5,6.15,16.88,29.6407,-75,183,744
28-Oct-2025,289.3,Put,287.5,3.05,17.56,29.6407,64,178,699
28-Oct-2025,289.3,Put,280,1.1,18.27,29.6407,4,1085,512
28-Oct-2025,289.3,Call,310,0.45,20.1,29.6407,107,1217,440
28-Oct-2025,289.3,Put,275,0.6,19.74,29.6407,-30,531,381
25-Nov-2025,289.3,-,0,288.9,0,29.6407,-32,1239,345
28-Oct-2025,289.3,Call,305,0.8,19.01,29.6407,-10,1666,276
28-Oct-2025,289.3,Put,282.5,1.6,18.11,29.6407,-12,171,274
28-Oct-2025,289.3,Put,292.5,5.6,18.15,29.6407,22,95,230
28-Oct-2025,289.3,Call,297.5,2,17.99,29.6407,-4,132,226
28-Oct-2025,289.3,Call,280,11.55,16.82,29.6407,-17,542,215
28-Oct-2025,289.3,Put,300,10.7,19.66,29.6407,-36,362,204
28-Oct-2025,289.3,Call,320,0.2,23.39,29.6407,-11,1083,139
28-Oct-2025,289.3,Put,295,7.05,18.3,29.6407,-3,271,134
28-Oct-2025,289.3,Put,270,0.3,20.83,29.6407,-12,738,126
28-Oct-2025,289.3,Call,282.5,9.55,16.86,29.6407,-1,125,89
30-Dec-2025,289.3,-,0,290.95,0,29.6407,33,100,87
25-Nov-2025,289.3,Call,300,3.8,16.18,29.6407,-40,359,83
28-Oct-2025,289.3,Put,297.5,9.05,19.18,29.6407,21,40,79
28-Oct-2025,289.3,Put,260,0.2,27.02,29.6407,-2,356,77
28-Oct-2025,289.3,Call,302.5,1.1,18.64,29.6407,13,96,72
28-Oct-2025,289.3,Put,277.5,0.75,18.54,29.6407,-17,85,67
28-Oct-2025,289.3,Call,275,16,17.19,29.6407,-11,49,61
28-Oct-2025,289.3,Call,312.5,0.35,20.79,29.6407,46,47,56
25-Nov-2025,289.3,Call,295,5.35,15.33,29.6407,40,40,55
25-Nov-2025,289.3,Call,290,7.25,13.9,29.6407,20,179,50
28-Oct-2025,289.3,Call,277.5,13.65,16.35,29.6407,6,18,49
28-Oct-2025,289.3,Put,265,0.2,23.12,29.6407,-3,327,47
28-Oct-2025,289.3,Call,307.5,0.6,19.56,29.6407,1,123,45
28-Oct-2025,289.3,Put,272.5,0.45,20.56,29.6407,13,142,42
28-Oct-2025,289.3,Call,270,20.8,18.67,29.6407,-9,47,39
28-Oct-2025,289.3,Put,302.5,12.85,18.87,29.6407,13,24,38
28-Oct-2025,289.3,Call,272.5,18.5,19.5,29.6407,-10,9,34
28-Oct-2025,289.3,Put,305,15.25,20.73,29.6407,1,25,32
25-Nov-2025,289.3,Call,310,1.8,17.41,29.6407,-2,39,26
28-Oct-2025,289.3,Call,315,0.3,21.85,29.6407,-2,628,24
28-Oct-2025,289.3,Put,310,20,23.52,29.6407,3,118,23
25-Nov-2025,289.3,Put,280,4.35,23.47,29.6407,5,373,23
28-Oct-2025,289.3,Put,255,0.1,27.75,29.6407,-2,65,18
25-Nov-2025,289.3,Put,270,1.95,23.26,29.6407,-3,96,18
28-Oct-2025,289.3,Call,325,0.15,25.23,29.6407,1,39,15
30-Dec-2025,289.3,Call,315,3.15,17.49,29.6407,-12,4,13
28-Oct-2025,289.3,Put,307.5,17.65,22.41,29.6407,2,16,11
25-Nov-2025,289.3,Put,290,8.5,24.29,29.6407,2,89,11
28-Oct-2025,289.3,Put,312.5,22.4,24.83,29.6407,6,6,10
28-Oct-2025,289.3,Call,330,0.1,26.45,29.6407,4,146,9
28-Oct-2025,289.3,Put,320,29.5,31.93,29.6407,-4,617,7
25-Nov-2025,289.3,Call,280,12.8,0,29.6407,1,20,7
25-Nov-2025,289.3,Put,300,16.1,29.72,29.6407,0,131,4
25-Nov-2025,289.3,Put,320,31.8,36.6,29.6407,2,2,4
25-Nov-2025,289.3,Put,310,23.5,31.93,29.6407,1,1,4
28-Oct-2025,289.3,Put,267.5,0.3,22.9,29.6407,0,63,3
28-Oct-2025,289.3,Put,250,0.1,31.36,29.6407,0,150,2
28-Oct-2025,289.3,Call,250,40.7,33.93,29.6407,1,2,2
25-Nov-2025,289.3,Put,287.5,7.05,23.43,29.6407,1,4,2
28-Oct-2025,289.3,Call,317.5,0.3,23.54,29.6407,0,35,1
28-Oct-2025,289.3,Call,265,22.9,0,29.6407,0,23,1
25-Nov-2025,289.3,Call,320,1.85,23.38,29.6407,0,1,1
25-Nov-2025,289.3,Call,325,1.35,23.74,29.6407,0,0,1
25-Nov-2025,289.3,Call,275,17,0,29.6407,0,1,1
25-Nov-2025,289.3,Call,330,0.9,23.6,29.6407,0,0,1
25-Nov-2025,289.3,Call,315,1.45,18.97,29.6407,0,22,1
28-Oct-2025,289.3,Call,235,0,0,29.6407,0,0,0
28-Oct-2025,289.3,Put,317.5,0,0,29.6407,0,0,0
28-Oct-2025,289.3,Put,235,0,0,29.6407,0,0,0
28-Oct-2025,289.3,Call,267.5,0,0,29.6407,0,18,0
28-Oct-2025,289.3,Call,262.5,0,0,29.6407,0,0,0
28-Oct-2025,289.3,Put,262.5,0,0,29.6407,0,6,0
28-Oct-2025,289.3,Put,335,0,0,29.6407,0,0,0
28-Oct-2025,289.3,Call,335,0,0,29.6407,0,0,0
28-Oct-2025,289.3,Call,260,0,0,29.6407,0,30,0
28-Oct-2025,289.3,Call,252.5,0,0,29.6407,0,0,0
28-Oct-2025,289.3,Put,325,0,0,29.6407,0,2,0
28-Oct-2025,289.3,Call,240,0,0,29.6407,0,0,0
28-Oct-2025,289.3,Put,252.5,0,0,29.6407,0,0,0
28-Oct-2025,289.3,Call,245,0,0,29.6407,0,0,0
28-Oct-2025,289.3,Put,257.5,0,0,29.6407,0,0,0
28-Oct-2025,289.3,Call,257.5,0,0,29.6407,0,0,0
28-Oct-2025,289.3,Call,255,0,0,29.6407,0,7,0
28-Oct-2025,289.3,Put,245,0,0,29.6407,0,1,0
28-Oct-2025,289.3,Put,240,0,0,29.6407,0,16,0
28-Oct-2025,289.3,Put,330,0,0,29.6407,0,168,0
25-Nov-2025,289.3,Put,235,0,0,29.6407,0,0,0
28-Oct-2025,289.3,Put,315,0,0,29.6407,0,7,0
25-Nov-2025,289.3,Call,250,0,0,29.6407,0,0,0
25-Nov-2025,289.3,Call,235,0,0,29.6407,0,0,0
25-Nov-2025,289.3,Put,265,0,0,29.6407,0,0,0
25-Nov-2025,289.3,Put,245,0,0,29.6407,0,0,0
25-Nov-2025,289.3,Call,240,0,0,29.6407,0,0,0
25-Nov-2025,289.3,Put,335,0,0,29.6407,0,0,0
25-Nov-2025,289.3,Put,325,0,0,29.6407,0,0,0
25-Nov-2025,289.3,Call,260,0,0,29.6407,0,41,0
25-Nov-2025,289.3,Call,245,0,0,29.6407,0,0,0
25-Nov-2025,289.3,Call,270,0,0,29.6407,0,0,0
25-Nov-2025,289.3,Put,240,0,0,29.6407,0,0,0
25-Nov-2025,289.3,Call,252.5,0,0,29.6407,0,0,0
25-Nov-2025,289.3,Put,260,0,0,29.6407,0,0,0
25-Nov-2025,289.3,Put,277.5,0,0,29.6407,0,0,0
25-Nov-2025,289.3,Put,330,0,0,29.6407,0,0,0
25-Nov-2025,289.3,Put,267.5,0,0,29.6407,0,0,0
25-Nov-2025,289.3,Call,267.5,0,0,29.6407,0,0,0
25-Nov-2025,289.3,Put,285,0,0,29.6407,0,0,0
25-Nov-2025,289.3,Put,250,0,0,29.6407,0,0,0
25-Nov-2025,289.3,Call,277.5,0,0,29.6407,0,0,0
25-Nov-2025,289.3,Put,292.5,0,0,29.6407,0,0,0
25-Nov-2025,289.3,Put,282.5,0,0,29.6407,0,0,0
25-Nov-2025,289.3,Put,272.5,0,0,29.6407,0,0,0
25-Nov-2025,289.3,Call,292.5,0,0,29.6407,0,0,0
25-Nov-2025,289.3,Call,282.5,0,0,29.6407,0,0,0
25-Nov-2025,289.3,Put,275,0,0,29.6407,0,0,0
25-Nov-2025,289.3,Call,272.5,0,0,29.6407,0,0,0
25-Nov-2025,289.3,Call,287.5,0,0,29.6407,0,0,0
25-Nov-2025,289.3,Call,285,0,0,29.6407,0,0,0
25-Nov-2025,289.3,Put,295,0,0,29.6407,0,6,0
25-Nov-2025,289.3,Call,297.5,0,0,29.6407,0,0,0
25-Nov-2025,289.3,Put,297.5,0,0,29.6407,0,0,0
25-Nov-2025,289.3,Call,302.5,0,0,29.6407,0,0,0
25-Nov-2025,289.3,Put,302.5,0,0,29.6407,0,0,0
25-Nov-2025,289.3,Call,307.5,0,0,29.6407,0,0,0
25-Nov-2025,289.3,Put,312.5,0,0,29.6407,0,0,0
25-Nov-2025,289.3,Put,315,0,0,29.6407,0,0,0
25-Nov-2025,289.3,Call,305,0,0,29.6407,0,5,0
25-Nov-2025,289.3,Call,335,0,0,29.6407,0,0,0
25-Nov-2025,289.3,Call,317.5,0,0,29.6407,0,0,0
25-Nov-2025,289.3,Put,252.5,0,0,29.6407,0,0,0
25-Nov-2025,289.3,Call,257.5,0,0,29.6407,0,0,0
25-Nov-2025,289.3,Put,255,0,0,29.6407,0,0,0
25-Nov-2025,289.3,Put,317.5,0,0,29.6407,0,0,0
25-Nov-2025,289.3,Put,305,0,0,29.6407,0,0,0
25-Nov-2025,289.3,Call,262.5,0,0,29.6407,0,0,0
30-Dec-2025,289.3,Put,275,0,0,29.6407,0,0,0
30-Dec-2025,289.3,Put,265,0,0,29.6407,0,0,0
25-Nov-2025,289.3,Put,307.5,0,0,29.6407,0,0,0
25-Nov-2025,289.3,Put,262.5,0,0,29.6407,0,0,0
25-Nov-2025,289.3,Call,312.5,0,0,29.6407,0,0,0
25-Nov-2025,289.3,Put,257.5,0,0,29.6407,0,0,0
25-Nov-2025,289.3,Call,255,0,0,29.6407,0,0,0
30-Dec-2025,289.3,Call,280,0,0,29.6407,0,0,0
30-Dec-2025,289.3,Put,290,0,0,29.6407,0,0,0
30-Dec-2025,289.3,Call,295,0,0,29.6407,0,0,0
30-Dec-2025,289.3,Put,270,0,0,29.6407,0,0,0
30-Dec-2025,289.3,Put,295,0,0,29.6407,0,0,0
30-Dec-2025,289.3,Put,260,0,0,0,0,0,0
30-Dec-2025,289.3,Call,285,0,0,29.6407,0,0,0
25-Nov-2025,289.3,Call,265,0,0,29.6407,0,0,0
30-Dec-2025,289.3,Call,300,0,0,29.6407,0,1,0
30-Dec-2025,289.3,Call,310,0,0,29.6407,0,16,0
30-Dec-2025,289.3,Put,280,0,0,29.6407,0,0,0
30-Dec-2025,289.3,Call,305,0,0,29.6407,0,0,0
30-Dec-2025,289.3,Put,285,0,0,29.6407,0,0,0
30-Dec-2025,289.3,Put,300,0,0,29.6407,0,0,0
30-Dec-2025,289.3,Call,290,0,0,29.6407,0,0,0
