28-Oct-2025,290.25,Call,290,5.25,17.45,29.6407,-367,2039,3176
28-Oct-2025,290.25,-,0,290.95,0,29.6407,42,37191,1829
28-Oct-2025,290.25,Call,300,1.8,18.63,29.6407,-253,3624,1320
28-Oct-2025,290.25,Call,285,8.25,16.81,29.6407,-64,1120,965
28-Oct-2025,290.25,Put,290,4.1,18.93,29.6407,94,1225,942
28-Oct-2025,290.25,Call,292.5,4.05,17.63,29.6407,12,291,897
28-Oct-2025,290.25,Call,295,3.05,17.95,29.6407,-21,1698,835
28-Oct-2025,290.25,Put,285,2.2,18.67,29.6407,26,947,608
28-Oct-2025,290.25,Call,287.5,6.75,16.98,29.6407,-42,216,489
28-Oct-2025,290.25,Put,287.5,3.05,18.7,29.6407,36,150,352
28-Oct-2025,290.25,Put,280,1.15,19.36,29.6407,15,1096,350
28-Oct-2025,290.25,Put,275,0.6,20.4,29.6407,6,567,227
25-Nov-2025,290.25,-,0,288.95,0,29.6407,-1,1270,208
28-Oct-2025,290.25,Call,310,0.55,20.47,29.6407,58,1168,164
28-Oct-2025,290.25,Call,297.5,2.35,18.32,29.6407,-10,126,137
28-Oct-2025,290.25,Put,292.5,5.4,19.15,29.6407,20,93,136
28-Oct-2025,290.25,Put,282.5,1.6,18.99,29.6407,-3,180,132
28-Oct-2025,290.25,Call,280,12.35,16.53,29.6407,-10,549,127
28-Oct-2025,290.25,Call,305,0.9,19.31,29.6407,13,1689,120
28-Oct-2025,290.25,Put,300,10.65,20.66,29.6407,-19,379,117
28-Oct-2025,290.25,Call,320,0.25,23.81,29.6407,-18,1076,116
28-Oct-2025,290.25,Put,295,7.05,19.77,29.6407,0,274,75
28-Oct-2025,290.25,Put,260,0.1,24.64,29.6407,-4,354,72
28-Oct-2025,290.25,Put,270,0.35,22.11,29.6407,11,761,69
28-Oct-2025,290.25,Call,282.5,10.3,17.99,29.6407,3,129,53
25-Nov-2025,290.25,Call,300,4.25,16.65,29.6407,-33,366,51
28-Oct-2025,290.25,Call,302.5,1.3,19,29.6407,6,89,46
28-Oct-2025,290.25,Put,297.5,8.8,20.32,29.6407,10,29,38
28-Oct-2025,290.25,Call,275,16.7,17.18,29.6407,-4,56,33
25-Nov-2025,290.25,Call,295,5.7,15.45,29.6407,30,30,31
28-Oct-2025,290.25,Put,272.5,0.45,21.17,29.6407,12,141,29
30-Dec-2025,290.25,-,0,290.95,0,29.6407,-11,56,28
28-Oct-2025,290.25,Call,270,21.4,14.18,29.6407,1,57,25
28-Oct-2025,290.25,Put,277.5,0.85,20,29.6407,-9,93,25
28-Oct-2025,290.25,Put,302.5,12.5,21.36,29.6407,7,18,24
25-Nov-2025,290.25,Call,290,7.6,13.64,29.6407,0,159,21
28-Oct-2025,290.25,Call,277.5,14.35,16.53,29.6407,-4,8,20
28-Oct-2025,290.25,Call,272.5,19.1,17.95,29.6407,1,20,19
28-Oct-2025,290.25,Put,305,14.65,22.1,29.6407,-3,21,19
28-Oct-2025,290.25,Put,255,0.1,28.22,29.6407,0,67,17
28-Oct-2025,290.25,Call,315,0.35,21.97,29.6407,-4,626,17
25-Nov-2025,290.25,Put,280,4.25,23.78,29.6407,0,368,16
28-Oct-2025,290.25,Call,325,0.15,24.73,29.6407,1,39,15
28-Oct-2025,290.25,Put,310,19.45,24.34,29.6407,-1,114,14
28-Oct-2025,290.25,Put,265,0.25,24.63,29.6407,1,331,12
25-Nov-2025,290.25,Put,270,1.9,23.52,29.6407,-3,96,11
28-Oct-2025,290.25,Call,312.5,0.45,21.37,29.6407,1,2,10
28-Oct-2025,290.25,Call,307.5,0.75,20.11,29.6407,2,124,10
28-Oct-2025,290.25,Put,267.5,0.3,23.46,29.6407,0,63,3
25-Nov-2025,290.25,Call,280,13.7,7.91,29.6407,0,19,3
28-Oct-2025,290.25,Call,250,40.7,0,29.6407,1,2,2
28-Oct-2025,290.25,Put,250,0.1,31.81,29.6407,0,150,2
25-Nov-2025,290.25,Put,300,15,28.06,29.6407,0,131,2
25-Nov-2025,290.25,Put,290,8.6,25.58,29.6407,1,88,2
28-Oct-2025,290.25,Call,265,22.9,0,29.6407,0,23,1
28-Oct-2025,290.25,Call,317.5,0.3,22.98,29.6407,0,35,1
25-Nov-2025,290.25,Call,330,0.9,23.2,29.6407,0,0,1
25-Nov-2025,290.25,Call,325,1.35,23.3,29.6407,0,0,1
25-Nov-2025,290.25,Call,310,2.15,18.11,29.6407,0,41,1
25-Nov-2025,290.25,Call,275,17,0,29.6407,0,1,1
25-Nov-2025,290.25,Put,287.5,9.55,30.48,29.6407,0,3,1
25-Nov-2025,290.25,Call,320,1.85,22.91,29.6407,0,1,1
28-Oct-2025,290.25,Put,245,0,0,29.6407,0,1,0
28-Oct-2025,290.25,Put,307.5,0,0,29.6407,0,14,0
28-Oct-2025,290.25,Call,245,0,0,29.6407,0,0,0
28-Oct-2025,290.25,Call,255,0,0,29.6407,0,7,0
28-Oct-2025,290.25,Call,260,0,0,29.6407,0,30,0
28-Oct-2025,290.25,Call,240,0,0,29.6407,0,0,0
28-Oct-2025,290.25,Put,320,0,0,29.6407,0,621,0
28-Oct-2025,290.25,Put,240,0,0,29.6407,0,16,0
28-Oct-2025,290.25,Put,335,0,0,29.6407,0,0,0
28-Oct-2025,290.25,Call,335,0,0,29.6407,0,0,0
28-Oct-2025,290.25,Put,312.5,0,0,29.6407,0,0,0
28-Oct-2025,290.25,Call,252.5,0,0,29.6407,0,0,0
28-Oct-2025,290.25,Put,317.5,0,0,29.6407,0,0,0
28-Oct-2025,290.25,Call,257.5,0,0,29.6407,0,0,0
28-Oct-2025,290.25,Put,252.5,0,0,29.6407,0,0,0
28-Oct-2025,290.25,Put,262.5,0,0,29.6407,0,6,0
28-Oct-2025,290.25,Call,267.5,0,0,29.6407,0,18,0
28-Oct-2025,290.25,Call,262.5,0,0,29.6407,0,0,0
28-Oct-2025,290.25,Put,257.5,0,0,29.6407,0,0,0
28-Oct-2025,290.25,Put,315,0,0,29.6407,0,7,0
28-Oct-2025,290.25,Put,235,0,0,29.6407,0,0,0
28-Oct-2025,290.25,Call,235,0,0,29.6407,0,0,0
28-Oct-2025,290.25,Call,330,0,0,29.6407,0,142,0
28-Oct-2025,290.25,Put,330,0,0,29.6407,0,168,0
28-Oct-2025,290.25,Put,325,0,0,29.6407,0,2,0
25-Nov-2025,290.25,Call,282.5,0,0,29.6407,0,0,0
25-Nov-2025,290.25,Put,282.5,0,0,29.6407,0,0,0
25-Nov-2025,290.25,Call,285,0,0,29.6407,0,0,0
25-Nov-2025,290.25,Call,312.5,0,0,29.6407,0,0,0
25-Nov-2025,290.25,Put,312.5,0,0,29.6407,0,0,0
25-Nov-2025,290.25,Call,317.5,0,0,29.6407,0,0,0
25-Nov-2025,290.25,Put,317.5,0,0,29.6407,0,0,0
25-Nov-2025,290.25,Put,260,0,0,29.6407,0,0,0
25-Nov-2025,290.25,Call,292.5,0,0,29.6407,0,0,0
25-Nov-2025,290.25,Put,305,0,0,29.6407,0,0,0
25-Nov-2025,290.25,Call,307.5,0,0,29.6407,0,0,0
25-Nov-2025,290.25,Put,330,0,0,29.6407,0,0,0
25-Nov-2025,290.25,Put,315,0,0,29.6407,0,0,0
25-Nov-2025,290.25,Put,292.5,0,0,29.6407,0,0,0
25-Nov-2025,290.25,Put,297.5,0,0,29.6407,0,0,0
25-Nov-2025,290.25,Call,335,0,0,29.6407,0,0,0
25-Nov-2025,290.25,Put,257.5,0,0,29.6407,0,0,0
25-Nov-2025,290.25,Put,295,0,0,29.6407,0,6,0
25-Nov-2025,290.25,Put,335,0,0,29.6407,0,0,0
25-Nov-2025,290.25,Put,267.5,0,0,29.6407,0,0,0
25-Nov-2025,290.25,Put,302.5,0,0,29.6407,0,0,0
25-Nov-2025,290.25,Call,302.5,0,0,29.6407,0,0,0
25-Nov-2025,290.25,Call,270,0,0,29.6407,0,0,0
25-Nov-2025,290.25,Call,297.5,0,0,29.6407,0,0,0
25-Nov-2025,290.25,Put,255,0,0,29.6407,0,0,0
25-Nov-2025,290.25,Put,310,0,0,29.6407,0,0,0
25-Nov-2025,290.25,Call,257.5,0,0,29.6407,0,0,0
25-Nov-2025,290.25,Put,235,0,0,29.6407,0,0,0
25-Nov-2025,290.25,Call,277.5,0,0,29.6407,0,0,0
25-Nov-2025,290.25,Put,272.5,0,0,29.6407,0,0,0
25-Nov-2025,290.25,Put,240,0,0,29.6407,0,0,0
25-Nov-2025,290.25,Put,265,0,0,29.6407,0,0,0
25-Nov-2025,290.25,Call,315,0,0,29.6407,0,22,0
25-Nov-2025,290.25,Call,255,0,0,29.6407,0,0,0
25-Nov-2025,290.25,Call,272.5,0,0,29.6407,0,0,0
25-Nov-2025,290.25,Call,262.5,0,0,29.6407,0,0,0
25-Nov-2025,290.25,Put,320,0,0,29.6407,0,0,0
25-Nov-2025,290.25,Call,240,0,0,29.6407,0,0,0
30-Dec-2025,290.25,Call,280,0,0,29.6407,0,0,0
25-Nov-2025,290.25,Call,265,0,0,29.6407,0,0,0
30-Dec-2025,290.25,Put,280,0,0,29.6407,0,0,0
30-Dec-2025,290.25,Put,265,0,0,29.6407,0,0,0
25-Nov-2025,290.25,Put,277.5,0,0,29.6407,0,0,0
30-Dec-2025,290.25,Put,290,0,0,29.6407,0,0,0
25-Nov-2025,290.25,Put,262.5,0,0,29.6407,0,0,0
25-Nov-2025,290.25,Put,245,0,0,29.6407,0,0,0
25-Nov-2025,290.25,Put,307.5,0,0,29.6407,0,0,0
30-Dec-2025,290.25,Call,305,0,0,29.6407,0,0,0
30-Dec-2025,290.25,Put,285,0,0,29.6407,0,0,0
25-Nov-2025,290.25,Put,325,0,0,29.6407,0,0,0
30-Dec-2025,290.25,Call,295,0,0,29.6407,0,0,0
30-Dec-2025,290.25,Put,295,0,0,29.6407,0,0,0
25-Nov-2025,290.25,Call,245,0,0,29.6407,0,0,0
30-Dec-2025,290.25,Put,300,0,0,29.6407,0,0,0
30-Dec-2025,290.25,Put,275,0,0,29.6407,0,0,0
25-Nov-2025,290.25,Call,305,0,0,29.6407,0,5,0
25-Nov-2025,290.25,Call,252.5,0,0,29.6407,0,0,0
25-Nov-2025,290.25,Put,285,0,0,29.6407,0,0,0
30-Dec-2025,290.25,Call,290,0,0,29.6407,0,0,0
25-Nov-2025,290.25,Call,250,0,0,29.6407,0,0,0
30-Dec-2025,290.25,Call,315,0,0,29.6407,0,16,0
30-Dec-2025,290.25,Call,300,0,0,29.6407,0,1,0
25-Nov-2025,290.25,Put,252.5,0,0,29.6407,0,0,0
25-Nov-2025,290.25,Call,260,0,0,29.6407,0,41,0
30-Dec-2025,290.25,Put,270,0,0,29.6407,0,0,0
30-Dec-2025,290.25,Call,310,0,0,29.6407,0,16,0
25-Nov-2025,290.25,Put,275,0,0,29.6407,0,0,0
25-Nov-2025,290.25,Call,235,0,0,29.6407,0,0,0
25-Nov-2025,290.25,Call,267.5,0,0,29.6407,0,0,0
30-Dec-2025,290.25,Call,285,0,0,29.6407,0,0,0
25-Nov-2025,290.25,Call,287.5,0,0,29.6407,0,0,0
25-Nov-2025,290.25,Put,250,0,0,29.6407,0,0,0
