28-Oct-2025,883.1,Call,880,18.15,17.21,26.3948,204,9876,24916
28-Oct-2025,883.1,Call,900,9,17.86,26.3948,-1318,8499,19859
28-Oct-2025,883.1,-,0,886.9,0,26.3948,1036,126160,16528
28-Oct-2025,883.1,Call,870,24.35,17.19,26.3948,-2699,4642,16299
28-Oct-2025,883.1,Call,890,13,17.56,26.3948,2631,5477,15135
28-Oct-2025,883.1,Put,870,7.6,19.36,26.3948,1060,5516,9413
28-Oct-2025,883.1,Put,860,5.05,19.6,26.3948,536,3368,7805
28-Oct-2025,883.1,Call,875,21.1,17.09,26.3948,-764,1603,7524
28-Oct-2025,883.1,Call,860,31.95,17.09,26.3948,-1075,2296,7347
28-Oct-2025,883.1,Call,920,4.15,18.73,26.3948,-517,5301,7149
28-Oct-2025,883.1,Put,850,3.3,20.03,26.3948,546,3013,6166
28-Oct-2025,883.1,Put,880,11.2,19.49,26.3948,1629,3481,5864
28-Oct-2025,883.1,Call,885,15.4,17.28,26.3948,512,1678,5338
28-Oct-2025,883.1,Call,910,6.15,18.1,26.3948,-80,1816,4524
28-Oct-2025,883.1,Put,865,6.1,19.37,26.3948,231,1367,4337
28-Oct-2025,883.1,Call,865,28,17.06,26.3948,-593,955,4012
28-Oct-2025,883.1,Put,875,9.3,19.29,26.3948,859,1920,3691
28-Oct-2025,883.1,Put,840,2.25,20.82,26.3948,329,3303,2999
28-Oct-2025,883.1,Put,855,4.1,19.87,26.3948,54,586,2846
28-Oct-2025,883.1,Call,940,1.9,20.05,26.3948,-206,1502,2474
28-Oct-2025,883.1,Call,895,10.8,17.66,26.3948,225,634,2346
28-Oct-2025,883.1,Call,930,2.8,19.33,26.3948,385,1402,2264
28-Oct-2025,883.1,Call,950,1.25,20.51,26.3948,-55,2546,2215
28-Oct-2025,883.1,Put,845,2.7,20.42,26.3948,1,361,1896
28-Oct-2025,883.1,Call,905,7.45,17.93,26.3948,26,438,1543
28-Oct-2025,883.1,Put,830,1.6,21.96,26.3948,85,2753,1534
28-Oct-2025,883.1,Put,820,1.2,23.34,26.3948,-41,3848,1528
25-Nov-2025,883.1,-,0,891.8,0,26.3948,144,3725,1383
28-Oct-2025,883.1,Put,885,13.5,19.54,26.3948,477,696,1300
28-Oct-2025,883.1,Call,915,5.05,18.43,26.3948,-25,620,1198
28-Oct-2025,883.1,Call,850,40,16.59,26.3948,-296,817,1150
28-Oct-2025,883.1,Call,980,0.55,23.91,26.3948,-251,957,1090
28-Oct-2025,883.1,Put,890,16,19.57,26.3948,273,659,1000
28-Oct-2025,883.1,Put,900,22,19.84,26.3948,-16,1881,954
28-Oct-2025,883.1,Call,960,0.9,21.37,26.3948,54,1966,920
28-Oct-2025,883.1,Put,800,0.7,26.08,26.3948,170,2771,876
28-Oct-2025,883.1,Call,1000,0.4,26.12,26.3948,136,1319,852
28-Oct-2025,883.1,Call,855,35.45,16.21,26.3948,-49,337,710
28-Oct-2025,883.1,Call,970,0.65,22.18,26.3948,238,531,678
28-Oct-2025,883.1,Call,925,3.4,18.95,26.3948,23,282,626
28-Oct-2025,883.1,Put,810,0.9,24.92,26.3948,-23,1055,554
28-Oct-2025,883.1,Put,835,1.85,21.55,26.3948,-22,485,553
25-Nov-2025,883.1,Put,840,7.05,21.01,26.3948,217,610,524
28-Oct-2025,883.1,Put,790,0.45,26.62,26.3948,15,403,478
25-Nov-2025,883.1,Call,900,21.15,18.76,26.3948,33,584,461
28-Oct-2025,883.1,Put,815,1,23.81,26.3948,40,265,446
28-Oct-2025,883.1,Put,825,1.4,22.71,26.3948,-128,500,382
28-Oct-2025,883.1,Put,780,0.3,27.36,26.3948,4,622,377
28-Oct-2025,883.1,Put,895,18.7,19.67,26.3948,105,200,352
28-Oct-2025,883.1,Call,935,2.25,19.48,26.3948,21,282,227
28-Oct-2025,883.1,Put,760,0.25,31.28,26.3948,6,336,210
25-Nov-2025,883.1,Call,880,30.7,17.96,26.3948,9,139,195
30-Dec-2025,883.1,-,0,896.5,0,26.3948,3,310,188
28-Oct-2025,883.1,Call,800,87.45,0,26.3948,31,695,179
25-Nov-2025,883.1,Put,850,9,20.58,26.3948,67,167,170
28-Oct-2025,883.1,Call,840,48.6,14.39,26.3948,-46,803,163
25-Nov-2025,883.1,Call,920,13.95,19.31,26.3948,57,363,163
25-Nov-2025,883.1,Call,1000,2.5,21.96,26.3948,71,172,128
28-Oct-2025,883.1,Call,820,67.95,0,26.3948,-59,448,127
25-Nov-2025,883.1,Put,860,11.5,20.57,26.3948,-9,251,121
28-Oct-2025,883.1,Call,845,43.5,15.43,26.3948,13,181,110
28-Oct-2025,883.1,Call,830,57.55,12.66,26.3948,15,497,104
25-Nov-2025,883.1,Put,880,19,20.63,26.3948,31,40,102
25-Nov-2025,883.1,Put,820,4.1,21.6,26.3948,-23,354,101
28-Oct-2025,883.1,Put,750,0.15,31.5,26.3948,0,317,93
28-Oct-2025,883.1,Put,905,25.5,20.6,26.3948,30,143,87
28-Oct-2025,883.1,Put,770,0.2,28.11,26.3948,-1,726,84
28-Oct-2025,883.1,Put,920,37.5,21.63,26.3948,-10,326,81
25-Nov-2025,883.1,Call,960,5.95,20.54,26.3948,0,394,79
25-Nov-2025,883.1,Call,870,36.4,17.42,26.3948,-2,84,67
28-Oct-2025,883.1,Put,910,29.85,20.75,26.3948,22,95,63
25-Nov-2025,883.1,Call,930,11,19.37,26.3948,42,109,62
25-Nov-2025,883.1,Put,870,15,20.51,26.3948,6,75,57
25-Nov-2025,883.1,Put,900,29.75,21.5,26.3948,31,82,53
25-Nov-2025,883.1,Call,860,42.15,16.95,26.3948,-11,176,53
25-Nov-2025,883.1,Put,800,2.8,23.26,26.3948,9,470,48
25-Nov-2025,883.1,Call,890,25.5,18.58,26.3948,15,32,47
25-Nov-2025,883.1,Call,850,50.05,17.36,26.3948,-13,52,46
28-Oct-2025,883.1,Call,835,53.5,11.04,26.3948,9,81,44
28-Oct-2025,883.1,Call,990,0.45,24.71,26.3948,-2,95,41
28-Oct-2025,883.1,Put,915,33.85,21.3,26.3948,7,67,40
25-Nov-2025,883.1,Call,840,57,15.76,26.3948,-3,128,31
28-Oct-2025,883.1,Put,740,0.15,33.73,26.3948,-4,208,27
28-Oct-2025,883.1,Put,925,41.9,21.98,26.3948,14,14,21
28-Oct-2025,883.1,Put,950,65.55,27.09,26.3948,4,160,14
28-Oct-2025,883.1,Put,700,0.1,40.94,26.3948,0,116,13
25-Nov-2025,883.1,Put,830,5.35,21.09,26.3948,-4,46,13
30-Dec-2025,883.1,Call,900,32.65,18.76,26.3948,6,10,12
28-Oct-2025,883.1,Put,805,0.75,25.1,26.3948,2,23,11
30-Dec-2025,883.1,Call,980,5.65,16.74,26.3948,1,43,11
25-Nov-2025,883.1,Put,810,3.35,22.33,26.3948,-5,34,10
28-Oct-2025,883.1,Call,810,75.4,0,26.3948,5,305,9
25-Nov-2025,883.1,Call,950,7.25,20.06,26.3948,4,4,7
25-Nov-2025,883.1,Call,940,9,19.84,26.3948,5,5,7
25-Nov-2025,883.1,Call,800,93,0,26.3948,0,87,5
25-Nov-2025,883.1,Put,780,2.05,25.31,26.3948,3,4,4
28-Oct-2025,883.1,Put,980,96.7,38.53,26.3948,-1,56,3
28-Oct-2025,883.1,Put,960,74.05,32.8,26.3948,1,12,2
28-Oct-2025,883.1,Call,790,91,0,26.3948,0,56,2
28-Oct-2025,883.1,Call,780,104.75,0,26.3948,0,49,2
25-Nov-2025,883.1,Call,865,32,9.97,26.3948,0,3,2
25-Nov-2025,883.1,Call,875,25.1,10.73,26.3948,1,2,2
25-Nov-2025,883.1,Call,820,74,12.65,26.3948,0,64,2
25-Nov-2025,883.1,Put,865,12.6,19.9,26.3948,1,1,2
28-Oct-2025,883.1,Put,1000,117.1,45.07,26.3948,0,2,1
25-Nov-2025,883.1,Call,830,57.5,0,26.3948,0,0,1
25-Nov-2025,883.1,Call,905,17.25,17.51,26.3948,0,0,1
25-Nov-2025,883.1,Put,845,7.95,0,26.3948,0,3,1
25-Nov-2025,883.1,Put,875,18,21.46,26.3948,0,0,1
30-Dec-2025,883.1,Put,850,11.9,19.41,26.3948,0,7,1
30-Dec-2025,883.1,Call,1000,4.8,18.45,26.3948,0,4,1
28-Oct-2025,883.1,Put,720,0,0,26.3948,0,43,0
28-Oct-2025,883.1,Call,805,0,0,26.3948,0,0,0
28-Oct-2025,883.1,Call,825,0,0,26.3948,0,0,0
28-Oct-2025,883.1,Call,815,0,0,26.3948,0,0,0
28-Oct-2025,883.1,Put,930,0,0,26.3948,0,34,0
28-Oct-2025,883.1,Put,730,0,0,26.3948,0,5,0
28-Oct-2025,883.1,Call,740,0,0,26.3948,0,42,0
28-Oct-2025,883.1,Put,990,0,0,26.3948,0,0,0
28-Oct-2025,883.1,Call,750,0,0,26.3948,0,197,0
28-Oct-2025,883.1,Call,770,0,0,26.3948,0,50,0
28-Oct-2025,883.1,Put,940,0,0,26.3948,0,87,0
28-Oct-2025,883.1,Put,970,0,0,26.3948,0,0,0
28-Oct-2025,883.1,Put,935,0,0,26.3948,0,0,0
28-Oct-2025,883.1,Call,680,0,0,26.3948,0,11,0
28-Oct-2025,883.1,Call,700,0,0,26.3948,0,165,0
28-Oct-2025,883.1,Call,760,0,0,26.3948,0,40,0
25-Nov-2025,883.1,Put,915,0,0,26.3948,0,0,0
25-Nov-2025,883.1,Call,925,0,0,26.3948,0,1,0
25-Nov-2025,883.1,Put,925,0,0,26.3948,0,0,0
25-Nov-2025,883.1,Put,930,0,0,26.3948,0,0,0
25-Nov-2025,883.1,Put,950,0,0,26.3948,0,0,0
25-Nov-2025,883.1,Call,810,0,0,26.3948,0,0,0
25-Nov-2025,883.1,Call,815,0,0,26.3948,0,0,0
25-Nov-2025,883.1,Call,825,0,0,26.3948,0,0,0
25-Nov-2025,883.1,Put,825,0,0,26.3948,0,0,0
25-Nov-2025,883.1,Call,835,0,0,26.3948,0,0,0
25-Nov-2025,883.1,Put,835,0,0,26.3948,0,0,0
25-Nov-2025,883.1,Call,845,0,0,26.3948,0,0,0
25-Nov-2025,883.1,Put,935,0,0,26.3948,0,0,0
25-Nov-2025,883.1,Put,770,0,0,26.3948,0,0,0
25-Nov-2025,883.1,Put,790,0,0,26.3948,0,0,0
25-Nov-2025,883.1,Put,920,0,0,26.3948,0,0,0
25-Nov-2025,883.1,Put,940,0,0,26.3948,0,0,0
25-Nov-2025,883.1,Put,970,0,0,26.3948,0,0,0
25-Nov-2025,883.1,Call,750,0,0,26.3948,0,0,0
25-Nov-2025,883.1,Call,770,0,0,26.3948,0,0,0
25-Nov-2025,883.1,Call,790,0,0,26.3948,0,0,0
25-Nov-2025,883.1,Put,805,0,0,26.3948,0,0,0
25-Nov-2025,883.1,Put,855,0,0,26.3948,0,0,0
25-Nov-2025,883.1,Call,885,0,0,26.3948,0,0,0
25-Nov-2025,883.1,Call,895,0,0,26.3948,0,0,0
25-Nov-2025,883.1,Put,895,0,0,26.3948,0,0,0
25-Nov-2025,883.1,Put,905,0,0,26.3948,0,0,0
25-Nov-2025,883.1,Put,740,0,0,26.3948,0,0,0
25-Nov-2025,883.1,Call,980,0,0,26.3948,0,0,0
25-Nov-2025,883.1,Put,760,0,0,26.3948,0,0,0
25-Nov-2025,883.1,Call,805,0,0,26.3948,0,0,0
25-Nov-2025,883.1,Put,815,0,0,26.3948,0,0,0
25-Nov-2025,883.1,Put,885,0,0,26.3948,0,0,0
25-Nov-2025,883.1,Call,855,0,0,26.3948,0,12,0
25-Nov-2025,883.1,Call,740,0,0,26.3948,0,0,0
30-Dec-2025,883.1,Put,870,0,0,26.3948,0,0,0
25-Nov-2025,883.1,Put,910,0,0,26.3948,0,0,0
25-Nov-2025,883.1,Call,760,0,0,26.3948,0,0,0
30-Dec-2025,883.1,Call,880,0,0,26.3948,0,2,0
25-Nov-2025,883.1,Put,960,0,0,26.3948,0,0,0
25-Nov-2025,883.1,Put,750,0,0,26.3948,0,0,0
30-Dec-2025,883.1,Call,870,0,0,26.3948,0,0,0
30-Dec-2025,883.1,Put,890,0,0,26.3948,0,0,0
30-Dec-2025,883.1,Call,960,0,0,26.3948,0,0,0
30-Dec-2025,883.1,Put,920,0,0,0,0,0,0
30-Dec-2025,883.1,Put,780,0,0,26.3948,0,0,0
30-Dec-2025,883.1,Put,910,0,0,26.3948,0,0,0
30-Dec-2025,883.1,Put,880,0,0,26.3948,0,0,0
30-Dec-2025,883.1,Put,930,0,0,0,0,0,0
25-Nov-2025,883.1,Put,990,0,0,26.3948,0,0,0
30-Dec-2025,883.1,Put,820,0,0,26.3948,0,0,0
30-Dec-2025,883.1,Call,920,0,0,26.3948,0,0,0
30-Dec-2025,883.1,Put,800,0,0,26.3948,0,0,0
25-Nov-2025,883.1,Call,910,0,0,26.3948,0,1,0
30-Dec-2025,883.1,Call,840,0,0,26.3948,0,0,0
30-Dec-2025,883.1,Put,860,0,0,26.3948,0,0,0
25-Nov-2025,883.1,Call,970,0,0,26.3948,0,0,0
25-Nov-2025,883.1,Call,990,0,0,26.3948,0,0,0
25-Nov-2025,883.1,Call,915,0,0,26.3948,0,0,0
30-Dec-2025,883.1,Call,930,0,0,26.3948,0,0,0
25-Nov-2025,883.1,Call,935,0,0,26.3948,0,0,0
30-Dec-2025,883.1,Call,860,0,0,26.3948,0,1,0
25-Nov-2025,883.1,Put,980,0,0,26.3948,0,0,0
30-Dec-2025,883.1,Put,760,0,0,26.3948,0,0,0
25-Nov-2025,883.1,Put,890,0,0,26.3948,0,0,0
30-Dec-2025,883.1,Put,840,0,0,26.3948,0,0,0
25-Nov-2025,883.1,Call,780,0,0,26.3948,0,0,0
30-Dec-2025,883.1,Put,740,0,0,26.3948,0,0,0
30-Dec-2025,883.1,Call,940,0,0,26.3948,0,0,0
30-Dec-2025,883.1,Put,900,0,0,26.3948,0,0,0
30-Dec-2025,883.1,Put,830,0,0,26.3948,0,0,0
30-Dec-2025,883.1,Call,910,0,0,26.3948,0,0,0
30-Dec-2025,883.1,Call,890,0,0,26.3948,0,0,0
30-Dec-2025,883.1,Put,810,0,0,26.3948,0,0,0
