28-Oct-2025,881.3,Call,880,16.25,17.2,26.3948,-204,9468,35574
28-Oct-2025,881.3,Call,900,7.55,17.46,26.3948,-643,9174,29001
28-Oct-2025,881.3,-,0,885.45,0,26.3948,1447,126571,24245
28-Oct-2025,881.3,Call,890,11.3,17.16,26.3948,2837,5683,22470
28-Oct-2025,881.3,Call,870,22.55,17.51,26.3948,-3328,4013,19431
28-Oct-2025,881.3,Put,870,7.3,17.91,26.3948,704,5160,13953
28-Oct-2025,881.3,Put,880,11.1,17.69,26.3948,1918,3770,12305
28-Oct-2025,881.3,Put,860,4.85,18.37,26.3948,588,3420,10880
28-Oct-2025,881.3,Call,920,3.35,18.22,26.3948,-206,5612,9799
28-Oct-2025,881.3,Call,885,13.45,17.2,26.3948,400,1566,9481
28-Oct-2025,881.3,Call,875,19.1,16.73,26.3948,-848,1519,9183
28-Oct-2025,881.3,Put,850,3.15,19.06,26.3948,474,2941,9174
28-Oct-2025,881.3,Call,860,30,17.47,26.3948,-1289,2082,8396
28-Oct-2025,881.3,Put,875,9.1,17.74,26.3948,911,1972,6837
28-Oct-2025,881.3,Call,910,4.95,17.49,26.3948,-189,1707,6543
28-Oct-2025,881.3,Put,865,5.95,18.08,26.3948,257,1393,6082
28-Oct-2025,881.3,Call,865,25.9,17.14,26.3948,-660,888,4519
28-Oct-2025,881.3,Put,840,2.1,19.92,26.3948,386,3360,4290
28-Oct-2025,881.3,Put,855,3.95,18.58,26.3948,140,672,4119
28-Oct-2025,881.3,Call,895,9.1,16.99,26.3948,115,524,3760
28-Oct-2025,881.3,Call,940,1.45,19.24,26.3948,-203,1505,3426
28-Oct-2025,881.3,Call,930,2.15,18.58,26.3948,496,1513,3089
28-Oct-2025,881.3,Call,950,1,20.17,26.3948,-50,2551,3002
28-Oct-2025,881.3,Put,885,13.55,17.66,26.3948,434,653,2849
28-Oct-2025,881.3,Put,845,2.65,19.5,26.3948,-14,346,2618
28-Oct-2025,881.3,Call,905,6,17.17,26.3948,13,425,2520
28-Oct-2025,881.3,Put,830,1.55,21.25,26.3948,113,2781,2172
28-Oct-2025,881.3,Put,890,16,17.84,26.3948,278,664,2165
28-Oct-2025,881.3,Put,820,1.15,22.68,26.3948,-151,3738,2125
25-Nov-2025,881.3,-,0,889.7,0,26.3948,172,3753,2029
28-Oct-2025,881.3,Call,915,3.95,17.85,26.3948,20,665,1859
28-Oct-2025,881.3,Put,900,22.65,18.4,26.3948,-49,1848,1831
28-Oct-2025,881.3,Call,850,38.45,17.37,26.3948,-328,785,1520
28-Oct-2025,881.3,Call,980,0.5,23.75,26.3948,-321,887,1497
28-Oct-2025,881.3,Put,800,0.65,25.5,26.3948,41,2642,1487
28-Oct-2025,881.3,Call,960,0.7,20.95,26.3948,67,1979,1255
28-Oct-2025,881.3,Call,1000,0.35,26.14,26.3948,117,1300,1209
28-Oct-2025,881.3,Call,970,0.5,21.76,26.3948,181,474,979
25-Nov-2025,881.3,Put,840,7.2,20.44,26.3948,85,478,833
28-Oct-2025,881.3,Call,855,34,17.72,26.3948,-48,338,812
28-Oct-2025,881.3,Call,925,2.65,18.2,26.3948,45,304,799
28-Oct-2025,881.3,Put,810,0.9,24.03,26.3948,-5,1073,732
25-Nov-2025,881.3,Call,900,20.5,18.96,26.3948,20,571,727
28-Oct-2025,881.3,Put,835,1.8,20.52,26.3948,1,508,723
28-Oct-2025,881.3,Put,895,18.9,17.99,26.3948,93,188,700
28-Oct-2025,881.3,Put,780,0.4,27.46,26.3948,-62,556,578
28-Oct-2025,881.3,Put,815,0.95,23.17,26.3948,13,238,573
28-Oct-2025,881.3,Put,790,0.45,26.07,26.3948,-4,384,519
28-Oct-2025,881.3,Put,825,1.3,21.84,26.3948,-130,498,440
28-Oct-2025,881.3,Call,935,1.7,19.02,26.3948,9,270,409
30-Dec-2025,881.3,-,0,895.45,0,26.3948,134,441,393
25-Nov-2025,881.3,Call,920,13.35,19.25,26.3948,192,498,393
25-Nov-2025,881.3,Call,880,30,18.65,26.3948,39,169,286
25-Nov-2025,881.3,Call,1000,2.25,21.96,26.3948,111,212,249
25-Nov-2025,881.3,Put,820,4.45,21.57,26.3948,-87,290,245
25-Nov-2025,881.3,Call,890,25,19.36,26.3948,188,205,239
28-Oct-2025,881.3,Call,800,85.55,15.58,26.3948,48,712,238
28-Oct-2025,881.3,Put,760,0.2,29.89,26.3948,7,337,215
28-Oct-2025,881.3,Call,840,47.4,19.56,26.3948,-40,809,212
25-Nov-2025,881.3,Put,850,9.5,20.48,26.3948,66,166,212
28-Oct-2025,881.3,Call,820,65.15,17.6,26.3948,-73,434,204
25-Nov-2025,881.3,Call,960,5.5,20.58,26.3948,10,404,184
28-Oct-2025,881.3,Call,830,56.05,19.69,26.3948,14,496,160
25-Nov-2025,881.3,Put,880,19.4,20.32,26.3948,79,88,153
25-Nov-2025,881.3,Put,860,11.8,20.53,26.3948,1,261,150
28-Oct-2025,881.3,Put,905,25.7,19.09,26.3948,28,141,141
28-Oct-2025,881.3,Call,845,42.25,18.52,26.3948,11,179,140
25-Nov-2025,881.3,Put,900,29.8,21.03,26.3948,88,139,136
28-Oct-2025,881.3,Put,920,38.3,20.35,26.3948,3,339,134
28-Oct-2025,881.3,Put,770,0.25,28.46,26.3948,-13,714,109
28-Oct-2025,881.3,Put,750,0.2,32.16,26.3948,-56,261,109
25-Nov-2025,881.3,Call,930,11.15,20.16,26.3948,70,137,109
25-Nov-2025,881.3,Put,830,5.7,21.1,26.3948,55,105,95
28-Oct-2025,881.3,Put,910,29.65,18.5,26.3948,19,92,93
25-Nov-2025,881.3,Put,870,15,19.75,26.3948,21,90,92
25-Nov-2025,881.3,Put,800,3,23.23,26.3948,14,475,89
28-Oct-2025,881.3,Call,990,0.4,24.81,26.3948,0,97,88
25-Nov-2025,881.3,Call,870,36.25,18.36,26.3948,-3,83,88
28-Oct-2025,881.3,Put,915,34.75,19.67,26.3948,10,70,67
25-Nov-2025,881.3,Call,860,42.75,19.35,26.3948,-13,174,61
28-Oct-2025,881.3,Call,835,51.4,19.39,26.3948,17,89,61
25-Nov-2025,881.3,Call,840,57.75,19.65,26.3948,-3,128,58
25-Nov-2025,881.3,Call,850,48.45,17.84,26.3948,-16,49,58
28-Oct-2025,881.3,Put,925,43.05,20.03,26.3948,42,42,55
25-Nov-2025,881.3,Call,940,8.5,19.86,26.3948,33,33,38
28-Oct-2025,881.3,Put,740,0.15,33.26,26.3948,-29,183,38
28-Oct-2025,881.3,Put,930,48,21.54,26.3948,-5,29,30
25-Nov-2025,881.3,Put,825,4.85,21.06,26.3948,20,20,29
28-Oct-2025,881.3,Call,810,75.3,21.65,26.3948,-2,298,28
30-Dec-2025,881.3,Call,980,7.3,18.72,26.3948,-3,39,25
25-Nov-2025,881.3,Put,810,3.5,22.14,26.3948,-3,36,23
28-Oct-2025,881.3,Put,950,63.85,0,26.3948,3,159,21
30-Dec-2025,881.3,Put,850,12.8,19.62,26.3948,17,24,20
30-Dec-2025,881.3,Call,900,28,16.76,26.3948,17,21,20
25-Nov-2025,881.3,Call,950,7.25,20.71,26.3948,16,16,18
28-Oct-2025,881.3,Put,700,0.15,40.5,26.3948,0,116,16
28-Oct-2025,881.3,Put,805,0.65,23.87,26.3948,4,25,13
28-Oct-2025,881.3,Put,960,74.85,18.76,26.3948,3,14,7
28-Oct-2025,881.3,Call,780,104.3,0,26.3948,3,52,6
25-Nov-2025,881.3,Call,800,93,21.45,26.3948,0,87,5
28-Oct-2025,881.3,Put,940,55.7,0,26.3948,1,88,4
28-Oct-2025,881.3,Put,980,94.65,21.61,26.3948,-2,55,4
25-Nov-2025,881.3,Put,780,2.05,24.9,26.3948,3,4,4
25-Nov-2025,881.3,Call,875,33.3,19.43,26.3948,0,1,3
25-Nov-2025,881.3,Put,875,17,19.81,26.3948,2,2,3
28-Oct-2025,881.3,Call,790,91,0,26.3948,0,56,2
25-Nov-2025,881.3,Call,820,74,19.06,26.3948,0,64,2
25-Nov-2025,881.3,Call,865,32,12.28,26.3948,0,3,2
25-Nov-2025,881.3,Put,865,12.6,19.18,26.3948,1,1,2
28-Oct-2025,881.3,Put,1000,114,0,26.3948,1,3,2
25-Nov-2025,881.3,Call,910,17,19.76,26.3948,1,2,2
25-Nov-2025,881.3,Call,905,17.25,18.4,26.3948,0,0,1
25-Nov-2025,881.3,Put,895,31.85,24.28,26.3948,0,0,1
25-Nov-2025,881.3,Put,885,25.75,23.4,26.3948,0,0,1
25-Nov-2025,881.3,Call,830,57.5,0,26.3948,0,0,1
25-Nov-2025,881.3,Put,845,7.95,20.15,26.3948,0,3,1
30-Dec-2025,881.3,Call,1000,4.8,18.83,26.3948,0,4,1
28-Oct-2025,881.3,Call,805,0,0,26.3948,0,0,0
28-Oct-2025,881.3,Call,750,0,0,26.3948,0,197,0
28-Oct-2025,881.3,Call,770,0,0,26.3948,0,50,0
28-Oct-2025,881.3,Call,680,0,0,26.3948,0,11,0
28-Oct-2025,881.3,Call,700,0,0,26.3948,0,165,0
28-Oct-2025,881.3,Call,760,0,0,26.3948,0,40,0
28-Oct-2025,881.3,Put,730,0,0,26.3948,0,5,0
28-Oct-2025,881.3,Put,990,0,0,26.3948,0,0,0
28-Oct-2025,881.3,Call,740,0,0,26.3948,0,42,0
25-Nov-2025,881.3,Call,740,0,0,26.3948,0,0,0
25-Nov-2025,881.3,Put,935,0,0,26.3948,0,0,0
25-Nov-2025,881.3,Call,805,0,0,26.3948,0,0,0
25-Nov-2025,881.3,Call,980,0,0,26.3948,0,0,0
25-Nov-2025,881.3,Call,750,0,0,26.3948,0,0,0
25-Nov-2025,881.3,Call,780,0,0,26.3948,0,0,0
25-Nov-2025,881.3,Put,740,0,0,26.3948,0,0,0
25-Nov-2025,881.3,Call,760,0,0,26.3948,0,0,0
28-Oct-2025,881.3,Put,935,0,0,26.3948,0,0,0
25-Nov-2025,881.3,Put,835,0,0,26.3948,0,0,0
28-Oct-2025,881.3,Call,815,0,0,26.3948,0,0,0
30-Dec-2025,881.3,Put,910,0,0,26.3948,0,0,0
25-Nov-2025,881.3,Put,770,0,0,26.3948,0,0,0
25-Nov-2025,881.3,Call,885,0,0,26.3948,0,0,0
25-Nov-2025,881.3,Put,915,0,0,26.3948,0,0,0
25-Nov-2025,881.3,Put,980,0,0,26.3948,0,0,0
30-Dec-2025,881.3,Put,820,0,0,26.3948,0,0,0
30-Dec-2025,881.3,Put,810,0,0,26.3948,0,0,0
25-Nov-2025,881.3,Call,915,0,0,26.3948,0,0,0
30-Dec-2025,881.3,Call,840,0,0,26.3948,0,0,0
30-Dec-2025,881.3,Put,920,0,0,0,0,0,0
30-Dec-2025,881.3,Put,930,0,0,0,0,0,0
30-Dec-2025,881.3,Put,890,0,0,26.3948,0,0,0
30-Dec-2025,881.3,Call,890,0,0,26.3948,0,0,0
25-Nov-2025,881.3,Put,905,0,0,26.3948,0,0,0
30-Dec-2025,881.3,Put,840,0,0,26.3948,0,0,0
25-Nov-2025,881.3,Put,910,0,0,26.3948,0,0,0
30-Dec-2025,881.3,Call,910,0,0,26.3948,0,0,0
25-Nov-2025,881.3,Put,960,0,0,26.3948,0,0,0
30-Dec-2025,881.3,Put,860,0,0,26.3948,0,0,0
30-Dec-2025,881.3,Call,880,0,0,26.3948,0,2,0
25-Nov-2025,881.3,Put,920,0,0,26.3948,0,0,0
25-Nov-2025,881.3,Put,940,0,0,26.3948,0,0,0
25-Nov-2025,881.3,Put,930,0,0,26.3948,0,0,0
28-Oct-2025,881.3,Call,825,0,0,26.3948,0,0,0
25-Nov-2025,881.3,Call,825,0,0,26.3948,0,0,0
25-Nov-2025,881.3,Call,790,0,0,26.3948,0,0,0
25-Nov-2025,881.3,Call,970,0,0,26.3948,0,0,0
25-Nov-2025,881.3,Call,990,0,0,26.3948,0,0,0
25-Nov-2025,881.3,Call,770,0,0,26.3948,0,0,0
25-Nov-2025,881.3,Put,815,0,0,26.3948,0,0,0
25-Nov-2025,881.3,Call,895,0,0,26.3948,0,0,0
25-Nov-2025,881.3,Call,845,0,0,26.3948,0,0,0
25-Nov-2025,881.3,Put,990,0,0,26.3948,0,0,0
30-Dec-2025,881.3,Put,760,0,0,26.3948,0,0,0
30-Dec-2025,881.3,Call,940,0,0,26.3948,0,0,0
25-Nov-2025,881.3,Put,760,0,0,26.3948,0,0,0
30-Dec-2025,881.3,Put,830,0,0,26.3948,0,0,0
30-Dec-2025,881.3,Call,930,0,0,26.3948,0,0,0
28-Oct-2025,881.3,Put,970,0,0,26.3948,0,0,0
25-Nov-2025,881.3,Call,815,0,0,26.3948,0,0,0
25-Nov-2025,881.3,Put,790,0,0,26.3948,0,0,0
25-Nov-2025,881.3,Call,855,0,0,26.3948,0,12,0
25-Nov-2025,881.3,Put,950,0,0,26.3948,0,0,0
25-Nov-2025,881.3,Call,810,0,0,26.3948,0,0,0
25-Nov-2025,881.3,Put,855,0,0,26.3948,0,0,0
25-Nov-2025,881.3,Put,805,0,0,26.3948,0,0,0
28-Oct-2025,881.3,Put,720,0,0,26.3948,0,43,0
30-Dec-2025,881.3,Put,780,0,0,26.3948,0,0,0
30-Dec-2025,881.3,Put,800,0,0,26.3948,0,0,0
25-Nov-2025,881.3,Put,970,0,0,26.3948,0,0,0
25-Nov-2025,881.3,Put,750,0,0,26.3948,0,0,0
30-Dec-2025,881.3,Call,860,0,0,26.3948,0,1,0
30-Dec-2025,881.3,Put,900,0,0,26.3948,0,0,0
30-Dec-2025,881.3,Call,960,0,0,26.3948,0,0,0
30-Dec-2025,881.3,Put,740,0,0,26.3948,0,0,0
25-Nov-2025,881.3,Put,890,0,0,26.3948,0,0,0
30-Dec-2025,881.3,Put,870,0,0,26.3948,0,0,0
25-Nov-2025,881.3,Put,925,0,0,26.3948,0,0,0
30-Dec-2025,881.3,Call,870,0,0,26.3948,0,0,0
30-Dec-2025,881.3,Call,920,0,0,26.3948,0,0,0
25-Nov-2025,881.3,Call,925,0,0,26.3948,0,1,0
25-Nov-2025,881.3,Call,935,0,0,26.3948,0,0,0
25-Nov-2025,881.3,Call,835,0,0,26.3948,0,0,0
30-Dec-2025,881.3,Put,880,0,0,26.3948,0,0,0
