28-Oct-2025,678,Call,700,2.6,39.64,35.8666,1210,18302,43722
28-Oct-2025,678,Call,690,4.4,36.23,35.8666,424,7797,36040
28-Oct-2025,678,Put,670,3.7,30.19,35.8666,-17,4836,35823
28-Oct-2025,678,Call,720,0.95,45.9,35.8666,-700,17575,29843
28-Oct-2025,678,Call,750,0.3,54.11,35.8666,-2152,11786,28160
28-Oct-2025,678,Call,710,1.5,42.21,35.8666,367,13148,27542
28-Oct-2025,678,Call,680,7.1,31.98,35.8666,630,6009,24742
28-Oct-2025,678,Put,660,1.7,32.1,35.8666,126,3665,22108
28-Oct-2025,678,Call,740,0.4,51.85,35.8666,-759,12180,20713
28-Oct-2025,678,Call,730,0.6,48.77,35.8666,108,10207,19558
28-Oct-2025,678,Put,680,8.2,32.02,35.8666,-20,4649,19470
28-Oct-2025,678,-,0,678.4,0,35.8666,-1287,54412,19121
28-Oct-2025,678,Put,650,0.85,35.32,35.8666,-386,4561,17098
28-Oct-2025,678,Put,640,0.5,39.59,35.8666,-353,3581,10811
28-Oct-2025,678,Call,760,0.2,58.13,35.8666,-508,6066,9873
28-Oct-2025,678,Call,770,0.15,61.35,35.8666,-784,3207,7554
28-Oct-2025,678,Call,800,0.05,73.32,35.8666,-821,14381,7490
28-Oct-2025,678,Call,670,12.3,28.83,35.8666,-68,2559,6917
28-Oct-2025,678,Put,630,0.25,44.19,35.8666,-58,2737,6861
28-Oct-2025,678,Put,690,15.75,38.17,35.8666,-290,1540,5534
28-Oct-2025,678,Call,780,0.1,63.43,35.8666,864,4103,5478
25-Nov-2025,678,Call,800,0.15,76.95,35.8666,-1272,7444,3787
28-Oct-2025,678,Put,700,23.8,35.06,35.8666,-295,3057,2966
25-Nov-2025,678,-,0,678.3,0,35.8666,-453,6164,2737
25-Nov-2025,678,Call,750,0.25,55.64,35.8666,-420,2105,2670
25-Nov-2025,678,Call,700,2.6,39.64,35.8666,-360,2629,2494
28-Oct-2025,678,Put,600,0.1,56.92,35.8666,106,4193,2414
28-Oct-2025,678,Put,620,0.2,47.65,35.8666,-51,1642,2073
25-Nov-2025,678,Call,690,4.4,36.7,35.8666,-403,802,1780
28-Oct-2025,678,Call,660,20.4,31.19,35.8666,-150,243,1769
28-Oct-2025,678,Call,820,0.05,76.96,35.8666,-948,2742,1619
25-Nov-2025,678,Call,680,7.25,34.44,35.8666,-210,717,1599
25-Nov-2025,678,Call,720,0.95,45.9,35.8666,-51,2046,1409
25-Nov-2025,678,Put,670,3.7,30.64,35.8666,-248,255,1312
25-Nov-2025,678,Call,760,0.2,58.13,35.8666,102,1155,1241
28-Oct-2025,678,Call,790,0.1,68.43,35.8666,93,1883,1176
28-Oct-2025,678,Put,710,32.7,38.97,35.8666,-217,1449,1067
25-Nov-2025,678,Call,740,0.4,51.85,35.8666,19,1312,1063
25-Nov-2025,678,Call,710,1.5,43.03,35.8666,-6,813,978
28-Oct-2025,678,Put,720,42.4,44.63,35.8666,-371,1916,878
25-Nov-2025,678,Put,680,8.25,30.99,35.8666,-55,173,771
25-Nov-2025,678,Put,640,0.5,38.81,35.8666,-41,488,723
28-Oct-2025,678,Put,610,0.15,50.06,35.8666,-22,562,679
30-Dec-2025,678,-,0,678.9,0,35.8666,79,997,610
25-Nov-2025,678,Put,650,0.9,34.31,35.8666,-55,210,544
30-Dec-2025,678,Put,600,0.05,52.49,35.8666,-152,254,444
25-Nov-2025,678,Call,730,0.65,49.56,35.8666,43,703,428
25-Nov-2025,678,Call,670,12.35,31.08,35.8666,-79,162,397
28-Oct-2025,678,Call,650,29.5,33.43,35.8666,-37,358,383
25-Nov-2025,678,Put,660,1.65,31.14,35.8666,-108,261,376
28-Oct-2025,678,Call,810,0.05,72.53,35.8666,-45,503,320
28-Oct-2025,678,Put,800,121.5,0,35.8666,-275,1271,319
30-Dec-2025,678,Call,800,0.1,73.32,35.8666,-109,1717,270
30-Dec-2025,678,Call,700,2.7,40.83,35.8666,-147,453,265
25-Nov-2025,678,Put,700,24.85,36.05,35.8666,-36,605,243
25-Nov-2025,678,Call,790,0.1,68.43,35.8666,40,292,219
25-Nov-2025,678,Put,630,0.35,44.19,35.8666,169,227,214
28-Oct-2025,678,Put,740,63.05,0,35.8666,-29,689,205
25-Nov-2025,678,Call,770,0.15,61.35,35.8666,55,243,194
28-Oct-2025,678,Put,750,72.4,0,35.8666,-85,394,189
25-Nov-2025,678,Put,620,0.2,47.65,35.8666,27,110,182
25-Nov-2025,678,Call,780,0.1,63.43,35.8666,11,539,175
28-Oct-2025,678,Call,640,39.1,48.71,35.8666,-35,194,137
28-Oct-2025,678,Put,590,0.1,58.95,35.8666,-1,176,133
28-Oct-2025,678,Put,730,53,49.56,35.8666,-20,940,126
28-Oct-2025,678,Put,560,0.05,78.65,35.8666,-58,423,125
28-Oct-2025,678,Put,760,81.4,0,35.8666,-68,221,121
30-Dec-2025,678,Call,740,0.5,53.94,35.8666,-78,368,121
30-Dec-2025,678,Call,760,0.2,58.13,35.8666,13,447,118
25-Nov-2025,678,Put,600,0.1,56.92,35.8666,-49,396,102
25-Nov-2025,678,Put,690,16,34.66,35.8666,-26,87,96
30-Dec-2025,678,Call,680,7.55,35.06,35.8666,-8,40,87
30-Dec-2025,678,Call,720,1,46.46,35.8666,-28,162,68
28-Oct-2025,678,Call,600,78.1,97.48,35.8666,-7,238,54
28-Oct-2025,678,Put,770,89.5,0,35.8666,-37,116,45
30-Dec-2025,678,Put,640,0.9,44.2,35.8666,17,23,42
28-Oct-2025,678,Put,840,158.5,0,35.8666,-28,819,41
28-Oct-2025,678,Put,580,0.1,70.76,35.8666,-13,208,36
28-Oct-2025,678,Put,780,102.05,0,35.8666,-27,248,32
25-Nov-2025,678,Call,640,38.45,41.36,35.8666,-15,149,32
25-Nov-2025,678,Call,660,19.9,33.38,35.8666,1,38,32
28-Oct-2025,678,Call,580,100.7,127.54,35.8666,-21,12,30
30-Dec-2025,678,Put,660,1.65,30.49,35.8666,-5,18,30
28-Oct-2025,678,Call,630,48.75,54.42,35.8666,-6,143,26
28-Oct-2025,678,Call,620,60.8,84.87,35.8666,-10,162,24
25-Nov-2025,678,Put,800,120.35,0,35.8666,1,282,22
25-Nov-2025,678,Put,710,42.9,93.28,35.8666,-3,77,19
25-Nov-2025,678,Put,610,0.2,55.03,35.8666,1,197,18
25-Nov-2025,678,Put,720,43.35,48.49,35.8666,-3,92,11
30-Dec-2025,678,Put,680,9.05,32.23,35.8666,5,9,10
28-Oct-2025,678,Put,820,141.3,0,35.8666,-3,51,9
25-Nov-2025,678,Call,650,31.9,57.43,35.8666,-1,14,7
25-Nov-2025,678,Put,730,53.7,60.32,35.8666,-2,35,6
25-Nov-2025,678,Put,780,100.5,0,35.8666,0,2,5
28-Oct-2025,678,Put,790,103,0,35.8666,-2,118,3
25-Nov-2025,678,Put,740,63.15,0,35.8666,-1,66,3
25-Nov-2025,678,Call,820,0.1,82.82,35.8666,0,101,2
25-Nov-2025,678,Call,840,0.05,85.58,35.8666,-1,250,2
25-Nov-2025,678,Put,750,65.85,0,35.8666,0,41,2
30-Dec-2025,678,Put,740,69,107.19,35.8666,0,1,2
28-Oct-2025,678,Call,560,0,0,35.8666,0,13,0
28-Oct-2025,678,Call,610,0,0,35.8666,0,7,0
25-Nov-2025,678,Put,770,0,0,35.8666,0,0,0
25-Nov-2025,678,Put,580,0,0,35.8666,0,5,0
25-Nov-2025,678,Put,790,0,0,35.8666,0,0,0
25-Nov-2025,678,Put,840,0,0,35.8666,0,160,0
25-Nov-2025,678,Put,820,0,0,35.8666,0,0,0
25-Nov-2025,678,Call,580,0,0,35.8666,0,0,0
25-Nov-2025,678,Call,600,0,0,35.8666,0,0,0
25-Nov-2025,678,Put,760,0,0,35.8666,0,0,0
25-Nov-2025,678,Call,620,0,0,35.8666,0,0,0
25-Nov-2025,678,Call,610,0,0,35.8666,0,0,0
25-Nov-2025,678,Call,630,0,0,35.8666,0,0,0
25-Nov-2025,678,Put,560,0,0,35.8666,0,8,0
30-Dec-2025,678,Put,760,0,0,35.8666,0,3,0
30-Dec-2025,678,Put,720,0,0,35.8666,0,0,0
30-Dec-2025,678,Call,840,0,0,35.8666,0,0,0
30-Dec-2025,678,Put,800,0,0,35.8666,0,0,0
30-Dec-2025,678,Call,660,0,0,35.8666,0,0,0
30-Dec-2025,678,Put,620,0,0,35.8666,0,0,0
30-Dec-2025,678,Put,780,0,0,35.8666,0,0,0
30-Dec-2025,678,Put,700,0,0,35.8666,0,2,0
30-Dec-2025,678,Call,640,0,0,35.8666,0,0,0
30-Dec-2025,678,Call,780,0,0,35.8666,0,0,0
