28-Oct-2025,2339.7,Call,2400,31.95,19.68,23.721,278,1942,4845
28-Oct-2025,2339.7,-,0,2352.4,0,23.721,349,52416,4066
28-Oct-2025,2339.7,Call,2500,10.9,21.06,23.721,756,3426,3462
28-Oct-2025,2339.7,Put,2300,29.25,21.06,23.721,840,1740,2723
28-Oct-2025,2339.7,Call,2340,58.15,19.46,23.721,255,441,1830
28-Oct-2025,2339.7,Call,2360,47.4,19.23,23.721,153,930,1793
28-Oct-2025,2339.7,Call,2600,4.2,23.44,23.721,402,1999,1379
28-Oct-2025,2339.7,Call,2420,25.8,19.86,23.721,110,389,1278
28-Oct-2025,2339.7,Put,2340,45.75,21.27,23.721,84,504,1250
28-Oct-2025,2339.7,Call,2380,39,19.43,23.721,47,407,1087
28-Oct-2025,2339.7,Put,2120,3.05,23.8,23.721,717,865,1071
28-Oct-2025,2339.7,Call,2460,16.25,20.12,23.721,250,778,982
28-Oct-2025,2339.7,Put,2200,9,22.5,23.721,382,1060,945
28-Oct-2025,2339.7,Call,2440,20.35,19.88,23.721,91,669,924
28-Oct-2025,2339.7,Put,2320,37,21.2,23.721,125,291,900
28-Oct-2025,2339.7,Call,2700,2,26.33,23.721,42,1152,820
28-Oct-2025,2339.7,Call,2300,81.8,19.25,23.721,121,420,667
28-Oct-2025,2339.7,Call,2320,69.6,19.46,23.721,126,229,642
28-Oct-2025,2339.7,Put,2280,24,21.56,23.721,23,238,560
28-Oct-2025,2339.7,Call,2480,13.4,20.65,23.721,68,581,505
28-Oct-2025,2339.7,Put,2360,55.35,21.22,23.721,29,841,488
28-Oct-2025,2339.7,Put,2400,78.8,21.43,23.721,24,1407,463
28-Oct-2025,2339.7,Put,2080,1.45,23.81,23.721,360,368,418
28-Oct-2025,2339.7,Call,2540,7.1,21.78,23.721,15,475,340
25-Nov-2025,2339.7,-,0,2361.8,0,23.721,156,1479,330
28-Oct-2025,2339.7,Call,2560,5.85,22.26,23.721,-14,269,300
28-Oct-2025,2339.7,Call,2520,8.7,21.35,23.721,28,436,284
28-Oct-2025,2339.7,Put,2240,14.8,21.9,23.721,26,263,280
28-Oct-2025,2339.7,Put,2260,18.9,21.7,23.721,5,205,277
28-Oct-2025,2339.7,Call,2580,4.85,22.75,23.721,88,272,267
28-Oct-2025,2339.7,Put,2160,5.15,22.96,23.721,21,236,263
28-Oct-2025,2339.7,Put,2180,6.85,22.74,23.721,31,111,245
28-Oct-2025,2339.7,Put,2380,67.35,21.65,23.721,-6,258,211
28-Oct-2025,2339.7,Put,2140,3.85,23.22,23.721,48,57,210
28-Oct-2025,2339.7,Put,2220,11.7,22.27,23.721,1,177,204
28-Oct-2025,2339.7,Call,2640,3.2,24.8,23.721,19,130,180
28-Oct-2025,2339.7,Call,2620,3.7,24.18,23.721,69,161,133
28-Oct-2025,2339.7,Call,2680,2.05,25.25,23.721,86,124,118
25-Nov-2025,2339.7,Put,2300,52.25,23.61,23.721,48,48,99
25-Nov-2025,2339.7,Put,2280,46.7,24.1,23.721,47,47,94
25-Nov-2025,2339.7,Call,2400,60.6,19.81,23.721,47,47,84
28-Oct-2025,2339.7,Call,2720,1.85,27.15,23.721,46,90,63
25-Nov-2025,2339.7,Call,2520,26.1,20.74,23.721,53,58,62
28-Oct-2025,2339.7,Call,2800,1.25,29.81,23.721,-8,172,60
25-Nov-2025,2339.7,Put,2220,27,23.32,23.721,40,40,44
28-Oct-2025,2339.7,Put,2500,158.5,24.51,23.721,7,583,43
28-Oct-2025,2339.7,Put,2600,253.3,30.74,23.721,-32,505,43
28-Oct-2025,2339.7,Call,2880,0.8,31.91,23.721,11,260,29
28-Oct-2025,2339.7,Put,2460,125.45,23.63,23.721,7,174,27
30-Dec-2025,2339.7,-,0,2375,0,23.721,21,21,26
28-Oct-2025,2339.7,Put,2440,108.65,22.65,23.721,4,206,26
25-Nov-2025,2339.7,Put,2400,100.9,24.21,23.721,12,30,26
28-Oct-2025,2339.7,Call,2200,158,15.58,23.721,14,72,25
25-Nov-2025,2339.7,Call,2600,14.15,21.34,23.721,11,16,24
28-Oct-2025,2339.7,Call,2260,109.4,18.52,23.721,10,17,21
28-Oct-2025,2339.7,Call,2740,1.5,27.37,23.721,0,17,17
28-Oct-2025,2339.7,Call,2660,2.35,24.64,23.721,-7,110,16
28-Oct-2025,2339.7,Call,2280,94.5,18.66,23.721,6,16,11
28-Oct-2025,2339.7,Put,2420,94.6,22.59,23.721,2,119,9
28-Oct-2025,2339.7,Call,2760,1.25,27.7,23.721,1,53,8
25-Nov-2025,2339.7,Put,2240,32.05,23.31,23.721,8,8,8
25-Nov-2025,2339.7,Put,2340,67.3,23.23,23.721,3,3,6
25-Nov-2025,2339.7,Call,2460,38.2,19.64,23.721,3,3,3
25-Nov-2025,2339.7,Call,2480,32.95,19.8,23.721,3,3,3
28-Oct-2025,2339.7,Put,2480,140,23.18,23.721,1,196,2
28-Oct-2025,2339.7,Put,2640,294.95,35.48,23.721,1,12,1
28-Oct-2025,2339.7,Put,2560,199.95,0,23.721,1,32,1
25-Nov-2025,2339.7,Call,2720,6.6,23.26,23.721,0,17,1
28-Oct-2025,2339.7,Put,2580,224.5,0,23.721,0,22,0
28-Oct-2025,2339.7,Call,2000,0,0,23.721,0,0,0
28-Oct-2025,2339.7,Put,2000,0,0,23.721,0,0,0
28-Oct-2025,2339.7,Put,2620,245,0,23.721,0,1,0
28-Oct-2025,2339.7,Call,2140,0,0,23.721,0,0,0
28-Oct-2025,2339.7,Call,2160,207,0,23.721,0,1,0
28-Oct-2025,2339.7,Call,2080,290,0,23.721,0,1,0
28-Oct-2025,2339.7,Call,2840,1.55,0,23.721,0,29,0
28-Oct-2025,2339.7,Put,2520,168,0,23.721,0,74,0
28-Oct-2025,2339.7,Put,2040,0,0,23.721,0,0,0
28-Oct-2025,2339.7,Call,2780,2.15,0,23.721,0,23,0
28-Oct-2025,2339.7,Put,2780,0,0,23.721,0,0,0
28-Oct-2025,2339.7,Call,2220,0,0,23.721,0,0,0
28-Oct-2025,2339.7,Call,2180,0,0,23.721,0,0,0
28-Oct-2025,2339.7,Put,2840,470,0,23.721,0,1,0
28-Oct-2025,2339.7,Put,2880,519,0,23.721,0,1,0
28-Oct-2025,2339.7,Put,2660,0,0,23.721,0,0,0
28-Oct-2025,2339.7,Put,2740,352,0,23.721,0,3,0
28-Oct-2025,2339.7,Put,2540,189.5,0,23.721,0,113,0
28-Oct-2025,2339.7,Put,2700,339,0,23.721,0,77,0
28-Oct-2025,2339.7,Put,2800,440,0,23.721,0,11,0
28-Oct-2025,2339.7,Call,2240,0,0,23.721,0,0,0
28-Oct-2025,2339.7,Call,2120,0,0,23.721,0,0,0
28-Oct-2025,2339.7,Call,2040,0,0,23.721,0,0,0
28-Oct-2025,2339.7,Put,2760,0,0,23.721,0,0,0
28-Oct-2025,2339.7,Put,2720,0,0,23.721,0,0,0
28-Oct-2025,2339.7,Put,2680,0,0,23.721,0,0,0
25-Nov-2025,2339.7,Put,2640,0,0,23.721,0,0,0
25-Nov-2025,2339.7,Call,2240,0,0,23.721,0,0,0
25-Nov-2025,2339.7,Call,2320,0,0,23.721,0,0,0
25-Nov-2025,2339.7,Call,2140,0,0,23.721,0,0,0
25-Nov-2025,2339.7,Call,2180,0,0,23.721,0,0,0
25-Nov-2025,2339.7,Call,2260,0,0,23.721,0,0,0
25-Nov-2025,2339.7,Call,2280,0,0,23.721,0,0,0
25-Nov-2025,2339.7,Call,2220,0,0,23.721,0,0,0
25-Nov-2025,2339.7,Put,2420,0,0,23.721,0,0,0
25-Nov-2025,2339.7,Put,2380,0,0,23.721,0,0,0
25-Nov-2025,2339.7,Put,2500,0,0,23.721,0,0,0
25-Nov-2025,2339.7,Put,2460,0,0,23.721,0,0,0
25-Nov-2025,2339.7,Put,2540,0,0,23.721,0,0,0
25-Nov-2025,2339.7,Put,2180,0,0,23.721,0,0,0
25-Nov-2025,2339.7,Put,2520,0,0,23.721,0,0,0
25-Nov-2025,2339.7,Call,2680,0,0,23.721,0,0,0
25-Nov-2025,2339.7,Put,2580,0,0,23.721,0,0,0
25-Nov-2025,2339.7,Call,2800,6.5,0,23.721,0,14,0
25-Nov-2025,2339.7,Put,2080,0,0,23.721,0,0,0
25-Nov-2025,2339.7,Put,2120,0,0,23.721,0,0,0
25-Nov-2025,2339.7,Put,2000,0,0,23.721,0,0,0
25-Nov-2025,2339.7,Call,2640,0,0,23.721,0,0,0
25-Nov-2025,2339.7,Put,2140,0,0,23.721,0,0,0
25-Nov-2025,2339.7,Call,2760,0,0,23.721,0,0,0
25-Nov-2025,2339.7,Put,2360,0,0,23.721,0,0,0
25-Nov-2025,2339.7,Call,2560,0,0,23.721,0,0,0
25-Nov-2025,2339.7,Put,2440,0,0,23.721,0,0,0
25-Nov-2025,2339.7,Call,2580,0,0,23.721,0,0,0
25-Nov-2025,2339.7,Put,2680,0,0,23.721,0,0,0
25-Nov-2025,2339.7,Put,2800,0,0,23.721,0,0,0
25-Nov-2025,2339.7,Put,2880,0,0,23.721,0,0,0
25-Nov-2025,2339.7,Put,2760,0,0,23.721,0,0,0
25-Nov-2025,2339.7,Put,2720,0,0,23.721,0,0,0
25-Nov-2025,2339.7,Call,2880,0,0,23.721,0,0,0
25-Nov-2025,2339.7,Put,2040,0,0,23.721,0,0,0
25-Nov-2025,2339.7,Put,2260,0,0,23.721,0,0,0
25-Nov-2025,2339.7,Call,2000,0,0,23.721,0,0,0
25-Nov-2025,2339.7,Call,2540,0,0,23.721,0,0,0
25-Nov-2025,2339.7,Call,2420,0,0,23.721,0,0,0
25-Nov-2025,2339.7,Call,2340,0,0,23.721,0,0,0
25-Nov-2025,2339.7,Call,2380,0,0,23.721,0,0,0
25-Nov-2025,2339.7,Call,2040,0,0,23.721,0,0,0
25-Nov-2025,2339.7,Put,2600,0,0,23.721,0,0,0
25-Nov-2025,2339.7,Call,2440,0,0,23.721,0,0,0
25-Nov-2025,2339.7,Call,2120,0,0,23.721,0,0,0
25-Nov-2025,2339.7,Put,2560,0,0,23.721,0,0,0
25-Nov-2025,2339.7,Call,2300,0,0,23.721,0,0,0
25-Nov-2025,2339.7,Put,2320,0,0,23.721,0,0,0
25-Nov-2025,2339.7,Put,2480,0,0,23.721,0,0,0
30-Dec-2025,2339.7,Call,2480,0,0,23.721,0,0,0
25-Nov-2025,2339.7,Call,2200,0,0,23.721,0,0,0
30-Dec-2025,2339.7,Call,2720,0,0,23.721,0,0,0
25-Nov-2025,2339.7,Call,2160,0,0,23.721,0,0,0
30-Dec-2025,2339.7,Put,1920,0,0,23.721,0,0,0
30-Dec-2025,2339.7,Put,2000,0,0,23.721,0,0,0
30-Dec-2025,2339.7,Put,2080,0,0,23.721,0,0,0
25-Nov-2025,2339.7,Put,2160,0,0,23.721,0,0,0
25-Nov-2025,2339.7,Call,2360,0,0,23.721,0,0,0
25-Nov-2025,2339.7,Put,2200,0,0,23.721,0,0,0
25-Nov-2025,2339.7,Call,2500,0,0,23.721,0,0,0
25-Nov-2025,2339.7,Call,2080,0,0,23.721,0,0,0
