28-Oct-2025,1418,-,0,1414.2,0,30.3227,-405,22697,4409
28-Oct-2025,1418,Call,1420,38.5,22.23,30.3227,530,801,3109
28-Oct-2025,1418,Put,1420,44.6,31.77,30.3227,299,508,925
28-Oct-2025,1418,Put,1400,34.45,31.04,30.3227,86,836,905
28-Oct-2025,1418,Call,1440,30.2,23.05,30.3227,67,308,888
28-Oct-2025,1418,Call,1500,13,24.43,30.3227,111,873,716
28-Oct-2025,1418,Call,1460,23.2,23.61,30.3227,76,398,612
28-Oct-2025,1418,Call,1400,48.95,21.58,30.3227,15,204,572
28-Oct-2025,1418,Call,1480,17.6,24.13,30.3227,84,260,409
25-Nov-2025,1418,-,0,1414.4,0,30.3227,162,2169,394
28-Oct-2025,1418,Put,1340,14.8,30.86,30.3227,34,304,367
28-Oct-2025,1418,Call,1540,7.1,25.34,30.3227,11,338,334
28-Oct-2025,1418,Put,1240,2.85,32.86,30.3227,61,193,296
28-Oct-2025,1418,Put,1380,26.05,30.55,30.3227,25,147,285
28-Oct-2025,1418,Put,1200,1.3,33.66,30.3227,203,224,279
28-Oct-2025,1418,Call,1520,9.85,25.09,30.3227,21,327,267
28-Oct-2025,1418,Call,1600,3.15,27.46,30.3227,43,564,257
28-Oct-2025,1418,Put,1360,19.3,30.27,30.3227,12,213,240
28-Oct-2025,1418,Put,1300,8.05,31.64,30.3227,67,316,229
28-Oct-2025,1418,Call,1560,5.4,26.06,30.3227,13,394,159
28-Oct-2025,1418,Put,1320,10.7,30.92,30.3227,29,123,141
28-Oct-2025,1418,Put,1440,54.6,31.53,30.3227,5,203,134
28-Oct-2025,1418,Call,1580,4,26.57,30.3227,23,117,129
28-Oct-2025,1418,Call,1380,62.2,21.57,30.3227,41,67,126
28-Oct-2025,1418,Put,1260,4,32.26,30.3227,37,71,122
28-Oct-2025,1418,Call,1680,0.95,29.31,30.3227,76,189,120
28-Oct-2025,1418,Put,1460,67.1,32.11,30.3227,8,358,103
28-Oct-2025,1418,Call,1640,1.65,28.16,30.3227,-17,103,59
28-Oct-2025,1418,Call,1360,74.3,18.73,30.3227,6,55,52
28-Oct-2025,1418,Call,1620,2.35,27.97,30.3227,18,94,48
28-Oct-2025,1418,Put,1280,5.7,31.9,30.3227,14,19,47
28-Oct-2025,1418,Put,1500,96.5,34.1,30.3227,-4,594,37
28-Oct-2025,1418,Call,1660,1.45,29.47,30.3227,-2,88,19
28-Oct-2025,1418,Put,1480,78.45,31.1,30.3227,7,195,15
28-Oct-2025,1418,Call,1760,0.35,31.73,30.3227,-4,58,14
30-Dec-2025,1418,-,0,1419.8,0,30.3227,4,4,6
28-Oct-2025,1418,Call,1320,105.85,0,30.3227,1,31,6
28-Oct-2025,1418,Put,1520,110.4,33.47,30.3227,-4,85,6
28-Oct-2025,1418,Call,1340,88.2,11.51,30.3227,5,16,6
25-Nov-2025,1418,Put,1400,49,30.8,30.3227,5,33,6
28-Oct-2025,1418,Put,1540,132.65,39.01,30.3227,2,84,5
28-Oct-2025,1418,Call,1300,122.8,0,30.3227,3,3,3
28-Oct-2025,1418,Put,1160,1.15,38.39,30.3227,0,29,3
28-Oct-2025,1418,Put,1600,187,44.27,30.3227,0,279,2
25-Nov-2025,1418,Put,1360,30.5,29.04,30.3227,2,9,2
28-Oct-2025,1418,Put,1700,289,61.1,30.3227,1,19,1
28-Oct-2025,1418,Put,1560,150.7,40.99,30.3227,0,100,1
28-Oct-2025,1418,Call,1240,0,0,30.3227,0,0,0
28-Oct-2025,1418,Call,1200,218,0,30.3227,0,2,0
28-Oct-2025,1418,Put,1680,269,0,30.3227,0,42,0
28-Oct-2025,1418,Put,1640,202.55,0,30.3227,0,3,0
28-Oct-2025,1418,Put,1760,336,0,30.3227,0,37,0
28-Oct-2025,1418,Call,1720,1.1,0,30.3227,0,19,0
28-Oct-2025,1418,Call,1700,1.5,0,30.3227,0,68,0
28-Oct-2025,1418,Put,1720,261.3,0,30.3227,0,8,0
28-Oct-2025,1418,Call,1280,0,0,30.3227,0,0,0
28-Oct-2025,1418,Put,1660,242.1,0,30.3227,0,8,0
28-Oct-2025,1418,Call,1800,0,0,30.3227,0,0,0
28-Oct-2025,1418,Call,1260,0,0,30.3227,0,0,0
28-Oct-2025,1418,Put,1580,168,0,30.3227,0,5,0
25-Nov-2025,1418,Call,1680,0,0,30.3227,0,0,0
25-Nov-2025,1418,Put,1680,0,0,30.3227,0,0,0
25-Nov-2025,1418,Put,1200,0,0,30.3227,0,0,0
25-Nov-2025,1418,Put,1720,0,0,30.3227,0,0,0
25-Nov-2025,1418,Call,1340,0,0,30.3227,0,0,0
28-Oct-2025,1418,Call,1160,0,0,30.3227,0,0,0
25-Nov-2025,1418,Call,1760,0,0,30.3227,0,0,0
25-Nov-2025,1418,Call,1420,0,0,30.3227,0,0,0
25-Nov-2025,1418,Call,1500,0,0,30.3227,0,0,0
25-Nov-2025,1418,Put,1640,0,0,30.3227,0,0,0
28-Oct-2025,1418,Put,1800,0,0,30.3227,0,0,0
28-Oct-2025,1418,Put,1620,171,0,30.3227,0,10,0
25-Nov-2025,1418,Put,1760,298,0,30.3227,0,1,0
25-Nov-2025,1418,Put,1320,0,0,30.3227,0,0,0
25-Nov-2025,1418,Put,1460,0,0,30.3227,0,0,0
25-Nov-2025,1418,Put,1540,0,0,30.3227,0,0,0
25-Nov-2025,1418,Put,1340,0,0,30.3227,0,0,0
25-Nov-2025,1418,Call,1440,0,0,30.3227,0,0,0
25-Nov-2025,1418,Call,1480,0,0,30.3227,0,0,0
25-Nov-2025,1418,Put,1520,0,0,30.3227,0,0,0
25-Nov-2025,1418,Put,1260,0,0,30.3227,0,0,0
25-Nov-2025,1418,Put,1380,0,0,30.3227,0,0,0
25-Nov-2025,1418,Call,1540,0,0,30.3227,0,0,0
25-Nov-2025,1418,Put,1280,0,0,30.3227,0,0,0
25-Nov-2025,1418,Put,1240,0,0,30.3227,0,0,0
25-Nov-2025,1418,Call,1560,0,0,30.3227,0,0,0
25-Nov-2025,1418,Call,1380,0,0,30.3227,0,0,0
25-Nov-2025,1418,Call,1460,0,0,30.3227,0,0,0
25-Nov-2025,1418,Put,1440,70,0,30.3227,0,7,0
25-Nov-2025,1418,Call,1720,0,0,30.3227,0,0,0
25-Nov-2025,1418,Call,1640,0,0,30.3227,0,0,0
25-Nov-2025,1418,Call,1300,0,0,30.3227,0,0,0
25-Nov-2025,1418,Put,1160,0,0,30.3227,0,0,0
25-Nov-2025,1418,Call,1520,0,0,30.3227,0,0,0
25-Nov-2025,1418,Put,1480,22.7,0,30.3227,0,3,0
25-Nov-2025,1418,Put,1500,0,0,30.3227,0,0,0
25-Nov-2025,1418,Call,1240,0,0,30.3227,0,0,0
25-Nov-2025,1418,Put,1420,0,0,30.3227,0,0,0
25-Nov-2025,1418,Put,1300,0,0,30.3227,0,0,0
25-Nov-2025,1418,Call,1260,0,0,30.3227,0,0,0
25-Nov-2025,1418,Call,1160,0,0,30.3227,0,0,0
25-Nov-2025,1418,Call,1320,0,0,30.3227,0,0,0
25-Nov-2025,1418,Call,1280,0,0,30.3227,0,0,0
25-Nov-2025,1418,Call,1400,0,0,30.3227,0,0,0
25-Nov-2025,1418,Call,1200,0,0,30.3227,0,0,0
25-Nov-2025,1418,Call,1360,0,0,30.3227,0,0,0
25-Nov-2025,1418,Call,1600,0,0,30.3227,0,0,0
25-Nov-2025,1418,Put,1600,0,0,30.3227,0,0,0
30-Dec-2025,1418,Put,1400,0,0,30.3227,0,0,0
25-Nov-2025,1418,Put,1560,0,0,30.3227,0,0,0
