28-Oct-2025,1407.3,Call,1420,26.55,21.45,39.5758,55,1743,2248
28-Oct-2025,1407.3,Call,1400,36.7,21.25,39.5758,-11,1819,2148
28-Oct-2025,1407.3,Call,1440,19.1,21.69,39.5758,103,1888,1547
28-Oct-2025,1407.3,-,0,1413.6,0,39.5758,53,46412,1503
28-Oct-2025,1407.3,Call,1500,6.65,23.8,39.5758,-37,2485,1093
28-Oct-2025,1407.3,Call,1460,13.25,22.38,39.5758,83,1890,837
28-Oct-2025,1407.3,Put,1400,22.5,22.04,39.5758,27,2501,809
28-Oct-2025,1407.3,Call,1480,9.25,22.88,39.5758,23,778,449
28-Oct-2025,1407.3,Put,1420,31.75,22.12,39.5758,56,622,431
28-Oct-2025,1407.3,Put,1340,6.6,23.43,39.5758,38,494,420
28-Oct-2025,1407.3,Call,1520,4.8,24.61,39.5758,3,388,388
28-Oct-2025,1407.3,Put,1380,15.15,22.2,39.5758,27,1222,373
28-Oct-2025,1407.3,Call,1600,1.75,29.27,39.5758,56,1410,325
28-Oct-2025,1407.3,Put,1360,9.8,22.54,39.5758,7,720,265
28-Oct-2025,1407.3,Call,1380,49.35,21.38,39.5758,1,386,204
28-Oct-2025,1407.3,Put,1440,43.5,22.75,39.5758,1,507,169
28-Oct-2025,1407.3,Put,1300,3.2,25.65,39.5758,64,554,166
28-Oct-2025,1407.3,Put,1320,4.3,24.17,39.5758,-15,426,147
25-Nov-2025,1407.3,-,0,1422,0,39.5758,14,1254,107
28-Oct-2025,1407.3,Call,1540,3.5,25.65,39.5758,1,403,107
28-Oct-2025,1407.3,Put,1280,2.3,27.25,39.5758,-3,211,80
28-Oct-2025,1407.3,Call,1580,2.2,28.09,39.5758,-5,91,63
28-Oct-2025,1407.3,Call,1360,64.5,24.79,39.5758,3,232,56
28-Oct-2025,1407.3,Put,1460,58,23.09,39.5758,5,394,47
28-Oct-2025,1407.3,Call,1560,2.7,26.89,39.5758,7,264,37
28-Oct-2025,1407.3,Call,1300,118.9,26.14,39.5758,-13,150,25
28-Oct-2025,1407.3,Put,1500,89.25,22.76,39.5758,0,353,23
28-Oct-2025,1407.3,Call,1640,1.25,32.01,39.5758,7,405,20
30-Dec-2025,1407.3,-,0,1435.5,0,39.5758,2,75,15
25-Nov-2025,1407.3,Put,1400,38.2,24.76,39.5758,3,145,12
25-Nov-2025,1407.3,Call,1400,62,23.27,39.5758,0,119,11
28-Oct-2025,1407.3,Call,1340,81,21.64,39.5758,-1,146,9
28-Oct-2025,1407.3,Put,1260,1.7,28.77,39.5758,-1,115,9
28-Oct-2025,1407.3,Put,1240,1.3,30.42,39.5758,0,90,5
28-Oct-2025,1407.3,Put,1480,75,24.97,39.5758,0,69,4
25-Nov-2025,1407.3,Call,1480,29.05,24.31,39.5758,-1,19,3
25-Nov-2025,1407.3,Call,1440,45,24.72,39.5758,1,56,3
25-Nov-2025,1407.3,Call,1600,8.6,26.6,39.5758,0,39,2
25-Nov-2025,1407.3,Call,1420,52.5,23.83,39.5758,0,8,1
28-Oct-2025,1407.3,Put,1600,0,0,39.5758,0,40,0
28-Oct-2025,1407.3,Put,1120,0,0,39.5758,0,58,0
28-Oct-2025,1407.3,Put,1200,0,0,39.5758,0,112,0
28-Oct-2025,1407.3,Put,1180,0,0,39.5758,0,8,0
28-Oct-2025,1407.3,Put,1540,0,0,39.5758,0,4,0
28-Oct-2025,1407.3,Call,1260,0,0,39.5758,0,9,0
28-Oct-2025,1407.3,Call,1280,0,0,39.5758,0,3,0
28-Oct-2025,1407.3,Put,1640,0,0,39.5758,0,4,0
28-Oct-2025,1407.3,Put,1560,0,0,39.5758,0,30,0
28-Oct-2025,1407.3,Call,1240,0,0,39.5758,0,0,0
28-Oct-2025,1407.3,Call,1320,0,0,39.5758,0,11,0
28-Oct-2025,1407.3,Call,1200,0,0,39.5758,0,101,0
25-Nov-2025,1407.3,Put,1440,0,0,39.5758,0,0,0
25-Nov-2025,1407.3,Put,1600,0,0,39.5758,0,1,0
25-Nov-2025,1407.3,Put,1500,0,0,39.5758,0,0,0
25-Nov-2025,1407.3,Call,1540,0,0,39.5758,0,0,0
25-Nov-2025,1407.3,Call,1640,0,0,39.5758,0,0,0
25-Nov-2025,1407.3,Put,1280,0,0,39.5758,0,0,0
25-Nov-2025,1407.3,Call,1360,0,0,39.5758,0,6,0
25-Nov-2025,1407.3,Call,1260,0,0,39.5758,0,0,0
25-Nov-2025,1407.3,Call,1300,0,0,39.5758,0,0,0
25-Nov-2025,1407.3,Put,1540,0,0,39.5758,0,0,0
25-Nov-2025,1407.3,Call,1520,0,0,39.5758,0,0,0
25-Nov-2025,1407.3,Put,1520,0,0,39.5758,0,0,0
25-Nov-2025,1407.3,Put,1560,0,0,39.5758,0,0,0
25-Nov-2025,1407.3,Call,1320,0,0,39.5758,0,1,0
25-Nov-2025,1407.3,Call,1200,0,0,39.5758,0,0,0
25-Nov-2025,1407.3,Put,1200,0,0,39.5758,0,0,0
25-Nov-2025,1407.3,Call,1240,0,0,39.5758,0,0,0
25-Nov-2025,1407.3,Put,1420,0,0,39.5758,0,0,0
28-Oct-2025,1407.3,Put,1520,0,0,39.5758,0,185,0
25-Nov-2025,1407.3,Call,1560,0,0,39.5758,0,0,0
25-Nov-2025,1407.3,Call,1280,0,0,39.5758,0,0,0
25-Nov-2025,1407.3,Put,1300,0,0,39.5758,0,0,0
25-Nov-2025,1407.3,Put,1320,0,0,39.5758,0,0,0
25-Nov-2025,1407.3,Put,1460,0,0,39.5758,0,0,0
25-Nov-2025,1407.3,Put,1640,0,0,39.5758,0,0,0
25-Nov-2025,1407.3,Call,1500,0,0,39.5758,0,0,0
25-Nov-2025,1407.3,Call,1680,0,0,39.5758,0,79,0
25-Nov-2025,1407.3,Put,1240,0,0,39.5758,0,0,0
25-Nov-2025,1407.3,Call,1380,0,0,39.5758,0,0,0
30-Dec-2025,1407.3,Call,1480,0,0,0,0,0,0
25-Nov-2025,1407.3,Put,1380,0,0,39.5758,0,0,0
30-Dec-2025,1407.3,Put,1400,0,0,39.5758,0,0,0
25-Nov-2025,1407.3,Put,1340,0,0,39.5758,0,0,0
30-Dec-2025,1407.3,Call,1440,0,0,0,0,0,0
25-Nov-2025,1407.3,Call,1460,0,0,39.5758,0,0,0
25-Nov-2025,1407.3,Put,1480,0,0,39.5758,0,0,0
25-Nov-2025,1407.3,Call,1340,0,0,39.5758,0,0,0
30-Dec-2025,1407.3,Put,1440,0,0,39.5758,0,4,0
25-Nov-2025,1407.3,Put,1360,0,0,39.5758,0,0,0
30-Dec-2025,1407.3,Put,1480,0,0,0,0,0,0
30-Dec-2025,1407.3,Call,1400,0,0,0,0,0,0
