28-Oct-2025,2590.1,Call,2600,78,30.49,50.1809,1490,4958,9070
28-Oct-2025,2590.1,Call,2700,41.25,31.36,50.1809,-28,2619,2805
28-Oct-2025,2590.1,Call,2650,56.4,30.93,50.1809,577,2257,2530
28-Oct-2025,2590.1,-,0,2602.5,0,50.1809,455,47775,2391
28-Oct-2025,2590.1,Call,2620,68.65,30.44,50.1809,-10,460,2140
28-Oct-2025,2590.1,Call,2800,22.1,33.45,50.1809,30,2457,1205
28-Oct-2025,2590.1,Call,3000,7.65,39.04,50.1809,-18,1957,1079
28-Oct-2025,2590.1,Put,2600,72.55,31.05,50.1809,315,1999,1032
28-Oct-2025,2590.1,Call,2580,87.2,30.53,50.1809,-82,250,969
28-Oct-2025,2590.1,Put,2500,33.85,30.99,50.1809,71,2104,668
28-Oct-2025,2590.1,Call,2550,104.15,29.25,50.1809,13,910,567
28-Oct-2025,2590.1,Call,2900,12.35,36.04,50.1809,27,1096,559
28-Oct-2025,2590.1,Call,2640,60.4,30.45,50.1809,55,273,551
28-Oct-2025,2590.1,Put,2550,50.2,30.69,50.1809,39,798,462
28-Oct-2025,2590.1,Call,2500,139.05,31.38,50.1809,-2,1281,406
28-Oct-2025,2590.1,Put,2580,61.25,30.54,50.1809,138,345,402
28-Oct-2025,2590.1,Call,2560,98,31.7,50.1809,-43,118,268
28-Oct-2025,2590.1,Put,2620,81.65,30.35,50.1809,133,260,242
28-Oct-2025,2590.1,Put,2450,22.75,31.92,50.1809,-20,731,209
28-Oct-2025,2590.1,Call,2750,31,32.46,50.1809,-1,554,201
28-Oct-2025,2590.1,Call,3100,4.75,41.42,50.1809,34,690,169
28-Oct-2025,2590.1,Call,2850,16.55,34.62,50.1809,25,401,160
28-Oct-2025,2590.1,Put,2400,15.35,33.61,50.1809,7,1154,123
28-Oct-2025,2590.1,Put,2560,53.5,30.47,50.1809,21,171,119
28-Oct-2025,2590.1,Call,2660,56,31.63,50.1809,31,143,108
28-Oct-2025,2590.1,Put,2700,133.45,31.01,50.1809,48,703,105
28-Oct-2025,2590.1,Put,2540,45.75,30.51,50.1809,11,150,95
28-Oct-2025,2590.1,Put,2520,39.25,30.74,50.1809,27,183,93
25-Nov-2025,2590.1,-,0,2616.9,0,50.1809,17,771,92
25-Nov-2025,2590.1,Call,3000,29.4,35.68,50.1809,21,168,87
28-Oct-2025,2590.1,Call,2680,48.8,31.64,50.1809,33,82,86
28-Oct-2025,2590.1,Put,2480,27.8,30.92,50.1809,11,199,84
28-Oct-2025,2590.1,Call,2740,32.85,32.41,50.1809,22,57,81
28-Oct-2025,2590.1,Call,2920,11.6,36.91,50.1809,47,47,73
28-Oct-2025,2590.1,Put,2650,96.5,29.46,50.1809,37,569,72
28-Oct-2025,2590.1,Put,2640,90.75,29.52,50.1809,16,159,61
28-Oct-2025,2590.1,Call,2720,37.4,31.89,50.1809,13,72,55
28-Oct-2025,2590.1,Put,2340,10.2,35.61,50.1809,27,27,53
28-Oct-2025,2590.1,Call,2950,9.85,37.65,50.1809,10,206,45
28-Oct-2025,2590.1,Put,2660,104.4,30.2,50.1809,16,56,45
28-Oct-2025,2590.1,Put,2680,114.75,29.18,50.1809,21,30,45
28-Oct-2025,2590.1,Call,2520,131.55,32.99,50.1809,0,164,42
28-Oct-2025,2590.1,Put,2300,8.4,37.85,50.1809,11,816,38
28-Oct-2025,2590.1,Call,2840,18.7,35.22,50.1809,12,80,35
28-Oct-2025,2590.1,Put,2800,208.6,30.68,50.1809,0,681,30
28-Oct-2025,2590.1,Put,2350,10.9,35.22,50.1809,8,309,25
25-Nov-2025,2590.1,Call,2600,139.2,33.16,50.1809,1,80,25
28-Oct-2025,2590.1,Call,2880,13.9,36.25,50.1809,12,46,22
25-Nov-2025,2590.1,Call,2800,66.1,34.33,50.1809,10,56,21
30-Dec-2025,2590.1,-,0,2638.2,0,50.1809,5,35,20
28-Oct-2025,2590.1,Put,2200,5,42.87,50.1809,-5,801,19
28-Oct-2025,2590.1,Call,2450,185.35,35.24,50.1809,-3,141,19
28-Oct-2025,2590.1,Call,2400,225,35.4,50.1809,1,277,17
28-Oct-2025,2590.1,Call,2340,212.55,0,50.1809,0,0,15
28-Oct-2025,2590.1,Put,2900,297.65,31.19,50.1809,0,408,13
28-Oct-2025,2590.1,Put,2250,6.5,40.43,50.1809,6,110,11
25-Nov-2025,2590.1,Call,2700,95.1,33.21,50.1809,1,13,11
28-Oct-2025,2590.1,Call,2540,116.55,31.95,50.1809,0,157,9
25-Nov-2025,2590.1,Put,2600,110.5,32.86,50.1809,1,81,9
28-Oct-2025,2590.1,Put,2100,2.9,47.45,50.1809,0,325,6
28-Oct-2025,2590.1,Put,2000,1.35,50.36,50.1809,0,148,5
28-Oct-2025,2590.1,Put,3100,483.5,0,50.1809,0,45,3
25-Nov-2025,2590.1,Put,2500,71.5,33.72,50.1809,0,54,3
25-Nov-2025,2590.1,Call,2500,200,34.38,50.1809,-1,69,3
25-Nov-2025,2590.1,Put,2700,165.5,33.02,50.1809,1,5,2
25-Nov-2025,2590.1,Put,2200,15.5,37.82,50.1809,0,101,2
28-Oct-2025,2590.1,Put,2320,8.85,36.32,50.1809,0,11,2
28-Oct-2025,2590.1,Put,2280,7.15,38.36,50.1809,0,8,1
28-Oct-2025,2590.1,Call,2350,280.35,45.22,50.1809,0,30,1
28-Oct-2025,2590.1,Put,2440,31.8,38.42,50.1809,0,0,1
28-Oct-2025,2590.1,Put,2850,0,0,50.1809,0,5,0
28-Oct-2025,2590.1,Call,2300,0,0,50.1809,0,185,0
28-Oct-2025,2590.1,Put,2960,0,0,50.1809,0,0,0
28-Oct-2025,2590.1,Put,1800,0,0,50.1809,0,68,0
28-Oct-2025,2590.1,Call,2240,0,0,50.1809,0,0,0
28-Oct-2025,2590.1,Call,2280,0,0,50.1809,0,0,0
28-Oct-2025,2590.1,Call,2380,0,0,50.1809,0,0,0
28-Oct-2025,2590.1,Call,2460,0,0,50.1809,0,18,0
28-Oct-2025,2590.1,Put,2920,0,0,50.1809,0,0,0
28-Oct-2025,2590.1,Put,2720,0,0,50.1809,0,0,0
28-Oct-2025,2590.1,Call,2760,0,0,50.1809,0,15,0
28-Oct-2025,2590.1,Call,2200,0,0,50.1809,0,2,0
28-Oct-2025,2590.1,Put,2380,0,0,50.1809,0,0,0
25-Nov-2025,2590.1,Call,2440,0,0,50.1809,0,0,0
25-Nov-2025,2590.1,Call,2460,0,0,50.1809,0,0,0
28-Oct-2025,2590.1,Put,2780,0,0,50.1809,0,0,0
28-Oct-2025,2590.1,Call,2820,0,0,50.1809,0,0,0
25-Nov-2025,2590.1,Put,2360,0,0,50.1809,0,0,0
28-Oct-2025,2590.1,Call,2360,0,0,50.1809,0,0,0
28-Oct-2025,2590.1,Put,2150,0,0,50.1809,0,92,0
25-Nov-2025,2590.1,Call,2680,0,0,50.1809,0,0,0
28-Oct-2025,2590.1,Call,2960,0,0,50.1809,0,0,0
25-Nov-2025,2590.1,Call,2300,0,0,50.1809,0,1,0
25-Nov-2025,2590.1,Call,2740,0,0,50.1809,0,0,0
25-Nov-2025,2590.1,Put,2580,0,0,50.1809,0,0,0
25-Nov-2025,2590.1,Put,2520,0,0,50.1809,0,0,0
28-Oct-2025,2590.1,Put,2740,0,0,50.1809,0,0,0
28-Oct-2025,2590.1,Put,2820,0,0,50.1809,0,0,0
25-Nov-2025,2590.1,Put,2660,0,0,50.1809,0,0,0
28-Oct-2025,2590.1,Put,3000,0,0,50.1809,0,54,0
30-Dec-2025,2590.1,Call,2760,0,0,0,0,0,0
25-Nov-2025,2590.1,Call,2820,0,0,50.1809,0,0,0
28-Oct-2025,2590.1,Call,2320,0,0,50.1809,0,0,0
25-Nov-2025,2590.1,Put,2380,0,0,50.1809,0,0,0
28-Oct-2025,2590.1,Call,2420,0,0,50.1809,0,0,0
28-Oct-2025,2590.1,Put,2760,0,0,50.1809,0,0,0
25-Nov-2025,2590.1,Put,2640,0,0,50.1809,0,0,0
25-Nov-2025,2590.1,Call,2920,0,0,50.1809,0,0,0
25-Nov-2025,2590.1,Put,2820,0,0,50.1809,0,0,0
28-Oct-2025,2590.1,Put,2460,0,0,50.1809,0,0,0
30-Dec-2025,2590.1,Put,2480,0,0,50.1809,0,0,0
25-Nov-2025,2590.1,Put,2800,0,0,50.1809,0,0,0
25-Nov-2025,2590.1,Call,2520,0,0,50.1809,0,0,0
25-Nov-2025,2590.1,Call,2480,0,0,50.1809,0,0,0
25-Nov-2025,2590.1,Put,2740,0,0,50.1809,0,0,0
25-Nov-2025,2590.1,Put,2960,0,0,50.1809,0,0,0
25-Nov-2025,2590.1,Put,2880,0,0,50.1809,0,0,0
25-Nov-2025,2590.1,Put,2340,0,0,50.1809,0,0,0
25-Nov-2025,2590.1,Call,2560,0,0,50.1809,0,0,0
28-Oct-2025,2590.1,Put,2750,0,0,50.1809,0,35,0
30-Dec-2025,2590.1,Call,2720,0,0,0,0,0,0
25-Nov-2025,2590.1,Call,2380,0,0,50.1809,0,0,0
25-Nov-2025,2590.1,Put,2920,0,0,50.1809,0,0,0
25-Nov-2025,2590.1,Call,2840,0,0,50.1809,0,1,0
28-Oct-2025,2590.1,Put,2240,0,0,50.1809,0,9,0
28-Oct-2025,2590.1,Put,2840,0,0,50.1809,0,1,0
28-Oct-2025,2590.1,Put,2420,0,0,50.1809,0,0,0
28-Oct-2025,2590.1,Call,2480,0,0,50.1809,0,44,0
30-Dec-2025,2590.1,Call,2680,0,0,0,0,0,0
25-Nov-2025,2590.1,Put,2780,0,0,50.1809,0,0,0
28-Oct-2025,2590.1,Call,2780,0,0,50.1809,0,0,0
25-Nov-2025,2590.1,Put,2400,0,0,50.1809,0,0,0
25-Nov-2025,2590.1,Call,2540,0,0,50.1809,0,0,0
25-Nov-2025,2590.1,Call,2320,0,0,50.1809,0,0,0
25-Nov-2025,2590.1,Call,2420,0,0,50.1809,0,0,0
25-Nov-2025,2590.1,Put,2840,0,0,50.1809,0,0,0
30-Dec-2025,2590.1,Call,2800,0,0,50.1809,0,0,0
25-Nov-2025,2590.1,Call,2340,0,0,50.1809,0,0,0
25-Nov-2025,2590.1,Put,2440,0,0,50.1809,0,0,0
25-Nov-2025,2590.1,Put,2720,0,0,50.1809,0,0,0
25-Nov-2025,2590.1,Put,2620,0,0,50.1809,0,0,0
25-Nov-2025,2590.1,Call,2640,0,0,50.1809,0,0,0
25-Nov-2025,2590.1,Call,2780,0,0,50.1809,0,0,0
25-Nov-2025,2590.1,Put,2480,0,0,50.1809,0,0,0
25-Nov-2025,2590.1,Put,2680,0,0,50.1809,0,0,0
25-Nov-2025,2590.1,Put,2280,0,0,50.1809,0,0,0
25-Nov-2025,2590.1,Call,2720,0,0,50.1809,0,0,0
25-Nov-2025,2590.1,Put,2560,0,0,50.1809,0,0,0
30-Dec-2025,2590.1,Call,2520,0,0,0,0,0,0
25-Nov-2025,2590.1,Put,2320,0,0,50.1809,0,0,0
25-Nov-2025,2590.1,Call,2360,0,0,50.1809,0,0,0
25-Nov-2025,2590.1,Call,2760,0,0,50.1809,0,0,0
25-Nov-2025,2590.1,Call,2400,0,0,50.1809,0,0,0
30-Dec-2025,2590.1,Put,2760,0,0,0,0,0,0
28-Oct-2025,2590.1,Call,2100,0,0,50.1809,0,9,0
25-Nov-2025,2590.1,Call,2280,0,0,50.1809,0,0,0
30-Dec-2025,2590.1,Put,2560,0,0,0,0,0,0
30-Dec-2025,2590.1,Call,2640,0,0,0,0,0,0
25-Nov-2025,2590.1,Put,2240,0,0,50.1809,0,0,0
30-Dec-2025,2590.1,Put,2600,0,0,50.1809,0,0,0
30-Dec-2025,2590.1,Put,2640,0,0,0,0,0,0
30-Dec-2025,2590.1,Put,2720,0,0,0,0,0,0
30-Dec-2025,2590.1,Call,2560,0,0,0,0,0,0
30-Dec-2025,2590.1,Put,2800,0,0,0,0,0,0
25-Nov-2025,2590.1,Put,2460,0,0,50.1809,0,0,0
25-Nov-2025,2590.1,Put,2760,0,0,50.1809,0,0,0
25-Nov-2025,2590.1,Call,2960,0,0,50.1809,0,0,0
30-Dec-2025,2590.1,Put,2680,0,0,0,0,0,0
25-Nov-2025,2590.1,Call,2580,0,0,50.1809,0,0,0
25-Nov-2025,2590.1,Call,2620,0,0,50.1809,0,0,0
28-Oct-2025,2590.1,Put,2360,0,0,50.1809,0,0,0
28-Oct-2025,2590.1,Put,2880,0,0,50.1809,0,0,0
25-Nov-2025,2590.1,Call,2660,0,0,50.1809,0,0,0
25-Nov-2025,2590.1,Put,2420,0,0,50.1809,0,0,0
30-Dec-2025,2590.1,Put,2840,0,0,0,0,0,0
25-Nov-2025,2590.1,Put,2540,0,0,50.1809,0,0,0
30-Dec-2025,2590.1,Call,2600,0,0,50.1809,0,0,0
25-Nov-2025,2590.1,Call,2200,0,0,50.1809,0,0,0
28-Oct-2025,2590.1,Call,2440,0,0,50.1809,0,0,0
25-Nov-2025,2590.1,Call,2880,0,0,50.1809,0,2,0
25-Nov-2025,2590.1,Call,2240,0,0,50.1809,0,0,0
