28-Oct-2025,1189.8,-,0,1193.6,0,27.0335,1661,135987,8310
28-Oct-2025,1190.3,Call,1230,12.35,21.97,27.0335,3463,4246,5571
28-Oct-2025,1189.8,Call,1200,23.7,22.04,27.0335,1050,6357,5274
28-Oct-2025,1189.8,Put,1200,29.95,24.79,27.0335,-20,2343,3724
28-Oct-2025,1190.3,Call,1250,8.15,22.65,27.0335,355,5424,3036
28-Oct-2025,1189.8,Call,1220,15.45,21.92,27.0335,522,1672,2788
28-Oct-2025,1189.8,Call,1210,19.4,21.94,27.0335,325,1051,2674
28-Oct-2025,1189.8,Call,1240,9.95,22.03,27.0335,-142,845,2157
28-Oct-2025,1189.8,Put,1190,25,24.46,27.0335,20,854,2138
28-Oct-2025,1189.8,Put,1180,20.45,23.68,27.0335,-150,1071,1719
28-Oct-2025,1189.8,Call,1300,2.55,24.04,27.0335,23,1657,1306
28-Oct-2025,1189.8,Call,1190,28.5,21.77,27.0335,142,1012,1244
28-Oct-2025,1189.8,Put,1150,10.4,24.89,27.0335,-23,1362,1189
28-Oct-2025,1189.8,Put,1170,16.5,24.07,27.0335,-30,841,1160
28-Oct-2025,1189.8,Put,1210,35.25,24.64,27.0335,-132,497,1136
28-Oct-2025,1189.8,Call,1260,6.35,22.74,27.0335,76,1289,1060
28-Oct-2025,1189.8,Call,1270,5.1,23.04,27.0335,-5,422,891
28-Oct-2025,1189.8,Put,1100,3,26.17,27.0335,-120,1456,796
28-Oct-2025,1189.8,Call,1280,4.05,23.4,27.0335,-28,432,770
28-Oct-2025,1189.8,Put,1160,13.1,24.21,27.0335,-36,1748,765
28-Oct-2025,1189.8,Put,1120,4.75,25.56,27.0335,-135,840,729
28-Oct-2025,1189.8,Put,1220,41.85,24.11,27.0335,-20,727,626
28-Oct-2025,1189.8,Call,1150,54.3,23.2,27.0335,-7,3696,596
28-Oct-2025,1189.8,Call,1340,0.95,24.83,27.0335,32,1320,593
28-Oct-2025,1190.3,Call,1320,1.5,24.46,27.0335,-142,616,579
28-Oct-2025,1189.8,Put,1140,8.3,24.74,27.0335,-62,1216,570
28-Oct-2025,1190.3,Put,1130,6.5,25.32,27.0335,-14,848,498
28-Oct-2025,1189.8,Call,1180,34.55,21.59,27.0335,53,1319,493
28-Oct-2025,1189.8,Call,1100,96.05,23.25,27.0335,-112,592,416
25-Nov-2025,1189.8,-,0,1201,0,27.0335,96,1943,346
28-Oct-2025,1189.8,Call,1290,3.15,23.65,27.0335,-58,268,344
28-Oct-2025,1190.3,Call,1160,49.4,22.78,27.0335,-1,6361,318
28-Oct-2025,1189.8,Put,1110,3.95,25.74,27.0335,10,397,292
28-Oct-2025,1190.3,Put,1230,47.8,23.86,27.0335,73,151,273
28-Oct-2025,1190.3,Put,1080,1.75,27.32,27.0335,41,519,209
28-Oct-2025,1189.8,Call,1170,43.2,23.43,27.0335,14,863,193
28-Oct-2025,1189.8,Put,1090,2.3,26.7,27.0335,-30,183,184
28-Oct-2025,1189.8,Put,1060,1,28.06,27.0335,21,539,176
28-Oct-2025,1189.8,Call,1140,63.9,21.7,27.0335,-16,989,157
28-Oct-2025,1189.8,Put,1000,0.4,33.35,27.0335,-31,409,100
28-Oct-2025,1189.8,Put,1260,68.35,24.04,27.0335,-13,72,80
25-Nov-2025,1189.8,Call,1200,38,19.5,27.0335,-3,114,67
28-Oct-2025,1189.8,Put,1250,59.9,23.42,27.0335,-26,123,66
25-Nov-2025,1189.8,Put,1100,6.85,23.48,27.0335,32,115,62
28-Oct-2025,1189.8,Put,1240,55.9,23.04,27.0335,-25,83,57
28-Oct-2025,1189.8,Put,1050,0.85,29.04,27.0335,-8,419,52
28-Oct-2025,1189.8,Put,860,0.2,53.61,27.0335,29,39,52
28-Oct-2025,1190.3,Put,1070,1.4,27.78,27.0335,3,151,50
30-Dec-2025,1189.8,-,0,1210.4,0,27.0335,26,93,45
25-Nov-2025,1189.8,Call,1300,8.7,21.03,27.0335,-15,44,41
25-Nov-2025,1189.8,Put,1200,35,22.39,27.0335,5,30,33
28-Oct-2025,1189.8,Call,1130,70.05,17.06,27.0335,4,497,32
28-Oct-2025,1190.3,Put,1270,76.1,23.31,27.0335,18,18,31
28-Oct-2025,1190.3,Call,1120,78.7,13.77,27.0335,8,370,28
28-Oct-2025,1189.8,Put,1020,0.5,31.66,27.0335,-9,155,27
28-Oct-2025,1189.8,Call,1310,2.1,24.49,0,0,13,23
28-Oct-2025,1189.8,Put,1300,106.25,29.81,27.0335,-11,117,22
25-Nov-2025,1190.3,Put,1170,24.05,22.56,27.0335,7,10,19
25-Nov-2025,1190.3,Call,1220,29,19.74,27.0335,12,12,16
28-Oct-2025,1190.3,Put,1280,85.75,24.91,27.0335,-2,48,15
28-Oct-2025,1189.8,Put,880,0.3,52.6,27.0335,0,1,15
28-Oct-2025,1189.8,Call,1360,0.65,26.41,27.0335,14,14,15
25-Nov-2025,1189.8,Put,1120,9.75,23.02,27.0335,3,9,10
28-Oct-2025,1189.8,Put,960,0.2,37.28,27.0335,-1,32,10
25-Nov-2025,1190.3,Put,1150,15.9,22.28,27.0335,3,16,10
28-Oct-2025,1189.8,Call,1000,197,0,27.0335,6,68,9
25-Nov-2025,1189.8,Call,1150,71.5,21.04,27.0335,-2,19,7
25-Nov-2025,1189.8,Call,1250,18.75,20.13,27.0335,2,11,7
28-Oct-2025,1189.8,Put,1040,0.8,30.49,27.0335,-3,323,6
28-Oct-2025,1189.8,Put,1010,0.75,35.41,27.0335,0,10,6
28-Oct-2025,1189.8,Call,1110,91.2,24.14,27.0335,2,64,4
28-Oct-2025,1189.8,Put,990,0.2,32.62,27.0335,0,79,4
28-Oct-2025,1189.8,Put,980,0.2,34.16,27.0335,0,186,3
28-Oct-2025,1189.8,Put,1030,0.55,30.42,27.0335,0,137,2
25-Nov-2025,1190.3,Call,1240,22.35,20.35,27.0335,-1,15,2
25-Nov-2025,1189.8,Call,1260,16.1,19.94,27.0335,-1,9,2
25-Nov-2025,1190.3,Call,1340,5,22.31,27.0335,-1,11,2
25-Nov-2025,1190.3,Put,1210,41.2,23.1,27.0335,1,1,2
28-Oct-2025,1189.8,Call,1060,136.55,0,27.0335,-1,41,2
28-Oct-2025,1190.3,Put,900,0.2,46.91,27.0335,0,15,1
25-Nov-2025,1189.8,Put,1250,59.95,20.05,27.0335,0,0,1
28-Oct-2025,1189.8,Call,1080,0,0,27.0335,0,88,0
28-Oct-2025,1189.8,Call,1040,0,0,27.0335,0,6,0
28-Oct-2025,1189.8,Put,1360,0,0,27.0335,0,0,0
28-Oct-2025,1189.8,Call,1070,0,0,27.0335,0,56,0
28-Oct-2025,1189.8,Put,1310,0,0,0,0,0,0
28-Oct-2025,1189.8,Call,920,0,0,27.0335,0,16,0
28-Oct-2025,1189.8,Call,960,0,0,27.0335,0,4,0
28-Oct-2025,1189.8,Call,1030,0,0,27.0335,0,3,0
28-Oct-2025,1189.8,Put,950,0,0,27.0335,0,38,0
28-Oct-2025,1189.8,Put,970,0,0,27.0335,0,4,0
28-Oct-2025,1189.8,Put,1320,0,0,27.0335,0,30,0
28-Oct-2025,1189.8,Call,1380,0,0,0,0,0,0
28-Oct-2025,1189.8,Put,1290,0,0,27.0335,0,1,0
25-Nov-2025,1189.8,Put,1360,0,0,27.0335,0,0,0
28-Oct-2025,1189.8,Put,1340,0,0,27.0335,0,0,0
28-Oct-2025,1189.8,Put,1380,0,0,0,0,0,0
25-Nov-2025,1189.8,Call,1290,0,0,27.0335,0,0,0
25-Nov-2025,1189.8,Call,1190,0,0,27.0335,0,7,0
25-Nov-2025,1190.3,Put,1380,0,0,0,0,0,0
25-Nov-2025,1189.8,Put,1260,0,0,27.0335,0,0,0
28-Oct-2025,1190.3,Call,1020,0,0,27.0335,0,4,0
25-Nov-2025,1189.8,Put,1220,0,0,27.0335,0,0,0
25-Nov-2025,1189.8,Call,1230,0,0,27.0335,0,0,0
25-Nov-2025,1189.8,Put,1090,0,0,27.0335,0,0,0
25-Nov-2025,1189.8,Call,1180,0,0,27.0335,0,6,0
25-Nov-2025,1190.3,Call,1070,0,0,27.0335,0,0,0
25-Nov-2025,1190.3,Put,1190,0,0,27.0335,0,0,0
28-Oct-2025,1189.8,Call,1090,0,0,27.0335,0,23,0
30-Dec-2025,1189.8,Put,1200,0,0,27.0335,0,0,0
25-Nov-2025,1189.8,Put,1290,0,0,27.0335,0,0,0
25-Nov-2025,1190.3,Put,1070,0,0,27.0335,0,0,0
25-Nov-2025,1189.8,Call,1000,0,0,27.0335,0,0,0
28-Oct-2025,1189.8,Call,1050,0,0,27.0335,0,81,0
25-Nov-2025,1189.8,Put,1300,0,0,27.0335,0,0,0
30-Dec-2025,1190.3,Call,1340,0,0,0,0,0,0
25-Nov-2025,1189.8,Put,1020,0,0,27.0335,0,0,0
30-Dec-2025,1190.3,Put,1000,0,0,27.0335,0,0,0
30-Dec-2025,1189.8,Put,1140,0,0,27.0335,0,0,0
25-Nov-2025,1190.3,Put,1340,0,0,27.0335,0,0,0
25-Nov-2025,1189.8,Put,1060,0,0,27.0335,0,0,0
30-Dec-2025,1189.8,Put,1040,0,0,27.0335,0,0,0
25-Nov-2025,1189.8,Call,1210,0,0,27.0335,0,1,0
25-Nov-2025,1189.8,Put,1320,0,0,27.0335,0,0,0
30-Dec-2025,1190.3,Call,1200,0,0,0,0,0,0
25-Nov-2025,1189.8,Call,1280,0,0,27.0335,0,10,0
25-Nov-2025,1189.8,Put,1140,0,0,27.0335,0,12,0
30-Dec-2025,1189.8,Put,1180,0,0,27.0335,0,0,0
25-Nov-2025,1189.8,Put,1180,0,0,27.0335,0,0,0
25-Nov-2025,1189.8,Call,1120,0,0,27.0335,0,0,0
25-Nov-2025,1189.8,Call,1040,0,0,27.0335,0,0,0
25-Nov-2025,1190.3,Call,1050,0,0,27.0335,0,0,0
25-Nov-2025,1190.3,Put,1050,0,0,27.0335,0,0,0
25-Nov-2025,1190.3,Put,1130,0,0,27.0335,0,0,0
25-Nov-2025,1189.8,Put,1000,0,0,27.0335,0,0,0
25-Nov-2025,1189.8,Put,1160,0,0,27.0335,0,0,0
30-Dec-2025,1189.8,Call,1280,0,0,27.0335,0,0,0
25-Nov-2025,1189.8,Put,1040,0,0,27.0335,0,0,0
25-Nov-2025,1189.8,Put,1080,0,0,27.0335,0,0,0
25-Nov-2025,1190.3,Put,1280,0,0,27.0335,0,0,0
25-Nov-2025,1189.8,Put,1270,0,0,27.0335,0,0,0
30-Dec-2025,1189.8,Put,1160,0,0,27.0335,0,0,0
25-Nov-2025,1189.8,Put,1110,0,0,27.0335,0,0,0
25-Nov-2025,1190.3,Call,1080,0,0,27.0335,0,0,0
25-Nov-2025,1189.8,Call,1310,0,0,0,0,0,0
30-Dec-2025,1189.8,Put,1080,0,0,27.0335,0,0,0
25-Nov-2025,1189.8,Call,1060,0,0,27.0335,0,0,0
30-Dec-2025,1190.3,Put,1220,0,0,0,0,0,0
25-Nov-2025,1189.8,Put,1240,0,0,27.0335,0,0,0
30-Dec-2025,1189.8,Put,1120,0,0,27.0335,0,0,0
30-Dec-2025,1189.8,Put,1100,0,0,27.0335,0,0,0
25-Nov-2025,1190.3,Call,1130,0,0,27.0335,0,0,0
25-Nov-2025,1190.3,Put,1230,0,0,27.0335,0,0,0
25-Nov-2025,1189.8,Call,1110,0,0,27.0335,0,0,0
30-Dec-2025,1189.8,Put,1060,0,0,27.0335,0,0,0
25-Nov-2025,1189.8,Call,1100,0,0,27.0335,0,0,0
25-Nov-2025,1189.8,Call,1270,0,0,27.0335,0,0,0
25-Nov-2025,1190.3,Put,1310,0,0,0,0,0,0
30-Dec-2025,1190.3,Call,1180,0,0,27.0335,0,0,0
30-Dec-2025,1190.3,Put,1240,0,0,0,0,0,0
30-Dec-2025,1190.3,Call,1360,0,0,27.0335,0,0,0
30-Dec-2025,1190.3,Call,1300,0,0,27.0335,0,0,0
30-Dec-2025,1189.8,Call,1260,0,0,27.0335,0,0,0
25-Nov-2025,1189.8,Call,1320,0,0,27.0335,0,7,0
25-Nov-2025,1190.3,Call,1090,0,0,27.0335,0,0,0
25-Nov-2025,1189.8,Call,1170,0,0,27.0335,0,0,0
25-Nov-2025,1189.8,Call,1360,0,0,27.0335,0,0,0
30-Dec-2025,1190.3,Call,1240,0,0,0,0,0,0
30-Dec-2025,1189.8,Call,1320,0,0,27.0335,0,0,0
25-Nov-2025,1189.8,Call,1140,0,0,27.0335,0,0,0
30-Dec-2025,1190.3,Put,1260,0,0,0,0,0,0
25-Nov-2025,1189.8,Call,1380,0,0,0,0,0,0
30-Dec-2025,1190.3,Call,1220,0,0,0,0,0,0
25-Nov-2025,1189.8,Call,1160,0,0,27.0335,0,0,0
25-Nov-2025,1190.3,Call,1020,0,0,27.0335,0,0,0
