28-Oct-2025,8860.5,-,0,8908,0,30.7875,-279,41276,4506
28-Oct-2025,8860.5,Call,9000,155.9,23.17,30.7875,-461,2631,3829
28-Oct-2025,8860.5,Call,8800,255,23.24,30.7875,-200,1862,3742
28-Oct-2025,8860.5,Call,8900,201.95,23.29,30.7875,306,1261,2882
28-Oct-2025,8860.5,Put,8700,107.65,23.41,30.7875,14,1046,1727
28-Oct-2025,8860.5,Call,9200,88.1,23.32,30.7875,62,1950,1672
28-Oct-2025,8860.5,Call,9500,36.6,24.41,30.7875,-119,2308,1273
28-Oct-2025,8860.5,Put,8500,56.3,23.8,30.7875,-209,1378,1229
28-Oct-2025,8860.5,Call,9100,118.5,23.32,30.7875,-64,851,1213
28-Oct-2025,8860.5,Put,8600,79,23.67,30.7875,-59,721,1175
28-Oct-2025,8860.5,Put,8800,146.5,23.4,30.7875,60,1314,1152
28-Oct-2025,8860.5,Call,8700,317.35,23.13,30.7875,-62,1118,1055
28-Oct-2025,8860.5,Call,10000,9.2,27.17,30.7875,74,2013,952
28-Oct-2025,8860.5,Call,9400,49.05,23.78,30.7875,12,956,818
28-Oct-2025,8860.5,Put,8400,39.5,24.1,30.7875,-64,609,758
28-Oct-2025,8860.5,Call,9300,66,23.49,30.7875,15,888,697
28-Oct-2025,8860.5,Put,8000,8.7,25.95,30.7875,-165,734,688
28-Oct-2025,8860.5,Put,8200,18.9,24.8,30.7875,67,606,658
28-Oct-2025,8860.5,Call,9700,19.95,25.21,30.7875,-136,385,501
28-Oct-2025,8860.5,Call,9800,15.9,25.91,30.7875,11,554,451
28-Oct-2025,8860.5,Put,8300,27.8,24.5,30.7875,39,550,417
28-Oct-2025,8860.5,Put,8900,192.85,23.58,30.7875,87,511,380
28-Oct-2025,8860.5,Call,9600,27,24.62,30.7875,-23,432,313
28-Oct-2025,8860.5,Put,7400,1.5,31.82,30.7875,2,267,290
25-Nov-2025,8860.5,-,0,8935,0,30.7875,23,885,276
28-Oct-2025,8860.5,Call,8600,387.35,23.24,30.7875,-15,541,263
28-Oct-2025,8860.5,Put,8100,12.8,25.38,30.7875,-27,311,223
28-Oct-2025,8860.5,Put,9000,246.65,23.34,30.7875,27,724,208
28-Oct-2025,8860.5,Put,9200,373.2,23.04,30.7875,96,583,155
28-Oct-2025,8860.5,Put,7900,6.1,26.72,30.7875,-41,239,137
28-Oct-2025,8860.5,Call,8500,472.1,24.74,30.7875,12,510,128
28-Oct-2025,8860.5,Put,7700,2.55,27.68,30.7875,-76,681,103
28-Oct-2025,8860.5,Put,7800,4.5,27.62,30.7875,-41,243,93
28-Oct-2025,8860.5,Call,9900,12.5,26.65,30.7875,-1,620,90
28-Oct-2025,8860.5,Call,10200,5.3,28.02,30.7875,15,248,83
28-Oct-2025,8860.5,Call,10100,6.85,27.43,30.7875,-8,128,66
28-Oct-2025,8860.5,Put,7600,1.9,28.56,30.7875,-6,487,61
25-Nov-2025,8860.5,Call,10000,57.7,25.99,30.7875,5,126,42
28-Oct-2025,8860.5,Put,9100,308.95,22.86,30.7875,3,126,34
25-Nov-2025,8860.5,Put,8200,72.95,25.98,30.7875,13,22,25
28-Oct-2025,8860.5,Call,10400,2.8,28.63,30.7875,0,233,23
28-Oct-2025,8860.5,Call,8300,642.55,25.95,30.7875,-2,85,23
28-Oct-2025,8860.5,Call,8400,554.85,25.23,30.7875,-5,154,19
28-Oct-2025,8860.5,Put,9300,453.05,23.74,30.7875,-1,54,16
28-Oct-2025,8860.5,Put,9500,649.4,29.61,30.7875,10,135,16
25-Nov-2025,8860.5,Call,9000,303.95,24.16,30.7875,8,51,15
25-Nov-2025,8860.5,Call,9500,135,24.75,30.7875,8,9,11
30-Dec-2025,8860.5,-,0,8900,0,30.7875,1,90,10
25-Nov-2025,8860.5,Put,8500,145,26.15,30.7875,0,22,10
28-Oct-2025,8860.5,Call,8200,724.7,25.74,30.7875,0,47,9
28-Oct-2025,8860.5,Call,10300,3.85,28.32,30.7875,4,102,7
28-Oct-2025,8860.5,Put,10000,1100,31.21,30.7875,-2,126,5
25-Nov-2025,8860.5,Put,8000,46,26.45,30.7875,0,22,4
25-Nov-2025,8860.5,Call,8700,420,20.23,30.7875,1,26,3
28-Oct-2025,8860.5,Put,10400,1490,35.44,30.7875,1,9,2
25-Nov-2025,8860.5,Call,9200,213.3,23.6,30.7875,1,2,2
25-Nov-2025,8860.5,Put,10000,1160,37.07,30.7875,0,0,2
25-Nov-2025,8860.5,Put,8700,200.75,25.15,30.7875,0,1,1
25-Nov-2025,8860.5,Call,8900,314,21.1,30.7875,0,16,1
25-Nov-2025,8860.5,Put,8300,85,25.11,30.7875,0,5,1
28-Oct-2025,8860.5,Put,7200,0,0,30.7875,0,0,0
28-Oct-2025,8860.5,Call,7800,0,0,30.7875,0,0,0
28-Oct-2025,8860.5,Call,7400,0,0,30.7875,0,0,0
28-Oct-2025,8860.5,Call,7600,0,0,30.7875,0,4,0
28-Oct-2025,8860.5,Put,9400,0,0,30.7875,0,38,0
28-Oct-2025,8860.5,Put,9600,0,0,30.7875,0,10,0
28-Oct-2025,8860.5,Put,9800,0,0,30.7875,0,28,0
28-Oct-2025,8860.5,Put,9700,0,0,30.7875,0,31,0
28-Oct-2025,8860.5,Put,10200,0,0,30.7875,0,2,0
28-Oct-2025,8860.5,Call,7700,0,0,30.7875,0,0,0
28-Oct-2025,8860.5,Call,7900,0,0,30.7875,0,0,0
28-Oct-2025,8860.5,Call,8100,0,0,30.7875,0,0,0
25-Nov-2025,8860.5,Put,8800,0,0,30.7875,0,0,0
25-Nov-2025,8860.5,Call,8200,0,0,30.7875,0,0,0
25-Nov-2025,8860.5,Put,7400,0,0,30.7875,0,0,0
25-Nov-2025,8860.5,Put,9200,0,0,30.7875,0,4,0
25-Nov-2025,8860.5,Put,7600,0,0,30.7875,0,75,0
28-Oct-2025,8860.5,Call,7200,0,0,30.7875,0,0,0
25-Nov-2025,8860.5,Call,9700,0,0,0,0,0,0
25-Nov-2025,8860.5,Call,10200,0,0,30.7875,0,0,0
25-Nov-2025,8860.5,Call,7700,0,0,30.7875,0,0,0
25-Nov-2025,8860.5,Call,10800,0,0,30.7875,0,3,0
25-Nov-2025,8860.5,Put,7200,0,0,30.7875,0,0,0
25-Nov-2025,8860.5,Put,9700,0,0,0,0,0,0
25-Nov-2025,8860.5,Call,7400,0,0,30.7875,0,0,0
25-Nov-2025,8860.5,Call,7900,0,0,30.7875,0,0,0
28-Oct-2025,8860.5,Put,9900,0,0,30.7875,0,3,0
25-Nov-2025,8860.5,Put,8400,0,0,30.7875,0,7,0
25-Nov-2025,8860.5,Call,8400,0,0,30.7875,0,0,0
25-Nov-2025,8860.5,Call,8300,0,0,30.7875,0,0,0
25-Nov-2025,8860.5,Put,8100,0,0,30.7875,0,1,0
25-Nov-2025,8860.5,Put,9000,0,0,30.7875,0,0,0
25-Nov-2025,8860.5,Put,7800,0,0,30.7875,0,20,0
25-Nov-2025,8860.5,Put,9600,0,0,30.7875,0,0,0
30-Dec-2025,8860.5,Call,10000,0,0,30.7875,0,0,0
25-Nov-2025,8860.5,Put,9100,0,0,30.7875,0,0,0
25-Nov-2025,8860.5,Call,9400,0,0,30.7875,0,13,0
25-Nov-2025,8860.5,Put,7700,0,0,30.7875,0,0,0
25-Nov-2025,8860.5,Call,8000,0,0,30.7875,0,0,0
25-Nov-2025,8860.5,Put,9800,0,0,30.7875,0,0,0
25-Nov-2025,8860.5,Call,7600,0,0,30.7875,0,0,0
25-Nov-2025,8860.5,Call,7200,0,0,30.7875,0,0,0
30-Dec-2025,8860.5,Call,8800,0,0,30.7875,0,0,0
25-Nov-2025,8860.5,Put,9300,0,0,30.7875,0,0,0
25-Nov-2025,8860.5,Call,9600,0,0,30.7875,0,5,0
30-Dec-2025,8860.5,Call,9200,0,0,0,0,0,0
25-Nov-2025,8860.5,Call,9100,0,0,30.7875,0,1,0
30-Dec-2025,8860.5,Call,9400,0,0,0,0,0,0
30-Dec-2025,8860.5,Put,8200,0,0,30.7875,0,0,0
25-Nov-2025,8860.5,Put,8900,0,0,30.7875,0,0,0
25-Nov-2025,8860.5,Put,9500,0,0,30.7875,0,0,0
25-Nov-2025,8860.5,Call,9300,0,0,30.7875,0,0,0
30-Dec-2025,8860.5,Put,9200,0,0,0,0,0,0
30-Dec-2025,8860.5,Put,9400,0,0,0,0,0,0
30-Dec-2025,8860.5,Put,8400,0,0,0,0,0,0
30-Dec-2025,8860.5,Call,9600,0,0,0,0,0,0
25-Nov-2025,8860.5,Put,8600,0,0,30.7875,0,0,0
30-Dec-2025,8860.5,Put,8600,0,0,0,0,0,0
30-Dec-2025,8860.5,Call,9800,0,0,0,0,0,0
28-Oct-2025,8860.5,Call,8000,0,0,30.7875,0,38,0
25-Nov-2025,8860.5,Call,7800,0,0,30.7875,0,0,0
25-Nov-2025,8860.5,Put,7900,0,0,30.7875,0,0,0
25-Nov-2025,8860.5,Call,8100,0,0,30.7875,0,0,0
25-Nov-2025,8860.5,Call,8500,0,0,30.7875,0,2,0
30-Dec-2025,8860.5,Put,9000,0,0,0,0,0,0
25-Nov-2025,8860.5,Call,8800,0,0,30.7875,0,9,0
30-Dec-2025,8860.5,Call,8600,0,0,30.7875,0,0,0
30-Dec-2025,8860.5,Put,7800,0,0,0,0,0,0
25-Nov-2025,8860.5,Put,9400,0,0,30.7875,0,0,0
25-Nov-2025,8860.5,Call,8600,0,0,30.7875,0,12,0
30-Dec-2025,8860.5,Call,9000,0,0,30.7875,0,0,0
25-Nov-2025,8860.5,Call,9800,0,0,30.7875,0,0,0
30-Dec-2025,8860.5,Put,8800,0,0,0,0,0,0
30-Dec-2025,8860.5,Put,8000,0,0,30.7875,0,9,0
25-Nov-2025,8860.5,Put,10200,0,0,30.7875,0,0,0
