28-Oct-2025,56323.45,Call,56500,545.4,8.79,17.4483,1868,19523,57510
28-Oct-2025,56323.45,Call,57000,315,8.78,17.4483,1398,62657,54261
28-Oct-2025,56294.5,Put,56000,367.1,11.85,17.4483,7353,32017,49744
28-Oct-2025,56323.45,Call,56000,848,8.79,17.4483,1288,31971,48075
28-Oct-2025,56323.45,Call,56300,658.45,8.81,17.4483,3424,8133,45723
28-Oct-2025,56323.45,Call,56200,721.1,8.83,17.4483,1369,7067,44790
28-Oct-2025,56323.45,Call,58000,84,9.02,17.4483,-1970,29681,33451
28-Oct-2025,56294.5,Call,56100,782.65,8.76,17.4483,-1078,4917,32949
28-Oct-2025,56294.5,Call,56400,600.5,8.82,17.4483,2952,6238,31788
28-Oct-2025,56294.5,Put,56300,474.5,11.73,17.4483,3802,7236,29748
28-Oct-2025,56294.5,Put,56100,400.5,11.81,17.4483,2757,7534,28861
28-Oct-2025,56294.5,Put,56200,436,11.75,17.4483,3761,7847,28461
28-Oct-2025,56294.5,Call,57500,166.45,8.82,17.4483,2053,19128,28014
28-Oct-2025,56323.45,Put,55000,152.55,12.78,17.4483,3832,49787,26604
28-Oct-2025,56323.45,Put,54000,68.3,14.21,17.4483,-3338,36299,25513
28-Oct-2025,56294.5,Put,56500,558.4,11.67,17.4483,4687,9791,24572
28-Oct-2025,56294.5,Put,55500,236.25,12.25,17.4483,884,24572,22379
28-Oct-2025,56294.5,Call,56700,442.95,8.82,17.4483,1628,5299,18937
28-Oct-2025,56294.5,Put,56400,515.85,11.65,17.4483,2874,4126,18375
28-Oct-2025,56294.5,Put,54500,99.75,13.4,17.4483,388,25615,18067
28-Oct-2025,56294.5,Call,58500,43.6,9.41,17.4483,2713,14383,16135
28-Oct-2025,56294.5,Put,53000,38.85,16.3,17.4483,717,23128,16120
28-Oct-2025,56294.5,Call,56800,397,8.81,17.4483,1182,5233,15841
28-Oct-2025,56294.5,Call,56600,493.55,8.84,17.4483,1068,4447,15544
28-Oct-2025,56294.5,Call,59000,27,10.17,17.4483,2101,17209,14362
28-Oct-2025,56294.5,Put,53500,49.9,15.17,17.4483,746,19054,13905
28-Oct-2025,56323.45,Call,57800,110.2,8.92,17.4483,2898,5312,13377
28-Oct-2025,56294.5,Put,55800,307.75,11.99,17.4483,487,6429,12115
28-Oct-2025,56294.5,Put,52000,26.1,18.68,17.4483,-334,17134,11994
28-Oct-2025,56294.5,Call,60000,14.05,12.06,17.4483,1870,19160,11670
28-Oct-2025,56294.5,Put,57000,825,11.65,17.4483,628,31261,11603
28-Oct-2025,56294.5,Call,57200,246.65,8.79,17.4483,809,3754,11178
28-Oct-2025,56294.5,Call,57400,190.65,8.81,17.4483,1,3393,10430
28-Oct-2025,56294.5,-,0,56495,0,17.4483,427,53263,10407
28-Oct-2025,56294.5,Call,57300,217,8.8,17.4483,437,3815,10311
28-Oct-2025,56294.5,Put,55900,336.5,11.94,17.4483,253,4707,10298
28-Oct-2025,56294.5,Put,52500,31.05,17.45,17.4483,-699,11369,9269
28-Oct-2025,56294.5,Call,56900,355,8.79,17.4483,590,3032,9138
28-Oct-2025,56294.5,Put,55700,282,12.09,17.4483,-120,4826,8857
28-Oct-2025,56294.5,Put,55600,257.85,12.17,17.4483,-1074,5938,8572
28-Oct-2025,56294.5,Call,59500,19.35,11.14,17.4483,886,8720,8406
28-Oct-2025,56294.5,Call,57100,278.65,8.78,17.4483,343,2957,7984
28-Oct-2025,56294.5,Call,57600,146,8.87,17.4483,313,2126,7875
28-Oct-2025,56294.5,Call,57700,126.9,8.89,17.4483,484,2473,7107
28-Oct-2025,56294.5,Call,55500,1214.85,8.3,17.4483,554,17620,6456
28-Oct-2025,56294.5,Call,57900,95.85,8.96,17.4483,202,1366,6373
28-Oct-2025,56294.5,Put,51000,19.3,21.22,17.4483,-552,10418,6276
28-Oct-2025,56294.5,Put,55300,198.15,12.46,17.4483,83,6146,5811
28-Oct-2025,56323.45,Put,51500,22.1,19.92,17.4483,41,6603,5574
28-Oct-2025,56294.5,Call,58300,56.45,9.23,17.4483,899,2434,5554
28-Oct-2025,56294.5,Put,50000,15.55,23.82,17.4483,163,7884,5533
28-Oct-2025,56294.5,Call,55900,920,8.64,17.4483,-534,2500,5418
28-Oct-2025,56323.45,Put,55400,216.2,12.34,17.4483,207,6116,4944
28-Oct-2025,56294.5,Put,55200,182,12.54,17.4483,215,5844,4863
28-Oct-2025,56294.5,Put,54800,128.55,13.03,17.4483,276,6450,4823
28-Oct-2025,56294.5,Call,55800,990,8.58,17.4483,-151,3412,4787
28-Oct-2025,56294.5,Call,58200,63.95,9.13,17.4483,194,3041,4572
28-Oct-2025,56294.5,Put,56600,606,11.63,17.4483,1124,1671,4526
28-Oct-2025,56294.5,Call,58700,35.2,9.69,17.4483,294,1971,4461
28-Oct-2025,56294.5,Call,60500,10.55,12.9,17.4483,-179,3459,4438
28-Oct-2025,56294.5,Put,54700,118.05,13.14,17.4483,92,6292,4225
28-Oct-2025,56323.45,Put,55100,166.4,12.65,17.4483,325,4331,4160
28-Oct-2025,56323.45,Call,58100,73,9.06,17.4483,60,1637,4104
28-Oct-2025,56294.5,Put,54200,78.9,13.9,17.4483,-432,3482,3653
28-Oct-2025,56294.5,Put,54400,91.95,13.51,17.4483,-4,2747,3455
28-Oct-2025,56323.45,Put,54900,139.2,12.9,17.4483,175,5074,3329
28-Oct-2025,56294.5,Call,58600,39.1,9.54,17.4483,613,1626,3265
28-Oct-2025,56294.5,Call,58400,51.15,9.32,17.4483,-51,2842,3138
28-Oct-2025,56323.45,Put,54600,108.25,13.24,17.4483,35,5451,2981
28-Oct-2025,56294.5,Put,54100,73.35,14.05,17.4483,-313,2164,2871
28-Oct-2025,56294.5,Put,50500,17,22.47,17.4483,-183,3833,2702
28-Oct-2025,56294.5,Put,54300,84.3,13.7,17.4483,9,3021,2504
28-Oct-2025,56294.5,Call,55000,1630,0,17.4483,-170,23410,2477
28-Oct-2025,56294.5,Put,53400,46.2,15.35,17.4483,313,1502,2462
28-Oct-2025,56323.45,Call,58900,29.75,9.99,17.4483,201,2038,2325
28-Oct-2025,56294.5,Put,56700,653.7,11.62,17.4483,518,972,2292
28-Oct-2025,56294.5,Call,63000,4.05,17.36,17.4483,-1,5321,2275
28-Oct-2025,56294.5,Call,63500,4.35,18.57,17.4483,238,2905,2230
28-Oct-2025,56294.5,Call,55700,1061.6,8.5,17.4483,-202,4014,2184
28-Oct-2025,56294.5,Put,53700,56.3,14.76,17.4483,172,2258,2073
28-Oct-2025,56294.5,Put,53900,62.95,14.36,17.4483,102,2217,2066
28-Oct-2025,56323.45,Call,61000,8.55,13.84,17.4483,66,7780,2060
28-Oct-2025,56294.5,Put,49500,13.65,25.07,17.4483,4,1077,1998
28-Oct-2025,56323.45,Put,56800,710.25,11.63,17.4483,584,1080,1953
28-Oct-2025,56323.45,Put,53800,58.6,14.53,17.4483,26,1822,1853
28-Oct-2025,56294.5,Put,52600,31.75,17.19,17.4483,-407,848,1752
25-Nov-2025,56294.5,Put,56000,550,12.09,17.4483,277,2340,1736
28-Oct-2025,56294.5,Put,49000,12.6,26.44,17.4483,15,2340,1691
28-Oct-2025,56294.5,Call,59100,24.8,10.35,17.4483,-96,517,1572
28-Oct-2025,56294.5,Put,53300,44.05,15.56,17.4483,-383,2173,1557
28-Oct-2025,56294.5,Put,53600,52.65,14.96,17.4483,250,1370,1549
28-Oct-2025,56294.5,Call,61500,6.7,14.66,17.4483,452,1458,1426
28-Oct-2025,56294.5,Put,52700,33.45,16.98,17.4483,-108,566,1420
28-Oct-2025,56294.5,Call,55600,1140,8.4,17.4483,-179,4041,1328
28-Oct-2025,56323.45,Put,53200,41.95,15.8,17.4483,23,1533,1226
28-Oct-2025,56323.45,Call,62000,5.75,15.6,17.4483,214,2343,1216
28-Oct-2025,56294.5,Put,52900,36.4,16.49,17.4483,-5,880,1202
28-Oct-2025,56294.5,Call,58800,32,9.83,17.4483,385,385,1141
28-Oct-2025,56294.5,Put,52400,29.95,17.65,17.4483,-181,389,1113
28-Oct-2025,56294.5,Put,57500,1168.6,12.17,17.4483,16,1562,1002
28-Oct-2025,56294.5,Call,54500,2091.75,0,17.4483,-365,7174,998
28-Oct-2025,56323.45,Put,53100,40.4,16.06,17.4483,165,1118,995
28-Oct-2025,56294.5,Put,52800,35.1,16.74,17.4483,-85,1396,975
25-Nov-2025,56294.5,Call,56000,1351.6,8.45,17.4483,354,2125,952
28-Oct-2025,56294.5,Put,52200,28.2,18.22,17.4483,53,630,939
28-Oct-2025,56294.5,Call,55300,1380,8.15,17.4483,-106,3548,902
25-Nov-2025,56294.5,Call,60000,74,9.73,17.4483,423,1990,892
28-Oct-2025,56294.5,Put,56900,766.2,11.74,17.4483,98,526,882
28-Oct-2025,56294.5,Put,48000,11.65,29.37,17.4483,-29,4523,880
28-Oct-2025,56294.5,Call,62500,4.55,16.35,17.4483,-21,3059,850
28-Oct-2025,56294.5,Call,59300,22.35,10.69,17.4483,98,287,751
28-Oct-2025,56294.5,Put,46500,10.05,33.95,17.4483,-58,3046,716
25-Nov-2025,56294.5,Call,59000,157.75,9.07,17.4483,233,1601,714
28-Oct-2025,56294.5,Call,59400,20.4,11,17.4483,165,647,705
25-Nov-2025,56294.5,Put,54000,171.75,13.38,17.4483,326,3525,669
25-Nov-2025,56294.5,-,0,56800,0,17.4483,83,4712,668
28-Oct-2025,56323.45,Put,48500,12.3,27.98,17.4483,49,1104,650
25-Nov-2025,56294.5,Call,58000,367.95,8.83,17.4483,112,939,647
28-Oct-2025,56323.45,Put,46000,9.05,34.97,17.4483,138,6624,641
25-Nov-2025,56294.5,Put,55000,303.5,12.59,17.4483,-9,2120,641
28-Oct-2025,56294.5,Call,55200,1460,7.91,17.4483,233,2559,635
28-Oct-2025,56294.5,Call,53000,3530,0,17.4483,-103,1441,606
25-Nov-2025,56294.5,Call,57000,754,8.71,17.4483,-21,2076,585
28-Oct-2025,56323.45,Put,51900,25.35,18.94,17.4483,242,576,573
28-Oct-2025,56294.5,Call,59600,19,11.35,17.4483,91,907,540
28-Oct-2025,56294.5,Put,52300,28.85,17.94,17.4483,12,364,499
25-Nov-2025,56294.5,Put,57000,955,12.1,17.4483,2,709,497
28-Oct-2025,56294.5,Put,47000,10.6,32.43,17.4483,-98,2801,495
28-Oct-2025,56294.5,Call,60300,12.95,12.51,17.4483,-2,215,478
28-Oct-2025,56294.5,Put,51800,22.8,18.97,17.4483,213,987,471
25-Nov-2025,56294.5,Put,56500,725,12.04,17.4483,124,503,450
25-Nov-2025,56294.5,Call,57500,532.35,8.81,17.4483,98,653,447
25-Nov-2025,56294.5,Put,55500,403,12.26,17.4483,71,1068,444
25-Nov-2025,56294.5,Call,56500,1018,8.55,17.4483,23,698,435
28-Oct-2025,56323.45,Call,59800,16.4,11.73,17.4483,76,354,432
28-Oct-2025,56294.5,Put,58000,1580,12.86,17.4483,31,3626,416
28-Oct-2025,56294.5,Call,55400,1306.1,8.04,17.4483,-69,2769,408
28-Oct-2025,56294.5,Put,51300,21,20.33,17.4483,43,336,386
28-Oct-2025,56294.5,Put,47500,10.6,30.7,17.4483,15,1618,362
28-Oct-2025,56294.5,Call,54000,2562.4,0,17.4483,-38,7314,361
30-Dec-2025,56294.5,-,0,57150,0,17.4483,47,837,352
28-Oct-2025,56323.45,Call,60100,13.7,12.22,17.4483,109,305,345
28-Oct-2025,56294.5,Call,59700,18.4,11.22,17.4483,22,304,327
28-Oct-2025,56294.5,Put,57200,948.55,11.9,17.4483,151,325,305
30-Dec-2025,56294.5,Call,60000,228.45,8.91,17.4483,13,2477,295
28-Oct-2025,56294.5,Call,60400,12.25,12.66,17.4483,13,153,285
25-Nov-2025,56294.5,Put,53000,95.95,14.11,17.4483,11,2306,283
28-Oct-2025,56294.5,Put,51600,23.25,19.57,17.4483,-29,127,277
30-Dec-2025,56294.5,Put,57000,1090.4,12.86,17.4483,199,5198,269
28-Oct-2025,56294.5,Put,51200,20.65,20.73,17.4483,-6,167,263
25-Nov-2025,56294.5,Put,54500,224,12.88,17.4483,57,1138,251
28-Oct-2025,56294.5,Call,60900,10.35,13.74,17.4483,87,142,245
28-Oct-2025,56323.45,Put,51700,22.65,19.3,17.4483,-18,454,237
28-Oct-2025,56294.5,Put,57100,878,11.54,17.4483,15,159,233
25-Nov-2025,56294.5,Put,53500,129.95,13.79,17.4483,-51,2503,231
28-Oct-2025,56294.5,Call,60800,9.55,13.48,17.4483,48,216,225
25-Nov-2025,56294.5,Put,57500,1222,12.14,17.4483,139,237,220
28-Oct-2025,56294.5,Call,59900,15.6,11.88,17.4483,89,170,215
28-Oct-2025,56294.5,Call,55100,1555.5,8.07,17.4483,-42,1490,197
30-Dec-2025,56294.5,Put,54000,291,13.5,17.4483,-48,4910,197
28-Oct-2025,56323.45,Call,52000,4526,0,17.4483,130,1885,181
25-Nov-2025,56294.5,Put,56300,651.8,12.12,17.4483,54,128,180
28-Oct-2025,56294.5,Put,52100,26.4,18.37,17.4483,55,302,168
30-Dec-2025,56294.5,Call,57000,1214.05,8.25,17.4483,-10,3606,161
30-Dec-2025,56294.5,Put,55500,575,12.98,17.4483,-78,1911.71428571,153
28-Oct-2025,56294.5,Put,50300,15.75,22.89,17.4483,5,116,139
25-Nov-2025,56294.5,Call,59500,104.4,9.26,17.4483,5,154,138
28-Oct-2025,56294.5,Call,54800,1822,0,17.4483,-77,1787,136
28-Oct-2025,56294.5,Put,51100,19.05,20.81,17.4483,-30,124,131
28-Oct-2025,56294.5,Call,54700,1896.4,0,17.4483,-10,1392,127
30-Dec-2025,56294.5,Put,52500,151,14.38,17.4483,-9,2818.28571429,124
30-Dec-2025,56294.5,Put,51000,87,15.64,17.4483,43,1133,121
28-Oct-2025,56323.45,Put,57300,1023.55,11.95,17.4483,44,92,120
25-Nov-2025,56294.5,Put,52500,74,14.65,17.4483,21,670,119
28-Oct-2025,56294.5,Call,60700,9.5,13.34,17.4483,2,40,116
25-Nov-2025,56294.5,Put,50000,36,18.65,17.4483,11,862,110
28-Oct-2025,56294.5,Call,60600,10.65,13.15,17.4483,8,29,103
25-Nov-2025,56294.5,Put,58000,1540,12.35,17.4483,37,184,103
28-Oct-2025,56294.5,Call,54900,1733.85,0,17.4483,9,2785,102
30-Dec-2025,56294.5,Put,55000,456,13.08,17.4483,77,250,101
25-Nov-2025,56294.5,Call,55000,2080,6.09,17.4483,13,904,97
28-Oct-2025,56294.5,Call,54600,1983.85,0,17.4483,-23,1317,95
28-Oct-2025,56294.5,Call,60200,13.65,12.5,17.4483,-25,97,94
25-Nov-2025,56294.5,Call,56200,1223,8.61,17.4483,23,77,93
30-Dec-2025,56294.5,Put,56000,714,12.86,17.4483,22,353,89
25-Nov-2025,56294.5,Call,56100,1288.3,8.56,17.4483,24,80,87
25-Nov-2025,56294.5,Call,55500,1693.05,7.69,17.4483,23,809,86
28-Oct-2025,56294.5,Put,60000,3503.7,20.36,17.4483,-42,3388,84
25-Nov-2025,56294.5,Call,63000,14.2,12.39,17.4483,31,139,81
28-Oct-2025,56294.5,Put,50800,18,21.65,17.4483,14,122,76
28-Oct-2025,56294.5,Put,50900,18.5,21.4,17.4483,-20,266,70
25-Nov-2025,56294.5,Call,56400,1095.4,8.65,17.4483,12,40,66
30-Dec-2025,56294.5,Put,54500,366.9,13.32,17.4483,44,119,66
25-Nov-2025,56294.5,Call,58700,204.3,8.93,17.4483,46,49,64
28-Oct-2025,56294.5,Put,57400,1080.05,11.74,17.4483,23,55,63
25-Nov-2025,56294.5,Put,56200,612.5,12.09,17.4483,-1,47,59
28-Oct-2025,56294.5,Put,50600,17,22.14,17.4483,32,141,58
25-Nov-2025,56323.45,Put,55800,482.5,12.16,17.4483,-12,61,57
25-Nov-2025,56323.45,Call,56300,1158.35,8.63,17.4483,-7,29,57
25-Nov-2025,56294.5,Put,55700,455.25,12.2,17.4483,-12,66,56
25-Nov-2025,56294.5,Put,52000,62.2,15.3,17.4483,11,1040,55
28-Oct-2025,56294.5,Put,51400,20.55,20.03,17.4483,7,139,49
28-Oct-2025,56294.5,Put,59000,2507,15.9,17.4483,5,1900,46
28-Oct-2025,56294.5,Call,54400,2194.65,0,17.4483,-6,508,46
25-Nov-2025,56294.5,Call,62000,28,11.95,17.4483,26,96,45
28-Oct-2025,56294.5,Call,50000,6478.35,0,17.4483,-32,3536,43
25-Nov-2025,56294.5,Put,56400,680,11.98,17.4483,4,61,43
25-Nov-2025,56294.5,Put,48000,20.4,21.58,17.4483,-1,1531,43
25-Nov-2025,56294.5,Put,56100,579,12.03,17.4483,0,72,43
25-Nov-2025,56323.45,Call,57100,701.45,8.98,17.4483,14,70,42
28-Oct-2025,56294.5,Put,49900,16.9,24.46,17.4483,-4,87,41
25-Nov-2025,56294.5,Put,55600,429.45,12.24,17.4483,1,62,38
28-Oct-2025,56323.45,Put,62000,5486.7,28.03,17.4483,-24,628,37
30-Dec-2025,56294.5,Call,58500,560.6,8.59,17.4483,15,1261,36
28-Oct-2025,56294.5,Put,49800,14.3,24.23,17.4483,15,215,35
25-Nov-2025,56294.5,Call,56700,902.5,8.76,17.4483,-3,71,35
28-Oct-2025,56323.45,Put,49200,13.75,26.07,17.4483,18,85,33
25-Nov-2025,56294.5,Call,56600,967,8.58,17.4483,-4,59,33
25-Nov-2025,56294.5,Put,61000,4120,16.78,17.4483,20,22,32
28-Oct-2025,56294.5,Put,49700,13.3,24.32,17.4483,7,98,31
28-Oct-2025,56294.5,Call,54300,2280,0,17.4483,-12,441,31
30-Dec-2025,56294.5,Call,56500,1514,7.94,17.4483,-2,28,31
25-Nov-2025,56294.5,Put,54700,248.3,12.67,17.4483,3,195,30
25-Nov-2025,56294.5,Put,55400,384.85,12.38,17.4483,-5,76,30
25-Nov-2025,56294.5,Put,51500,50,16,17.4483,2,106,29
30-Dec-2025,56294.5,Call,56000,1810,7.15,17.4483,3,208,28
28-Oct-2025,56294.5,Call,54100,2456.55,0,17.4483,-21,265,27
25-Nov-2025,56323.45,Call,55900,1410.15,8.24,17.4483,6,45,27
25-Nov-2025,56294.5,Put,54100,180,13.24,17.4483,11,34,26
25-Nov-2025,56294.5,Put,55200,330.4,12.3,17.4483,1,153,26
25-Nov-2025,56294.5,Call,56800,863.95,8.71,17.4483,4,13,23
28-Oct-2025,56294.5,Put,48900,12.9,27.22,17.4483,4,36,22
30-Dec-2025,56294.5,Put,58500,1933.2,13.55,17.4483,0,298,22
28-Oct-2025,56294.5,Put,50200,16.6,23.4,17.4483,11,66,21
28-Oct-2025,56294.5,Put,50100,15.3,23.46,17.4483,-8,101,21
31-Mar-2026,56323.45,Call,57000,2175,5.39,17.4483,8,476,21
28-Oct-2025,56294.5,Call,53500,3058,0,17.4483,-9,851,20
28-Oct-2025,56294.5,Put,49300,14.55,25.94,17.4483,5,71,19
28-Oct-2025,56294.5,Put,49100,14.35,26.55,17.4483,-4,64,19
28-Oct-2025,56294.5,Put,61000,4459.05,22.87,17.4483,2,595,18
28-Oct-2025,56323.45,Put,50700,17,21.8,17.4483,-2,174,16
25-Nov-2025,56294.5,Put,54600,240,12.85,17.4483,1,53,15
28-Oct-2025,56294.5,Call,48000,8450,0,17.4483,-7,2197,14
25-Nov-2025,56294.5,Put,55900,511.5,12.12,17.4483,-2,67,14
25-Nov-2025,56323.45,Put,56700,807,12,17.4483,4,52,13
30-Dec-2025,56294.5,Put,58000,1584.15,12.93,17.4483,10,10,13
28-Oct-2025,56294.5,Put,63000,6528.35,33.71,17.4483,-3,1050,12
25-Nov-2025,56294.5,Put,47000,17.5,23.37,17.4483,5,60,12
31-Mar-2026,56294.5,Put,57000,1250,13.73,17.4483,7,95,12
30-Dec-2025,56323.45,Call,55500,2167.5,6.26,17.4483,-2,1002,11
25-Nov-2025,56323.45,Call,54700,2324.1,0,17.4483,-5,31,10
28-Oct-2025,56294.5,Put,50400,18,22.99,17.4483,1,168,10
25-Nov-2025,56323.45,Put,49000,25,19.9,17.4483,2,107,10
25-Nov-2025,56294.5,Put,60000,3224.8,15.57,17.4483,6,74,10
31-Mar-2026,56294.5,Call,60000,800.4,7.56,17.4483,6,519,10
28-Oct-2025,56294.5,Call,51000,5475,0,17.4483,-1,1073,9
28-Oct-2025,56294.5,Call,52500,4004,0,17.4483,-3,206,9
25-Nov-2025,56294.5,Call,56900,820.4,8.84,17.4483,3,3,9
25-Nov-2025,56323.45,Call,54000,2945.85,0,17.4483,-1,508,9
25-Nov-2025,56294.5,Put,57100,1003.5,12.09,17.4483,4,12,9
28-Oct-2025,56294.5,Put,49600,14.25,24.88,17.4483,0,81,8
28-Oct-2025,56294.5,Put,58500,2040,14.69,17.4483,0,193,8
25-Nov-2025,56323.45,Put,56600,776.5,12.16,17.4483,1,55,8
30-Dec-2025,56294.5,Call,55000,2545,0,17.4483,4,84,8
28-Oct-2025,56323.45,Call,54200,2370,0,17.4483,-2,439,7
25-Nov-2025,56294.5,Put,57400,1184,12.36,17.4483,4,11,6
25-Nov-2025,56294.5,Put,59000,2328.4,13.65,17.4483,0,9,6
25-Nov-2025,56294.5,Call,54500,2517.05,0,17.4483,-1,182,5
30-Dec-2025,56294.5,Call,54000,3370,0,17.4483,-2,539.714285714,5
28-Oct-2025,56294.5,Put,49400,11.55,24.84,17.4483,2,57,4
25-Nov-2025,56294.5,Put,57300,1099.5,11.99,17.4483,3,12,4
25-Nov-2025,56294.5,Put,58500,1920,12.96,17.4483,1,33,4
30-Dec-2025,56323.45,Put,53000,190.05,14.12,17.4483,2,46,4
28-Oct-2025,56323.45,Put,59500,2975,17.29,17.4483,0,144,3
28-Oct-2025,56294.5,Call,49000,7300,0,17.4483,0,549,3
28-Oct-2025,56323.45,Call,47000,9479,0,17.4483,-2,371,3
25-Nov-2025,56323.45,Call,55800,1490,8.31,17.4483,-1,56,3
25-Nov-2025,56294.5,Call,55200,1930.7,7.25,17.4483,0,44,3
28-Oct-2025,56294.5,Put,48700,12.35,0,17.4483,0,44,2
25-Nov-2025,56294.5,Call,54600,2408.25,0,17.4483,0,18,2
28-Oct-2025,56294.5,Call,50500,5950,0,17.4483,0,79,1
28-Oct-2025,56294.5,Put,63500,6928,30.7,17.4483,0,211,1
28-Oct-2025,56294.5,Call,48500,8000,0,17.4483,0,24,1
28-Oct-2025,56294.5,Call,52600,4016.1,0,17.4483,0,13,1
25-Nov-2025,56294.5,Call,55400,1700,5.69,17.4483,0,154,1
25-Nov-2025,56294.5,Call,54900,2151,0,17.4483,0,42,1
25-Nov-2025,56294.5,Put,48500,23.4,20.85,17.4483,0,33,1
25-Nov-2025,56323.45,Call,50000,6655,0,17.4483,0,149,1
25-Nov-2025,56294.5,Put,63500,6550,22.29,0,0,0,1
25-Nov-2025,56294.5,Put,63000,6100,22.18,17.4483,0,2,1
25-Nov-2025,56294.5,Put,57900,1485,12.45,17.4483,0,13,1
30-Dec-2025,56294.5,Call,51000,6058.8,0,17.4483,0,131.142857143,1
30-Dec-2025,56294.5,Put,48000,33.65,18.57,17.4483,0,10,1
31-Mar-2026,56294.5,Call,58500,1418.05,7.21,17.4483,0,81,1
28-Oct-2025,56323.45,Put,58700,0,0,17.4483,0,9,0
28-Oct-2025,56294.5,Call,49600,0,0,17.4483,0,0,0
28-Oct-2025,56294.5,Put,59900,0,0,17.4483,0,11,0
28-Oct-2025,56294.5,Put,59400,0,0,17.4483,0,8,0
28-Oct-2025,56294.5,Call,46000,0,0,17.4483,0,18,0
28-Oct-2025,56294.5,Call,51100,0,0,17.4483,0,6,0
28-Oct-2025,56323.45,Call,51200,0,0,17.4483,0,10,0
28-Oct-2025,56323.45,Call,49500,0,0,17.4483,0,8,0
28-Oct-2025,56323.45,Call,51400,0,0,17.4483,0,12,0
28-Oct-2025,56323.45,Call,51300,0,0,17.4483,0,11,0
28-Oct-2025,56294.5,Call,52900,0,0,17.4483,0,40,0
28-Oct-2025,56323.45,Call,53100,0,0,17.4483,0,8,0
28-Oct-2025,56294.5,Call,53200,0,0,17.4483,0,17,0
28-Oct-2025,56294.5,Call,53300,0,0,17.4483,0,17,0
28-Oct-2025,56294.5,Call,53400,0,0,17.4483,0,149,0
28-Oct-2025,56294.5,Put,60400,0,0,17.4483,0,6,0
28-Oct-2025,56294.5,Put,60800,0,0,17.4483,0,3,0
28-Oct-2025,56294.5,Put,59800,0,0,17.4483,0,6,0
28-Oct-2025,56294.5,Call,61100,0,0,0,0,0,0
28-Oct-2025,56294.5,Put,61100,0,0,0,0,0,0
28-Oct-2025,56294.5,Put,58600,0,0,17.4483,0,15,0
28-Oct-2025,56294.5,Put,59100,0,0,17.4483,0,8,0
28-Oct-2025,56294.5,Call,59200,0,0,17.4483,0,0,0
28-Oct-2025,56294.5,Put,59200,0,0,17.4483,0,10,0
28-Oct-2025,56294.5,Call,53600,0,0,17.4483,0,72,0
28-Oct-2025,56294.5,Call,53700,0,0,17.4483,0,153,0
28-Oct-2025,56294.5,Call,53800,0,0,17.4483,0,99,0
28-Oct-2025,56294.5,Call,51500,0,0,17.4483,0,40,0
28-Oct-2025,56323.45,Call,51600,0,0,17.4483,0,18,0
28-Oct-2025,56294.5,Call,51700,0,0,17.4483,0,18,0
28-Oct-2025,56294.5,Call,51800,0,0,17.4483,0,20,0
28-Oct-2025,56294.5,Call,51900,0,0,17.4483,0,14,0
28-Oct-2025,56294.5,Call,52100,0,0,17.4483,0,12,0
28-Oct-2025,56323.45,Call,52200,0,0,17.4483,0,10,0
28-Oct-2025,56323.45,Call,52300,0,0,17.4483,0,14,0
28-Oct-2025,56294.5,Call,52400,0,0,17.4483,0,12,0
28-Oct-2025,56323.45,Call,48700,0,0,17.4483,0,0,0
28-Oct-2025,56323.45,Put,58200,0,0,17.4483,0,13,0
28-Oct-2025,56294.5,Put,58300,0,0,17.4483,0,9,0
28-Oct-2025,56294.5,Call,53900,0,0,17.4483,0,185,0
28-Oct-2025,56294.5,Put,57800,0,0,17.4483,0,13,0
28-Oct-2025,56294.5,Put,58100,0,0,17.4483,0,16,0
28-Oct-2025,56294.5,Put,59300,0,0,17.4483,0,8,0
28-Oct-2025,56294.5,Put,58800,0,0,17.4483,0,10,0
28-Oct-2025,56294.5,Call,46500,0,0,17.4483,0,36,0
28-Oct-2025,56294.5,Call,49400,0,0,17.4483,0,0,0
28-Oct-2025,56294.5,Call,49300,0,0,17.4483,0,0,0
28-Oct-2025,56294.5,Call,49200,0,0,17.4483,0,0,0
28-Oct-2025,56294.5,Call,49100,0,0,17.4483,0,0,0
28-Oct-2025,56294.5,Call,48900,0,0,17.4483,0,0,0
28-Oct-2025,56294.5,Put,48800,0,0,17.4483,0,97,0
28-Oct-2025,56323.45,Call,48800,0,0,17.4483,0,2,0
28-Oct-2025,56323.45,Call,50400,0,0,17.4483,0,4,0
28-Oct-2025,56294.5,Put,57900,0,0,17.4483,0,17,0
28-Oct-2025,56294.5,Call,49800,0,0,17.4483,0,1,0
28-Oct-2025,56294.5,Call,49700,0,0,17.4483,0,1,0
28-Oct-2025,56294.5,Call,49900,0,0,17.4483,0,1,0
28-Oct-2025,56294.5,Put,58400,0,0,17.4483,0,12,0
28-Oct-2025,56294.5,Put,60300,0,0,17.4483,0,6,0
28-Oct-2025,56294.5,Call,52800,0,0,17.4483,0,15,0
28-Oct-2025,56294.5,Call,52700,0,0,17.4483,0,5,0
28-Oct-2025,56294.5,Call,50100,0,0,17.4483,0,45,0
28-Oct-2025,56294.5,Put,57700,0,0,17.4483,0,19,0
28-Oct-2025,56294.5,Put,60100,0,0,17.4483,0,9,0
28-Oct-2025,56294.5,Put,57600,0,0,17.4483,0,20,0
28-Oct-2025,56323.45,Put,60200,0,0,17.4483,0,6,0
25-Nov-2025,56294.5,Put,60600,0,0,17.4483,0,2,0
25-Nov-2025,56294.5,Call,60600,0,0,17.4483,0,0,0
25-Nov-2025,56294.5,Call,61500,0,0,17.4483,0,5,0
25-Nov-2025,56294.5,Call,61000,0,0,17.4483,0,0,0
25-Nov-2025,56294.5,Call,60500,0,0,17.4483,0,0,0
25-Nov-2025,56294.5,Call,58500,0,0,17.4483,0,0,0
25-Nov-2025,56294.5,Put,54300,0,0,17.4483,0,0,0
25-Nov-2025,56323.45,Put,59700,0,0,17.4483,0,5,0
25-Nov-2025,56294.5,Put,59600,0,0,17.4483,0,5,0
25-Nov-2025,56294.5,Call,59100,0,0,17.4483,0,0,0
25-Nov-2025,56294.5,Call,57400,0,0,17.4483,0,0,0
25-Nov-2025,56294.5,Put,59500,0,0,17.4483,0,10,0
25-Nov-2025,56294.5,Put,59900,0,0,17.4483,0,4,0
25-Nov-2025,56294.5,Put,62500,0,0,17.4483,0,2,0
25-Nov-2025,56294.5,Put,60700,0,0,17.4483,0,5,0
25-Nov-2025,56323.45,Call,60700,0,0,17.4483,0,0,0
25-Nov-2025,56294.5,Call,58900,0,0,17.4483,0,0,0
28-Oct-2025,56294.5,Call,50900,0,0,17.4483,0,6,0
28-Oct-2025,56294.5,Call,50800,0,0,17.4483,0,6,0
28-Oct-2025,56294.5,Call,50700,0,0,17.4483,0,7,0
28-Oct-2025,56294.5,Call,50600,0,0,17.4483,0,5,0
28-Oct-2025,56294.5,Call,47500,0,0,17.4483,0,1,0
28-Oct-2025,56294.5,Put,62500,0,0,17.4483,0,1,0
28-Oct-2025,56294.5,Put,61500,0,0,17.4483,0,4,0
28-Oct-2025,56294.5,Put,60900,0,0,17.4483,0,3,0
28-Oct-2025,56294.5,Put,60700,0,0,17.4483,0,4,0
28-Oct-2025,56294.5,Put,60600,0,0,17.4483,0,6,0
28-Oct-2025,56294.5,Put,60500,0,0,17.4483,0,17,0
28-Oct-2025,56294.5,Call,50300,0,0,17.4483,0,5,0
28-Oct-2025,56294.5,Call,50200,0,0,17.4483,0,3,0
28-Oct-2025,56294.5,Put,59700,0,0,17.4483,0,6,0
28-Oct-2025,56294.5,Put,59600,0,0,17.4483,0,8,0
28-Oct-2025,56294.5,Put,58900,0,0,17.4483,0,29,0
25-Nov-2025,56294.5,Call,59400,0,0,17.4483,0,0,0
25-Nov-2025,56294.5,Call,57900,0,0,17.4483,0,0,0
25-Nov-2025,56294.5,Call,57700,0,0,17.4483,0,0,0
25-Nov-2025,56294.5,Put,49200,0,0,17.4483,0,0,0
25-Nov-2025,56294.5,Put,58400,0,0,17.4483,0,8,0
25-Nov-2025,56294.5,Call,59300,0,0,17.4483,0,0,0
25-Nov-2025,56294.5,Call,59600,0,0,17.4483,0,0,0
25-Nov-2025,56294.5,Call,57800,0,0,17.4483,0,0,0
25-Nov-2025,56294.5,Call,57600,0,0,17.4483,0,0,0
25-Nov-2025,56294.5,Call,52900,0,0,17.4483,0,0,0
25-Nov-2025,56294.5,Call,55600,0,0,17.4483,0,100,0
25-Nov-2025,56294.5,Put,52900,0,0,17.4483,0,0,0
25-Nov-2025,56323.45,Call,52800,0,0,17.4483,0,0,0
25-Nov-2025,56294.5,Call,53000,0,0,17.4483,0,61,0
25-Nov-2025,56294.5,Call,55700,0,0,17.4483,0,21,0
25-Nov-2025,56294.5,Put,54200,0,0,17.4483,0,0,0
25-Nov-2025,56294.5,Put,58700,0,0,17.4483,0,5,0
25-Nov-2025,56294.5,Call,54300,0,0,17.4483,0,6,0
25-Nov-2025,56294.5,Put,53800,0,0,17.4483,0,0,0
25-Nov-2025,56294.5,Put,58200,0,0,17.4483,0,5,0
25-Nov-2025,56323.45,Call,50900,0,0,17.4483,0,3,0
25-Nov-2025,56294.5,Put,53100,0,0,17.4483,0,0,0
25-Nov-2025,56323.45,Call,50800,0,0,17.4483,0,1,0
25-Nov-2025,56294.5,Call,51500,0,0,17.4483,0,13,0
25-Nov-2025,56294.5,Put,58800,0,0,17.4483,0,5,0
25-Nov-2025,56294.5,Put,58100,0,0,17.4483,0,5,0
25-Nov-2025,56294.5,Put,53400,0,0,17.4483,0,0,0
25-Nov-2025,56294.5,Put,48900,0,0,17.4483,0,0,0
25-Nov-2025,56294.5,Put,48700,0,0,17.4483,0,0,0
25-Nov-2025,56294.5,Call,59800,0,0,17.4483,0,0,0
25-Nov-2025,56294.5,Call,59700,0,0,17.4483,0,0,0
25-Nov-2025,56323.45,Put,62000,0,0,17.4483,0,1,0
25-Nov-2025,56294.5,Put,51600,0,0,17.4483,0,0,0
25-Nov-2025,56294.5,Put,50800,0,0,17.4483,0,0,0
25-Nov-2025,56294.5,Put,48800,0,0,17.4483,0,0,0
25-Nov-2025,56294.5,Call,48700,0,0,17.4483,0,0,0
25-Nov-2025,56294.5,Put,46000,0,0,17.4483,0,179,0
25-Nov-2025,56294.5,Call,46000,0,0,17.4483,0,0,0
25-Nov-2025,56294.5,Call,58800,0,0,17.4483,0,0,0
25-Nov-2025,56294.5,Call,58600,0,0,17.4483,0,1,0
25-Nov-2025,56294.5,Call,58400,0,0,17.4483,0,0,0
25-Nov-2025,56323.45,Call,58300,0,0,17.4483,0,0,0
25-Nov-2025,56323.45,Put,58600,0,0,17.4483,0,5,0
25-Nov-2025,56294.5,Put,51200,0,0,17.4483,0,0,0
25-Nov-2025,56294.5,Call,50500,0,0,17.4483,0,5,0
25-Nov-2025,56294.5,Call,50400,0,0,17.4483,0,1,0
25-Nov-2025,56323.45,Call,50300,0,0,17.4483,0,2,0
25-Nov-2025,56323.45,Call,50200,0,0,17.4483,0,1,0
25-Nov-2025,56294.5,Call,50100,0,0,17.4483,0,0,0
25-Nov-2025,56294.5,Call,49900,0,0,17.4483,0,1,0
25-Nov-2025,56323.45,Call,49800,0,0,17.4483,0,0,0
25-Nov-2025,56294.5,Call,49700,0,0,17.4483,0,0,0
25-Nov-2025,56294.5,Call,49600,0,0,17.4483,0,0,0
25-Nov-2025,56323.45,Call,49500,0,0,17.4483,0,0,0
25-Nov-2025,56294.5,Call,49400,0,0,17.4483,0,0,0
25-Nov-2025,56294.5,Call,55300,0,0,17.4483,0,37,0
25-Nov-2025,56294.5,Call,55100,0,0,17.4483,0,16,0
25-Nov-2025,56294.5,Call,54800,0,0,17.4483,0,43,0
25-Nov-2025,56294.5,Put,54400,0,0,17.4483,0,0,0
25-Nov-2025,56294.5,Call,54400,0,0,17.4483,0,4,0
25-Nov-2025,56323.45,Call,54200,0,0,17.4483,0,4,0
25-Nov-2025,56294.5,Call,53900,0,0,17.4483,0,4,0
25-Nov-2025,56294.5,Call,53800,0,0,17.4483,0,13,0
25-Nov-2025,56294.5,Call,53100,0,0,17.4483,0,0,0
25-Nov-2025,56294.5,Call,49300,0,0,17.4483,0,0,0
25-Nov-2025,56294.5,Call,49200,0,0,17.4483,0,0,0
25-Nov-2025,56323.45,Call,49100,0,0,17.4483,0,0,0
25-Nov-2025,56294.5,Call,49000,0,0,17.4483,0,0,0
25-Nov-2025,56294.5,Call,48900,0,0,17.4483,0,0,0
25-Nov-2025,56294.5,Call,48800,0,0,17.4483,0,0,0
25-Nov-2025,56294.5,Call,48500,0,0,17.4483,0,0,0
25-Nov-2025,56294.5,Call,48000,0,0,17.4483,0,82,0
25-Nov-2025,56294.5,Call,47500,0,0,17.4483,0,0,0
25-Nov-2025,56294.5,Call,47000,0,0,17.4483,0,0,0
25-Nov-2025,56294.5,Put,58300,0,0,17.4483,0,4,0
25-Nov-2025,56294.5,Call,53700,0,0,17.4483,0,3,0
25-Nov-2025,56294.5,Call,53600,0,0,17.4483,0,4,0
25-Nov-2025,56294.5,Call,53400,0,0,17.4483,0,1,0
25-Nov-2025,56294.5,Call,53300,0,0,17.4483,0,1,0
25-Nov-2025,56294.5,Put,53200,0,0,17.4483,0,0,0
25-Nov-2025,56294.5,Put,51800,0,0,17.4483,0,0,0
25-Nov-2025,56294.5,Call,57200,0,0,17.4483,0,0,0
25-Nov-2025,56294.5,Put,59100,0,0,17.4483,0,6,0
25-Nov-2025,56294.5,Put,60500,0,0,17.4483,0,2,0
25-Nov-2025,56294.5,Put,57600,0,0,17.4483,0,10,0
25-Nov-2025,56294.5,Put,55300,0,0,17.4483,0,0,0
25-Nov-2025,56294.5,Put,49300,0,0,17.4483,0,0,0
25-Nov-2025,56294.5,Put,49100,0,0,17.4483,0,0,0
25-Nov-2025,56323.45,Put,53700,0,0,17.4483,0,0,0
25-Nov-2025,56294.5,Put,53600,0,0,17.4483,0,0,0
25-Nov-2025,56323.45,Call,52500,0,0,17.4483,0,5,0
25-Nov-2025,56323.45,Call,52400,0,0,17.4483,0,0,0
25-Nov-2025,56294.5,Call,52300,0,0,17.4483,0,1,0
25-Nov-2025,56294.5,Call,52200,0,0,17.4483,0,1,0
25-Nov-2025,56294.5,Call,52100,0,0,17.4483,0,6,0
25-Nov-2025,56294.5,Call,51900,0,0,17.4483,0,2,0
25-Nov-2025,56294.5,Call,51800,0,0,17.4483,0,2,0
25-Nov-2025,56294.5,Call,51600,0,0,17.4483,0,2,0
25-Nov-2025,56294.5,Call,51700,0,0,17.4483,0,2,0
25-Nov-2025,56294.5,Call,46500,0,0,17.4483,0,0,0
25-Nov-2025,56294.5,Call,60100,0,0,17.4483,0,0,0
25-Nov-2025,56294.5,Put,59400,0,0,17.4483,0,5,0
25-Nov-2025,56294.5,Put,59300,0,0,17.4483,0,5,0
25-Nov-2025,56294.5,Put,54900,0,0,17.4483,0,36,0
25-Nov-2025,56294.5,Put,53300,0,0,17.4483,0,0,0
25-Nov-2025,56294.5,Call,52700,0,0,17.4483,0,0,0
25-Nov-2025,56294.5,Call,52600,0,0,17.4483,0,4,0
25-Nov-2025,56294.5,Put,49400,0,0,17.4483,0,4,0
25-Nov-2025,56294.5,Put,54800,0,0,17.4483,0,1,0
25-Nov-2025,56294.5,Put,52400,0,0,17.4483,0,0,0
25-Nov-2025,56294.5,Put,52100,0,0,17.4483,0,0,0
25-Nov-2025,56294.5,Put,51900,0,0,17.4483,0,0,0
25-Nov-2025,56294.5,Put,51300,0,0,17.4483,0,0,0
25-Nov-2025,56294.5,Put,49900,0,0,17.4483,0,0,0
25-Nov-2025,56294.5,Put,49700,0,0,17.4483,0,0,0
25-Nov-2025,56294.5,Put,57700,0,0,17.4483,0,11,0
25-Nov-2025,56294.5,Call,63500,0,0,0,0,0,0
25-Nov-2025,56294.5,Put,60900,0,0,0,0,0,0
25-Nov-2025,56294.5,Call,60900,0,0,0,0,0,0
25-Nov-2025,56294.5,Put,51700,0,0,17.4483,0,0,0
25-Nov-2025,56294.5,Put,60400,0,0,17.4483,0,3,0
25-Nov-2025,56323.45,Call,60400,0,0,17.4483,0,0,0
25-Nov-2025,56294.5,Put,60300,0,0,17.4483,0,3,0
25-Nov-2025,56323.45,Call,60300,0,0,17.4483,0,0,0
25-Nov-2025,56294.5,Put,60200,0,0,17.4483,0,4,0
25-Nov-2025,56294.5,Call,60200,0,0,17.4483,0,0,0
25-Nov-2025,56294.5,Put,52700,0,0,17.4483,0,0,0
25-Nov-2025,56294.5,Put,52600,0,0,17.4483,0,0,0
25-Nov-2025,56323.45,Put,60100,0,0,17.4483,0,4,0
25-Nov-2025,56294.5,Put,50900,0,0,17.4483,0,1,0
25-Nov-2025,56294.5,Put,61500,0,0,17.4483,0,1,0
25-Nov-2025,56294.5,Put,49800,0,0,17.4483,0,0,0
25-Nov-2025,56294.5,Put,53900,0,0,17.4483,0,0,0
25-Nov-2025,56294.5,Put,60800,0,0,0,0,0,0
25-Nov-2025,56294.5,Call,61100,0,0,0,0,0,0
25-Nov-2025,56294.5,Call,60800,0,0,0,0,0,0
25-Nov-2025,56294.5,Call,57300,0,0,17.4483,0,0,0
25-Nov-2025,56294.5,Put,61100,0,0,0,0,0,0
25-Nov-2025,56294.5,Put,58900,0,0,17.4483,0,8,0
25-Nov-2025,56294.5,Call,62500,0,0,17.4483,0,1,0
25-Nov-2025,56294.5,Put,59800,0,0,17.4483,0,5,0
25-Nov-2025,56323.45,Call,59200,0,0,17.4483,0,0,0
25-Nov-2025,56294.5,Put,59200,0,0,17.4483,0,3,0
25-Nov-2025,56294.5,Put,52300,0,0,17.4483,0,0,0
25-Nov-2025,56294.5,Put,50400,0,0,17.4483,0,0,0
25-Nov-2025,56294.5,Put,55100,0,0,17.4483,0,0,0
25-Nov-2025,56323.45,Put,51400,0,0,17.4483,0,0,0
25-Nov-2025,56294.5,Put,49500,0,0,17.4483,0,35,0
25-Nov-2025,56323.45,Call,53200,0,0,17.4483,0,0,0
25-Nov-2025,56294.5,Put,52200,0,0,17.4483,0,0,0
25-Nov-2025,56294.5,Put,51000,0,0,17.4483,0,0,0
30-Dec-2025,56294.5,Call,52000,0,0,17.4483,0,0,0
30-Dec-2025,56294.5,Call,52300,0,0,17.4483,0,0,0
30-Dec-2025,56294.5,Call,52200,0,0,17.4483,0,0,0
25-Nov-2025,56294.5,Put,50600,0,0,17.4483,0,0,0
30-Dec-2025,56294.5,Call,52700,0,0,17.4483,0,0,0
25-Nov-2025,56294.5,Put,51100,0,0,17.4483,0,0,0
30-Dec-2025,56294.5,Call,52400,0,0,17.4483,0,0,0
25-Nov-2025,56294.5,Put,50700,0,0,17.4483,0,0,0
30-Dec-2025,56294.5,Call,53000,0,0,17.4483,0,0,0
30-Dec-2025,56294.5,Call,53200,0,0,17.4483,0,0,0
30-Dec-2025,56294.5,Call,53800,0,0,17.4483,0,0,0
30-Dec-2025,56294.5,Call,53900,0,0,17.4483,0,0,0
30-Dec-2025,56294.5,Call,53600,0,0,17.4483,0,0,0
30-Dec-2025,56294.5,Call,53500,0,0,17.4483,0,1,0
30-Dec-2025,56294.5,Call,53100,0,0,17.4483,0,0,0
30-Dec-2025,56294.5,Call,54300,0,0,17.4483,0,0,0
30-Dec-2025,56294.5,Call,54200,0,0,17.4483,0,0,0
30-Dec-2025,56294.5,Call,54400,0,0,17.4483,0,0,0
30-Dec-2025,56294.5,Call,54500,0,0,17.4483,0,0,0
30-Dec-2025,56323.45,Call,46500,0,0,17.4483,0,0,0
30-Dec-2025,56294.5,Call,54800,0,0,17.4483,0,0,0
30-Dec-2025,56294.5,Call,54700,0,0,17.4483,0,0,0
30-Dec-2025,56294.5,Call,53700,0,0,17.4483,0,0,0
30-Dec-2025,56294.5,Call,57600,0,0,17.4483,0,0,0
30-Dec-2025,56294.5,Call,57800,0,0,17.4483,0,0,0
30-Dec-2025,56294.5,Call,58000,0,0,17.4483,0,0,0
30-Dec-2025,56323.45,Call,57900,0,0,17.4483,0,0,0
30-Dec-2025,56294.5,Put,49800,0,0,17.4483,0,0,0
30-Dec-2025,56294.5,Put,59700,0,0,17.4483,0,0,0
30-Dec-2025,56294.5,Put,50100,0,0,17.4483,0,0,0
30-Dec-2025,56294.5,Put,49700,0,0,17.4483,0,0,0
30-Dec-2025,56294.5,Call,60100,0,0,17.4483,0,0,0
30-Dec-2025,56294.5,Put,59900,0,0,17.4483,0,0,0
30-Dec-2025,56294.5,Call,59900,0,0,17.4483,0,0,0
30-Dec-2025,56294.5,Put,59800,0,0,17.4483,0,0,0
30-Dec-2025,56294.5,Call,59800,0,0,17.4483,0,0,0
30-Dec-2025,56294.5,Put,49000,0,0,17.4483,0,1,0
30-Dec-2025,56294.5,Put,59000,0,0,17.4483,0,0,0
30-Dec-2025,56294.5,Put,60000,0,0,17.4483,0,0,0
30-Dec-2025,56294.5,Put,55900,0,0,17.4483,0,0,0
30-Dec-2025,56294.5,Put,46500,0,0,17.4483,0,0,0
30-Dec-2025,56294.5,Put,49500,0,0,17.4483,0,0,0
30-Dec-2025,56294.5,Put,52400,0,0,17.4483,0,0,0
30-Dec-2025,56294.5,Put,55600,0,0,17.4483,0,0,0
30-Dec-2025,56294.5,Call,64500,0,0,17.4483,0,3,0
30-Dec-2025,56294.5,Put,48500,0,0,17.4483,0,0,0
30-Dec-2025,56294.5,Put,47500,0,0,17.4483,0,3,0
30-Dec-2025,56323.45,Call,59700,0,0,17.4483,0,0,0
30-Dec-2025,56294.5,Call,63000,0,0,17.4483,0,0,0
30-Dec-2025,56294.5,Put,63500,0,0,0,0,0,0
30-Dec-2025,56294.5,Call,63500,0,0,0,0,0,0
30-Dec-2025,56294.5,Call,61100,0,0,0,0,0,0
30-Dec-2025,56294.5,Call,60900,0,0,0,0,0,0
30-Dec-2025,56294.5,Call,60800,0,0,0,0,0,0
30-Dec-2025,56294.5,Call,60700,0,0,0,0,0,0
30-Dec-2025,56294.5,Put,49600,0,0,17.4483,0,0,0
30-Dec-2025,56294.5,Call,60200,0,0,17.4483,0,0,0
30-Dec-2025,56294.5,Put,60100,0,0,17.4483,0,0,0
30-Dec-2025,56294.5,Put,61100,0,0,0,0,0,0
30-Dec-2025,56294.5,Put,56700,0,0,17.4483,0,6,0
30-Dec-2025,56294.5,Call,51200,0,0,17.4483,0,0,0
30-Dec-2025,56323.45,Call,51300,0,0,17.4483,0,0,0
30-Dec-2025,56294.5,Call,50800,0,0,17.4483,0,0,0
30-Dec-2025,56294.5,Call,50700,0,0,17.4483,0,0,0
30-Dec-2025,56294.5,Call,50400,0,0,17.4483,0,0,0
30-Dec-2025,56323.45,Put,50000,0,0,17.4483,0,0,0
30-Dec-2025,56294.5,Call,50000,0,0,17.4483,0,2,0
30-Dec-2025,56294.5,Call,49900,0,0,17.4483,0,0,0
30-Dec-2025,56294.5,Call,49700,0,0,17.4483,0,0,0
30-Dec-2025,56294.5,Call,49600,0,0,17.4483,0,0,0
30-Dec-2025,56294.5,Put,47000,0,0,17.4483,0,1,0
30-Dec-2025,56294.5,Call,57500,0,0,17.4483,0,0,0
30-Dec-2025,56294.5,Call,57400,0,0,17.4483,0,0,0
30-Dec-2025,56294.5,Call,56800,0,0,17.4483,0,0,0
30-Dec-2025,56294.5,Call,56700,0,0,17.4483,0,0,0
30-Dec-2025,56294.5,Call,56400,0,0,17.4483,0,15,0
30-Dec-2025,56294.5,Call,56300,0,0,17.4483,0,0,0
30-Dec-2025,56323.45,Call,55900,0,0,17.4483,0,0,0
30-Dec-2025,56294.5,Call,55600,0,0,17.4483,0,0,0
30-Dec-2025,56294.5,Call,55300,0,0,17.4483,0,0,0
30-Dec-2025,56294.5,Call,55200,0,0,17.4483,0,0,0
30-Dec-2025,56294.5,Call,55100,0,0,17.4483,0,0,0
30-Dec-2025,56323.45,Put,60400,0,0,17.4483,0,0,0
30-Dec-2025,56294.5,Put,55700,0,0,17.4483,0,6,0
30-Dec-2025,56294.5,Put,55800,0,0,17.4483,0,0,0
30-Dec-2025,56294.5,Call,60600,0,0,17.4483,0,0,0
30-Dec-2025,56294.5,Put,60600,0,0,17.4483,0,0,0
30-Dec-2025,56294.5,Put,53300,0,0,17.4483,0,0,0
30-Dec-2025,56294.5,Put,53400,0,0,17.4483,0,0,0
30-Dec-2025,56294.5,Call,58100,0,0,17.4483,0,0,0
30-Dec-2025,56323.45,Call,53400,0,0,17.4483,0,0,0
30-Dec-2025,56294.5,Call,50500,0,0,17.4483,0,0,0
30-Dec-2025,56294.5,Call,50300,0,0,17.4483,0,0,0
30-Dec-2025,56294.5,Call,50200,0,0,17.4483,0,0,0
30-Dec-2025,56294.5,Put,55200,0,0,17.4483,0,0,0
30-Dec-2025,56294.5,Put,55100,0,0,17.4483,0,0,0
30-Dec-2025,56294.5,Put,54900,0,0,17.4483,0,0,0
30-Dec-2025,56294.5,Call,49500,0,0,17.4483,0,0,0
30-Dec-2025,56294.5,Call,48000,0,0,17.4483,0,0,0
30-Dec-2025,56294.5,Call,61000,0,0,17.4483,0,0,0
30-Dec-2025,56294.5,Call,60500,0,0,17.4483,0,0,0
30-Dec-2025,56294.5,Call,57700,0,0,17.4483,0,0,0
30-Dec-2025,56294.5,Call,57300,0,0,17.4483,0,0,0
30-Dec-2025,56294.5,Call,57200,0,0,17.4483,0,0,0
30-Dec-2025,56294.5,Call,57100,0,0,17.4483,0,2,0
30-Dec-2025,56294.5,Call,56900,0,0,17.4483,0,2,0
30-Dec-2025,56294.5,Call,56600,0,0,17.4483,0,0,0
30-Dec-2025,56294.5,Call,56200,0,0,17.4483,0,0,0
30-Dec-2025,56294.5,Call,56100,0,0,17.4483,0,0,0
30-Dec-2025,56294.5,Call,55800,0,0,17.4483,0,0,0
30-Dec-2025,56294.5,Call,55700,0,0,17.4483,0,0,0
30-Dec-2025,56294.5,Put,54400,0,0,17.4483,0,0,0
30-Dec-2025,56294.5,Put,54300,0,0,17.4483,0,0,0
30-Dec-2025,56294.5,Put,54200,0,0,17.4483,0,0,0
30-Dec-2025,56294.5,Call,54100,0,0,17.4483,0,0,0
30-Dec-2025,56294.5,Call,54900,0,0,17.4483,0,0,0
30-Dec-2025,56294.5,Put,54800,0,0,17.4483,0,0,0
30-Dec-2025,56294.5,Put,54600,0,0,17.4483,0,0,0
30-Dec-2025,56294.5,Call,54600,0,0,17.4483,0,0,0
30-Dec-2025,56294.5,Put,52300,0,0,17.4483,0,0,0
30-Dec-2025,56294.5,Put,52200,0,0,17.4483,0,0,0
30-Dec-2025,56294.5,Put,59500,0,0,17.4483,0,0,0
30-Dec-2025,56294.5,Put,59300,0,0,17.4483,0,0,0
30-Dec-2025,56323.45,Put,55400,0,0,17.4483,0,0,0
30-Dec-2025,56294.5,Call,55400,0,0,17.4483,0,0,0
30-Dec-2025,56294.5,Put,55300,0,0,17.4483,0,0,0
30-Dec-2025,56294.5,Put,57700,0,0,17.4483,0,0,0
30-Dec-2025,56294.5,Put,57600,0,0,17.4483,0,0,0
30-Dec-2025,56294.5,Put,57500,0,0,17.4483,0,0,0
30-Dec-2025,56294.5,Put,57400,0,0,17.4483,0,0,0
30-Dec-2025,56323.45,Call,51700,0,0,17.4483,0,0,0
30-Dec-2025,56294.5,Call,51600,0,0,17.4483,0,0,0
30-Dec-2025,56294.5,Put,51500,0,0,17.4483,0,0,0
30-Dec-2025,56294.5,Call,60400,0,0,17.4483,0,0,0
30-Dec-2025,56294.5,Call,62000,0,0,17.4483,0,0,0
30-Dec-2025,56294.5,Call,59600,0,0,17.4483,0,0,0
30-Dec-2025,56294.5,Call,59500,0,0,17.4483,0,0,0
30-Dec-2025,56294.5,Call,59400,0,0,17.4483,0,0,0
30-Dec-2025,56294.5,Call,59300,0,0,17.4483,0,0,0
30-Dec-2025,56294.5,Call,59200,0,0,17.4483,0,0,0
30-Dec-2025,56294.5,Call,59100,0,0,17.4483,0,0,0
30-Dec-2025,56294.5,Call,59000,0,0,17.4483,0,0,0
30-Dec-2025,56294.5,Call,58900,0,0,17.4483,0,0,0
30-Dec-2025,56294.5,Call,58800,0,0,17.4483,0,0,0
30-Dec-2025,56294.5,Call,58700,0,0,17.4483,0,0,0
30-Dec-2025,56294.5,Call,58600,0,0,17.4483,0,0,0
30-Dec-2025,56294.5,Call,58400,0,0,17.4483,0,0,0
30-Dec-2025,56294.5,Call,58300,0,0,17.4483,0,0,0
30-Dec-2025,56294.5,Call,58200,0,0,17.4483,0,0,0
30-Dec-2025,56294.5,Put,51100,0,0,17.4483,0,0,0
30-Dec-2025,56323.45,Call,62500,0,0,17.4483,0,1,0
30-Dec-2025,56294.5,Put,50400,0,0,17.4483,0,0,0
30-Dec-2025,56294.5,Put,60300,0,0,17.4483,0,0,0
30-Dec-2025,56323.45,Call,60300,0,0,17.4483,0,0,0
30-Dec-2025,56294.5,Put,60200,0,0,17.4483,0,0,0
30-Dec-2025,56294.5,Put,56900,0,0,17.4483,0,5,0
30-Dec-2025,56294.5,Put,51600,0,0,17.4483,0,0,0
30-Dec-2025,56294.5,Put,51200,0,0,17.4483,0,0,0
30-Dec-2025,56294.5,Put,49900,0,0,17.4483,0,0,0
30-Dec-2025,56294.5,Call,51500,0,0,17.4483,0,0,0
30-Dec-2025,56294.5,Put,53800,0,0,17.4483,0,0,0
30-Dec-2025,56294.5,Call,51800,0,0,17.4483,0,0,0
30-Dec-2025,56294.5,Call,47000,0,0,17.4483,0,0,0
30-Dec-2025,56294.5,Put,53700,0,0,17.4483,0,0,0
30-Dec-2025,56294.5,Call,51900,0,0,17.4483,0,0,0
30-Dec-2025,56294.5,Call,53300,0,0,17.4483,0,0,0
30-Dec-2025,56294.5,Call,51400,0,0,17.4483,0,0,0
30-Dec-2025,56294.5,Put,50500,0,0,17.4483,0,0,0
30-Dec-2025,56294.5,Call,52900,0,0,17.4483,0,0,0
30-Dec-2025,56294.5,Call,48500,0,0,17.4483,0,0,0
30-Dec-2025,56294.5,Call,47500,0,0,17.4483,0,0,0
30-Dec-2025,56294.5,Call,61500,0,0,17.4483,0,0,0
30-Dec-2025,56294.5,Call,52600,0,0,17.4483,0,0,0
30-Dec-2025,56294.5,Call,52800,0,0,17.4483,0,0,0
30-Dec-2025,56294.5,Call,51100,0,0,17.4483,0,0,0
30-Dec-2025,56294.5,Put,52000,0,0,17.4483,0,0,0
30-Dec-2025,56294.5,Call,52100,0,0,17.4483,0,0,0
30-Dec-2025,56294.5,Call,49000,0,0,17.4483,0,0,0
30-Dec-2025,56294.5,Call,50100,0,0,17.4483,0,0,0
30-Dec-2025,56294.5,Put,57800,0,0,17.4483,0,0,0
30-Dec-2025,56294.5,Put,54700,0,0,17.4483,0,0,0
30-Dec-2025,56294.5,Call,50900,0,0,17.4483,0,0,0
30-Dec-2025,56294.5,Put,53500,0,0,17.4483,0,0,0
30-Dec-2025,56294.5,Put,57900,0,0,17.4483,0,0,0
30-Dec-2025,56294.5,Put,52900,0,0,17.4483,0,0,0
30-Dec-2025,56294.5,Call,52500,0,0,17.4483,0,0,0
30-Dec-2025,56294.5,Call,50600,0,0,17.4483,0,0,0
30-Dec-2025,56294.5,Put,54100,0,0,17.4483,0,0,0
30-Dec-2025,56294.5,Put,64500,0,0,17.4483,0,0,0
30-Dec-2025,56294.5,Call,49800,0,0,17.4483,0,0,0
30-Dec-2025,56294.5,Put,53600,0,0,17.4483,0,0,0
30-Dec-2025,56294.5,Put,59200,0,0,17.4483,0,0,0
30-Dec-2025,56294.5,Put,56800,0,0,17.4483,0,4,0
30-Dec-2025,56323.45,Put,52100,0,0,17.4483,0,0,0
31-Mar-2026,56294.5,Put,49500,0,0,17.4483,0,0,0
31-Mar-2026,56294.5,Put,52500,0,0,17.4483,0,0,0
31-Mar-2026,56294.5,Put,60000,0,0,17.4483,0,6,0
30-Dec-2025,56294.5,Put,57300,0,0,17.4483,0,0,0
30-Dec-2025,56294.5,Put,57200,0,0,17.4483,0,0,0
30-Dec-2025,56294.5,Put,57100,0,0,17.4483,0,0,0
30-Dec-2025,56323.45,Put,56500,0,0,17.4483,0,0,0
30-Dec-2025,56294.5,Put,62500,0,0,17.4483,0,0,0
30-Dec-2025,56294.5,Put,53200,0,0,17.4483,0,0,0
30-Dec-2025,56294.5,Put,53100,0,0,17.4483,0,0,0
30-Dec-2025,56294.5,Put,59100,0,0,17.4483,0,0,0
30-Dec-2025,56294.5,Put,56300,0,0,17.4483,0,0,0
30-Dec-2025,56294.5,Put,56200,0,0,17.4483,0,0,0
30-Dec-2025,56294.5,Put,56100,0,0,17.4483,0,0,0
30-Dec-2025,56294.5,Put,52800,0,0,17.4483,0,0,0
30-Dec-2025,56294.5,Put,52700,0,0,17.4483,0,0,0
30-Dec-2025,56294.5,Put,52600,0,0,17.4483,0,0,0
30-Dec-2025,56294.5,Put,51900,0,0,17.4483,0,0,0
30-Dec-2025,56294.5,Put,63000,0,0,17.4483,0,0,0
30-Dec-2025,56294.5,Put,61500,0,0,17.4483,0,0,0
30-Dec-2025,56323.45,Put,62000,0,0,17.4483,0,0,0
30-Dec-2025,56294.5,Put,61000,0,0,17.4483,0,0,0
30-Dec-2025,56294.5,Put,60500,0,0,17.4483,0,0,0
30-Dec-2025,56323.45,Put,59600,0,0,17.4483,0,0,0
30-Dec-2025,56294.5,Put,58900,0,0,17.4483,0,0,0
30-Dec-2025,56294.5,Put,50700,0,0,17.4483,0,0,0
30-Dec-2025,56294.5,Put,51800,0,0,17.4483,0,0,0
30-Dec-2025,56294.5,Put,51700,0,0,17.4483,0,0,0
30-Dec-2025,56294.5,Put,50300,0,0,17.4483,0,0,0
30-Dec-2025,56294.5,Put,51400,0,0,17.4483,0,0,0
30-Dec-2025,56294.5,Put,50900,0,0,17.4483,0,0,0
30-Dec-2025,56294.5,Put,50600,0,0,17.4483,0,0,0
30-Dec-2025,56294.5,Put,58800,0,0,17.4483,0,0,0
30-Dec-2025,56294.5,Put,58100,0,0,17.4483,0,0,0
30-Dec-2025,56294.5,Put,50200,0,0,17.4483,0,0,0
30-Dec-2025,56294.5,Put,50800,0,0,17.4483,0,0,0
30-Dec-2025,56294.5,Put,58700,0,0,17.4483,0,0,0
30-Dec-2025,56294.5,Put,58600,0,0,17.4483,0,0,0
30-Dec-2025,56294.5,Put,51300,0,0,17.4483,0,0,0
30-Dec-2025,56294.5,Put,43500,0,0,17.4483,0,37.8571428571,0
30-Dec-2025,56294.5,Put,56600,0,0,17.4483,0,0,0
30-Dec-2025,56294.5,Put,56400,0,0,17.4483,0,0,0
31-Mar-2026,56294.5,Call,64500,0,0,17.4483,0,0,0
31-Mar-2026,56294.5,Call,61500,0,0,17.4483,0,0,0
31-Mar-2026,56294.5,Put,51000,0,0,17.4483,0,0,0
31-Mar-2026,56294.5,Put,54000,0,0,17.4483,0,0,0
31-Mar-2026,56294.5,Put,55500,0,0,17.4483,0,0,0
31-Mar-2026,56294.5,Call,63000,0,0,17.4483,0,0,0
30-Jun-2026,56294.5,Call,63000,0,0,17.4483,0,0,0
30-Jun-2026,56294.5,Put,48000,0,0,17.4483,0,0,0
31-Mar-2026,56294.5,Call,55500,0,0,17.4483,0,0,0
30-Jun-2026,56294.5,Put,54000,0,0,17.4483,0,0,0
31-Mar-2026,56294.5,Put,48000,0,0,17.4483,0,0,0
30-Jun-2026,56294.5,Call,60000,0,0,17.4483,0,0,0
31-Mar-2026,56294.5,Put,46500,0,0,17.4483,0,0,0
30-Jun-2026,56323.45,Put,57000,0,0,17.4483,0,0,0
30-Jun-2026,56323.45,Call,64500,0,0,17.4483,0,0,0
31-Mar-2026,56294.5,Put,58500,0,0,17.4483,0,0,0
30-Jun-2026,56294.5,Call,61500,0,0,17.4483,0,0,0
30-Jun-2026,56294.5,Put,49500,0,0,17.4483,0,0,0
30-Jun-2026,56323.45,Put,51000,0,0,17.4483,0,0,0
30-Jun-2026,56323.45,Put,55500,0,0,17.4483,0,0,0
30-Jun-2026,56294.5,Put,52500,0,0,17.4483,0,0,0
30-Jun-2026,56294.5,Put,46500,0,0,17.4483,0,0,0
