28-Oct-2025,347.9,-,0,349.9,0,39.9128,370,15792,1479
28-Oct-2025,347.9,Call,360,4.15,24.42,39.9128,185,1185,1239
28-Oct-2025,347.9,Call,350,8.25,25.22,39.9128,88,785,970
28-Oct-2025,347.9,Call,355,6,24.54,39.9128,48,183,441
28-Oct-2025,347.9,Call,370,2.05,24.93,39.9128,42,699,436
28-Oct-2025,347.9,Call,380,1,26.21,39.9128,4,506,353
28-Oct-2025,347.9,Call,365,2.9,24.63,39.9128,26,273,340
28-Oct-2025,347.9,Put,340,4.25,25.06,39.9128,7,474,313
28-Oct-2025,347.9,Put,350,8,23.74,39.9128,36,713,255
28-Oct-2025,347.9,Put,345,5.8,24.25,39.9128,-6,171,140
28-Oct-2025,347.9,Call,345,11.05,25.56,39.9128,-6,163,128
28-Oct-2025,347.9,Put,360,14.5,25.14,39.9128,-1,342,118
28-Oct-2025,347.9,Call,340,14.5,25.06,39.9128,-10,165,102
25-Nov-2025,347.9,-,0,352.45,0,39.9128,37,326,95
28-Oct-2025,347.9,Put,335,3.15,26.33,39.9128,-5,92,90
28-Oct-2025,347.9,Put,330,2.2,27.02,39.9128,-7,217,81
28-Oct-2025,347.9,Call,330,22.1,27.96,39.9128,-28,42,77
28-Oct-2025,347.9,Put,355,11.1,24.65,39.9128,-1,76,70
28-Oct-2025,347.9,Put,320,1.1,29.02,39.9128,39,209,68
28-Oct-2025,347.9,Call,400,0.3,29.59,39.9128,33,729,59
28-Oct-2025,347.9,Put,310,0.55,31.2,39.9128,-23,112,51
28-Oct-2025,347.9,Call,390,0.5,27.49,39.9128,-18,209,49
28-Oct-2025,347.9,Put,325,1.45,27.37,39.9128,-5,195,36
28-Oct-2025,347.9,Call,335,17.3,24.06,39.9128,-1,25,34
28-Oct-2025,347.9,Call,375,1.35,25.2,39.9128,4,148,33
28-Oct-2025,347.9,Put,300,0.35,34.86,39.9128,-4,264,31
28-Oct-2025,347.9,Put,365,16.7,19.29,39.9128,4,45,30
28-Oct-2025,347.9,Put,370,21.4,21.64,39.9128,-9,173,20
28-Oct-2025,347.9,Call,385,0.75,27.22,39.9128,3,72,15
28-Oct-2025,347.9,Call,420,0.15,34.51,39.9128,-7,37,14
28-Oct-2025,347.9,Put,380,31.1,26.75,39.9128,-5,56,11
28-Oct-2025,347.9,Call,320,32.5,39.14,39.9128,0,18,10
25-Nov-2025,347.9,Call,380,5.15,28.35,39.9128,2,63,9
28-Oct-2025,347.9,Call,325,28.3,38.04,39.9128,-3,6,6
28-Oct-2025,347.9,Put,315,0.7,29.37,39.9128,3,53,6
30-Dec-2025,347.9,-,0,354.2,0,39.9128,2,31,3
28-Oct-2025,347.9,Call,315,37.15,41.9,39.9128,0,4,2
28-Oct-2025,347.9,Put,375,25.9,22.13,39.9128,0,20,2
28-Oct-2025,347.9,Put,285,0.2,40.74,39.9128,0,38,2
25-Nov-2025,347.9,Put,350,12.9,27.84,39.9128,1,15,2
25-Nov-2025,347.9,Call,350,15.45,28.01,39.9128,0,9,2
28-Oct-2025,347.9,Put,390,39.1,0,39.9128,0,26,1
28-Oct-2025,347.9,Call,410,0.25,33.02,39.9128,0,244,1
25-Nov-2025,347.9,Put,340,8.5,27.65,39.9128,0,15,1
25-Nov-2025,347.9,Put,320,3.65,29.57,39.9128,0,7,1
25-Nov-2025,347.9,Call,360,11,28.04,39.9128,0,8,1
28-Oct-2025,347.9,Put,400,0,0,39.9128,0,60,0
28-Oct-2025,347.9,Put,295,0,0,39.9128,0,5,0
28-Oct-2025,347.9,Put,305,0,0,39.9128,0,2,0
28-Oct-2025,347.9,Put,290,0,0,39.9128,0,7,0
28-Oct-2025,347.9,Put,395,0,0,39.9128,0,5,0
28-Oct-2025,347.9,Put,385,0,0,39.9128,0,10,0
28-Oct-2025,347.9,Call,300,0,0,39.9128,0,5,0
28-Oct-2025,347.9,Call,310,0,0,39.9128,0,15,0
28-Oct-2025,347.9,Put,420,0,0,39.9128,0,27,0
28-Oct-2025,347.9,Put,410,0,0,39.9128,0,3,0
25-Nov-2025,347.9,Call,315,0,0,39.9128,0,0,0
25-Nov-2025,347.9,Put,315,0,0,39.9128,0,0,0
25-Nov-2025,347.9,Put,355,0,0,39.9128,0,0,0
25-Nov-2025,347.9,Put,325,0,0,39.9128,0,0,0
25-Nov-2025,347.9,Call,355,0,0,39.9128,0,0,0
25-Nov-2025,347.9,Put,365,0,0,39.9128,0,0,0
25-Nov-2025,347.9,Call,345,0,0,39.9128,0,0,0
25-Nov-2025,347.9,Put,400,0,0,39.9128,0,0,0
25-Nov-2025,347.9,Call,375,0,0,39.9128,0,0,0
25-Nov-2025,347.9,Put,370,0,0,39.9128,0,0,0
25-Nov-2025,347.9,Put,300,0,0,39.9128,0,1,0
25-Nov-2025,347.9,Call,335,0,0,39.9128,0,0,0
25-Nov-2025,347.9,Call,365,0,0,39.9128,0,0,0
25-Nov-2025,347.9,Call,325,0,0,39.9128,0,0,0
25-Nov-2025,347.9,Put,390,0,0,39.9128,0,0,0
25-Nov-2025,347.9,Call,320,0,0,39.9128,0,0,0
25-Nov-2025,347.9,Put,345,0,0,39.9128,0,0,0
25-Nov-2025,347.9,Put,375,0,0,39.9128,0,0,0
25-Nov-2025,347.9,Put,380,0,0,39.9128,0,0,0
25-Nov-2025,347.9,Put,330,0,0,39.9128,0,11,0
25-Nov-2025,347.9,Put,360,0,0,39.9128,0,0,0
25-Nov-2025,347.9,Call,340,0,0,39.9128,0,1,0
25-Nov-2025,347.9,Call,400,0,0,39.9128,0,0,0
25-Nov-2025,347.9,Call,390,0,0,39.9128,0,0,0
25-Nov-2025,347.9,Call,310,0,0,39.9128,0,0,0
25-Nov-2025,347.9,Put,385,0,0,39.9128,0,0,0
25-Nov-2025,347.9,Call,330,0,0,39.9128,0,0,0
25-Nov-2025,347.9,Call,385,0,0,39.9128,0,0,0
30-Dec-2025,347.9,Call,390,0,0,0,0,0,0
25-Nov-2025,347.9,Put,310,0,0,39.9128,0,0,0
25-Nov-2025,347.9,Call,370,0,0,39.9128,0,2,0
25-Nov-2025,347.9,Call,300,0,0,39.9128,0,0,0
30-Dec-2025,347.9,Call,370,0,0,0,0,0,0
30-Dec-2025,347.9,Call,340,0,0,0,0,0,0
30-Dec-2025,347.9,Put,330,0,0,0,0,0,0
30-Dec-2025,347.9,Call,400,0,0,0,0,0,0
30-Dec-2025,347.9,Put,350,0,0,0,0,0,0
25-Nov-2025,347.9,Put,335,0,0,39.9128,0,0,0
30-Dec-2025,347.9,Put,370,0,0,0,0,0,0
30-Dec-2025,347.9,Call,360,0,0,39.9128,0,0,0
30-Dec-2025,347.9,Put,320,0,0,0,0,0,0
30-Dec-2025,347.9,Put,360,0,0,0,0,0,0
30-Dec-2025,347.9,Put,340,0,0,0,0,0,0
30-Dec-2025,347.9,Call,350,0,0,0,0,0,0
30-Dec-2025,347.9,Call,380,0,0,0,0,0,0
