28-Oct-2025,341.9,Call,350,5.95,26.26,33.8077,85,1081,2500
28-Oct-2025,341.9,-,0,343.2,0,33.8077,2,17875,1708
28-Oct-2025,341.9,Call,360,3.1,27.02,33.8077,173,755,1660
28-Oct-2025,341.9,Call,345,7.85,26.23,33.8077,163,971,1461
28-Oct-2025,341.9,Call,355,4.3,26.56,33.8077,103,394,1438
28-Oct-2025,341.9,Put,335,5.25,28.19,33.8077,-133,1109,1218
28-Oct-2025,341.9,Put,340,7.35,28.06,33.8077,46,640,1045
28-Oct-2025,341.9,Call,340,10.55,25.88,33.8077,140,863,792
28-Oct-2025,341.9,Put,330,3.9,28.31,33.8077,8,566,756
28-Oct-2025,341.9,Call,370,1.6,27.68,33.8077,78,458,456
28-Oct-2025,341.9,Put,345,9.8,27.85,33.8077,13,196,429
28-Oct-2025,341.9,Call,380,0.8,28.88,33.8077,13,408,291
28-Oct-2025,341.9,Put,350,13.2,28.18,33.8077,-11,319,265
28-Oct-2025,341.9,Put,325,2.65,28.33,33.8077,18,389,208
28-Oct-2025,341.9,Call,390,0.35,29.9,33.8077,11,657,192
28-Oct-2025,341.9,Call,335,13.25,25.95,33.8077,11,179,124
28-Oct-2025,341.9,Put,320,1.8,29.02,33.8077,31,387,117
25-Nov-2025,341.9,-,0,344.5,0,33.8077,22,255,105
28-Oct-2025,341.9,Call,365,2.3,27.77,33.8077,24,159,100
28-Oct-2025,341.9,Put,315,1.25,29.58,33.8077,-1,124,49
28-Oct-2025,341.9,Call,330,16.55,26.07,33.8077,-4,255,49
28-Oct-2025,341.9,Put,355,16.5,27.88,33.8077,6,15,47
28-Oct-2025,341.9,Put,300,0.4,32.25,33.8077,1,524,41
28-Oct-2025,341.9,Put,360,20.3,28.04,33.8077,14,127,39
28-Oct-2025,341.9,Put,310,0.85,30.35,33.8077,0,299,27
28-Oct-2025,341.9,Call,375,1.1,28.52,0,0,18,26
28-Oct-2025,341.9,Call,320,25,28.01,33.8077,2,140,21
28-Oct-2025,341.9,Call,325,20.8,28.49,33.8077,0,44,19
28-Oct-2025,341.9,Put,365,24.25,30.14,33.8077,1,172,17
28-Oct-2025,341.9,Call,315,28.85,28.85,33.8077,2,21,16
28-Oct-2025,341.9,Put,370,28.75,28.08,33.8077,7,39,16
25-Nov-2025,341.9,Call,360,7.5,26.01,33.8077,10,53,16
28-Oct-2025,341.9,Put,380,37.9,29.94,33.8077,2,33,14
28-Oct-2025,341.9,Put,305,0.6,31.47,33.8077,3,142,12
30-Dec-2025,341.9,-,0,345.75,0,33.8077,1,24,7
25-Nov-2025,341.9,Put,350,16.15,28.2,33.8077,6,6,7
28-Oct-2025,341.9,Call,310,33.45,28.71,33.8077,-1,43,6
28-Oct-2025,341.9,Put,290,0.2,34.63,33.8077,0,109,5
28-Oct-2025,341.9,Put,260,0.2,0,33.8077,0,35,5
25-Nov-2025,341.9,Put,315,3.25,28.02,33.8077,2,24,4
28-Oct-2025,341.9,Put,375,33.25,21.71,0,0,2,3
25-Nov-2025,341.9,Call,380,3.25,26.93,33.8077,2,9,3
28-Oct-2025,341.9,Call,280,65.75,68.88,33.8077,0,46,2
25-Nov-2025,341.9,Call,340,16.05,25.9,33.8077,1,11,2
25-Nov-2025,341.9,Call,350,11.6,26.76,33.8077,0,6,1
25-Nov-2025,341.9,Put,320,4.1,27.43,33.8077,0,42,1
28-Oct-2025,341.9,Call,295,0,0,33.8077,0,5,0
28-Oct-2025,341.9,Call,305,0,0,33.8077,0,14,0
28-Oct-2025,341.9,Put,295,0,0,33.8077,0,130,0
28-Oct-2025,341.9,Call,270,0,0,33.8077,0,12,0
28-Oct-2025,341.9,Call,290,0,0,33.8077,0,18,0
28-Oct-2025,341.9,Put,390,0,0,33.8077,0,16,0
25-Nov-2025,341.9,Call,320,0,0,33.8077,0,0,0
25-Nov-2025,341.9,Put,300,0,0,33.8077,0,0,0
28-Oct-2025,341.9,Put,285,0,0,33.8077,0,26,0
25-Nov-2025,341.9,Call,300,0,0,33.8077,0,1,0
25-Nov-2025,341.9,Put,340,0,0,33.8077,0,0,0
28-Oct-2025,341.9,Call,260,0,0,33.8077,0,10,0
25-Nov-2025,341.9,Put,380,0,0,33.8077,0,0,0
25-Nov-2025,341.9,Put,290,0,0,33.8077,0,0,0
25-Nov-2025,341.9,Put,325,0,0,33.8077,0,0,0
25-Nov-2025,341.9,Put,360,0,0,33.8077,0,0,0
30-Dec-2025,341.9,Call,360,0,0,33.8077,0,0,0
30-Dec-2025,341.9,Put,330,0,0,33.8077,0,0,0
30-Dec-2025,341.9,Put,340,0,0,33.8077,0,0,0
30-Dec-2025,341.9,Call,370,0,0,33.8077,0,0,0
25-Nov-2025,341.9,Call,325,0,0,33.8077,0,0,0
30-Dec-2025,341.9,Put,320,0,0,33.8077,0,0,0
25-Nov-2025,341.9,Put,330,0,0,33.8077,0,0,0
30-Dec-2025,341.9,Put,360,0,0,0,0,0,0
25-Nov-2025,341.9,Call,370,0,0,33.8077,0,0,0
25-Nov-2025,341.9,Call,335,0,0,33.8077,0,0,0
30-Dec-2025,341.9,Put,310,0,0,33.8077,0,0,0
25-Nov-2025,341.9,Put,390,0,0,33.8077,0,0,0
25-Nov-2025,341.9,Put,375,0,0,0,0,0,0
25-Nov-2025,341.9,Call,310,0,0,33.8077,0,0,0
25-Nov-2025,341.9,Put,310,0,0,33.8077,0,0,0
30-Dec-2025,341.9,Call,380,0,0,33.8077,0,0,0
25-Nov-2025,341.9,Call,365,0,0,33.8077,0,0,0
25-Nov-2025,341.9,Call,345,0,0,33.8077,0,0,0
25-Nov-2025,341.9,Call,315,0,0,33.8077,0,0,0
25-Nov-2025,341.9,Call,375,0,0,0,0,0,0
25-Nov-2025,341.9,Put,335,0,0,33.8077,0,0,0
30-Dec-2025,341.9,Put,350,0,0,0,0,0,0
25-Nov-2025,341.9,Call,355,0,0,33.8077,0,0,0
30-Dec-2025,341.9,Put,300,0,0,33.8077,0,0,0
25-Nov-2025,341.9,Put,355,0,0,33.8077,0,0,0
25-Nov-2025,341.9,Call,290,0,0,33.8077,0,0,0
25-Nov-2025,341.9,Put,365,0,0,33.8077,0,0,0
28-Oct-2025,341.9,Call,300,0,0,33.8077,0,56,0
25-Nov-2025,341.9,Call,330,0,0,33.8077,0,6,0
25-Nov-2025,341.9,Put,345,0,0,33.8077,0,0,0
25-Nov-2025,341.9,Put,370,0,0,33.8077,0,0,0
30-Dec-2025,341.9,Call,350,0,0,33.8077,0,0,0
30-Dec-2025,341.9,Call,340,0,0,33.8077,0,0,0
25-Nov-2025,341.9,Call,390,0,0,33.8077,0,0,0
