28-Oct-2025,1439.1,-,0,1432.3,0,29.1925,-33,58387,5452
28-Oct-2025,1439.1,Call,1420,42.5,19.87,29.1925,2,1306,4058
28-Oct-2025,1439.1,Call,1440,32.35,20.87,29.1925,303,1435,4022
28-Oct-2025,1439.1,Put,1400,22.4,30.91,29.1925,150,1946,2541
28-Oct-2025,1439.1,Call,1500,11.55,22.37,29.1925,-139,2755,2172
28-Oct-2025,1439.1,Call,1460,23.7,21.88,29.1925,236,1450,2148
28-Oct-2025,1439.1,Call,1400,54.65,18.17,29.1925,-103,1771,2092
28-Oct-2025,1439.1,Put,1420,30.15,31.26,29.1925,154,736,1231
28-Oct-2025,1439.1,Call,1480,16.9,21.97,29.1925,31,585,936
28-Oct-2025,1439.1,Call,1520,7.8,22.56,29.1925,259,658,917
28-Oct-2025,1439.1,Call,1540,5.1,22.94,29.1925,66,472,875
28-Oct-2025,1439.1,Put,1380,16.1,30.62,29.1925,-46,851,778
28-Oct-2025,1439.1,Put,1440,40,31.72,29.1925,28,454,713
28-Oct-2025,1439.1,Call,1580,2.25,23.76,29.1925,-298,939,655
28-Oct-2025,1439.1,Call,1560,3.4,23.28,29.1925,-16,428,580
28-Oct-2025,1439.1,Put,1300,3.45,31.16,29.1925,19,882,525
28-Oct-2025,1439.1,Call,1600,1.55,24.45,29.1925,193,1549,501
28-Oct-2025,1439.1,Call,1380,68.35,13.83,29.1925,-118,429,457
28-Oct-2025,1439.1,Put,1360,11.25,30.62,29.1925,14,632,425
28-Oct-2025,1439.1,Put,1260,1.55,32.3,29.1925,196,381,385
28-Oct-2025,1439.1,Put,1340,7.8,30.61,29.1925,6,685,369
28-Oct-2025,1439.1,Put,1320,5.15,30.64,29.1925,-36,358,317
28-Oct-2025,1439.1,Put,1460,51.25,32.02,29.1925,-40,267,273
25-Nov-2025,1439.1,-,0,1440,0,29.1925,-27,1319,197
28-Oct-2025,1439.1,Call,1620,1.1,25.24,29.1925,109,155,159
28-Oct-2025,1439.1,Put,1240,0.85,32.29,29.1925,22,463,152
28-Oct-2025,1439.1,Put,1280,2.25,31.45,29.1925,-59,177,143
28-Oct-2025,1439.1,Put,1500,78.9,34.14,29.1925,2,1050,121
28-Oct-2025,1439.1,Put,1480,64.55,33.09,29.1925,18,248,107
28-Oct-2025,1439.1,Put,1220,0.75,34.22,29.1925,-56,1161,66
30-Dec-2025,1439.1,-,0,1448,0,29.1925,-4,83,64
28-Oct-2025,1439.1,Call,1360,83.45,0,29.1925,-6,213,61
28-Oct-2025,1439.1,Put,1540,112.2,37.35,29.1925,-3,136,42
28-Oct-2025,1439.1,Call,1320,117.45,0,29.1925,-9,36,39
28-Oct-2025,1439.1,Put,1560,130.85,40.45,29.1925,4,99,38
28-Oct-2025,1439.1,Put,1520,94.7,35.42,29.1925,-7,164,37
25-Nov-2025,1439.1,Put,1320,11.85,27.53,29.1925,18,36,35
25-Nov-2025,1439.1,Put,1400,33,27.68,29.1925,11,122,35
28-Oct-2025,1439.1,Call,1340,99.45,0,29.1925,-11,119,32
28-Oct-2025,1439.1,Put,1580,149.55,43.04,29.1925,6,26,31
25-Nov-2025,1439.1,Call,1480,33.2,20.44,29.1925,19,40,27
28-Oct-2025,1439.1,Put,1600,167.55,45.57,29.1925,16,250,26
28-Oct-2025,1439.1,Call,1640,0.9,26.57,29.1925,6,128,22
28-Oct-2025,1439.1,Put,1200,0.45,35.02,29.1925,-4,430,20
28-Oct-2025,1439.1,Call,1300,130.65,0,29.1925,-2,224,18
28-Oct-2025,1439.1,Put,1720,293.3,70.95,29.1925,-10,74,12
25-Nov-2025,1439.1,Put,1340,15.4,27.49,29.1925,7,7,12
25-Nov-2025,1439.1,Put,1280,7.1,28.41,29.1925,-1,2,11
25-Nov-2025,1439.1,Call,1520,21.3,21.24,29.1925,4,69,10
28-Oct-2025,1439.1,Call,1680,0.5,28.23,29.1925,1,94,9
25-Nov-2025,1439.1,Call,1500,25.1,20.05,29.1925,8,22,9
25-Nov-2025,1439.1,Call,1560,11.95,21.04,29.1925,4,5,6
25-Nov-2025,1439.1,Call,1400,72.6,18.16,29.1925,-2,32,4
25-Nov-2025,1439.1,Call,1540,16.5,21.37,29.1925,0,0,3
25-Nov-2025,1439.1,Put,1240,4.1,29.29,29.1925,0,0,2
25-Nov-2025,1439.1,Put,1440,54.15,29.93,29.1925,0,6,2
25-Nov-2025,1439.1,Put,1600,169.5,36.61,29.1925,0,0,1
25-Nov-2025,1439.1,Call,1260,177.5,0,29.1925,0,0,1
30-Dec-2025,1439.1,Call,1400,80,12.67,29.1925,0,0,1
28-Oct-2025,1439.1,Put,1680,0,0,29.1925,0,40,0
28-Oct-2025,1439.1,Put,1640,0,0,29.1925,0,20,0
28-Oct-2025,1439.1,Call,1760,0,0,29.1925,0,35,0
28-Oct-2025,1439.1,Put,1160,0,0,29.1925,0,8,0
28-Oct-2025,1439.1,Call,1260,0,0,29.1925,0,0,0
28-Oct-2025,1439.1,Put,1620,0,0,29.1925,0,7,0
28-Oct-2025,1439.1,Put,1660,0,0,29.1925,0,5,0
28-Oct-2025,1439.1,Call,1280,0,0,29.1925,0,0,0
28-Oct-2025,1439.1,Call,1200,0,0,29.1925,0,1,0
28-Oct-2025,1439.1,Call,1660,0,0,29.1925,0,5,0
25-Nov-2025,1439.1,Put,1200,0,0,29.1925,0,0,0
25-Nov-2025,1439.1,Put,1540,0,0,29.1925,0,0,0
25-Nov-2025,1439.1,Put,1560,0,0,29.1925,0,0,0
25-Nov-2025,1439.1,Call,1320,0,0,29.1925,0,0,0
25-Nov-2025,1439.1,Call,1200,0,0,29.1925,0,0,0
25-Nov-2025,1439.1,Call,1280,0,0,29.1925,0,0,0
25-Nov-2025,1439.1,Call,1600,0,0,29.1925,0,0,0
25-Nov-2025,1439.1,Call,1240,0,0,29.1925,0,0,0
25-Nov-2025,1439.1,Put,1480,0,0,29.1925,0,5,0
25-Nov-2025,1439.1,Put,1520,0,0,29.1925,0,0,0
25-Nov-2025,1439.1,Call,1380,0,0,29.1925,0,0,0
25-Nov-2025,1439.1,Call,1360,0,0,29.1925,0,0,0
25-Nov-2025,1439.1,Put,1380,0,0,29.1925,0,0,0
25-Nov-2025,1439.1,Put,1260,0,0,29.1925,0,0,0
25-Nov-2025,1439.1,Put,1300,0,0,29.1925,0,0,0
25-Nov-2025,1439.1,Call,1440,0,0,29.1925,0,0,0
25-Nov-2025,1439.1,Call,1300,0,0,29.1925,0,0,0
25-Nov-2025,1439.1,Call,1460,0,0,29.1925,0,0,0
25-Nov-2025,1439.1,Put,1360,0,0,29.1925,0,0,0
25-Nov-2025,1439.1,Put,1420,0,0,29.1925,0,0,0
25-Nov-2025,1439.1,Call,1340,0,0,29.1925,0,0,0
30-Dec-2025,1439.1,Call,1560,0,0,0,0,0,0
30-Dec-2025,1439.1,Call,1480,0,0,0,0,0,0
25-Nov-2025,1439.1,Put,1500,0,0,29.1925,0,0,0
25-Nov-2025,1439.1,Put,1460,0,0,29.1925,0,0,0
25-Nov-2025,1439.1,Call,1420,0,0,29.1925,0,0,0
30-Dec-2025,1439.1,Put,1360,0,0,0,0,0,0
30-Dec-2025,1439.1,Call,1440,0,0,0,0,0,0
30-Dec-2025,1439.1,Put,1320,0,0,0,0,0,0
30-Dec-2025,1439.1,Put,1400,0,0,29.1925,0,0,0
30-Dec-2025,1439.1,Put,1480,0,0,0,0,0,0
28-Oct-2025,1439.1,Call,1240,0,0,29.1925,0,0,0
30-Dec-2025,1439.1,Put,1440,0,0,0,0,0,0
30-Dec-2025,1439.1,Call,1680,0,0,0,0,0,0
30-Dec-2025,1439.1,Call,1520,0,0,0,0,0,0
