28-Oct-2025,2529,Put,2500,27.7,19.15,22.8119,291,1600,3867
28-Oct-2025,2529,-,0,2540.7,0,22.8119,-146,47342,3461
28-Oct-2025,2529,Call,2600,21.4,17.94,22.8119,422,2789,3054
28-Oct-2025,2529,Call,2560,35.75,18.07,22.8119,618,1445,2180
28-Oct-2025,2529,Call,2540,45.2,18.1,22.8119,133,575,1490
28-Oct-2025,2529,Call,2580,27.7,17.94,22.8119,518,1807,1436
28-Oct-2025,2529,Put,2540,44.35,18.98,22.8119,-73,491,1148
28-Oct-2025,2529,Put,2520,34.9,19.34,22.8119,0,330,1104
28-Oct-2025,2529,Call,2700,5.55,19.4,22.8119,97,1411,1016
28-Oct-2025,2528,Call,2520,56.25,17.89,22.8119,77,215,1009
28-Oct-2025,2529,Call,2620,16.3,17.95,22.8119,142,413,870
28-Oct-2025,2529,Call,2640,12.3,18.37,22.8119,-74,486,699
28-Oct-2025,2529,Call,2500,69.6,18.44,22.8119,-43,491,629
28-Oct-2025,2529,Put,2460,16.65,19.69,22.8119,32,341,609
28-Oct-2025,2529,Put,2400,6.85,20.41,22.8119,-42,892,533
28-Oct-2025,2529,Put,2560,54.95,19.04,22.8119,-17,266,489
28-Oct-2025,2529,Put,2480,21.55,19.48,22.8119,45,298,470
28-Oct-2025,2529,Call,2660,9.35,18.45,22.8119,35,370,449
28-Oct-2025,2529,Put,2600,79.2,19.58,22.8119,101,814,432
28-Oct-2025,2529,Put,2440,12.2,19.85,22.8119,-44,459,425
28-Oct-2025,2529,Put,2420,9.3,19.99,22.8119,195,324,360
28-Oct-2025,2529,Call,2680,7.15,18.73,22.8119,22,325,295
28-Oct-2025,2529,Call,2800,1.6,21.3,22.8119,-127,1002,265
28-Oct-2025,2529,Call,2740,3.3,19.89,22.8119,96,275,231
25-Nov-2025,2529,-,0,2532.2,0,22.8119,56,1212,162
28-Oct-2025,2529,Call,2720,4.25,19.42,22.8119,23,285,160
28-Oct-2025,2529,Put,2580,66.8,19.23,22.8119,45,135,157
28-Oct-2025,2529,Put,2380,4.9,20.67,22.8119,17,121,95
28-Oct-2025,2529,Put,2360,3.7,21.06,22.8119,-4,213,73
28-Oct-2025,2529,Call,2480,80.75,17.21,22.8119,9,149,68
28-Oct-2025,2529,Put,2300,1.25,21.98,22.8119,5,538,57
28-Oct-2025,2529,Call,2760,2.5,20.28,22.8119,-18,201,56
25-Nov-2025,2529,Put,2400,21.4,21.41,22.8119,24,172,48
25-Nov-2025,2529,Call,2600,39.15,14.81,22.8119,22,92,41
28-Oct-2025,2528,Call,2400,145.55,15.21,22.8119,4,138,39
28-Oct-2025,2529,Call,2780,1.7,20.2,22.8119,-5,406,35
25-Nov-2025,2529,Put,2600,108.3,24.37,22.8119,21,44,32
28-Oct-2025,2529,Call,2420,129.2,17.26,22.8119,13,25,31
28-Oct-2025,2529,Put,2320,1.7,21.23,22.8119,-16,322,30
28-Oct-2025,2529,Put,2700,164.35,22.43,22.8119,4,394,28
28-Oct-2025,2529,Call,2460,96.45,17.58,22.8119,1,88,27
25-Nov-2025,2529,Put,2500,53.5,22.23,22.8119,22,76,25
28-Oct-2025,2529,Put,2340,3.7,22.9,22.8119,-4,83,21
30-Dec-2025,2529,-,0,2540.5,0,22.8119,11,30,19
28-Oct-2025,2529,Put,2640,111.6,20.42,22.8119,3,56,19
25-Nov-2025,2529,Call,2400,147.65,0,22.8119,16,95,18
25-Nov-2025,2529,Call,2640,30.05,16.07,22.8119,3,23,17
28-Oct-2025,2529,Call,3000,0.6,29.18,22.8119,-2,272,14
28-Oct-2025,2529,Call,2880,1.2,25.18,22.8119,-1,139,13
25-Nov-2025,2529,Put,2520,68,24,22.8119,9,95,13
28-Oct-2025,2529,Put,2120,0.1,26.82,22.8119,0,6,10
25-Nov-2025,2529,Call,2840,6.5,19.5,22.8119,4,63,9
30-Dec-2025,2528,Call,2640,53,15.44,0,0,0,8
25-Nov-2025,2528,Call,2500,82.85,12.16,22.8119,0,19,6
28-Oct-2025,2529,Call,2900,0.75,24.64,22.8119,-4,114,5
25-Nov-2025,2529,Put,2440,32.25,21.83,22.8119,4,7,5
28-Oct-2025,2529,Call,2820,1.1,21.26,22.8119,0,5,4
25-Nov-2025,2528,Put,2540,72.45,22.75,22.8119,1,4,4
25-Nov-2025,2529,Call,2520,65.7,11.02,22.8119,2,14,4
28-Oct-2025,2529,Put,2200,0.6,26.69,22.8119,-2,79,3
25-Nov-2025,2529,Put,2560,82.7,22.9,22.8119,1,1,3
25-Nov-2025,2529,Call,2540,64,13.68,22.8119,0,4,3
28-Oct-2025,2529,Call,2840,1.3,23.07,22.8119,0,54,2
28-Oct-2025,2529,Call,2440,113.9,18.51,22.8119,0,54,2
28-Oct-2025,2529,Put,2240,0.5,23.2,22.8119,-1,83,2
28-Oct-2025,2529,Put,2900,334,0,22.8119,0,3,1
25-Nov-2025,2529,Call,2800,9,18.99,22.8119,0,1,1
25-Nov-2025,2529,Call,2420,135.65,0,22.8119,0,1,1
25-Nov-2025,2529,Call,2560,73,19.24,22.8119,0,1,1
28-Oct-2025,2529,Put,2280,0,0,22.8119,0,1,0
28-Oct-2025,2529,Put,2880,0,0,22.8119,0,0,0
28-Oct-2025,2529,Put,2780,0,0,22.8119,0,1,0
28-Oct-2025,2529,Put,2800,0,0,22.8119,0,72,0
28-Oct-2025,2529,Call,2240,0,0,22.8119,0,4,0
28-Oct-2025,2529,Put,2840,0,0,22.8119,0,9,0
28-Oct-2025,2529,Put,2760,0,0,22.8119,0,1,0
28-Oct-2025,2529,Put,2740,0,0,22.8119,0,0,0
28-Oct-2025,2529,Put,2820,0,0,22.8119,0,2,0
28-Oct-2025,2529,Call,2300,0,0,22.8119,0,4,0
28-Oct-2025,2529,Call,2860,0,0,22.8119,0,6,0
28-Oct-2025,2529,Call,2160,0,0,22.8119,0,0,0
28-Oct-2025,2529,Call,2340,0,0,22.8119,0,1,0
28-Oct-2025,2528,Call,2320,0,0,22.8119,0,1,0
28-Oct-2025,2529,Call,2280,0,0,22.8119,0,3,0
28-Oct-2025,2529,Put,2660,0,0,22.8119,0,34,0
28-Oct-2025,2529,Call,2360,0,0,22.8119,0,0,0
28-Oct-2025,2529,Put,2920,0,0,22.8119,0,0,0
28-Oct-2025,2529,Put,3000,0,0,22.8119,0,1,0
28-Oct-2025,2529,Put,2960,0,0,22.8119,0,0,0
28-Oct-2025,2528,Call,2960,0,0,22.8119,0,4,0
28-Oct-2025,2529,Put,2620,0,0,22.8119,0,37,0
28-Oct-2025,2529,Call,2380,0,0,22.8119,0,13,0
28-Oct-2025,2529,Put,2160,0,0,22.8119,0,7,0
28-Oct-2025,2529,Put,2720,0,0,22.8119,0,8,0
28-Oct-2025,2529,Put,2680,0,0,22.8119,0,56,0
28-Oct-2025,2528,Call,2120,0,0,22.8119,0,0,0
28-Oct-2025,2529,Put,2260,0,0,22.8119,0,1,0
28-Oct-2025,2529,Call,2200,0,0,22.8119,0,4,0
28-Oct-2025,2529,Call,2920,0,0,22.8119,0,95,0
25-Nov-2025,2528,Call,2240,0,0,22.8119,0,0,0
25-Nov-2025,2529,Call,2280,0,0,22.8119,0,0,0
25-Nov-2025,2529,Call,2360,0,0,22.8119,0,0,0
25-Nov-2025,2529,Call,2440,0,0,22.8119,0,0,0
25-Nov-2025,2529,Put,2640,0,0,22.8119,0,0,0
25-Nov-2025,2529,Put,2680,0,0,22.8119,0,0,0
25-Nov-2025,2529,Put,2720,0,0,22.8119,0,0,0
25-Nov-2025,2529,Put,2760,0,0,22.8119,0,0,0
25-Nov-2025,2529,Put,2800,0,0,22.8119,0,0,0
25-Nov-2025,2529,Put,2780,0,0,22.8119,0,0,0
25-Nov-2025,2529,Put,2340,0,0,22.8119,0,0,0
25-Nov-2025,2529,Put,2380,0,0,22.8119,0,0,0
25-Nov-2025,2529,Put,2420,0,0,22.8119,0,0,0
25-Nov-2025,2529,Put,2460,0,0,22.8119,0,0,0
25-Nov-2025,2528,Put,2580,0,0,22.8119,0,0,0
25-Nov-2025,2529,Put,2620,0,0,22.8119,0,0,0
25-Nov-2025,2529,Put,2660,0,0,22.8119,0,0,0
25-Nov-2025,2529,Put,2700,0,0,22.8119,0,0,0
25-Nov-2025,2529,Put,2740,0,0,22.8119,0,0,0
25-Nov-2025,2528,Put,2280,0,0,22.8119,0,0,0
25-Nov-2025,2529,Put,2120,0,0,22.8119,0,0,0
25-Nov-2025,2529,Put,2840,0,0,22.8119,0,0,0
25-Nov-2025,2529,Put,2160,0,0,22.8119,0,0,0
25-Nov-2025,2529,Put,2880,0,0,22.8119,0,0,0
25-Nov-2025,2529,Call,2780,0,0,22.8119,0,0,0
25-Nov-2025,2529,Put,2920,0,0,22.8119,0,0,0
25-Nov-2025,2529,Call,2340,0,0,22.8119,0,0,0
25-Nov-2025,2529,Put,2200,0,0,22.8119,0,0,0
25-Nov-2025,2529,Put,2360,0,0,22.8119,0,0,0
25-Nov-2025,2529,Put,2960,0,0,22.8119,0,0,0
25-Nov-2025,2529,Call,2700,0,0,22.8119,0,2,0
25-Nov-2025,2529,Call,2300,0,0,22.8119,0,0,0
25-Nov-2025,2529,Call,2920,0,0,22.8119,0,0,0
25-Nov-2025,2529,Put,2480,0,0,22.8119,0,0,0
25-Nov-2025,2529,Call,2320,0,0,22.8119,0,0,0
25-Nov-2025,2529,Put,2300,0,0,22.8119,0,0,0
30-Dec-2025,2529,Call,2600,0,0,22.8119,0,0,0
25-Nov-2025,2529,Call,2380,0,0,22.8119,0,0,0
25-Nov-2025,2529,Put,2320,0,0,22.8119,0,0,0
25-Nov-2025,2529,Call,2960,0,0,22.8119,0,0,0
30-Dec-2025,2529,Call,2480,0,0,0,0,0,0
25-Nov-2025,2529,Call,2460,0,0,22.8119,0,0,0
30-Dec-2025,2529,Call,2520,0,0,0,0,0,0
25-Nov-2025,2528,Call,2720,0,0,22.8119,0,0,0
30-Dec-2025,2529,Call,2560,0,0,0,0,0,0
30-Dec-2025,2529,Call,2680,0,0,0,0,0,0
30-Dec-2025,2529,Call,2760,0,0,0,0,0,0
25-Nov-2025,2528,Put,2240,0,0,22.8119,0,0,0
30-Dec-2025,2529,Call,2720,0,0,0,0,0,0
25-Nov-2025,2529,Call,2160,0,0,22.8119,0,0,0
25-Nov-2025,2529,Call,2200,0,0,22.8119,0,0,0
25-Nov-2025,2529,Call,2760,0,0,22.8119,0,0,0
25-Nov-2025,2529,Call,2120,0,0,22.8119,0,0,0
25-Nov-2025,2529,Call,2740,0,0,22.8119,0,0,0
25-Nov-2025,2529,Call,2580,0,0,22.8119,0,0,0
30-Dec-2025,2529,Put,2560,0,0,0,0,0,0
25-Nov-2025,2529,Call,2680,0,0,22.8119,0,0,0
25-Nov-2025,2529,Call,2880,0,0,22.8119,0,0,0
30-Dec-2025,2529,Put,2440,0,0,0,0,0,0
25-Nov-2025,2529,Call,2480,0,0,22.8119,0,0,0
25-Nov-2025,2529,Call,2660,0,0,22.8119,0,0,0
30-Dec-2025,2529,Put,2640,0,0,0,0,0,0
30-Dec-2025,2529,Put,2400,0,0,22.8119,0,0,0
25-Nov-2025,2529,Call,2620,0,0,22.8119,0,0,0
30-Dec-2025,2529,Put,2480,0,0,0,0,0,0
30-Dec-2025,2529,Put,2520,0,0,22.8119,0,0,0
30-Dec-2025,2529,Put,2600,0,0,0,0,0,0
30-Dec-2025,2528,Put,2360,0,0,0,0,0,0
