28-Oct-2025,487.7,Call,500,11.6,33.28,44.7332,-158,2969,2882
28-Oct-2025,487.7,-,0,490.5,0,44.7332,3,25401,2083
28-Oct-2025,487.7,Call,490,15.65,33.57,44.7332,85,919,1163
28-Oct-2025,487.7,Call,520,5.65,33.95,44.7332,0,1184,925
28-Oct-2025,487.7,Call,510,8,33.68,44.7332,-41,884,864
28-Oct-2025,487.7,Call,495,13.6,32.99,44.7332,11,397,863
28-Oct-2025,487.7,Put,490,15.2,33.27,44.7332,15,381,582
28-Oct-2025,487.7,Call,480,21,33.19,44.7332,-61,1241,516
28-Oct-2025,487.7,Call,505,9.5,33.5,44.7332,21,146,506
28-Oct-2025,487.7,Call,540,2.65,35.09,44.7332,-42,764,436
28-Oct-2025,487.7,Put,480,10.5,33.09,44.7332,-4,684,364
28-Oct-2025,487.7,Put,460,4.4,32.69,44.7332,86,1077,321
28-Oct-2025,487.7,Call,485,18.3,33.28,44.7332,5,183,307
28-Oct-2025,487.7,Put,500,20.8,33.54,44.7332,13,691,298
28-Oct-2025,487.7,Put,470,6.9,32.85,44.7332,-38,720,284
28-Oct-2025,487.7,Put,495,17.9,32.75,44.7332,-1,169,277
28-Oct-2025,487.7,Put,485,12.75,33.02,44.7332,3,153,252
28-Oct-2025,487.7,Call,530,3.85,34.01,44.7332,-47,549,248
28-Oct-2025,487.7,Call,550,1.85,35.89,44.7332,17,623,209
25-Nov-2025,487.7,-,0,492.9,0,44.7332,27,987,190
28-Oct-2025,487.7,Call,515,6.75,33.6,44.7332,8,165,150
28-Oct-2025,487.7,Put,450,2.7,33.96,44.7332,-11,581,126
28-Oct-2025,487.7,Put,475,8.85,33.03,44.7332,1,133,109
28-Oct-2025,487.7,Call,525,4.65,34.28,44.7332,-7,164,102
25-Nov-2025,487.7,Put,440,4.7,32.29,44.7332,69,183,96
28-Oct-2025,487.7,Put,505,25.5,35.97,44.7332,8,43,76
28-Oct-2025,487.7,Call,470,27.25,32.6,44.7332,-20,784,75
28-Oct-2025,487.7,Put,465,5.65,32.81,44.7332,-2,96,73
28-Oct-2025,487.7,Put,440,1.65,34.05,44.7332,10,591,63
28-Oct-2025,487.7,Put,430,1.1,35.85,44.7332,-21,421,59
28-Oct-2025,487.7,Call,560,1.3,36.75,44.7332,13,103,55
30-Dec-2025,487.7,-,0,495.95,0,44.7332,34,320,52
28-Oct-2025,487.7,Call,460,34.45,33.33,44.7332,-4,717,36
28-Oct-2025,487.7,Put,420,0.65,36.81,44.7332,-13,511,32
28-Oct-2025,487.7,Put,400,0.35,40.82,44.7332,-5,263,29
28-Oct-2025,487.7,Put,455,3.5,33.04,44.7332,0,77,23
28-Oct-2025,487.7,Call,450,43,31.82,44.7332,-3,164,21
28-Oct-2025,487.7,Put,445,2.05,34.65,44.7332,11,53,19
25-Nov-2025,487.7,Call,500,19.8,31.74,44.7332,1,142,16
25-Nov-2025,487.7,Put,480,16.6,32.43,44.7332,11,11,16
25-Nov-2025,487.7,Call,520,13.25,32.85,44.7332,1,60,15
28-Oct-2025,487.7,Put,515,31.9,34.75,44.7332,3,13,14
25-Nov-2025,487.7,Put,520,37.3,30.1,44.7332,8,8,11
28-Oct-2025,487.7,Put,380,0.2,46.96,44.7332,-9,21,10
28-Oct-2025,487.7,Put,530,44.15,36.21,44.7332,-1,21,9
25-Nov-2025,487.7,Put,500,27.45,33.88,44.7332,3,3,9
28-Oct-2025,487.7,Put,520,35.7,34.85,44.7332,-1,99,8
28-Oct-2025,487.7,Call,455,38.05,32.14,44.7332,1,7,6
25-Nov-2025,487.7,Call,480,33.3,36.96,44.7332,-1,10,6
25-Nov-2025,487.7,Put,490,22,33.6,44.7332,4,4,5
25-Nov-2025,487.7,Call,490,24.15,31.36,44.7332,-1,8,5
28-Oct-2025,487.7,Call,535,3.1,34.44,44.7332,2,2,4
30-Dec-2025,487.7,Put,440,7.5,30.82,44.7332,1,7,4
28-Oct-2025,487.7,Call,420,71,43.09,44.7332,0,32,4
28-Oct-2025,487.7,Call,440,51.3,33.64,44.7332,0,121,4
25-Nov-2025,487.7,Call,550,8,36.19,44.7332,-2,21,3
25-Nov-2025,487.7,Put,460,9.65,32.74,44.7332,0,11,2
28-Oct-2025,487.7,Put,410,0.3,36.5,44.7332,0,216,1
28-Oct-2025,487.7,Put,510,27.45,32.66,44.7332,0,32,1
30-Dec-2025,487.7,Call,560,9.2,30.56,0,0,0,1
28-Oct-2025,487.7,Call,400,0,0,44.7332,0,51,0
28-Oct-2025,487.7,Put,435,0,0,44.7332,0,1,0
28-Oct-2025,487.7,Call,445,0,0,44.7332,0,18,0
28-Oct-2025,487.7,Call,465,0,0,44.7332,0,8,0
28-Oct-2025,487.7,Call,475,0,0,44.7332,0,10,0
28-Oct-2025,487.7,Put,340,0,0,44.7332,0,9,0
28-Oct-2025,487.7,Put,540,0,0,44.7332,0,37,0
28-Oct-2025,487.7,Put,360,0,0,44.7332,0,2,0
28-Oct-2025,487.7,Call,410,0,0,44.7332,0,4,0
25-Nov-2025,487.7,Call,495,0,0,44.7332,0,1,0
25-Nov-2025,487.7,Put,560,0,0,44.7332,0,0,0
25-Nov-2025,487.7,Call,455,0,0,44.7332,0,0,0
25-Nov-2025,487.7,Call,470,0,0,44.7332,0,0,0
25-Nov-2025,487.7,Put,430,0,0,44.7332,0,0,0
25-Nov-2025,487.7,Call,530,0,0,44.7332,0,0,0
25-Nov-2025,487.7,Put,485,0,0,44.7332,0,0,0
28-Oct-2025,487.7,Call,435,0,0,44.7332,0,0,0
25-Nov-2025,487.7,Call,535,0,0,44.7332,0,0,0
28-Oct-2025,487.7,Put,390,0,0,44.7332,0,25,0
25-Nov-2025,487.7,Put,505,0,0,44.7332,0,0,0
28-Oct-2025,487.7,Call,430,0,0,44.7332,0,55,0
28-Oct-2025,487.7,Put,525,0,0,44.7332,0,2,0
28-Oct-2025,487.7,Put,550,0,0,44.7332,0,70,0
25-Nov-2025,487.7,Call,475,0,0,44.7332,0,0,0
30-Dec-2025,487.7,Call,510,0,0,0,0,0,0
28-Oct-2025,487.7,Call,390,0,0,44.7332,0,1,0
25-Nov-2025,487.7,Put,495,0,0,44.7332,0,0,0
30-Dec-2025,487.7,Call,500,0,0,44.7332,0,0,0
25-Nov-2025,487.7,Put,550,0,0,44.7332,0,0,0
25-Nov-2025,487.7,Put,455,0,0,44.7332,0,0,0
25-Nov-2025,487.7,Call,410,0,0,44.7332,0,0,0
30-Dec-2025,487.7,Put,460,0,0,0,0,0,0
30-Dec-2025,487.7,Call,480,0,0,0,0,0,0
25-Nov-2025,487.7,Put,435,0,0,44.7332,0,0,0
25-Nov-2025,487.7,Put,530,0,0,44.7332,0,0,0
25-Nov-2025,487.7,Put,420,0,0,44.7332,0,0,0
25-Nov-2025,487.7,Call,460,0,0,44.7332,0,0,0
28-Oct-2025,487.7,Put,560,0,0,44.7332,0,0,0
25-Nov-2025,487.7,Call,450,0,0,44.7332,0,0,0
25-Nov-2025,487.7,Call,540,0,0,44.7332,0,0,0
25-Nov-2025,487.7,Call,445,0,0,44.7332,0,0,0
30-Dec-2025,487.7,Put,530,0,0,0,0,0,0
25-Nov-2025,487.7,Call,430,0,0,44.7332,0,0,0
25-Nov-2025,487.7,Put,540,0,0,44.7332,0,0,0
25-Nov-2025,487.7,Put,465,0,0,44.7332,0,0,0
28-Oct-2025,487.7,Put,535,0,0,44.7332,0,0,0
25-Nov-2025,487.7,Call,525,0,0,44.7332,0,0,0
25-Nov-2025,487.7,Put,525,0,0,44.7332,0,0,0
25-Nov-2025,487.7,Call,420,0,0,44.7332,0,0,0
30-Dec-2025,487.7,Put,420,0,0,44.7332,0,0,0
25-Nov-2025,487.7,Put,470,0,0,44.7332,0,7,0
30-Dec-2025,487.7,Put,430,0,0,44.7332,0,0,0
25-Nov-2025,487.7,Call,505,0,0,44.7332,0,0,0
30-Dec-2025,487.7,Call,520,0,0,44.7332,0,0,0
30-Dec-2025,487.7,Put,490,0,0,0,0,0,0
25-Nov-2025,487.7,Call,465,0,0,44.7332,0,0,0
25-Nov-2025,487.7,Put,410,0,0,44.7332,0,0,0
25-Nov-2025,487.7,Call,485,0,0,44.7332,0,0,0
25-Nov-2025,487.7,Call,515,0,0,44.7332,0,0,0
25-Nov-2025,487.7,Call,510,0,0,44.7332,0,0,0
25-Nov-2025,487.7,Put,360,0,0,44.7332,0,11,0
25-Nov-2025,487.7,Call,440,0,0,44.7332,0,0,0
30-Dec-2025,487.7,Put,450,0,0,44.7332,0,0,0
25-Nov-2025,487.7,Call,435,0,0,44.7332,0,0,0
25-Nov-2025,487.7,Put,510,0,0,44.7332,0,0,0
25-Nov-2025,487.7,Put,535,0,0,44.7332,0,0,0
25-Nov-2025,487.7,Call,560,0,0,44.7332,0,1,0
30-Dec-2025,487.7,Call,490,0,0,0,0,0,0
30-Dec-2025,487.7,Call,530,0,0,0,0,0,0
25-Nov-2025,487.7,Put,380,0,0,44.7332,0,2,0
25-Nov-2025,487.7,Put,450,0,0,44.7332,0,0,0
25-Nov-2025,487.7,Put,475,0,0,44.7332,0,0,0
30-Dec-2025,487.7,Put,480,0,0,0,0,0,0
30-Dec-2025,487.7,Put,510,0,0,0,0,0,0
30-Dec-2025,487.7,Put,520,0,0,0,0,0,0
30-Dec-2025,487.7,Call,540,0,0,0,0,0,0
25-Nov-2025,487.7,Put,445,0,0,44.7332,0,0,0
30-Dec-2025,487.7,Put,470,0,0,0,0,0,0
25-Nov-2025,487.7,Put,515,0,0,44.7332,0,0,0
30-Dec-2025,487.7,Put,500,0,0,0,0,0,0
