28-Oct-2025,490.15,Call,500,11.95,32.95,44.7332,-202,2925,3441
28-Oct-2025,490.15,-,0,492.5,0,44.7332,-31,25367,3083
28-Oct-2025,490.15,Call,490,16.4,32.42,44.7332,38,872,1531
28-Oct-2025,490.15,Call,520,6.15,33.51,44.7332,-21,1163,1184
28-Oct-2025,490.15,Call,510,8.5,33.11,44.7332,-124,801,1151
28-Oct-2025,490.15,Call,495,14.25,31.94,44.7332,0,386,982
28-Oct-2025,490.15,Call,480,22.2,31.89,44.7332,-138,1164,805
28-Oct-2025,490.15,Put,490,13.5,31.91,44.7332,63,429,790
28-Oct-2025,490.15,Call,505,10.3,32.79,44.7332,31,156,558
28-Oct-2025,490.15,Put,480,9.15,32.13,44.7332,18,706,538
28-Oct-2025,490.15,Call,540,2.85,34.37,44.7332,-48,758,503
28-Oct-2025,490.15,Put,470,5.8,31.43,44.7332,12,770,440
28-Oct-2025,490.15,Put,460,3.6,31.63,44.7332,103,1094,409
28-Oct-2025,490.15,Call,485,19,32.01,44.7332,11,189,364
28-Oct-2025,490.15,Put,500,19.15,32.45,44.7332,16,694,351
28-Oct-2025,490.15,Put,485,11.25,31.86,44.7332,6,156,331
28-Oct-2025,490.15,Put,495,16.25,32.24,44.7332,5,175,330
28-Oct-2025,490.15,Call,530,4.2,33.93,44.7332,-70,526,315
25-Nov-2025,490.15,-,0,495.25,0,44.7332,32,992,300
28-Oct-2025,490.15,Call,550,2.05,35.49,44.7332,17,623,289
28-Oct-2025,490.15,Call,515,7.15,33.06,44.7332,14,171,225
28-Oct-2025,490.15,Put,450,2.2,32.53,44.7332,-4,588,192
28-Oct-2025,490.15,Put,475,7.45,31.8,44.7332,12,144,138
28-Oct-2025,490.15,Call,470,28.8,31.04,44.7332,-52,752,134
28-Oct-2025,490.15,Call,525,5.1,33.37,44.7332,-5,166,133
28-Oct-2025,490.15,Put,440,1.25,33,44.7332,3,584,126
25-Nov-2025,490.15,Put,440,4.5,32.8,44.7332,79,193,112
28-Oct-2025,490.15,Put,465,4.75,31.76,44.7332,10,108,98
28-Oct-2025,490.15,Put,505,22.2,33.66,44.7332,9,44,93
30-Dec-2025,490.15,-,0,498.8,0,44.7332,57,343,87
28-Oct-2025,490.15,Put,430,0.95,35.89,44.7332,-23,419,67
28-Oct-2025,490.15,Put,400,0.3,41.78,44.7332,-26,242,66
28-Oct-2025,490.15,Call,560,1.35,35.8,44.7332,16,106,64
28-Oct-2025,490.15,Call,460,36.3,31,44.7332,-15,706,61
28-Oct-2025,490.15,Put,420,0.6,37.34,44.7332,-19,505,41
25-Nov-2025,490.15,Call,500,21.8,32.41,44.7332,9,150,40
28-Oct-2025,490.15,Call,450,45.15,33.48,44.7332,-10,157,34
28-Oct-2025,490.15,Put,520,34.2,36.27,44.7332,-7,93,29
28-Oct-2025,490.15,Put,445,1.9,33.94,44.7332,11,53,29
28-Oct-2025,490.15,Put,455,3.5,34.62,44.7332,0,77,23
25-Nov-2025,490.15,Call,520,13.7,32.01,44.7332,5,64,20
25-Nov-2025,490.15,Put,480,16.3,33.53,44.7332,13,13,19
28-Oct-2025,490.15,Put,515,31.9,39.37,44.7332,3,13,14
28-Oct-2025,490.15,Put,530,44.15,42.39,44.7332,0,22,12
28-Oct-2025,490.15,Call,455,39.55,28.56,44.7332,1,7,11
25-Nov-2025,490.15,Put,520,37.3,32.8,44.7332,8,8,11
28-Oct-2025,490.15,Call,440,52.95,26.37,44.7332,-2,119,10
28-Oct-2025,490.15,Put,380,0.2,47.85,44.7332,-9,21,10
25-Nov-2025,490.15,Put,500,27.45,35.85,44.7332,3,3,9
28-Oct-2025,490.15,Put,410,0.35,38.38,44.7332,-5,211,8
28-Oct-2025,490.15,Put,510,25.65,35.12,44.7332,0,32,8
30-Dec-2025,490.15,Put,440,7.35,31.39,44.7332,3,9,8
28-Oct-2025,490.15,Call,535,3.45,33.58,44.7332,2,2,7
25-Nov-2025,490.15,Call,480,28.1,26.67,44.7332,0,11,7
28-Oct-2025,490.15,Call,420,70.15,0,44.7332,-4,28,6
25-Nov-2025,490.15,Call,490,23.3,27.93,44.7332,0,9,6
25-Nov-2025,490.15,Put,490,22,35.35,44.7332,4,4,5
28-Oct-2025,490.15,Call,430,62.2,0,44.7332,1,56,4
25-Nov-2025,490.15,Call,550,7.6,34.28,44.7332,-3,20,4
28-Oct-2025,490.15,Put,390,0.2,43.61,44.7332,0,25,3
25-Nov-2025,490.15,Call,540,12.45,38.79,44.7332,0,0,2
25-Nov-2025,490.15,Call,560,7,36.49,44.7332,0,1,2
25-Nov-2025,490.15,Put,460,9.65,33.98,44.7332,0,11,2
28-Oct-2025,490.15,Call,465,31.7,29.92,44.7332,0,8,1
28-Oct-2025,490.15,Call,475,24.6,30.39,44.7332,0,10,1
30-Dec-2025,490.15,Call,560,9.2,29.64,0,0,0,1
28-Oct-2025,490.15,Put,525,0,0,44.7332,0,2,0
28-Oct-2025,490.15,Put,535,0,0,44.7332,0,0,0
28-Oct-2025,490.15,Put,540,0,0,44.7332,0,37,0
28-Oct-2025,490.15,Put,560,0,0,44.7332,0,0,0
28-Oct-2025,490.15,Put,550,0,0,44.7332,0,70,0
28-Oct-2025,490.15,Call,390,0,0,44.7332,0,1,0
28-Oct-2025,490.15,Put,340,0,0,44.7332,0,9,0
28-Oct-2025,490.15,Call,435,0,0,44.7332,0,0,0
28-Oct-2025,490.15,Call,445,0,0,44.7332,0,18,0
28-Oct-2025,490.15,Put,435,0,0,44.7332,0,1,0
28-Oct-2025,490.15,Put,360,0,0,44.7332,0,2,0
28-Oct-2025,490.15,Call,400,0,0,44.7332,0,51,0
28-Oct-2025,490.15,Call,410,0,0,44.7332,0,4,0
25-Nov-2025,490.15,Put,535,0,0,44.7332,0,0,0
25-Nov-2025,490.15,Put,430,0,0,44.7332,0,0,0
25-Nov-2025,490.15,Put,450,0,0,44.7332,0,0,0
25-Nov-2025,490.15,Call,475,0,0,44.7332,0,0,0
25-Nov-2025,490.15,Call,485,0,0,44.7332,0,0,0
25-Nov-2025,490.15,Call,495,0,0,44.7332,0,1,0
25-Nov-2025,490.15,Call,530,0,0,44.7332,0,0,0
25-Nov-2025,490.15,Put,525,0,0,44.7332,0,0,0
25-Nov-2025,490.15,Put,530,0,0,44.7332,0,0,0
25-Nov-2025,490.15,Put,550,0,0,44.7332,0,0,0
25-Nov-2025,490.15,Put,560,0,0,44.7332,0,0,0
25-Nov-2025,490.15,Call,430,0,0,44.7332,0,0,0
25-Nov-2025,490.15,Call,435,0,0,44.7332,0,0,0
25-Nov-2025,490.15,Call,445,0,0,44.7332,0,0,0
25-Nov-2025,490.15,Call,450,0,0,44.7332,0,0,0
25-Nov-2025,490.15,Call,465,0,0,44.7332,0,0,0
25-Nov-2025,490.15,Call,470,0,0,44.7332,0,0,0
25-Nov-2025,490.15,Put,475,0,0,44.7332,0,0,0
25-Nov-2025,490.15,Put,485,0,0,44.7332,0,0,0
25-Nov-2025,490.15,Put,495,0,0,44.7332,0,0,0
25-Nov-2025,490.15,Call,525,0,0,44.7332,0,0,0
25-Nov-2025,490.15,Call,460,0,0,44.7332,0,0,0
25-Nov-2025,490.15,Put,540,0,0,44.7332,0,0,0
25-Nov-2025,490.15,Call,455,0,0,44.7332,0,0,0
25-Nov-2025,490.15,Put,455,0,0,44.7332,0,0,0
25-Nov-2025,490.15,Call,535,0,0,44.7332,0,0,0
25-Nov-2025,490.15,Put,380,0,0,44.7332,0,2,0
25-Nov-2025,490.15,Put,505,0,0,44.7332,0,0,0
25-Nov-2025,490.15,Put,470,0,0,44.7332,0,7,0
25-Nov-2025,490.15,Put,510,0,0,44.7332,0,0,0
25-Nov-2025,490.15,Call,440,0,0,44.7332,0,0,0
25-Nov-2025,490.15,Call,410,0,0,44.7332,0,0,0
25-Nov-2025,490.15,Call,510,0,0,44.7332,0,0,0
25-Nov-2025,490.15,Put,445,0,0,44.7332,0,0,0
25-Nov-2025,490.15,Put,360,0,0,44.7332,0,11,0
25-Nov-2025,490.15,Put,465,0,0,44.7332,0,0,0
30-Dec-2025,490.15,Call,490,0,0,0,0,0,0
30-Dec-2025,490.15,Call,510,0,0,0,0,0,0
25-Nov-2025,490.15,Put,420,0,0,44.7332,0,0,0
25-Nov-2025,490.15,Call,515,0,0,44.7332,0,0,0
30-Dec-2025,490.15,Put,480,0,0,0,0,0,0
30-Dec-2025,490.15,Put,510,0,0,0,0,0,0
30-Dec-2025,490.15,Put,420,0,0,44.7332,0,0,0
25-Nov-2025,490.15,Put,410,0,0,44.7332,0,0,0
30-Dec-2025,490.15,Put,500,0,0,0,0,0,0
30-Dec-2025,490.15,Call,530,0,0,0,0,0,0
30-Dec-2025,490.15,Call,540,0,0,0,0,0,0
30-Dec-2025,490.15,Put,530,0,0,0,0,0,0
25-Nov-2025,490.15,Put,515,0,0,44.7332,0,0,0
30-Dec-2025,490.15,Put,450,0,0,44.7332,0,0,0
25-Nov-2025,490.15,Call,505,0,0,44.7332,0,0,0
30-Dec-2025,490.15,Put,490,0,0,0,0,0,0
30-Dec-2025,490.15,Call,480,0,0,0,0,0,0
30-Dec-2025,490.15,Put,470,0,0,0,0,0,0
25-Nov-2025,490.15,Put,435,0,0,44.7332,0,0,0
30-Dec-2025,490.15,Call,520,0,0,44.7332,0,0,0
30-Dec-2025,490.15,Call,500,0,0,44.7332,0,0,0
25-Nov-2025,490.15,Call,420,0,0,44.7332,0,0,0
30-Dec-2025,490.15,Put,460,0,0,0,0,0,0
30-Dec-2025,490.15,Put,430,0,0,44.7332,0,0,0
30-Dec-2025,490.15,Put,520,0,0,0,0,0,0
