28-Oct-2025,2144.4,-,0,2150.7,0,27.8624,1100,88441,4602
28-Oct-2025,2144.4,Call,2140,47.5,19.06,27.8624,110,1728,2459
28-Oct-2025,2144.4,Call,2200,21.35,19,27.8624,146,2043,2334
28-Oct-2025,2144.4,Call,2160,37.2,18.91,27.8624,164,1715,2173
28-Oct-2025,2144.4,Put,2100,22.25,22.11,27.8624,213,3571,1795
28-Oct-2025,2144.4,Put,2140,37,22,27.8624,234,1642,1705
28-Oct-2025,2144.4,Call,2180,29,19.02,27.8624,18,892,1118
28-Oct-2025,2144.4,Put,2120,29.05,22.05,27.8624,60,1337,1007
28-Oct-2025,2144.4,Call,2100,72.35,18.59,27.8624,49,2825,873
28-Oct-2025,2144.4,Call,2300,4.2,19.82,27.8624,-71,652,794
28-Oct-2025,2144.4,Put,2000,5.6,24.27,27.8624,87,2099,782
28-Oct-2025,2144.4,Call,2240,11.7,19.14,27.8624,56,759,761
28-Oct-2025,2144.4,Put,2160,46.75,21.88,27.8624,70,867,733
28-Oct-2025,2144.4,Put,2080,16.85,22.34,27.8624,-17,1115,712
28-Oct-2025,2144.4,Put,2040,9.9,23.28,27.8624,45,1882,703
28-Oct-2025,2144.4,Call,2220,15.95,19.07,27.8624,38,539,667
28-Oct-2025,2144.4,Call,2120,60.15,18.73,27.8624,44,1250,623
28-Oct-2025,2144.4,Put,2060,13.1,22.75,27.8624,-31,2407,596
28-Oct-2025,2144.4,Call,2260,8.35,19.37,27.8624,-36,716,562
28-Oct-2025,2144.4,Call,2280,5.9,19.63,27.8624,-55,598,482
28-Oct-2025,2144.4,Call,2320,3.05,20.34,27.8624,67,1153,410
28-Oct-2025,2144.4,Call,2340,2.4,20.91,0,0,265,295
28-Oct-2025,2144.4,Put,1900,1.8,28.68,27.8624,16,2050,243
28-Oct-2025,2144.4,Put,2020,7.4,23.7,27.8624,24,935,242
25-Nov-2025,2144.4,-,0,2162,0,27.8624,80,1405,221
28-Oct-2025,2144.4,Put,2200,71.2,22.03,27.8624,44,755,219
28-Oct-2025,2144.4,Put,1980,4.25,25.03,27.8624,10,886,211
28-Oct-2025,2144.4,Call,2360,1.75,21.28,27.8624,40,316,186
28-Oct-2025,2144.4,Put,2180,57.4,21.96,27.8624,1,289,164
28-Oct-2025,2144.4,Put,1960,3.35,25.74,27.8624,-12,578,85
28-Oct-2025,2144.4,Put,1840,1,30.33,27.8624,-7,101,82
28-Oct-2025,2144.4,Call,2060,102.85,18.63,27.8624,-24,676,69
28-Oct-2025,2144.4,Call,2080,90.55,21.16,27.8624,-3,696,65
28-Oct-2025,2144.4,Put,1920,2.1,27.32,27.8624,5,547,56
28-Oct-2025,2144.4,Call,2400,1.3,23.22,27.8624,27,144,56
28-Oct-2025,2144.4,Call,2040,121.95,20.53,27.8624,-14,603,53
28-Oct-2025,2144.4,Put,1940,2.65,26.59,27.8624,13,458,49
28-Oct-2025,2144.4,Put,1860,1.3,30.97,27.8624,-18,249,28
30-Dec-2025,2144.4,-,0,2177,0,27.8624,5,1748,26
25-Nov-2025,2144.4,Put,2000,11.75,21.21,27.8624,4,115,23
28-Oct-2025,2144.4,Call,2000,155.4,14.66,27.8624,-10,961,21
28-Oct-2025,2144.4,Call,2020,145,26,27.8624,3,686,20
28-Oct-2025,2144.4,Put,2240,100.7,22.7,27.8624,1,67,19
25-Nov-2025,2144.4,Put,2100,34.3,20.6,27.8624,10,35,19
25-Nov-2025,2144.4,Call,2200,48,19.23,27.8624,5,65,13
28-Oct-2025,2144.4,Put,2280,135,27.71,27.8624,-2,80,10
28-Oct-2025,2144.4,Put,1800,0.8,34.28,27.8624,-8,197,10
25-Nov-2025,2144.4,Call,2240,30.6,18.21,27.8624,-1,64,9
28-Oct-2025,2144.4,Put,1780,0.65,35.14,27.8624,-2,49,8
28-Oct-2025,2144.4,Put,2220,82.45,20.81,27.8624,-2,86,7
25-Nov-2025,2144.4,Call,2140,67,15.87,27.8624,3,15,6
28-Oct-2025,2144.4,Put,1880,1.45,29.57,27.8624,-3,238,5
28-Oct-2025,2144.4,Call,1960,192.95,0,27.8624,-1,215,3
28-Oct-2025,2144.4,Call,1900,249,0,27.8624,0,265,1
28-Oct-2025,2144.4,Put,1720,0.55,39.8,27.8624,0,28,1
28-Oct-2025,2144.4,Put,1820,1,33.49,27.8624,0,98,1
25-Nov-2025,2144.4,Call,2280,21.2,18.66,27.8624,0,38,1
25-Nov-2025,2144.4,Put,1840,4.95,28.57,27.8624,0,11,1
25-Nov-2025,2144.4,Put,2200,85,22.39,27.8624,0,7,1
28-Oct-2025,2144.4,Call,1860,0,0,27.8624,0,0,0
28-Oct-2025,2144.4,Call,1880,0,0,27.8624,0,15,0
28-Oct-2025,2144.4,Call,1840,0,0,27.8624,0,6,0
28-Oct-2025,2144.4,Put,2360,0,0,27.8624,0,0,0
28-Oct-2025,2144.4,Put,2320,0,0,27.8624,0,1,0
28-Oct-2025,2144.4,Call,1800,0,0,27.8624,0,3,0
28-Oct-2025,2144.4,Call,1920,0,0,27.8624,0,40,0
28-Oct-2025,2144.4,Put,2260,0,0,27.8624,0,0,0
28-Oct-2025,2144.4,Call,1980,0,0,27.8624,0,155,0
28-Oct-2025,2144.4,Call,1940,0,0,27.8624,0,80,0
28-Oct-2025,2144.4,Put,2300,0,0,27.8624,0,3,0
28-Oct-2025,2144.4,Put,2400,0,0,27.8624,0,0,0
25-Nov-2025,2144.4,Call,2180,0,0,27.8624,0,0,0
28-Oct-2025,2144.4,Call,2440,0,0,0,0,0,0
25-Nov-2025,2144.4,Put,2040,0,0,27.8624,0,0,0
25-Nov-2025,2144.4,Put,1900,0,0,27.8624,0,2,0
28-Oct-2025,2144.4,Put,2340,0,0,0,0,0,0
25-Nov-2025,2144.4,Put,2320,0,0,27.8624,0,0,0
25-Nov-2025,2144.4,Call,2300,0,0,27.8624,0,0,0
25-Nov-2025,2144.4,Call,2260,0,0,27.8624,0,0,0
25-Nov-2025,2144.4,Call,2440,0,0,0,0,0,0
25-Nov-2025,2144.4,Call,2360,0,0,27.8624,0,0,0
28-Oct-2025,2144.4,Put,2440,0,0,0,0,0,0
25-Nov-2025,2144.4,Put,1800,0,0,27.8624,0,0,0
25-Nov-2025,2144.4,Put,2220,0,0,27.8624,0,0,0
25-Nov-2025,2144.4,Call,2160,0,0,27.8624,0,0,0
25-Nov-2025,2144.4,Put,1940,0,0,27.8624,0,0,0
25-Nov-2025,2144.4,Put,2360,0,0,27.8624,0,0,0
25-Nov-2025,2144.4,Call,2100,0,0,27.8624,0,21,0
25-Nov-2025,2144.4,Call,1960,0,0,27.8624,0,0,0
25-Nov-2025,2144.4,Put,1980,0,0,27.8624,0,0,0
25-Nov-2025,2144.4,Put,1880,0,0,27.8624,0,0,0
25-Nov-2025,2144.4,Put,2260,0,0,27.8624,0,0,0
25-Nov-2025,2144.4,Call,2120,0,0,27.8624,0,0,0
25-Nov-2025,2144.4,Call,2320,0,0,27.8624,0,0,0
25-Nov-2025,2144.4,Put,1960,0,0,27.8624,0,1,0
25-Nov-2025,2144.4,Put,2080,0,0,27.8624,0,1,0
25-Nov-2025,2144.4,Call,2080,0,0,27.8624,0,0,0
25-Nov-2025,2144.4,Call,1980,0,0,27.8624,0,0,0
25-Nov-2025,2144.4,Call,2400,0,0,27.8624,0,0,0
25-Nov-2025,2144.4,Put,2020,0,0,27.8624,0,0,0
25-Nov-2025,2144.4,Put,2440,0,0,0,0,0,0
25-Nov-2025,2144.4,Call,2040,0,0,27.8624,0,3,0
25-Nov-2025,2144.4,Call,2020,0,0,27.8624,0,0,0
25-Nov-2025,2144.4,Put,2340,0,0,0,0,0,0
25-Nov-2025,2144.4,Call,2060,0,0,27.8624,0,0,0
25-Nov-2025,2144.4,Put,1920,0,0,27.8624,0,0,0
25-Nov-2025,2144.4,Call,1940,0,0,27.8624,0,0,0
25-Nov-2025,2144.4,Put,2060,0,0,27.8624,0,0,0
25-Nov-2025,2144.4,Put,2140,0,0,27.8624,0,0,0
25-Nov-2025,2144.4,Put,1860,0,0,27.8624,0,0,0
25-Nov-2025,2144.4,Put,2180,0,0,27.8624,0,0,0
25-Nov-2025,2144.4,Call,1900,0,0,27.8624,0,0,0
25-Nov-2025,2144.4,Call,1860,0,0,27.8624,0,0,0
25-Nov-2025,2144.4,Call,2000,0,0,27.8624,0,6,0
25-Nov-2025,2144.4,Call,2220,0,0,27.8624,0,0,0
25-Nov-2025,2144.4,Put,2300,0,0,27.8624,0,0,0
25-Nov-2025,2144.4,Call,2340,0,0,0,0,0,0
25-Nov-2025,2144.4,Put,2120,0,0,27.8624,0,0,0
25-Nov-2025,2144.4,Call,1840,0,0,27.8624,0,0,0
25-Nov-2025,2144.4,Put,2160,0,0,27.8624,0,0,0
25-Nov-2025,2144.4,Call,1880,0,0,27.8624,0,1,0
25-Nov-2025,2144.4,Put,2400,0,0,27.8624,0,0,0
25-Nov-2025,2144.4,Put,2280,0,0,27.8624,0,0,0
25-Nov-2025,2144.4,Put,2240,0,0,27.8624,0,0,0
30-Dec-2025,2144.4,Call,2160,0,0,0,0,0,0
25-Nov-2025,2144.4,Call,1920,0,0,27.8624,0,0,0
30-Dec-2025,2144.4,Put,1760,0,0,27.8624,0,0,0
30-Dec-2025,2144.4,Call,2200,0,0,27.8624,0,1,0
30-Dec-2025,2144.4,Put,2120,0,0,0,0,0,0
25-Nov-2025,2144.4,Call,1800,0,0,27.8624,0,0,0
30-Dec-2025,2144.4,Call,2120,0,0,0,0,0,0
30-Dec-2025,2144.4,Put,1840,0,0,27.8624,0,0,0
30-Dec-2025,2144.4,Put,2200,0,0,0,0,0,0
30-Dec-2025,2144.4,Put,2160,0,0,0,0,0,0
30-Dec-2025,2144.4,Put,2240,0,0,0,0,0,0
30-Dec-2025,2144.4,Call,2240,0,0,0,0,0,0
30-Dec-2025,2144.4,Put,1880,0,0,0,0,0,0
