07-Oct-2025,25121.9,Call,25200,9.45,6.84,15.2506,386109,566269,11688183
07-Oct-2025,25121.9,Put,25100,29.15,7.81,15.2506,304520,421673,10171646
07-Oct-2025,25121.9,Call,25150,21.05,6.3,15.2506,299452,408678,8787974
07-Oct-2025,25121.9,Put,25150,57.1,8.36,15.2506,166181,186330,7969278
07-Oct-2025,25121.9,Call,25250,4.4,7.47,15.2506,194221,299158,7141064
07-Oct-2025,25121.9,Call,25100,43.2,5.85,15.2506,134991,298771,6737883
07-Oct-2025,25121.9,Put,25200,95.45,9.3,15.2506,88422,112811,5847469
07-Oct-2025,25121.9,Call,25300,2.3,8.21,15.2506,91300,245255,5556629
07-Oct-2025,25121.9,Put,25050,13.25,7.8,15.2506,145053,252232,5386003
07-Oct-2025,25121.9,Put,25000,6.2,8.26,15.2506,124005,352954,5023276
07-Oct-2025,25121.9,Call,25350,1.45,9.27,15.2506,76869,138235,2731532
07-Oct-2025,25121.9,Put,24950,3.2,8.83,15.2506,29641,163591,2409332
07-Oct-2025,25121.9,Put,24900,1.95,9.85,15.2506,-10698,180069,2246140
07-Oct-2025,25121.9,Call,25400,1.1,10.37,15.2506,92883,190218,2090340
07-Oct-2025,25121.9,Call,25050,77.5,5.1,15.2506,6779,70643,1678550
07-Oct-2025,25121.9,Put,24800,1.15,12.11,15.2506,-14506,157034,1631656
07-Oct-2025,25121.9,Put,25250,140.05,11.16,15.2506,24996,28834,1373299
07-Oct-2025,25121.9,Put,24850,1.4,10.86,15.2506,5091,100803,1364377
07-Oct-2025,25121.9,Call,25500,0.7,12.93,15.2506,52122,211534,1343472
07-Oct-2025,25121.9,Call,25000,120.8,0,15.2506,-2645,78804,1317204
07-Oct-2025,25121.9,Put,24700,0.9,14.36,15.2506,17369,177584,1132328
07-Oct-2025,25121.9,Put,24600,0.65,16.87,15.2506,-1324,170888,1093717
07-Oct-2025,25121.9,Put,24500,0.65,19.54,15.2506,20108,192585,1064824
07-Oct-2025,25121.9,Put,24750,1,13.26,15.2506,-5446,99249,995817
07-Oct-2025,25121.9,Call,25450,0.85,11.55,15.2506,44298,73240,909168
07-Oct-2025,25121.9,Put,25300,188.6,12.87,15.2506,13358,19990,803195
07-Oct-2025,25121.9,Put,24650,0.8,15.57,15.2506,6486,97862,773142
07-Oct-2025,25121.9,Put,24000,0.35,31.56,15.2506,-15377,131550,693545
07-Oct-2025,25121.9,Put,24400,0.45,21.88,15.2506,-1738,92132,657397
07-Oct-2025,25121.9,Call,25600,0.65,15.39,15.2506,54798,127070,645960
07-Oct-2025,25121.9,Call,25700,0.55,17.77,15.2506,40655,122261,572319
07-Oct-2025,25121.9,Put,24550,0.65,18.13,15.2506,7603,59329,535118
07-Oct-2025,25121.9,Call,26000,0.35,24.72,15.2506,21475,131472,497683
07-Oct-2025,25121.9,Put,24300,0.45,24.34,15.2506,-6284,73868,488728
07-Oct-2025,25121.9,Call,25550,0.7,14.12,15.2506,26924,58525,455405
07-Oct-2025,25121.9,Put,24200,0.4,26.33,15.2506,-8013,72671,449795
07-Oct-2025,25121.9,Call,25800,0.45,20.42,15.2506,34002,99113,387238
07-Oct-2025,25121.9,Put,24450,0.5,20.51,15.2506,-2654,45337,355116
07-Oct-2025,25121.9,Put,24100,0.35,29.34,15.2506,6736,62412,334856
07-Oct-2025,25121.9,Call,25650,0.6,16.92,15.2506,33266,54527,333723
07-Oct-2025,25121.9,Put,24350,0.5,22.99,15.2506,10174,38599,332483
14-Oct-2025,25121.9,Call,25200,105.2,8.62,15.2506,26014,52830,297720
07-Oct-2025,25121.9,Call,25900,0.45,22.78,15.2506,31106,57437,284527
07-Oct-2025,25121.9,Call,25850,0.5,21.72,15.2506,15239,24551,271059
07-Oct-2025,25121.9,Call,25750,0.55,19.3,15.2506,16564,32777,227314
14-Oct-2025,25121.9,Put,25100,96.5,9.15,15.2506,17306,32118,222954
07-Oct-2025,25121.9,Call,24950,167.3,0,15.2506,-9446,14656,215320
14-Oct-2025,25121.9,Put,25000,63.75,9.4,15.2506,20640,57172,208330
14-Oct-2025,25121.9,Call,25100,159,8.78,15.2506,9452,29512,199832
07-Oct-2025,25121.9,Call,26100,0.4,27.51,15.2506,22479,31168,191142
07-Oct-2025,25121.9,Put,23800,0.3,36.23,15.2506,-8375,51749,189863
07-Oct-2025,25121.9,Put,24150,0.4,27.64,15.2506,4096,24648,189813
14-Oct-2025,25121.9,Call,25400,39.2,8.69,15.2506,8309,36870,189668
14-Oct-2025,25121.9,Put,25200,142.5,9.04,15.2506,19516,27804,188455
07-Oct-2025,25121.9,Call,24900,216.45,0,15.2506,-11881,22211,180458
07-Oct-2025,25121.9,Put,23900,0.35,34.16,15.2506,1417,38964,179417
14-Oct-2025,25121.9,Call,25500,22.8,8.89,15.2506,7972,47961,174402
07-Oct-2025,25121.9,Put,23500,0.3,43.9,15.2506,-10951,61468,174163
14-Oct-2025,25121.9,Call,25300,65.95,8.59,15.2506,9566,30813,168405
07-Oct-2025,25121.9,Call,26500,0.35,36.24,15.2506,13256,36138,155676
07-Oct-2025,25121.9,Put,25350,237.25,15.23,15.2506,2006,2819,139122
07-Oct-2025,25121.9,Put,24250,0.45,25.37,15.2506,-1186,22493,138598
14-Oct-2025,25121.9,Call,25150,130.7,8.71,15.2506,9230,16768,135629
07-Oct-2025,25121.9,Put,24050,0.4,30.26,15.2506,4946,23905,129983
07-Oct-2025,25121.9,Put,23700,0.3,38.79,15.2506,1919,36791,129727
14-Oct-2025,25121.9,Call,26000,2.65,11.28,15.2506,17669,57007,120274
07-Oct-2025,25121.9,Put,22850,0.25,60.53,15.2506,-22598,41290,115239
14-Oct-2025,25121.9,Put,25150,117.4,9.06,15.2506,11878,15905,111025
14-Oct-2025,25121.9,Put,24900,41.6,9.75,15.2506,7408,33847,106281
14-Oct-2025,25121.9,Call,25600,13.25,9.15,15.2506,4851,24250,105349
14-Oct-2025,25121.9,Call,25250,83.7,8.61,15.2506,7268,15153,101761
07-Oct-2025,25121.9,Put,23000,0.25,56.68,15.2506,-15807,28616,101416
07-Oct-2025,25121.9,Put,23600,0.25,41.35,15.2506,7535,31306,100647
07-Oct-2025,25121.9,Call,26200,0.45,29.95,15.2506,13190,23033,98369
14-Oct-2025,25121.9,Put,24800,27.55,10.2,15.2506,5948,29572,90119
14-Oct-2025,25121.9,Call,25000,225.7,8.94,15.2506,509,26918,87925
07-Oct-2025,25121.9,Call,25950,0.45,23.78,15.2506,6327,21700,85684
07-Oct-2025,25121.9,Put,25400,285.6,16.68,15.2506,1677,3013,85473
14-Oct-2025,25121.9,Call,25700,7.95,9.54,15.2506,1581,20761,84514
07-Oct-2025,25121.9,Put,23950,0.3,32.86,15.2506,-501,11216,82199
07-Oct-2025,25121.9,Call,26300,0.45,32.37,15.2506,2170,14255,76875
07-Oct-2025,25121.9,Put,22900,0.3,59.25,15.2506,-7703,16340,76394
07-Oct-2025,25121.9,Put,23850,0.35,34.95,15.2506,3461,11305,75903
14-Oct-2025,25121.9,Put,24000,3.95,16.47,15.2506,12784,47408,75790
14-Oct-2025,25121.9,Call,25350,51.05,8.61,15.2506,4430,11892,73365
07-Oct-2025,25121.9,Put,23400,0.35,46.46,15.2506,-9021,30036,73002
14-Oct-2025,25121.9,Call,25800,5,9.99,15.2506,4620,31517,67735
14-Oct-2025,25121.9,Call,25450,30,8.77,15.2506,2163,8812,67475
14-Oct-2025,25121.9,Call,26500,1,14.85,15.2506,11090,39620,67161
07-Oct-2025,25121.9,Call,26150,0.45,28.73,15.2506,10031,11700,66622
07-Oct-2025,25121.9,Put,23750,0.3,37.51,15.2506,-4215,9088,65464
07-Oct-2025,25121.9,Call,26250,0.35,31.17,15.2506,4083,7950,64038
14-Oct-2025,25121.9,Put,24500,9.95,12.14,15.2506,9044,33766,61614
07-Oct-2025,25121.9,Call,27000,0.25,46.87,15.2506,1617,26315,61195
07-Oct-2025,25121.9,Call,24800,315.3,0,15.2506,-12310,19010,59529
14-Oct-2025,25121.9,Put,24950,51.5,9.56,15.2506,3408,10328,58702
07-Oct-2025,25121.9,Call,26400,0.4,34.36,15.2506,7391,17944,58366
14-Oct-2025,25121.9,Put,25050,78.3,9.23,15.2506,4569,10844,57801
07-Oct-2025,25121.9,Call,26050,0.45,26.57,15.2506,4087,10791,56831
07-Oct-2025,25121.9,Call,26450,0.35,35.54,15.2506,7957,10259,56560
14-Oct-2025,25121.9,Put,23500,2.1,20.9,15.2506,6564,22817,55772
14-Oct-2025,25121.9,Put,24700,18.9,10.76,15.2506,2006,24235,55038
14-Oct-2025,25121.9,Call,27000,0.7,18.8,15.2506,27126,36839,54952
07-Oct-2025,25121.9,Put,23300,0.3,49.01,15.2506,-5969,9701,54236
07-Oct-2025,25121.9,Call,27150,0.3,50.82,15.2506,308,20157,54155
14-Oct-2025,25121.9,Put,24850,33.65,9.95,15.2506,3829,12131,53471
07-Oct-2025,25121.9,Put,23450,0.35,45.18,15.2506,2872,41416,52195
14-Oct-2025,25121.9,Put,24400,7.5,12.88,15.2506,6738,19917,51928
14-Oct-2025,25121.9,Call,25900,3.4,10.58,15.2506,3873,13216,49268
14-Oct-2025,25121.9,Put,24600,13.2,11.36,15.2506,1670,21892,49144
14-Oct-2025,25121.9,Call,25550,17.3,9.02,15.2506,601,7706,48871
07-Oct-2025,25121.9,Put,23200,0.35,51.57,15.2506,-2613,10393,48807
28-Oct-2025,25121.9,Call,25500,104.2,8.25,15.2506,-5157,61159,45409
14-Oct-2025,25121.9,Put,25300,202.55,9.03,15.2506,3578,7468,44569
14-Oct-2025,25121.9,Call,25050,191.65,8.87,15.2506,-121,6250,43494
28-Oct-2025,25121.9,Put,24800,87.55,10.7,15.2506,1710,44071,43258
28-Oct-2025,25121.9,Put,25000,137.15,10.34,15.2506,2784,59090,42523
28-Oct-2025,25121.9,Call,26000,21.9,8.85,15.2506,-15,67145,39608
28-Oct-2025,25121.9,Call,25200,233.75,8.28,15.2506,3135,24441,39193
07-Oct-2025,25121.9,Put,23650,0.35,40.07,15.2506,-808,12761,38015
28-Oct-2025,25121.9,Put,25200,212.25,10.11,15.2506,4030,17267,35554
14-Oct-2025,25121.9,Put,24300,5.95,13.69,15.2506,2391,15909,35207
07-Oct-2025,25121.9,Put,23550,0.35,43.23,15.2506,-285,7465,35163
07-Oct-2025,25121.9,Put,23100,0.35,54.12,15.2506,-1436,6973,34927
14-Oct-2025,25121.9,Put,24200,4.95,14.54,15.2506,2891,17312,34921
14-Oct-2025,25121.9,Call,25650,10.15,9.31,15.2506,3890,8075,33691
28-Oct-2025,25121.9,Call,25000,359.25,8.35,15.2506,-2064,54564,32834
14-Oct-2025,25121.9,Put,25250,171.35,9.02,15.2506,3738,4508,32361
14-Oct-2025,25121.9,Call,26200,1.6,12.64,15.2506,6876,11164,32230
14-Oct-2025,25121.9,Put,24750,22.6,10.48,15.2506,-60,10617,31449
14-Oct-2025,25121.9,Call,25750,6.25,9.76,15.2506,162,7290,30747
28-Oct-2025,25121.9,-,0,25219.2,0,15.2506,-742,243210,30275
28-Oct-2025,25121.9,Put,24500,45.15,11.5,15.2506,-1890,45796,28549
28-Oct-2025,25121.9,Put,24600,56.05,11.2,15.2506,-9232,24516,27656
07-Oct-2025,25121.9,Put,23350,0.35,48.41,15.2506,352,3755,27612
28-Oct-2025,25121.9,Put,24700,69.55,10.9,15.2506,-3981,29915,27605
07-Oct-2025,25121.9,Call,26700,0.35,40.81,15.2506,420,3234,26523
07-Oct-2025,25121.9,Call,26350,0.4,33.57,15.2506,2527,6967,25960
14-Oct-2025,25121.9,Put,24100,4.4,15.49,15.2506,3224,13860,25147
14-Oct-2025,25121.9,Put,23900,3.45,17.36,15.2506,5016,10696,25103
07-Oct-2025,25121.9,Call,24850,266.5,0,15.2506,-1819,15917,24713
28-Oct-2025,25121.9,Call,25100,294.15,8.31,15.2506,-33,15618,23812
14-Oct-2025,25121.9,Put,23700,2.6,19.02,15.2506,5000,11990,23772
07-Oct-2025,25121.9,Call,26800,0.25,43.07,15.2506,-878,2240,23731
28-Oct-2025,25121.9,Put,24900,109.15,10.45,15.2506,1877,21360,23640
07-Oct-2025,25121.9,Put,25500,386.6,21.42,15.2506,699,2685,23246
28-Oct-2025,25121.9,Call,25600,75.05,8.16,15.2506,305,31323,22940
14-Oct-2025,25121.9,Call,26100,1.9,11.82,15.2506,663,7346,21918
14-Oct-2025,25121.9,Call,24900,305.2,9.17,15.2506,-712,12065,21910
28-Oct-2025,25121.9,Call,25800,37.65,8.28,15.2506,-829,25008,21659
07-Oct-2025,25121.9,Call,26600,0.4,39.03,15.2506,2055,4828,21503
07-Oct-2025,25121.9,Put,22950,0.3,57.06,15.2506,-283,2835,21126
07-Oct-2025,25121.9,Put,23250,0.3,50.29,15.2506,-402,6130,20918
28-Oct-2025,25121.9,Put,25100,171.1,10.18,15.2506,1165,12189,20645
14-Oct-2025,25121.9,Put,23800,3,18.29,15.2506,2295,11004,20128
28-Oct-2025,25121.9,Call,25300,182.9,8.25,15.2506,1015,16316,19817
28-Oct-2025,25121.9,Call,25700,52.85,8.19,15.2506,4040,21833,19698
28-Oct-2025,25121.9,Put,24000,19.35,13.53,15.2506,-1892,47179,19638
14-Oct-2025,25121.9,Put,24650,15.65,11.09,15.2506,444,6995,18919
14-Oct-2025,25121.9,Call,26300,1.2,13.26,15.2506,4975,6361,18755
14-Oct-2025,25121.9,Put,23000,1.5,25.63,15.2506,3288,13166,17916
07-Oct-2025,25121.9,Put,23150,0.35,52.85,15.2506,-440,1994,17749
14-Oct-2025,25121.9,Put,24450,8.65,12.51,15.2506,780,5592,16960
07-Oct-2025,25121.9,Put,23050,0.3,55.4,15.2506,-509,2228,16897
14-Oct-2025,25121.9,Call,25950,2.8,10.84,15.2506,2818,7620,16630
14-Oct-2025,25121.9,Put,24550,11.4,11.77,15.2506,1342,5979,16254
20-Oct-2025,25121.9,Call,25500,57.85,8.53,15.2506,1088,6430,14816
28-Oct-2025,25121.9,Call,25900,27.8,8.48,15.2506,-565,10299,14742
14-Oct-2025,25121.9,Put,23600,2.3,19.93,15.2506,416,4107,14671
14-Oct-2025,25121.9,Call,26050,2.2,11.6,15.2506,3165,4567,14037
28-Oct-2025,25121.9,Put,24300,29.95,12.08,15.2506,-2901,14755,13668
14-Oct-2025,25121.9,Put,22850,1.35,26.88,15.2506,3204,11287,13346
28-Oct-2025,25121.9,Call,24800,511.85,8.37,15.2506,-2750,24573,13341
28-Oct-2025,25121.9,Call,25400,139.9,8.24,15.2506,-370,15652,12402
14-Oct-2025,25121.9,Put,23400,1.95,21.85,15.2506,700,2816,12332
14-Oct-2025,25121.9,Put,22900,1.3,26.33,15.2506,1362,5536,12178
07-Oct-2025,25121.9,Call,27100,0.3,49.04,15.2506,506,2485,12011
14-Oct-2025,25121.9,Call,24800,390,9.68,15.2506,-314,7021,11359
28-Oct-2025,25121.9,Put,25300,260.9,10.07,15.2506,2059,7774,11271
28-Oct-2025,25121.9,Put,24400,36.35,11.74,15.2506,-1622,13427,11255
07-Oct-2025,25121.9,Call,24700,416.2,0,15.2506,-2858,22693,10848
14-Oct-2025,25121.9,Put,23300,1.8,22.7,15.2506,237,3029,10784
14-Oct-2025,25121.9,Put,25400,276.5,9.21,15.2506,1345,3080,10624
20-Oct-2025,25121.9,Call,25200,169.75,8.74,15.2506,993,3236,10379
14-Oct-2025,25121.9,Put,24250,5.45,14.12,15.2506,353,5037,10359
07-Oct-2025,25121.9,Call,26550,0.35,37.87,15.2506,1146,2457,10285
14-Oct-2025,25121.9,Put,24350,6.75,13.29,15.2506,-827,2971,10260
07-Oct-2025,25121.9,Put,25450,331.25,17.62,15.2506,418,648,9977
28-Oct-2025,25121.9,Put,24200,25.25,12.55,15.2506,-277,13802,9730
28-Oct-2025,25121.9,Put,23500,10.45,15.95,15.2506,-393,29553,9627
07-Oct-2025,25121.9,Call,26750,0.3,41.94,15.2506,-451,1188,9546
07-Oct-2025,25121.9,Call,26900,0.3,45.3,15.2506,910,1653,9422
20-Oct-2025,25121.9,Call,26000,8.75,9.74,15.2506,861,4819,9381
14-Oct-2025,25121.9,Put,25500,357.8,9.43,15.2506,2183,5189,8982
28-Oct-2025,25121.9,Call,26500,6.15,10.23,15.2506,-1212,27503,8743
07-Oct-2025,25121.9,Call,26650,0.4,40.18,15.2506,1163,1758,8713
14-Oct-2025,25121.9,Call,26400,1.05,13.97,15.2506,2016,3818,8636
20-Oct-2025,25121.9,Put,25000,100.2,9.84,15.2506,1174,4980,8597
14-Oct-2025,25121.9,Call,26600,0.8,15.42,15.2506,2735,3753,8137
28-Oct-2025,25121.9,Put,24100,21.65,12.98,15.2506,-840,6078,8075
20-Oct-2025,25121.9,Call,25600,38.55,8.63,15.2506,655,4201,7982
20-Oct-2025,25121.9,Call,25700,25.15,8.79,15.2506,1247,3454,7872
25-Nov-2025,25121.9,Call,26000,119.9,8.54,15.2506,-185,17956,7856
28-Oct-2025,25121.9,Call,26200,12.5,9.34,15.2506,445,8697,7833
14-Oct-2025,25121.9,Call,24950,264.85,9.2,15.2506,-223,2283,7534
14-Oct-2025,25121.9,Put,23200,1.65,23.67,15.2506,-491,2142,7379
20-Oct-2025,25121.9,Call,25800,17.45,9.08,15.2506,1625,3664,7160
07-Oct-2025,25121.9,Call,24750,366.4,0,15.2506,-2164,10687,7066
28-Oct-2025,25121.9,Call,26100,16.15,9.05,15.2506,-706,7259,7063
28-Oct-2025,25121.9,Put,25500,380.5,10.21,15.2506,584,21289,6985
07-Oct-2025,25121.9,Call,24500,615.4,0,15.2506,-1942,9820,6895
07-Oct-2025,25121.9,Call,27050,0.35,47.96,15.2506,7,1569,6811
28-Oct-2025,25121.9,Call,26300,9.9,9.65,15.2506,81,8611,6803
20-Oct-2025,25121.9,Call,25300,122,8.64,15.2506,165,3084,6736
28-Oct-2025,25121.9,Put,23000,7.2,18.75,15.2506,-422,30334,6644
14-Oct-2025,25121.9,Put,23100,1.6,24.52,15.2506,-734,3155,6269
20-Oct-2025,25121.9,Put,25100,134,9.65,15.2506,1051,2198,6139
14-Oct-2025,25121.9,Put,25350,236.2,8.85,15.2506,643,1174,6090
20-Oct-2025,25121.9,Call,25400,85.95,8.6,15.2506,452,2690,6046
20-Oct-2025,25121.9,Call,25100,226.2,8.77,15.2506,644,2200,6017
20-Oct-2025,25121.9,Put,24500,24.25,11.52,15.2506,1056,4261,5873
28-Oct-2025,25121.9,Call,25150,263.15,8.32,15.2506,833,2719,5862
28-Oct-2025,25121.9,Call,24900,430.85,8.49,15.2506,-610,14740,5817
20-Oct-2025,25121.9,Call,25000,292.6,8.88,15.2506,-550,3631,5759
20-Oct-2025,25121.9,Put,24700,42.25,10.76,15.2506,67,2977,5573
07-Oct-2025,25121.9,Call,26950,0.3,46.42,15.2506,226,851,5536
14-Oct-2025,25121.9,Put,24150,4.7,15.06,15.2506,-112,1638,5536
20-Oct-2025,25121.9,Put,25200,176.45,9.5,15.2506,1189,2048,5422
25-Nov-2025,25121.9,Put,24000,58.3,12.89,15.2506,753,16244,5338
28-Oct-2025,25121.9,Put,23800,14.6,14.45,15.2506,-308,7278,5080
14-Oct-2025,25121.9,Call,26550,0.8,15.05,15.2506,2060,2560,5010
25-Nov-2025,25121.9,Put,25000,230,11.51,15.2506,951,13006,4904
28-Oct-2025,25121.9,Call,24700,585.1,8.08,15.2506,-1042,18704,4708
28-Oct-2025,25121.9,Put,23900,16.55,13.95,15.2506,-1335,4767,4679
14-Oct-2025,25121.9,Put,24050,4.15,16,15.2506,40,1161,4671
28-Oct-2025,25121.9,Put,24350,32.9,11.92,15.2506,-475,2464,4510
28-Oct-2025,25121.9,Put,25150,189.95,10.13,15.2506,440,2330,4492
28-Oct-2025,25121.9,Call,25750,45.6,8.3,15.2506,227,3066,4440
28-Oct-2025,25121.9,Put,23700,13.2,14.98,15.2506,-1034,3518,4402
07-Oct-2025,25121.9,Call,24600,518.65,0,15.2506,-1134,9686,4395
30-Dec-2025,25121.9,Call,26000,279.2,8.4,15.2506,-893.666666667,55859,4328
25-Nov-2025,25121.9,Call,25500,286.7,8.33,15.2506,-71,11631,4316
25-Nov-2025,25121.9,Put,23500,31.15,13.94,15.2506,174,8359,4310
25-Nov-2025,25121.9,Call,27000,17.3,9.53,15.2506,-142,4005,4209
20-Oct-2025,25121.9,Put,24900,74.7,10.09,15.2506,504,3324,4040
28-Oct-2025,25121.9,Call,27000,2.7,11.99,15.2506,112,22503,3990
30-Dec-2025,25121.9,Call,27000,68.7,8.91,15.2506,446.666666667,32410,3936
25-Nov-2025,25121.9,Call,26500,42.1,8.77,15.2506,52,8893,3935
30-Dec-2025,25121.9,Put,25000,302.05,12.29,15.2506,166.333333333,40645,3869
30-Dec-2025,25121.9,Put,24000,110.85,13.28,15.2506,-325.333333333,46266.3333333,3863
14-Oct-2025,25121.9,Call,26250,1.4,12.94,15.2506,1240,1330,3806
20-Oct-2025,25121.9,Put,24000,9.1,14.34,15.2506,139,2698,3797
20-Oct-2025,25121.9,Put,24800,56.35,10.43,15.2506,474,2910,3794
28-Oct-2025,25121.9,Put,23200,8.05,17.53,15.2506,340,5352,3787
14-Oct-2025,25121.9,Call,26150,1.7,12.22,15.2506,645,836,3758
28-Oct-2025,25121.9,Put,25400,315.45,10.13,15.2506,309,4636,3746
28-Oct-2025,25121.9,Call,25250,206.75,8.29,15.2506,215,4025,3722
28-Oct-2025,25121.9,Call,25550,88.6,8.23,15.2506,47,2745,3669
28-Oct-2025,25121.9,Put,23400,10,16.58,15.2506,662,4899,3669
28-Oct-2025,25121.9,Call,25650,63.2,8.23,15.2506,-237,2616,3648
28-Oct-2025,25121.9,Put,23600,11.7,15.47,15.2506,-1544,2387,3433
20-Oct-2025,25121.9,Put,24600,32,11.18,15.2506,438,3019,3429
20-Oct-2025,25121.9,Call,25900,12,9.34,15.2506,578,1019,3298
28-Oct-2025,25121.9,Call,26400,7.75,9.96,15.2506,125,5260,3190
20-Oct-2025,25121.9,Call,25250,145,8.66,15.2506,607,1248,3120
07-Oct-2025,25121.9,Call,26850,0.3,43.57,15.2506,57,765,3105
28-Oct-2025,25121.9,Put,24850,98.05,10.59,15.2506,-344,2141,2997
20-Oct-2025,25121.9,Put,24400,19.4,12.05,15.2506,746,2299,2857
28-Oct-2025,25121.9,Put,25050,152.1,10.28,15.2506,36,2855,2695
25-Nov-2025,25121.9,Call,25800,174,8.47,15.2506,256,3096,2646
07-Oct-2025,25121.9,Call,24650,466.4,0,15.2506,-936,7523,2641
28-Oct-2025,25121.9,Put,23300,8.8,17.02,15.2506,300,3860,2603
25-Nov-2025,25121.9,Put,24800,171.1,11.51,15.2506,1494,4461,2541
20-Oct-2025,25121.9,Put,23500,5.25,17.64,15.2506,-726,2381,2535
30-Dec-2025,25121.9,Put,23000,46.3,15.08,15.2506,-963.333333333,35920.6666667,2514
14-Oct-2025,25121.9,Put,23950,3.55,16.92,15.2506,636,1073,2470
14-Oct-2025,25121.9,Call,27150,0.7,20.12,15.2506,1424,3694,2452
25-Nov-2025,25121.9,-,0,25347.9,0,15.2506,26,14711,2440
28-Oct-2025,25121.9,Put,24950,123.6,10.38,15.2506,105,2379,2430
28-Oct-2025,25121.9,Put,24750,78.4,10.85,15.2506,110,3774,2422
20-Oct-2025,25121.9,Put,24300,15.8,12.59,15.2506,-213,1871,2291
28-Oct-2025,25121.9,Call,24500,757,6.93,15.2506,-729,16828,2273
28-Oct-2025,25121.9,Call,26800,3.75,11.36,15.2506,-360,6066,2196
20-Oct-2025,25121.9,Call,25150,198.1,8.75,15.2506,270,664,2190
28-Oct-2025,25121.9,Call,25850,32.15,8.41,15.2506,236,1664,2164
28-Oct-2025,25121.9,Put,24450,40.35,11.6,15.2506,-514,1604,2132
25-Nov-2025,25121.9,Put,23900,50.25,13.04,15.2506,18,3848,2109
14-Oct-2025,25121.9,Call,26350,1.1,13.55,15.2506,851,1023,2108
28-Oct-2025,25121.9,Call,24600,671.3,7.36,15.2506,-789,8780,2105
28-Oct-2025,25121.9,Put,22600,5.8,21.07,15.2506,-443,25307,2093
28-Oct-2025,25121.9,Call,25950,24.3,8.61,15.2506,51,1694,2082
14-Oct-2025,25121.9,Call,24700,482.7,9.79,15.2506,-247,3612,2076
28-Oct-2025,25121.9,Call,25050,325.1,8.37,15.2506,-254,1420,2050
28-Oct-2025,25121.9,Put,24550,51.1,11.32,15.2506,-272,1444,2024
14-Oct-2025,25121.9,Call,24850,346.95,9.25,15.2506,-332,1998,1961
20-Oct-2025,25121.9,Put,24200,12.6,13.19,15.2506,237,1304,1928
25-Nov-2025,25121.9,Put,23800,44.25,13.26,15.2506,-825,4212,1928
28-Oct-2025,25121.9,Put,25250,235.15,10.04,15.2506,108,2231,1923
20-Oct-2025,25121.9,Call,25750,20.7,8.9,15.2506,81,636,1880
30-Dec-2025,25121.9,Put,24500,181,12.61,15.2506,565,2825,1876
14-Oct-2025,25121.9,Put,25450,315,9.24,15.2506,241,375,1849
20-Oct-2025,25121.9,Call,25350,104.45,8.61,15.2506,164,623,1843
25-Nov-2025,25121.9,Call,25000,573,8.07,15.2506,139,10766,1823
14-Oct-2025,25121.9,Put,23850,3.25,17.85,15.2506,180,892,1806
28-Oct-2025,25121.9,Call,25450,120.1,8.24,15.2506,73,2693,1791
25-Nov-2025,25121.9,Put,24300,85.5,12.24,15.2506,321,4461,1781
28-Oct-2025,25121.9,Put,24650,62.6,11.02,15.2506,-237,1764,1749
28-Oct-2025,25121.9,Call,25350,160.05,8.25,15.2506,90,2042,1731
28-Oct-2025,25121.9,Put,24050,20.9,13.28,15.2506,-631,1308,1704
28-Oct-2025,25121.9,Put,26000,795.45,12.56,15.2506,28,17436,1589
25-Nov-2025,25121.9,Put,25500,438.15,11.36,15.2506,256,6723,1563
20-Oct-2025,25121.9,Call,25650,30.1,8.66,15.2506,-37,1211,1547
07-Oct-2025,25121.9,Call,24000,1105.8,0,15.2506,-566,1103,1471
07-Oct-2025,25121.9,Put,25600,490.4,23.84,15.2506,-64,612,1463
30-Dec-2025,25121.9,Call,26500,131.6,8.39,15.2506,701,2729,1457
25-Nov-2025,25121.9,Put,24200,72.95,12.38,15.2506,299,4831,1449
20-Oct-2025,25121.9,Call,25450,70.6,8.52,15.2506,185,749,1440
14-Oct-2025,25121.9,Put,23550,2.3,20.45,15.2506,-105,599,1427
20-Oct-2025,25121.9,Call,25550,47.1,8.56,15.2506,81,630,1420
14-Oct-2025,25121.9,Call,24500,670.05,10.35,15.2506,200,3083,1402
25-Nov-2025,25121.9,Call,26300,63,8.59,15.2506,363,2203,1394
20-Oct-2025,25121.9,Put,25150,154,9.63,15.2506,235,541,1382
14-Oct-2025,25121.9,Call,24000,1147,0,15.2506,338,1437,1372
25-Nov-2025,25121.9,Put,23000,20.4,15.55,15.2506,-63,6954,1283
25-Nov-2025,25121.9,Call,26200,77.75,8.55,15.2506,162,2943,1248
25-Nov-2025,25121.9,Put,25200,297.85,11.28,15.2506,202,2442,1237
30-Dec-2025,25121.9,Put,22000,31.3,18.29,15.2506,-46,23231.3333333,1227
14-Oct-2025,25121.9,Put,23750,2.85,18.76,15.2506,-36,457,1211
28-Oct-2025,25121.9,Call,24000,1234.15,0,15.2506,-93,7716,1210
20-Oct-2025,25121.9,Put,25050,118.15,9.82,15.2506,93,628,1189
28-Oct-2025,25121.9,Call,26250,10.65,9.48,15.2506,-17,1172,1188
07-Oct-2025,25121.9,Call,24300,810,39.04,15.2506,-126,515,1177
14-Oct-2025,25121.9,Call,24600,577.2,10.81,15.2506,-136,2409,1170
20-Oct-2025,25121.9,Call,25050,257.3,8.9,15.2506,-21,453,1166
20-Oct-2025,25121.9,Put,23800,7.15,15.69,15.2506,225,835,1143
25-Nov-2025,25121.9,Put,24700,149,11.68,15.2506,334,2686,1082
20-Oct-2025,25121.9,Put,25300,227.2,9.44,15.2506,317,1069,1041
14-Oct-2025,25121.9,Put,25600,449.35,9.64,15.2506,254,893,1032
28-Oct-2025,25121.9,Call,26600,4.95,10.58,15.2506,147,724,1021
28-Oct-2025,25121.9,Put,24250,28.25,12.34,15.2506,-10,1357,1000
20-Oct-2025,25121.9,Put,24750,48.25,10.59,15.2506,153,968,979
30-Dec-2025,25121.9,-,0,25500,0,15.2506,353,2982,975
25-Nov-2025,25121.9,Call,25200,440,8.17,15.2506,130,2871,959
14-Oct-2025,25121.9,Put,23650,2.55,19.61,15.2506,67,314,958
28-Oct-2025,25121.9,Call,23500,1717,0,15.2506,-38,5541,956
25-Nov-2025,25121.9,Put,24900,199.85,11.54,15.2506,92,1696,956
28-Oct-2025,25121.9,Put,25700,532.5,10.58,15.2506,289,1918,927
30-Dec-2025,25121.9,Call,25500,494,8.18,15.2506,256,2113,925
14-Oct-2025,25121.9,Call,26450,1,14.37,15.2506,293,655,914
14-Oct-2025,25121.9,Put,23150,1.55,23.97,15.2506,32,483,907
14-Oct-2025,25121.9,Call,24750,427.3,9.46,15.2506,-335,707,905
30-Dec-2025,25121.9,Call,28000,20.9,10.25,15.2506,236,20334.3333333,889
20-Oct-2025,25121.9,Call,24900,366.1,8.74,15.2506,-89,1382,880
30-Dec-2025,25121.9,Call,26200,207.45,8.32,15.2506,573,777,861
14-Oct-2025,25121.9,Put,25700,541.75,10.85,15.2506,186,511,858
30-Dec-2025,25121.9,Put,25500,485,12.11,15.2506,195,1237,858
07-Oct-2025,25121.9,Put,25550,433.55,21.42,15.2506,39,154,844
30-Dec-2025,25121.9,Put,26000,755.35,12.35,15.2506,121,45102,827
25-Nov-2025,25121.9,Call,25600,240.9,8.37,15.2506,122,1589,805
20-Oct-2025,25121.9,Put,24950,86.75,9.97,15.2506,46,723,803
20-Oct-2025,25121.9,Put,24850,64.4,10.26,15.2506,130,748,790
28-Oct-2025,25121.9,Put,25350,290.55,10.07,15.2506,128,841,787
25-Nov-2025,25121.9,Call,26100,95.55,8.51,15.2506,216,2156,769
28-Oct-2025,25121.9,Call,24950,386.05,8.39,15.2506,-94,1348,767
25-Nov-2025,25121.9,Put,24100,64.45,12.61,15.2506,114,2674,763
25-Nov-2025,25121.9,Call,25300,386.3,8.22,15.2506,41,1795,761
20-Oct-2025,25121.9,Put,24100,10.7,13.76,15.2506,14,373,754
25-Nov-2025,25121.9,Call,25900,143,8.44,15.2506,82,1337,749
14-Oct-2025,25121.9,Call,26700,0.8,16.34,15.2506,248,1256,742
28-Oct-2025,25121.9,Put,25600,452.15,10.32,15.2506,146,2289,739
14-Oct-2025,25121.9,Put,23450,2.1,21.28,15.2506,71,286,737
28-Oct-2025,25121.9,Put,24150,24.45,12.84,15.2506,-241,977,737
20-Oct-2025,25121.9,Put,23000,3.55,21.16,15.2506,1,1222,725
14-Oct-2025,25121.9,Put,23350,1.9,22.28,15.2506,-1,205,723
20-Oct-2025,25121.9,Call,26300,3.9,10.99,15.2506,122,414,721
25-Nov-2025,25121.9,Put,25300,349.95,11.51,15.2506,280,1290,707
28-Oct-2025,25121.9,Call,26900,3.2,11.73,15.2506,63,220,677
28-Oct-2025,25121.9,Put,23950,18.1,13.76,15.2506,-97,1243,677
07-Oct-2025,25121.9,Put,26000,884.2,39.71,15.2506,-228,476,651
20-Oct-2025,25121.9,Put,25250,205.95,9.6,15.2506,184,278,645
28-Oct-2025,25121.9,Put,22800,6.65,19.95,15.2506,185,5029,636
25-Nov-2025,25121.9,Put,23700,39.25,13.39,15.2506,24,3959,633
25-Nov-2025,25121.9,Call,25400,333,8.29,15.2506,-72,1454,630
20-Oct-2025,25121.9,Call,26200,5.4,10.59,15.2506,260,352,626
14-Oct-2025,25121.9,Put,22950,1.4,25.89,15.2506,38,178,619
20-Oct-2025,25121.9,Call,25850,13.9,9.16,15.2506,150,381,611
28-Oct-2025,25121.9,Call,26700,4.5,11.05,15.2506,20,601,604
20-Oct-2025,25121.9,Put,24650,36.45,11.01,15.2506,91,698,572
20-Oct-2025,25121.9,Put,25400,293.75,9.5,15.2506,72,277,569
20-Oct-2025,25121.9,Put,25500,363,9.71,15.2506,111,384,559
14-Oct-2025,25121.9,Call,24650,518.15,9.22,15.2506,-91,639,554
07-Oct-2025,25121.9,Call,24200,917.4,48.68,15.2506,-63,450,549
14-Oct-2025,25121.9,Put,23250,1.7,23.11,15.2506,118,324,549
14-Oct-2025,25121.9,Put,23050,1.5,24.98,15.2506,9,104,549
07-Oct-2025,25121.9,Call,24250,872,30,15.2506,-7,201,544
07-Oct-2025,25121.9,Call,24350,785.3,39.61,15.2506,-17,212,536
20-Oct-2025,25121.9,Call,25950,10.05,9.55,15.2506,100,359,532
14-Oct-2025,25121.9,Put,26000,844,12.16,15.2506,104,2413,526
28-Oct-2025,25121.9,Put,25800,625,11.38,15.2506,-26,1467,514
20-Oct-2025,25121.9,Call,24800,445.3,9.03,15.2506,-168,807,499
07-Oct-2025,25121.9,Call,24400,708.9,0,15.2506,-147,1450,492
20-Oct-2025,25121.9,Put,23700,6.15,16.29,15.2506,144,414,492
07-Oct-2025,25121.9,Call,24550,565,0,15.2506,-123,1703,482
25-Nov-2025,25121.9,Put,25400,388.7,11.26,15.2506,108,772,476
30-Dec-2025,25121.9,Call,29000,8,11.63,15.2506,240,12054,464
28-Oct-2025,25121.9,Call,24850,471.1,8.21,15.2506,-97,1167,461
28-Oct-2025,25121.9,Put,23850,16.35,14.3,15.2506,-35,538,459
07-Oct-2025,25121.9,Put,25700,589,28.09,15.2506,-21,350,454
14-Oct-2025,25121.9,Put,25550,402,10.11,15.2506,102,158,425
14-Oct-2025,25121.9,Call,26900,0.8,18.16,15.2506,192,414,418
20-Oct-2025,25121.9,Put,23900,8,14.95,15.2506,140,358,412
30-Dec-2025,25121.9,Put,24400,162.35,12.69,15.2506,82,797,412
28-Oct-2025,25121.9,Put,23100,7.65,18.15,15.2506,-17,1262,404
04-Nov-2025,25121.9,Call,25900,54.5,8.57,15.2506,65,333,400
30-Dec-2025,25121.9,Put,20000,17.15,24.9,15.2506,-134,12090.6666667,400
25-Nov-2025,25121.9,Call,26800,23.75,9.2,15.2506,78,1188,388
30-Dec-2025,25121.9,Put,24200,134,12.95,15.2506,84,688,387
30-Dec-2025,25121.9,Put,24300,152,12.95,15.2506,-130,347,382
30-Dec-2025,25121.9,Put,19000,12.65,28.1,15.2506,-120,4704,377
20-Oct-2025,25121.9,Call,26500,2.5,11.98,15.2506,87,1064,365
30-Dec-2025,25121.9,Put,23700,81,13.59,15.2506,315,1497,364
28-Oct-2025,25121.9,Call,26450,6.9,10.12,15.2506,17,127,356
04-Nov-2025,25121.9,Put,25000,170.35,10.82,15.2506,123,591,356
28-Oct-2025,25121.9,Call,27150,2.8,12.98,15.2506,229,1184,351
25-Nov-2025,25121.9,Put,23600,34.95,13.69,15.2506,-39,1558,341
20-Oct-2025,25121.9,Put,24450,22,11.81,15.2506,54,419,336
25-Nov-2025,25121.9,Put,23400,28.35,14.19,15.2506,97,1919,330
30-Dec-2025,25121.9,Call,24000,1600,0,15.2506,-57,13442.3333333,315
14-Oct-2025,25121.9,Call,26800,0.8,17.26,15.2506,55,275,312
25-Nov-2025,25121.9,Put,22700,17,16.65,15.2506,41,1801,312
28-Oct-2025,25121.9,Put,23650,12.8,15.27,15.2506,-59,294,309
20-Oct-2025,25121.9,Put,24550,27.75,11.34,15.2506,53,396,307
28-Oct-2025,25121.9,Put,23750,14.1,14.72,15.2506,-61,368,304
20-Oct-2025,25121.9,Call,26100,6.65,10.24,15.2506,196,196,298
30-Dec-2025,25121.9,Put,24800,245.15,12.32,15.2506,146,539,283
30-Dec-2025,25121.9,Put,27000,1527,14.49,15.2506,-27,10930.3333333,282
20-Oct-2025,25121.9,Call,26250,4.2,10.69,15.2506,-2,173,277
20-Oct-2025,25121.9,Put,23600,5.55,16.95,15.2506,-22,333,266
14-Oct-2025,25121.9,Put,25800,643.25,10.49,15.2506,151,431,265
14-Oct-2025,25121.9,Call,27100,0.7,19.68,15.2506,86,564,262
04-Nov-2025,25121.9,Put,24500,66,11.66,15.2506,118,287,258
25-Nov-2025,25121.9,Put,23200,22.8,14.75,15.2506,-17,589,251
30-Dec-2025,25121.9,Put,25200,366.05,12.12,15.2506,133,291,249
28-Oct-2025,25121.9,Call,24750,553.85,8.47,15.2506,-48,6013,246
30-Dec-2025,25121.9,Call,30000,6.85,14.1,15.2506,70,8103.66666667,244
07-Oct-2025,25121.9,Put,25800,692.15,33.78,15.2506,-13,228,240
28-Oct-2025,25121.9,Put,23350,9.6,16.85,15.2506,35,442,240
07-Oct-2025,25121.9,Call,23000,2115,0,15.2506,-122,208,239
28-Oct-2025,25121.9,Put,23450,10.3,16.26,15.2506,-25,401,237
25-Nov-2025,25121.9,Put,26000,760.7,11.84,15.2506,8,2988,233
30-Dec-2025,25121.9,Call,26100,238.8,8.36,15.2506,-41,2047,222
20-Oct-2025,25121.9,Put,24250,14,12.78,15.2506,81,260,219
28-Oct-2025,25121.9,Put,22700,5.95,20.39,15.2506,0,1003,215
20-Oct-2025,25121.9,Put,23200,4,19.67,15.2506,61,81,212
28-Oct-2025,25121.9,Call,26550,5.5,10.41,15.2506,11,106,211
04-Nov-2025,25121.9,Call,25500,151.25,8.39,15.2506,32,262,210
20-Oct-2025,25121.9,Call,24950,324.6,9.03,15.2506,-5,405,209
28-Oct-2025,25121.9,Put,23150,7.9,17.84,15.2506,-25,439,206
20-Oct-2025,25121.9,Call,26400,3.35,11.55,15.2506,144,222,204
28-Oct-2025,25121.9,Put,22900,7,19.37,15.2506,-1,515,193
04-Nov-2025,25121.9,Call,25700,91,8.46,15.2506,53,85,193
14-Oct-2025,25121.9,Call,24400,756,0,15.2506,-62,388,190
28-Oct-2025,25121.9,Call,23000,2210,0,15.2506,32,14311,190
28-Oct-2025,25121.9,Put,27000,1787,20.9,15.2506,27,11355,190
14-Oct-2025,25121.9,Call,24200,967.3,18.58,15.2506,-50,361,187
14-Oct-2025,25121.9,Call,26650,0.8,15.88,15.2506,118,163,179
28-Oct-2025,25121.9,Put,23550,11.2,15.75,15.2506,-12,280,170
28-Oct-2025,25121.9,Call,26950,3.05,11.95,15.2506,27,116,168
14-Oct-2025,25121.9,Call,26950,0.8,18.61,15.2506,39,159,165
04-Nov-2025,25121.9,Call,25600,118.2,8.35,15.2506,24,94,165
14-Oct-2025,25121.9,Call,23000,2150,0,15.2506,122,172,163
28-Oct-2025,25121.9,Put,23250,8.6,17.31,15.2506,-25,109,161
25-Nov-2025,25121.9,Call,24800,716.55,7.61,15.2506,-27,1138,159
20-Oct-2025,25121.9,Call,24700,528,9.02,15.2506,-38,354,157
25-Nov-2025,25121.9,Call,24900,642.5,7.81,15.2506,2,733,157
30-Dec-2025,25121.9,Put,25100,334,12.31,15.2506,84,261,157
20-Oct-2025,25121.9,Call,24850,397.4,8.33,15.2506,-1,321,153
28-Oct-2025,25121.9,Call,27100,2.7,12.63,15.2506,18,390,152
25-Nov-2025,25121.9,Put,25600,492.65,11.37,15.2506,68,275,152
04-Nov-2025,25121.9,Put,24600,79.8,11.68,15.2506,33,151,149
25-Nov-2025,25121.9,Call,26150,86.15,8.55,15.2506,15,83,147
30-Dec-2025,25121.9,Put,23800,90.5,13.5,15.2506,0,1401,146
28-Oct-2025,25121.9,Call,24400,847,0,15.2506,-25,721,145
30-Dec-2025,25121.9,Call,24500,1182.5,5.74,15.2506,11,713,143
28-Oct-2025,25121.9,Call,24650,635,7.32,15.2506,-57,1145,139
28-Oct-2025,25121.9,Put,25450,350.7,10.11,15.2506,18,237,137
07-Oct-2025,25121.9,Put,25650,534.75,28.34,15.2506,16,64,134
30-Dec-2025,25121.9,Put,22900,42.75,15.26,15.2506,79,178,134
25-Nov-2025,25121.9,Call,27150,13.15,9.77,15.2506,18,562,132
30-Dec-2025,25121.9,Call,23000,2505,0,15.2506,-5,8003.33333333,130
20-Oct-2025,25121.9,Put,23100,3.8,20.42,15.2506,37,38,129
25-Nov-2025,25121.9,Put,27000,1620,14.57,15.2506,14,239,128
07-Oct-2025,25121.9,Put,25750,643.3,32.51,15.2506,9,46,127
04-Nov-2025,25121.9,Put,24700,96.85,11.43,15.2506,11,161,126
14-Oct-2025,25121.9,Call,26850,0.75,17.59,15.2506,89,203,124
20-Oct-2025,25121.9,Put,22950,3.1,21.15,15.2506,-23,182,119
28-Oct-2025,25121.9,Call,26650,4.75,10.82,15.2506,11,295,119
28-Oct-2025,25121.9,Put,26500,1260.45,13.59,15.2506,12,7771,118
30-Dec-2025,25121.9,Put,24700,220,12.36,15.2506,7,207,117
14-Oct-2025,25121.9,Put,25650,502.6,12.28,15.2506,17,29,113
20-Oct-2025,25121.9,Put,22850,3.45,22.36,15.2506,-12,85,113
30-Dec-2025,25121.9,Call,25800,351,8.3,15.2506,-23,156,110
28-Oct-2025,25121.9,Call,27050,2.9,12.46,15.2506,70,87,107
07-Oct-2025,25121.9,Call,24450,670.2,0,15.2506,-41,1183,106
25-Nov-2025,25121.9,Put,24850,188.45,11.6,15.2506,-9,142,105
14-Oct-2025,25121.9,Call,26750,0.75,16.69,15.2506,47,136,103
20-Oct-2025,25121.9,Put,25350,252.85,8.96,15.2506,54,74,98
30-Dec-2025,25121.9,Put,29000,3376,20.95,15.2506,31,8554,97
14-Oct-2025,25121.9,Call,27050,0.7,19.24,15.2506,57,83,95
30-Dec-2025,25121.9,Put,28000,2472.25,19.02,15.2506,1.66666666667,10928,95
25-Nov-2025,25121.9,Call,25850,160,8.6,15.2506,44,446,93
20-Oct-2025,25121.9,Put,25600,445,10,15.2506,0,146,92
20-Oct-2025,25121.9,Call,24500,710,10.58,15.2506,-23,635,90
25-Nov-2025,25121.9,Put,23300,25.85,14.7,15.2506,-39,413,88
28-Oct-2025,25121.9,Put,25550,415,10.2,15.2506,25,342,83
28-Oct-2025,25121.9,Put,22650,6.15,20.85,15.2506,-2,128,83
25-Nov-2025,25121.9,Put,24950,215.8,11.5,15.2506,1,337,82
30-Dec-2025,25121.9,Put,23900,98.5,13.3,15.2506,60,391,82
30-Dec-2025,25121.9,Put,25300,403.8,11.99,15.2506,37,129,82
14-Oct-2025,25121.9,Call,24300,869,14.64,15.2506,14,448,81
14-Oct-2025,25121.9,Call,24100,1054,0,15.2506,61,86,80
25-Nov-2025,25121.9,Call,24000,1380,0,15.2506,-6,654,80
28-Oct-2025,25121.9,Put,26100,890,12.51,15.2506,-5,259,79
25-Nov-2025,25121.9,Call,25150,464.8,7.98,15.2506,-11,109,78
30-Dec-2025,25121.9,Call,25700,396.5,8.26,15.2506,-12,134,75
04-Nov-2025,25121.9,Call,25000,405,7.97,15.2506,-1,136,72
07-Oct-2025,25121.9,Call,23700,1473.15,87.01,15.2506,-6,98,69
25-Nov-2025,25121.9,Call,25350,360.05,8.29,15.2506,-11,81,69
04-Nov-2025,25121.9,Put,25200,244.1,10.78,15.2506,30,55,68
04-Nov-2025,25121.9,Call,25200,294.3,8.34,15.2506,7,107,67
25-Nov-2025,25121.9,Put,24750,159.7,11.65,15.2506,12,161,67
04-Nov-2025,25121.9,Put,23500,15,15.01,15.2506,-17,160,64
30-Dec-2025,25121.9,Put,24600,199.5,12.47,15.2506,10,210,63
30-Dec-2025,25121.9,Call,31000,5.8,16.27,15.2506,21.3333333333,3665,63
04-Nov-2025,25121.9,Call,25100,355.2,8.69,15.2506,-14,35,61
25-Nov-2025,25121.9,Call,25750,186.85,8.44,15.2506,-3,253,61
04-Nov-2025,25121.9,Put,25100,210.3,10.79,15.2506,5,40,60
07-Oct-2025,25121.9,Call,24050,1055.3,0,15.2506,-37,147,59
30-Dec-2025,25121.9,Call,25100,735,7.76,15.2506,46,181,59
07-Oct-2025,25121.9,Call,24100,1020.5,0,15.2506,-24,349,58
04-Nov-2025,25121.9,Put,22850,10,18.34,15.2506,27,70,58
04-Nov-2025,25121.9,Call,25300,237.75,8.55,15.2506,16,23,58
30-Dec-2025,25121.9,Call,20000,5480,0,15.2506,-3,4893,58
04-Nov-2025,25121.9,Put,25250,265.9,10.37,15.2506,7,28,57
28-Oct-2025,25121.9,Call,24300,942,0,15.2506,1,660,56
28-Oct-2025,25121.9,Call,26850,3.4,11.53,15.2506,-18,89,56
04-Nov-2025,25121.9,Put,23000,10,17.34,15.2506,5,154,56
25-Nov-2025,25121.9,Put,24350,90.4,12.08,15.2506,13,88,56
20-Oct-2025,25121.9,Call,24600,619,10.57,15.2506,3,195,55
29-Dec-2026,25121.9,Put,25000,729.85,17.85,15.2506,12,2697.66666667,55
04-Nov-2025,25121.9,Put,25500,407.4,10.53,15.2506,17,56,54
07-Oct-2025,25121.9,Call,22900,2227.5,85.42,15.2506,-41,48,53
07-Oct-2025,25121.9,Put,27000,1819.45,0,15.2506,-36,67,53
20-Oct-2025,25121.9,Call,27150,1.75,15.82,15.2506,9,145,53
25-Nov-2025,25121.9,Put,26500,1187.65,13.73,15.2506,7,921,52
25-Nov-2025,25121.9,Call,25050,535.4,7.89,15.2506,-15,65,52
25-Nov-2025,25121.9,Call,25450,304.45,8.25,15.2506,1,92,52
28-Oct-2025,25121.9,Call,26750,4.45,11.25,15.2506,0,205,50
04-Nov-2025,25121.9,Put,24400,53,11.77,15.2506,-7,94,50
25-Nov-2025,25121.9,Put,24150,67.2,12.35,15.2506,27,172,49
25-Nov-2025,25121.9,Call,25650,236.55,8.81,15.2506,0,74,46
30-Dec-2025,25121.9,Put,25550,510.55,12.11,15.2506,28,32,46
30-Dec-2025,25121.9,Call,22000,3469.15,0,15.2506,0,6153.66666667,46
25-Nov-2025,25121.9,Call,25250,411.65,8.23,15.2506,1,56,45
30-Dec-2025,25121.9,Put,23050,48.05,14.95,15.2506,6,110,45
20-Oct-2025,25121.9,Put,25700,535.5,6.03,15.2506,5,89,44
29-Dec-2026,25121.9,Put,26000,1009,17.73,15.2506,9,1643,44
20-Oct-2025,25121.9,Call,27000,1.5,14.67,15.2506,2,229,43
20-Oct-2025,25121.9,Call,26850,2,13.51,15.2506,-12,70,42
30-Dec-2025,25121.9,Call,25600,447.7,8.29,15.2506,4,68,42
25-Nov-2025,25121.9,Put,22800,17.45,16.19,15.2506,8,278,40
25-Nov-2025,25121.9,Call,24950,597.35,7.77,15.2506,0,79,40
14-Oct-2025,25121.9,Call,24550,610,0,15.2506,-4,152,39
30-Dec-2025,25121.9,Put,30000,4378.9,26.04,15.2506,-7,2483.66666667,39
28-Oct-2025,25121.9,Put,22850,6.55,19.75,15.2506,-3,75,38
28-Oct-2025,25121.9,Put,22750,6.35,20.21,15.2506,19,73,38
28-Oct-2025,25121.9,Put,26200,1000,14.28,15.2506,-12,1263,38
28-Oct-2025,25121.9,Put,25650,458.25,8.6,15.2506,2,125,37
30-Dec-2025,25121.9,Put,24750,223.1,12.1,15.2506,-15,34,37
20-Oct-2025,25121.9,Put,23400,4.65,18.38,15.2506,3,305,36
30-Dec-2025,25121.9,Put,18000,8.6,30.99,15.2506,-20,2052.66666667,36
28-Oct-2025,25121.9,Put,26800,1563.3,16.56,15.2506,-18,105,35
20-Oct-2025,25121.9,Put,25450,324.9,9.22,15.2506,10,23,33
30-Dec-2025,25121.9,Put,17000,5.7,33.81,15.2506,0,1007.66666667,33
07-Oct-2025,25121.9,Put,26100,992.1,46.57,15.2506,7,23,32
28-Oct-2025,25121.9,Put,25900,715,11.99,15.2506,1,256,32
25-Nov-2025,25121.9,Put,25650,531.9,11.61,15.2506,-30,36,32
04-Nov-2025,25121.9,Put,24900,142.55,11.1,15.2506,4,74,31
30-Dec-2025,25121.9,Put,24900,271.5,12.08,15.2506,7,160,31
30-Dec-2025,25121.9,Call,26150,240,8.76,15.2506,24,24,31
25-Nov-2025,25121.9,Call,24300,1137.8,3.93,15.2506,-1,92,30
29-Dec-2026,25121.9,Call,27000,1392.6,5.35,15.2506,9,898,29
28-Oct-2025,25121.9,Put,25750,526,7.81,15.2506,-4,92,28
04-Nov-2025,25121.9,Call,25150,315.05,8.17,15.2506,7,19,28
30-Dec-2025,25121.9,Put,24550,182.4,12.31,15.2506,-12,43,28
07-Oct-2025,25121.9,Call,24150,964.9,65.61,15.2506,-6,111,27
04-Nov-2025,25121.9,Put,25050,186.75,10.59,15.2506,9,31,27
30-Dec-2025,25121.9,Put,24650,211.2,12.46,15.2506,-6,38,27
30-Dec-2025,25121.9,Put,24950,284.1,11.99,15.2506,-9,35,26
04-Nov-2025,25121.9,Put,23800,20,13.62,15.2506,24,24,25
30-Dec-2025,25121.9,Put,24850,246.35,12,15.2506,-14,19,25
28-Oct-2025,25121.9,Call,24550,777,12.79,15.2506,-10,193,24
30-Dec-2025,25121.9,Put,25700,555.55,11.54,15.2506,5,29,24
07-Oct-2025,25121.9,Call,23800,1392,89.91,15.2506,-5,67,23
28-Oct-2025,25121.9,Call,23800,1420.5,0,15.2506,10,327,23
30-Dec-2025,25121.9,Put,25800,638.1,12.19,15.2506,12,27,23
20-Oct-2025,25121.9,Call,26700,2,13,15.2506,4,138,22
28-Oct-2025,25121.9,Call,22700,2560,23.77,15.2506,-15,121,22
07-Oct-2025,25121.9,Call,23500,1624.9,60.26,15.2506,-10,376,21
25-Nov-2025,25121.9,Call,25550,265.1,8.36,15.2506,-5,150,21
30-Dec-2025,25121.9,Call,24700,1017.4,6.71,15.2506,8,58,21
20-Oct-2025,25121.9,Call,26550,2.85,12.46,15.2506,10,12,20
20-Oct-2025,25121.9,Call,24000,1267,22.88,15.2506,1,12,20
04-Nov-2025,25121.9,Put,24950,137.4,10.15,15.2506,6,31,20
04-Nov-2025,25121.9,Put,23250,12.5,16.25,15.2506,-18,16,20
30-Dec-2025,25121.9,Call,25750,369.6,8.2,15.2506,-5,44,20
29-Dec-2026,25121.9,Put,24000,522,18.15,15.2506,2,1326.33333333,20
14-Oct-2025,25121.9,Put,27100,1916.15,0,15.2506,1,32,19
20-Oct-2025,25121.9,Call,24400,800,0,15.2506,2,309,19
20-Oct-2025,25121.9,Call,24650,622.7,13.84,15.2506,-3,98,19
29-Dec-2026,25121.9,Put,23000,359.6,18.41,15.2506,5.66666666667,889.666666667,19
20-Oct-2025,25121.9,Call,26450,3.2,11.87,15.2506,15,24,18
30-Dec-2025,25121.9,Call,25850,339.95,8.5,15.2506,-7,46,18
20-Oct-2025,25121.9,Call,24750,519.15,11.99,15.2506,-2,266,17
29-Dec-2026,25121.9,Call,30000,404.8,8.34,15.2506,8,793,17
07-Oct-2025,25121.9,Put,25900,805.1,44.29,15.2506,1,39,16
14-Oct-2025,25121.9,Put,26100,930.2,0,15.2506,-7,14,16
20-Oct-2025,25121.9,Put,26000,802,9.61,15.2506,2,16,16
28-Oct-2025,25121.9,Put,22950,6.85,19.08,15.2506,-2,59,16
30-Dec-2025,25121.9,Put,16500,5,35.52,15.2506,0,52,16
30-Dec-2025,25121.9,Put,13000,3.15,50.53,15.2506,0,315.666666667,16
04-Nov-2025,25121.9,Put,24750,107.65,10.78,15.2506,2,16,15
04-Nov-2025,25121.9,Call,25350,214.9,8.54,15.2506,12,12,15
04-Nov-2025,25121.9,Put,23200,12,16.48,15.2506,0,21,15
25-Nov-2025,25121.9,Put,22900,18.65,15.83,15.2506,-6,176,15
30-Dec-2025,25121.9,Put,23100,49.25,14.79,15.2506,9,186,15
29-Dec-2026,25121.9,Put,28000,1800,17.89,15.2506,-9,451,15
20-Oct-2025,25121.9,Put,23650,6.45,16.8,15.2506,2,95,14
30-Dec-2025,25121.9,Call,24800,986.25,8.57,15.2506,10,169,14
14-Oct-2025,25121.9,Call,23800,1425,33.81,15.2506,9,54,13
28-Oct-2025,25121.9,Call,24200,1070.2,11.51,15.2506,-4,413,13
20-Oct-2025,25121.9,Put,22900,3.1,21.62,15.2506,2,72,13
07-Oct-2025,25121.9,Put,26200,1100,53.47,15.2506,-3,20,12
28-Oct-2025,25121.9,Call,23700,1583.65,18.18,15.2506,4,45,12
04-Nov-2025,25121.9,Put,25300,289.6,10.47,15.2506,5,39,12
07-Oct-2025,25121.9,Call,23550,1569.45,0,15.2506,-5,5,11
07-Oct-2025,25121.9,Put,26500,1390.05,56.81,15.2506,-6,54,11
14-Oct-2025,25121.9,Put,25900,723.1,0,15.2506,2,25,11
14-Oct-2025,25121.9,Put,26200,1025,0,15.2506,4,24,10
04-Nov-2025,25121.9,Call,25450,182.95,8.89,15.2506,3,5,10
04-Nov-2025,25121.9,Call,25250,259.4,8.3,15.2506,-1,25,10
30-Dec-2025,25121.9,Put,25150,338.25,11.91,15.2506,0,13,10
07-Oct-2025,25121.9,Put,26050,888.85,0,15.2506,5,15,8
14-Oct-2025,25121.9,Call,24450,708.15,0,15.2506,-3,167,8
20-Oct-2025,25121.9,Call,26900,1.6,14.08,15.2506,4,14,8
04-Nov-2025,25121.9,Put,24850,116.05,10.46,15.2506,0,18,8
25-Nov-2025,25121.9,Call,23000,2383.5,0,15.2506,1,175,8
29-Dec-2026,25121.9,Put,22000,254,19,15.2506,5,809.666666667,8
07-Oct-2025,25121.9,Call,23850,1245.6,0,15.2506,0,15,7
14-Oct-2025,25121.9,Call,23650,1555,33.2,15.2506,4,7,7
28-Oct-2025,25121.9,Call,24100,1173.4,12.91,15.2506,-2,185,7
04-Nov-2025,25121.9,Call,25050,383.35,8.48,15.2506,-3,18,7
30-Dec-2025,25121.9,Call,21000,4500.5,0,15.2506,-1,5305.33333333,7
29-Dec-2026,25121.9,Call,28000,980,7.2,15.2506,4,600,7
04-Nov-2025,25121.9,Call,24850,565,10.26,15.2506,2,9,6
14-Oct-2025,25121.9,Call,24050,1126,20.42,15.2506,0,7,5
04-Nov-2025,25121.9,Call,24900,486.6,8.37,15.2506,-2,14,5
30-Dec-2025,25121.9,Call,25650,424.65,8.34,15.2506,2,24,5
29-Dec-2026,25121.9,Call,25000,2640,0,15.2506,1,787.666666667,5
07-Oct-2025,25121.9,Call,23300,1875,106.37,15.2506,-3,1,4
07-Oct-2025,25121.9,Call,23600,1570,90.19,15.2506,0,29,4
07-Oct-2025,25121.9,Call,23650,1535.9,94.82,15.2506,-2,8,4
07-Oct-2025,25121.9,Call,22850,2270.05,54.99,15.2506,0,3,4
07-Oct-2025,25121.9,Put,26250,1130,33.55,15.2506,1,9,4
07-Oct-2025,25121.9,Put,26750,1596.95,0,15.2506,2,2,4
14-Oct-2025,25121.9,Call,24250,915,13.82,15.2506,3,37,4
07-Oct-2025,25121.9,Call,23900,1277,79.19,15.2506,0,127,4
07-Oct-2025,25121.9,Put,26650,1536.95,58.33,15.2506,2,3,4
28-Oct-2025,25121.9,Put,27150,1900,17.58,15.2506,0,68,4
07-Oct-2025,25121.9,Call,23450,1660,0,15.2506,1,5,3
14-Oct-2025,25121.9,Put,26650,1470,0,15.2506,1,1,3
14-Oct-2025,25121.9,Put,26500,1360.95,24.8,15.2506,0,23,3
14-Oct-2025,25121.9,Call,23500,1670.2,26.75,15.2506,0,66,3
14-Oct-2025,25121.9,Call,23300,1875,31.54,15.2506,2,4,3
14-Oct-2025,25121.9,Call,24350,868,22.46,15.2506,2,44,3
20-Oct-2025,25121.9,Put,25550,374,7.22,15.2506,0,8,3
28-Oct-2025,25121.9,Put,23050,7.8,18.56,15.2506,-1,404,3
04-Nov-2025,25121.9,Call,24800,546.15,7.37,15.2506,0,29,3
04-Nov-2025,25121.9,Call,24700,693.1,10.97,15.2506,-1,26,3
30-Dec-2025,25121.9,Put,23200,52.15,14.51,15.2506,0,202,3
30-Dec-2025,25121.9,Put,25050,317.35,12.22,15.2506,1,8,3
29-Dec-2026,25121.9,Put,21000,176.05,19.62,15.2506,0,488.666666667,3
29-Dec-2026,25121.9,Put,20000,144,21.1,15.2506,0,586.333333333,3
07-Oct-2025,25121.9,Call,23750,1383.45,61.77,15.2506,0,13,2
07-Oct-2025,25121.9,Call,23950,1140,0,15.2506,0,59,2
07-Oct-2025,25121.9,Put,25850,645.05,0,15.2506,0,26,2
14-Oct-2025,25121.9,Call,23950,1265,29.53,15.2506,0,2,2
14-Oct-2025,25121.9,Call,23900,1310,29.65,15.2506,0,55,2
14-Oct-2025,25121.9,Call,23550,1690.95,40.88,15.2506,1,4,2
14-Oct-2025,25121.9,Call,23750,1465,33.16,15.2506,0,3,2
14-Oct-2025,25121.9,Call,23700,1519,34.72,15.2506,1,18,2
20-Oct-2025,25121.9,Call,26650,2.75,13.17,15.2506,1,7,2
20-Oct-2025,25121.9,Call,24300,892.1,0,15.2506,0,100,2
20-Oct-2025,25121.9,Call,26600,3.15,13.02,15.2506,0,16,2
20-Oct-2025,25121.9,Put,25650,439,0,15.2506,0,15,2
20-Oct-2025,25121.9,Call,24200,1000,0,15.2506,0,2,2
20-Oct-2025,25121.9,Put,23250,4.25,19.38,15.2506,-1,6,2
20-Oct-2025,25121.9,Call,26800,1.9,13.65,15.2506,0,23,2
28-Oct-2025,25121.9,Call,23300,1959.5,17.92,15.2506,0,53,2
04-Nov-2025,25121.9,Call,24950,496.45,10.34,15.2506,0,10,2
04-Nov-2025,25121.9,Put,23600,16.5,14.55,15.2506,0,8,2
25-Nov-2025,25121.9,Call,23900,1490,0,15.2506,1,2,2
25-Nov-2025,25121.9,Call,24200,1265,9.55,15.2506,0,82,2
25-Nov-2025,25121.9,Put,25550,434.95,10.48,15.2506,0,22,2
30-Dec-2025,25121.9,Put,22850,42.75,15.49,15.2506,1,52,2
30-Dec-2025,25121.9,Put,25250,385.1,12.13,15.2506,-1,54,2
29-Dec-2026,25121.9,Call,24000,3310.3,0,15.2506,0,125,2
29-Dec-2026,25121.9,Call,31000,250.05,8.72,15.2506,1,277,2
07-Oct-2025,25121.9,Call,23200,1900,0,15.2506,0,20,1
07-Oct-2025,25121.9,Put,26400,1272.6,0,15.2506,0,5,1
07-Oct-2025,25121.9,Put,26850,1706.7,0,15.2506,0,1,1
28-Oct-2025,25121.9,Put,26600,1354,13.62,15.2506,0,75,1
28-Oct-2025,25121.9,Put,25850,601,6.62,15.2506,0,96,1
20-Oct-2025,25121.9,Put,23050,5.9,22.17,15.2506,0,1,1
28-Oct-2025,25121.9,Call,24450,868.05,13.36,15.2506,0,186,1
04-Nov-2025,25121.9,Call,24750,650,10.74,15.2506,0,19,1
28-Oct-2025,25121.9,Put,26300,1057.25,11.43,15.2506,0,329,1
25-Nov-2025,25121.9,Put,23950,50.5,12.69,15.2506,0,60,1
25-Nov-2025,25121.9,Call,23500,1861,0,15.2506,0,219,1
25-Nov-2025,25121.9,Put,22850,25,16.99,15.2506,0,11,1
30-Dec-2025,25121.9,Put,26200,904.8,12.97,15.2506,0,6,1
30-Dec-2025,25121.9,Put,25350,438,12.42,15.2506,0,32,1
30-Dec-2025,25121.9,Call,24650,1053.45,6.32,15.2506,0,3,1
30-Dec-2025,25121.9,Put,23250,58.45,14.66,15.2506,0,123,1
29-Dec-2026,25121.9,Call,23000,4000,0,15.2506,0,65,1
26-Dec-2028,25121.9,Put,23000,643.65,0,15.2506,0,44,1
07-Oct-2025,25121.9,Call,22950,0,0,15.2506,0,0,0
07-Oct-2025,25121.9,Call,23050,0,0,15.2506,0,0,0
07-Oct-2025,25121.9,Call,23100,0,0,15.2506,0,1,0
07-Oct-2025,25121.9,Call,23150,0,0,15.2506,0,0,0
07-Oct-2025,25121.9,Call,23350,0,0,15.2506,0,0,0
07-Oct-2025,25121.9,Call,23400,0,0,15.2506,0,4,0
07-Oct-2025,25121.9,Put,26450,0,0,15.2506,0,10,0
07-Oct-2025,25121.9,Put,26600,0,0,15.2506,0,0,0
07-Oct-2025,25121.9,Put,26550,0,0,15.2506,0,0,0
07-Oct-2025,25121.9,Put,26150,0,0,15.2506,0,6,0
07-Oct-2025,25121.9,Put,25950,0,0,15.2506,0,9,0
07-Oct-2025,25121.9,Put,27150,0,0,15.2506,0,0,0
07-Oct-2025,25121.9,Put,26900,0,0,15.2506,0,0,0
07-Oct-2025,25121.9,Put,26950,0,0,15.2506,0,0,0
14-Oct-2025,25121.9,Put,25950,0,0,15.2506,0,10,0
14-Oct-2025,25121.9,Put,25850,0,0,15.2506,0,10,0
14-Oct-2025,25121.9,Call,23850,0,0,15.2506,0,8,0
14-Oct-2025,25121.9,Put,26700,0,0,15.2506,0,0,0
14-Oct-2025,25121.9,Put,26600,0,0,15.2506,0,0,0
14-Oct-2025,25121.9,Put,26550,0,0,15.2506,0,0,0
14-Oct-2025,25121.9,Put,26450,0,0,15.2506,0,8,0
14-Oct-2025,25121.9,Put,26400,0,0,15.2506,0,8,0
14-Oct-2025,25121.9,Put,26350,0,0,15.2506,0,8,0
14-Oct-2025,25121.9,Put,26300,0,0,15.2506,0,10,0
14-Oct-2025,25121.9,Call,23100,0,0,15.2506,0,0,0
14-Oct-2025,25121.9,Call,23600,0,0,15.2506,0,16,0
14-Oct-2025,25121.9,Call,23450,0,0,15.2506,0,1,0
14-Oct-2025,25121.9,Call,23400,0,0,15.2506,0,9,0
14-Oct-2025,25121.9,Call,23200,0,0,15.2506,0,5,0
07-Oct-2025,25121.9,Put,26800,0,0,15.2506,0,0,0
07-Oct-2025,25121.9,Put,26700,0,0,15.2506,0,0,0
07-Oct-2025,25121.9,Put,26350,0,0,15.2506,0,6,0
07-Oct-2025,25121.9,Call,23250,0,0,15.2506,0,1,0
07-Oct-2025,25121.9,Put,27100,0,0,15.2506,0,0,0
07-Oct-2025,25121.9,Put,27050,0,0,15.2506,0,2,0
07-Oct-2025,25121.9,Put,26300,0,0,15.2506,0,2,0
14-Oct-2025,25121.9,Put,25750,0,0,15.2506,0,9,0
14-Oct-2025,25121.9,Call,23150,0,0,15.2506,0,1,0
14-Oct-2025,25121.9,Put,26050,0,0,15.2506,0,9,0
14-Oct-2025,25121.9,Call,23250,0,0,15.2506,0,1,0
14-Oct-2025,25121.9,Put,27150,0,0,15.2506,0,0,0
14-Oct-2025,25121.9,Put,27050,0,0,15.2506,0,0,0
14-Oct-2025,25121.9,Put,27000,0,0,15.2506,0,0,0
14-Oct-2025,25121.9,Put,26950,0,0,15.2506,0,0,0
14-Oct-2025,25121.9,Put,26900,0,0,15.2506,0,0,0
14-Oct-2025,25121.9,Put,26850,0,0,15.2506,0,0,0
14-Oct-2025,25121.9,Put,26800,0,0,15.2506,0,0,0
14-Oct-2025,25121.9,Put,26750,0,0,15.2506,0,0,0
14-Oct-2025,25121.9,Put,26250,0,0,15.2506,0,7,0
14-Oct-2025,25121.9,Put,26150,0,0,15.2506,0,10,0
20-Oct-2025,25121.9,Put,23300,0,0,15.2506,0,140,0
20-Oct-2025,25121.9,Call,23300,0,0,15.2506,0,0,0
14-Oct-2025,25121.9,Call,22950,0,0,15.2506,0,0,0
14-Oct-2025,25121.9,Call,22900,0,0,15.2506,0,0,0
14-Oct-2025,25121.9,Call,23050,0,0,15.2506,0,0,0
14-Oct-2025,25121.9,Call,22850,0,0,15.2506,0,4,0
20-Oct-2025,25121.9,Call,24250,0,0,15.2506,0,13,0
20-Oct-2025,25121.9,Put,23450,0,0,15.2506,0,3,0
20-Oct-2025,25121.9,Call,24350,0,0,15.2506,0,7,0
20-Oct-2025,25121.9,Put,25750,0,0,15.2506,0,6,0
20-Oct-2025,25121.9,Call,24550,0,0,15.2506,0,10,0
20-Oct-2025,25121.9,Put,26050,0,0,15.2506,0,3,0
20-Oct-2025,25121.9,Put,26100,0,0,15.2506,0,3,0
20-Oct-2025,25121.9,Put,26150,0,0,15.2506,0,0,0
20-Oct-2025,25121.9,Put,23550,0,0,15.2506,0,50,0
20-Oct-2025,25121.9,Put,25850,0,0,15.2506,0,7,0
20-Oct-2025,25121.9,Put,26950,0,0,15.2506,0,0,0
20-Oct-2025,25121.9,Put,26850,0,0,15.2506,0,0,0
20-Oct-2025,25121.9,Put,26800,0,0,15.2506,0,0,0
20-Oct-2025,25121.9,Call,24450,0,0,15.2506,0,4,0
20-Oct-2025,25121.9,Put,27050,0,0,15.2506,0,0,0
20-Oct-2025,25121.9,Call,23350,0,0,15.2506,0,0,0
20-Oct-2025,25121.9,Put,26900,0,0,15.2506,0,0,0
20-Oct-2025,25121.9,Put,26750,0,0,15.2506,0,0,0
20-Oct-2025,25121.9,Call,23800,0,0,15.2506,0,7,0
20-Oct-2025,25121.9,Put,24150,0,0,15.2506,0,0,0
20-Oct-2025,25121.9,Put,27100,0,0,15.2506,0,0,0
20-Oct-2025,25121.9,Put,27150,0,0,15.2506,0,8,0
20-Oct-2025,25121.9,Put,23950,0,0,15.2506,0,0,0
20-Oct-2025,25121.9,Put,25800,0,0,15.2506,0,6,0
20-Oct-2025,25121.9,Put,26400,0,0,15.2506,0,0,0
20-Oct-2025,25121.9,Call,26750,0,0,15.2506,0,30,0
20-Oct-2025,25121.9,Call,26950,0,0,15.2506,0,33,0
20-Oct-2025,25121.9,Put,23350,0,0,15.2506,0,0,0
20-Oct-2025,25121.9,Call,27100,0,0,15.2506,0,122,0
20-Oct-2025,25121.9,Put,24350,0,0,15.2506,0,0,0
20-Oct-2025,25121.9,Put,24050,0,0,15.2506,0,0,0
20-Oct-2025,25121.9,Put,23850,0,0,15.2506,0,1,0
20-Oct-2025,25121.9,Call,26350,0,0,15.2506,0,0,0
20-Oct-2025,25121.9,Call,26150,0,0,15.2506,0,0,0
20-Oct-2025,25121.9,Call,26050,0,0,15.2506,0,0,0
20-Oct-2025,25121.9,Call,23200,0,0,15.2506,0,0,0
20-Oct-2025,25121.9,Call,23400,0,0,15.2506,0,0,0
20-Oct-2025,25121.9,Call,23650,0,0,15.2506,0,1,0
20-Oct-2025,25121.9,Call,23500,0,0,15.2506,0,0,0
20-Oct-2025,25121.9,Put,26700,0,0,15.2506,0,0,0
20-Oct-2025,25121.9,Call,23750,0,0,15.2506,0,1,0
20-Oct-2025,25121.9,Put,26300,0,0,15.2506,0,3,0
20-Oct-2025,25121.9,Put,26250,0,0,15.2506,0,0,0
20-Oct-2025,25121.9,Call,23700,0,0,15.2506,0,2,0
20-Oct-2025,25121.9,Call,23450,0,0,15.2506,0,0,0
20-Oct-2025,25121.9,Put,26650,0,0,15.2506,0,0,0
20-Oct-2025,25121.9,Put,26500,0,0,15.2506,0,0,0
20-Oct-2025,25121.9,Call,24050,0,0,15.2506,0,1,0
20-Oct-2025,25121.9,Put,26550,0,0,15.2506,0,0,0
20-Oct-2025,25121.9,Call,23250,0,0,15.2506,0,0,0
20-Oct-2025,25121.9,Call,23600,0,0,15.2506,0,0,0
20-Oct-2025,25121.9,Put,26350,0,0,15.2506,0,0,0
20-Oct-2025,25121.9,Put,26450,0,0,15.2506,0,0,0
20-Oct-2025,25121.9,Call,24100,0,0,15.2506,0,4,0
20-Oct-2025,25121.9,Call,24150,0,0,15.2506,0,2,0
20-Oct-2025,25121.9,Put,26600,0,0,15.2506,0,0,0
20-Oct-2025,25121.9,Put,26200,0,0,15.2506,0,1,0
20-Oct-2025,25121.9,Call,23150,0,0,15.2506,0,0,0
20-Oct-2025,25121.9,Call,23850,0,0,15.2506,0,1,0
20-Oct-2025,25121.9,Call,23950,0,0,15.2506,0,1,0
20-Oct-2025,25121.9,Call,23900,0,0,15.2506,0,0,0
20-Oct-2025,25121.9,Put,23150,0,0,15.2506,0,35,0
20-Oct-2025,25121.9,Call,23550,0,0,15.2506,0,0,0
28-Oct-2025,25121.9,Call,23550,0,0,15.2506,0,5,0
28-Oct-2025,25121.9,Call,23450,0,0,15.2506,0,1,0
28-Oct-2025,25121.9,Put,26750,0,0,15.2506,0,8,0
28-Oct-2025,25121.9,Put,26700,0,0,15.2506,0,101,0
28-Oct-2025,25121.9,Put,26650,0,0,15.2506,0,5,0
28-Oct-2025,25121.9,Put,26550,0,0,15.2506,0,8,0
28-Oct-2025,25121.9,Call,22950,0,0,15.2506,0,1,0
28-Oct-2025,25121.9,Call,22900,0,0,15.2506,0,1,0
28-Oct-2025,25121.9,Call,22850,0,0,15.2506,0,1,0
28-Oct-2025,25121.9,Call,22800,0,0,15.2506,0,1332,0
28-Oct-2025,25121.9,Call,24250,0,0,15.2506,0,66,0
28-Oct-2025,25121.9,Put,25950,0,0,15.2506,0,49,0
28-Oct-2025,25121.9,Call,23250,0,0,15.2506,0,0,0
28-Oct-2025,25121.9,Call,23200,0,0,15.2506,0,14,0
28-Oct-2025,25121.9,Call,23150,0,0,15.2506,0,1,0
28-Oct-2025,25121.9,Call,23100,0,0,15.2506,0,9,0
28-Oct-2025,25121.9,Call,23050,0,0,15.2506,0,1,0
20-Oct-2025,25121.9,Put,27000,0,0,15.2506,0,0,0
20-Oct-2025,25121.9,Put,25950,0,0,15.2506,0,8,0
20-Oct-2025,25121.9,Call,27050,0,0,15.2506,0,38,0
20-Oct-2025,25121.9,Call,22850,0,0,15.2506,0,0,0
20-Oct-2025,25121.9,Put,25900,0,0,15.2506,0,6,0
20-Oct-2025,25121.9,Call,23100,0,0,15.2506,0,0,0
20-Oct-2025,25121.9,Call,23050,0,0,15.2506,0,0,0
20-Oct-2025,25121.9,Call,23000,0,0,15.2506,0,0,0
20-Oct-2025,25121.9,Call,22950,0,0,15.2506,0,0,0
20-Oct-2025,25121.9,Call,22900,0,0,15.2506,0,0,0
20-Oct-2025,25121.9,Put,23750,0,0,15.2506,0,0,0
28-Oct-2025,25121.9,Call,23600,0,0,15.2506,0,88,0
28-Oct-2025,25121.9,Call,24050,0,0,15.2506,0,25,0
28-Oct-2025,25121.9,Call,23850,0,0,15.2506,0,6,0
28-Oct-2025,25121.9,Call,23900,0,0,15.2506,0,56,0
28-Oct-2025,25121.9,Call,23650,0,0,15.2506,0,8,0
28-Oct-2025,25121.9,Call,23750,0,0,15.2506,0,7,0
28-Oct-2025,25121.9,Call,23950,0,0,15.2506,0,26,0
28-Oct-2025,25121.9,Call,24150,0,0,15.2506,0,22,0
28-Oct-2025,25121.9,Put,26250,0,0,15.2506,0,52,0
28-Oct-2025,25121.9,Call,23400,0,0,15.2506,0,63,0
28-Oct-2025,25121.9,Call,23350,0,0,15.2506,0,5,0
28-Oct-2025,25121.9,Put,27050,0,0,15.2506,0,0,0
28-Oct-2025,25121.9,Put,27100,0,0,15.2506,0,35,0
28-Oct-2025,25121.9,Put,26950,0,0,15.2506,0,19,0
28-Oct-2025,25121.9,Put,26900,0,0,15.2506,0,34,0
28-Oct-2025,25121.9,Call,22750,0,0,15.2506,0,0,0
28-Oct-2025,25121.9,Call,22650,0,0,15.2506,0,0,0
28-Oct-2025,25121.9,Call,22600,0,0,15.2506,0,141,0
28-Oct-2025,25121.9,Put,26150,0,0,15.2506,0,26,0
28-Oct-2025,25121.9,Put,26050,0,0,15.2506,0,20,0
28-Oct-2025,25121.9,Call,24350,0,0,15.2506,0,115,0
28-Oct-2025,25121.9,Put,26450,0,0,15.2506,0,18,0
04-Nov-2025,25121.9,Put,22900,0,0,15.2506,0,2,0
04-Nov-2025,25121.9,Call,26450,0,0,15.2506,0,0,0
04-Nov-2025,25121.9,Call,26000,0,0,15.2506,0,0,0
04-Nov-2025,25121.9,Put,25600,0,0,15.2506,0,6,0
04-Nov-2025,25121.9,Put,25550,0,0,15.2506,0,0,0
04-Nov-2025,25121.9,Call,24150,0,0,15.2506,0,0,0
04-Nov-2025,25121.9,Call,26700,0,0,15.2506,0,0,0
04-Nov-2025,25121.9,Call,26650,0,0,15.2506,0,0,0
04-Nov-2025,25121.9,Call,25850,0,0,15.2506,0,0,0
04-Nov-2025,25121.9,Call,26400,0,0,15.2506,0,0,0
04-Nov-2025,25121.9,Put,23750,0,0,15.2506,0,0,0
04-Nov-2025,25121.9,Call,24250,0,0,15.2506,0,0,0
04-Nov-2025,25121.9,Call,26200,0,0,15.2506,0,0,0
04-Nov-2025,25121.9,Call,24000,0,0,15.2506,0,1,0
04-Nov-2025,25121.9,Put,23050,0,0,15.2506,0,0,0
04-Nov-2025,25121.9,Call,25750,0,0,15.2506,0,0,0
04-Nov-2025,25121.9,Call,25650,0,0,15.2506,0,0,0
04-Nov-2025,25121.9,Put,24450,0,0,15.2506,0,0,0
04-Nov-2025,25121.9,Put,24350,0,0,15.2506,0,0,0
04-Nov-2025,25121.9,Put,23700,0,0,15.2506,0,12,0
04-Nov-2025,25121.9,Put,23450,0,0,15.2506,0,1,0
04-Nov-2025,25121.9,Put,24300,0,0,15.2506,0,0,0
04-Nov-2025,25121.9,Put,24250,0,0,15.2506,0,0,0
04-Nov-2025,25121.9,Put,24200,0,0,15.2506,0,0,0
04-Nov-2025,25121.9,Call,26300,0,0,15.2506,0,0,0
04-Nov-2025,25121.9,Put,23400,0,0,15.2506,0,5,0
04-Nov-2025,25121.9,Put,23150,0,0,15.2506,0,1,0
04-Nov-2025,25121.9,Call,26150,0,0,15.2506,0,0,0
04-Nov-2025,25121.9,Call,25550,0,0,15.2506,0,0,0
04-Nov-2025,25121.9,Call,25400,0,0,15.2506,0,0,0
04-Nov-2025,25121.9,Put,24550,0,0,15.2506,0,0,0
04-Nov-2025,25121.9,Put,24100,0,0,15.2506,0,0,0
04-Nov-2025,25121.9,Put,23850,0,0,15.2506,0,0,0
04-Nov-2025,25121.9,Put,24150,0,0,15.2506,0,0,0
04-Nov-2025,25121.9,Put,25450,0,0,15.2506,0,0,0
04-Nov-2025,25121.9,Put,25400,0,0,15.2506,0,32,0
04-Nov-2025,25121.9,Put,25350,0,0,15.2506,0,0,0
04-Nov-2025,25121.9,Call,26350,0,0,15.2506,0,0,0
04-Nov-2025,25121.9,Call,26050,0,0,15.2506,0,0,0
04-Nov-2025,25121.9,Put,25150,0,0,15.2506,0,0,0
28-Oct-2025,25121.9,Put,26850,0,0,15.2506,0,11,0
28-Oct-2025,25121.9,Put,26400,0,0,15.2506,0,171,0
28-Oct-2025,25121.9,Put,26350,0,0,15.2506,0,15,0
28-Oct-2025,25121.9,Call,26350,0,0,15.2506,0,0,0
28-Oct-2025,25121.9,Call,26150,0,0,15.2506,0,0,0
28-Oct-2025,25121.9,Call,26050,0,0,15.2506,0,0,0
04-Nov-2025,25121.9,Call,24300,0,0,15.2506,0,0,0
04-Nov-2025,25121.9,Call,24100,0,0,15.2506,0,0,0
04-Nov-2025,25121.9,Put,22950,0,0,15.2506,0,0,0
04-Nov-2025,25121.9,Call,26600,0,0,15.2506,0,0,0
04-Nov-2025,25121.9,Call,24450,0,0,15.2506,0,0,0
04-Nov-2025,25121.9,Call,24350,0,0,15.2506,0,0,0
04-Nov-2025,25121.9,Call,24400,0,0,15.2506,0,0,0
04-Nov-2025,25121.9,Put,23100,0,0,15.2506,0,10,0
04-Nov-2025,25121.9,Call,24200,0,0,15.2506,0,0,0
04-Nov-2025,25121.9,Put,24650,0,0,15.2506,0,1,0
04-Nov-2025,25121.9,Put,23550,0,0,15.2506,0,0,0
04-Nov-2025,25121.9,Call,25800,0,0,15.2506,0,0,0
25-Nov-2025,25121.9,Call,23800,0,0,15.2506,0,4,0
25-Nov-2025,25121.9,Put,23750,0,0,15.2506,0,0,0
25-Nov-2025,25121.9,Call,23750,0,0,15.2506,0,1,0
25-Nov-2025,25121.9,Call,23700,0,0,15.2506,0,3,0
25-Nov-2025,25121.9,Put,23450,0,0,15.2506,0,45,0
25-Nov-2025,25121.9,Put,23350,0,0,15.2506,0,0,0
25-Nov-2025,25121.9,Put,23850,0,0,15.2506,0,3,0
25-Nov-2025,25121.9,Call,23950,0,0,15.2506,0,1,0
25-Nov-2025,25121.9,Call,24100,0,0,15.2506,0,5,0
25-Nov-2025,25121.9,Call,24150,0,0,15.2506,0,3,0
25-Nov-2025,25121.9,Call,24250,0,0,15.2506,0,2,0
25-Nov-2025,25121.9,Put,24250,0,0,15.2506,0,55,0
25-Nov-2025,25121.9,Call,24350,0,0,15.2506,0,4,0
25-Nov-2025,25121.9,Call,26250,0,0,15.2506,0,0,0
25-Nov-2025,25121.9,Call,22700,0,0,15.2506,0,0,0
25-Nov-2025,25121.9,Put,22750,0,0,15.2506,0,64,0
25-Nov-2025,25121.9,Put,23100,0,0,15.2506,0,157,0
25-Nov-2025,25121.9,Call,24850,0,0,15.2506,0,23,0
25-Nov-2025,25121.9,Put,26250,0,0,15.2506,0,2,0
25-Nov-2025,25121.9,Put,27150,0,0,15.2506,0,0,0
25-Nov-2025,25121.9,Call,26900,0,0,15.2506,0,0,0
25-Nov-2025,25121.9,Put,26900,0,0,15.2506,0,0,0
25-Nov-2025,25121.9,Call,26950,0,0,15.2506,0,0,0
25-Nov-2025,25121.9,Put,26950,0,0,15.2506,0,0,0
25-Nov-2025,25121.9,Call,27050,0,0,15.2506,0,0,0
25-Nov-2025,25121.9,Call,27100,0,0,15.2506,0,0,0
25-Nov-2025,25121.9,Put,27100,0,0,15.2506,0,0,0
25-Nov-2025,25121.9,Put,27050,0,0,15.2506,0,0,0
25-Nov-2025,25121.9,Put,26450,0,0,15.2506,0,10,0
25-Nov-2025,25121.9,Put,26800,0,0,15.2506,0,0,0
25-Nov-2025,25121.9,Call,26850,0,0,15.2506,0,0,0
25-Nov-2025,25121.9,Put,26850,0,0,15.2506,0,0,0
25-Nov-2025,25121.9,Call,26050,0,0,15.2506,0,0,0
25-Nov-2025,25121.9,Put,22950,0,0,15.2506,0,5,0
25-Nov-2025,25121.9,Put,23050,0,0,15.2506,0,2,0
25-Nov-2025,25121.9,Put,23150,0,0,15.2506,0,10,0
25-Nov-2025,25121.9,Put,23250,0,0,15.2506,0,15,0
25-Nov-2025,25121.9,Call,26650,0,0,15.2506,0,0,0
25-Nov-2025,25121.9,Call,26450,0,0,15.2506,0,0,0
30-Dec-2025,25121.9,Put,23150,0,0,15.2506,0,99,0
30-Dec-2025,25121.9,Put,23600,0,0,15.2506,0,1,0
30-Dec-2025,25121.9,Call,23950,0,0,15.2506,0,0,0
30-Dec-2025,25121.9,Put,24050,0,0,15.2506,0,0,0
30-Dec-2025,25121.9,Put,24150,0,0,15.2506,0,0,0
30-Dec-2025,25121.9,Put,24250,0,0,15.2506,0,0,0
30-Dec-2025,25121.9,Call,25950,0,0,15.2506,0,0,0
30-Dec-2025,25121.9,Call,26250,0,0,15.2506,0,0,0
30-Dec-2025,25121.9,Put,26250,0,0,15.2506,0,0,0
30-Dec-2025,25121.9,Call,26300,0,0,15.2506,0,0,0
30-Dec-2025,25121.9,Put,26300,0,0,15.2506,0,0,0
30-Dec-2025,25121.9,Call,25450,0,0,15.2506,0,5,0
30-Dec-2025,25121.9,Put,25650,0,0,15.2506,0,8,0
30-Dec-2025,25121.9,Put,25750,0,0,15.2506,0,0,0
30-Dec-2025,25121.9,Put,25900,0,0,15.2506,0,1,0
30-Dec-2025,25121.9,Put,24450,0,0,15.2506,0,54,0
30-Dec-2025,25121.9,Put,23950,0,0,15.2506,0,0,0
30-Dec-2025,25121.9,Put,26400,0,0,15.2506,0,0,0
30-Dec-2025,25121.9,Call,26550,0,0,15.2506,0,0,0
30-Dec-2025,25121.9,Call,26800,0,0,0,0,0,0
30-Dec-2025,25121.9,Call,26750,0,0,0,0,0,0
30-Dec-2025,25121.9,Put,25950,0,0,15.2506,0,0,0
30-Dec-2025,25121.9,Put,23850,0,0,15.2506,0,0,0
30-Dec-2025,25121.9,Call,17000,0,0,15.2506,0,1436.33333333,0
30-Dec-2025,25121.9,Put,26650,0,0,15.2506,0,0,0
30-Dec-2025,25121.9,Put,26450,0,0,15.2506,0,0,0
30-Dec-2025,25121.9,Call,25900,0,0,15.2506,0,0,0
30-Dec-2025,25121.9,Put,31000,0,0,15.2506,0,0,0
30-Dec-2025,25121.9,Call,25050,0,0,15.2506,0,7,0
30-Dec-2025,25121.9,Put,26050,0,0,15.2506,0,2,0
30-Dec-2025,25121.9,Put,24350,0,0,15.2506,0,79,0
30-Dec-2025,25121.9,Put,25850,0,0,15.2506,0,0,0
30-Dec-2025,25121.9,Call,24600,0,0,15.2506,0,2,0
30-Dec-2025,25121.9,Call,24550,0,0,15.2506,0,3,0
30-Dec-2025,25121.9,Put,23650,0,0,15.2506,0,0,0
30-Dec-2025,25121.9,Call,18000,0,0,15.2506,0,855.333333333,0
30-Dec-2025,25121.9,Call,23700,0,0,15.2506,0,0,0
30-Dec-2025,25121.9,Call,26350,0,0,15.2506,0,0,0
30-Dec-2025,25121.9,Put,26350,0,0,15.2506,0,0,0
30-Dec-2025,25121.9,Call,24950,0,0,15.2506,0,46,0
30-Dec-2025,25121.9,Put,26100,0,0,15.2506,0,4,0
30-Dec-2025,25121.9,Call,19000,0,0,15.2506,0,144.666666667,0
30-Dec-2025,25121.9,Call,24750,0,0,15.2506,0,7,0
30-Dec-2025,25121.9,Call,24850,0,0,15.2506,0,16,0
30-Dec-2025,25121.9,Call,24450,0,0,15.2506,0,1,0
30-Dec-2025,25121.9,Put,16000,0,0,15.2506,0,225.333333333,0
30-Dec-2025,25121.9,Put,26150,0,0,15.2506,0,1,0
30-Dec-2025,25121.9,Call,24900,0,0,15.2506,0,112,0
30-Dec-2025,25121.9,Call,23750,0,0,15.2506,0,0,0
29-Dec-2026,25121.9,Put,13000,0,0,15.2506,0,33,0
30-Dec-2025,25121.9,Put,26750,0,0,0,0,0,0
30-Dec-2025,25121.9,Call,26700,0,0,0,0,0,0
30-Dec-2025,25121.9,Put,22950,0,0,15.2506,0,45,0
30-Dec-2025,25121.9,Call,19500,0,0,15.2506,0,15.3333333333,0
30-Dec-2025,25121.9,Call,16000,0,0,15.2506,0,4.66666666667,0
30-Dec-2025,25121.9,Put,26700,0,0,0,0,0,0
30-Dec-2025,25121.9,Call,26600,0,0,15.2506,0,0,0
30-Dec-2025,25121.9,Put,23750,0,0,15.2506,0,1,0
30-Dec-2025,25121.9,Put,26850,0,0,0,0,0,0
29-Jun-2027,25121.9,Put,22000,0,0,15.2506,0,0,0
29-Dec-2026,25121.9,Put,12000,0,0,15.2506,0,7.66666666667,0
29-Dec-2026,25121.9,Call,22000,0,0,15.2506,0,20,0
29-Dec-2026,25121.9,Put,19000,0,0,15.2506,0,23,0
29-Dec-2026,25121.9,Put,18000,0,0,15.2506,0,79.3333333333,0
29-Dec-2026,25121.9,Put,17000,0,0,15.2506,0,38,0
29-Dec-2026,25121.9,Put,16000,0,0,15.2506,0,32.3333333333,0
29-Dec-2026,25121.9,Put,15000,0,0,15.2506,0,19.6666666667,0
29-Dec-2026,25121.9,Put,14000,0,0,15.2506,0,29.6666666667,0
29-Dec-2026,25121.9,Call,21000,0,0,15.2506,0,0,0
29-Dec-2026,25121.9,Call,20000,0,0,15.2506,0,0,0
29-Jun-2027,25121.9,Call,29000,0,0,15.2506,0,0,0
29-Jun-2027,25121.9,Call,31000,0,0,15.2506,0,0,0
29-Jun-2027,25121.9,Put,27000,0,0,15.2506,0,0,0
29-Jun-2027,25121.9,Put,26000,0,0,15.2506,0,0,0
29-Jun-2027,25121.9,Put,25000,0,0,15.2506,0,0,0
29-Jun-2027,25121.9,Call,19000,0,0,15.2506,0,1,0
29-Jun-2027,25121.9,Put,23000,0,0,15.2506,0,0,0
29-Jun-2027,25121.9,Put,24000,0,0,15.2506,0,0,0
29-Jun-2027,25121.9,Put,18000,0,0,15.2506,0,1.33333333333,0
29-Jun-2027,25121.9,Put,21000,0,0,15.2506,0,11.6666666667,0
29-Jun-2027,25121.9,Put,19000,0,0,15.2506,0,8,0
29-Jun-2027,25121.9,Put,20000,0,0,15.2506,0,0,0
28-Dec-2027,25121.9,Call,25000,0,0,15.2506,0,3,0
28-Dec-2027,25121.9,Put,29000,0,0,15.2506,0,0,0
28-Dec-2027,25121.9,Put,27000,0,0,15.2506,0,4,0
28-Dec-2027,25121.9,Call,28000,0,0,15.2506,0,0,0
28-Dec-2027,25121.9,Call,29000,0,0,15.2506,0,0,0
28-Dec-2027,25121.9,Put,25000,0,0,15.2506,0,27,0
28-Dec-2027,25121.9,Put,24000,0,0,15.2506,0,50,0
28-Dec-2027,25121.9,Put,23000,0,0,15.2506,0,49,0
28-Dec-2027,25121.9,Put,21000,0,0,15.2506,0,13.6666666667,0
28-Dec-2027,25121.9,Put,20000,0,0,15.2506,0,52.6666666667,0
28-Dec-2027,25121.9,Put,19000,0,0,15.2506,0,9,0
28-Dec-2027,25121.9,Put,17000,0,0,15.2506,0,189.333333333,0
28-Dec-2027,25121.9,Put,15000,0,0,15.2506,0,8.33333333333,0
28-Dec-2027,25121.9,Put,22000,0,0,15.2506,0,23.3333333333,0
28-Dec-2027,25121.9,Call,22000,0,0,15.2506,0,0,0
28-Dec-2027,25121.9,Call,30000,0,0,15.2506,0,0,0
28-Dec-2027,25121.9,Call,31000,0,0,15.2506,0,0,0
27-Jun-2028,25121.9,Put,22000,0,0,15.2506,0,4.33333333333,0
27-Jun-2028,25121.9,Put,28000,0,0,15.2506,0,0,0
27-Jun-2028,25121.9,Put,27000,0,0,15.2506,0,0,0
27-Jun-2028,25121.9,Call,30000,0,0,15.2506,0,0,0
27-Jun-2028,25121.9,Put,20000,0,0,15.2506,0,0,0
27-Jun-2028,25121.9,Put,21000,0,0,15.2506,0,0,0
26-Dec-2028,25121.9,Put,19000,0,0,15.2506,0,0,0
26-Dec-2028,25121.9,Call,24000,0,0,0,0,0,0
27-Jun-2028,25121.9,Put,19000,0,0,15.2506,0,0,0
28-Dec-2027,25121.9,Put,26000,0,0,15.2506,0,10,0
27-Jun-2028,25121.9,Put,26000,0,0,15.2506,0,0,0
28-Dec-2027,25121.9,Put,28000,0,0,15.2506,0,0,0
26-Dec-2028,25121.9,Put,25000,0,0,15.2506,0,59.3333333333,0
26-Dec-2028,25121.9,Call,31000,0,0,15.2506,0,0,0
26-Dec-2028,25121.9,Put,30000,0,0,15.2506,0,0,0
27-Jun-2028,25121.9,Put,25000,0,0,15.2506,0,0,0
27-Jun-2028,25121.9,Put,24000,0,0,15.2506,0,0,0
26-Jun-2029,25121.9,Put,23000,0,0,15.2506,0,0,0
26-Dec-2028,25121.9,Put,18000,0,0,15.2506,0,1,0
26-Jun-2029,25121.9,Put,19000,0,0,15.2506,0,0,0
26-Dec-2028,25121.9,Put,28000,0,0,15.2506,0,0,0
27-Jun-2028,25121.9,Put,29000,0,0,15.2506,0,0,0
27-Jun-2028,25121.9,Call,31000,0,0,15.2506,0,0,0
26-Jun-2029,25121.9,Put,24000,0,0,15.2506,0,0.333333333333,0
26-Jun-2029,25121.9,Put,26000,0,0,15.2506,0,0.666666666667,0
26-Dec-2028,25121.9,Put,26000,0,0,15.2506,0,2,0
28-Dec-2027,25121.9,Call,24000,0,0,15.2506,0,0,0
26-Jun-2029,25121.9,Put,20000,0,0,15.2506,0,0,0
26-Dec-2028,25121.9,Put,21000,0,0,15.2506,0,16.6666666667,0
25-Jun-2030,25121.9,Put,23000,0,0,15.2506,0,0,0
26-Jun-2029,25121.9,Put,22000,0,0,15.2506,0,0,0
26-Dec-2028,25121.9,Put,24000,0,0,15.2506,0,24,0
25-Jun-2030,25121.9,Put,31000,0,0,15.2506,0,0,0
26-Jun-2029,25121.9,Put,31000,0,0,15.2506,0,0,0
25-Jun-2030,25121.9,Put,24000,0,0,15.2506,0,0,0
26-Jun-2029,25121.9,Put,29000,0,0,15.2506,0,0,0
24-Dec-2029,25121.9,Put,23000,0,0,15.2506,0,34,0
26-Jun-2029,25121.9,Put,27000,0,0,15.2506,0,0,0
24-Dec-2029,25121.9,Put,30000,0,0,15.2506,0,0,0
26-Dec-2028,25121.9,Put,20000,0,0,15.2506,0,14.6666666667,0
26-Dec-2028,25121.9,Put,22000,0,0,15.2506,0,5,0
25-Jun-2030,25121.9,Put,20000,0,0,15.2506,0,0,0
26-Dec-2028,25121.9,Put,29000,0,0,15.2506,0,0,0
28-Dec-2027,25121.9,Put,18000,0,0,15.2506,0,154,0
24-Dec-2029,25121.9,Put,28000,0,0,15.2506,0,0,0
26-Jun-2029,25121.9,Put,28000,0,0,15.2506,0,0,0
25-Jun-2030,25121.9,Put,22000,0,0,15.2506,0,0,0
24-Dec-2029,25121.9,Put,22000,0,0,15.2506,0,0,0
25-Jun-2030,25121.9,Put,29000,0,0,15.2506,0,0,0
24-Dec-2029,25121.9,Put,31000,0,0,15.2506,0,0,0
25-Jun-2030,25121.9,Put,21000,0,0,15.2506,0,0,0
24-Dec-2029,25121.9,Put,27000,0,0,15.2506,0,0,0
26-Jun-2029,25121.9,Put,21000,0,0,15.2506,0,0,0
24-Dec-2029,25121.9,Put,19000,0,0,15.2506,0,0,0
26-Jun-2029,25121.9,Put,25000,0,0,15.2506,0,0,0
27-Jun-2028,25121.9,Put,23000,0,0,15.2506,0,0,0
26-Dec-2028,25121.9,Put,27000,0,0,15.2506,0,0,0
24-Dec-2029,25121.9,Put,24000,0,0,15.2506,0,0,0
25-Jun-2030,25121.9,Put,27000,0,0,15.2506,0,0,0
25-Jun-2030,25121.9,Put,25000,0,0,15.2506,0,0,0
26-Jun-2029,25121.9,Put,30000,0,0,15.2506,0,0,0
24-Dec-2029,25121.9,Put,25000,0,0,15.2506,0,3,0
24-Dec-2029,25121.9,Put,20000,0,0,15.2506,0,0,0
25-Jun-2030,25121.9,Put,19000,0,0,15.2506,0,0,0
24-Dec-2029,25121.9,Put,21000,0,0,15.2506,0,0,0
25-Jun-2030,25121.9,Put,30000,0,0,15.2506,0,0,0
25-Jun-2030,25121.9,Put,28000,0,0,15.2506,0,0,0
24-Dec-2029,25121.9,Put,26000,0,0,15.2506,0,2,0
25-Jun-2030,25121.9,Put,26000,0,0,15.2506,0,0,0
24-Dec-2029,25121.9,Put,29000,0,0,15.2506,0,0,0
26-Dec-2028,25121.9,Call,30000,0,0,15.2506,0,106,0
