28-Oct-2025,131.85,-,0,132.34,0,45.5475,423,34766,2261
28-Oct-2025,131.85,Call,135,3.1,32.91,45.5475,96,1417,1702
28-Oct-2025,131.85,Call,140,1.7,34.47,45.5475,112,2328,1057
28-Oct-2025,131.85,Call,132.5,4.1,32.46,45.5475,-22,226,507
28-Oct-2025,131.85,Call,136,2.7,33.15,45.5475,47,244,488
28-Oct-2025,131.85,Call,134,3.5,32.39,45.5475,22,132,420
28-Oct-2025,131.85,Put,130,3.1,34.12,45.5475,2,546,412
25-Nov-2025,131.85,-,0,132.88,0,45.5475,128,1098,343
28-Oct-2025,131.85,Put,135,5.7,35.11,45.5475,-34,607,324
28-Oct-2025,131.85,Call,130,5.4,32.5,45.5475,-3,589,276
28-Oct-2025,131.85,Call,132,4.35,31.66,45.5475,30,68,268
28-Oct-2025,131.85,Call,133,3.85,32.38,45.5475,13,90,265
28-Oct-2025,131.85,Call,150,0.5,37.44,45.5475,-40,886,229
28-Oct-2025,131.85,Put,132.5,4.25,33.33,45.5475,3,171,221
28-Oct-2025,131.85,Put,132,3.95,34.11,45.5475,-9,126,215
28-Oct-2025,131.85,Put,125,1.4,33.92,45.5475,85,555,214
28-Oct-2025,131.85,Call,145,0.9,34.77,45.5475,-5,1009,201
28-Oct-2025,131.85,Put,133,4.65,35.65,45.5475,9,103,183
28-Oct-2025,131.85,Call,137,2.4,33.52,45.5475,0,216,170
28-Oct-2025,131.85,Put,120,0.7,35.15,45.5475,9,282,131
28-Oct-2025,131.85,Call,137.5,2.3,33.19,45.5475,-3,353,111
28-Oct-2025,131.85,Put,134,5.15,35.32,45.5475,11,114,106
28-Oct-2025,131.85,Call,142.5,1.25,34.81,45.5475,10,349,68
28-Oct-2025,131.85,Call,138,2.2,33.64,45.5475,6,199,66
28-Oct-2025,131.85,Call,125,9.2,35.33,45.5475,25,99,60
28-Oct-2025,131.85,Call,147.5,0.65,36.13,45.5475,11,119,57
28-Oct-2025,131.85,Call,155,0.3,39.88,45.5475,-8,261,47
28-Oct-2025,131.85,Put,131,3.55,34.67,45.5475,7,65,44
28-Oct-2025,131.85,Put,128,2.3,33.28,45.5475,-6,30,42
28-Oct-2025,131.85,Call,131,5.25,34.66,45.5475,3,41,40
28-Oct-2025,131.85,Put,136,6.5,36.66,45.5475,5,120,38
28-Oct-2025,131.85,Put,137.5,7.5,36.92,45.5475,-10,252,35
28-Oct-2025,131.85,Put,129,2.7,34.51,45.5475,4,42,32
28-Oct-2025,131.85,Put,115,0.3,38.63,45.5475,11,80,28
28-Oct-2025,131.85,Put,140,9.35,37.77,45.5475,11,338,27
28-Oct-2025,131.85,Put,137,6.65,32.56,45.5475,2,64,26
28-Oct-2025,131.85,Put,142.5,11.2,37.15,45.5475,8,47,25
28-Oct-2025,131.85,Call,139,2,34.4,45.5475,-8,52,23
28-Oct-2025,131.85,Put,141,10.1,37.81,45.5475,-5,11,21
28-Oct-2025,131.85,Call,120,13.55,40,45.5475,-1,54,21
28-Oct-2025,131.85,Put,127.5,2.1,32.95,45.5475,4,164,20
28-Oct-2025,131.85,Put,138,7.6,34.88,45.5475,-1,50,17
28-Oct-2025,131.85,Put,142,10.4,32.86,45.5475,3,19,17
25-Nov-2025,131.85,Put,125,2.95,34.38,45.5475,0,104,17
28-Oct-2025,131.85,Call,142,1.35,34.87,45.5475,2,66,16
28-Oct-2025,131.85,Call,127.5,7,31.27,45.5475,1,93,16
25-Nov-2025,131.85,Call,150,1.9,35.63,45.5475,6,51,16
28-Oct-2025,131.85,Put,139,8.05,32.54,45.5475,0,43,15
28-Oct-2025,131.85,Call,127,7.35,31.3,45.5475,6,9,15
28-Oct-2025,131.85,Call,141,1.6,35.28,45.5475,4,52,15
28-Oct-2025,131.85,Put,145,13.5,40.1,45.5475,1,114,15
28-Oct-2025,131.85,Call,129,6.2,32.89,45.5475,1,26,14
25-Nov-2025,131.85,Put,135,7.1,33.34,45.5475,11,22,12
28-Oct-2025,131.85,Put,127,1.95,34.41,45.5475,-1,28,11
28-Oct-2025,131.85,Call,123,10.4,30.86,45.5475,4,5,10
25-Nov-2025,131.85,Put,120,1.8,35.18,45.5475,4,51,10
28-Oct-2025,131.85,Call,128,7.1,35.2,45.5475,0,24,9
28-Oct-2025,131.85,Put,117.5,0.45,37.44,45.5475,2,57,9
28-Oct-2025,131.85,Put,150,15.75,0,45.5475,-1,70,9
28-Oct-2025,131.85,Put,146,13.4,24.75,45.5475,1,20,7
28-Oct-2025,131.85,Put,122,0.9,33.88,45.5475,0,44,7
28-Oct-2025,131.85,Put,122.5,0.95,34.78,45.5475,-1,65,7
25-Nov-2025,131.85,Call,135,5.7,32.56,45.5475,5,7,7
28-Oct-2025,131.85,Call,152.5,0.4,38.99,45.5475,0,31,6
28-Oct-2025,131.85,Put,123,1.05,34.87,45.5475,5,21,6
28-Oct-2025,131.85,Call,143,1.15,34.7,45.5475,-1,30,5
25-Nov-2025,131.85,Call,140,4,33.66,45.5475,-1,55,5
28-Oct-2025,131.85,Put,126,1.75,34.84,45.5475,0,20,4
30-Dec-2025,131.85,-,0,134,0,45.5475,2,81,3
28-Oct-2025,131.85,Call,144,1,37.8,45.5475,-1,36,3
28-Oct-2025,131.85,Call,146,0.85,36.53,45.5475,-1,42,3
28-Oct-2025,131.85,Call,152,0.4,38.3,45.5475,0,11,3
28-Oct-2025,131.85,Put,124,1.25,34.81,45.5475,1,28,3
28-Oct-2025,131.85,Put,144,10.85,0,45.5475,0,10,3
28-Oct-2025,131.85,Put,110,0.15,42.15,45.5475,0,50,2
28-Oct-2025,131.85,Call,114,18.45,0,45.5475,0,4,1
28-Oct-2025,131.85,Call,148,0.6,0,45.5475,0,19,1
25-Nov-2025,131.85,Call,152,1.8,37.29,45.5475,0,4,1
25-Nov-2025,131.85,Put,130,3.95,29.46,45.5475,0,26,1
28-Oct-2025,131.85,Call,124,0,0,45.5475,0,3,0
28-Oct-2025,131.85,Put,148,0,0,45.5475,0,0,0
28-Oct-2025,131.85,Call,122,0,0,45.5475,0,0,0
28-Oct-2025,131.85,Call,118,0,0,45.5475,0,0,0
28-Oct-2025,131.85,Call,116,0,0,45.5475,0,0,0
28-Oct-2025,131.85,Call,126,0,0,45.5475,0,1,0
28-Oct-2025,131.85,Put,147,0,0,45.5475,0,0,0
28-Oct-2025,131.85,Call,110,0,0,45.5475,0,6,0
28-Oct-2025,131.85,Call,147,0,0,45.5475,0,69,0
28-Oct-2025,131.85,Put,114,0,0,45.5475,0,0,0
28-Oct-2025,131.85,Put,154,0,0,45.5475,0,0,0
28-Oct-2025,131.85,Put,152.5,0,0,45.5475,0,17,0
28-Oct-2025,131.85,Put,147.5,0,0,45.5475,0,20,0
28-Oct-2025,131.85,Call,154,0,0,45.5475,0,11,0
28-Oct-2025,131.85,Put,116,0,0,45.5475,0,0,0
28-Oct-2025,131.85,Put,118,0,0,45.5475,0,0,0
28-Oct-2025,131.85,Put,112.5,0,0,45.5475,0,1,0
28-Oct-2025,131.85,Call,112,0,0,0,0,0,0
28-Oct-2025,131.85,Put,112,0,0,0,0,0,0
28-Oct-2025,131.85,Call,121,0,0,0,0,0,0
28-Oct-2025,131.85,Put,121,0,0,0,0,0,0
28-Oct-2025,131.85,Put,100,0,0,45.5475,0,14,0
28-Oct-2025,131.85,Put,155,0,0,45.5475,0,20,0
28-Oct-2025,131.85,Call,122.5,0,0,45.5475,0,20,0
28-Oct-2025,131.85,Put,152,0,0,45.5475,0,0,0
25-Nov-2025,131.85,Call,121,0,0,0,0,0,0
25-Nov-2025,131.85,Put,121,0,0,0,0,0,0
25-Nov-2025,131.85,Call,145,0,0,45.5475,0,9,0
25-Nov-2025,131.85,Call,130,0,0,45.5475,0,3,0
25-Nov-2025,131.85,Put,145,0,0,45.5475,0,0,0
25-Nov-2025,131.85,Call,120,0,0,45.5475,0,0,0
25-Nov-2025,131.85,Call,125,0,0,45.5475,0,0,0
25-Nov-2025,131.85,Call,112,0,0,0,0,0,0
25-Nov-2025,131.85,Call,114,0,0,45.5475,0,0,0
25-Nov-2025,131.85,Call,116,0,0,45.5475,0,0,0
25-Nov-2025,131.85,Put,152,0,0,45.5475,0,0,0
25-Nov-2025,131.85,Put,154,0,0,45.5475,0,0,0
25-Nov-2025,131.85,Put,150,0,0,45.5475,0,0,0
25-Nov-2025,131.85,Put,140,0,0,45.5475,0,0,0
25-Nov-2025,131.85,Call,146,0,0,45.5475,0,1,0
25-Nov-2025,131.85,Call,148,0,0,45.5475,0,0,0
25-Nov-2025,131.85,Put,146,0,0,45.5475,0,0,0
25-Nov-2025,131.85,Call,122,0,0,45.5475,0,0,0
25-Nov-2025,131.85,Call,136,0,0,45.5475,0,0,0
25-Nov-2025,131.85,Put,122,0,0,45.5475,0,0,0
25-Nov-2025,131.85,Call,147,0,0,45.5475,0,0,0
25-Nov-2025,131.85,Call,138,0,0,45.5475,0,0,0
25-Nov-2025,131.85,Put,136,0,0,45.5475,0,0,0
25-Nov-2025,131.85,Call,142,0,0,45.5475,0,0,0
30-Dec-2025,131.85,Put,126,0,0,45.5475,0,0,0
25-Nov-2025,131.85,Put,123,0,0,45.5475,0,0,0
25-Nov-2025,131.85,Call,133,0,0,45.5475,0,0,0
25-Nov-2025,131.85,Call,144,0,0,45.5475,0,0,0
25-Nov-2025,131.85,Call,139,0,0,45.5475,0,0,0
25-Nov-2025,131.85,Put,132,0,0,45.5475,0,0,0
25-Nov-2025,131.85,Put,124,0,0,45.5475,0,0,0
25-Nov-2025,131.85,Put,137,0,0,45.5475,0,0,0
30-Dec-2025,131.85,Put,136,0,0,45.5475,0,0,0
25-Nov-2025,131.85,Put,139,0,0,45.5475,0,0,0
25-Nov-2025,131.85,Call,123,0,0,45.5475,0,0,0
25-Nov-2025,131.85,Put,143,0,0,45.5475,0,0,0
25-Nov-2025,131.85,Call,141,0,0,45.5475,0,0,0
25-Nov-2025,131.85,Call,131,0,0,45.5475,0,0,0
30-Dec-2025,131.85,Call,142,0,0,45.5475,0,0,0
25-Nov-2025,131.85,Put,144,0,0,45.5475,0,0,0
25-Nov-2025,131.85,Put,141,0,0,45.5475,0,0,0
25-Nov-2025,131.85,Call,118,0,0,45.5475,0,0,0
30-Dec-2025,131.85,Put,120,0,0,45.5475,0,0,0
25-Nov-2025,131.85,Call,129,0,0,45.5475,0,0,0
25-Nov-2025,131.85,Put,133,0,0,45.5475,0,0,0
30-Dec-2025,131.85,Call,146,0,0,45.5475,0,0,0
25-Nov-2025,131.85,Put,148,0,0,45.5475,0,0,0
25-Nov-2025,131.85,Call,128,0,0,45.5475,0,0,0
25-Nov-2025,131.85,Put,129,0,0,45.5475,0,0,0
25-Nov-2025,131.85,Call,134,0,0,45.5475,0,0,0
25-Nov-2025,131.85,Put,127,0,0,45.5475,0,0,0
30-Dec-2025,131.85,Put,156,0,0,45.5475,0,0,0
25-Nov-2025,131.85,Call,124,0,0,45.5475,0,0,0
25-Nov-2025,131.85,Put,138,0,0,45.5475,0,0,0
25-Nov-2025,131.85,Put,128,0,0,45.5475,0,2,0
30-Dec-2025,131.85,Put,152,0,0,45.5475,0,0,0
25-Nov-2025,131.85,Call,137,0,0,45.5475,0,0,0
30-Dec-2025,131.85,Put,124,0,0,0,0,0,0
30-Dec-2025,131.85,Call,138,0,0,45.5475,0,0,0
30-Dec-2025,131.85,Call,130,0,0,45.5475,0,0,0
25-Nov-2025,131.85,Put,134,0,0,45.5475,0,0,0
25-Nov-2025,131.85,Call,143,0,0,45.5475,0,0,0
25-Nov-2025,131.85,Call,127,0,0,45.5475,0,0,0
25-Nov-2025,131.85,Put,126,0,0,45.5475,0,0,0
30-Dec-2025,131.85,Call,132,0,0,45.5475,0,0,0
25-Nov-2025,131.85,Put,142,0,0,45.5475,0,0,0
30-Dec-2025,131.85,Call,126,0,0,45.5475,0,0,0
28-Oct-2025,131.85,Put,143,0,0,45.5475,0,10,0
25-Nov-2025,131.85,Put,147,0,0,45.5475,0,0,0
30-Dec-2025,131.85,Put,132,0,0,45.5475,0,0,0
25-Nov-2025,131.85,Put,131,0,0,45.5475,0,0,0
30-Dec-2025,131.85,Call,140,0,0,45.5475,0,1,0
30-Dec-2025,131.85,Put,128,0,0,45.5475,0,0,0
25-Nov-2025,131.85,Call,132,0,0,45.5475,0,0,0
30-Dec-2025,131.85,Put,138,0,0,45.5475,0,0,0
30-Dec-2025,131.85,Put,144,0,0,45.5475,0,0,0
30-Dec-2025,131.85,Call,116,0,0,45.5475,0,0,0
25-Nov-2025,131.85,Call,126,0,0,45.5475,0,0,0
30-Dec-2025,131.85,Put,148,0,0,45.5475,0,0,0
30-Dec-2025,131.85,Put,134,0,0,45.5475,0,0,0
30-Dec-2025,131.85,Call,122,0,0,45.5475,0,0,0
30-Dec-2025,131.85,Call,148,0,0,0,0,0,0
30-Dec-2025,131.85,Call,152,0,0,0,0,0,0
30-Dec-2025,131.85,Put,146,0,0,45.5475,0,0,0
30-Dec-2025,131.85,Put,142,0,0,45.5475,0,0,0
30-Dec-2025,131.85,Put,116,0,0,45.5475,0,0,0
30-Dec-2025,131.85,Put,122,0,0,0,0,0,0
30-Dec-2025,131.85,Call,156,0,0,0,0,0,0
30-Dec-2025,131.85,Call,134,0,0,45.5475,0,0,0
30-Dec-2025,131.85,Call,120,0,0,45.5475,0,0,0
30-Dec-2025,131.85,Call,144,0,0,45.5475,0,0,0
30-Dec-2025,131.85,Call,124,0,0,45.5475,0,0,0
30-Dec-2025,131.85,Call,136,0,0,45.5475,0,0,0
30-Dec-2025,131.85,Put,140,0,0,45.5475,0,0,0
30-Dec-2025,131.85,Call,128,0,0,45.5475,0,0,0
30-Dec-2025,131.85,Put,130,0,0,45.5475,0,0,0
