28-Oct-2025,170.99,Call,175,2.55,23.27,34.6359,57,3611,3174
28-Oct-2025,170.99,-,0,172.09,0,34.6359,23,32763,2280
28-Oct-2025,170.99,Call,170,4.9,23.19,34.6359,45,2023,2036
28-Oct-2025,170.99,Call,180,1.25,24.3,34.6359,90,3664,2003
28-Oct-2025,170.99,Call,172.5,3.6,23.09,34.6359,98,1395,1670
28-Oct-2025,170.99,Put,170,2.8,23.22,34.6359,71,1436,1277
28-Oct-2025,171.22,Call,177.5,1.8,23.56,34.6359,282,953,1178
28-Oct-2025,170.99,Call,190,0.35,27.78,34.6359,154,1505,1044
28-Oct-2025,170.99,Call,185,0.65,25.99,34.6359,-14,1208,765
28-Oct-2025,170.99,Put,172.5,4,22.91,34.6359,27,762,714
28-Oct-2025,170.99,Put,165,1.25,24.03,34.6359,66,1644,710
28-Oct-2025,170.99,Put,155,0.35,29.21,34.6359,-31,790,514
28-Oct-2025,170.99,Put,160,0.6,25.55,34.6359,-60,1243,505
28-Oct-2025,170.99,Put,167.5,2,23.53,34.6359,24,753,493
28-Oct-2025,170.99,Call,182.5,0.9,25.14,34.6359,85,580,349
28-Oct-2025,170.99,Put,175,5.45,23.49,34.6359,0,1070,285
28-Oct-2025,170.99,Put,150,0.2,32.45,34.6359,75,1089,263
28-Oct-2025,170.99,Call,195,0.2,29.69,34.6359,-47,998,245
28-Oct-2025,170.99,Call,200,0.1,30.73,34.6359,184,1058,216
28-Oct-2025,170.99,Call,167.5,6.5,23.59,34.6359,10,299,171
28-Oct-2025,170.99,Put,147.5,0.1,31.79,34.6359,102,342,166
28-Oct-2025,170.99,Call,165,8.2,23.82,34.6359,16,357,160
28-Oct-2025,170.99,Call,187.5,0.45,26.52,34.6359,33,264,138
28-Oct-2025,170.99,Put,162.5,0.9,24.7,34.6359,-24,494,136
25-Nov-2025,170.99,-,0,172.8,0,34.6359,1,801,135
28-Oct-2025,170.99,Put,157.5,0.4,26.5,34.6359,8,206,98
28-Oct-2025,170.99,Put,145,0.1,34.81,34.6359,-22,396,78
28-Oct-2025,170.99,Put,180,9.25,26.39,34.6359,-6,572,70
28-Oct-2025,171.22,Put,177.5,7.35,23.9,34.6359,-9,154,43
25-Nov-2025,170.99,Call,175,5.1,23.01,34.6359,-22,52,34
25-Nov-2025,171.22,Call,180,3.3,23.37,34.6359,-6,138,32
30-Dec-2025,170.99,-,0,173.49,0,34.6359,6,80,31
28-Oct-2025,170.99,Call,160,12.5,26.2,34.6359,-7,487,26
25-Nov-2025,171.22,Put,150,0.6,28.09,34.6359,13,31,26
25-Nov-2025,170.99,Put,165,2.7,24.18,34.6359,7,61,21
25-Nov-2025,170.99,Call,190,1.25,24.39,34.6359,1,143,19
25-Nov-2025,171.22,Put,170,4.8,25.34,34.6359,0,36,17
28-Oct-2025,170.99,Call,162.5,10.2,24.08,34.6359,6,53,16
28-Oct-2025,170.99,Put,140,0.05,37.19,34.6359,1,69,15
28-Oct-2025,171.22,Call,155,17.05,26.68,34.6359,0,156,14
28-Oct-2025,170.99,Put,152.5,0.2,29.18,34.6359,0,168,14
28-Oct-2025,170.99,Put,182.5,11.5,25.87,34.6359,2,42,13
28-Oct-2025,170.99,Put,185,13.7,26.47,34.6359,-4,74,11
30-Dec-2025,170.99,Call,190,2.5,22.7,34.6359,9,9,11
25-Nov-2025,170.99,Call,185,2.05,24.01,34.6359,2,92,10
28-Oct-2025,170.99,Put,187.5,16.05,28.01,34.6359,-4,22,9
25-Nov-2025,170.99,Put,160,1.65,25.3,34.6359,2,80,7
25-Nov-2025,170.99,Call,170,7.5,23.28,34.6359,-2,48,7
28-Oct-2025,170.99,Call,157.5,14.7,25.93,34.6359,1,61,6
28-Oct-2025,170.99,Put,190,18.3,27.23,34.6359,-2,98,3
25-Nov-2025,170.99,Call,195,0.9,26.1,34.6359,0,10,3
28-Oct-2025,170.99,Call,150,22.5,42.92,34.6359,0,130,2
30-Dec-2025,170.99,Call,180,5.5,23.32,34.6359,0,4,2
28-Oct-2025,170.99,Put,142.5,0.1,37.85,34.6359,0,15,1
25-Nov-2025,170.99,Put,175,7.35,25.67,34.6359,0,30,1
30-Dec-2025,170.99,Put,160,2.25,23.49,34.6359,0,1,1
28-Oct-2025,170.99,Call,140,0,0,34.6359,0,52,0
28-Oct-2025,171.22,Put,130,0,0,34.6359,0,134,0
28-Oct-2025,170.99,Call,147.5,0,0,34.6359,0,3,0
28-Oct-2025,170.99,Call,152.5,0,0,34.6359,0,20,0
28-Oct-2025,170.99,Call,145,0,0,34.6359,0,26,0
28-Oct-2025,170.99,Put,195,0,0,34.6359,0,68,0
28-Oct-2025,170.99,Call,130,0,0,34.6359,0,118,0
25-Nov-2025,170.99,Call,155,0,0,34.6359,0,0,0
25-Nov-2025,170.99,Put,200,0,0,34.6359,0,0,0
25-Nov-2025,170.99,Call,200,0,0,34.6359,0,21,0
25-Nov-2025,170.99,Call,150,0,0,34.6359,0,0,0
25-Nov-2025,170.99,Put,155,0,0,34.6359,0,0,0
28-Oct-2025,170.99,Put,200,0,0,34.6359,0,23,0
25-Nov-2025,170.99,Call,130,0,0,34.6359,0,1,0
25-Nov-2025,170.99,Put,190,0,0,34.6359,0,0,0
25-Nov-2025,171.22,Put,185,0,0,34.6359,0,0,0
28-Oct-2025,170.99,Call,135,0,0,34.6359,0,7,0
25-Nov-2025,170.99,Call,145,0,0,34.6359,0,0,0
25-Nov-2025,170.99,Call,172.5,0,0,34.6359,0,0,0
25-Nov-2025,170.99,Call,177.5,0,0,34.6359,0,0,0
25-Nov-2025,170.99,Put,180,0,0,34.6359,0,24,0
25-Nov-2025,170.99,Put,130,0,0,34.6359,0,13,0
25-Nov-2025,170.99,Call,162.5,0,0,34.6359,0,0,0
25-Nov-2025,170.99,Put,167.5,0,0,34.6359,0,0,0
25-Nov-2025,170.99,Call,157.5,0,0,34.6359,0,0,0
25-Nov-2025,170.99,Put,157.5,0,0,34.6359,0,0,0
25-Nov-2025,170.99,Put,177.5,0,0,34.6359,0,0,0
25-Nov-2025,170.99,Call,182.5,0,0,34.6359,0,0,0
25-Nov-2025,170.99,Put,162.5,0,0,34.6359,0,0,0
25-Nov-2025,171.22,Put,172.5,0,0,34.6359,0,0,0
25-Nov-2025,170.99,Call,167.5,0,0,34.6359,0,3,0
25-Nov-2025,170.99,Call,160,0,0,34.6359,0,4,0
25-Nov-2025,170.99,Put,152.5,0,0,34.6359,0,0,0
25-Nov-2025,170.99,Call,187.5,0,0,34.6359,0,0,0
25-Nov-2025,170.99,Put,187.5,0,0,34.6359,0,0,0
30-Dec-2025,170.99,Put,175,0,0,34.6359,0,0,0
25-Nov-2025,170.99,Put,145,0,0,34.6359,0,0,0
30-Dec-2025,170.99,Put,155,0,0,34.6359,0,0,0
25-Nov-2025,170.99,Call,165,0,0,34.6359,0,10,0
30-Dec-2025,170.99,Put,190,0,0,34.6359,0,0,0
30-Dec-2025,170.99,Put,140,0,0,34.6359,0,0,0
30-Dec-2025,171.22,Put,150,0,0,34.6359,0,0,0
30-Dec-2025,170.99,Put,180,0,0,34.6359,0,0,0
25-Nov-2025,170.99,Put,195,0,0,34.6359,0,0,0
25-Nov-2025,170.99,Call,152.5,0,0,34.6359,0,0,0
25-Nov-2025,170.99,Put,182.5,0,0,34.6359,0,0,0
30-Dec-2025,170.99,Put,170,0,0,34.6359,0,0,0
30-Dec-2025,170.99,Call,150,0,0,34.6359,0,0,0
30-Dec-2025,170.99,Put,185,0,0,34.6359,0,0,0
30-Dec-2025,170.99,Call,160,0,0,34.6359,0,0,0
30-Dec-2025,170.99,Call,165,0,0,34.6359,0,0,0
30-Dec-2025,170.99,Call,185,0,0,34.6359,0,0,0
30-Dec-2025,170.99,Put,200,0,0,34.6359,0,0,0
30-Dec-2025,171.22,Call,170,0,0,34.6359,0,2,0
30-Dec-2025,170.99,Put,165,0,0,34.6359,0,4,0
30-Dec-2025,171.22,Call,175,0,0,34.6359,0,0,0
30-Dec-2025,170.99,Call,140,0,0,34.6359,0,0,0
30-Dec-2025,170.99,Call,155,0,0,34.6359,0,0,0
30-Dec-2025,170.99,Call,200,0,0,34.6359,0,0,0
