28-Oct-2025,171.6,Call,175,2.75,23.16,34.6359,-44,3510,4548
28-Oct-2025,171.6,-,0,172.73,0,34.6359,78,32818,3541
28-Oct-2025,171.6,Call,180,1.35,23.85,34.6359,68,3642,2819
28-Oct-2025,171.6,Call,170,5.15,23.16,34.6359,-18,1960,2735
28-Oct-2025,171.6,Call,172.5,3.85,22.88,34.6359,45,1342,2434
28-Oct-2025,171.6,Put,170,2.55,22.68,34.6359,192,1557,1843
28-Oct-2025,171.6,Call,177.5,1.9,23.52,34.6359,311,982,1732
28-Oct-2025,171.6,Call,190,0.35,26.92,34.6359,208,1559,1373
28-Oct-2025,171.6,Put,172.5,3.7,22.81,34.6359,14,749,1175
28-Oct-2025,171.6,Call,185,0.65,25.56,34.6359,-10,1212,896
28-Oct-2025,171.6,Put,165,1.15,23.58,34.6359,73,1651,863
28-Oct-2025,171.6,Call,195,0.2,28.93,34.6359,-28,1017,786
28-Oct-2025,171.6,Put,155,0.3,29.03,34.6359,0,821,674
28-Oct-2025,171.6,Put,167.5,1.7,23.18,34.6359,28,757,627
28-Oct-2025,171.6,Put,160,0.5,25.18,34.6359,-41,1262,614
28-Oct-2025,171.6,Put,175,5.05,22.87,34.6359,-14,1056,489
28-Oct-2025,171.6,Call,182.5,0.95,24.51,34.6359,81,576,437
28-Oct-2025,171.6,Put,150,0.15,31.52,34.6359,88,1102,365
28-Oct-2025,171.6,Call,167.5,6.8,23.1,34.6359,17,306,264
28-Oct-2025,171.6,Call,165,8.7,23.61,34.6359,21,362,229
28-Oct-2025,171.6,Put,162.5,0.8,24.75,34.6359,6,524,226
28-Oct-2025,171.6,Call,200,0.15,32.05,34.6359,184,1058,220
25-Nov-2025,171.6,-,0,173.52,0,34.6359,4,804,172
28-Oct-2025,171.6,Call,187.5,0.5,26.31,34.6359,37,268,171
28-Oct-2025,171.6,Put,147.5,0.1,32.46,34.6359,102,342,170
28-Oct-2025,171.6,Put,157.5,0.35,26.5,34.6359,14,212,106
28-Oct-2025,171.6,Put,180,8.7,23.72,34.6359,-6,572,101
28-Oct-2025,171.6,Put,145,0.1,35.47,34.6359,-23,395,84
28-Oct-2025,171.6,Put,177.5,6.85,23.64,34.6359,-8,155,74
28-Oct-2025,171.6,Call,160,13.15,26.92,34.6359,-9,485,45
25-Nov-2025,171.6,Call,175,5.3,23.13,34.6359,-19,55,45
25-Nov-2025,171.6,Call,180,3.5,23.64,34.6359,-5,139,41
28-Oct-2025,171.6,Put,152.5,0.2,31.28,34.6359,-2,166,37
30-Dec-2025,171.6,-,0,174.1,0,34.6359,5,79,34
28-Oct-2025,171.6,Call,155,17.7,29.26,34.6359,-1,155,31
25-Nov-2025,171.6,Put,150,0.65,29.22,34.6359,13,31,30
25-Nov-2025,171.6,Call,190,1.3,24.01,34.6359,-2,140,23
28-Oct-2025,171.6,Put,182.5,11,26.29,34.6359,2,42,22
28-Oct-2025,171.6,Call,162.5,10.9,25.45,34.6359,9,56,22
25-Nov-2025,171.6,Put,165,2.8,25.54,34.6359,9,63,22
28-Oct-2025,171.6,Put,187.5,15.3,25.97,34.6359,-3,23,18
25-Nov-2025,171.6,Put,160,1.55,25.41,34.6359,5,83,18
28-Oct-2025,171.6,Put,185,13.05,25.12,34.6359,-4,74,17
25-Nov-2025,171.6,Put,170,4.8,26.43,34.6359,0,36,17
28-Oct-2025,171.6,Put,140,0.05,37.8,34.6359,11,79,16
28-Oct-2025,171.6,Call,157.5,15.45,24.48,34.6359,-1,59,16
25-Nov-2025,171.6,Call,185,2.15,23.68,34.6359,2,92,12
30-Dec-2025,171.6,Call,190,2.5,22.07,34.6359,9,9,11
28-Oct-2025,171.6,Put,190,17.7,27.61,34.6359,2,102,10
25-Nov-2025,171.6,Call,170,7.65,22.19,34.6359,0,50,10
25-Nov-2025,171.6,Call,195,0.9,25.46,34.6359,0,10,3
28-Oct-2025,171.6,Call,150,22.5,25.76,34.6359,0,130,2
25-Nov-2025,171.6,Call,200,0.5,25.4,34.6359,1,22,2
30-Dec-2025,171.6,Put,160,2.6,25.59,34.6359,1,2,2
30-Dec-2025,171.6,Call,180,5.5,22.43,34.6359,0,4,2
25-Nov-2025,171.6,Put,175,7.35,27.05,34.6359,0,30,1
28-Oct-2025,171.6,Put,142.5,0.1,38.51,34.6359,0,15,1
28-Oct-2025,171.6,Call,130,0,0,34.6359,0,118,0
28-Oct-2025,171.6,Put,195,0,0,34.6359,0,68,0
28-Oct-2025,171.6,Put,130,0,0,34.6359,0,134,0
25-Nov-2025,171.6,Put,187.5,0,0,34.6359,0,0,0
28-Oct-2025,171.6,Call,140,0,0,34.6359,0,52,0
25-Nov-2025,171.6,Call,157.5,0,0,34.6359,0,0,0
25-Nov-2025,171.6,Put,180,0,0,34.6359,0,24,0
28-Oct-2025,171.6,Call,147.5,0,0,34.6359,0,3,0
25-Nov-2025,171.6,Call,167.5,0,0,34.6359,0,3,0
28-Oct-2025,171.6,Call,152.5,0,0,34.6359,0,20,0
25-Nov-2025,171.6,Put,152.5,0,0,34.6359,0,0,0
25-Nov-2025,171.6,Call,187.5,0,0,34.6359,0,0,0
25-Nov-2025,171.6,Put,167.5,0,0,34.6359,0,0,0
25-Nov-2025,171.6,Call,155,0,0,34.6359,0,0,0
25-Nov-2025,171.6,Put,177.5,0,0,34.6359,0,0,0
28-Oct-2025,171.6,Call,145,0,0,34.6359,0,26,0
25-Nov-2025,171.6,Put,195,0,0,34.6359,0,0,0
25-Nov-2025,171.6,Put,190,0,0,34.6359,0,0,0
30-Dec-2025,171.6,Call,155,0,0,34.6359,0,0,0
25-Nov-2025,171.6,Put,172.5,0,0,34.6359,0,0,0
28-Oct-2025,171.6,Call,135,0,0,34.6359,0,7,0
28-Oct-2025,171.6,Put,200,0,0,34.6359,0,23,0
25-Nov-2025,171.6,Call,182.5,0,0,34.6359,0,0,0
25-Nov-2025,171.6,Call,162.5,0,0,34.6359,0,0,0
25-Nov-2025,171.6,Call,172.5,0,0,34.6359,0,0,0
25-Nov-2025,171.6,Call,150,0,0,34.6359,0,0,0
30-Dec-2025,171.6,Put,180,0,0,34.6359,0,0,0
25-Nov-2025,171.6,Put,130,0,0,34.6359,0,13,0
25-Nov-2025,171.6,Call,130,0,0,34.6359,0,1,0
30-Dec-2025,171.6,Call,175,0,0,34.6359,0,0,0
30-Dec-2025,171.6,Put,185,0,0,34.6359,0,0,0
25-Nov-2025,171.6,Put,157.5,0,0,34.6359,0,0,0
30-Dec-2025,171.6,Call,140,0,0,34.6359,0,0,0
30-Dec-2025,171.6,Put,200,0,0,34.6359,0,0,0
30-Dec-2025,171.6,Put,155,0,0,34.6359,0,0,0
25-Nov-2025,171.6,Call,160,0,0,34.6359,0,4,0
30-Dec-2025,171.6,Call,200,0,0,34.6359,0,0,0
30-Dec-2025,171.6,Call,170,0,0,34.6359,0,2,0
30-Dec-2025,171.6,Call,185,0,0,34.6359,0,0,0
30-Dec-2025,171.6,Put,175,0,0,34.6359,0,0,0
25-Nov-2025,171.6,Put,200,0,0,34.6359,0,0,0
25-Nov-2025,171.6,Put,145,0,0,34.6359,0,0,0
25-Nov-2025,171.6,Put,185,0,0,34.6359,0,0,0
25-Nov-2025,171.6,Call,152.5,0,0,34.6359,0,0,0
30-Dec-2025,171.6,Put,170,0,0,34.6359,0,0,0
30-Dec-2025,171.6,Call,165,0,0,34.6359,0,0,0
30-Dec-2025,171.6,Put,140,0,0,34.6359,0,0,0
25-Nov-2025,171.6,Call,177.5,0,0,34.6359,0,0,0
25-Nov-2025,171.6,Put,162.5,0,0,34.6359,0,0,0
25-Nov-2025,171.6,Put,155,0,0,34.6359,0,0,0
25-Nov-2025,171.6,Call,145,0,0,34.6359,0,0,0
25-Nov-2025,171.6,Call,165,0,0,34.6359,0,10,0
30-Dec-2025,171.6,Put,150,0,0,34.6359,0,0,0
30-Dec-2025,171.6,Put,165,0,0,34.6359,0,4,0
25-Nov-2025,171.6,Put,182.5,0,0,34.6359,0,0,0
30-Dec-2025,171.6,Call,160,0,0,34.6359,0,0,0
30-Dec-2025,171.6,Put,190,0,0,34.6359,0,0,0
30-Dec-2025,171.6,Call,150,0,0,34.6359,0,0,0
