28-Oct-2025,2963.5,-,0,2968.7,0,24.6763,2305,176871,7123
28-Oct-2025,2963.5,Call,3000,56.85,23.16,24.6763,810,18388,4778
28-Oct-2025,2963.5,Call,3100,24.5,23.26,24.6763,236,9397,3374
28-Oct-2025,2963.5,Put,2900,41,26.7,24.6763,-217,7816,2125
28-Oct-2025,2963.5,Put,3000,86.55,27.05,24.6763,274,6099,1855
28-Oct-2025,2963.5,Put,2960,65.05,26.47,24.6763,417,2446,1803
28-Oct-2025,2963.5,Call,2980,65.95,22.97,24.6763,250,1922,1452
28-Oct-2025,2963.5,Call,3080,29,23.31,24.6763,-224,1869,1440
28-Oct-2025,2963.5,Call,3200,10.25,24.69,24.6763,145,7901,1216
28-Oct-2025,2963.5,Call,3020,48.3,22.9,24.6763,46,1713,1199
28-Oct-2025,2963.5,Call,3040,41.05,23,24.6763,64,1766,1029
28-Oct-2025,2963.5,Put,2980,74.85,26.96,24.6763,-58,2288,1021
28-Oct-2025,2963.5,Call,3300,4.35,26.25,24.6763,141,5173,993
28-Oct-2025,2963.5,Call,2960,75.2,22.53,24.6763,19,3981,893
28-Oct-2025,2963.5,Put,2940,55.9,26.6,24.6763,-14,2315,820
28-Oct-2025,2963.5,Put,2920,47.65,26.78,24.6763,-10,2976,796
28-Oct-2025,2963.5,Put,2800,16.95,27.45,24.6763,153,4469,785
28-Oct-2025,2963.5,Call,2900,111.3,22.33,24.6763,8,4790,700
28-Oct-2025,2963.5,Put,2880,34.6,26.76,24.6763,90,1653,679
28-Oct-2025,2963.5,Call,3060,34.65,23.06,24.6763,18,2438,532
28-Oct-2025,2963.5,Put,2860,28.95,26.77,24.6763,-72,1232,464
28-Oct-2025,2963.5,Put,2700,6.5,28.87,24.6763,46,1822,458
28-Oct-2025,2963.5,Call,2940,86.6,22.63,24.6763,7,1959,455
28-Oct-2025,2963.5,Call,2920,98.3,22.15,24.6763,-52,2153,427
25-Nov-2025,2963.5,-,0,2986.6,0,24.6763,94,8019,397
28-Oct-2025,2963.5,Call,3140,17.1,23.67,24.6763,-47,1254,353
28-Oct-2025,2963.5,Call,3120,20.45,23.46,24.6763,-22,941,271
28-Oct-2025,2963.5,Put,2600,2.6,31.12,24.6763,-13,2798,264
28-Oct-2025,2963.5,Call,3400,2.15,28.36,24.6763,5,2136,259
28-Oct-2025,2963.5,Put,2840,24.35,27.08,24.6763,20,1336,239
28-Oct-2025,2963.5,Call,3260,5.9,25.36,24.6763,24,920,217
28-Oct-2025,2963.5,Call,3160,14.35,23.95,24.6763,62,1148,215
28-Oct-2025,2963.5,Put,3100,153.4,28.93,24.6763,-26,3427,204
28-Oct-2025,2963.5,Call,3240,6.95,24.99,24.6763,21,754,195
28-Oct-2025,2963.5,Call,3180,12.05,24.22,24.6763,19,914,189
28-Oct-2025,2963.5,Call,3220,8.45,24.82,24.6763,27,564,176
28-Oct-2025,2963.5,Put,2820,20.2,27.2,24.6763,62,676,175
28-Oct-2025,2963.5,Call,3360,2.45,26.82,24.6763,60,320,137
25-Nov-2025,2963.5,Call,3000,89.05,19.99,24.6763,46,1068,134
28-Oct-2025,2963.5,Put,2560,1.85,32.26,24.6763,18,1067,132
28-Oct-2025,2963.5,Put,3020,97.65,27.29,24.6763,23,795,113
28-Oct-2025,2963.5,Put,2740,9.5,28.1,24.6763,-25,666,113
28-Oct-2025,2963.5,Put,2680,5.2,29,24.6763,4,538,96
28-Oct-2025,2963.5,Call,3280,5,25.87,24.6763,-4,354,91
28-Oct-2025,2963.5,Put,2720,7.75,28.44,24.6763,-23,807,86
25-Nov-2025,2963.5,Call,3200,26.95,20.87,24.6763,-12,732,85
28-Oct-2025,2963.5,Call,2800,185.3,19.06,24.6763,24,891,84
28-Oct-2025,2963.5,Put,3040,110.3,27.66,24.6763,13,773,75
28-Oct-2025,2963.5,Put,2780,14,27.56,24.6763,-1,629,68
28-Oct-2025,2963.5,Put,2660,4.25,29.42,24.6763,15,490,66
30-Dec-2025,2963.5,-,0,3004.5,0,24.6763,24,403,64
28-Oct-2025,2963.5,Call,3320,3.55,26.4,24.6763,-6,984,64
25-Nov-2025,2963.5,Put,3000,102.55,24.22,24.6763,40,749,63
28-Oct-2025,2963.5,Call,3380,2.25,28,24.6763,1,126,60
28-Oct-2025,2963.5,Put,3060,124,27.89,24.6763,1,829,47
25-Nov-2025,2963.5,Call,3400,8.4,22.71,24.6763,5,321,42
28-Oct-2025,2963.5,Put,2760,11.55,27.98,24.6763,1,675,41
25-Nov-2025,2963.5,Call,3520,4.6,24.6,24.6763,-3,214,41
28-Oct-2025,2963.5,Call,3340,3,26.97,24.6763,0,486,40
28-Oct-2025,2963.5,Put,3080,138.25,27.66,24.6763,8,596,39
28-Oct-2025,2963.5,Put,3200,240,32.09,24.6763,-10,2146,36
28-Oct-2025,2963.5,Put,2640,3.5,29.69,24.6763,0,938,32
28-Oct-2025,2963.5,Put,3600,627.6,53.23,24.6763,21,1187,30
25-Nov-2025,2963.5,Put,3100,160.2,24.23,24.6763,11,44,30
28-Oct-2025,2963.5,Put,2520,2,35.22,24.6763,-13,746,26
28-Oct-2025,2963.5,Call,3520,1.5,32.51,24.6763,3,686,25
28-Oct-2025,2963.5,Call,2600,372,0,24.6763,8,433,24
28-Oct-2025,2963.5,Call,3640,1.3,37.24,24.6763,16,77,17
25-Nov-2025,2963.5,Put,2800,30.5,24.13,24.6763,0,201,17
25-Nov-2025,2963.5,Call,3100,50.15,20.32,24.6763,4,174,16
28-Oct-2025,2963.5,Call,3420,1.85,29.51,24.6763,-5,97,13
28-Oct-2025,2963.5,Call,3560,1.3,33.68,24.6763,1,69,13
28-Oct-2025,2963.5,Call,2880,125.4,22.31,24.6763,-2,659,12
25-Nov-2025,2963.5,Put,2960,82,23.85,24.6763,4,4,12
28-Oct-2025,2963.5,Call,3480,1.55,30.76,24.6763,-9,252,11
28-Oct-2025,2963.5,Call,3600,1.05,34.48,24.6763,-2,1986,11
28-Oct-2025,2963.5,Call,2700,285,26.93,24.6763,0,58,10
25-Nov-2025,2963.5,Put,2900,58.35,23.91,24.6763,3,112,10
30-Dec-2025,2963.5,Call,3240,68.2,25.19,0,0,0,10
25-Nov-2025,2963.5,Put,3200,230,23.97,24.6763,-4,143,8
28-Oct-2025,2963.5,Call,3440,1.7,29.22,24.6763,-5,245,7
28-Oct-2025,2963.5,Call,2840,155,21.67,24.6763,2,121,6
25-Nov-2025,2963.5,Put,2940,73,23.74,24.6763,2,39,6
28-Oct-2025,2963.5,Put,3300,335,37.7,24.6763,1,1545,5
28-Oct-2025,2963.5,Put,3400,418,28.15,24.6763,1,1639,4
25-Nov-2025,2963.5,Call,2900,144.7,19.51,24.6763,0,171,4
28-Oct-2025,2963.5,Put,2480,1.25,35.52,24.6763,-1,370,3
28-Oct-2025,2963.5,Call,2860,150,26.76,24.6763,-1,312,3
25-Nov-2025,2963.5,Call,2980,104,21.16,24.6763,0,4,3
25-Nov-2025,2963.5,Call,3120,48.1,21.35,24.6763,1,22,3
28-Oct-2025,2963.5,Put,3140,186,27.42,24.6763,0,294,2
25-Nov-2025,2963.5,Call,3020,90,22.42,24.6763,0,14,2
25-Nov-2025,2963.5,Put,2720,17,24.47,24.6763,0,76,2
25-Nov-2025,2963.5,Put,2880,50,23.5,24.6763,0,56,2
28-Oct-2025,2963.5,Put,2400,0.95,0,24.6763,0,212,1
28-Oct-2025,2963.5,Put,3240,261.85,23.11,24.6763,0,213,1
28-Oct-2025,2963.5,Put,3120,168,28.07,24.6763,0,278,1
28-Oct-2025,2963.5,Put,3160,180,15.32,24.6763,0,402,1
25-Nov-2025,2963.5,Call,3280,13.5,20.3,24.6763,0,46,1
25-Nov-2025,2963.5,Put,2700,15,24.79,24.6763,0,24,1
25-Nov-2025,2963.5,Call,3320,13,21.99,24.6763,0,78,1
28-Oct-2025,2963.5,Call,2560,0,0,24.6763,0,0,0
28-Oct-2025,2963.5,Put,3220,0,0,24.6763,0,108,0
28-Oct-2025,2963.5,Put,3360,0,0,24.6763,0,16,0
28-Oct-2025,2963.5,Put,3320,0,0,24.6763,0,30,0
28-Oct-2025,2963.5,Call,2760,0,0,24.6763,0,80,0
28-Oct-2025,2963.5,Put,3520,0,0,24.6763,0,203,0
28-Oct-2025,2963.5,Put,3180,0,0,24.6763,0,230,0
28-Oct-2025,2963.5,Put,3640,0,0,24.6763,0,665,0
28-Oct-2025,2963.5,Put,3420,0,0,24.6763,0,14,0
28-Oct-2025,2963.5,Call,2740,0,0,24.6763,0,9,0
28-Oct-2025,2963.5,Put,3440,0,0,24.6763,0,36,0
28-Oct-2025,2963.5,Call,2520,0,0,24.6763,0,0,0
28-Oct-2025,2963.5,Put,3340,0,0,24.6763,0,41,0
28-Oct-2025,2963.5,Call,2820,0,0,24.6763,0,64,0
28-Oct-2025,2963.5,Call,2780,0,0,24.6763,0,3,0
28-Oct-2025,2963.5,Put,3280,0,0,24.6763,0,41,0
28-Oct-2025,2963.5,Call,2480,0,0,24.6763,0,0,0
28-Oct-2025,2963.5,Put,2440,0,0,24.6763,0,3,0
28-Oct-2025,2963.5,Call,2720,0,0,24.6763,0,18,0
28-Oct-2025,2963.5,Put,3560,0,0,24.6763,0,153,0
28-Oct-2025,2963.5,Call,2440,0,0,24.6763,0,0,0
28-Oct-2025,2963.5,Put,3260,0,0,24.6763,0,62,0
28-Oct-2025,2963.5,Put,3480,0,0,24.6763,0,90,0
28-Oct-2025,2963.5,Call,2640,0,0,24.6763,0,1,0
28-Oct-2025,2963.5,Call,2680,0,0,24.6763,0,0,0
25-Nov-2025,2963.5,Put,3040,0,0,24.6763,0,9,0
25-Nov-2025,2963.5,Call,2700,0,0,24.6763,0,0,0
28-Oct-2025,2963.5,Call,2660,0,0,24.6763,0,0,0
25-Nov-2025,2963.5,Call,2660,0,0,24.6763,0,0,0
25-Nov-2025,2963.5,Call,2780,0,0,24.6763,0,0,0
25-Nov-2025,2963.5,Call,2740,0,0,24.6763,0,0,0
25-Nov-2025,2963.5,Call,2680,0,0,24.6763,0,0,0
25-Nov-2025,2963.5,Call,2940,0,0,24.6763,0,20,0
25-Nov-2025,2963.5,Put,2780,0,0,24.6763,0,1,0
25-Nov-2025,2963.5,Put,3020,0,0,24.6763,0,0,0
25-Nov-2025,2963.5,Put,3060,0,0,24.6763,0,0,0
25-Nov-2025,2963.5,Call,2860,0,0,24.6763,0,4,0
25-Nov-2025,2963.5,Call,3060,0,0,24.6763,0,4,0
25-Nov-2025,2963.5,Call,2820,0,0,24.6763,0,0,0
25-Nov-2025,2963.5,Put,2920,0,0,24.6763,0,92,0
25-Nov-2025,2963.5,Call,3360,0,0,24.6763,0,0,0
25-Nov-2025,2963.5,Call,2640,0,0,24.6763,0,0,0
25-Nov-2025,2963.5,Call,3440,0,0,24.6763,0,12,0
25-Nov-2025,2963.5,Call,2720,0,0,24.6763,0,0,0
25-Nov-2025,2963.5,Put,2740,0,0,24.6763,0,52,0
25-Nov-2025,2963.5,Put,3140,0,0,24.6763,0,0,0
25-Nov-2025,2963.5,Put,2600,0,0,24.6763,0,0,0
25-Nov-2025,2963.5,Put,2520,0,0,24.6763,0,0,0
25-Nov-2025,2963.5,Put,3320,0,0,24.6763,0,0,0
25-Nov-2025,2963.5,Put,2860,0,0,24.6763,0,22,0
25-Nov-2025,2963.5,Put,2760,0,0,24.6763,0,47,0
25-Nov-2025,2963.5,Call,2440,0,0,24.6763,0,0,0
25-Nov-2025,2963.5,Call,2760,0,0,24.6763,0,0,0
25-Nov-2025,2963.5,Call,3040,0,0,24.6763,0,26,0
25-Nov-2025,2963.5,Put,3080,0,0,24.6763,0,1,0
25-Nov-2025,2963.5,Call,3080,0,0,24.6763,0,97,0
25-Nov-2025,2963.5,Put,3220,0,0,0,0,0,0
25-Nov-2025,2963.5,Put,3480,0,0,0,0,0,0
25-Nov-2025,2963.5,Put,3180,0,0,0,0,0,0
25-Nov-2025,2963.5,Put,3440,0,0,24.6763,0,0,0
25-Nov-2025,2963.5,Call,2520,0,0,24.6763,0,0,0
25-Nov-2025,2963.5,Call,2840,0,0,24.6763,0,7,0
25-Nov-2025,2963.5,Call,2560,0,0,24.6763,0,0,0
25-Nov-2025,2963.5,Put,3360,0,0,24.6763,0,0,0
25-Nov-2025,2963.5,Call,2600,0,0,24.6763,0,0,0
25-Nov-2025,2963.5,Put,2640,0,0,24.6763,0,0,0
25-Nov-2025,2963.5,Call,2480,0,0,24.6763,0,0,0
25-Nov-2025,2963.5,Call,3480,0,0,0,0,0,0
25-Nov-2025,2963.5,Call,3600,0,0,24.6763,0,2,0
25-Nov-2025,2963.5,Put,2660,0,0,24.6763,0,0,0
25-Nov-2025,2963.5,Put,3400,0,0,24.6763,0,0,0
25-Nov-2025,2963.5,Put,2820,0,0,24.6763,0,10,0
25-Nov-2025,2963.5,Call,3140,0,0,24.6763,0,0,0
25-Nov-2025,2963.5,Call,3180,0,0,0,0,0,0
25-Nov-2025,2963.5,Put,2560,0,0,24.6763,0,0,0
25-Nov-2025,2963.5,Call,2800,0,0,24.6763,0,0,0
25-Nov-2025,2963.5,Put,2980,0,0,24.6763,0,0,0
25-Nov-2025,2963.5,Call,2880,0,0,24.6763,0,18,0
25-Nov-2025,2963.5,Put,3680,0,0,24.6763,0,2,0
25-Nov-2025,2963.5,Put,3280,0,0,24.6763,0,0,0
25-Nov-2025,2963.5,Call,3160,0,0,24.6763,0,5,0
25-Nov-2025,2963.5,Call,2920,0,0,24.6763,0,21,0
25-Nov-2025,2963.5,Put,2680,0,0,24.6763,0,0,0
25-Nov-2025,2963.5,Put,3120,0,0,24.6763,0,80,0
25-Nov-2025,2963.5,Call,3220,0,0,0,0,0,0
25-Nov-2025,2963.5,Call,3680,0,0,24.6763,0,21,0
25-Nov-2025,2963.5,Call,3240,0,0,24.6763,0,20,0
25-Nov-2025,2963.5,Put,2840,0,0,24.6763,0,13,0
25-Nov-2025,2963.5,Put,3240,0,0,24.6763,0,0,0
30-Dec-2025,2963.5,Call,2800,0,0,24.6763,0,0,0
30-Dec-2025,2963.5,Call,3160,0,0,24.6763,0,0,0
30-Dec-2025,2963.5,Call,3000,0,0,24.6763,0,0,0
30-Dec-2025,2963.5,Put,2800,0,0,24.6763,0,0,0
30-Dec-2025,2963.5,Put,3000,0,0,24.6763,0,0,0
30-Dec-2025,2963.5,Put,3200,0,0,24.6763,0,0,0
30-Dec-2025,2963.5,Put,2560,0,0,24.6763,0,0,0
25-Nov-2025,2963.5,Call,2960,0,0,24.6763,0,5,0
25-Nov-2025,2963.5,Put,3160,0,0,24.6763,0,0,0
30-Dec-2025,2963.5,Call,3200,0,0,24.6763,0,0,0
30-Dec-2025,2963.5,Call,3360,0,0,24.6763,0,0,0
30-Dec-2025,2963.5,Call,3440,0,0,0,0,0,0
30-Dec-2025,2963.5,Put,2920,0,0,24.6763,0,0,0
