28-Oct-2025,1434.1,-,0,1429.9,0,30.4308,167,24730,1443
28-Oct-2025,1434.1,Call,1440,34.75,24.7,30.4308,-9,564,933
28-Oct-2025,1434.1,Call,1500,14.5,26.05,30.4308,9,1108,676
28-Oct-2025,1434.1,Call,1460,26.8,25.37,30.4308,27,537,593
28-Oct-2025,1434.1,Put,1400,26.25,32.99,30.4308,28,1084,538
28-Oct-2025,1434.1,Put,1440,44.2,33.73,30.4308,-17,261,494
28-Oct-2025,1434.1,Call,1480,19.65,25.57,30.4308,18,339,456
28-Oct-2025,1434.1,Put,1420,34.25,33.24,30.4308,-25,560,355
28-Oct-2025,1434.1,Put,1360,14.4,32.96,30.4308,-10,429,347
28-Oct-2025,1434.1,Call,1420,45.1,23.68,30.4308,-21,654,318
28-Oct-2025,1434.1,Call,1520,10.35,26.18,30.4308,10,307,204
28-Oct-2025,1434.1,Call,1400,57.25,22.84,30.4308,4,539,189
28-Oct-2025,1434.1,Put,1380,19.4,33.12,30.4308,-15,265,168
28-Oct-2025,1434.1,Call,1540,7.4,26.69,30.4308,1,348,150
28-Oct-2025,1434.1,Call,1600,2.65,27.9,30.4308,20,648,100
28-Oct-2025,1434.1,Put,1340,10,32.99,30.4308,20,375,95
25-Nov-2025,1434.1,-,0,1431.5,0,30.4308,18,2417,87
28-Oct-2025,1434.1,Call,1580,3.75,27.41,30.4308,29,145,80
28-Oct-2025,1434.1,Call,1560,5.35,26.69,30.4308,7,405,73
28-Oct-2025,1434.1,Put,1300,5,32.78,30.4308,9,584,56
28-Oct-2025,1434.1,Put,1460,55.35,34.59,30.4308,-12,381,56
28-Oct-2025,1434.1,Put,1260,2.55,34.45,30.4308,6,125,50
28-Oct-2025,1434.1,Call,1620,1.8,28.88,30.4308,1,121,43
28-Oct-2025,1434.1,Put,1200,0.7,35.77,30.4308,-24,615,40
28-Oct-2025,1434.1,Put,1480,70.9,34.16,30.4308,0,190,37
28-Oct-2025,1434.1,Put,1280,3.45,33.86,30.4308,5,77,35
28-Oct-2025,1434.1,Put,1500,86,35.43,30.4308,-3,589,31
25-Nov-2025,1434.1,Call,1500,28.3,22.57,30.4308,-4,32,21
28-Oct-2025,1434.1,Call,1380,66.45,21.21,30.4308,2,96,20
28-Oct-2025,1434.1,Put,1320,7.75,33.14,30.4308,1,155,18
28-Oct-2025,1434.1,Put,1240,1.65,34.73,30.4308,-2,522,18
25-Nov-2025,1434.1,Put,1320,16.65,30.15,30.4308,-2,20,10
30-Dec-2025,1434.1,-,0,1432,0,30.4308,6,22,7
28-Oct-2025,1434.1,Call,1360,81.85,19.79,30.4308,-2,62,7
25-Nov-2025,1434.1,Put,1500,98,33.08,30.4308,0,10,5
28-Oct-2025,1434.1,Call,1660,0.8,29.15,30.4308,1,522,4
28-Oct-2025,1434.1,Call,1760,0.2,0,30.4308,0,56,4
28-Oct-2025,1434.1,Put,1540,118.75,38.05,30.4308,-2,78,4
25-Nov-2025,1434.1,Put,1400,43,31.42,30.4308,2,53,4
28-Oct-2025,1434.1,Put,1600,173.2,43.47,30.4308,0,281,3
28-Oct-2025,1434.1,Call,1340,98,12.34,30.4308,0,26,3
25-Nov-2025,1434.1,Call,1400,70,20.24,30.4308,-1,15,3
25-Nov-2025,1434.1,Call,1600,9,24.34,30.4308,1,7,3
28-Oct-2025,1434.1,Call,1700,0.95,34.03,30.4308,0,99,2
25-Nov-2025,1434.1,Put,1440,63.45,32.68,30.4308,1,14,2
28-Oct-2025,1434.1,Put,1760,330.45,64.07,30.4308,0,45,1
28-Oct-2025,1434.1,Put,1700,265,46.19,30.4308,0,20,1
25-Nov-2025,1434.1,Call,1440,50.3,0,30.4308,0,2,1
28-Oct-2025,1434.1,Call,1680,0,0,30.4308,0,169,0
28-Oct-2025,1434.1,Call,1240,0,0,30.4308,0,0,0
28-Oct-2025,1434.1,Call,1320,0,0,30.4308,0,46,0
28-Oct-2025,1434.1,Call,1280,0,0,30.4308,0,0,0
28-Oct-2025,1434.1,Put,1640,0,0,30.4308,0,3,0
28-Oct-2025,1434.1,Put,1680,0,0,30.4308,0,42,0
28-Oct-2025,1434.1,Put,1660,0,0,30.4308,0,8,0
28-Oct-2025,1434.1,Call,1720,0,0,30.4308,0,19,0
28-Oct-2025,1434.1,Put,1720,0,0,30.4308,0,8,0
28-Oct-2025,1434.1,Call,1300,0,0,30.4308,0,23,0
28-Oct-2025,1434.1,Call,1260,0,0,30.4308,0,0,0
28-Oct-2025,1434.1,Put,1520,0,0,30.4308,0,76,0
28-Oct-2025,1434.1,Put,1560,0,0,30.4308,0,117,0
28-Oct-2025,1434.1,Put,1160,0,0,30.4308,0,29,0
28-Oct-2025,1434.1,Put,1620,0,0,30.4308,0,12,0
28-Oct-2025,1434.1,Put,1580,0,0,30.4308,0,5,0
28-Oct-2025,1434.1,Call,1160,0,0,30.4308,0,0,0
28-Oct-2025,1434.1,Call,1640,0,0,30.4308,0,208,0
28-Oct-2025,1434.1,Call,1200,0,0,30.4308,0,2,0
25-Nov-2025,1434.1,Call,1280,0,0,30.4308,0,0,0
25-Nov-2025,1434.1,Call,1320,0,0,30.4308,0,0,0
25-Nov-2025,1434.1,Put,1560,0,0,30.4308,0,0,0
25-Nov-2025,1434.1,Call,1240,0,0,30.4308,0,0,0
25-Nov-2025,1434.1,Put,1600,0,0,30.4308,0,0,0
25-Nov-2025,1434.1,Put,1680,0,0,30.4308,0,0,0
25-Nov-2025,1434.1,Put,1640,0,0,30.4308,0,0,0
25-Nov-2025,1434.1,Call,1200,0,0,30.4308,0,0,0
25-Nov-2025,1434.1,Put,1200,0,0,30.4308,0,0,0
25-Nov-2025,1434.1,Put,1340,0,0,30.4308,0,0,0
25-Nov-2025,1434.1,Call,1420,0,0,30.4308,0,0,0
25-Nov-2025,1434.1,Call,1540,0,0,30.4308,0,0,0
25-Nov-2025,1434.1,Put,1580,0,0,30.4308,0,0,0
25-Nov-2025,1434.1,Call,1480,0,0,30.4308,0,0,0
25-Nov-2025,1434.1,Call,1580,0,0,30.4308,0,0,0
25-Nov-2025,1434.1,Put,1460,0,0,30.4308,0,0,0
25-Nov-2025,1434.1,Call,1460,0,0,30.4308,0,0,0
25-Nov-2025,1434.1,Put,1520,0,0,30.4308,0,0,0
25-Nov-2025,1434.1,Call,1560,0,0,30.4308,0,0,0
25-Nov-2025,1434.1,Put,1240,0,0,30.4308,0,0,0
25-Nov-2025,1434.1,Put,1760,0,0,30.4308,0,1,0
25-Nov-2025,1434.1,Put,1280,0,0,30.4308,0,0,0
25-Nov-2025,1434.1,Put,1260,0,0,30.4308,0,0,0
25-Nov-2025,1434.1,Put,1360,0,0,30.4308,0,14,0
25-Nov-2025,1434.1,Call,1380,0,0,30.4308,0,0,0
25-Nov-2025,1434.1,Call,1640,0,0,30.4308,0,0,0
25-Nov-2025,1434.1,Put,1480,0,0,30.4308,0,27,0
25-Nov-2025,1434.1,Put,1420,0,0,30.4308,0,0,0
25-Nov-2025,1434.1,Put,1300,0,0,30.4308,0,0,0
25-Nov-2025,1434.1,Call,1520,0,0,30.4308,0,0,0
25-Nov-2025,1434.1,Call,1360,0,0,30.4308,0,0,0
25-Nov-2025,1434.1,Put,1380,0,0,30.4308,0,0,0
25-Nov-2025,1434.1,Put,1160,0,0,30.4308,0,0,0
25-Nov-2025,1434.1,Put,1540,0,0,30.4308,0,0,0
25-Nov-2025,1434.1,Call,1300,0,0,30.4308,0,0,0
25-Nov-2025,1434.1,Call,1260,0,0,30.4308,0,0,0
25-Nov-2025,1434.1,Call,1680,0,0,30.4308,0,0,0
25-Nov-2025,1434.1,Call,1340,0,0,30.4308,0,0,0
25-Nov-2025,1434.1,Call,1160,0,0,30.4308,0,0,0
30-Dec-2025,1434.1,Put,1400,0,0,30.4308,0,0,0
30-Dec-2025,1434.1,Call,1440,0,0,0,0,0,0
30-Dec-2025,1434.1,Call,1400,0,0,0,0,0,0
30-Dec-2025,1434.1,Put,1440,0,0,0,0,0,0
30-Dec-2025,1434.1,Call,1600,0,0,0,0,0,0
30-Dec-2025,1434.1,Put,1360,0,0,0,0,0,0
30-Dec-2025,1434.1,Call,1560,0,0,0,0,0,0
30-Dec-2025,1434.1,Put,1520,0,0,0,0,0,0
30-Dec-2025,1434.1,Call,1480,0,0,0,0,0,0
30-Dec-2025,1434.1,Call,1520,0,0,0,0,0,0
30-Dec-2025,1434.1,Put,1320,0,0,30.4308,0,0,0
30-Dec-2025,1434.1,Put,1280,0,0,0,0,0,0
30-Dec-2025,1434.1,Put,1480,0,0,0,0,0,0
