28-Oct-2025,2096.5,Call,2100,27.5,18.17,28.2543,-121,2270,2174
28-Oct-2025,2096.5,Call,2120,18.7,18.1,28.2543,305,758,848
28-Oct-2025,2096.5,Call,2180,4.6,18.66,28.2543,-21,306,737
28-Oct-2025,2096.5,Put,2100,25.25,18.77,28.2543,89,782,725
28-Oct-2025,2096.5,Call,2080,39.5,18.42,28.2543,81,1890,585
28-Oct-2025,2096.5,Put,2080,17.3,18.97,28.2543,34,745,580
28-Oct-2025,2096.5,-,0,2102.8,0,28.2543,4,36188,552
28-Oct-2025,2096.5,Call,2140,11.9,18.12,28.2543,-44,424,551
28-Oct-2025,2096.5,Put,2040,8,20.37,28.2543,9,892,495
28-Oct-2025,2096.5,Call,2160,7.4,18.25,28.2543,-3,318,384
28-Oct-2025,2096.5,Call,2200,3,19.52,28.2543,48,799,375
28-Oct-2025,2096.5,Put,2060,11.75,19.57,28.2543,-7,621,370
28-Oct-2025,2096.5,Put,2000,3.75,22.48,28.2543,57,1004,349
28-Oct-2025,2096.5,Put,1980,2.6,23.46,28.2543,-3,293,169
28-Oct-2025,2096.5,Put,1800,0.1,33.55,28.2543,-10,1072,162
28-Oct-2025,2096.5,Put,2020,5.35,21.25,28.2543,-2,464,133
25-Nov-2025,2096.5,-,0,2115.4,0,28.2543,21,1022,96
28-Oct-2025,2096.5,Call,2060,53.65,19.29,28.2543,-2,843,90
28-Oct-2025,2096.5,Put,2140,49.75,18.53,28.2543,19,49,65
28-Oct-2025,2096.5,Put,1760,0.15,37.96,28.2543,16,33,62
28-Oct-2025,2096.5,Put,1720,0.25,44.81,28.2543,12,739,57
28-Oct-2025,2096.5,Call,2220,1.65,20.07,28.2543,-8,321,54
28-Oct-2025,2096.5,Call,2240,1.1,20.89,28.2543,2,902,53
28-Oct-2025,2096.5,Put,2120,36.45,18.23,28.2543,11,101,48
28-Oct-2025,2096.5,Put,1960,2,24.87,28.2543,-11,206,43
28-Oct-2025,2096.5,Put,1860,0.5,31.29,28.2543,0,269,43
28-Oct-2025,2096.5,Call,2040,70.35,19.56,28.2543,1,773,33
28-Oct-2025,2096.5,Put,1940,1.6,26.23,28.2543,-8,220,21
25-Nov-2025,2096.5,Call,2100,65,21.26,28.2543,6,126,20
28-Oct-2025,2096.5,Call,2020,86.15,23.86,28.2543,-2,394,18
28-Oct-2025,2096.5,Put,1900,1,29.6,28.2543,1,230,16
25-Nov-2025,2096.5,Put,1900,6.55,24.33,28.2543,2,64,14
28-Oct-2025,2096.5,Call,2280,0.55,22.78,28.2543,0,228,13
28-Oct-2025,2096.5,Call,2000,102,22.68,28.2543,-1,509,10
28-Oct-2025,2096.5,Call,1980,124.55,0,28.2543,-7,46,9
28-Oct-2025,2096.5,Call,2260,0.8,21.74,28.2543,-1,269,9
28-Oct-2025,2096.5,Put,1820,0.4,34.57,28.2543,-3,51,9
25-Nov-2025,2096.5,Put,2000,20.15,22.74,28.2543,1,116,9
30-Dec-2025,2096.5,-,0,2122,0,28.2543,-1,85,8
28-Oct-2025,2096.5,Put,1840,0.55,34.17,28.2543,-4,111,8
28-Oct-2025,2096.5,Put,1880,0.75,30.6,28.2543,-2,98,7
25-Nov-2025,2096.5,Put,1960,13.3,23.53,28.2543,2,33,7
25-Nov-2025,2096.5,Call,2240,17.6,21.58,28.2543,0,52,6
25-Nov-2025,2096.5,Call,2200,26.9,21.28,28.2543,0,73,6
25-Nov-2025,2096.5,Put,2060,37.5,22.48,28.2543,0,8,6
28-Oct-2025,2096.5,Put,1920,1.1,27.16,28.2543,-3,344,5
25-Nov-2025,2096.5,Call,2400,4.2,24.37,28.2543,4,18,5
28-Oct-2025,2096.5,Put,2200,100,0,28.2543,0,134,4
25-Nov-2025,2096.5,Call,2280,12,22.03,28.2543,0,43,4
25-Nov-2025,2096.5,Call,2300,11,0,0,0,0,4
28-Oct-2025,2096.5,Call,2320,0.5,26.41,28.2543,0,79,3
28-Oct-2025,2096.5,Put,2160,70.35,20.19,28.2543,-1,16,3
25-Nov-2025,2096.5,Put,2100,54,0,28.2543,1,68,2
25-Nov-2025,2096.5,Put,2300,193,0,0,0,0,2
25-Nov-2025,2096.5,Call,2000,130,21.31,28.2543,1,66,2
25-Nov-2025,2096.5,Put,1840,8.8,32.04,28.2543,0,16,2
28-Oct-2025,2096.5,Call,2400,0.2,30.35,28.2543,0,35,2
28-Oct-2025,2096.5,Call,1920,178,24.79,28.2543,0,9,1
28-Oct-2025,2096.5,Call,1960,140,25.7,28.2543,0,33,1
25-Nov-2025,2096.5,Put,2200,116,0,28.2543,0,17,1
25-Nov-2025,2096.5,Call,2220,23.35,22.26,28.2543,0,13,1
25-Nov-2025,2096.5,Call,2320,8,22.57,28.2543,0,5,1
28-Oct-2025,2096.5,Call,1940,0,0,28.2543,0,20,0
28-Oct-2025,2096.5,Put,2320,0,0,28.2543,0,12,0
28-Oct-2025,2096.5,Put,2180,0,0,28.2543,0,0,0
28-Oct-2025,2096.5,Put,2280,0,0,28.2543,0,8,0
28-Oct-2025,2096.5,Call,1720,0,0,28.2543,0,40,0
28-Oct-2025,2096.5,Put,2240,0,0,28.2543,0,5,0
28-Oct-2025,2096.5,Put,2360,0,0,28.2543,0,12,0
28-Oct-2025,2096.5,Put,2260,0,0,28.2543,0,0,0
28-Oct-2025,2096.5,Call,1740,0,0,28.2543,0,25,0
28-Oct-2025,2096.5,Call,2360,0,0,28.2543,0,25,0
28-Oct-2025,2096.5,Put,2220,0,0,28.2543,0,0,0
28-Oct-2025,2096.5,Call,1680,0,0,28.2543,0,0,0
28-Oct-2025,2096.5,Call,1880,0,0,28.2543,0,20,0
28-Oct-2025,2096.5,Put,2300,0,0,0,0,0,0
28-Oct-2025,2096.5,Call,2300,0,0,0,0,0,0
25-Nov-2025,2096.5,Put,2160,0,0,28.2543,0,0,0
25-Nov-2025,2096.5,Put,2280,0,0,28.2543,0,0,0
28-Oct-2025,2096.5,Call,1900,0,0,28.2543,0,68,0
25-Nov-2025,2096.5,Put,2040,0,0,28.2543,0,0,0
28-Oct-2025,2096.5,Call,1780,0,0,28.2543,0,4,0
25-Nov-2025,2096.5,Call,1840,0,0,28.2543,0,0,0
25-Nov-2025,2096.5,Call,1820,0,0,28.2543,0,0,0
25-Nov-2025,2096.5,Put,1760,0,0,28.2543,0,0,0
28-Oct-2025,2096.5,Put,2400,0,0,28.2543,0,132,0
25-Nov-2025,2096.5,Put,2120,0,0,28.2543,0,34,0
25-Nov-2025,2096.5,Call,1920,0,0,28.2543,0,1,0
25-Nov-2025,2096.5,Put,1720,0,0,28.2543,0,0,0
28-Oct-2025,2096.5,Call,1860,0,0,28.2543,0,2,0
25-Nov-2025,2096.5,Call,1760,0,0,28.2543,0,0,0
25-Nov-2025,2096.5,Call,2260,0,0,0,0,0,0
25-Nov-2025,2096.5,Call,1900,0,0,28.2543,0,25,0
28-Oct-2025,2096.5,Call,1840,0,0,28.2543,0,0,0
25-Nov-2025,2096.5,Put,1880,0,0,28.2543,0,53,0
25-Nov-2025,2096.5,Put,2400,0,0,28.2543,0,1,0
25-Nov-2025,2096.5,Put,2240,0,0,28.2543,0,1,0
28-Oct-2025,2096.5,Put,1740,0,0,28.2543,0,90,0
25-Nov-2025,2096.5,Put,2140,0,0,28.2543,0,0,0
25-Nov-2025,2096.5,Put,1980,0,0,28.2543,0,0,0
25-Nov-2025,2096.5,Put,2020,0,0,28.2543,0,4,0
25-Nov-2025,2096.5,Put,2080,0,0,28.2543,0,7,0
25-Nov-2025,2096.5,Call,2360,0,0,28.2543,0,1,0
28-Oct-2025,2096.5,Call,1820,0,0,28.2543,0,7,0
28-Oct-2025,2096.5,Call,1760,0,0,28.2543,0,3,0
25-Nov-2025,2096.5,Call,1940,0,0,28.2543,0,0,0
25-Nov-2025,2096.5,Put,2320,0,0,28.2543,0,0,0
25-Nov-2025,2096.5,Put,1680,0,0,28.2543,0,0,0
25-Nov-2025,2096.5,Call,1980,0,0,28.2543,0,0,0
25-Nov-2025,2096.5,Call,1860,0,0,28.2543,0,0,0
25-Nov-2025,2096.5,Call,1880,0,0,28.2543,0,12,0
25-Nov-2025,2096.5,Put,2360,0,0,28.2543,0,0,0
30-Dec-2025,2096.5,Call,2280,0,0,0,0,0,0
25-Nov-2025,2096.5,Call,2120,0,0,28.2543,0,0,0
30-Dec-2025,2096.5,Put,2040,0,0,28.2543,0,0,0
25-Nov-2025,2096.5,Call,1960,0,0,28.2543,0,4,0
30-Dec-2025,2096.5,Put,1960,0,0,28.2543,0,0,0
25-Nov-2025,2096.5,Put,2180,0,0,28.2543,0,0,0
30-Dec-2025,2096.5,Call,2240,0,0,28.2543,0,0,0
25-Nov-2025,2096.5,Put,1920,0,0,28.2543,0,63,0
30-Dec-2025,2096.5,Call,2160,0,0,28.2543,0,0,0
25-Nov-2025,2096.5,Call,2020,0,0,28.2543,0,14,0
25-Nov-2025,2096.5,Call,2160,0,0,28.2543,0,2,0
25-Nov-2025,2096.5,Call,2040,0,0,28.2543,0,3,0
25-Nov-2025,2096.5,Call,2180,0,0,28.2543,0,5,0
30-Dec-2025,2096.5,Call,2200,0,0,28.2543,0,2,0
25-Nov-2025,2096.5,Put,1820,0,0,28.2543,0,0,0
25-Nov-2025,2096.5,Put,2260,0,0,0,0,0,0
30-Dec-2025,2096.5,Put,2000,0,0,28.2543,0,0,0
30-Dec-2025,2096.5,Put,2080,0,0,28.2543,0,0,0
25-Nov-2025,2096.5,Call,2060,0,0,28.2543,0,0,0
28-Oct-2025,2096.5,Put,1680,0,0,28.2543,0,3,0
25-Nov-2025,2096.5,Put,1800,0,0,28.2543,0,0,0
25-Nov-2025,2096.5,Put,1860,0,0,28.2543,0,0,0
25-Nov-2025,2096.5,Call,2080,0,0,28.2543,0,34,0
25-Nov-2025,2096.5,Put,1940,0,0,28.2543,0,0,0
25-Nov-2025,2096.5,Call,1800,0,0,28.2543,0,0,0
28-Oct-2025,2096.5,Call,1800,0,0,28.2543,0,109,0
30-Dec-2025,2096.5,Put,2160,0,0,28.2543,0,0,0
25-Nov-2025,2096.5,Put,2220,0,0,28.2543,0,0,0
25-Nov-2025,2096.5,Call,1680,0,0,28.2543,0,0,0
25-Nov-2025,2096.5,Call,1720,0,0,28.2543,0,1,0
30-Dec-2025,2096.5,Call,2120,0,0,28.2543,0,0,0
25-Nov-2025,2096.5,Call,2140,0,0,28.2543,0,7,0
30-Dec-2025,2096.5,Call,2080,0,0,28.2543,0,0,0
30-Dec-2025,2096.5,Put,2200,0,0,0,0,0,0
30-Dec-2025,2096.5,Put,2120,0,0,28.2543,0,0,0
