28-Oct-2025,57646.65,Call,57500,563.4,10.83,17.2272,2636,27239,295796
28-Oct-2025,57646.65,Call,58000,316.05,10.84,17.2272,5272,39364,255718
28-Oct-2025,57646.65,Put,57500,378.55,12.26,17.2272,6192,20444,211898
28-Oct-2025,57646.65,Put,57000,219,12.68,17.2272,7642,68591,173358
28-Oct-2025,57646.65,Call,57600,507.6,10.82,17.2272,1042,7607,154590
28-Oct-2025,57646.65,Call,59000,84.65,11.65,17.2272,2443,28109,150483
28-Oct-2025,57646.65,Call,57700,453.3,10.82,17.2272,1711,9297,147362
28-Oct-2025,57646.65,Call,58500,163.2,11.06,17.2272,3171,23674,141968
28-Oct-2025,57646.65,Call,57800,404.1,10.84,17.2272,5797,12222,141411
28-Oct-2025,57646.65,Call,57400,624.95,10.87,17.2272,-651,9854,132319
28-Oct-2025,57646.65,Call,60000,26.5,13.3,17.2272,-1279,28590,128786
28-Oct-2025,57646.65,Put,57400,341.3,12.36,17.2272,2542,7129,107754
28-Oct-2025,57646.65,Put,57600,421.3,12.27,17.2272,4488,6598,92795
28-Oct-2025,57646.65,Put,56000,86.85,14.83,17.2272,1234,38915,89048
28-Oct-2025,57646.65,Put,57300,305.2,12.43,17.2272,1493,6577,88789
28-Oct-2025,57646.65,Put,57700,467.2,12.28,17.2272,3001,4156,84901
28-Oct-2025,57646.65,Call,59500,46.5,12.44,17.2272,5077,21089,83560
28-Oct-2025,57646.65,Call,57300,688.95,10.85,17.2272,-1086,5584,82946
28-Oct-2025,57646.65,Call,57900,360.3,10.87,17.2272,3548,12486,76074
28-Oct-2025,57646.65,Put,55000,42.6,17.55,17.2272,3674,47198,72320
28-Oct-2025,57646.65,Call,57000,900,10.88,17.2272,-2278,56980,70303
28-Oct-2025,57646.65,Put,56500,134.5,13.65,17.2272,-716,21696,69750
28-Oct-2025,57646.65,Put,57800,519.3,12.25,17.2272,2583,3085,66249
28-Oct-2025,57646.65,Call,60500,15.2,14.11,17.2272,5893,17332,65780
28-Oct-2025,57646.65,Call,58200,245.05,10.92,17.2272,4530,8379,64226
28-Oct-2025,57646.65,Call,61000,10.7,15.32,17.2272,780,14640,62309
28-Oct-2025,57646.65,Put,54000,24.5,20.49,17.2272,3216,35612,55351
28-Oct-2025,57646.65,Put,57200,274.2,12.51,17.2272,170,7378,54889
28-Oct-2025,57646.65,Call,58100,279.45,10.85,17.2272,1929,6933,54594
28-Oct-2025,57646.65,Call,58300,214.5,10.94,17.2272,331,4557,53698
28-Oct-2025,57646.65,Put,58000,629.7,12.28,17.2272,4248,9486,53291
28-Oct-2025,57646.65,Call,57200,756,10.89,17.2272,1211,7380,48868
28-Oct-2025,57646.65,Put,54500,32.15,19.06,17.2272,-1242,26026,48236
28-Oct-2025,57646.65,Put,55500,60.3,16.25,17.2272,1282,28656,47300
28-Oct-2025,57646.65,Put,53000,15.55,23.45,17.2272,-1466,18962,42348
28-Oct-2025,57646.65,Call,58600,143.6,11.19,17.2272,1023,4483,41115
28-Oct-2025,57646.65,Put,53500,19.45,22.05,17.2272,-3074,15755,41087
28-Oct-2025,57646.65,Call,62000,6.1,17.69,17.2272,6357,10283,38137
28-Oct-2025,57646.65,Put,57100,246.45,12.61,17.2272,69,6428,37622
28-Oct-2025,57646.65,Call,58700,124,11.27,17.2272,1222,4651,37080
28-Oct-2025,57646.65,Call,58400,187.65,11.02,17.2272,1403,4177,36669
28-Oct-2025,57646.65,Call,58800,109.9,11.4,17.2272,387,4480,36082
28-Oct-2025,57646.65,Call,58900,96.2,11.51,17.2272,-381,3882,35429
28-Oct-2025,57646.65,Put,52000,10.75,26.53,17.2272,1136,19289,34000
28-Oct-2025,57646.65,-,0,57691.2,0,17.2272,-1832,46539,31103
28-Oct-2025,57646.65,Call,59200,65.2,11.88,17.2272,-312,2110,28144
28-Oct-2025,57646.65,Put,56800,180,13.04,17.2272,10,6582,27413
28-Oct-2025,57646.65,Call,61500,8.15,16.54,17.2272,2546,5908,26711
28-Oct-2025,57646.65,Put,56700,163.25,13.22,17.2272,-54,5053,26246
28-Oct-2025,57646.65,Put,56900,198.95,12.86,17.2272,1233,5968,25503
28-Oct-2025,57646.65,Put,57900,572.7,12.28,17.2272,1707,2111,25311
28-Oct-2025,57646.65,Call,59100,73.75,11.75,17.2272,1174,2444,25231
28-Oct-2025,57646.65,Put,56400,121.1,13.8,17.2272,-657,12282,21993
28-Oct-2025,57646.65,Call,57100,829.15,10.91,17.2272,-1153,4894,20811
28-Oct-2025,57646.65,Put,56600,148,13.45,17.2272,-682,5784,20091
28-Oct-2025,57646.65,Put,50000,8.4,34.23,17.2272,5351,13673,19962
25-Nov-2025,57646.65,Call,59000,448.75,10.54,17.2272,4569,10647,19738
28-Oct-2025,57646.65,Put,56300,112.3,14.15,17.2272,-810,10734,19353
28-Oct-2025,57646.65,Call,59300,57.95,12.05,17.2272,349,1561,18456
25-Nov-2025,57646.65,Call,58000,858.35,10.17,17.2272,-657,6000,17823
28-Oct-2025,57646.65,Put,51000,9.3,30.36,17.2272,-2552,5151,17371
28-Oct-2025,57646.65,Call,59800,32.7,12.91,17.2272,365,1170,17261
28-Oct-2025,57646.65,Put,56200,102.5,14.32,17.2272,1037,6350,17180
28-Oct-2025,57646.65,Call,59400,51.15,12.23,17.2272,368,1958,16617
28-Oct-2025,57646.65,Call,59700,36.25,12.76,17.2272,551,962,15263
28-Oct-2025,57646.65,Call,59600,40.25,12.57,17.2272,780,1738,13919
28-Oct-2025,57646.65,Put,52500,12.6,24.99,17.2272,-1183,9868,13387
28-Oct-2025,57646.65,Call,63000,4.9,20.55,17.2272,76,5456,13069
25-Nov-2025,57646.65,Call,60000,211,10.68,17.2272,1998,6550,12950
28-Oct-2025,57646.65,Put,56100,93.95,14.54,17.2272,732,4487,12166
25-Nov-2025,57646.65,Put,57000,495.8,13.03,17.2272,2142,7629,11844
28-Oct-2025,57646.65,Put,55800,74.55,15.37,17.2272,-394,4879,11551
28-Oct-2025,57646.65,Call,59900,29,13.09,17.2272,790,1082,11506
28-Oct-2025,57646.65,Put,55700,69.5,15.68,17.2272,-3,5218,11312
28-Oct-2025,57646.65,Put,55300,52.2,16.8,17.2272,-614,7170,11198
28-Oct-2025,57646.65,Put,46000,3.9,47.5,17.2272,1811,18065,10938
28-Oct-2025,57646.65,Call,56500,1312,11.94,17.2272,-1706,13367,10744
28-Oct-2025,57646.65,Put,54600,34.45,18.82,17.2272,1229,6446,10660
28-Oct-2025,57646.65,Put,55900,81.2,15.14,17.2272,-642,9943,10231
28-Oct-2025,57646.65,Call,56800,1060,11.68,17.2272,-2528,3784,9955
28-Oct-2025,57646.65,Call,60100,23.75,13.45,17.2272,-129,698,8997
28-Oct-2025,57646.65,Call,63500,4.45,21.97,17.2272,49,10867,8933
28-Oct-2025,57646.65,Put,51500,9.95,28.57,17.2272,-975,3903,8793
28-Oct-2025,57646.65,Put,54700,36.25,18.54,17.2272,-449,6891,8443
28-Oct-2025,57646.65,Put,55100,45.95,17.3,17.2272,-2056,5554,8379
28-Oct-2025,57646.65,Call,56700,1077.9,11.55,17.2272,-2567,3596,8184
28-Oct-2025,57646.65,Put,55600,64.85,15.99,17.2272,-110,5838,8031
25-Nov-2025,57646.65,Put,57500,663.5,12.83,17.2272,1622,3628,8006
28-Oct-2025,57646.65,Call,60400,17.3,14.06,17.2272,381,583,7853
28-Oct-2025,57646.65,Call,62500,5.45,19.23,17.2272,1553,2064,7740
28-Oct-2025,57646.65,Put,55200,49.1,17.05,17.2272,-22,5155,7638
28-Oct-2025,57646.65,Put,55400,55.9,16.53,17.2272,-670,4605,7366
28-Oct-2025,57646.65,Call,56000,1767.25,11.56,17.2272,-2335,17603,7238
28-Oct-2025,57646.65,Call,60200,20.95,13.77,17.2272,-222,662,7191
28-Oct-2025,57646.65,Put,54800,38.45,18.23,17.2272,-234,5442,7005
25-Nov-2025,57646.65,Put,55000,155.55,14.53,17.2272,230,7626,6806
28-Oct-2025,57646.65,Call,60300,19.45,13.93,17.2272,-133,955,6450
25-Nov-2025,57646.65,Put,56000,272.5,13.65,17.2272,116,5461,6398
25-Nov-2025,57646.65,Call,59500,305.35,10.49,17.2272,991,2466,6343
28-Oct-2025,57646.65,Put,48000,5.8,41.19,17.2272,709,4503,6199
28-Oct-2025,57646.65,Call,60800,12.7,14.87,17.2272,243,436,6156
28-Oct-2025,57646.65,Put,54200,27.15,19.98,17.2272,-250,2066,6103
25-Nov-2025,57646.65,Call,57500,1144.3,10.15,17.2272,-74,2897,5882
28-Oct-2025,57646.65,Put,54900,40.25,17.9,17.2272,-458,4722,5775
28-Oct-2025,57646.65,Put,50500,8.9,32.29,17.2272,-314,1628,5758
25-Nov-2025,57646.65,Put,58000,870.95,12.81,17.2272,675,2033,5700
25-Nov-2025,57646.65,Call,57000,1468.95,10.21,17.2272,542,5835,5605
25-Nov-2025,57646.65,Call,58500,618.3,10.27,17.2272,1139,2656,5589
28-Oct-2025,57646.65,Call,60700,13.7,14.71,17.2272,332,610,5553
28-Oct-2025,57646.65,Call,60600,14.7,14.48,17.2272,132,667,5500
28-Oct-2025,57646.65,Put,58500,980,12.55,17.2272,660,1057,5488
28-Oct-2025,57646.65,Call,64000,4.1,23.3,17.2272,493,1944,5425
28-Oct-2025,57646.65,Call,56900,968.05,11.8,17.2272,-491,3226,5317
28-Oct-2025,57646.65,Put,58200,764.25,12.59,17.2272,327,554,5295
28-Oct-2025,57646.65,Put,54400,31.05,19.41,17.2272,-1302,2081,5180
25-Nov-2025,57646.65,Put,55500,207.35,14.1,17.2272,999,3375,5083
28-Oct-2025,57646.65,Put,58100,694.8,12.36,17.2272,351,587,4828
25-Nov-2025,57646.65,Put,56500,370,13.27,17.2272,425,3046,4776
25-Nov-2025,57646.65,-,0,57990,0,17.2272,717,6857,4739
28-Oct-2025,57646.65,Call,55500,2231.3,8.58,17.2272,-1884,7792,4454
28-Oct-2025,57646.65,Put,49000,6.95,37.63,17.2272,242,2097,4333
25-Nov-2025,57646.65,Call,61000,100.3,11.22,17.2272,343,1676,4101
28-Oct-2025,57646.65,Put,54300,28.8,19.68,17.2272,-308,2165,4100
28-Oct-2025,57646.65,Call,60900,11.8,15.2,17.2272,278,401,3825
28-Oct-2025,57646.65,Call,56600,1227.8,10.94,17.2272,-1370,2775,3705
28-Oct-2025,57646.65,Put,53800,22.5,21.24,17.2272,-1016,1670,3688
28-Oct-2025,57646.65,Call,56400,1400.35,11.44,17.2272,-1558,3592,3467
25-Nov-2025,57646.65,Put,54000,92.05,15.6,17.2272,765,5232,3409
28-Oct-2025,57646.65,Call,61100,10.6,15.66,17.2272,198,249,3241
28-Oct-2025,57646.65,Put,49500,7.2,35.68,17.2272,94,1161,3240
30-Dec-2025,57646.65,Call,60000,497,9.49,17.2272,-259,3312,3184
28-Oct-2025,57646.65,Call,61200,9.55,15.95,17.2272,223,344,3150
28-Oct-2025,57646.65,Put,47000,4.45,43.96,17.2272,126,1528,3080
28-Oct-2025,57646.65,Put,54100,25.7,20.27,17.2272,-209,1585,2959
25-Nov-2025,57646.65,Call,62000,53.45,12.2,17.2272,622,1342,2700
25-Nov-2025,57646.65,Put,53000,61,17.05,17.2272,-50,3323,2633
28-Oct-2025,57646.65,Put,46500,3.8,45.54,17.2272,-78,1429,2485
25-Nov-2025,57646.65,Put,54500,116.35,14.93,17.2272,234,4704,2394
28-Oct-2025,57646.65,Put,59000,1400,13.49,17.2272,337,1968,2280
28-Oct-2025,57646.65,Call,61700,7.9,17.32,17.2272,370,430,2107
25-Nov-2025,57646.65,Call,61500,71.3,11.77,17.2272,109,679,2107
28-Oct-2025,57646.65,Call,55800,1920.45,12.71,17.2272,-882,1660,2062
28-Oct-2025,57646.65,Put,60000,2328.05,17.55,17.2272,177,3404,2008
25-Nov-2025,57646.65,Put,58500,1163,12.82,17.2272,889,1216,1929
28-Oct-2025,57646.65,Put,53700,21.95,21.42,17.2272,-317,1970,1851
28-Oct-2025,57646.65,Put,53400,18.6,22.24,17.2272,-181,709,1782
25-Nov-2025,57646.65,Put,53500,71.55,16.24,17.2272,-25,2273,1780
28-Oct-2025,57646.65,Put,58300,827.55,11.75,17.2272,140,299,1776
28-Oct-2025,57646.65,Call,55000,2645,14.94,17.2272,-979,17243,1765
28-Oct-2025,57646.65,Put,53100,15.8,23.39,17.2272,-119,526,1756
28-Oct-2025,57646.65,Call,64500,3.8,24.74,17.2272,122,284,1695
30-Dec-2025,57646.65,-,0,58326.8,0,17.2272,294,2452,1682
25-Nov-2025,57646.65,Call,63000,37.3,13.6,17.2272,523,852,1553
28-Oct-2025,57646.65,Put,52600,12.95,24.76,17.2272,-156,277,1375
25-Nov-2025,57646.65,Call,60500,139.25,10.97,17.2272,487,487,1332
25-Nov-2025,57646.65,Put,57700,744,12.79,17.2272,302,366,1298
28-Oct-2025,57646.65,Put,53300,17.9,22.61,17.2272,-163,929,1286
25-Nov-2025,57646.65,Call,57800,939.1,10.47,17.2272,239,324,1283
25-Nov-2025,57646.65,Put,57800,797.1,12.75,17.2272,113,243,1274
25-Nov-2025,57646.65,Put,57600,702,12.84,17.2272,42,261,1263
28-Oct-2025,57646.65,Call,56300,1480.95,12.93,17.2272,-460,3047,1247
30-Dec-2025,57646.65,Put,57000,672.8,13.2,17.2272,14,2663,1233
28-Oct-2025,57646.65,Put,53600,20.75,21.8,17.2272,38,3319,1230
25-Nov-2025,57646.65,Call,57400,1192.65,10.78,17.2272,38,202,1229
25-Nov-2025,57646.65,Put,59000,1470,12.87,17.2272,295,761,1222
28-Oct-2025,57646.65,Put,52700,13.7,24.52,17.2272,-160,401,1213
28-Oct-2025,57646.65,Put,52400,12.35,25.37,17.2272,-13,362,1184
25-Nov-2025,57646.65,Call,57700,984.4,10.52,17.2272,142,206,1154
28-Oct-2025,57646.65,Call,61600,7.7,16.9,17.2272,-12,56,1134
28-Oct-2025,57646.65,Put,48500,6.5,39.44,17.2272,32,806,1133
28-Oct-2025,57646.65,Put,52800,14.55,24.17,17.2272,238,668,1116
25-Nov-2025,57646.65,Put,52000,45.7,18.86,17.2272,112,1612,1112
28-Oct-2025,57646.65,Call,65000,3.55,26.03,0,0,489,1060
25-Nov-2025,57646.65,Call,58200,735.55,10.46,17.2272,390,390,1004
25-Nov-2025,57646.65,Put,57400,627,12.65,17.2272,74,255,990
28-Oct-2025,57646.65,Put,53200,16.85,22.86,17.2272,32,770,981
25-Nov-2025,57646.65,Call,59100,410.3,10.53,17.2272,299,366,970
25-Nov-2025,57646.65,Call,57600,1077.2,10.44,17.2272,22,207,969
28-Oct-2025,57646.65,Put,58400,903.3,12.73,17.2272,104,182,938
28-Oct-2025,57646.65,Call,56200,1562.15,12.91,17.2272,-161,1690,931
25-Nov-2025,57646.65,Call,58100,770.95,10.4,17.2272,55,216,925
25-Nov-2025,57646.65,Put,57200,560.35,12.85,17.2272,94,452,925
25-Nov-2025,57646.65,Call,58600,574.5,10.4,17.2272,26,208,895
30-Dec-2025,57646.65,Put,56000,435,13.64,17.2272,95,1199,867
25-Nov-2025,57646.65,Put,57300,598.35,12.85,17.2272,34,315,845
28-Oct-2025,57646.65,Call,61400,8.75,16.46,17.2272,201,223,827
30-Dec-2025,57646.65,Put,55000,282,14.18,17.2272,29,1514,794
30-Dec-2025,57646.65,Put,52500,99.2,15.88,17.2272,-54,2443.28571429,784
25-Nov-2025,57646.65,Put,57900,830.7,12.43,17.2272,110,188,765
25-Nov-2025,57646.65,Put,52500,52.6,17.89,17.2272,69,754,761
25-Nov-2025,57646.65,Call,62500,44.5,12.92,17.2272,288,329,748
30-Dec-2025,57646.65,Put,54500,229.9,14.48,17.2272,215,1428,748
25-Nov-2025,57646.65,Call,58700,526.75,10.43,17.2272,64,613,744
25-Nov-2025,57646.65,Call,57900,899.9,10.4,17.2272,30,222,740
30-Dec-2025,57646.65,Call,58500,1055.8,9.14,17.2272,223,1845,738
28-Oct-2025,57646.65,Put,47500,5,42.46,17.2272,-160,1653,728
25-Nov-2025,57646.65,Call,56500,1827,10.62,17.2272,34,1240,716
25-Nov-2025,57646.65,Call,56000,2220,9.87,17.2272,-155,3061,716
28-Oct-2025,57646.65,Put,51300,9.45,29.14,17.2272,-17,222,690
28-Oct-2025,57646.65,Call,61300,9.2,16.21,17.2272,160,160,684
30-Dec-2025,57646.65,Call,58000,1319.75,9.21,17.2272,154,529,682
30-Dec-2025,57646.65,Put,58000,1035,13.13,17.2272,-32,401,680
28-Oct-2025,57646.65,Put,52300,14.2,26.32,17.2272,16,232,669
30-Dec-2025,57646.65,Put,54000,177.4,14.79,17.2272,-101,4415,661
28-Oct-2025,57646.65,Put,48700,6.5,38.6,17.2272,41,130,630
25-Nov-2025,57646.65,Call,57300,1252.45,10.54,17.2272,1,154,626
28-Oct-2025,57646.65,Call,54000,3700,19.93,17.2272,-165,6543,607
30-Dec-2025,57646.65,Call,59500,632.65,9.39,17.2272,151,480,600
25-Nov-2025,57646.65,Put,57100,542,12.79,17.2272,42,369,590
25-Nov-2025,57646.65,Put,56800,444,12.92,17.2272,41,364,586
30-Dec-2025,57646.65,Put,57500,842.3,13.16,17.2272,112,459,579
25-Nov-2025,57646.65,Call,58900,469.75,10.56,17.2272,183,302,571
30-Dec-2025,57646.65,Put,55500,350,13.88,17.2272,65,2154.71428571,550
28-Oct-2025,57646.65,Put,52100,11.4,26.65,17.2272,17,190,544
25-Nov-2025,57646.65,Put,50000,28.95,22.59,17.2272,196,1338,543
25-Nov-2025,57646.65,Call,58300,706.6,10.55,17.2272,108,108,530
25-Nov-2025,57646.65,Call,59800,231.6,10.86,17.2272,176,177,523
25-Nov-2025,57646.65,Call,57200,1310,10.21,17.2272,10,291,518
28-Oct-2025,57646.65,Call,54500,3190,15.46,17.2272,-144,5961,515
28-Oct-2025,57646.65,Put,51900,11.1,27.16,17.2272,28,194,487
28-Oct-2025,57646.65,Put,51800,10.65,27.39,17.2272,-34,217,487
25-Nov-2025,57646.65,Put,55800,249,13.75,17.2272,112,308,487
28-Oct-2025,57646.65,Put,52900,14.75,23.9,17.2272,-51,207,486
28-Oct-2025,57646.65,Put,58600,1065,12,17.2272,152,177,474
28-Oct-2025,57646.65,Put,50300,8.6,33.02,17.2272,-8,89,473
28-Oct-2025,57646.65,Call,56100,1661.85,11.63,17.2272,-235,1544,470
30-Dec-2025,57646.65,Call,57000,1940.05,8.73,17.2272,-45,3298,463
25-Nov-2025,57646.65,Call,59400,328.25,10.73,17.2272,226,226,458
28-Oct-2025,57646.65,Put,49800,8.05,34.87,17.2272,-21,106,454
25-Nov-2025,57646.65,Call,58400,674,10.62,17.2272,31,120,434
25-Nov-2025,57646.65,Put,60000,2210,13.6,17.2272,113,501,431
28-Oct-2025,57646.65,Put,49100,7,37.24,17.2272,-1,72,417
28-Oct-2025,57646.65,Put,50400,9.1,32.83,17.2272,5,103,410
25-Nov-2025,57646.65,Put,58100,933.95,12.61,17.2272,56,112,410
25-Nov-2025,57646.65,Call,58800,503.05,10.43,17.2272,154,154,390
25-Nov-2025,57646.65,Put,56900,469.35,13.02,17.2272,27,182,369
30-Dec-2025,57646.65,Put,58500,1263.4,13.32,17.2272,53,514,365
25-Nov-2025,57646.65,Put,56600,401,13.2,17.2272,-19,352,364
28-Oct-2025,57646.65,Call,61900,6.45,17.56,0,0,44,349
25-Nov-2025,57646.65,Put,59500,1826.35,13.32,17.2272,125,149,331
25-Nov-2025,57646.65,Put,56200,315,13.39,17.2272,69,267,330
30-Dec-2025,57646.65,Call,59000,828.65,9.29,17.2272,147,147,326
28-Oct-2025,57646.65,Put,61000,3468,27.47,17.2272,-56,461,323
25-Nov-2025,57646.65,Put,55400,198.5,14.61,17.2272,130,252,323
28-Oct-2025,57646.65,Put,52200,11.45,26.08,17.2272,0,190,322
31-Mar-2026,57646.65,Put,57000,840.05,13.34,17.2272,53,3845,322
31-Mar-2026,57646.65,Call,60000,1336.35,8.12,17.2272,131,1016,308
25-Nov-2025,57646.65,Call,55000,3098,0,17.2272,-56,1162,305
28-Oct-2025,57646.65,Call,55700,2030,14.02,17.2272,-59,2845,303
28-Oct-2025,57646.65,Call,55200,2511.95,17.22,17.2272,-107,966,299
28-Oct-2025,57646.65,Put,51200,9.35,29.61,17.2272,-3,121,294
25-Nov-2025,57646.65,Put,56400,355,13.29,17.2272,99,238,293
28-Oct-2025,57646.65,Put,48900,7.6,38.44,17.2272,12,48,284
25-Nov-2025,57646.65,Put,56700,418.9,13.35,17.2272,-1,361,269
28-Oct-2025,57646.65,Put,51700,10,27.78,17.2272,18,119,266
25-Nov-2025,57646.65,Put,56300,330,13.31,17.2272,-63,190,263
25-Nov-2025,57646.65,Put,58700,1282.95,12.98,17.2272,115,138,262
30-Dec-2025,57646.65,Put,53000,128.1,15.69,17.2272,66,400,255
30-Dec-2025,57646.65,Put,51000,70,17.89,17.2272,19,1381.57142857,249
28-Oct-2025,57646.65,Put,58700,1165.75,12.76,17.2272,81,91,248
25-Nov-2025,57646.65,Put,58600,1188.75,12.49,17.2272,-53,91,239
25-Nov-2025,57646.65,Put,55200,178.4,14.35,17.2272,31,364,239
30-Dec-2025,57646.65,Put,59000,1517,13.15,17.2272,46,107,237
25-Nov-2025,57646.65,Put,58800,1321.55,12.68,17.2272,60,79,236
25-Nov-2025,57646.65,Put,58200,999,12.61,17.2272,-37,51,233
25-Nov-2025,57646.65,Call,55500,2650,9.13,17.2272,93,827,228
28-Oct-2025,57646.65,Call,55900,1841,13.57,17.2272,-83,1219,227
28-Oct-2025,57646.65,Call,55600,2055,0,17.2272,-70,2524,209
30-Dec-2025,57646.65,Call,57500,1607.5,8.73,17.2272,38,238,208
25-Nov-2025,57646.65,Call,54000,4040,0,17.2272,148,809,205
28-Oct-2025,57646.65,Put,51100,9.2,29.91,17.2272,25,71,204
25-Nov-2025,57646.65,Put,58300,1025,12.53,17.2272,-4,45,203
25-Nov-2025,57646.65,Call,57100,1352.35,10.17,17.2272,5,186,197
28-Oct-2025,57646.65,Call,55400,2289,10.73,17.2272,-22,1410,190
25-Nov-2025,57646.65,Put,55600,213.85,13.75,17.2272,-23,589,185
28-Oct-2025,57646.65,Call,62100,6,18.09,0,0,33,184
28-Oct-2025,57646.65,Put,51400,9.45,28.73,17.2272,-9,199,184
31-Mar-2026,57646.65,Put,54000,349.95,14.42,17.2272,151,168,183
25-Nov-2025,57646.65,Put,55900,292.2,14.23,17.2272,18,218,182
30-Dec-2025,57646.65,Put,53500,147.65,15.08,17.2272,-28,856,181
28-Oct-2025,57646.65,Call,50000,7635.05,0,17.2272,-113,3035,176
25-Nov-2025,57646.65,Put,56100,325.4,14.05,17.2272,33,220,176
28-Oct-2025,57646.65,Put,51600,9.6,27.92,17.2272,17,123,175
25-Nov-2025,57646.65,Put,54600,129.2,14.81,17.2272,70,229,164
25-Nov-2025,57646.65,Call,56800,1493.55,8.4,17.2272,-8,135,163
28-Oct-2025,57646.65,Call,54900,2797,17.01,17.2272,-114,1291,158
25-Nov-2025,57646.65,Call,53000,4795.6,0,17.2272,144,278,158
30-Dec-2025,57646.65,Call,64500,46.2,11.69,17.2272,50,184,157
28-Oct-2025,57646.65,Put,59500,1947.5,17.51,17.2272,50,174,153
28-Oct-2025,57646.65,Put,58800,1306.4,14.85,17.2272,50,60,149
25-Nov-2025,57646.65,Put,48000,24.75,27.04,17.2272,101,1247,148
28-Oct-2025,57646.65,Put,49200,7.1,36.79,17.2272,23,87,140
25-Nov-2025,57646.65,Call,50000,7878,0,17.2272,126,662,139
28-Oct-2025,57646.65,Put,58900,1328.7,14.06,17.2272,17,49,137
25-Nov-2025,57646.65,Put,55700,229.25,13.72,17.2272,47,107,137
25-Nov-2025,57646.65,Put,49000,27.95,24.92,17.2272,89,494,136
31-Mar-2026,57646.65,Call,57000,2998.1,0,17.2272,-36,486,135
25-Nov-2025,57646.65,Put,51000,32.55,20.3,17.2272,20,205,130
28-Oct-2025,57646.65,Call,55100,2428.15,0,17.2272,-32,1062,126
28-Oct-2025,57646.65,Put,49900,7.55,34.19,17.2272,-5,64,125
25-Nov-2025,57646.65,Put,58400,1088.9,12.66,17.2272,-12,31,121
25-Nov-2025,57646.65,Put,58900,1525.65,14.65,17.2272,42,66,118
28-Oct-2025,57646.65,Put,50100,8.9,34.02,17.2272,-24,112,116
28-Oct-2025,57646.65,Put,48800,6.5,38.18,17.2272,74,154,113
28-Oct-2025,57646.65,Put,50600,9,31.95,17.2272,0,185,109
28-Oct-2025,57646.65,Call,62200,6,18.51,0,0,73,108
28-Oct-2025,57646.65,Call,54700,2978,0,17.2272,-34,791,103
28-Oct-2025,57646.65,Put,50800,10.25,31.6,17.2272,10,69,103
28-Oct-2025,57646.65,Call,54800,2700,0,17.2272,-70,1332,96
25-Nov-2025,57646.65,Put,54700,154.35,15.4,17.2272,59,218,91
30-Dec-2025,57646.65,Put,48000,37.95,21.8,17.2272,7,410,91
25-Nov-2025,57646.65,Put,55300,211.35,14.78,17.2272,3,40,89
30-Dec-2025,57646.65,Put,60000,2192,14.02,17.2272,27,102,86
28-Oct-2025,57646.65,Call,61800,7.1,17.43,17.2272,46,46,85
25-Nov-2025,57646.65,Put,62000,4000,16.33,17.2272,21,65,85
25-Nov-2025,57646.65,Put,59300,1747,14.17,17.2272,37,58,81
28-Oct-2025,57646.65,Call,52000,5465.2,0,17.2272,-72,1456,80
25-Nov-2025,57646.65,Put,54900,152.25,14.67,17.2272,32,84,78
25-Nov-2025,57646.65,Put,49500,27.25,23.58,17.2272,43,149,78
30-Dec-2025,57646.65,Call,56500,2299.5,7.95,17.2272,25,95,74
30-Dec-2025,57646.65,Put,56600,570,13.37,17.2272,-1,341,73
25-Nov-2025,57646.65,Put,46000,15.5,30.34,17.2272,26,239,72
28-Oct-2025,57646.65,Put,62000,4346.75,24.8,17.2272,-2,502,69
25-Nov-2025,57646.65,Call,56900,1552.2,10.74,17.2272,-28,69,69
28-Oct-2025,57646.65,Call,48000,9500,0,17.2272,-60,2014,65
25-Nov-2025,57646.65,Call,56700,1678,10.45,17.2272,-2,253,63
25-Nov-2025,57646.65,Put,55100,185.35,14.86,17.2272,51,55,63
25-Nov-2025,57646.65,Call,56100,2300,13.33,17.2272,-4,73,61
28-Oct-2025,57646.65,Call,54600,3047,0,17.2272,-17,913,59
28-Oct-2025,57646.65,Put,50200,8.5,33.75,17.2272,-4,68,58
28-Oct-2025,57646.65,Put,49600,7.8,35.59,17.2272,6,81,57
30-Dec-2025,57646.65,Put,50000,52,18.9,17.2272,19,75,57
30-Dec-2025,57646.65,Call,56000,2621.8,0,17.2272,-15,576,55
25-Nov-2025,57646.65,Call,56200,2024.1,9.18,17.2272,-6,125,53
30-Dec-2025,57646.65,Call,55500,3099,0,17.2272,-35,857,52
25-Nov-2025,57646.65,Call,54500,3531.85,0,17.2272,25,205,50
28-Oct-2025,57646.65,Call,53500,3963.85,0,17.2272,-28,751,48
28-Oct-2025,57646.65,Put,49300,7.1,36.46,17.2272,13,71,48
30-Dec-2025,57646.65,Call,59100,770.55,9.22,17.2272,25,25,47
28-Oct-2025,57646.65,Put,49700,8.05,35.3,17.2272,1,85,45
30-Dec-2025,57646.65,Put,48500,40,21,17.2272,-16,125,45
30-Dec-2025,57646.65,Put,57900,1005.95,13.26,17.2272,24,35,44
28-Oct-2025,57646.65,Put,50900,9.1,30.72,17.2272,-10,130,43
30-Dec-2025,57646.65,Put,46500,25.1,23.34,17.2272,30,35,43
30-Dec-2025,57646.65,Put,57600,886.35,13.25,17.2272,32,55,43
28-Oct-2025,57646.65,Call,53000,4508,0,17.2272,-18,1089,42
28-Oct-2025,57646.65,Put,61500,3628.4,0,17.2272,-20,20,42
25-Nov-2025,57646.65,Put,54100,96.7,15.42,17.2272,10,111,42
28-Oct-2025,57646.65,Put,49400,7.5,36.27,17.2272,-9,49,39
28-Oct-2025,57646.65,Put,63500,5790.25,0,17.2272,-26,212,35
25-Nov-2025,57646.65,Call,48000,9832.25,0,17.2272,31,193,34
25-Nov-2025,57646.65,Call,65000,19,16.38,0,0,26,34
31-Mar-2026,57646.65,Call,58500,2000,6.58,17.2272,18,150,33
25-Nov-2025,57646.65,Put,50500,31,21.43,17.2272,-4,35,32
25-Nov-2025,57646.65,Call,52000,5930,0,17.2272,22,204,31
25-Nov-2025,57646.65,Put,47000,19.05,28.6,17.2272,11,123,27
28-Oct-2025,57646.65,Call,54400,3228.15,0,17.2272,-14,436,26
31-Mar-2026,57646.65,Put,60000,2103.75,14.2,17.2272,19,59,26
25-Nov-2025,57646.65,Call,56300,1965,9.78,17.2272,-3,91,24
30-Dec-2025,57646.65,Call,54000,4300,0,17.2272,-15,512.285714286,24
28-Oct-2025,57646.65,Call,54100,3378.4,0,17.2272,-12,238,23
25-Nov-2025,57646.65,Put,53900,87.55,15.67,17.2272,6,47,23
28-Oct-2025,57646.65,Call,51000,6425,0,17.2272,-17,862,22
25-Nov-2025,57646.65,Call,56600,1852.55,12.11,17.2272,-12,160,22
30-Dec-2025,57646.65,Put,47500,30,22.01,17.2272,17,42,21
28-Oct-2025,57646.65,Call,54300,3183.25,0,17.2272,-10,357,19
30-Dec-2025,57646.65,Call,58300,1082,8.5,17.2272,7,16,19
28-Oct-2025,57646.65,Put,63000,5360,0,17.2272,-2,993,18
30-Dec-2025,57646.65,Call,58200,1284.2,9.95,17.2272,8,15,17
25-Nov-2025,57646.65,Call,55700,2331.6,0,17.2272,6,32,16
25-Nov-2025,57646.65,Call,56400,1900,10.14,17.2272,-13,101,16
31-Mar-2026,57646.65,Put,58500,1340,13.36,17.2272,10,10,16
28-Oct-2025,57646.65,Call,53400,4037.05,0,17.2272,0,148,15
28-Oct-2025,57646.65,Call,53600,4225.1,32.84,17.2272,-1,71,14
28-Oct-2025,57646.65,Call,53800,3850,0,17.2272,0,95,13
28-Oct-2025,57646.65,Put,59300,1572.15,0,17.2272,0,10,12
25-Nov-2025,57646.65,Call,53500,4518,17.01,17.2272,-3,32,12
25-Nov-2025,57646.65,Call,55600,2575.45,12.18,17.2272,0,77,12
28-Oct-2025,57646.65,Put,59200,1643.25,15.39,17.2272,0,10,11
25-Nov-2025,57646.65,Put,51500,40,19.67,17.2272,-4,183,11
30-Dec-2025,57646.65,Put,49000,42,20.18,17.2272,-5,43,11
30-Dec-2025,57646.65,Put,57800,873.5,12.33,17.2272,5,41,11
28-Oct-2025,57646.65,Call,52500,5100,0,17.2272,-7,180,10
28-Oct-2025,57646.65,Call,49000,8405,0,17.2272,-8,500,9
28-Oct-2025,57646.65,Call,54200,3350,0,17.2272,-7,418,9
28-Oct-2025,57646.65,Call,53900,3611.35,0,17.2272,0,190,9
25-Nov-2025,57646.65,Put,61000,3076.4,14.83,17.2272,3,39,9
30-Dec-2025,57646.65,Call,57800,1406.15,8.78,17.2272,2,12,9
25-Nov-2025,57646.65,Put,50300,12,19.19,17.2272,0,0,8
30-Dec-2025,57646.65,Call,50000,7909,0,17.2272,7,70,8
30-Dec-2025,57646.65,Call,58600,988.15,8.76,17.2272,6,6,8
28-Oct-2025,57646.65,Call,51500,6209.05,34.64,17.2272,-4,38,7
28-Oct-2025,57646.65,Put,60500,2645.2,0,17.2272,-3,15,7
28-Oct-2025,57646.65,Call,47000,10424,0,17.2272,-2,331,7
30-Dec-2025,57646.65,Put,57300,786.15,13.04,17.2272,1,35,7
25-Nov-2025,57646.65,Call,55400,2751.7,9.53,17.2272,-2,144,6
28-Oct-2025,57646.65,Put,50700,10.05,31.95,17.2272,-2,87,6
25-Nov-2025,57646.65,Put,47500,21.95,27.86,17.2272,1,32,6
30-Dec-2025,57646.65,Put,49500,41.5,19.17,17.2272,3,19,6
30-Dec-2025,57646.65,Call,48000,10255,0,17.2272,3,35,6
30-Dec-2025,57646.65,Call,57700,1618.95,10.36,17.2272,0,71,6
30-Dec-2025,57646.65,Call,57200,1947.85,10.37,17.2272,-1,17,6
30-Dec-2025,57646.65,Call,55000,3598,0,17.2272,-2,113,6
25-Nov-2025,57646.65,Call,61100,100,11.62,17.2272,0,4,5
25-Nov-2025,57646.65,Put,63000,5095.65,21.92,17.2272,0,56,5
30-Dec-2025,57646.65,Call,51000,7170.3,0,17.2272,-2,134.428571429,5
30-Dec-2025,57646.65,Put,57100,723.5,13.43,17.2272,2,53,5
28-Oct-2025,57646.65,Put,59700,1853.8,0,17.2272,-1,6,4
25-Nov-2025,57646.65,Put,54300,110,15.29,17.2272,2,2,4
25-Nov-2025,57646.65,Call,51000,7076.3,18.49,17.2272,3,97,4
25-Nov-2025,57646.65,Call,55300,2650,0,17.2272,1,30,4
25-Nov-2025,57646.65,Put,61100,3194.25,15.56,17.2272,0,1,4
30-Dec-2025,57646.65,Call,57400,1550,7.35,17.2272,-1,9,4
30-Dec-2025,57646.65,Put,58700,1366.65,12.5,17.2272,2,5,4
30-Dec-2025,57646.65,Put,58600,1341.2,12.36,17.2272,3,6,4
30-Dec-2025,57646.65,Put,58200,1147.3,13.33,17.2272,0,27,4
30-Dec-2025,57646.65,Put,56800,630.65,14,17.2272,-1,49,4
28-Oct-2025,57646.65,Call,53200,4278.15,0,17.2272,1,11,3
25-Nov-2025,57646.65,Put,46500,18.25,29.7,17.2272,0,16,3
25-Nov-2025,57646.65,Call,54800,3153.35,0,17.2272,0,28,3
25-Nov-2025,57646.65,Put,64000,5800,0,17.2272,2,5,3
30-Dec-2025,57646.65,Put,56700,590.85,13.51,17.2272,-1,32,3
30-Dec-2025,57646.65,Call,52000,6389,0,17.2272,1,7,3
30-Dec-2025,57646.65,Put,58300,1187.05,12.57,17.2272,0,5,3
28-Oct-2025,57646.65,Put,65000,7490,49.82,0,0,1,2
28-Oct-2025,57646.65,Call,51800,5927.45,35.52,17.2272,0,20,2
28-Oct-2025,57646.65,Call,46000,11400,0,17.2272,0,20,2
25-Nov-2025,57646.65,Call,54900,3154.15,0,17.2272,0,53,2
25-Nov-2025,57646.65,Call,55800,2391.9,0,17.2272,0,36,2
25-Nov-2025,57646.65,Call,55900,2372.4,11.47,17.2272,-1,71,2
25-Nov-2025,57646.65,Call,64500,29.3,16.13,17.2272,0,0,2
25-Nov-2025,57646.65,Call,51800,6227.45,0,17.2272,1,13,2
30-Dec-2025,57646.65,Call,57600,1521.9,0,17.2272,0,31,2
30-Dec-2025,57646.65,Call,57900,1346.15,0,17.2272,0,19,2
30-Dec-2025,57646.65,Call,58100,1236.75,0,17.2272,0,8,2
30-Dec-2025,57646.65,Put,57400,820.95,0,17.2272,0,36,2
30-Dec-2025,57646.65,Put,57200,736.7,0,17.2272,0,15,2
30-Dec-2025,57646.65,Put,62000,3793.45,15.14,17.2272,1,5,2
30-Dec-2025,57646.65,Put,61000,2900,14.33,17.2272,0,8,2
28-Oct-2025,57646.65,Call,52600,5000,0,17.2272,0,13,1
28-Oct-2025,57646.65,Call,52700,4950,0,17.2272,0,5,1
28-Oct-2025,57646.65,Call,53300,4138.35,0,17.2272,0,17,1
25-Nov-2025,57646.65,Call,54300,3748.7,0,17.2272,0,15,1
25-Nov-2025,57646.65,Put,59700,1971.5,0,17.2272,0,21,1
28-Oct-2025,57646.65,Call,46500,11339.55,79.72,17.2272,0,37,1
25-Nov-2025,57646.65,Put,54400,137.2,15.87,17.2272,0,0,1
25-Nov-2025,57646.65,Put,60500,2636.85,0,17.2272,0,13,1
25-Nov-2025,57646.65,Put,48500,26,25.94,17.2272,0,33,1
25-Nov-2025,57646.65,Put,65000,6936.9,23.22,0,0,0,1
25-Nov-2025,57646.65,Call,52500,5600,15.75,17.2272,0,14,1
30-Dec-2025,57646.65,Put,59700,1962.5,0,17.2272,0,3,1
30-Dec-2025,57646.65,Put,56900,659.8,0,17.2272,0,24,1
30-Dec-2025,57646.65,Call,53100,5212.35,0,17.2272,0,0,1
30-Dec-2025,57646.65,Call,56100,2600,6.92,17.2272,0,3,1
30-Dec-2025,57646.65,Put,59500,1831.85,0,17.2272,0,6,1
30-Dec-2025,57646.65,Put,58100,1103.55,0,17.2272,0,41,1
30-Dec-2025,57646.65,Put,57700,932.1,0,17.2272,0,25,1
30-Dec-2025,57646.65,Put,63500,5004,15.92,17.2272,0,3,1
30-Dec-2025,57646.65,Put,59200,1674.75,0,17.2272,0,0,1
30-Dec-2025,57646.65,Put,64000,5702,0,17.2272,0,3,1
30-Dec-2025,57646.65,Put,58400,1218.55,0,17.2272,0,9,1
30-Dec-2025,57646.65,Put,59100,1615.2,0,17.2272,0,0,1
28-Oct-2025,57646.65,Put,61400,0,0,17.2272,0,0,0
28-Oct-2025,57646.65,Put,64000,0,0,17.2272,0,0,0
28-Oct-2025,57646.65,Put,61300,0,0,17.2272,0,0,0
28-Oct-2025,57646.65,Put,60800,0,0,17.2272,0,3,0
28-Oct-2025,57646.65,Put,60400,0,0,17.2272,0,6,0
28-Oct-2025,57646.65,Put,61600,0,0,17.2272,0,0,0
28-Oct-2025,57646.65,Put,61100,0,0,17.2272,0,0,0
28-Oct-2025,57646.65,Put,59800,0,0,17.2272,0,6,0
28-Oct-2025,57646.65,Put,61200,0,0,17.2272,0,0,0
28-Oct-2025,57646.65,Put,59400,0,0,17.2272,0,8,0
28-Oct-2025,57646.65,Put,59900,0,0,17.2272,0,12,0
28-Oct-2025,57646.65,Call,49600,0,0,17.2272,0,0,0
28-Oct-2025,57646.65,Call,48500,0,0,17.2272,0,25,0
28-Oct-2025,57646.65,Call,49500,0,0,17.2272,0,8,0
28-Oct-2025,57646.65,Call,50500,0,0,17.2272,0,84,0
28-Oct-2025,57646.65,Call,51100,0,0,17.2272,0,6,0
28-Oct-2025,57646.65,Call,51200,0,0,17.2272,0,10,0
28-Oct-2025,57646.65,Call,51300,0,0,17.2272,0,11,0
28-Oct-2025,57646.65,Call,51400,0,0,17.2272,0,12,0
28-Oct-2025,57646.65,Call,51600,0,0,17.2272,0,18,0
28-Oct-2025,57646.65,Call,51700,0,0,17.2272,0,18,0
28-Oct-2025,57646.65,Call,51900,0,0,17.2272,0,14,0
28-Oct-2025,57646.65,Call,52100,0,0,17.2272,0,12,0
28-Oct-2025,57646.65,Call,52200,0,0,17.2272,0,11,0
28-Oct-2025,57646.65,Call,52300,0,0,17.2272,0,14,0
28-Oct-2025,57646.65,Call,52400,0,0,17.2272,0,9,0
28-Oct-2025,57646.65,Call,52800,0,0,17.2272,0,15,0
28-Oct-2025,57646.65,Call,52900,0,0,17.2272,0,40,0
28-Oct-2025,57646.65,Call,48700,0,0,17.2272,0,0,0
28-Oct-2025,57646.65,Put,61700,0,0,17.2272,0,0,0
28-Oct-2025,57646.65,Call,49800,0,0,17.2272,0,1,0
28-Oct-2025,57646.65,Call,49700,0,0,17.2272,0,1,0
28-Oct-2025,57646.65,Put,59600,0,0,17.2272,0,8,0
28-Oct-2025,57646.65,Call,50400,0,0,17.2272,0,5,0
28-Oct-2025,57646.65,Put,60300,0,0,17.2272,0,6,0
28-Oct-2025,57646.65,Put,60200,0,0,17.2272,0,6,0
28-Oct-2025,57646.65,Put,60100,0,0,17.2272,0,9,0
28-Oct-2025,57646.65,Call,62300,0,0,0,0,0,0
28-Oct-2025,57646.65,Put,62200,0,0,0,0,0,0
28-Oct-2025,57646.65,Put,62400,0,0,0,0,0,0
28-Oct-2025,57646.65,Put,62100,0,0,0,0,0,0
28-Oct-2025,57646.65,Put,61900,0,0,0,0,0,0
28-Oct-2025,57646.65,Put,62500,0,0,17.2272,0,1,0
28-Oct-2025,57646.65,Put,59100,0,0,17.2272,0,8,0
28-Oct-2025,57646.65,Call,62400,0,0,0,0,0,0
28-Oct-2025,57646.65,Call,53700,0,0,17.2272,0,143,0
28-Oct-2025,57646.65,Call,53100,0,0,17.2272,0,8,0
28-Oct-2025,57646.65,Put,60700,0,0,17.2272,0,4,0
28-Oct-2025,57646.65,Put,60900,0,0,17.2272,0,3,0
28-Oct-2025,57646.65,Put,60600,0,0,17.2272,0,9,0
28-Oct-2025,57646.65,Put,62300,0,0,0,0,0,0
25-Nov-2025,57646.65,Call,54700,0,0,17.2272,0,24,0
25-Nov-2025,57646.65,Call,54600,0,0,17.2272,0,18,0
25-Nov-2025,57646.65,Put,54200,0,0,17.2272,0,0,0
25-Nov-2025,57646.65,Call,54100,0,0,17.2272,0,13,0
25-Nov-2025,57646.65,Put,53800,0,0,17.2272,0,0,0
25-Nov-2025,57646.65,Put,53100,0,0,17.2272,0,0,0
25-Nov-2025,57646.65,Put,61800,0,0,17.2272,0,0,0
25-Nov-2025,57646.65,Call,61700,0,0,17.2272,0,0,0
25-Nov-2025,57646.65,Put,62500,0,0,17.2272,0,10,0
25-Nov-2025,57646.65,Put,59900,0,0,17.2272,0,19,0
25-Nov-2025,57646.65,Put,60700,0,0,17.2272,0,15,0
25-Nov-2025,57646.65,Call,60700,0,0,17.2272,0,0,0
25-Nov-2025,57646.65,Put,49200,0,0,17.2272,0,0,0
25-Nov-2025,57646.65,Call,59600,0,0,17.2272,0,0,0
25-Nov-2025,57646.65,Call,59300,0,0,17.2272,0,0,0
25-Nov-2025,57646.65,Put,59600,0,0,17.2272,0,19,0
28-Oct-2025,57646.65,Call,50900,0,0,17.2272,0,6,0
28-Oct-2025,57646.65,Call,50800,0,0,17.2272,0,6,0
28-Oct-2025,57646.65,Call,50300,0,0,17.2272,0,5,0
28-Oct-2025,57646.65,Call,50200,0,0,17.2272,0,3,0
28-Oct-2025,57646.65,Call,50100,0,0,17.2272,0,45,0
28-Oct-2025,57646.65,Call,47500,0,0,17.2272,0,1,0
28-Oct-2025,57646.65,Put,64500,0,0,17.2272,0,0,0
28-Oct-2025,57646.65,Put,61800,0,0,17.2272,0,0,0
28-Oct-2025,57646.65,Call,50700,0,0,17.2272,0,7,0
28-Oct-2025,57646.65,Call,50600,0,0,17.2272,0,5,0
28-Oct-2025,57646.65,Call,49200,0,0,17.2272,0,0,0
28-Oct-2025,57646.65,Call,49100,0,0,17.2272,0,0,0
28-Oct-2025,57646.65,Call,48900,0,0,17.2272,0,0,0
28-Oct-2025,57646.65,Call,48800,0,0,17.2272,0,2,0
28-Oct-2025,57646.65,Call,49400,0,0,17.2272,0,0,0
28-Oct-2025,57646.65,Call,49300,0,0,17.2272,0,0,0
25-Nov-2025,57646.65,Call,51200,0,0,17.2272,0,6,0
25-Nov-2025,57646.65,Call,51100,0,0,17.2272,0,7,0
25-Nov-2025,57646.65,Call,50900,0,0,17.2272,0,6,0
25-Nov-2025,57646.65,Call,50800,0,0,17.2272,0,1,0
25-Nov-2025,57646.65,Call,50700,0,0,17.2272,0,2,0
25-Nov-2025,57646.65,Call,50600,0,0,17.2272,0,1,0
25-Nov-2025,57646.65,Call,61200,0,0,17.2272,0,0,0
25-Nov-2025,57646.65,Call,50500,0,0,17.2272,0,6,0
25-Nov-2025,57646.65,Call,50400,0,0,17.2272,0,1,0
25-Nov-2025,57646.65,Call,50300,0,0,17.2272,0,2,0
25-Nov-2025,57646.65,Call,50200,0,0,17.2272,0,1,0
25-Nov-2025,57646.65,Call,50100,0,0,17.2272,0,0,0
25-Nov-2025,57646.65,Call,49900,0,0,17.2272,0,1,0
25-Nov-2025,57646.65,Call,49800,0,0,17.2272,0,0,0
25-Nov-2025,57646.65,Call,49700,0,0,17.2272,0,0,0
25-Nov-2025,57646.65,Call,49600,0,0,17.2272,0,0,0
25-Nov-2025,57646.65,Call,49500,0,0,17.2272,0,2,0
25-Nov-2025,57646.65,Call,49400,0,0,17.2272,0,0,0
25-Nov-2025,57646.65,Call,49300,0,0,17.2272,0,0,0
25-Nov-2025,57646.65,Call,49200,0,0,17.2272,0,0,0
25-Nov-2025,57646.65,Call,49100,0,0,17.2272,0,0,0
25-Nov-2025,57646.65,Call,49000,0,0,17.2272,0,0,0
25-Nov-2025,57646.65,Call,48900,0,0,17.2272,0,0,0
25-Nov-2025,57646.65,Call,48800,0,0,17.2272,0,0,0
25-Nov-2025,57646.65,Call,48500,0,0,17.2272,0,0,0
25-Nov-2025,57646.65,Call,47500,0,0,17.2272,0,0,0
25-Nov-2025,57646.65,Call,47000,0,0,17.2272,0,0,0
25-Nov-2025,57646.65,Put,50200,0,0,17.2272,0,0,0
25-Nov-2025,57646.65,Put,50100,0,0,17.2272,0,0,0
25-Nov-2025,57646.65,Put,52800,0,0,17.2272,0,0,0
25-Nov-2025,57646.65,Call,55200,0,0,17.2272,0,27,0
25-Nov-2025,57646.65,Call,55100,0,0,17.2272,0,24,0
25-Nov-2025,57646.65,Put,49600,0,0,17.2272,0,0,0
25-Nov-2025,57646.65,Call,52900,0,0,17.2272,0,9,0
25-Nov-2025,57646.65,Call,52800,0,0,17.2272,0,12,0
25-Nov-2025,57646.65,Put,52900,0,0,17.2272,0,0,0
25-Nov-2025,57646.65,Call,59900,0,0,17.2272,0,0,0
25-Nov-2025,57646.65,Put,60600,0,0,17.2272,0,14,0
25-Nov-2025,57646.65,Call,60600,0,0,17.2272,0,0,0
25-Nov-2025,57646.65,Call,53400,0,0,17.2272,0,14,0
25-Nov-2025,57646.65,Call,51400,0,0,17.2272,0,8,0
25-Nov-2025,57646.65,Call,53700,0,0,17.2272,0,15,0
25-Nov-2025,57646.65,Call,53300,0,0,17.2272,0,10,0
25-Nov-2025,57646.65,Call,53600,0,0,17.2272,0,17,0
25-Nov-2025,57646.65,Put,53200,0,0,17.2272,0,0,0
25-Nov-2025,57646.65,Put,62300,0,0,0,0,0,0
25-Nov-2025,57646.65,Put,62400,0,0,0,0,0,0
25-Nov-2025,57646.65,Call,54400,0,0,17.2272,0,12,0
25-Nov-2025,57646.65,Call,54200,0,0,17.2272,0,8,0
25-Nov-2025,57646.65,Call,53800,0,0,17.2272,0,25,0
25-Nov-2025,57646.65,Call,51300,0,0,17.2272,0,6,0
25-Nov-2025,57646.65,Put,62100,0,0,0,0,0,0
25-Nov-2025,57646.65,Call,62300,0,0,0,0,0,0
25-Nov-2025,57646.65,Put,51200,0,0,17.2272,0,0,0
25-Nov-2025,57646.65,Call,53900,0,0,17.2272,0,15,0
25-Nov-2025,57646.65,Call,61900,0,0,0,0,0,0
25-Nov-2025,57646.65,Call,53100,0,0,17.2272,0,10,0
25-Nov-2025,57646.65,Call,51500,0,0,17.2272,0,21,0
25-Nov-2025,57646.65,Put,52700,0,0,17.2272,0,0,0
25-Nov-2025,57646.65,Call,46500,0,0,17.2272,0,0,0
25-Nov-2025,57646.65,Put,60800,0,0,17.2272,0,1,0
25-Nov-2025,57646.65,Call,60800,0,0,17.2272,0,0,0
25-Nov-2025,57646.65,Put,50900,0,0,17.2272,0,1,0
25-Nov-2025,57646.65,Call,52600,0,0,17.2272,0,17,0
25-Nov-2025,57646.65,Call,63500,0,0,17.2272,0,0,0
25-Nov-2025,57646.65,Put,60900,0,0,17.2272,0,1,0
25-Nov-2025,57646.65,Call,60900,0,0,17.2272,0,0,0
25-Nov-2025,57646.65,Put,54800,0,0,17.2272,0,1,0
25-Nov-2025,57646.65,Put,52400,0,0,17.2272,0,0,0
25-Nov-2025,57646.65,Put,52100,0,0,17.2272,0,0,0
25-Nov-2025,57646.65,Put,51900,0,0,17.2272,0,0,0
25-Nov-2025,57646.65,Put,51300,0,0,17.2272,0,0,0
25-Nov-2025,57646.65,Put,49900,0,0,17.2272,0,0,0
25-Nov-2025,57646.65,Put,49700,0,0,17.2272,0,0,0
25-Nov-2025,57646.65,Put,59100,0,0,17.2272,0,23,0
25-Nov-2025,57646.65,Put,51700,0,0,17.2272,0,0,0
25-Nov-2025,57646.65,Put,52600,0,0,17.2272,0,0,0
25-Nov-2025,57646.65,Call,64000,0,0,17.2272,0,0,0
25-Nov-2025,57646.65,Put,61600,0,0,17.2272,0,1,0
25-Nov-2025,57646.65,Call,61600,0,0,17.2272,0,0,0
25-Nov-2025,57646.65,Put,61400,0,0,17.2272,0,1,0
25-Nov-2025,57646.65,Call,61400,0,0,17.2272,0,0,0
25-Nov-2025,57646.65,Put,61300,0,0,17.2272,0,0,0
25-Nov-2025,57646.65,Call,61300,0,0,17.2272,0,0,0
25-Nov-2025,57646.65,Put,53400,0,0,17.2272,0,1,0
25-Nov-2025,57646.65,Put,53300,0,0,17.2272,0,1,0
25-Nov-2025,57646.65,Call,59700,0,0,17.2272,0,0,0
25-Nov-2025,57646.65,Put,48900,0,0,17.2272,0,0,0
25-Nov-2025,57646.65,Put,48700,0,0,17.2272,0,0,0
25-Nov-2025,57646.65,Call,61800,0,0,17.2272,0,0,0
25-Nov-2025,57646.65,Put,61700,0,0,17.2272,0,0,0
25-Nov-2025,57646.65,Put,59400,0,0,17.2272,0,22,0
25-Nov-2025,57646.65,Put,64500,0,0,17.2272,0,14,0
25-Nov-2025,57646.65,Put,49400,0,0,17.2272,0,4,0
25-Nov-2025,57646.65,Call,52700,0,0,17.2272,0,13,0
25-Nov-2025,57646.65,Put,51600,0,0,17.2272,0,0,0
25-Nov-2025,57646.65,Put,50800,0,0,17.2272,0,0,0
25-Nov-2025,57646.65,Put,48800,0,0,17.2272,0,0,0
25-Nov-2025,57646.65,Call,48700,0,0,17.2272,0,0,0
25-Nov-2025,57646.65,Call,46000,0,0,17.2272,0,1,0
25-Nov-2025,57646.65,Put,60400,0,0,17.2272,0,14,0
25-Nov-2025,57646.65,Call,60400,0,0,17.2272,0,0,0
25-Nov-2025,57646.65,Put,60300,0,0,17.2272,0,14,0
25-Nov-2025,57646.65,Call,60300,0,0,17.2272,0,0,0
25-Nov-2025,57646.65,Put,60200,0,0,17.2272,0,12,0
25-Nov-2025,57646.65,Call,60200,0,0,17.2272,0,0,0
25-Nov-2025,57646.65,Call,62100,0,0,0,0,0,0
25-Nov-2025,57646.65,Put,61900,0,0,0,0,0,0
30-Dec-2025,57646.65,Put,49900,0,0,17.2272,0,0,0
30-Dec-2025,57646.65,Put,49800,0,0,17.2272,0,0,0
30-Dec-2025,57646.65,Call,56800,0,0,17.2272,0,6,0
30-Dec-2025,57646.65,Call,56700,0,0,17.2272,0,8,0
30-Dec-2025,57646.65,Call,56400,0,0,17.2272,0,16,0
30-Dec-2025,57646.65,Call,56300,0,0,17.2272,0,2,0
30-Dec-2025,57646.65,Call,55900,0,0,17.2272,0,4,0
30-Dec-2025,57646.65,Call,55600,0,0,17.2272,0,2,0
30-Dec-2025,57646.65,Call,55300,0,0,17.2272,0,6,0
30-Dec-2025,57646.65,Call,55200,0,0,17.2272,0,2,0
30-Dec-2025,57646.65,Put,55800,0,0,17.2272,0,0,0
30-Dec-2025,57646.65,Put,55700,0,0,17.2272,0,6,0
30-Dec-2025,57646.65,Call,60600,0,0,17.2272,0,0,0
30-Dec-2025,57646.65,Put,60600,0,0,17.2272,0,6,0
30-Dec-2025,57646.65,Put,60400,0,0,17.2272,0,7,0
30-Dec-2025,57646.65,Put,65000,0,0,0,0,0,0
30-Dec-2025,57646.65,Call,65000,0,0,0,0,0,0
30-Dec-2025,57646.65,Call,62400,0,0,0,0,0,0
30-Dec-2025,57646.65,Put,62300,0,0,0,0,0,0
30-Dec-2025,57646.65,Call,62300,0,0,0,0,0,0
30-Dec-2025,57646.65,Put,62200,0,0,0,0,0,0
30-Dec-2025,57646.65,Call,62200,0,0,0,0,0,0
30-Dec-2025,57646.65,Put,62100,0,0,0,0,0,0
30-Dec-2025,57646.65,Call,62100,0,0,0,0,0,0
30-Dec-2025,57646.65,Put,61900,0,0,0,0,0,0
30-Dec-2025,57646.65,Call,61900,0,0,0,0,0,0
25-Nov-2025,57646.65,Put,51400,0,0,17.2272,0,0,0
25-Nov-2025,57646.65,Put,60100,0,0,17.2272,0,16,0
25-Nov-2025,57646.65,Put,59800,0,0,17.2272,0,18,0
25-Nov-2025,57646.65,Call,53200,0,0,17.2272,0,13,0
25-Nov-2025,57646.65,Put,59200,0,0,17.2272,0,18,0
25-Nov-2025,57646.65,Call,59200,0,0,17.2272,0,0,0
25-Nov-2025,57646.65,Call,62400,0,0,0,0,0,0
25-Nov-2025,57646.65,Put,62200,0,0,0,0,0,0
25-Nov-2025,57646.65,Call,62200,0,0,0,0,0,0
25-Nov-2025,57646.65,Put,51800,0,0,17.2272,0,0,0
25-Nov-2025,57646.65,Put,51100,0,0,17.2272,0,0,0
25-Nov-2025,57646.65,Put,50700,0,0,17.2272,0,0,0
25-Nov-2025,57646.65,Put,50600,0,0,17.2272,0,0,0
25-Nov-2025,57646.65,Put,50400,0,0,17.2272,0,0,0
25-Nov-2025,57646.65,Put,61500,0,0,17.2272,0,12,0
25-Nov-2025,57646.65,Put,52300,0,0,17.2272,0,0,0
25-Nov-2025,57646.65,Put,52200,0,0,17.2272,0,0,0
25-Nov-2025,57646.65,Put,61200,0,0,17.2272,0,0,0
25-Nov-2025,57646.65,Put,49300,0,0,17.2272,0,0,0
25-Nov-2025,57646.65,Put,49100,0,0,17.2272,0,0,0
25-Nov-2025,57646.65,Put,53700,0,0,17.2272,0,0,0
25-Nov-2025,57646.65,Put,53600,0,0,17.2272,0,0,0
25-Nov-2025,57646.65,Call,52400,0,0,17.2272,0,13,0
25-Nov-2025,57646.65,Call,52300,0,0,17.2272,0,13,0
25-Nov-2025,57646.65,Call,52200,0,0,17.2272,0,13,0
25-Nov-2025,57646.65,Call,52100,0,0,17.2272,0,19,0
25-Nov-2025,57646.65,Call,51900,0,0,17.2272,0,12,0
25-Nov-2025,57646.65,Call,51700,0,0,17.2272,0,10,0
25-Nov-2025,57646.65,Call,51600,0,0,17.2272,0,8,0
25-Nov-2025,57646.65,Call,60100,0,0,17.2272,0,0,0
25-Nov-2025,57646.65,Put,63500,0,0,17.2272,0,41,0
25-Nov-2025,57646.65,Put,49800,0,0,17.2272,0,0,0
30-Dec-2025,57646.65,Put,59800,0,0,17.2272,0,3,0
30-Dec-2025,57646.65,Put,51100,0,0,17.2272,0,0,0
30-Dec-2025,57646.65,Put,47000,0,0,17.2272,0,15,0
30-Dec-2025,57646.65,Put,60100,0,0,17.2272,0,3,0
30-Dec-2025,57646.65,Call,61200,0,0,17.2272,0,0,0
30-Dec-2025,57646.65,Call,59800,0,0,17.2272,0,0,0
30-Dec-2025,57646.65,Call,49900,0,0,17.2272,0,0,0
30-Dec-2025,57646.65,Call,49700,0,0,17.2272,0,0,0
30-Dec-2025,57646.65,Call,49600,0,0,17.2272,0,0,0
30-Dec-2025,57646.65,Call,50700,0,0,17.2272,0,0,0
30-Dec-2025,57646.65,Call,50400,0,0,17.2272,0,0,0
30-Dec-2025,57646.65,Call,50800,0,0,17.2272,0,1,0
30-Dec-2025,57646.65,Call,51300,0,0,17.2272,0,1,0
30-Dec-2025,57646.65,Call,63500,0,0,17.2272,0,0,0
30-Dec-2025,57646.65,Call,61100,0,0,17.2272,0,0,0
30-Dec-2025,57646.65,Call,60900,0,0,17.2272,0,0,0
30-Dec-2025,57646.65,Call,60800,0,0,17.2272,0,0,0
30-Dec-2025,57646.65,Call,60700,0,0,17.2272,0,0,0
30-Dec-2025,57646.65,Put,49600,0,0,17.2272,0,0,0
30-Dec-2025,57646.65,Call,63000,0,0,17.2272,0,1,0
30-Dec-2025,57646.65,Put,51600,0,0,17.2272,0,0,0
30-Dec-2025,57646.65,Call,60100,0,0,17.2272,0,0,0
30-Dec-2025,57646.65,Call,60300,0,0,17.2272,0,0,0
30-Dec-2025,57646.65,Put,60200,0,0,17.2272,0,3,0
30-Dec-2025,57646.65,Call,62500,0,0,17.2272,0,1,0
30-Dec-2025,57646.65,Put,50400,0,0,17.2272,0,0,0
30-Dec-2025,57646.65,Put,60300,0,0,17.2272,0,3,0
30-Dec-2025,57646.65,Put,51200,0,0,17.2272,0,0,0
30-Dec-2025,57646.65,Put,50100,0,0,17.2272,0,0,0
30-Dec-2025,57646.65,Put,49700,0,0,17.2272,0,0,0
30-Dec-2025,57646.65,Put,59900,0,0,17.2272,0,0,0
30-Dec-2025,57646.65,Call,59900,0,0,17.2272,0,0,0
30-Dec-2025,57646.65,Call,60200,0,0,17.2272,0,0,0
30-Dec-2025,57646.65,Call,61300,0,0,17.2272,0,0,0
30-Dec-2025,57646.65,Put,55600,0,0,17.2272,0,0,0
30-Dec-2025,57646.65,Call,61700,0,0,17.2272,0,0,0
30-Dec-2025,57646.65,Put,61700,0,0,17.2272,0,0,0
30-Dec-2025,57646.65,Put,52400,0,0,17.2272,0,0,0
30-Dec-2025,57646.65,Call,64000,0,0,17.2272,0,0,0
30-Dec-2025,57646.65,Put,61100,0,0,17.2272,0,2,0
30-Dec-2025,57646.65,Call,51200,0,0,17.2272,0,1,0
30-Dec-2025,57646.65,Call,51100,0,0,17.2272,0,0,0
30-Dec-2025,57646.65,Call,50900,0,0,17.2272,0,0,0
30-Dec-2025,57646.65,Call,50600,0,0,17.2272,0,0,0
30-Dec-2025,57646.65,Put,50500,0,0,17.2272,0,0,0
30-Dec-2025,57646.65,Call,50100,0,0,17.2272,0,0,0
30-Dec-2025,57646.65,Call,49800,0,0,17.2272,0,0,0
30-Dec-2025,57646.65,Call,49000,0,0,17.2272,0,0,0
30-Dec-2025,57646.65,Call,48500,0,0,17.2272,0,0,0
30-Dec-2025,57646.65,Call,47500,0,0,17.2272,0,0,0
30-Dec-2025,57646.65,Call,47000,0,0,17.2272,0,0,0
30-Dec-2025,57646.65,Call,61500,0,0,17.2272,0,2,0
30-Dec-2025,57646.65,Call,53300,0,0,17.2272,0,0,0
30-Dec-2025,57646.65,Call,52900,0,0,17.2272,0,0,0
30-Dec-2025,57646.65,Call,52800,0,0,17.2272,0,0,0
30-Dec-2025,57646.65,Call,52600,0,0,17.2272,0,0,0
30-Dec-2025,57646.65,Call,52100,0,0,17.2272,0,0,0
30-Dec-2025,57646.65,Call,61600,0,0,17.2272,0,0,0
30-Dec-2025,57646.65,Call,61400,0,0,17.2272,0,0,0
30-Dec-2025,57646.65,Put,53400,0,0,17.2272,0,0,0
30-Dec-2025,57646.65,Put,53300,0,0,17.2272,0,0,0
30-Dec-2025,57646.65,Call,53900,0,0,17.2272,0,1,0
30-Dec-2025,57646.65,Call,53800,0,0,17.2272,0,2,0
30-Dec-2025,57646.65,Call,53700,0,0,17.2272,0,1,0
30-Dec-2025,57646.65,Call,53600,0,0,17.2272,0,0,0
30-Dec-2025,57646.65,Call,53500,0,0,17.2272,0,8,0
30-Dec-2025,57646.65,Call,53200,0,0,17.2272,0,0,0
30-Dec-2025,57646.65,Call,53000,0,0,17.2272,0,1,0
30-Dec-2025,57646.65,Call,52700,0,0,17.2272,0,0,0
30-Dec-2025,57646.65,Call,52400,0,0,17.2272,0,0,0
30-Dec-2025,57646.65,Call,52300,0,0,17.2272,0,0,0
30-Dec-2025,57646.65,Call,52200,0,0,17.2272,0,0,0
30-Dec-2025,57646.65,Call,51700,0,0,17.2272,0,0,0
30-Dec-2025,57646.65,Call,51600,0,0,17.2272,0,0,0
30-Dec-2025,57646.65,Put,51500,0,0,17.2272,0,0,0
30-Dec-2025,57646.65,Call,46500,0,0,17.2272,0,0,0
30-Dec-2025,57646.65,Call,60400,0,0,17.2272,0,0,0
30-Dec-2025,57646.65,Call,62000,0,0,17.2272,0,0,0
30-Dec-2025,57646.65,Call,59600,0,0,17.2272,0,0,0
30-Dec-2025,57646.65,Call,59400,0,0,17.2272,0,0,0
30-Dec-2025,57646.65,Call,59300,0,0,17.2272,0,0,0
30-Dec-2025,57646.65,Call,59200,0,0,17.2272,0,0,0
30-Dec-2025,57646.65,Call,58900,0,0,17.2272,0,0,0
30-Dec-2025,57646.65,Call,58800,0,0,17.2272,0,0,0
30-Dec-2025,57646.65,Call,58700,0,0,17.2272,0,0,0
30-Dec-2025,57646.65,Call,58400,0,0,17.2272,0,0,0
30-Dec-2025,57646.65,Call,52500,0,0,17.2272,0,4,0
30-Dec-2025,57646.65,Put,43500,0,0,17.2272,0,37.8571428571,0
30-Dec-2025,57646.65,Call,51900,0,0,17.2272,0,0,0
30-Dec-2025,57646.65,Call,51800,0,0,17.2272,0,0,0
30-Dec-2025,57646.65,Call,51500,0,0,17.2272,0,1,0
30-Dec-2025,57646.65,Call,51400,0,0,17.2272,0,0,0
30-Dec-2025,57646.65,Put,53800,0,0,17.2272,0,0,0
30-Dec-2025,57646.65,Put,53700,0,0,17.2272,0,0,0
30-Dec-2025,57646.65,Put,53600,0,0,17.2272,0,0,0
30-Dec-2025,57646.65,Call,53400,0,0,17.2272,0,0,0
30-Dec-2025,57646.65,Call,50500,0,0,17.2272,0,0,0
30-Dec-2025,57646.65,Call,50300,0,0,17.2272,0,0,0
30-Dec-2025,57646.65,Call,50200,0,0,17.2272,0,0,0
30-Dec-2025,57646.65,Put,60800,0,0,17.2272,0,8,0
30-Dec-2025,57646.65,Call,61000,0,0,17.2272,0,0,0
30-Dec-2025,57646.65,Call,60500,0,0,17.2272,0,0,0
30-Dec-2025,57646.65,Call,57300,0,0,17.2272,0,8,0
30-Dec-2025,57646.65,Call,57100,0,0,17.2272,0,11,0
30-Dec-2025,57646.65,Call,56900,0,0,17.2272,0,9,0
30-Dec-2025,57646.65,Call,56600,0,0,17.2272,0,2,0
30-Dec-2025,57646.65,Call,56200,0,0,17.2272,0,3,0
30-Dec-2025,57646.65,Call,55800,0,0,17.2272,0,3,0
30-Dec-2025,57646.65,Call,55700,0,0,17.2272,0,3,0
30-Dec-2025,57646.65,Put,55400,0,0,17.2272,0,0,0
30-Dec-2025,57646.65,Call,55400,0,0,17.2272,0,2,0
30-Dec-2025,57646.65,Put,55300,0,0,17.2272,0,0,0
30-Dec-2025,57646.65,Put,55200,0,0,17.2272,0,0,0
30-Dec-2025,57646.65,Put,55100,0,0,17.2272,0,0,0
30-Dec-2025,57646.65,Put,54900,0,0,17.2272,0,0,0
30-Dec-2025,57646.65,Call,54900,0,0,17.2272,0,2,0
30-Dec-2025,57646.65,Put,54800,0,0,17.2272,0,0,0
30-Dec-2025,57646.65,Put,54600,0,0,17.2272,0,0,0
30-Dec-2025,57646.65,Call,54600,0,0,17.2272,0,3,0
30-Dec-2025,57646.65,Put,54400,0,0,17.2272,0,0,0
30-Dec-2025,57646.65,Put,54300,0,0,17.2272,0,0,0
30-Dec-2025,57646.65,Put,54200,0,0,17.2272,0,0,0
30-Dec-2025,57646.65,Call,54100,0,0,17.2272,0,1,0
30-Dec-2025,57646.65,Put,53900,0,0,17.2272,0,0,0
30-Dec-2025,57646.65,Put,62400,0,0,0,0,0,0
30-Dec-2025,57646.65,Put,59300,0,0,17.2272,0,0,0
30-Dec-2025,57646.65,Put,52300,0,0,17.2272,0,1,0
30-Dec-2025,57646.65,Put,52200,0,0,17.2272,0,0,0
30-Dec-2025,57646.65,Call,49500,0,0,17.2272,0,0,0
30-Dec-2025,57646.65,Put,50800,0,0,17.2272,0,0,0
30-Dec-2025,57646.65,Put,50600,0,0,17.2272,0,0,0
30-Dec-2025,57646.65,Put,50300,0,0,17.2272,0,0,0
30-Dec-2025,57646.65,Put,50200,0,0,17.2272,0,0,0
30-Dec-2025,57646.65,Put,58800,0,0,17.2272,0,3,0
30-Dec-2025,57646.65,Put,61200,0,0,17.2272,0,2,0
30-Dec-2025,57646.65,Put,62500,0,0,17.2272,0,7,0
30-Dec-2025,57646.65,Put,55900,0,0,17.2272,0,0,0
30-Dec-2025,57646.65,Call,55100,0,0,17.2272,0,0,0
30-Dec-2025,57646.65,Call,54800,0,0,17.2272,0,3,0
30-Dec-2025,57646.65,Call,54700,0,0,17.2272,0,4,0
30-Dec-2025,57646.65,Call,54500,0,0,17.2272,0,7,0
30-Dec-2025,57646.65,Call,54400,0,0,17.2272,0,3,0
30-Dec-2025,57646.65,Call,54300,0,0,17.2272,0,0,0
30-Dec-2025,57646.65,Call,54200,0,0,17.2272,0,3,0
30-Dec-2025,57646.65,Call,59700,0,0,17.2272,0,0,0
30-Dec-2025,57646.65,Put,54100,0,0,17.2272,0,0,0
30-Dec-2025,57646.65,Put,61300,0,0,17.2272,0,3,0
30-Dec-2025,57646.65,Put,61400,0,0,17.2272,0,3,0
30-Dec-2025,57646.65,Put,61600,0,0,17.2272,0,3,0
30-Dec-2025,57646.65,Put,52000,0,0,17.2272,0,0,0
30-Dec-2025,57646.65,Put,52100,0,0,17.2272,0,0,0
30-Dec-2025,57646.65,Put,54700,0,0,17.2272,0,0,0
30-Dec-2025,57646.65,Put,64500,0,0,17.2272,0,6,0
30-Dec-2025,57646.65,Call,61800,0,0,17.2272,0,0,0
31-Mar-2026,57646.65,Put,55500,0,0,17.2272,0,0,0
31-Mar-2026,57646.65,Call,63000,0,0,17.2272,0,0,0
31-Mar-2026,57646.65,Call,61500,0,0,17.2272,0,0,0
30-Dec-2025,57646.65,Put,59400,0,0,17.2272,0,0,0
30-Dec-2025,57646.65,Put,53200,0,0,17.2272,0,0,0
30-Dec-2025,57646.65,Put,53100,0,0,17.2272,0,0,0
30-Dec-2025,57646.65,Put,56500,0,0,17.2272,0,0,0
30-Dec-2025,57646.65,Put,56400,0,0,17.2272,0,0,0
30-Dec-2025,57646.65,Put,56300,0,0,17.2272,0,0,0
30-Dec-2025,57646.65,Put,56200,0,0,17.2272,0,0,0
30-Dec-2025,57646.65,Put,56100,0,0,17.2272,0,0,0
30-Dec-2025,57646.65,Put,52800,0,0,17.2272,0,0,0
30-Dec-2025,57646.65,Put,52700,0,0,17.2272,0,0,0
30-Dec-2025,57646.65,Put,52600,0,0,17.2272,0,0,0
30-Dec-2025,57646.65,Put,51900,0,0,17.2272,0,0,0
30-Dec-2025,57646.65,Put,51800,0,0,17.2272,0,0,0
30-Dec-2025,57646.65,Put,51700,0,0,17.2272,0,0,0
30-Dec-2025,57646.65,Put,63000,0,0,17.2272,0,5,0
30-Dec-2025,57646.65,Put,61500,0,0,17.2272,0,4,0
30-Dec-2025,57646.65,Put,60500,0,0,17.2272,0,5,0
30-Dec-2025,57646.65,Put,59600,0,0,17.2272,0,3,0
30-Dec-2025,57646.65,Put,58900,0,0,17.2272,0,3,0
30-Dec-2025,57646.65,Put,50700,0,0,17.2272,0,0,0
30-Dec-2025,57646.65,Put,51400,0,0,17.2272,0,0,0
30-Dec-2025,57646.65,Put,51300,0,0,17.2272,0,0,0
30-Dec-2025,57646.65,Put,60900,0,0,17.2272,0,2,0
30-Dec-2025,57646.65,Put,61800,0,0,17.2272,0,0,0
30-Dec-2025,57646.65,Put,52900,0,0,17.2272,0,0,0
30-Dec-2025,57646.65,Put,50900,0,0,17.2272,0,0,0
30-Dec-2025,57646.65,Put,60700,0,0,17.2272,0,10,0
31-Mar-2026,57646.65,Put,49500,0,0,17.2272,0,0,0
31-Mar-2026,57646.65,Call,64500,0,0,17.2272,0,0,0
31-Mar-2026,57646.65,Put,46500,0,0,17.2272,0,0,0
31-Mar-2026,57646.65,Put,51000,0,0,17.2272,0,0,0
31-Mar-2026,57646.65,Put,52500,0,0,17.2272,0,0,0
31-Mar-2026,57646.65,Put,48000,0,0,17.2272,0,0,0
30-Jun-2026,57646.65,Put,49500,0,0,17.2272,0,0,0
30-Jun-2026,57646.65,Put,48000,0,0,17.2272,0,0,0
30-Jun-2026,57646.65,Put,51000,0,0,17.2272,0,0,0
30-Jun-2026,57646.65,Put,54000,0,0,17.2272,0,0,0
30-Jun-2026,57646.65,Call,64500,0,0,17.2272,0,0,0
30-Jun-2026,57646.65,Put,55500,0,0,17.2272,0,0,0
30-Jun-2026,57646.65,Call,63000,0,0,17.2272,0,0,0
30-Jun-2026,57646.65,Put,57000,0,0,17.2272,0,0,0
30-Jun-2026,57646.65,Call,61500,0,0,17.2272,0,0,0
30-Jun-2026,57646.65,Put,52500,0,0,17.2272,0,0,0
30-Jun-2026,57646.65,Put,58500,0,0,17.2272,0,0,0
30-Jun-2026,57646.65,Put,46500,0,0,17.2272,0,0,0
