28-Oct-2025,38540,Call,42000,35.25,28.05,28.8933,25,431,820
28-Oct-2025,38540,Call,39000,383,20.07,28.8933,105,762,734
28-Oct-2025,38540,Put,38500,470,20.08,28.8933,33,170,326
28-Oct-2025,38540,-,0,38615,0,28.8933,-35,9483,316
28-Oct-2025,38540,Call,40000,148,21.83,28.8933,-30,686,315
28-Oct-2025,38540,Call,41000,66,24.32,28.8933,0,421,173
28-Oct-2025,38540,Call,38500,570.7,18.56,28.8933,29,248,135
28-Oct-2025,38540,Put,38000,274,21.94,28.8933,13,312,89
28-Oct-2025,38540,Put,39000,750,22.78,28.8933,9,254,85
25-Nov-2025,38540,-,0,38700,0,28.8933,22,347,62
28-Oct-2025,38540,Put,37000,106.8,23.11,28.8933,-6,279,45
28-Oct-2025,38540,Put,36000,42.5,26.11,28.8933,3,237,43
28-Oct-2025,38540,Put,38250,410,22.09,28.8933,-6,52,32
28-Oct-2025,38540,Call,39500,235.5,20.81,28.8933,10,177,24
28-Oct-2025,38540,Put,37500,170,21.59,28.8933,1,212,21
28-Oct-2025,38540,Put,35000,23,30.48,28.8933,0,273,10
28-Oct-2025,38540,Call,40250,116.55,22.39,28.8933,3,69,8
28-Oct-2025,38540,Call,43000,18.05,30.65,28.8933,-1,92,7
28-Oct-2025,38540,Call,38000,828.9,16.35,28.8933,0,327,7
28-Oct-2025,38540,Call,39250,300,20.43,28.8933,2,39,5
28-Oct-2025,38540,Call,38250,682.4,17.25,28.8933,0,53,4
28-Oct-2025,38540,Call,45000,3,33.11,28.8933,-2,33,3
25-Nov-2025,38540,Put,37000,425,23.22,28.8933,0,12,2
25-Nov-2025,38540,Put,39000,1190,23.12,28.8933,1,14,2
28-Oct-2025,38540,Call,44000,10,33.2,28.8933,0,2,1
28-Oct-2025,38540,Call,41250,53,25.29,28.8933,0,3,1
28-Oct-2025,38540,Put,39500,1082.8,20.64,28.8933,0,136,1
25-Nov-2025,38540,Call,41000,370,21.35,28.8933,0,27,1
25-Nov-2025,38540,Call,38500,1180.6,18.92,28.8933,0,4,1
30-Dec-2025,38540,-,0,0,0,28.8933,0,7,0
28-Oct-2025,38540,Put,42500,0,0,28.8933,0,0,0
28-Oct-2025,38540,Put,42000,0,0,28.8933,0,0,0
28-Oct-2025,38540,Call,35500,0,0,28.8933,0,0,0
28-Oct-2025,38540,Put,40500,0,0,28.8933,0,0,0
28-Oct-2025,38540,Call,37000,0,0,28.8933,0,190,0
28-Oct-2025,38540,Put,34500,0,0,28.8933,0,1,0
28-Oct-2025,38540,Call,43500,0,0,28.8933,0,3,0
28-Oct-2025,38540,Put,41500,0,0,28.8933,0,0,0
28-Oct-2025,38540,Put,41000,0,0,28.8933,0,1,0
28-Oct-2025,38540,Put,43000,0,0,28.8933,0,0,0
28-Oct-2025,38540,Put,37750,0,0,28.8933,0,20,0
28-Oct-2025,38540,Put,33000,0,0,28.8933,0,0,0
28-Oct-2025,38540,Call,40500,0,0,28.8933,0,0,0
28-Oct-2025,38540,Put,40000,0,0,28.8933,0,73,0
28-Oct-2025,38540,Call,35000,0,0,28.8933,0,3,0
28-Oct-2025,38540,Call,41500,0,0,28.8933,0,49,0
28-Oct-2025,38540,Put,36500,0,0,28.8933,0,67,0
28-Oct-2025,38540,Call,44500,0,0,28.8933,0,1,0
28-Oct-2025,38540,Put,45000,0,0,28.8933,0,0,0
28-Oct-2025,38540,Call,37500,0,0,28.8933,0,38,0
28-Oct-2025,38540,Put,35500,0,0,28.8933,0,0,0
28-Oct-2025,38540,Call,44250,0,0,28.8933,0,2,0
28-Oct-2025,38540,Call,34500,0,0,28.8933,0,0,0
28-Oct-2025,38540,Put,46000,0,0,28.8933,0,8,0
28-Oct-2025,38540,Call,42500,0,0,28.8933,0,11,0
28-Oct-2025,38540,Call,45500,0,0,28.8933,0,10,0
28-Oct-2025,38540,Put,40250,0,0,28.8933,0,5,0
28-Oct-2025,38540,Put,34000,0,0,28.8933,0,0,0
28-Oct-2025,38540,Call,46000,0,0,28.8933,0,29,0
28-Oct-2025,38540,Put,33500,0,0,28.8933,0,9,0
28-Oct-2025,38540,Call,34000,0,0,28.8933,0,8,0
28-Oct-2025,38540,Call,32000,0,0,28.8933,0,0,0
28-Oct-2025,38540,Call,33000,0,0,28.8933,0,0,0
28-Oct-2025,38540,Call,42750,0,0,28.8933,0,10,0
28-Oct-2025,38540,Put,32000,0,0,28.8933,0,0,0
28-Oct-2025,38540,Put,44000,0,0,28.8933,0,0,0
28-Oct-2025,38540,Call,36000,0,0,28.8933,0,0,0
28-Oct-2025,38540,Call,36500,0,0,28.8933,0,0,0
25-Nov-2025,38540,Put,36500,0,0,28.8933,0,0,0
25-Nov-2025,38540,Put,43000,0,0,28.8933,0,0,0
25-Nov-2025,38540,Call,40500,0,0,28.8933,0,3,0
25-Nov-2025,38540,Call,43000,0,0,28.8933,0,4,0
25-Nov-2025,38540,Put,37500,0,0,28.8933,0,0,0
25-Nov-2025,38540,Call,32000,0,0,28.8933,0,0,0
25-Nov-2025,38540,Call,34000,0,0,28.8933,0,0,0
25-Nov-2025,38540,Call,36000,0,0,28.8933,0,0,0
25-Nov-2025,38540,Call,36500,0,0,28.8933,0,0,0
25-Nov-2025,38540,Call,39500,0,0,28.8933,0,0,0
25-Nov-2025,38540,Put,39500,0,0,28.8933,0,0,0
25-Nov-2025,38540,Call,33000,0,0,28.8933,0,0,0
25-Nov-2025,38540,Call,34500,0,0,28.8933,0,0,0
25-Nov-2025,38540,Call,37500,0,0,28.8933,0,0,0
25-Nov-2025,38540,Put,40500,0,0,28.8933,0,0,0
25-Nov-2025,38540,Call,35500,0,0,28.8933,0,0,0
25-Nov-2025,38540,Call,35000,0,0,28.8933,0,0,0
25-Nov-2025,38540,Call,45000,0,0,28.8933,0,0,0
25-Nov-2025,38540,Call,39000,0,0,28.8933,0,11,0
25-Nov-2025,38540,Put,44000,0,0,28.8933,0,0,0
25-Nov-2025,38540,Call,41500,0,0,28.8933,0,0,0
25-Nov-2025,38540,Put,38500,0,0,28.8933,0,3,0
25-Nov-2025,38540,Put,45000,0,0,28.8933,0,0,0
25-Nov-2025,38540,Put,38000,0,0,28.8933,0,0,0
25-Nov-2025,38540,Call,40000,0,0,28.8933,0,1,0
25-Nov-2025,38540,Call,46000,0,0,28.8933,0,1,0
25-Nov-2025,38540,Put,36000,0,0,28.8933,0,0,0
25-Nov-2025,38540,Put,32000,0,0,28.8933,0,0,0
25-Nov-2025,38540,Call,42000,0,0,28.8933,0,0,0
25-Nov-2025,38540,Put,33000,0,0,28.8933,0,0,0
25-Nov-2025,38540,Call,42500,0,0,28.8933,0,0,0
25-Nov-2025,38540,Put,35000,0,0,28.8933,0,0,0
25-Nov-2025,38540,Call,44000,0,0,28.8933,0,2,0
25-Nov-2025,38540,Put,41500,0,0,28.8933,0,0,0
25-Nov-2025,38540,Call,37000,0,0,28.8933,0,0,0
25-Nov-2025,38540,Put,42000,0,0,28.8933,0,0,0
25-Nov-2025,38540,Put,42500,0,0,28.8933,0,0,0
30-Dec-2025,38540,Call,38000,0,0,28.8933,0,0,0
30-Dec-2025,38540,Put,40000,0,0,28.8933,0,0,0
25-Nov-2025,38540,Put,40000,0,0,28.8933,0,0,0
25-Nov-2025,38540,Call,38000,0,0,28.8933,0,3,0
25-Nov-2025,38540,Put,35500,0,0,28.8933,0,0,0
30-Dec-2025,38540,Put,39000,0,0,28.8933,0,0,0
30-Dec-2025,38540,Put,36000,0,0,28.8933,0,0,0
30-Dec-2025,38540,Call,40000,0,0,28.8933,0,0,0
30-Dec-2025,38540,Put,37000,0,0,28.8933,0,0,0
30-Dec-2025,38540,Call,41000,0,0,28.8933,0,0,0
30-Dec-2025,38540,Put,38000,0,0,28.8933,0,0,0
25-Nov-2025,38540,Put,41000,0,0,28.8933,0,0,0
30-Dec-2025,38540,Call,39000,0,0,28.8933,0,0,0
30-Dec-2025,38540,Call,42000,0,0,28.8933,0,0,0
