28-Oct-2025,388.15,Call,390,3.95,16,28.8771,84,2873,2907
28-Oct-2025,388.15,-,0,389.3,0,28.8771,237,48931,1518
28-Oct-2025,388.15,Call,400,1.15,17.33,28.8771,-9,3311,1065
28-Oct-2025,388.15,Call,410,0.35,19.81,28.8771,-99,1396,932
28-Oct-2025,388.15,Put,385,2.35,15.61,28.8771,-114,1515,916
28-Oct-2025,388.15,Put,390,4.65,15.53,28.8771,-55,1574,794
28-Oct-2025,388.15,Call,385,6.65,16.38,28.8771,-34,1205,751
28-Oct-2025,388.15,Call,395,2.15,16.24,28.8771,-13,3172,710
28-Oct-2025,388.15,Put,380,1.25,16.19,28.8771,3,1602,620
28-Oct-2025,388.15,Call,387.5,5.2,16.04,28.8771,80,811,507
25-Nov-2025,388.15,Put,370,2.6,20.35,28.8771,33,356,445
25-Nov-2025,388.15,-,0,389.9,0,28.8771,255,3222,437
28-Oct-2025,388.15,Call,380,10.5,16.77,28.8771,-43,508,419
28-Oct-2025,388.15,Put,387.5,3.4,15.73,28.8771,57,468,379
28-Oct-2025,388.15,Put,382.5,1.7,16.07,28.8771,-19,480,327
28-Oct-2025,388.15,Put,370,0.4,19.27,28.8771,47,590,269
25-Nov-2025,388.15,Call,400,5.7,17.56,28.8771,72,560,239
28-Oct-2025,388.15,Call,420,0.15,22.32,28.8771,-40,1331,189
28-Oct-2025,388.15,Call,392.5,2.95,16.24,28.8771,-14,312,170
28-Oct-2025,388.15,Call,405,0.65,18.29,28.8771,-6,1006,136
28-Oct-2025,388.15,Put,375,0.6,17.5,28.8771,-27,760,135
28-Oct-2025,388.15,Call,397.5,1.55,16.51,28.8771,0,355,134
25-Nov-2025,388.15,Put,375,3.55,19.9,28.8771,68,210,113
28-Oct-2025,388.15,Put,395,7.8,15.98,28.8771,-24,666,109
28-Oct-2025,388.15,Put,392.5,6.1,15.59,28.8771,1,196,104
25-Nov-2025,388.15,Call,390,9.7,16.9,28.8771,43,363,99
28-Oct-2025,388.15,Call,382.5,8.95,17.87,28.8771,-10,242,78
28-Oct-2025,388.15,Put,377.5,0.8,16.64,28.8771,-6,257,75
28-Oct-2025,388.15,Put,400,11.8,15.94,28.8771,-6,1011,66
28-Oct-2025,388.15,Put,360,0.15,23.28,28.8771,-19,503,54
25-Nov-2025,388.15,Call,385,12.5,16.66,28.8771,2,115,46
28-Oct-2025,388.15,Put,365,0.25,21.72,28.8771,-5,345,45
28-Oct-2025,388.15,Call,425,0.1,23.71,28.8771,0,289,37
28-Oct-2025,388.15,Call,402.5,0.85,17.59,28.8771,12,128,32
28-Oct-2025,388.15,Call,375,14.9,21.84,28.8771,1,85,32
25-Nov-2025,388.15,Put,390,9.4,20.67,28.8771,20,255,32
28-Oct-2025,388.15,Call,377.5,12.9,18.32,28.8771,-6,74,31
28-Oct-2025,388.15,Put,410,20.6,12.98,28.8771,-18,105,28
25-Nov-2025,388.15,Call,410,3.1,18.06,28.8771,12,186,27
28-Oct-2025,388.15,Put,405,16.25,15.8,28.8771,-2,68,26
28-Oct-2025,388.15,Call,372.5,17.5,20.4,28.8771,1,43,26
25-Nov-2025,388.15,Put,380,5.1,20.19,28.8771,15,202,26
25-Nov-2025,388.15,Put,400,15,21.15,28.8771,10,162,26
28-Oct-2025,388.15,Put,397.5,9.7,16.25,28.8771,1,37,23
28-Oct-2025,388.15,Put,372.5,0.45,18.32,28.8771,-9,129,22
30-Dec-2025,388.15,-,0,392.75,0,28.8771,4,393,21
25-Nov-2025,388.15,Call,420,1.7,18.91,28.8771,7,264,20
28-Oct-2025,388.15,Call,415,0.2,21.21,28.8771,-1,573,18
25-Nov-2025,388.15,Put,350,0.8,23.19,28.8771,2,61,18
25-Nov-2025,388.15,Call,395,7.55,17.31,28.8771,14,98,18
28-Oct-2025,388.15,Put,402.5,13.6,15.13,28.8771,1,31,17
28-Oct-2025,388.15,Call,370,19.9,21.79,28.8771,-4,167,17
25-Nov-2025,388.15,Put,360,1.4,21.54,28.8771,2,103,16
25-Nov-2025,388.15,Put,385,7,20.41,28.8771,4,98,14
25-Nov-2025,388.15,Call,450,0.5,23.73,28.8771,-9,86,12
25-Nov-2025,388.15,Call,380,15.5,15.41,28.8771,-1,337,11
28-Oct-2025,388.15,Call,407.5,0.5,18.98,28.8771,3,92,9
25-Nov-2025,388.15,Call,430,1.05,20.39,28.8771,5,20,8
28-Oct-2025,388.15,Call,460,0.05,37.89,28.8771,0,56,7
25-Nov-2025,388.15,Call,387.5,10.9,16.44,28.8771,4,15,6
25-Nov-2025,388.15,Put,420,31.1,25.12,28.8771,1,28,6
25-Nov-2025,388.15,Put,387.5,7.85,20.03,28.8771,3,13,6
28-Oct-2025,388.15,Put,350,0.05,25.96,28.8771,-1,220,4
28-Oct-2025,388.15,Put,420,31.15,29.27,28.8771,-1,250,4
28-Oct-2025,388.15,Put,340,0.1,35.08,28.8771,1,80,4
28-Oct-2025,388.15,Put,367.5,0.35,21.26,28.8771,1,96,3
28-Oct-2025,388.15,Call,430,0.1,26.37,28.8771,0,169,3
25-Nov-2025,388.15,Call,415,2.25,18.48,28.8771,1,17,3
25-Nov-2025,388.15,Put,362.5,1.55,20.88,28.8771,1,10,3
28-Oct-2025,388.15,Call,435,0.05,26.5,28.8771,0,454,2
28-Oct-2025,388.15,Call,440,0.1,31.52,28.8771,0,239,2
28-Oct-2025,388.15,Call,450,0.05,33.47,28.8771,0,756,2
25-Nov-2025,388.15,Call,392.5,8.5,16.92,28.8771,1,9,2
25-Nov-2025,388.15,Call,407.5,3.2,16.89,28.8771,0,2,2
28-Oct-2025,388.15,Call,412.5,0.3,20.31,28.8771,0,49,1
25-Nov-2025,388.15,Call,402.5,4.2,16.12,28.8771,0,8,1
25-Nov-2025,388.15,Call,405,4.2,17.73,28.8771,0,13,1
25-Nov-2025,388.15,Put,355,1,22.05,28.8771,0,9,1
25-Nov-2025,388.15,Put,410,22,21.61,28.8771,0,79,1
25-Nov-2025,388.15,Call,370,22.5,11.55,28.8771,0,2,1
25-Nov-2025,388.15,Put,382.5,6.6,21.58,28.8771,0,11,1
30-Dec-2025,388.15,Call,400,9.15,15.61,28.8771,0,24,1
30-Dec-2025,388.15,Call,390,13.5,14.75,28.8771,0,2,1
28-Oct-2025,388.15,Put,357.5,0,0,28.8771,0,15,0
28-Oct-2025,388.15,Put,460,0,0,28.8771,0,15,0
28-Oct-2025,388.15,Put,415,0,0,28.8771,0,79,0
28-Oct-2025,388.15,Call,367.5,0,0,28.8771,0,30,0
28-Oct-2025,388.15,Call,357.5,0,0,28.8771,0,0,0
28-Oct-2025,388.15,Call,362.5,0,0,28.8771,0,15,0
28-Oct-2025,388.15,Put,445,0,0,28.8771,0,0,0
28-Oct-2025,388.15,Put,362.5,0,0,28.8771,0,60,0
28-Oct-2025,388.15,Put,417.5,0,0,28.8771,0,1,0
28-Oct-2025,388.15,Call,417.5,0,0,28.8771,0,38,0
28-Oct-2025,388.15,Put,412.5,0,0,28.8771,0,8,0
28-Oct-2025,388.15,Put,407.5,0,0,28.8771,0,11,0
28-Oct-2025,388.15,Put,320,0,0,28.8771,0,64,0
28-Oct-2025,388.15,Put,330,0,0,28.8771,0,48,0
28-Oct-2025,388.15,Put,440,0,0,28.8771,0,120,0
28-Oct-2025,388.15,Put,310,0,0,28.8771,0,15,0
28-Oct-2025,388.15,Call,330,0,0,28.8771,0,1,0
28-Oct-2025,388.15,Call,350,0,0,28.8771,0,35,0
28-Oct-2025,388.15,Call,320,0,0,28.8771,0,0,0
28-Oct-2025,388.15,Put,355,0,0,28.8771,0,102,0
28-Oct-2025,388.15,Call,340,0,0,28.8771,0,0,0
28-Oct-2025,388.15,Put,430,0,0,28.8771,0,86,0
28-Oct-2025,388.15,Put,345,0,0,28.8771,0,9,0
28-Oct-2025,388.15,Call,360,0,0,28.8771,0,38,0
28-Oct-2025,388.15,Call,325,0,0,28.8771,0,0,0
28-Oct-2025,388.15,Put,325,0,0,28.8771,0,77,0
28-Oct-2025,388.15,Call,445,0,0,28.8771,0,0,0
28-Oct-2025,388.15,Put,425,0,0,28.8771,0,1,0
28-Oct-2025,388.15,Put,450,0,0,28.8771,0,1565,0
28-Oct-2025,388.15,Put,435,0,0,28.8771,0,0,0
28-Oct-2025,388.15,Put,335,0,0,28.8771,0,15,0
28-Oct-2025,388.15,Call,352.5,0,0,28.8771,0,0,0
28-Oct-2025,388.15,Put,352.5,0,0,28.8771,0,0,0
28-Oct-2025,388.15,Call,335,0,0,28.8771,0,0,0
28-Oct-2025,388.15,Call,345,0,0,28.8771,0,7,0
28-Oct-2025,388.15,Call,355,0,0,28.8771,0,6,0
28-Oct-2025,388.15,Call,365,0,0,28.8771,0,42,0
25-Nov-2025,388.15,Call,355,0,0,28.8771,0,0,0
25-Nov-2025,388.15,Put,435,0,0,28.8771,0,0,0
25-Nov-2025,388.15,Put,445,0,0,28.8771,0,0,0
25-Nov-2025,388.15,Put,335,0,0,28.8771,0,0,0
25-Nov-2025,388.15,Call,440,0,0,28.8771,0,81,0
25-Nov-2025,388.15,Call,412.5,0,0,28.8771,0,0,0
25-Nov-2025,388.15,Call,417.5,0,0,28.8771,0,0,0
25-Nov-2025,388.15,Put,320,0,0,28.8771,0,10,0
25-Nov-2025,388.15,Put,325,0,0,28.8771,0,0,0
25-Nov-2025,388.15,Call,425,0,0,28.8771,0,1,0
25-Nov-2025,388.15,Call,362.5,0,0,28.8771,0,0,0
25-Nov-2025,388.15,Put,425,0,0,28.8771,0,0,0
25-Nov-2025,388.15,Call,365,0,0,28.8771,0,0,0
25-Nov-2025,388.15,Put,365,0,0,28.8771,0,0,0
25-Nov-2025,388.15,Call,367.5,0,0,28.8771,0,0,0
25-Nov-2025,388.15,Put,367.5,0,0,28.8771,0,0,0
25-Nov-2025,388.15,Call,372.5,0,0,28.8771,0,0,0
25-Nov-2025,388.15,Put,372.5,0,0,28.8771,0,2,0
25-Nov-2025,388.15,Call,375,0,0,28.8771,0,0,0
25-Nov-2025,388.15,Call,377.5,0,0,28.8771,0,0,0
25-Nov-2025,388.15,Put,377.5,0,0,28.8771,0,0,0
25-Nov-2025,388.15,Call,382.5,0,0,28.8771,0,4,0
25-Nov-2025,388.15,Call,397.5,0,0,28.8771,0,3,0
25-Nov-2025,388.15,Put,402.5,0,0,28.8771,0,2,0
25-Nov-2025,388.15,Put,405,0,0,28.8771,0,0,0
25-Nov-2025,388.15,Put,407.5,0,0,28.8771,0,0,0
25-Nov-2025,388.15,Put,412.5,0,0,28.8771,0,0,0
25-Nov-2025,388.15,Put,415,0,0,28.8771,0,17,0
25-Nov-2025,388.15,Put,417.5,0,0,28.8771,0,0,0
25-Nov-2025,388.15,Put,430,0,0,28.8771,0,0,0
25-Nov-2025,388.15,Call,340,0,0,28.8771,0,0,0
25-Nov-2025,388.15,Call,350,0,0,28.8771,0,0,0
25-Nov-2025,388.15,Call,325,0,0,28.8771,0,0,0
25-Nov-2025,388.15,Call,320,0,0,28.8771,0,0,0
25-Nov-2025,388.15,Call,330,0,0,28.8771,0,0,0
25-Nov-2025,388.15,Put,450,0,0,28.8771,0,0,0
25-Nov-2025,388.15,Call,335,0,0,28.8771,0,0,0
25-Nov-2025,388.15,Call,345,0,0,28.8771,0,0,0
25-Nov-2025,388.15,Put,392.5,0,0,28.8771,0,6,0
25-Nov-2025,388.15,Put,395,0,0,28.8771,0,13,0
25-Nov-2025,388.15,Put,397.5,0,0,28.8771,0,0,0
25-Nov-2025,388.15,Call,357.5,0,0,28.8771,0,0,0
25-Nov-2025,388.15,Put,357.5,0,0,28.8771,0,0,0
25-Nov-2025,388.15,Put,345,0,0,28.8771,0,0,0
25-Nov-2025,388.15,Call,352.5,0,0,28.8771,0,0,0
25-Nov-2025,388.15,Put,352.5,0,0,28.8771,0,0,0
25-Nov-2025,388.15,Put,330,0,0,28.8771,0,0,0
25-Nov-2025,388.15,Call,435,0,0,28.8771,0,3,0
25-Nov-2025,388.15,Call,445,0,0,28.8771,0,1,0
25-Nov-2025,388.15,Call,360,0,0,28.8771,0,45,0
25-Nov-2025,388.15,Put,440,0,0,28.8771,0,1,0
30-Dec-2025,388.15,Call,410,0,0,28.8771,0,0,0
30-Dec-2025,388.15,Call,420,0,0,28.8771,0,0,0
30-Dec-2025,388.15,Put,370,0,0,28.8771,0,0,0
30-Dec-2025,388.15,Call,380,0,0,28.8771,0,0,0
30-Dec-2025,388.15,Put,360,0,0,28.8771,0,2,0
25-Nov-2025,388.15,Put,340,0,0,28.8771,0,0,0
30-Dec-2025,388.15,Call,385,0,0,28.8771,0,0,0
30-Dec-2025,388.15,Put,395,0,0,28.8771,0,0,0
30-Dec-2025,388.15,Put,380,0,0,28.8771,0,3,0
30-Dec-2025,388.15,Put,375,0,0,28.8771,0,0,0
30-Dec-2025,388.15,Put,390,0,0,28.8771,0,0,0
30-Dec-2025,388.15,Put,365,0,0,28.8771,0,0,0
30-Dec-2025,388.15,Call,405,0,0,28.8771,0,0,0
30-Dec-2025,388.15,Put,400,0,0,28.8771,0,0,0
30-Dec-2025,388.15,Put,385,0,0,28.8771,0,0,0
30-Dec-2025,388.15,Put,405,0,0,28.8771,0,0,0
30-Dec-2025,388.15,Call,415,0,0,28.8771,0,0,0
30-Dec-2025,388.15,Call,395,0,0,28.8771,0,0,0
