28-Oct-2025,1243,-,0,1246,0,24.7684,31,19749,333
28-Oct-2025,1243,Call,1250,19.8,24.49,24.7684,8,439,218
28-Oct-2025,1243,Call,1240,24.85,24.78,24.7684,29,334,194
28-Oct-2025,1243,Call,1260,14.9,24.02,24.7684,13,1725,183
28-Oct-2025,1243,Call,1300,4.2,23.62,24.7684,12,1388,130
25-Nov-2025,1243,-,0,1251.6,0,24.7684,86,1222,126
28-Oct-2025,1243,Put,1240,19.25,26.11,24.7684,27,653,106
28-Oct-2025,1243,Call,1280,8.2,23.77,24.7684,12,659,66
28-Oct-2025,1243,Put,1200,7.1,27.31,24.7684,26,518,52
28-Oct-2025,1243,Put,1250,23.85,25.84,24.7684,3,527,31
28-Oct-2025,1243,Put,1230,15.8,26.63,24.7684,2,164,28
28-Oct-2025,1243,Call,1270,11.2,23.98,24.7684,-5,438,28
25-Nov-2025,1243,Call,1260,32.5,21.45,24.7684,9,57,25
28-Oct-2025,1243,Put,1140,1.3,30.86,24.7684,-1,160,20
28-Oct-2025,1243,Call,1230,30.95,24.31,24.7684,4,83,20
28-Oct-2025,1243,Call,1200,50.85,24.36,24.7684,3,92,19
28-Oct-2025,1243,Call,1320,1.9,23.73,24.7684,-4,1608,18
28-Oct-2025,1243,Call,1290,5.7,23.68,24.7684,-1,373,17
25-Nov-2025,1243,Call,1300,17.2,21.08,24.7684,4,160,17
28-Oct-2025,1243,Put,1210,8.85,26.68,24.7684,-1,104,10
28-Oct-2025,1243,Put,1260,29.15,25.15,24.7684,-4,220,8
28-Oct-2025,1243,Put,1160,2.05,28.7,24.7684,-2,127,7
25-Nov-2025,1243,Put,1200,18,24.92,24.7684,3,78,7
28-Oct-2025,1243,Put,1170,3,28.74,24.7684,-5,27,7
28-Oct-2025,1243,Put,1280,42.95,24.84,24.7684,2,140,6
28-Oct-2025,1243,Put,1300,59.3,25.7,24.7684,-3,256,6
28-Oct-2025,1243,Put,1180,3.8,27.73,24.7684,0,167,6
28-Oct-2025,1243,Call,1340,1.1,25.15,24.7684,-3,903,5
28-Oct-2025,1243,Put,1220,11.55,25.86,24.7684,0,232,5
28-Oct-2025,1243,Call,1360,0.85,27.8,24.7684,0,321,4
28-Oct-2025,1243,Call,1330,1.35,24.1,24.7684,-1,102,4
28-Oct-2025,1243,Put,1080,0.5,39.05,24.7684,0,224,2
28-Oct-2025,1243,Call,1380,0.75,30.86,24.7684,0,153,2
28-Oct-2025,1243,Put,1150,1.55,29.46,24.7684,0,113,2
28-Oct-2025,1243,Call,1220,35.35,23.52,24.7684,-1,62,2
28-Oct-2025,1243,Put,1310,69.2,28.45,24.7684,1,38,2
25-Nov-2025,1243,Call,1240,45.3,23.16,24.7684,1,33,2
25-Nov-2025,1243,Call,1250,36,20.64,24.7684,0,1,2
25-Nov-2025,1243,Call,1350,7.35,21.81,24.7684,1,32,2
30-Dec-2025,1243,-,0,1250,0,24.7684,0,74,1
28-Oct-2025,1243,Put,1100,0.4,33.56,24.7684,0,278,1
28-Oct-2025,1243,Call,1180,68,24.69,24.7684,0,36,1
28-Oct-2025,1243,Call,1190,59,24.06,24.7684,0,20,1
28-Oct-2025,1243,Put,1120,0.55,30.79,24.7684,0,354,1
28-Oct-2025,1243,Put,1190,5.15,27.34,24.7684,0,71,1
28-Oct-2025,1243,Call,1310,2.4,22.72,24.7684,0,198,1
25-Nov-2025,1243,Call,1200,67.6,21.09,24.7684,0,7,1
28-Oct-2025,1243,Put,1460,0,0,24.7684,0,0,0
28-Oct-2025,1243,Call,1370,0,0,24.7684,0,13,0
28-Oct-2025,1243,Put,1370,0,0,24.7684,0,0,0
28-Oct-2025,1243,Put,1340,0,0,24.7684,0,60,0
28-Oct-2025,1243,Put,1380,0,0,24.7684,0,30,0
28-Oct-2025,1243,Put,1480,0,0,24.7684,0,1,0
28-Oct-2025,1243,Put,1060,0,0,24.7684,0,0,0
28-Oct-2025,1243,Call,1100,0,0,24.7684,0,0,0
28-Oct-2025,1243,Put,1110,0,0,24.7684,0,21,0
28-Oct-2025,1243,Call,1130,0,0,24.7684,0,0,0
28-Oct-2025,1243,Call,1170,0,0,24.7684,0,6,0
28-Oct-2025,1243,Call,1110,0,0,24.7684,0,0,0
28-Oct-2025,1243,Call,1150,0,0,24.7684,0,0,0
28-Oct-2025,1243,Call,1210,0,0,24.7684,0,20,0
28-Oct-2025,1243,Call,1060,0,0,24.7684,0,0,0
28-Oct-2025,1243,Put,1330,0,0,24.7684,0,43,0
28-Oct-2025,1243,Put,1040,0,0,24.7684,0,101,0
28-Oct-2025,1243,Call,1520,0,0,24.7684,0,8,0
28-Oct-2025,1243,Call,1040,0,0,24.7684,0,0,0
28-Oct-2025,1243,Call,1120,0,0,24.7684,0,4,0
28-Oct-2025,1243,Call,1160,0,0,24.7684,0,24,0
28-Oct-2025,1243,Put,1400,0,0,24.7684,0,23,0
25-Nov-2025,1243,Put,1160,0,0,24.7684,0,0,0
25-Nov-2025,1243,Put,1060,0,0,24.7684,0,0,0
25-Nov-2025,1243,Call,1330,0,0,24.7684,0,10,0
28-Oct-2025,1243,Call,1420,0,0,24.7684,0,376,0
25-Nov-2025,1243,Put,1380,0,0,24.7684,0,0,0
25-Nov-2025,1243,Call,1360,0,0,24.7684,0,2,0
28-Oct-2025,1243,Call,1400,0,0,24.7684,0,831,0
25-Nov-2025,1243,Call,1220,0,0,24.7684,0,1,0
28-Oct-2025,1243,Put,1290,0,0,24.7684,0,63,0
25-Nov-2025,1243,Put,1130,0,0,24.7684,0,0,0
25-Nov-2025,1243,Put,1170,0,0,24.7684,0,0,0
28-Oct-2025,1243,Put,1440,0,0,24.7684,0,0,0
28-Oct-2025,1243,Put,1270,0,0,24.7684,0,125,0
25-Nov-2025,1243,Put,1270,0,0,24.7684,0,0,0
30-Dec-2025,1243,Call,1480,0,0,24.7684,0,0,0
25-Nov-2025,1243,Call,1270,0,0,24.7684,0,1,0
30-Dec-2025,1243,Put,1260,0,0,24.7684,0,0,0
25-Nov-2025,1243,Put,1040,0,0,24.7684,0,0,0
30-Dec-2025,1243,Call,1280,0,0,24.7684,0,0,0
28-Oct-2025,1243,Put,1130,0,0,24.7684,0,40,0
28-Oct-2025,1243,Call,1460,0,0,24.7684,0,0,0
25-Nov-2025,1243,Put,1260,0,0,24.7684,0,10,0
25-Nov-2025,1243,Put,1120,0,0,24.7684,0,49,0
28-Oct-2025,1243,Put,1320,0,0,24.7684,0,129,0
25-Nov-2025,1243,Call,1150,0,0,24.7684,0,0,0
25-Nov-2025,1243,Put,1330,0,0,24.7684,0,0,0
25-Nov-2025,1243,Put,1370,0,0,24.7684,0,0,0
25-Nov-2025,1243,Put,1400,0,0,24.7684,0,0,0
30-Dec-2025,1243,Put,1180,0,0,24.7684,0,0,0
25-Nov-2025,1243,Put,1100,0,0,24.7684,0,0,0
25-Nov-2025,1243,Call,1210,0,0,24.7684,0,0,0
25-Nov-2025,1243,Put,1150,0,0,24.7684,0,0,0
25-Nov-2025,1243,Put,1190,0,0,24.7684,0,0,0
25-Nov-2025,1243,Call,1100,0,0,24.7684,0,0,0
25-Nov-2025,1243,Call,1060,0,0,24.7684,0,0,0
25-Nov-2025,1243,Call,1440,0,0,24.7684,0,0,0
28-Oct-2025,1243,Call,1140,0,0,24.7684,0,8,0
28-Oct-2025,1243,Put,1420,0,0,24.7684,0,0,0
28-Oct-2025,1243,Put,1360,0,0,24.7684,0,44,0
28-Oct-2025,1243,Call,1080,0,0,24.7684,0,0,0
25-Nov-2025,1243,Put,1230,0,0,24.7684,0,0,0
30-Dec-2025,1243,Put,1080,0,0,24.7684,0,0,0
25-Nov-2025,1243,Put,1110,0,0,24.7684,0,0,0
28-Oct-2025,1243,Put,1350,0,0,24.7684,0,0,0
25-Nov-2025,1243,Put,1440,0,0,24.7684,0,0,0
25-Nov-2025,1243,Put,1460,0,0,24.7684,0,0,0
25-Nov-2025,1243,Put,1080,0,0,24.7684,0,0,0
25-Nov-2025,1243,Put,1300,0,0,24.7684,0,17,0
25-Nov-2025,1243,Put,1240,0,0,24.7684,0,8,0
25-Nov-2025,1243,Put,1310,0,0,24.7684,0,0,0
28-Oct-2025,1243,Call,1350,0,0,24.7684,0,132,0
25-Nov-2025,1243,Call,1230,0,0,24.7684,0,0,0
25-Nov-2025,1243,Put,1320,0,0,24.7684,0,0,0
25-Nov-2025,1243,Call,1120,0,0,24.7684,0,0,0
25-Nov-2025,1243,Put,1360,0,0,24.7684,0,0,0
25-Nov-2025,1243,Put,1420,0,0,24.7684,0,0,0
25-Nov-2025,1243,Put,1340,0,0,24.7684,0,0,0
25-Nov-2025,1243,Call,1380,0,0,24.7684,0,1,0
30-Dec-2025,1243,Call,1240,0,0,24.7684,0,0,0
25-Nov-2025,1243,Call,1110,0,0,24.7684,0,0,0
25-Nov-2025,1243,Call,1080,0,0,24.7684,0,0,0
25-Nov-2025,1243,Put,1350,0,0,24.7684,0,0,0
25-Nov-2025,1243,Call,1320,0,0,24.7684,0,19,0
25-Nov-2025,1243,Put,1280,0,0,24.7684,0,0,0
30-Dec-2025,1243,Call,1320,0,0,24.7684,0,4,0
30-Dec-2025,1243,Call,1380,0,0,24.7684,0,0,0
30-Dec-2025,1243,Put,1200,0,0,24.7684,0,0,0
30-Dec-2025,1243,Put,1220,0,0,24.7684,0,0,0
25-Nov-2025,1243,Call,1340,0,0,24.7684,0,7,0
25-Nov-2025,1243,Call,1280,0,0,24.7684,0,0,0
30-Dec-2025,1243,Put,1040,0,0,24.7684,0,0,0
25-Nov-2025,1243,Call,1180,0,0,24.7684,0,0,0
30-Dec-2025,1243,Put,1160,0,0,24.7684,0,0,0
25-Nov-2025,1243,Call,1460,0,0,24.7684,0,0,0
25-Nov-2025,1243,Call,1370,0,0,24.7684,0,0,0
25-Nov-2025,1243,Put,1210,0,0,24.7684,0,4,0
28-Oct-2025,1243,Call,1440,0,0,24.7684,0,48,0
25-Nov-2025,1243,Call,1400,0,0,24.7684,0,36,0
25-Nov-2025,1243,Put,1250,0,0,24.7684,0,53,0
25-Nov-2025,1243,Call,1140,0,0,24.7684,0,0,0
30-Dec-2025,1243,Put,1240,0,0,24.7684,0,0,0
30-Dec-2025,1243,Call,1400,0,0,24.7684,0,0,0
30-Dec-2025,1243,Call,1220,0,0,24.7684,0,0,0
30-Dec-2025,1243,Put,1140,0,0,24.7684,0,0,0
30-Dec-2025,1243,Put,1280,0,0,24.7684,0,0,0
25-Nov-2025,1243,Call,1040,0,0,24.7684,0,0,0
25-Nov-2025,1243,Call,1170,0,0,24.7684,0,0,0
25-Nov-2025,1243,Call,1160,0,0,24.7684,0,0,0
30-Dec-2025,1243,Put,1300,0,0,24.7684,0,0,0
30-Dec-2025,1243,Call,1340,0,0,24.7684,0,33,0
25-Nov-2025,1243,Call,1130,0,0,24.7684,0,0,0
25-Nov-2025,1243,Put,1180,0,0,24.7684,0,4,0
30-Dec-2025,1243,Call,1260,0,0,24.7684,0,0,0
25-Nov-2025,1243,Put,1220,0,0,24.7684,0,0,0
25-Nov-2025,1243,Call,1290,0,0,24.7684,0,0,0
25-Nov-2025,1243,Call,1420,0,0,24.7684,0,0,0
30-Dec-2025,1243,Call,1360,0,0,24.7684,0,0,0
25-Nov-2025,1243,Put,1290,0,0,24.7684,0,0,0
30-Dec-2025,1243,Call,1200,0,0,24.7684,0,0,0
30-Dec-2025,1243,Call,1300,0,0,24.7684,0,0,0
30-Dec-2025,1243,Put,1120,0,0,24.7684,0,0,0
25-Nov-2025,1243,Put,1140,0,0,24.7684,0,0,0
25-Nov-2025,1243,Call,1190,0,0,24.7684,0,0,0
30-Dec-2025,1243,Call,1440,0,0,24.7684,0,0,0
25-Nov-2025,1243,Call,1310,0,0,24.7684,0,1,0
