28-Oct-2025,27519.6,Call,27400,332.25,11.59,17.7066,172,400,2786
28-Oct-2025,27519.6,Call,27500,270.25,11.43,17.7066,143,1813,2736
28-Oct-2025,27519.6,Call,27600,218,11.46,17.7066,-761,940,2240
28-Oct-2025,27519.6,Call,28000,85,12.21,17.7066,95,844,2013
28-Oct-2025,27519.6,Put,27400,176.25,13.97,17.7066,241,612,1779
28-Oct-2025,27519.6,Put,27300,146,14.25,17.7066,33,865,1563
28-Oct-2025,27519.6,Put,27200,121.2,14.69,17.7066,285,1072,1562
28-Oct-2025,27519.6,Call,27300,405,11.81,17.7066,33,800,1540
28-Oct-2025,27519.6,Put,26000,20.3,20.78,17.7066,-462,1027,1524
28-Oct-2025,27519.6,Put,27100,101.45,15.05,17.7066,513,978,1257
28-Oct-2025,27519.6,Call,27800,137,11.85,17.7066,58,1404,1124
28-Oct-2025,27519.6,Put,27500,213.05,13.87,17.7066,234,741,1107
28-Oct-2025,27519.6,Put,26300,26.9,19.09,17.7066,791,1179,927
28-Oct-2025,27519.6,Call,28500,24.75,13.62,17.7066,135,647,810
28-Oct-2025,27519.6,Put,27000,86.35,15.56,17.7066,136,908,761
28-Oct-2025,27519.6,Call,27450,299.8,11.59,17.7066,30,186,758
28-Oct-2025,27519.6,Call,27350,347,11.6,17.7066,-1,121,569
28-Oct-2025,27519.6,Call,29000,9.9,15.68,17.7066,126,831,520
28-Oct-2025,27519.6,Put,26800,63.2,16.56,17.7066,105,710,508
28-Oct-2025,27519.6,Call,27200,454.2,11.8,17.7066,30,731,489
28-Oct-2025,27519.6,Call,27900,107.5,11.97,17.7066,27,518,466
28-Oct-2025,27519.6,Put,27250,132.35,14.35,17.7066,16,161,448
28-Oct-2025,27519.6,Put,27350,159.6,13.99,17.7066,28,164,419
28-Oct-2025,27519.6,Call,27650,192.6,11.56,17.7066,-84,517,384
28-Oct-2025,27519.6,Put,26100,21.8,20.05,17.7066,-155,138,374
28-Oct-2025,27519.6,Put,26500,38.35,18.01,17.7066,48,1047,369
28-Oct-2025,27519.6,Call,27750,153,11.64,17.7066,-21,247,367
28-Oct-2025,27519.6,Put,26900,74.35,16.09,17.7066,-44,1508,322
28-Oct-2025,27519.6,Put,26700,53.05,17.14,17.7066,0,372,311
28-Oct-2025,27519.6,Call,27550,243.5,11.39,17.7066,-36,137,304
28-Oct-2025,27519.6,Call,28400,31,13.13,17.7066,47,100,297
28-Oct-2025,27519.6,Call,28300,37.85,12.64,17.7066,6,192,290
28-Oct-2025,27519.6,Put,26850,68.2,16.28,17.7066,101,408,272
28-Oct-2025,27519.6,Call,27000,641.45,12.37,17.7066,-55,1133,260
28-Oct-2025,27519.6,Put,26400,36.15,18.47,17.7066,19,642,251
28-Oct-2025,27519.6,Call,28200,51.25,12.76,17.7066,125,312,232
28-Oct-2025,27519.6,Put,26200,24.85,19.37,17.7066,-88,341,211
28-Oct-2025,27519.6,Call,26800,811.75,11.8,17.7066,-9,532,176
28-Oct-2025,27519.6,Call,28100,66.25,12.27,17.7066,-30,164,162
28-Oct-2025,27519.6,-,0,27531.1,0,17.7066,33,656,157
28-Oct-2025,27519.6,Put,27450,194.75,13.73,17.7066,54,71,148
28-Oct-2025,27519.6,Put,26600,45,17.58,17.7066,9,409,146
28-Oct-2025,27519.6,Put,26650,52.15,17.27,17.7066,-4,93,138
28-Oct-2025,27519.6,Put,27600,260.85,13.71,17.7066,84,84,137
28-Oct-2025,27519.6,Put,25500,12.8,24.13,17.7066,26,280,137
28-Oct-2025,27519.6,Call,29500,5.5,18.36,17.7066,61,256,126
28-Oct-2025,27519.6,Call,26900,731.9,12.62,17.7066,-31,352,115
28-Oct-2025,27519.6,Call,27700,172.55,11.65,17.7066,81,81,98
28-Oct-2025,27519.6,Put,26250,29.95,19.52,17.7066,-7,70,87
28-Oct-2025,27519.6,Call,28700,10,13.12,17.7066,2,35,86
28-Oct-2025,27519.6,Put,27050,93.45,15.27,17.7066,16,227,86
28-Oct-2025,27519.6,Put,25900,18.25,21.25,17.7066,29,139,81
28-Oct-2025,27519.6,Put,26750,60.3,16.59,17.7066,16,123,80
28-Oct-2025,27519.6,Put,27150,109.85,14.83,17.7066,29,140,77
28-Oct-2025,27519.6,Put,27550,236.75,13.91,17.7066,29,29,66
28-Oct-2025,27519.6,Call,27850,116,11.91,17.7066,-6,219,66
28-Oct-2025,27519.6,Put,26350,35,19.06,17.7066,-21,76,59
28-Oct-2025,27519.6,Call,27050,583.25,12.16,17.7066,-21,155,57
28-Oct-2025,27519.6,Call,28900,11,14.94,17.7066,26,47,57
28-Oct-2025,27519.6,Call,29100,9,16.31,17.7066,8,61,51
28-Oct-2025,27519.6,Call,28600,16,13.13,17.7066,6,68,48
28-Oct-2025,27519.6,Call,27950,96.35,12.1,17.7066,30,81,42
28-Oct-2025,27519.6,Put,25800,18,22.25,17.7066,16,31,40
28-Oct-2025,27519.6,Call,27250,413.45,11.51,17.7066,-4,37,40
28-Oct-2025,27519.6,Put,25100,8.05,25.97,17.7066,-16,91,38
28-Oct-2025,27519.6,Put,25000,7.15,26.46,17.7066,-2,484,38
28-Oct-2025,27519.6,Put,26950,85,15.79,17.7066,5,213,36
28-Oct-2025,27519.6,Put,25200,9.15,25.67,17.7066,-13,115,35
28-Oct-2025,27519.6,Put,25700,16,22.8,17.7066,17,437,35
28-Oct-2025,27519.6,Call,27100,559.95,12.26,17.7066,-3,241,35
28-Oct-2025,27519.6,Put,24000,4,33.05,17.7066,6,96,34
28-Oct-2025,27519.6,Call,28800,12.85,14.65,17.7066,-4,73,30
25-Nov-2025,27519.6,-,0,27670,0,17.7066,13,56,26
28-Oct-2025,27519.6,Call,27150,515.15,12.09,17.7066,-5,25,23
28-Oct-2025,27519.6,Call,26700,871.75,9.56,17.7066,-11,196,23
28-Oct-2025,27519.6,Put,26150,24.05,19.68,17.7066,0,53,21
28-Oct-2025,27519.6,Put,26550,42.95,17.58,17.7066,7,127,20
28-Oct-2025,27519.6,Call,26600,974.7,11.5,17.7066,-12,167,19
28-Oct-2025,27519.6,Put,26450,39.3,18.4,17.7066,-4,85,15
28-Oct-2025,27519.6,Call,26950,629.95,8.72,17.7066,0,78,15
28-Oct-2025,27519.6,Put,24900,5,26.07,17.7066,-3,40,13
28-Oct-2025,27519.6,Call,26500,1063.15,0,17.7066,-6,297,13
28-Oct-2025,27519.6,Put,24800,4.5,26.6,17.7066,0,21,12
28-Oct-2025,27519.6,Call,26850,719,6.78,17.7066,-1,46,10
28-Oct-2025,27519.6,Put,23600,2.5,34.89,17.7066,0,9,8
28-Oct-2025,27519.6,Call,26000,1511.6,0,17.7066,-1,179,7
28-Oct-2025,27519.6,Put,25400,11,24.83,17.7066,3,11,5
28-Oct-2025,27519.6,Put,24500,4,29.27,17.7066,-1,150,4
28-Oct-2025,27519.6,Put,23500,2.5,35.74,17.7066,0,21,4
28-Oct-2025,27519.6,Put,24700,5,27.87,17.7066,-1,76,3
28-Oct-2025,27519.6,Put,23800,4.5,35.53,17.7066,0,28,3
28-Oct-2025,27519.6,Call,28050,43.95,10.29,17.7066,-1,69,3
28-Oct-2025,27519.6,Call,26200,1218,0,17.7066,0,79,3
28-Oct-2025,27519.6,Put,25300,10.7,25.18,17.7066,1,42,2
28-Oct-2025,27519.6,Call,25000,2379.65,0,17.7066,1,17,2
28-Oct-2025,27519.6,Put,25250,5.85,23.44,17.7066,0,17,2
28-Oct-2025,27519.6,Call,29400,5.8,17.71,17.7066,0,4,1
28-Oct-2025,27519.6,Put,24100,5.25,33.49,17.7066,0,6,1
28-Oct-2025,27519.6,Put,24600,5.8,29.34,17.7066,0,29,1
28-Oct-2025,27519.6,Call,26400,1028.3,0,17.7066,0,127,1
25-Nov-2025,27519.6,Put,27100,353,17.91,17.7066,0,0,1
28-Oct-2025,27519.6,Put,22500,2.85,45.04,17.7066,0,14,1
25-Nov-2025,27519.6,Call,27700,491.65,12.57,17.7066,0,0,1
30-Dec-2025,27519.6,-,0,0,0,17.7066,0,0,0
28-Oct-2025,27519.6,Put,23900,0,0,17.7066,0,11,0
28-Oct-2025,27519.6,Put,28250,0,0,17.7066,0,0,0
28-Oct-2025,27519.6,Put,25600,0,0,17.7066,0,0,0
28-Oct-2025,27519.6,Put,27700,0,0,17.7066,0,0,0
28-Oct-2025,27519.6,Put,27800,0,0,17.7066,0,0,0
28-Oct-2025,27519.6,Put,27900,0,0,17.7066,0,0,0
28-Oct-2025,27519.6,Put,28000,0,0,17.7066,0,0,0
28-Oct-2025,27519.6,Put,28100,0,0,17.7066,0,0,0
28-Oct-2025,27519.6,Put,28200,0,0,17.7066,0,0,0
28-Oct-2025,27519.6,Put,28300,0,0,17.7066,0,0,0
28-Oct-2025,27519.6,Put,28400,0,0,17.7066,0,0,0
28-Oct-2025,27519.6,Put,28500,0,0,17.7066,0,0,0
28-Oct-2025,27519.6,Put,28700,0,0,17.7066,0,0,0
28-Oct-2025,27519.6,Put,29000,0,0,17.7066,0,0,0
28-Oct-2025,27519.6,Put,29500,0,0,17.7066,0,0,0
28-Oct-2025,27519.6,Put,25150,0,0,17.7066,0,6,0
28-Oct-2025,27519.6,Put,28150,0,0,17.7066,0,0,0
28-Oct-2025,27519.6,Put,29400,0,0,17.7066,0,0,0
28-Oct-2025,27519.6,Put,23700,0,0,17.7066,0,9,0
28-Oct-2025,27519.6,Call,29600,0,0,17.7066,0,1,0
28-Oct-2025,27519.6,Put,24850,0,0,17.7066,0,0,0
28-Oct-2025,27519.6,Call,29700,0,0,0,0,0,0
28-Oct-2025,27519.6,Put,28550,0,0,0,0,0,0
28-Oct-2025,27519.6,Put,28450,0,0,0,0,0,0
28-Oct-2025,27519.6,Call,28350,0,0,0,0,0,0
28-Oct-2025,27519.6,Put,28350,0,0,0,0,0,0
28-Oct-2025,27519.6,Put,28650,0,0,0,0,0,0
28-Oct-2025,27519.6,Put,29700,0,0,0,0,0,0
28-Oct-2025,27519.6,Put,29900,0,0,0,0,0,0
28-Oct-2025,27519.6,Call,25050,0,0,17.7066,0,0,0
28-Oct-2025,27519.6,Call,25350,0,0,17.7066,0,0,0
28-Oct-2025,27519.6,Put,24400,0,0,17.7066,0,21,0
28-Oct-2025,27519.6,Put,25750,0,0,17.7066,0,0,0
28-Oct-2025,27519.6,Call,28250,0,0,17.7066,0,0,0
28-Oct-2025,27519.6,Call,28550,0,0,0,0,0,0
28-Oct-2025,27519.6,Put,25850,0,0,17.7066,0,33,0
28-Oct-2025,27519.6,Put,28600,0,0,17.7066,0,0,0
28-Oct-2025,27519.6,Call,26100,0,0,17.7066,0,25,0
28-Oct-2025,27519.6,Put,29100,0,0,17.7066,0,0,0
28-Oct-2025,27519.6,Put,25050,0,0,17.7066,0,0,0
28-Oct-2025,27519.6,Call,26250,0,0,17.7066,0,15,0
28-Oct-2025,27519.6,Call,26750,0,0,17.7066,0,78,0
28-Oct-2025,27519.6,Put,25350,0,0,17.7066,0,1,0
28-Oct-2025,27519.6,Call,25550,0,0,17.7066,0,0,0
28-Oct-2025,27519.6,Call,25750,0,0,17.7066,0,0,0
28-Oct-2025,27519.6,Put,29300,0,0,17.7066,0,0,0
28-Oct-2025,27519.6,Put,27850,0,0,17.7066,0,0,0
28-Oct-2025,27519.6,Call,28450,0,0,0,0,0,0
28-Oct-2025,27519.6,Call,29800,0,0,0,0,0,0
28-Oct-2025,27519.6,Put,26050,0,0,17.7066,0,48,0
28-Oct-2025,27519.6,Call,29200,0,0,17.7066,0,0,0
28-Oct-2025,27519.6,Call,26150,0,0,17.7066,0,32,0
28-Oct-2025,27519.6,Put,29600,0,0,17.7066,0,0,0
28-Oct-2025,27519.6,Call,24100,0,0,17.7066,0,0,0
28-Oct-2025,27519.6,Call,26650,0,0,17.7066,0,42,0
28-Oct-2025,27519.6,Put,27750,0,0,17.7066,0,0,0
28-Oct-2025,27519.6,Call,24300,0,0,17.7066,0,0,0
28-Oct-2025,27519.6,Put,28050,0,0,17.7066,0,0,0
28-Oct-2025,27519.6,Put,29800,0,0,0,0,0,0
28-Oct-2025,27519.6,Call,26300,0,0,17.7066,0,130,0
28-Oct-2025,27519.6,Put,29200,0,0,17.7066,0,0,0
28-Oct-2025,27519.6,Call,24900,0,0,17.7066,0,0,0
28-Oct-2025,27519.6,Call,25500,0,0,17.7066,0,3,0
28-Oct-2025,27519.6,Call,23700,0,0,17.7066,0,0,0
28-Oct-2025,27519.6,Call,26550,0,0,17.7066,0,45,0
28-Oct-2025,27519.6,Put,27650,0,0,17.7066,0,0,0
28-Oct-2025,27519.6,Call,25100,0,0,17.7066,0,0,0
28-Oct-2025,27519.6,Call,26050,0,0,17.7066,0,2,0
28-Oct-2025,27519.6,Call,25850,0,0,17.7066,0,0,0
28-Oct-2025,27519.6,Call,29900,0,0,0,0,0,0
28-Oct-2025,27519.6,Put,28900,0,0,17.7066,0,0,0
28-Oct-2025,27519.6,Call,28650,0,0,0,0,0,0
28-Oct-2025,27519.6,Call,25400,0,0,17.7066,0,0,0
28-Oct-2025,27519.6,Call,25950,0,0,17.7066,0,0,0
28-Oct-2025,27519.6,Call,28150,0,0,17.7066,0,0,0
28-Oct-2025,27519.6,Call,24200,0,0,17.7066,0,0,0
28-Oct-2025,27519.6,Call,25650,0,0,17.7066,0,0,0
28-Oct-2025,27519.6,Call,24000,0,0,17.7066,0,26,0
28-Oct-2025,27519.6,Call,29300,0,0,17.7066,0,1,0
28-Oct-2025,27519.6,Put,28800,0,0,17.7066,0,0,0
28-Oct-2025,27519.6,Call,25450,0,0,17.7066,0,0,0
28-Oct-2025,27519.6,Call,22500,0,0,17.7066,0,0,0
28-Oct-2025,27519.6,Put,27950,0,0,17.7066,0,0,0
28-Oct-2025,27519.6,Put,24750,0,0,17.7066,0,1,0
28-Oct-2025,27519.6,Call,24600,0,0,17.7066,0,0,0
28-Oct-2025,27519.6,Call,23000,0,0,17.7066,0,0,0
28-Oct-2025,27519.6,Call,26450,0,0,17.7066,0,23,0
28-Oct-2025,27519.6,Call,23600,0,0,17.7066,0,0,0
28-Oct-2025,27519.6,Put,25950,0,0,17.7066,0,0,0
28-Oct-2025,27519.6,Call,23500,0,0,17.7066,0,0,0
28-Oct-2025,27519.6,Call,24400,0,0,17.7066,0,0,0
28-Oct-2025,27519.6,Call,26350,0,0,17.7066,0,44,0
28-Oct-2025,27519.6,Call,25600,0,0,17.7066,0,0,0
28-Oct-2025,27519.6,Call,25300,0,0,17.7066,0,0,0
28-Oct-2025,27519.6,Call,25200,0,0,17.7066,0,0,0
28-Oct-2025,27519.6,Call,25900,0,0,17.7066,0,7,0
28-Oct-2025,27519.6,Call,24500,0,0,17.7066,0,0,0
28-Oct-2025,27519.6,Call,23800,0,0,17.7066,0,0,0
28-Oct-2025,27519.6,Call,24800,0,0,17.7066,0,0,0
28-Oct-2025,27519.6,Call,25800,0,0,17.7066,0,4,0
28-Oct-2025,27519.6,Call,25700,0,0,17.7066,0,8,0
28-Oct-2025,27519.6,Call,23900,0,0,17.7066,0,0,0
28-Oct-2025,27519.6,Call,24700,0,0,17.7066,0,0,0
25-Nov-2025,27519.6,Call,28900,0,0,17.7066,0,0,0
25-Nov-2025,27519.6,Put,22500,0,0,17.7066,0,0,0
25-Nov-2025,27519.6,Call,28800,0,0,17.7066,0,0,0
25-Nov-2025,27519.6,Put,25300,0,0,17.7066,0,4,0
25-Nov-2025,27519.6,Call,29500,0,0,17.7066,0,0,0
28-Oct-2025,27519.6,Put,25650,0,0,17.7066,0,0,0
28-Oct-2025,27519.6,Put,25550,0,0,17.7066,0,0,0
28-Oct-2025,27519.6,Put,25450,0,0,17.7066,0,7,0
28-Oct-2025,27519.6,Put,24950,0,0,17.7066,0,0,0
28-Oct-2025,27519.6,Put,24300,0,0,17.7066,0,3,0
28-Oct-2025,27519.6,Put,24200,0,0,17.7066,0,37,0
28-Oct-2025,27519.6,Call,25250,0,0,17.7066,0,0,0
28-Oct-2025,27519.6,Call,25150,0,0,17.7066,0,0,0
28-Oct-2025,27519.6,Call,24950,0,0,17.7066,0,0,0
28-Oct-2025,27519.6,Call,24850,0,0,17.7066,0,0,0
28-Oct-2025,27519.6,Put,23000,0,0,17.7066,0,28,0
28-Oct-2025,27519.6,Call,24750,0,0,17.7066,0,0,0
25-Nov-2025,27519.6,Put,23000,0,0,17.7066,0,0,0
25-Nov-2025,27519.6,Call,28500,0,0,17.7066,0,0,0
25-Nov-2025,27519.6,Call,28000,0,0,17.7066,0,0,0
25-Nov-2025,27519.6,Call,29400,0,0,0,0,0,0
25-Nov-2025,27519.6,Call,28300,0,0,17.7066,0,0,0
25-Nov-2025,27519.6,Call,29000,0,0,17.7066,0,1,0
25-Nov-2025,27519.6,Call,27800,0,0,17.7066,0,0,0
25-Nov-2025,27519.6,Put,24000,0,0,17.7066,0,0,0
25-Nov-2025,27519.6,Put,23500,0,0,17.7066,0,0,0
25-Nov-2025,27519.6,Call,30000,0,0,17.7066,0,1,0
25-Nov-2025,27519.6,Call,28400,0,0,17.7066,0,0,0
25-Nov-2025,27519.6,Put,26000,0,0,17.7066,0,0,0
25-Nov-2025,27519.6,Call,28600,0,0,17.7066,0,0,0
25-Nov-2025,27519.6,Call,30500,0,0,0,0,0,0
