28-Oct-2025,177.11,-,0,177.09,0,36.4536,324,28791,1736
28-Oct-2025,177.11,Call,180,1.7,21.87,36.4536,439,2708,1481
28-Oct-2025,177.11,Put,175,1.9,25.51,36.4536,-66,837,1112
28-Oct-2025,177.11,Call,185,0.65,23.44,36.4536,8,1863,948
28-Oct-2025,177.11,Call,190,0.25,26.22,36.4536,41,2050,699
28-Oct-2025,177.11,Call,177.5,2.65,21.03,36.4536,74,1030,668
28-Oct-2025,177.14,Call,182.5,1.05,22.57,36.4536,-10,696,536
25-Nov-2025,177.14,-,0,178.12,0,36.4536,313,2155,512
28-Oct-2025,177.11,Put,180,4.6,27.01,36.4536,-72,887,497
28-Oct-2025,177.11,Call,200,0.05,31.21,36.4536,-143,1020,479
28-Oct-2025,177.11,Call,175,4,19.91,36.4536,23,676,477
28-Oct-2025,177.11,Call,195,0.2,32.19,36.4536,-25,475,429
28-Oct-2025,177.11,Put,177.5,3.1,25.47,36.4536,30,521,327
28-Oct-2025,177.14,Put,170,0.7,26,36.4536,8,689,193
28-Oct-2025,177.14,Call,187.5,0.4,25.11,36.4536,28,213,171
28-Oct-2025,177.14,Put,172.5,1.3,26.54,36.4536,1,236,90
30-Dec-2025,177.11,-,0,178.95,0,36.4536,36,221,86
28-Oct-2025,177.11,Call,192.5,0.2,28.64,36.4536,-2,288,82
25-Nov-2025,177.11,Call,180,5.1,24.29,36.4536,34,223,74
25-Nov-2025,177.11,Put,170,2.8,27.75,36.4536,20,138,64
28-Oct-2025,177.11,Put,185,8.45,32.82,36.4536,1,540,61
25-Nov-2025,177.11,Call,190,2.1,25.53,36.4536,14,182,61
25-Nov-2025,177.11,Call,185,3.5,25.51,36.4536,28,311,58
28-Oct-2025,177.14,Call,172.5,5.2,12.67,36.4536,1,116,57
28-Oct-2025,177.14,Put,165,0.3,29.52,36.4536,20,400,55
28-Oct-2025,177.11,Call,170,7.75,18.54,36.4536,6,241,46
28-Oct-2025,177.11,Put,182.5,6.8,30.85,36.4536,6,172,41
25-Nov-2025,177.11,Put,165,1.6,27.96,36.4536,20,86,39
28-Oct-2025,177.11,Put,167.5,0.45,27.64,36.4536,4,144,36
25-Nov-2025,177.14,Call,195,1.35,26.51,36.4536,22,44,36
28-Oct-2025,177.11,Call,167.5,10,0,36.4536,-3,113,29
28-Oct-2025,177.11,Put,155,0.1,39.41,36.4536,0,133,29
25-Nov-2025,177.11,Put,160,0.8,27.77,36.4536,16,129,25
25-Nov-2025,177.11,Call,200,0.9,27.77,36.4536,5,188,25
28-Oct-2025,177.11,Put,190,13.55,40.31,36.4536,-8,261,24
28-Oct-2025,177.11,Put,187.5,10.8,32.04,36.4536,-2,96,20
25-Nov-2025,177.11,Put,175,4.45,27.14,36.4536,7,78,19
28-Oct-2025,177.11,Call,165,11.95,0,36.4536,0,138,17
25-Nov-2025,177.11,Put,180,7.2,28.72,36.4536,1,92,14
28-Oct-2025,177.11,Call,210,0.05,41.89,36.4536,0,123,12
25-Nov-2025,177.11,Call,210,0.4,29.95,36.4536,-1,62,12
25-Nov-2025,177.14,Call,175,7.45,23.18,36.4536,8,53,12
28-Oct-2025,177.14,Put,162.5,0.2,31.32,36.4536,0,82,10
25-Nov-2025,177.14,Put,185,10.6,30.64,36.4536,6,31,8
25-Nov-2025,177.11,Call,182.5,4.35,25.56,36.4536,1,13,7
25-Nov-2025,177.11,Call,187.5,2.8,25.97,36.4536,5,28,7
25-Nov-2025,177.11,Call,170,10.6,22.24,36.4536,4,12,6
25-Nov-2025,177.11,Put,177.5,5.6,27.29,36.4536,0,17,6
25-Nov-2025,177.11,Call,177.5,6.45,24.91,36.4536,3,15,5
28-Oct-2025,177.14,Put,192.5,15.5,37.03,36.4536,-2,76,4
28-Oct-2025,177.11,Call,197.5,0.15,33.78,36.4536,-2,86,4
25-Nov-2025,177.11,Put,200,22.7,34.76,36.4536,2,63,4
25-Nov-2025,177.11,Put,167.5,2.1,27.63,36.4536,3,4,4
28-Oct-2025,177.14,Call,205,0.1,40.47,36.4536,2,236,3
28-Oct-2025,177.14,Put,160,0.15,33.78,36.4536,1,399,3
28-Oct-2025,177.11,Call,160,16.55,0,36.4536,0,84,2
28-Oct-2025,177.14,Put,157.5,0.1,35.43,36.4536,0,9,1
28-Oct-2025,177.11,Put,200,21.75,0,36.4536,0,433,1
25-Nov-2025,177.14,Call,155,24,27.42,36.4536,0,9,1
25-Nov-2025,177.11,Put,172.5,3.6,27.66,36.4536,0,0,1
25-Nov-2025,177.11,Put,187.5,12.2,30.33,36.4536,0,4,1
25-Nov-2025,177.11,Call,157.5,21,0,36.4536,0,0,1
30-Dec-2025,177.11,Put,170,4.15,27.07,36.4536,0,1,1
28-Oct-2025,177.11,Call,202.5,0,0,36.4536,0,59,0
28-Oct-2025,177.11,Put,140,0,0,36.4536,0,1,0
28-Oct-2025,177.11,Call,150,0,0,36.4536,0,0,0
28-Oct-2025,177.11,Call,155,0,0,36.4536,0,26,0
28-Oct-2025,177.14,Put,195,0,0,36.4536,0,275,0
28-Oct-2025,177.14,Call,157.5,0,0,36.4536,0,36,0
28-Oct-2025,177.11,Call,162.5,0,0,36.4536,0,71,0
28-Oct-2025,177.11,Put,197.5,0,0,36.4536,0,44,0
28-Oct-2025,177.14,Put,150,0,0,36.4536,0,139,0
28-Oct-2025,177.11,Put,205,0,0,36.4536,0,667,0
25-Nov-2025,177.11,Put,195,0,0,36.4536,0,2,0
25-Nov-2025,177.14,Put,157.5,0,0,36.4536,0,0,0
25-Nov-2025,177.11,Call,162.5,0,0,36.4536,0,0,0
25-Nov-2025,177.11,Put,182.5,0,0,36.4536,0,13,0
25-Nov-2025,177.11,Call,172.5,0,0,36.4536,0,0,0
25-Nov-2025,177.14,Put,205,0,0,36.4536,0,1,0
25-Nov-2025,177.11,Put,210,0,0,36.4536,0,5,0
28-Oct-2025,177.11,Put,210,0,0,36.4536,0,100,0
25-Nov-2025,177.11,Call,167.5,0,0,36.4536,0,4,0
25-Nov-2025,177.11,Put,150,0,0,36.4536,0,0,0
30-Dec-2025,177.14,Call,185,0,0,36.4536,0,0,0
25-Nov-2025,177.11,Put,192.5,0,0,36.4536,0,18,0
30-Dec-2025,177.11,Put,165,0,0,36.4536,0,4,0
30-Dec-2025,177.11,Call,175,0,0,36.4536,0,0,0
30-Dec-2025,177.11,Call,190,0,0,36.4536,0,14,0
25-Nov-2025,177.14,Put,197.5,0,0,36.4536,0,0,0
30-Dec-2025,177.14,Call,170,0,0,36.4536,0,0,0
30-Dec-2025,177.11,Put,180,0,0,36.4536,0,11,0
25-Nov-2025,177.11,Call,205,0,0,36.4536,0,12,0
25-Nov-2025,177.11,Call,197.5,0,0,36.4536,0,0,0
25-Nov-2025,177.14,Call,165,0,0,36.4536,0,0,0
28-Oct-2025,177.14,Put,152.5,0,0,36.4536,0,60,0
30-Dec-2025,177.11,Put,185,0,0,36.4536,0,0,0
25-Nov-2025,177.11,Put,155,0,0,36.4536,0,0,0
25-Nov-2025,177.14,Put,190,0,0,36.4536,0,37,0
30-Dec-2025,177.14,Call,195,0,0,36.4536,0,0,0
25-Nov-2025,177.11,Call,192.5,0,0,36.4536,0,8,0
30-Dec-2025,177.11,Call,210,0,0,36.4536,0,31,0
25-Nov-2025,177.14,Put,162.5,0,0,36.4536,0,0,0
25-Nov-2025,177.11,Call,150,0,0,36.4536,0,0,0
30-Dec-2025,177.11,Call,200,0,0,36.4536,0,45,0
30-Dec-2025,177.14,Put,160,0,0,36.4536,0,0,0
25-Nov-2025,177.14,Call,160,0,0,36.4536,0,1,0
30-Dec-2025,177.14,Put,175,0,0,36.4536,0,0,0
30-Dec-2025,177.14,Put,190,0,0,36.4536,0,0,0
30-Dec-2025,177.14,Call,180,0,0,36.4536,0,0,0
