28-Oct-2025,1496.9,-,0,1498.3,0,28.9512,1703,50351,6559
28-Oct-2025,1496.9,Call,1500,19.9,18.43,28.9512,213,3409,6300
28-Oct-2025,1496.9,Call,1520,12.05,19.1,28.9512,16,3954,4599
28-Oct-2025,1496.9,Call,1540,7.2,19.85,28.9512,-126,2426,4037
28-Oct-2025,1496.9,Put,1480,13.55,21.84,28.9512,220,1590,3685
28-Oct-2025,1496.9,Put,1500,22,21.87,28.9512,-66,1513,3129
28-Oct-2025,1496.9,Put,1440,4.4,22.84,28.9512,-58,1177,2786
28-Oct-2025,1496.9,Call,1560,4.2,20.83,28.9512,-210,2015,2240
28-Oct-2025,1496.9,Call,1480,31,17.91,28.9512,14,625,2156
28-Oct-2025,1496.9,Put,1460,7.85,22.11,28.9512,-133,1010,2099
28-Oct-2025,1496.9,Call,1600,1.85,23.9,28.9512,131,4491,1303
28-Oct-2025,1496.9,Call,1580,2.55,21.94,28.9512,-72,2075,1168
28-Oct-2025,1496.9,Put,1520,34.4,22.79,28.9512,-152,837,1113
28-Oct-2025,1496.9,Put,1400,1.65,25.77,28.9512,-97,1505,996
28-Oct-2025,1496.9,Put,1420,2.55,24.1,28.9512,-30,721,826
28-Oct-2025,1496.9,Call,1460,46.9,16.7,28.9512,-2,642,771
25-Nov-2025,1496.9,-,0,1506.7,0,28.9512,278,2891,697
28-Oct-2025,1496.9,Put,1540,48.7,24.38,28.9512,-39,260,422
28-Oct-2025,1496.9,Call,1620,1.1,24.77,28.9512,45,1151,407
25-Nov-2025,1496.9,Call,1500,43.6,19.15,28.9512,-28,376,326
28-Oct-2025,1496.9,Put,1380,1.05,27.47,28.9512,47,800,298
25-Nov-2025,1496.9,Call,1600,11.3,19.94,28.9512,-4,371,213
28-Oct-2025,1496.9,Call,1640,0.7,25.89,28.9512,-28,2074,204
25-Nov-2025,1496.9,Put,1500,37.6,22.34,28.9512,13,348,200
28-Oct-2025,1496.9,Put,1340,0.55,31.94,28.9512,-11,1265,173
28-Oct-2025,1496.9,Call,1440,63.85,0,28.9512,-33,274,166
25-Nov-2025,1496.9,Call,1520,34.8,19.11,28.9512,14,185,131
30-Dec-2025,1496.9,-,0,1516,0,28.9512,21,292,129
25-Nov-2025,1496.9,Put,1400,8.05,22.63,28.9512,12,546,127
28-Oct-2025,1496.9,Put,1560,65.05,26.28,28.9512,7,206,120
28-Oct-2025,1496.9,Put,1300,0.45,38.01,28.9512,23,628,105
25-Nov-2025,1496.9,Call,1680,3.1,21.15,28.9512,35,88,90
28-Oct-2025,1496.9,Put,1360,0.65,29.13,28.9512,-26,457,89
28-Oct-2025,1496.9,Call,1660,0.55,27.79,28.9512,17,479,89
28-Oct-2025,1496.9,Call,1400,99.85,0,28.9512,-45,876,82
28-Oct-2025,1496.9,Put,1580,82.7,29.93,28.9512,-26,66,80
25-Nov-2025,1496.9,Call,1580,15.2,19.73,28.9512,30,147,72
28-Oct-2025,1496.9,Put,1600,102.2,32.63,28.9512,-23,271,65
28-Oct-2025,1496.9,Call,1680,0.5,30.17,28.9512,-5,663,58
25-Nov-2025,1496.9,Put,1460,21.6,22.6,28.9512,9,86,49
28-Oct-2025,1496.9,Call,1420,80.25,0,28.9512,-10,516,48
25-Nov-2025,1496.9,Call,1540,26.5,19.16,28.9512,-2,55,47
25-Nov-2025,1496.9,Call,1560,20.45,19.59,28.9512,4,129,42
25-Nov-2025,1496.9,Put,1360,4,23.52,28.9512,-7,46,40
25-Nov-2025,1496.9,Put,1440,15.85,22.1,28.9512,14,99,39
25-Nov-2025,1496.9,Put,1480,28.7,22.27,28.9512,15,39,36
25-Nov-2025,1496.9,Call,1480,55.15,18.35,28.9512,-2,90,31
28-Oct-2025,1496.9,Put,1260,0.1,37.83,28.9512,3,250,30
25-Nov-2025,1496.9,Put,1340,2.75,23.88,28.9512,8,51,25
25-Nov-2025,1496.9,Call,1620,8.4,20.39,28.9512,6,32,24
25-Nov-2025,1496.9,Put,1600,103.7,25.21,28.9512,11,68,23
25-Nov-2025,1496.9,Put,1520,48.55,23.42,28.9512,1,44,17
25-Nov-2025,1496.9,Put,1300,1.8,26.29,28.9512,2,106,17
25-Nov-2025,1496.9,Put,1420,10.85,22.25,28.9512,1,56,16
25-Nov-2025,1496.9,Call,1640,6,20.63,28.9512,6,86,14
25-Nov-2025,1496.9,Put,1320,2.25,25.16,28.9512,0,90,13
28-Oct-2025,1496.9,Put,1280,0.25,38.52,28.9512,-2,128,12
28-Oct-2025,1496.9,Put,1220,0.05,41.25,28.9512,0,964,12
28-Oct-2025,1496.9,Put,1320,0.45,34.5,28.9512,-7,211,11
28-Oct-2025,1496.9,Put,1240,0.1,40.93,28.9512,-1,297,9
25-Nov-2025,1496.9,Put,1380,5.5,22.91,28.9512,2,55,8
28-Oct-2025,1496.9,Put,1200,0.05,44.25,28.9512,0,275,3
28-Oct-2025,1496.9,Call,1760,0.1,33.66,28.9512,-1,28,3
25-Nov-2025,1496.9,Call,1400,114.6,14.16,28.9512,0,23,2
25-Nov-2025,1496.9,Put,1540,59.1,23.06,28.9512,0,10,2
25-Nov-2025,1496.9,Call,1660,5.45,22.04,0,0,0,1
25-Nov-2025,1496.9,Call,1460,69.45,18.88,28.9512,0,2,1
30-Dec-2025,1496.9,Put,1400,16.4,23.08,28.9512,0,26,1
28-Oct-2025,1496.9,Call,1260,0,0,28.9512,0,0,0
28-Oct-2025,1496.9,Put,1680,0,0,28.9512,0,34,0
28-Oct-2025,1496.9,Call,1200,0,0,28.9512,0,0,0
28-Oct-2025,1496.9,Call,1280,0,0,28.9512,0,0,0
28-Oct-2025,1496.9,Call,1320,0,0,28.9512,0,70,0
28-Oct-2025,1496.9,Call,1360,0,0,28.9512,0,136,0
28-Oct-2025,1496.9,Call,1720,0,0,28.9512,0,0,0
28-Oct-2025,1496.9,Put,1720,0,0,28.9512,0,53,0
28-Oct-2025,1496.9,Call,1300,0,0,28.9512,0,168,0
28-Oct-2025,1496.9,Call,1380,0,0,28.9512,0,218,0
28-Oct-2025,1496.9,Put,1160,0,0,28.9512,0,13,0
25-Nov-2025,1496.9,Put,1200,0,0,28.9512,0,0,0
28-Oct-2025,1496.9,Put,1640,0,0,28.9512,0,29,0
28-Oct-2025,1496.9,Call,1240,0,0,28.9512,0,0,0
25-Nov-2025,1496.9,Call,1360,0,0,28.9512,0,0,0
28-Oct-2025,1496.9,Put,1660,0,0,28.9512,0,10,0
28-Oct-2025,1496.9,Put,1620,0,0,28.9512,0,64,0
25-Nov-2025,1496.9,Call,1440,0,0,28.9512,0,23,0
25-Nov-2025,1496.9,Call,1380,0,0,28.9512,0,0,0
25-Nov-2025,1496.9,Put,1280,0,0,28.9512,0,20,0
28-Oct-2025,1496.9,Call,1340,0,0,28.9512,0,112,0
25-Nov-2025,1496.9,Call,1340,0,0,28.9512,0,0,0
25-Nov-2025,1496.9,Put,1720,0,0,0,0,0,0
25-Nov-2025,1496.9,Call,1200,0,0,28.9512,0,0,0
25-Nov-2025,1496.9,Put,1620,0,0,28.9512,0,17,0
25-Nov-2025,1496.9,Put,1240,0,0,28.9512,0,1,0
25-Nov-2025,1496.9,Call,1300,0,0,28.9512,0,1,0
30-Dec-2025,1496.9,Put,1280,0,0,28.9512,0,0,0
25-Nov-2025,1496.9,Call,1240,0,0,28.9512,0,0,0
30-Dec-2025,1496.9,Call,1560,0,0,28.9512,0,0,0
30-Dec-2025,1496.9,Put,1520,0,0,28.9512,0,1,0
25-Nov-2025,1496.9,Put,1260,0,0,28.9512,0,0,0
25-Nov-2025,1496.9,Put,1560,0,0,28.9512,0,30,0
30-Dec-2025,1496.9,Call,1520,0,0,28.9512,0,0,0
25-Nov-2025,1496.9,Call,1260,0,0,28.9512,0,1,0
25-Nov-2025,1496.9,Put,1580,0,0,28.9512,0,2,0
25-Nov-2025,1496.9,Call,1320,0,0,28.9512,0,0,0
30-Dec-2025,1496.9,Call,1760,0,0,28.9512,0,0,0
25-Nov-2025,1496.9,Call,1280,0,0,28.9512,0,0,0
30-Dec-2025,1496.9,Put,1560,0,0,28.9512,0,0,0
25-Nov-2025,1496.9,Call,1720,0,0,0,0,0,0
25-Nov-2025,1496.9,Put,1660,0,0,0,0,0,0
30-Dec-2025,1496.9,Call,1640,0,0,28.9512,0,0,0
30-Dec-2025,1496.9,Put,1320,0,0,28.9512,0,0,0
30-Dec-2025,1496.9,Call,1480,0,0,28.9512,0,0,0
30-Dec-2025,1496.9,Call,1600,0,0,28.9512,0,0,0
25-Nov-2025,1496.9,Put,1680,0,0,28.9512,0,0,0
25-Nov-2025,1496.9,Call,1420,0,0,28.9512,0,0,0
30-Dec-2025,1496.9,Put,1360,0,0,28.9512,0,0,0
30-Dec-2025,1496.9,Put,1440,0,0,28.9512,0,0,0
25-Nov-2025,1496.9,Put,1640,0,0,28.9512,0,0,0
30-Dec-2025,1496.9,Put,1480,0,0,28.9512,0,0,0
30-Dec-2025,1496.9,Call,1400,0,0,28.9512,0,1,0
