28-Oct-2025,993.35,-,0,993.7,0,21.2031,221,178415,1131
28-Oct-2025,993.35,Call,1000,11.8,20.14,21.2031,238,5784,986
28-Oct-2025,993.35,Put,980,8.95,22.72,21.2031,-9,2214,539
28-Oct-2025,993.35,Call,990,16.25,19.54,21.2031,-18,1591,415
28-Oct-2025,993.35,Call,980,22.1,19.27,21.2031,-36,1985,409
28-Oct-2025,993.35,Put,990,12.95,22.54,21.2031,36,894,403
28-Oct-2025,993.35,Call,1020,5.2,20.49,21.2031,8,1769,265
28-Oct-2025,993.35,Put,1000,18.1,22.86,21.2031,15,1350,220
28-Oct-2025,993.35,Call,1010,7.85,20.19,21.2031,11,1209,190
28-Oct-2025,993.35,Put,970,6.15,23.22,21.2031,-5,1361,186
28-Oct-2025,993.35,Call,1030,3.4,20.82,21.2031,-1,888,153
25-Nov-2025,993.35,-,0,999,0,21.2031,45,8088,144
28-Oct-2025,993.35,Put,995,15.35,22.63,21.2031,7,220,135
28-Oct-2025,993.35,Call,995,13.85,19.8,21.2031,9,1261,133
28-Oct-2025,993.35,Call,1040,2.25,21.57,21.2031,-43,786,129
28-Oct-2025,993.35,Put,985,10.75,22.51,21.2031,20,513,118
28-Oct-2025,993.35,Put,960,4.35,24.25,21.2031,2,2752,111
28-Oct-2025,993.35,Put,950,3.1,25.28,21.2031,0,2926,93
28-Oct-2025,993.35,Call,970,29.3,19.22,21.2031,3,1177,72
28-Oct-2025,993.35,Put,940,2.25,26.24,21.2031,-9,1100,68
28-Oct-2025,993.35,Put,900,0.65,31.38,21.2031,-7,1631,61
28-Oct-2025,993.35,Put,975,7.35,22.89,21.2031,8,505,59
28-Oct-2025,993.35,Call,1005,9.65,20.14,21.2031,-2,370,55
28-Oct-2025,993.35,Call,1050,1.5,22.47,21.2031,-5,1185,52
25-Nov-2025,993.35,Call,1000,22.8,16.22,21.2031,-5,553,46
28-Oct-2025,993.35,Call,985,19.05,19.44,21.2031,10,571,44
28-Oct-2025,993.35,Put,920,1.15,28.64,21.2031,-1,917,39
28-Oct-2025,993.35,Call,1100,0.4,28.88,21.2031,-5,840,31
28-Oct-2025,993.35,Call,960,37.05,17.97,21.2031,1,1372,30
28-Oct-2025,993.35,Put,955,3.65,24.66,21.2031,-7,522,30
25-Nov-2025,993.35,Put,980,15.3,19.7,21.2031,-19,285,27
28-Oct-2025,993.35,Put,930,1.6,27.49,21.2031,0,1091,25
28-Oct-2025,993.35,Call,1060,1.1,22.74,21.2031,-11,931,25
28-Oct-2025,993.35,Call,1015,6.4,20.32,21.2031,2,177,21
25-Nov-2025,993.35,Call,1050,6.95,17.33,21.2031,7,441,21
28-Oct-2025,993.35,Call,1025,4.2,20.78,21.2031,-3,271,19
28-Oct-2025,993.35,Call,950,46,0,21.2031,0,837,18
25-Nov-2025,993.35,Put,990,18.95,19.32,21.2031,0,75,18
25-Nov-2025,993.35,Put,920,3.85,22.04,21.2031,0,478,17
30-Dec-2025,993.35,-,0,1004.9,0,21.2031,4,2137,13
25-Nov-2025,993.35,Call,990,28.1,16.39,21.2031,2,63,11
25-Nov-2025,993.35,Call,980,34.3,15.96,21.2031,-1,281,10
28-Oct-2025,993.35,Put,1005,21.5,24.21,21.2031,0,154,8
28-Oct-2025,993.35,Put,915,0.95,29.06,21.2031,0,129,7
28-Oct-2025,993.35,Call,975,25.65,17.21,21.2031,1,275,7
25-Nov-2025,993.35,Call,970,39.6,14.94,21.2031,0,87,7
25-Nov-2025,993.35,Put,1000,23.6,19.85,21.2031,-1,199,6
25-Nov-2025,993.35,Call,1100,2.25,19.65,21.2031,2,137,5
28-Oct-2025,993.35,Put,965,5.25,23.68,21.2031,0,514,5
25-Nov-2025,993.35,Call,1020,14.25,16.79,21.2031,1,250,5
28-Oct-2025,993.35,Put,1020,31.6,23.96,21.2031,0,172,4
28-Oct-2025,993.35,Put,910,0.9,30.27,21.2031,0,377,3
25-Nov-2025,993.35,Put,1050,62.25,25.71,21.2031,0,0,3
28-Oct-2025,993.35,Put,870,0.15,32.53,21.2031,1,396,2
28-Oct-2025,993.35,Put,945,2.6,25.66,21.2031,1,343,2
25-Nov-2025,993.35,Put,970,11.85,19.51,21.2031,1,182,2
25-Nov-2025,993.35,Call,975,34.45,13.48,21.2031,0,7,2
25-Nov-2025,993.35,Put,950,7.6,20.45,21.2031,0,130,2
28-Oct-2025,993.35,Call,900,92.15,0,21.2031,0,429,2
25-Nov-2025,993.35,Call,1030,11.25,16.85,21.2031,1,113,2
28-Oct-2025,993.35,Put,935,1.8,26.59,21.2031,0,164,1
28-Oct-2025,993.35,Call,945,50,0,21.2031,0,68,1
25-Nov-2025,993.35,Call,995,21.9,13.72,21.2031,0,20,1
25-Nov-2025,993.35,Put,1010,27.5,18.37,21.2031,0,83,1
25-Nov-2025,993.35,Call,1005,17.35,14.16,21.2031,0,2,1
25-Nov-2025,993.35,Call,1080,3,17.98,21.2031,0,12,1
25-Nov-2025,993.35,Call,960,49.15,17.02,21.2031,0,118,1
25-Nov-2025,993.35,Call,1025,10.8,15.16,21.2031,0,29,1
25-Nov-2025,993.35,Put,975,14.35,20.27,21.2031,0,10,1
25-Nov-2025,993.35,Call,1090,2.8,19.21,21.2031,0,21,1
25-Nov-2025,993.35,Call,1040,8.4,0,21.2031,0,88,1
28-Oct-2025,993.35,Call,1110,0,0,0,0,0,0
28-Oct-2025,993.35,Put,1110,0,0,0,0,0,0
28-Oct-2025,993.35,Call,1055,0,0,0,0,0,0
28-Oct-2025,993.35,Put,1055,0,0,0,0,0,0
28-Oct-2025,993.35,Call,890,0,0,21.2031,0,0,0
28-Oct-2025,993.35,Call,910,0,0,21.2031,0,41,0
28-Oct-2025,993.35,Call,930,0,0,21.2031,0,134,0
28-Oct-2025,993.35,Put,1030,0,0,21.2031,0,79,0
28-Oct-2025,993.35,Put,1050,0,0,21.2031,0,131,0
28-Oct-2025,993.35,Call,850,0,0,21.2031,0,14,0
28-Oct-2025,993.35,Call,870,0,0,21.2031,0,0,0
28-Oct-2025,993.35,Put,820,0,0,21.2031,0,25,0
28-Oct-2025,993.35,Call,840,0,0,21.2031,0,14,0
28-Oct-2025,993.35,Call,860,0,0,21.2031,0,2,0
28-Oct-2025,993.35,Put,860,0,0,21.2031,0,91,0
28-Oct-2025,993.35,Call,880,0,0,21.2031,0,12,0
28-Oct-2025,993.35,Call,920,0,0,21.2031,0,185,0
28-Oct-2025,993.35,Call,940,0,0,21.2031,0,443,0
28-Oct-2025,993.35,Call,905,0,0,21.2031,0,1,0
28-Oct-2025,993.35,Put,905,0,0,21.2031,0,96,0
28-Oct-2025,993.35,Call,915,0,0,21.2031,0,1,0
28-Oct-2025,993.35,Call,925,0,0,21.2031,0,19,0
28-Oct-2025,993.35,Put,925,0,0,21.2031,0,124,0
28-Oct-2025,993.35,Call,935,0,0,21.2031,0,22,0
28-Oct-2025,993.35,Call,1035,0,0,21.2031,0,98,0
28-Oct-2025,993.35,Call,1080,0,0,21.2031,0,537,0
28-Oct-2025,993.35,Put,1090,0,0,21.2031,0,0,0
28-Oct-2025,993.35,Put,1040,0,0,21.2031,0,234,0
28-Oct-2025,993.35,Put,1060,0,0,21.2031,0,15,0
28-Oct-2025,993.35,Put,1080,0,0,21.2031,0,2,0
28-Oct-2025,993.35,Put,1100,0,0,21.2031,0,163,0
28-Oct-2025,993.35,Call,820,0,0,21.2031,0,9,0
28-Oct-2025,993.35,Put,850,0,0,21.2031,0,260,0
28-Oct-2025,993.35,Put,890,0,0,21.2031,0,290,0
28-Oct-2025,993.35,Put,880,0,0,21.2031,0,575,0
28-Oct-2025,993.35,Put,840,0,0,21.2031,0,49,0
28-Oct-2025,993.35,Call,1045,0,0,21.2031,0,47,0
28-Oct-2025,993.35,Put,1045,0,0,21.2031,0,0,0
28-Oct-2025,993.35,Call,1120,0,0,21.2031,0,239,0
28-Oct-2025,993.35,Call,955,0,0,21.2031,0,266,0
28-Oct-2025,993.35,Put,800,0,0,21.2031,0,45,0
28-Oct-2025,993.35,Call,965,0,0,21.2031,0,451,0
28-Oct-2025,993.35,Put,1015,0,0,21.2031,0,23,0
28-Oct-2025,993.35,Put,1070,0,0,21.2031,0,0,0
25-Nov-2025,993.35,Put,915,0,0,21.2031,0,4,0
25-Nov-2025,993.35,Put,945,0,0,21.2031,0,9,0
25-Nov-2025,993.35,Call,1010,0,0,21.2031,0,68,0
25-Nov-2025,993.35,Put,1045,0,0,21.2031,0,0,0
25-Nov-2025,993.35,Call,935,0,0,21.2031,0,0,0
25-Nov-2025,993.35,Call,900,0,0,21.2031,0,37,0
25-Nov-2025,993.35,Put,1020,0,0,21.2031,0,55,0
25-Nov-2025,993.35,Call,985,0,0,21.2031,0,0,0
25-Nov-2025,993.35,Put,985,0,0,21.2031,0,7,0
25-Nov-2025,993.35,Put,995,0,0,21.2031,0,0,0
25-Nov-2025,993.35,Call,890,0,0,21.2031,0,0,0
25-Nov-2025,993.35,Put,890,0,0,21.2031,0,29,0
25-Nov-2025,993.35,Call,1110,0,0,0,0,0,0
25-Nov-2025,993.35,Put,1055,0,0,0,0,0,0
25-Nov-2025,993.35,Put,1005,0,0,21.2031,0,0,0
25-Nov-2025,993.35,Call,1055,0,0,0,0,0,0
28-Oct-2025,993.35,Call,1070,0,0,21.2031,0,581,0
25-Nov-2025,993.35,Put,935,0,0,21.2031,0,21,0
25-Nov-2025,993.35,Call,915,0,0,21.2031,0,0,0
25-Nov-2025,993.35,Call,1015,0,0,21.2031,0,6,0
25-Nov-2025,993.35,Call,1070,0,0,21.2031,0,80,0
25-Nov-2025,993.35,Put,965,0,0,21.2031,0,5,0
25-Nov-2025,993.35,Put,930,0,0,21.2031,0,86,0
25-Nov-2025,993.35,Call,925,0,0,21.2031,0,0,0
25-Nov-2025,993.35,Put,900,0,0,21.2031,0,290,0
25-Nov-2025,993.35,Call,945,0,0,21.2031,0,0,0
25-Nov-2025,993.35,Call,950,0,0,21.2031,0,32,0
25-Nov-2025,993.35,Put,1040,0,0,21.2031,0,14,0
25-Nov-2025,993.35,Call,910,0,0,21.2031,0,0,0
25-Nov-2025,993.35,Call,1045,0,0,21.2031,0,28,0
25-Nov-2025,993.35,Call,850,0,0,21.2031,0,0,0
30-Dec-2025,993.35,Call,930,0,0,21.2031,0,1,0
25-Nov-2025,993.35,Put,1030,0,0,21.2031,0,0,0
25-Nov-2025,993.35,Put,850,0,0,21.2031,0,11,0
25-Nov-2025,993.35,Call,905,0,0,21.2031,0,0,0
25-Nov-2025,993.35,Put,1080,0,0,21.2031,0,0,0
25-Nov-2025,993.35,Put,910,0,0,21.2031,0,141,0
30-Dec-2025,993.35,Put,930,0,0,21.2031,0,0,0
25-Nov-2025,993.35,Call,930,0,0,21.2031,0,0,0
30-Dec-2025,993.35,Put,880,0,0,21.2031,0,0,0
25-Nov-2025,993.35,Call,880,0,0,21.2031,0,0,0
25-Nov-2025,993.35,Call,1035,0,0,21.2031,0,18,0
25-Nov-2025,993.35,Put,1090,0,0,21.2031,0,0,0
25-Nov-2025,993.35,Put,1110,0,0,0,0,0,0
25-Nov-2025,993.35,Put,860,0,0,21.2031,0,0,0
25-Nov-2025,993.35,Put,905,0,0,21.2031,0,0,0
25-Nov-2025,993.35,Put,1070,0,0,21.2031,0,0,0
25-Nov-2025,993.35,Put,925,0,0,21.2031,0,31,0
28-Oct-2025,993.35,Put,1035,0,0,21.2031,0,0,0
25-Nov-2025,993.35,Put,960,0,0,21.2031,0,222,0
28-Oct-2025,993.35,Call,1090,0,0,21.2031,0,50,0
25-Nov-2025,993.35,Call,860,0,0,21.2031,0,0,0
25-Nov-2025,993.35,Put,940,0,0,21.2031,0,126,0
28-Oct-2025,993.35,Put,1025,0,0,21.2031,0,34,0
28-Oct-2025,993.35,Put,895,0,0,21.2031,0,41,0
30-Dec-2025,993.35,Put,1020,0,0,21.2031,0,0,0
30-Dec-2025,993.35,Call,1010,0,0,21.2031,0,0,0
30-Dec-2025,993.35,Call,980,0,0,21.2031,0,1,0
30-Dec-2025,993.35,Call,1050,0,0,0,0,0,0
25-Nov-2025,993.35,Put,1100,0,0,21.2031,0,0,0
25-Nov-2025,993.35,Call,920,0,0,21.2031,0,5,0
30-Dec-2025,993.35,Call,1060,0,0,21.2031,0,20,0
25-Nov-2025,993.35,Put,870,0,0,21.2031,0,0,0
30-Dec-2025,993.35,Put,990,0,0,21.2031,0,0,0
25-Nov-2025,993.35,Put,880,0,0,21.2031,0,50,0
25-Nov-2025,993.35,Put,1035,0,0,21.2031,0,0,0
28-Oct-2025,993.35,Put,1010,0,0,21.2031,0,188,0
30-Dec-2025,993.35,Put,910,0,0,21.2031,0,0,0
25-Nov-2025,993.35,Call,955,0,0,21.2031,0,8,0
30-Dec-2025,993.35,Call,1080,0,0,21.2031,0,0,0
25-Nov-2025,993.35,Put,1060,0,0,21.2031,0,2,0
30-Dec-2025,993.35,Put,1010,0,0,21.2031,0,0,0
30-Dec-2025,993.35,Put,860,0,0,21.2031,0,0,0
30-Dec-2025,993.35,Call,990,0,0,21.2031,0,0,0
25-Nov-2025,993.35,Call,1060,0,0,21.2031,0,66,0
25-Nov-2025,993.35,Call,870,0,0,21.2031,0,0,0
25-Nov-2025,993.35,Put,955,0,0,21.2031,0,15,0
25-Nov-2025,993.35,Call,965,0,0,21.2031,0,0,0
25-Nov-2025,993.35,Call,940,0,0,21.2031,0,1,0
30-Dec-2025,993.35,Put,1000,0,0,21.2031,0,0,0
25-Nov-2025,993.35,Put,1025,0,0,21.2031,0,0,0
30-Dec-2025,993.35,Put,1030,0,0,21.2031,0,0,0
30-Dec-2025,993.35,Call,1040,0,0,21.2031,0,15,0
25-Nov-2025,993.35,Put,800,0,0,21.2031,0,32,0
25-Nov-2025,993.35,Put,1015,0,0,21.2031,0,0,0
30-Dec-2025,993.35,Call,1000,0,0,21.2031,0,22,0
30-Dec-2025,993.35,Put,950,0,0,21.2031,0,17,0
30-Dec-2025,993.35,Call,1030,0,0,21.2031,0,13,0
30-Dec-2025,993.35,Call,1120,0,0,0,0,0,0
30-Dec-2025,993.35,Call,1020,0,0,21.2031,0,0,0
30-Dec-2025,993.35,Put,980,0,0,21.2031,0,0,0
30-Dec-2025,993.35,Put,940,0,0,21.2031,0,0,0
30-Dec-2025,993.35,Put,900,0,0,21.2031,0,0,0
30-Dec-2025,993.35,Put,920,0,0,21.2031,0,0,0
30-Dec-2025,993.35,Put,840,0,0,21.2031,0,0,0
30-Dec-2025,993.35,Put,960,0,0,21.2031,0,0,0
30-Dec-2025,993.35,Call,1100,0,0,21.2031,0,0,0
30-Dec-2025,993.35,Put,970,0,0,21.2031,0,0,0
