28-Oct-2025,5608,Call,5600,101.45,22.49,30.7752,-197,2531,3756
28-Oct-2025,5608,Call,5700,56.15,22.23,30.7752,-126,1308,2222
28-Oct-2025,5608,-,0,5627.5,0,30.7752,302,29340,1904
28-Oct-2025,5608,Put,5500,38.75,23.27,30.7752,93,1064,1678
28-Oct-2025,5608,Call,5650,76,22.26,30.7752,-22,866,1495
28-Oct-2025,5608,Put,5600,73.05,22.48,30.7752,-34,1135,1398
28-Oct-2025,5608,Call,5550,130.85,22.35,30.7752,-47,1023,1078
28-Oct-2025,5608,Put,5550,54.4,22.98,30.7752,43,527,1065
28-Oct-2025,5608,Call,5800,29.3,22.88,30.7752,-24,953,1043
28-Oct-2025,5608,Call,5750,39.55,22.51,30.7752,68,577,944
28-Oct-2025,5608,Put,5400,19.65,24.52,30.7752,55,1543,831
28-Oct-2025,5608,Call,6000,9.05,25.54,30.7752,-165,1772,723
28-Oct-2025,5608,Put,5450,27.65,23.72,30.7752,27,385,684
28-Oct-2025,5608,Call,5500,165.7,22.82,30.7752,-25,1078,677
28-Oct-2025,5608,Call,5850,21.25,23.27,30.7752,-6,356,438
28-Oct-2025,5608,Call,5900,15.15,23.77,30.7752,2,984,386
28-Oct-2025,5608,Put,5650,99.95,22.55,30.7752,19,397,380
28-Oct-2025,5608,Put,5300,10,26.23,30.7752,-18,817,359
28-Oct-2025,5608,Put,5100,4.2,31.97,30.7752,-21,537,252
25-Nov-2025,5608,-,0,5647.5,0,30.7752,51,2488,234
28-Oct-2025,5608,Call,6100,5.2,27.22,30.7752,9,640,228
28-Oct-2025,5608,Put,5350,14.3,25.61,30.7752,-45,287,210
25-Nov-2025,5608,Call,6000,64.4,23.98,30.7752,103,387,207
28-Oct-2025,5608,Put,5200,6.5,29.44,30.7752,-25,514,141
28-Oct-2025,5608,Call,5450,213.5,22.61,30.7752,24,295,119
28-Oct-2025,5608,Put,5000,2.65,34.74,30.7752,5,1148,99
28-Oct-2025,5608,Put,5700,129.65,22.94,30.7752,-5,263,97
28-Oct-2025,5608,Call,6300,1.45,29.41,30.7752,4,1128,78
25-Nov-2025,5608,Call,5600,208,22.05,30.7752,18,86,57
28-Oct-2025,5608,Call,5950,12.55,24.54,30.7752,-1,119,49
28-Oct-2025,5608,Put,5150,5.15,30.58,30.7752,-31,147,48
28-Oct-2025,5608,Put,5250,8.45,28.28,30.7752,-10,261,43
28-Oct-2025,5608,Call,5400,261,22.17,30.7752,-15,483,38
28-Oct-2025,5608,Call,6200,3,28.26,30.7752,6,658,34
25-Nov-2025,5608,Put,5000,14.4,26.7,30.7752,1,74,32
25-Nov-2025,5608,Call,5500,264,21.59,30.7752,5,64,27
25-Nov-2025,5608,Put,5200,35.6,26.09,30.7752,16,129,26
25-Nov-2025,5608,Put,5400,78.75,25.75,30.7752,18,27,24
25-Nov-2025,5608,Call,5700,160,22.79,30.7752,4,23,21
25-Nov-2025,5608,Put,5300,54.4,26.27,30.7752,0,40,21
30-Dec-2025,5608,-,0,5669.5,0,30.7752,-2,138,13
28-Oct-2025,5608,Put,5800,202.2,29.74,30.7752,4,52,13
28-Oct-2025,5608,Put,4900,1.8,37.38,30.7752,-4,319,13
28-Oct-2025,5608,Put,4700,1.6,46.15,30.7752,-10,178,13
25-Nov-2025,5608,Put,5450,99.05,26.94,30.7752,3,6,12
28-Oct-2025,5608,Put,4850,1.75,39.58,30.7752,1,187,11
28-Oct-2025,5608,Put,4800,1.15,39.48,30.7752,-1,397,10
28-Oct-2025,5608,Call,5000,589.5,0,30.7752,5,143,10
28-Oct-2025,5608,Put,6000,387.05,35.43,30.7752,-4,68,10
28-Oct-2025,5608,Call,5300,306.2,0,30.7752,-7,166,9
28-Oct-2025,5608,Call,5350,261.1,0,30.7752,2,133,7
25-Nov-2025,5608,Put,5500,112.1,26.44,30.7752,-1,164,6
25-Nov-2025,5608,Put,5700,201,26.35,30.7752,4,11,5
25-Nov-2025,5608,Call,5550,233,21.72,30.7752,2,10,5
25-Nov-2025,5608,Put,6000,404.75,28.36,30.7752,2,2,5
28-Oct-2025,5608,Call,5200,396.9,0,30.7752,0,105,4
28-Oct-2025,5608,Call,6400,0.75,29.8,30.7752,1,77,4
25-Nov-2025,5608,Put,5100,23.9,26.73,30.7752,1,26,4
28-Oct-2025,5608,Call,6150,3.95,27.53,30.7752,-1,30,3
25-Nov-2025,5608,Put,5550,138.75,27.38,30.7752,0,6,3
25-Nov-2025,5608,Call,6300,17.95,23.13,30.7752,1,2,3
28-Oct-2025,5608,Call,6050,6.55,25.72,30.7752,0,67,2
28-Oct-2025,5608,Put,4500,0.45,48.28,30.7752,0,167,2
28-Oct-2025,5608,Call,4700,896,0,30.7752,0,37,1
28-Oct-2025,5608,Put,5050,3.6,33.86,30.7752,0,149,1
25-Nov-2025,5608,Call,5800,97.1,19.85,30.7752,0,8,1
25-Nov-2025,5608,Call,6400,15,24.63,30.7752,0,5,1
25-Nov-2025,5608,Call,6100,48,24.39,30.7752,0,13,1
28-Oct-2025,5608,Put,4750,0,0,30.7752,0,2,0
28-Oct-2025,5608,Call,4900,0,0,30.7752,0,38,0
28-Oct-2025,5608,Call,4800,0,0,30.7752,0,23,0
28-Oct-2025,5608,Call,4850,0,0,30.7752,0,2,0
28-Oct-2025,5608,Call,4950,0,0,30.7752,0,2,0
28-Oct-2025,5608,Put,6150,0,0,30.7752,0,0,0
28-Oct-2025,5608,Call,4500,0,0,30.7752,0,10,0
28-Oct-2025,5608,Put,5850,0,0,30.7752,0,12,0
28-Oct-2025,5608,Put,5950,0,0,30.7752,0,0,0
28-Oct-2025,5608,Put,6050,0,0,30.7752,0,0,0
28-Oct-2025,5608,Call,5100,0,0,30.7752,0,54,0
28-Oct-2025,5608,Put,6200,0,0,30.7752,0,0,0
28-Oct-2025,5608,Put,6300,0,0,30.7752,0,0,0
28-Oct-2025,5608,Call,4400,0,0,30.7752,0,25,0
28-Oct-2025,5608,Put,4950,0,0,30.7752,0,97,0
28-Oct-2025,5608,Call,4600,0,0,30.7752,0,1,0
28-Oct-2025,5608,Put,5900,0,0,30.7752,0,0,0
25-Nov-2025,5608,Call,5850,0,0,30.7752,0,0,0
25-Nov-2025,5608,Call,5750,0,0,30.7752,0,0,0
25-Nov-2025,5608,Call,5350,0,0,30.7752,0,0,0
25-Nov-2025,5608,Put,4950,0,0,30.7752,0,0,0
28-Oct-2025,5608,Put,6100,0,0,30.7752,0,0,0
28-Oct-2025,5608,Call,5150,0,0,30.7752,0,41,0
25-Nov-2025,5608,Put,6300,0,0,30.7752,0,0,0
28-Oct-2025,5608,Call,5250,0,0,30.7752,0,38,0
25-Nov-2025,5608,Put,5350,0,0,30.7752,0,0,0
25-Nov-2025,5608,Put,6400,0,0,30.7752,0,0,0
25-Nov-2025,5608,Call,5650,0,0,30.7752,0,1,0
25-Nov-2025,5608,Call,5450,0,0,30.7752,0,0,0
28-Oct-2025,5608,Put,4400,0,0,30.7752,0,11,0
25-Nov-2025,5608,Call,5300,0,0,30.7752,0,0,0
25-Nov-2025,5608,Put,5850,0,0,30.7752,0,0,0
25-Nov-2025,5608,Put,4800,0,0,30.7752,0,3,0
25-Nov-2025,5608,Call,5200,0,0,30.7752,0,3,0
30-Dec-2025,5608,Put,5300,0,0,30.7752,0,0,0
25-Nov-2025,5608,Put,4900,0,0,30.7752,0,0,0
30-Dec-2025,5608,Put,5500,0,0,30.7752,0,0,0
30-Dec-2025,5608,Call,6100,0,0,30.7752,0,0,0
25-Nov-2025,5608,Call,5950,0,0,30.7752,0,0,0
25-Nov-2025,5608,Put,5600,0,0,30.7752,0,6,0
25-Nov-2025,5608,Call,6150,0,0,30.7752,0,1,0
28-Oct-2025,5608,Call,5050,0,0,30.7752,0,16,0
28-Oct-2025,5608,Put,5750,0,0,30.7752,0,69,0
25-Nov-2025,5608,Call,5050,0,0,30.7752,0,0,0
25-Nov-2025,5608,Call,4950,0,0,30.7752,0,0,0
25-Nov-2025,5608,Call,4900,0,0,30.7752,0,0,0
25-Nov-2025,5608,Put,4600,0,0,30.7752,0,0,0
30-Dec-2025,5608,Put,5600,0,0,30.7752,0,0,0
30-Dec-2025,5608,Call,5800,0,0,30.7752,0,0,0
25-Nov-2025,5608,Put,5150,0,0,30.7752,0,0,0
25-Nov-2025,5608,Put,6150,0,0,30.7752,0,0,0
25-Nov-2025,5608,Call,4700,0,0,30.7752,0,0,0
25-Nov-2025,5608,Put,5800,0,0,30.7752,0,0,0
25-Nov-2025,5608,Put,4700,0,0,30.7752,0,0,0
25-Nov-2025,5608,Call,5000,0,0,30.7752,0,2,0
25-Nov-2025,5608,Put,5050,0,0,30.7752,0,12,0
28-Oct-2025,5608,Put,4600,0,0,30.7752,0,27,0
25-Nov-2025,5608,Call,5150,0,0,30.7752,0,0,0
25-Nov-2025,5608,Put,6100,0,0,30.7752,0,0,0
30-Dec-2025,5608,Put,5400,0,0,30.7752,0,0,0
25-Nov-2025,5608,Call,5100,0,0,30.7752,0,0,0
28-Oct-2025,5608,Put,6400,0,0,30.7752,0,0,0
30-Dec-2025,5608,Call,5600,0,0,30.7752,0,2,0
25-Nov-2025,5608,Call,5250,0,0,30.7752,0,0,0
25-Nov-2025,5608,Put,5250,0,0,30.7752,0,1,0
25-Nov-2025,5608,Call,4600,0,0,30.7752,0,5,0
25-Nov-2025,5608,Put,5950,0,0,30.7752,0,0,0
25-Nov-2025,5608,Put,5650,0,0,30.7752,0,0,0
25-Nov-2025,5608,Call,5400,0,0,30.7752,0,4,0
25-Nov-2025,5608,Put,5750,0,0,30.7752,0,0,0
25-Nov-2025,5608,Call,4800,0,0,30.7752,0,0,0
25-Nov-2025,5608,Put,6200,0,0,30.7752,0,0,0
25-Nov-2025,5608,Put,5900,0,0,30.7752,0,0,0
25-Nov-2025,5608,Call,6200,0,0,30.7752,0,9,0
30-Dec-2025,5608,Call,6000,0,0,30.7752,0,0,0
30-Dec-2025,5608,Call,5900,0,0,30.7752,0,0,0
25-Nov-2025,5608,Call,6050,0,0,30.7752,0,0,0
30-Dec-2025,5608,Put,5200,0,0,30.7752,0,0,0
30-Dec-2025,5608,Call,5700,0,0,30.7752,0,0,0
30-Dec-2025,5608,Put,5700,0,0,30.7752,0,0,0
30-Dec-2025,5608,Call,5500,0,0,30.7752,0,0,0
30-Dec-2025,5608,Call,5400,0,0,30.7752,0,0,0
25-Nov-2025,5608,Put,6050,0,0,30.7752,0,0,0
30-Dec-2025,5608,Put,5800,0,0,30.7752,0,0,0
30-Dec-2025,5608,Call,6200,0,0,30.7752,0,0,0
30-Dec-2025,5608,Put,5900,0,0,30.7752,0,0,0
25-Nov-2025,5608,Call,5900,0,0,30.7752,0,1,0
