28-Oct-2025,774.65,-,0,777.25,0,33.1085,-49,46157,4422
25-Nov-2025,774.65,-,0,781.55,0,33.1085,2152,3477,2371
28-Oct-2025,774.65,Call,800,4.4,23.09,33.1085,134,2732,2093
28-Oct-2025,774.65,Call,780,10.75,22.42,33.1085,344,2063,1954
28-Oct-2025,774.65,Put,770,8.5,22,33.1085,-81,952,1222
28-Oct-2025,774.65,Call,790,6.95,22.5,33.1085,61,1063,970
28-Oct-2025,774.65,Put,760,5.2,22.3,33.1085,8,638,932
28-Oct-2025,774.65,Put,750,3.15,23.16,33.1085,-32,1094,874
28-Oct-2025,774.65,Put,780,13.25,21.76,33.1085,45,979,725
28-Oct-2025,774.65,Call,810,2.7,23.32,33.1085,-27,947,584
28-Oct-2025,774.65,Call,770,16.05,22.55,33.1085,-8,957,447
28-Oct-2025,774.65,Call,820,1.7,24.36,33.1085,11,616,342
28-Oct-2025,774.65,Put,790,19,22.55,33.1085,22,410,197
28-Oct-2025,774.65,Call,830,1.1,25.07,33.1085,-14,463,185
28-Oct-2025,774.65,Call,760,23.7,21.52,33.1085,-2,572,146
28-Oct-2025,774.65,Put,740,1.85,24.23,33.1085,3,403,143
28-Oct-2025,774.65,Put,720,0.7,27.48,33.1085,15,876,141
28-Oct-2025,774.65,Put,800,25.65,22.88,33.1085,-4,186,116
28-Oct-2025,774.65,Put,730,1.15,25.37,33.1085,7,449,104
28-Oct-2025,774.65,Call,840,0.75,26.38,33.1085,-1,577,91
28-Oct-2025,774.65,Put,690,0.25,32.75,33.1085,-54,299,61
28-Oct-2025,774.65,Call,850,0.5,27.46,33.1085,-5,272,50
28-Oct-2025,774.65,Put,700,0.35,31.59,33.1085,-22,869,41
28-Oct-2025,774.65,Call,750,31,23.43,33.1085,-1,601,40
25-Nov-2025,774.65,Call,800,18.15,24.48,33.1085,3,125,34
25-Nov-2025,774.65,Call,820,12.1,24.94,33.1085,4,69,23
25-Nov-2025,774.65,Call,780,27.35,24.66,33.1085,2,62,22
28-Oct-2025,774.65,Call,860,0.3,28.02,33.1085,-1,644,19
28-Oct-2025,774.65,Call,880,0.15,30.38,33.1085,-4,484,18
28-Oct-2025,774.65,Call,730,48.9,27.92,33.1085,-1,143,17
25-Nov-2025,774.65,Call,850,6.05,25.5,33.1085,5,78,16
28-Oct-2025,774.65,Put,810,34.65,24.99,33.1085,0,47,15
25-Nov-2025,774.65,Put,740,8.8,25.33,33.1085,0,57,15
25-Nov-2025,774.65,Put,730,6.8,25.33,33.1085,3,110,14
25-Nov-2025,774.65,Put,750,11.45,25.31,33.1085,3,41,13
28-Oct-2025,774.65,Put,710,0.6,29.61,33.1085,-1,244,12
28-Oct-2025,774.65,Call,740,40.8,21.75,33.1085,-2,97,12
25-Nov-2025,774.65,Put,760,15,25.45,33.1085,2,50,12
25-Nov-2025,774.65,Put,780,23.75,25.75,33.1085,3,32,11
30-Dec-2025,774.65,-,0,787.5,0,33.1085,3,121,10
25-Nov-2025,774.65,Put,720,5.05,25.83,33.1085,4,18,9
28-Oct-2025,774.65,Put,650,0.05,38.51,33.1085,1,120,8
28-Oct-2025,774.65,Put,680,0.15,33.74,33.1085,-3,408,8
28-Oct-2025,774.65,Put,820,42.6,22.61,33.1085,-1,104,7
25-Nov-2025,774.65,Put,700,2.65,26.17,33.1085,5,193,7
28-Oct-2025,774.65,Call,720,59.55,29.72,33.1085,0,73,6
28-Oct-2025,774.65,Call,700,78,31.5,33.1085,1,135,6
25-Nov-2025,774.65,Call,900,1.75,26.54,33.1085,4,19,6
25-Nov-2025,774.65,Call,760,37.75,23.68,33.1085,-1,47,6
25-Nov-2025,774.65,Call,840,7.4,24.97,33.1085,1,15,4
28-Oct-2025,774.65,Put,830,52.9,27.9,33.1085,1,17,3
25-Nov-2025,774.65,Put,710,3.5,25.59,33.1085,1,60,3
25-Nov-2025,774.65,Call,790,22.55,25.17,33.1085,1,8,3
25-Nov-2025,774.65,Call,770,31,22.98,33.1085,0,31,3
28-Oct-2025,774.65,Put,840,62.5,29.84,33.1085,0,38,2
28-Oct-2025,774.65,Call,660,117,0,33.1085,0,23,2
25-Nov-2025,774.65,Put,680,1.7,28.1,33.1085,1,71,2
25-Nov-2025,774.65,Put,800,35.5,26.65,33.1085,0,47,2
25-Nov-2025,774.65,Put,770,17.8,24.3,33.1085,0,19,2
25-Nov-2025,774.65,Call,700,86,25.13,33.1085,0,1,1
25-Nov-2025,774.65,Call,880,3,26.33,33.1085,0,40,1
28-Oct-2025,774.65,Put,640,0,0,33.1085,0,0,0
28-Oct-2025,774.65,Call,690,0,0,33.1085,0,18,0
28-Oct-2025,774.65,Call,640,0,0,33.1085,0,0,0
28-Oct-2025,774.65,Put,850,0,0,33.1085,0,53,0
28-Oct-2025,774.65,Call,620,0,0,33.1085,0,1,0
28-Oct-2025,774.65,Call,710,0,0,33.1085,0,36,0
28-Oct-2025,774.65,Call,600,0,0,33.1085,0,2,0
28-Oct-2025,774.65,Put,670,0,0,33.1085,0,85,0
28-Oct-2025,774.65,Call,900,0,0,33.1085,0,60,0
28-Oct-2025,774.65,Put,900,0,0,33.1085,0,4,0
28-Oct-2025,774.65,Call,670,0,0,33.1085,0,15,0
28-Oct-2025,774.65,Call,650,0,0,33.1085,0,15,0
28-Oct-2025,774.65,Put,880,0,0,33.1085,0,0,0
28-Oct-2025,774.65,Put,860,0,0,33.1085,0,15,0
28-Oct-2025,774.65,Put,660,0,0,33.1085,0,25,0
28-Oct-2025,774.65,Call,680,0,0,33.1085,0,15,0
28-Oct-2025,774.65,Put,620,0,0,33.1085,0,25,0
28-Oct-2025,774.65,Put,600,0,0,33.1085,0,33,0
25-Nov-2025,774.65,Call,830,0,0,33.1085,0,29,0
25-Nov-2025,774.65,Call,810,0,0,33.1085,0,21,0
25-Nov-2025,774.65,Put,850,0,0,33.1085,0,3,0
25-Nov-2025,774.65,Put,690,0,0,33.1085,0,9,0
25-Nov-2025,774.65,Put,900,0,0,33.1085,0,0,0
25-Nov-2025,774.65,Call,860,0,0,33.1085,0,18,0
25-Nov-2025,774.65,Call,720,0,0,33.1085,0,4,0
25-Nov-2025,774.65,Call,740,0,0,33.1085,0,0,0
25-Nov-2025,774.65,Call,660,0,0,33.1085,0,0,0
25-Nov-2025,774.65,Put,640,0,0,33.1085,0,0,0
25-Nov-2025,774.65,Put,660,0,0,33.1085,0,2,0
25-Nov-2025,774.65,Put,790,0,0,33.1085,0,1,0
25-Nov-2025,774.65,Call,710,0,0,33.1085,0,0,0
25-Nov-2025,774.65,Put,830,0,0,33.1085,0,0,0
25-Nov-2025,774.65,Call,640,0,0,33.1085,0,0,0
25-Nov-2025,774.65,Put,840,0,0,33.1085,0,0,0
25-Nov-2025,774.65,Call,690,0,0,33.1085,0,0,0
25-Nov-2025,774.65,Call,730,0,0,33.1085,0,0,0
25-Nov-2025,774.65,Put,880,0,0,33.1085,0,0,0
25-Nov-2025,774.65,Put,820,0,0,33.1085,0,14,0
25-Nov-2025,774.65,Put,810,0,0,33.1085,0,4,0
30-Dec-2025,774.65,Put,800,0,0,33.1085,0,0,0
25-Nov-2025,774.65,Put,860,0,0,33.1085,0,0,0
25-Nov-2025,774.65,Call,750,0,0,33.1085,0,2,0
25-Nov-2025,774.65,Call,680,0,0,33.1085,0,3,0
30-Dec-2025,774.65,Put,640,0,0,33.1085,0,0,0
30-Dec-2025,774.65,Call,840,0,0,33.1085,0,0,0
30-Dec-2025,774.65,Call,780,0,0,33.1085,0,0,0
30-Dec-2025,774.65,Call,820,0,0,33.1085,0,4,0
30-Dec-2025,774.65,Put,740,0,0,33.1085,0,0,0
30-Dec-2025,774.65,Call,800,0,0,33.1085,0,0,0
30-Dec-2025,774.65,Put,760,0,0,33.1085,0,0,0
30-Dec-2025,774.65,Call,760,0,0,33.1085,0,0,0
30-Dec-2025,774.65,Put,680,0,0,33.1085,0,0,0
30-Dec-2025,774.65,Put,700,0,0,33.1085,0,0,0
30-Dec-2025,774.65,Put,780,0,0,33.1085,0,0,0
30-Dec-2025,774.65,Call,860,0,0,33.1085,0,0,0
30-Dec-2025,774.65,Put,720,0,0,33.1085,0,0,0
30-Dec-2025,774.65,Put,820,0,0,33.1085,0,0,0
