28-Oct-2025,1444.8,Call,1460,9.95,14.38,29.3581,5840,13806,24987
28-Oct-2025,1444.8,Call,1500,4.5,20.31,29.3581,4729,20557,24261
28-Oct-2025,1445.6,-,0,1424.6,0,29.3581,7181,117595,23083
28-Oct-2025,1444.8,Call,1480,6.45,17.48,29.3581,3844,13213,18799
28-Oct-2025,1445.6,Call,1560,1.85,27.21,29.3581,1359,36360,16166
28-Oct-2025,1444.8,Call,1440,15.65,9.88,29.3581,2461,5904,13987
28-Oct-2025,1445.6,Put,1400,10.7,29.59,29.3581,-474,6814,10761
28-Oct-2025,1444.8,Put,1440,30.15,35.81,29.3581,-458,4920,10100
28-Oct-2025,1445.6,Call,1600,1.1,31.25,29.3581,-1039,8383,9677
28-Oct-2025,1445.6,Call,1520,3.15,22.42,29.3581,457,7768,9272
28-Oct-2025,1444.8,Call,1540,2.25,24.56,29.3581,-180,10379,9053
28-Oct-2025,1445.6,Put,1420,18.3,31.74,29.3581,349,5062,8476
28-Oct-2025,1444.8,Call,1580,1.4,29.19,29.3581,-280,7218,6694
25-Nov-2025,1445.6,-,0,1429,0,29.3581,4060,59008,6574
28-Oct-2025,1445.6,Put,1380,5.95,28.99,29.3581,95,2994,6015
28-Oct-2025,1445.6,Put,1460,45.4,40.2,29.3581,-788,5947,5730
28-Oct-2025,1444.8,Put,1360,3.5,29.13,29.3581,120,3832,5484
25-Nov-2025,1445.6,Call,1500,17.4,17.35,29.3581,1807,4152,4180
28-Oct-2025,1444.8,Put,1340,1.95,29.71,29.3581,278,3235,4021
28-Oct-2025,1445.6,Call,1620,0.8,32.64,29.3581,-613,3211,3213
28-Oct-2025,1444.8,Call,1420,23.5,0,29.3581,537,1478,2680
25-Nov-2025,1444.8,Call,1600,4.85,21.59,29.3581,1060,3710,2672
28-Oct-2025,1444.8,Call,1700,0.3,38.68,29.3581,-494,1885,2475
28-Oct-2025,1444.8,Put,1480,62.45,45.19,29.3581,-535,4290,2167
28-Oct-2025,1444.8,Call,1400,35.1,0,29.3581,-50,1381,2143
28-Oct-2025,1444.8,Call,1640,0.7,34.96,29.3581,-365,2506,2129
28-Oct-2025,1445.6,Put,1300,1,33.74,29.3581,-391,3647,2102
25-Nov-2025,1444.8,Call,1460,29.6,15.45,29.3581,842,1454,1856
28-Oct-2025,1445.6,Put,1320,1.35,31.46,29.3581,-79,1525,1765
25-Nov-2025,1445.6,Call,1480,22.7,16.51,29.3581,478,1381,1583
28-Oct-2025,1444.8,Call,1660,0.55,36.01,29.3581,-294,2111,1526
28-Oct-2025,1444.8,Put,1500,80.9,50.71,29.3581,-75,5323,1272
25-Nov-2025,1445.6,Call,1440,38.05,14.06,29.3581,621,964,1151
25-Nov-2025,1444.8,Put,1400,29.55,29.6,29.3581,227,1446,1133
25-Nov-2025,1444.8,Call,1560,7.5,19.54,29.3581,-3,1156,1030
25-Nov-2025,1444.8,Put,1300,6.9,29.33,29.3581,413,1075,925
25-Nov-2025,1444.8,Call,1520,12.65,17.94,29.3581,169,1212,914
25-Nov-2025,1444.8,Call,1540,9.7,18.77,29.3581,261,965,882
28-Oct-2025,1444.8,Put,1280,0.6,34.7,29.3581,-22,992,697
28-Oct-2025,1444.8,Call,1680,0.4,37.54,29.3581,-179,843,681
25-Nov-2025,1445.6,Put,1440,48.8,31.18,29.3581,159,527,625
30-Dec-2025,1445.6,-,0,1435.3,0,29.3581,334,1907,598
25-Nov-2025,1444.8,Call,1580,5.95,20.49,29.3581,31,441,527
25-Nov-2025,1444.8,Put,1420,38.2,30.17,29.3581,126,282,490
25-Nov-2025,1444.8,Call,1400,58.8,0,29.3581,233,570,488
25-Nov-2025,1445.6,Put,1360,16.8,28.62,29.3581,82,434,400
28-Oct-2025,1444.8,Put,1240,0.25,37.59,29.3581,-68,743,384
25-Nov-2025,1445.6,Call,1420,46.9,11.5,29.3581,237,260,369
25-Nov-2025,1445.6,Put,1460,60.5,32.19,29.3581,133,566,332
25-Nov-2025,1445.6,Put,1500,88.05,34.86,29.3581,41,1137,321
25-Nov-2025,1444.8,Put,1380,22.2,28.76,29.3581,154,537,309
25-Nov-2025,1445.6,Call,1660,2.45,23.74,29.3581,9,193,288
28-Oct-2025,1445.6,Call,1380,50.2,0,29.3581,21,242,258
25-Nov-2025,1444.8,Put,1280,5.05,29.23,29.3581,10,319,237
25-Nov-2025,1444.8,Call,1680,2.05,24.66,29.3581,-71,412,228
25-Nov-2025,1444.8,Put,1340,12.55,28.58,29.3581,-4,233,220
25-Nov-2025,1444.8,Call,1640,3.05,23.15,29.3581,23,190,194
25-Nov-2025,1444.8,Call,1620,3.75,22.15,29.3581,32,132,178
28-Oct-2025,1444.8,Call,1760,0.3,46.72,29.3581,35,622,176
25-Nov-2025,1444.8,Put,1320,9.4,28.82,29.3581,24,251,175
28-Oct-2025,1445.6,Call,1720,0.35,41.83,29.3581,-92,373,160
28-Oct-2025,1445.6,Put,1200,0.25,44.64,29.3581,10,908,158
25-Nov-2025,1445.6,Put,1480,73.55,33.38,29.3581,27,604,111
28-Oct-2025,1444.8,Put,1520,99,56.14,29.3581,-12,1371,84
25-Nov-2025,1444.8,Put,1240,2.85,30.66,29.3581,26,130,83
28-Oct-2025,1444.8,Call,1800,0.25,49.41,29.3581,-10,407,81
30-Dec-2025,1445.6,Call,1600,11.8,19.09,29.3581,42,191,79
25-Nov-2025,1445.6,Put,1600,174.35,44.93,29.3581,24,307,70
25-Nov-2025,1444.8,Call,1760,1.1,28.02,29.3581,5,172,64
25-Nov-2025,1445.6,Call,1720,1.45,26.24,29.3581,9,77,59
25-Nov-2025,1444.8,Call,1300,134,0,29.3581,21,180,37
30-Dec-2025,1444.8,Call,1520,25.4,16.7,29.3581,11,110,34
28-Oct-2025,1444.8,Put,1600,172,69.43,29.3581,-7,875,32
28-Oct-2025,1445.6,Put,1540,119.05,61.79,29.3581,2,729,28
30-Dec-2025,1444.8,Put,1400,39,27.39,29.3581,9,91,24
28-Oct-2025,1445.6,Call,1320,104,0,29.3581,-7,132,23
25-Nov-2025,1445.6,Call,1360,84.5,0,29.3581,12,61,21
28-Oct-2025,1444.8,Call,1300,123.4,0,29.3581,0,110,20
28-Oct-2025,1444.8,Call,1360,67,0,29.3581,-1,234,19
30-Dec-2025,1444.8,Call,1480,37.8,15.69,29.3581,2,64,19
30-Dec-2025,1444.8,Put,1280,9.5,26.63,29.3581,-1,62,14
30-Dec-2025,1445.6,Call,1680,4.9,20.36,29.3581,2,28,14
25-Nov-2025,1444.8,Put,1520,104.5,36.81,29.3581,1,104,6
25-Nov-2025,1444.8,Put,1200,1.7,32.26,29.3581,1,53,6
28-Oct-2025,1445.6,Put,1760,336,112.41,29.3581,1,429,6
28-Oct-2025,1445.6,Call,1280,150.1,0,29.3581,-1,45,5
25-Nov-2025,1445.6,Put,1720,290,58.83,29.3581,4,45,5
28-Oct-2025,1445.6,Put,1560,134.6,62.47,29.3581,-2,670,4
30-Dec-2025,1444.8,Put,1440,58.55,28.85,29.3581,0,4,3
30-Dec-2025,1444.8,Call,1640,8,20.07,29.3581,1,25,3
28-Oct-2025,1445.6,Put,1700,270,90.52,29.3581,0,367,2
25-Nov-2025,1444.8,Call,1340,100.05,0,29.3581,0,21,2
30-Dec-2025,1445.6,Put,1520,112,33.35,29.3581,0,43,2
28-Oct-2025,1445.6,Put,1800,365,101.92,29.3581,0,340,1
28-Oct-2025,1445.6,Put,1580,148.1,59.56,29.3581,0,217,1
25-Nov-2025,1445.6,Put,1640,212,0,29.3581,0,5,1
25-Nov-2025,1444.8,Put,1680,246,50.54,29.3581,0,0,1
30-Dec-2025,1445.6,Put,1360,24.15,26.27,29.3581,0,8,1
28-Oct-2025,1444.8,Put,1660,0,0,29.3581,0,57,0
28-Oct-2025,1444.8,Call,1200,0,0,29.3581,0,3,0
28-Oct-2025,1444.8,Put,1720,0,0,29.3581,0,111,0
28-Oct-2025,1444.8,Call,1340,0,0,29.3581,0,69,0
28-Oct-2025,1445.6,Put,1620,0,0,29.3581,0,91,0
28-Oct-2025,1444.8,Put,1680,0,0,29.3581,0,34,0
28-Oct-2025,1444.8,Call,1240,0,0,29.3581,0,0,0
28-Oct-2025,1445.6,Put,1640,0,0,29.3581,0,57,0
25-Nov-2025,1444.8,Put,1560,0,0,29.3581,0,82,0
25-Nov-2025,1445.6,Call,1200,0,0,29.3581,0,0,0
25-Nov-2025,1445.6,Call,1320,0,0,29.3581,0,0,0
25-Nov-2025,1444.8,Call,1280,0,0,29.3581,0,0,0
30-Dec-2025,1445.6,Call,1760,0,0,29.3581,0,0,0
30-Dec-2025,1444.8,Put,1200,0,0,29.3581,0,0,0
25-Nov-2025,1444.8,Put,1760,0,0,29.3581,0,42,0
30-Dec-2025,1445.6,Call,1440,0,0,29.3581,0,0,0
25-Nov-2025,1444.8,Put,1540,0,0,29.3581,0,41,0
25-Nov-2025,1445.6,Put,1580,0,0,29.3581,0,14,0
30-Dec-2025,1444.8,Call,1400,0,0,29.3581,0,0,0
25-Nov-2025,1444.8,Call,1380,0,0,29.3581,0,0,0
25-Nov-2025,1444.8,Put,1660,0,0,29.3581,0,0,0
30-Dec-2025,1445.6,Call,1560,0,0,29.3581,0,0,0
30-Dec-2025,1444.8,Put,1600,0,0,29.3581,0,0,0
30-Dec-2025,1444.8,Put,1480,0,0,29.3581,0,0,0
25-Nov-2025,1444.8,Call,1240,0,0,29.3581,0,0,0
25-Nov-2025,1444.8,Put,1620,0,0,29.3581,0,8,0
30-Dec-2025,1445.6,Put,1320,0,0,29.3581,0,40,0
