28-Oct-2025,1439.5,Call,1460,7.9,14.79,29.3581,10126,18092,61794
28-Oct-2025,1439.5,-,0,1413.9,0,29.3581,11004,121418,58587
28-Oct-2025,1439.5,Call,1500,3.75,20.64,29.3581,6502,22330,51580
28-Oct-2025,1439.5,Call,1440,12.25,10.8,29.3581,8450,11893,48699
28-Oct-2025,1439.5,Call,1480,5.25,17.74,29.3581,6718,16087,40833
28-Oct-2025,1439.5,Call,1560,1.65,27.87,29.3581,1366,36367,33512
28-Oct-2025,1439.5,Put,1400,14.5,32.29,29.3581,39,7327,23129
28-Oct-2025,1439.5,Call,1600,0.9,31.37,29.3581,-2221,7201,22055
28-Oct-2025,1439.5,Put,1420,24.2,35.23,29.3581,818,5531,20754
28-Oct-2025,1439.5,Put,1440,38,40.06,29.3581,-428,4950,19162
28-Oct-2025,1439.5,Call,1520,2.7,23.1,29.3581,775,8086,18612
28-Oct-2025,1439.5,Call,1540,2,25.45,29.3581,-1099,9460,18116
28-Oct-2025,1439.5,Call,1420,18.5,0,29.3581,3177,4118,17976
25-Nov-2025,1439.5,-,0,1415.1,0,29.3581,11873,66821,17591
28-Oct-2025,1439.5,Put,1380,8.25,30.69,29.3581,339,3238,15839
28-Oct-2025,1439.5,Put,1360,4.75,30.36,29.3581,-217,3495,14322
28-Oct-2025,1439.5,Call,1580,1.15,29.47,29.3581,-1010,6488,11469
25-Nov-2025,1439.5,Call,1500,15.15,17.29,29.3581,4157,6502,10492
28-Oct-2025,1439.5,Put,1340,2.75,31.04,29.3581,451,3408,10322
28-Oct-2025,1439.5,Put,1460,53.5,44.97,29.3581,-1477,5258,9663
28-Oct-2025,1439.5,Call,1620,0.8,33.79,29.3581,-1372,2452,7627
28-Oct-2025,1439.5,Call,1400,28.85,0,29.3581,704,2135,6559
28-Oct-2025,1439.5,Put,1300,1.3,34.39,29.3581,538,4576,6166
28-Oct-2025,1439.5,Call,1640,0.6,35.59,29.3581,-828,2043,5558
25-Nov-2025,1439.5,Call,1600,4.2,21.66,29.3581,2109,4759,5247
25-Nov-2025,1439.5,Call,1460,25.9,15.31,29.3581,1974,2586,4716
28-Oct-2025,1439.5,Put,1320,1.95,32.75,29.3581,169,1773,4659
28-Oct-2025,1439.5,Put,1480,71.45,50.3,29.3581,-949,3876,3906
28-Oct-2025,1439.5,Call,1700,0.45,41.69,29.3581,-741,1638,3532
25-Nov-2025,1439.5,Call,1440,33.25,13.94,29.3581,1652,1995,3491
25-Nov-2025,1439.5,Call,1480,19.65,16.46,29.3581,1141,2044,3358
28-Oct-2025,1439.5,Call,1660,0.55,37.96,29.3581,-599,1806,3285
25-Nov-2025,1439.5,Put,1400,35.5,31.61,29.3581,896,2115,2852
25-Nov-2025,1439.5,Call,1520,11.45,18.05,29.3581,314,1357,2245
28-Oct-2025,1439.5,Put,1500,89.75,56.41,29.3581,-222,5176,1994
25-Nov-2025,1439.5,Put,1300,8.75,30.29,29.3581,774,1436,1977
25-Nov-2025,1439.5,Call,1540,8.55,18.91,29.3581,399,1103,1803
30-Dec-2025,1439.5,-,0,1421.9,0,29.3581,956,2529,1748
25-Nov-2025,1439.5,Call,1560,6.5,19.65,29.3581,91,1250,1702
28-Oct-2025,1439.5,Put,1280,0.7,35.24,29.3581,90,1104,1616
28-Oct-2025,1439.5,Call,1680,0.55,39.66,29.3581,-358,664,1514
25-Nov-2025,1439.5,Put,1440,57,33.87,29.3581,636,1004,1450
28-Oct-2025,1439.5,Call,1380,42.5,0,29.3581,178,399,1422
25-Nov-2025,1439.5,Call,1400,51.8,0,29.3581,653,990,1326
25-Nov-2025,1439.5,Put,1360,21.1,30.54,29.3581,444,796,1203
25-Nov-2025,1439.5,Put,1420,45.15,32.72,29.3581,329,485,1092
25-Nov-2025,1439.5,Call,1580,5.2,20.53,29.3581,66,476,1084
25-Nov-2025,1439.5,Put,1460,69.1,35.09,29.3581,520,953,885
25-Nov-2025,1439.5,Call,1420,41.2,11.62,29.3581,449,472,808
28-Oct-2025,1439.5,Put,1240,0.3,37.53,29.3581,-80,731,760
25-Nov-2025,1439.5,Call,1620,3.2,22.1,29.3581,299,399,714
25-Nov-2025,1439.5,Put,1380,27.4,30.81,29.3581,219,602,680
25-Nov-2025,1439.5,Put,1500,97.65,38.57,29.3581,151,1247,656
25-Nov-2025,1439.5,Put,1340,15.75,30.19,29.3581,176,413,650
25-Nov-2025,1439.5,Call,1640,2.65,23.04,29.3581,146,313,623
25-Nov-2025,1439.5,Put,1280,6.5,30.55,29.3581,131,440,579
25-Nov-2025,1439.5,Call,1680,1.9,24.93,29.3581,-230,253,533
25-Nov-2025,1439.5,Put,1320,11.6,30.02,29.3581,204,431,502
25-Nov-2025,1439.5,Put,1240,3.6,31.44,29.3581,93,197,461
28-Oct-2025,1439.5,Put,1200,0.3,43.68,29.3581,-16,882,454
25-Nov-2025,1439.5,Call,1660,2.25,24.03,29.3581,-17,167,434
28-Oct-2025,1439.5,Call,1760,0.35,47.64,29.3581,58,645,433
28-Oct-2025,1439.5,Call,1720,0.5,44.84,29.3581,-148,317,380
25-Nov-2025,1439.5,Put,1600,186.5,51.3,29.3581,166,449,252
30-Dec-2025,1439.5,Call,1600,11.75,19.56,29.3581,105,254,231
25-Nov-2025,1439.5,Put,1480,83.25,36.66,29.3581,58,635,209
28-Oct-2025,1439.5,Call,1360,58.2,0,29.3581,10,245,202
28-Oct-2025,1439.5,Call,1800,0.25,50.29,29.3581,-74,343,200
25-Nov-2025,1439.5,Call,1760,0.95,28.17,29.3581,52,219,168
28-Oct-2025,1439.5,Put,1520,108.65,62.26,29.3581,-32,1351,156
28-Oct-2025,1439.5,Put,1540,129.1,67.95,29.3581,-64,663,132
30-Dec-2025,1439.5,Put,1400,44,28.67,29.3581,76,158,131
28-Oct-2025,1439.5,Call,1320,94.6,0,29.3581,1,140,119
25-Nov-2025,1439.5,Call,1300,123.9,0,29.3581,84,243,116
30-Dec-2025,1439.5,Call,1480,34.2,15.44,29.3581,56,118,108
25-Nov-2025,1439.5,Call,1720,1.4,26.71,29.3581,4,72,99
28-Oct-2025,1439.5,Put,1600,187,82.65,29.3581,-13,869,92
30-Dec-2025,1439.5,Call,1520,24.3,17.37,29.3581,17,116,90
25-Nov-2025,1439.5,Call,1360,76.3,0,29.3581,23,72,82
28-Oct-2025,1439.5,Call,1300,114.9,0,29.3581,-10,100,68
28-Oct-2025,1439.5,Call,1340,72.1,0,29.3581,30,99,66
25-Nov-2025,1439.5,Put,1200,2.15,33.05,29.3581,30,82,62
28-Oct-2025,1439.5,Put,1580,169.8,80.55,29.3581,-35,182,42
30-Dec-2025,1439.5,Put,1320,18,28.13,29.3581,30,70,41
25-Nov-2025,1439.5,Put,1520,114.05,40.53,29.3581,9,112,29
25-Nov-2025,1439.5,Put,1760,339.55,66.92,29.3581,14,56,29
28-Oct-2025,1439.5,Put,1560,148.45,72.68,29.3581,-20,652,28
25-Nov-2025,1439.5,Call,1340,89.1,0,29.3581,20,41,26
30-Dec-2025,1439.5,Put,1280,10,26.47,29.3581,4,67,26
30-Dec-2025,1439.5,Call,1680,5.8,21.79,29.3581,-1,25,26
30-Dec-2025,1439.5,Put,1440,65,30.39,29.3581,11,15,20
25-Nov-2025,1439.5,Put,1540,133.3,43.34,29.3581,8,49,19
28-Oct-2025,1439.5,Put,1660,235.6,81.82,29.3581,0,57,18
28-Oct-2025,1439.5,Put,1760,338,106.91,29.3581,6,434,16
25-Nov-2025,1439.5,Put,1560,148,43.83,29.3581,13,95,16
25-Nov-2025,1439.5,Put,1640,229,57.11,29.3581,15,20,16
28-Oct-2025,1439.5,Put,1680,268,104.04,29.3581,-10,24,15
28-Oct-2025,1439.5,Put,1700,290,111.4,29.3581,-10,357,14
30-Dec-2025,1439.5,Call,1640,7.9,20.58,29.3581,4,28,14
30-Dec-2025,1439.5,Put,1360,29.5,28.12,29.3581,6,14,13
25-Nov-2025,1439.5,Put,1720,290,54.96,29.3581,9,50,12
28-Oct-2025,1439.5,Call,1280,131.95,0,29.3581,-1,45,8
30-Dec-2025,1439.5,Put,1520,115,33.06,29.3581,0,43,5
28-Oct-2025,1439.5,Put,1640,224.6,89.85,29.3581,-1,56,4
28-Oct-2025,1439.5,Call,1240,183.55,0,29.3581,0,0,2
28-Oct-2025,1439.5,Put,1800,380,118.12,29.3581,1,341,2
25-Nov-2025,1439.5,Put,1580,165,45.39,29.3581,1,15,2
28-Oct-2025,1439.5,Call,1200,219,0,29.3581,0,3,1
25-Nov-2025,1439.5,Call,1320,120,0,29.3581,0,0,1
25-Nov-2025,1439.5,Put,1680,246,46.89,29.3581,0,0,1
28-Oct-2025,1439.5,Put,1620,0,0,29.3581,0,91,0
28-Oct-2025,1439.5,Put,1720,0,0,29.3581,0,111,0
25-Nov-2025,1439.5,Call,1200,0,0,29.3581,0,0,0
25-Nov-2025,1439.5,Call,1380,0,0,29.3581,0,0,0
25-Nov-2025,1439.5,Call,1240,0,0,29.3581,0,0,0
25-Nov-2025,1439.5,Put,1660,0,0,29.3581,0,0,0
30-Dec-2025,1439.5,Call,1760,0,0,29.3581,0,0,0
30-Dec-2025,1439.5,Call,1400,0,0,29.3581,0,0,0
25-Nov-2025,1439.5,Put,1620,0,0,29.3581,0,8,0
30-Dec-2025,1439.5,Call,1440,0,0,29.3581,0,0,0
30-Dec-2025,1439.5,Put,1600,0,0,29.3581,0,0,0
30-Dec-2025,1439.5,Put,1200,0,0,29.3581,0,0,0
30-Dec-2025,1439.5,Put,1680,0,0,29.3581,0,0,0
30-Dec-2025,1439.5,Put,1480,0,0,29.3581,0,0,0
30-Dec-2025,1439.5,Call,1560,0,0,29.3581,0,0,0
25-Nov-2025,1439.5,Call,1280,0,0,29.3581,0,0,0
