28-Oct-2025,153,Call,155,1.95,25.37,32.0631,174,1551,1331
28-Oct-2025,153,-,0,153.35,0,32.0631,159,20612,776
28-Oct-2025,153,Call,160,0.7,26.35,32.0631,30,1377,444
28-Oct-2025,153,Put,155,3.5,24.95,32.0631,-4,817,379
28-Oct-2025,153,Call,156,1.6,25.1,32.0631,-59,373,357
28-Oct-2025,153,Call,154,2.35,25.58,32.0631,49,291,352
25-Nov-2025,153,-,0,154.09,0,32.0631,110,1580,257
28-Oct-2025,153,Put,154,2.95,25.14,32.0631,28,306,243
28-Oct-2025,153,Put,152.5,2.15,24.59,32.0631,37,220,216
28-Oct-2025,153,Call,150,4.75,25.64,32.0631,3,994,212
28-Oct-2025,153,Put,150,1.3,25.55,32.0631,2,884,201
28-Oct-2025,153,Put,145,0.35,27.32,32.0631,-4,370,201
28-Oct-2025,153,Call,153,2.9,25.23,32.0631,8,151,193
28-Oct-2025,153,Call,152.5,3.1,25.08,32.0631,7,207,177
28-Oct-2025,153,Put,153,2.4,25.23,32.0631,9,173,169
28-Oct-2025,153,Call,157.5,1.2,25.73,32.0631,-7,195,163
28-Oct-2025,153,Put,152,1.95,24.75,32.0631,24,146,127
28-Oct-2025,153,Call,152,3.45,25.26,32.0631,3,106,119
28-Oct-2025,153,Call,157,1.3,25.81,32.0631,-4,343,118
28-Oct-2025,153,Call,165,0.25,28.55,32.0631,18,564,106
28-Oct-2025,153,Put,156,4.15,25.19,32.0631,24,188,106
28-Oct-2025,153,Call,162,0.5,27.85,32.0631,0,321,85
28-Oct-2025,153,Put,147.5,0.7,25.86,32.0631,-16,231,60
30-Dec-2025,153,-,0,155.02,0,32.0631,11,132,55
28-Oct-2025,153,Call,161,0.5,25.66,32.0631,-7,123,38
28-Oct-2025,153,Call,167,0.2,30.59,32.0631,4,101,35
28-Oct-2025,153,Put,151,1.65,25.67,32.0631,-4,93,34
25-Nov-2025,153,Call,160,2.75,24.44,32.0631,-2,427,34
28-Oct-2025,153,Call,168,0.15,30.46,32.0631,3,196,30
28-Oct-2025,153,Put,160,7.25,26.65,32.0631,-5,195,29
28-Oct-2025,153,Put,147,0.55,24.97,32.0631,6,131,28
28-Oct-2025,153,Put,135,0.05,34.51,32.0631,-12,147,28
28-Oct-2025,153,Put,158,5.45,23.92,32.0631,-1,32,28
25-Nov-2025,153,Call,155,4.4,23.18,32.0631,7,318,27
25-Nov-2025,153,Call,172,0.8,27.11,32.0631,4,4,27
28-Oct-2025,153,Call,158,1.1,26.07,32.0631,4,117,24
28-Oct-2025,153,Call,145,9,30.51,32.0631,-2,399,22
28-Oct-2025,153,Call,172,0.1,34.18,32.0631,18,258,21
28-Oct-2025,153,Put,157,4.85,25.41,32.0631,0,102,21
25-Nov-2025,153,Put,150,3,25.24,32.0631,1,185,21
25-Nov-2025,153,Call,150,7.3,23.69,32.0631,7,101,20
28-Oct-2025,153,Call,170,0.15,33.61,32.0631,-5,672,19
28-Oct-2025,153,Call,151,4,24.71,32.0631,1,44,17
25-Nov-2025,153,Put,140,0.7,25.6,32.0631,8,158,16
28-Oct-2025,153,Call,149,5.5,26.1,32.0631,-2,46,15
28-Oct-2025,153,Put,157.5,5.2,25.33,32.0631,-4,101,15
28-Oct-2025,153,Call,159,0.85,25.82,32.0631,-2,152,15
25-Nov-2025,153,Call,170,0.9,25.93,32.0631,0,138,15
25-Nov-2025,153,Call,167,1.25,25.31,32.0631,7,8,14
28-Oct-2025,153,Call,148,6.3,26.68,32.0631,-1,26,12
28-Oct-2025,153,Call,147.5,6.55,26.09,32.0631,3,125,12
28-Oct-2025,153,Call,162.5,0.45,28.03,32.0631,-5,134,12
25-Nov-2025,153,Call,166,1.4,25.15,32.0631,7,13,12
28-Oct-2025,153,Put,148,0.7,24.47,32.0631,-1,185,11
28-Oct-2025,153,Put,140,0.1,29.04,32.0631,0,533,11
28-Oct-2025,153,Put,142.5,0.2,28.03,32.0631,-1,164,11
28-Oct-2025,153,Put,159,6.35,25.41,32.0631,-3,48,11
28-Oct-2025,153,Call,164,0.3,27.94,32.0631,-3,78,11
25-Nov-2025,153,Put,155,5.1,24.62,32.0631,0,145,11
28-Oct-2025,153,Put,149,0.95,24.76,32.0631,0,92,10
28-Oct-2025,153,Call,166,0.2,28.88,32.0631,-1,57,10
25-Nov-2025,153,Put,141,0.75,24.78,32.0631,0,9,10
28-Oct-2025,153,Put,161,7.75,20.41,32.0631,0,24,9
28-Oct-2025,153,Put,162,8.9,25.62,32.0631,0,32,9
28-Oct-2025,153,Call,176,0.05,35.91,32.0631,-3,158,8
28-Oct-2025,153,Call,147,7,25.24,32.0631,-3,63,8
28-Oct-2025,153,Put,142,0.15,27.35,32.0631,0,97,7
28-Oct-2025,153,Put,162.5,9.1,18.67,32.0631,1,24,7
25-Nov-2025,153,Put,145,1.5,25.09,32.0631,1,57,7
25-Nov-2025,153,Call,154,4.9,23.01,32.0631,5,9,7
28-Oct-2025,153,Call,163,0.4,28.11,32.0631,0,60,6
28-Oct-2025,153,Put,130,0.05,43.21,32.0631,0,159,6
28-Oct-2025,153,Call,142.5,11.45,35.96,32.0631,0,99,6
25-Nov-2025,153,Put,147,2,25.06,32.0631,-1,16,6
25-Nov-2025,153,Put,144,1.3,25.19,32.0631,4,9,6
28-Oct-2025,153,Put,165,11.05,0,32.0631,1,197,5
28-Oct-2025,153,Call,178,0.05,38.42,32.0631,0,7,5
25-Nov-2025,153,Put,143,1,24.28,32.0631,0,5,5
28-Oct-2025,153,Put,163,9.2,0,32.0631,-1,7,4
28-Oct-2025,153,Put,164,10.5,0,32.0631,1,25,4
25-Nov-2025,153,Call,165,1.55,24.88,32.0631,2,72,4
28-Oct-2025,153,Call,146,8.55,35.91,32.0631,0,13,3
28-Oct-2025,153,Put,167,13.35,0,32.0631,0,6,3
28-Oct-2025,153,Put,127.5,0.05,47.61,32.0631,0,18,3
28-Oct-2025,153,Call,140,13.6,32.82,32.0631,-1,152,3
28-Oct-2025,153,Call,143,11,35.66,32.0631,2,11,3
25-Nov-2025,153,Put,160,8.35,26,32.0631,-1,50,3
25-Nov-2025,153,Call,157,3.7,23.78,32.0631,0,7,3
25-Nov-2025,153,Call,158,3.6,25.26,32.0631,0,8,3
28-Oct-2025,153,Put,146,0.35,23.95,32.0631,0,78,2
28-Oct-2025,153,Put,143,0.15,25.35,32.0631,1,48,2
25-Nov-2025,153,Put,139,0.55,25.19,32.0631,1,10,2
25-Nov-2025,153,Call,162,2.3,25.19,32.0631,0,9,2
25-Nov-2025,153,Call,156,4,25.45,32.0631,1,1,2
25-Nov-2025,153,Call,147,9.2,22.82,32.0631,1,1,2
25-Nov-2025,153,Call,152,6.15,23.94,32.0631,1,1,2
28-Oct-2025,153,Put,132.5,0.05,38.85,32.0631,0,16,1
25-Nov-2025,153,Put,149,2.45,24.12,32.0631,0,16,1
25-Nov-2025,153,Call,176,0.45,26.93,32.0631,0,36,1
25-Nov-2025,153,Put,152,3.5,23.71,32.0631,0,4,1
30-Dec-2025,153,Put,148,3.3,24.38,32.0631,0,4,1
28-Oct-2025,153,Put,144,0,0,32.0631,0,40,0
28-Oct-2025,153,Call,127,0,0,32.0631,0,5,0
28-Oct-2025,153,Call,144,0,0,32.0631,0,18,0
28-Oct-2025,153,Put,172,0,0,32.0631,0,0,0
28-Oct-2025,153,Call,125,0,0,32.0631,0,10,0
28-Oct-2025,153,Put,168,0,0,32.0631,0,0,0
28-Oct-2025,153,Call,174,0,0,32.0631,0,62,0
28-Oct-2025,153,Put,174,0,0,32.0631,0,0,0
28-Oct-2025,153,Put,170,0,0,32.0631,0,125,0
28-Oct-2025,153,Put,178,0,0,32.0631,0,21,0
28-Oct-2025,153,Call,132.5,0,0,32.0631,0,4,0
28-Oct-2025,153,Put,125,0,0,32.0631,0,13,0
28-Oct-2025,153,Put,176,0,0,32.0631,0,6,0
28-Oct-2025,153,Put,120,0,0,32.0631,0,60,0
28-Oct-2025,153,Call,137.5,0,0,32.0631,0,8,0
28-Oct-2025,153,Call,130,0,0,32.0631,0,21,0
28-Oct-2025,153,Call,120,0,0,32.0631,0,43,0
28-Oct-2025,153,Call,135,0,0,32.0631,0,29,0
28-Oct-2025,153,Call,134,0,0,32.0631,0,0,0
28-Oct-2025,153,Call,136,0,0,32.0631,0,1,0
28-Oct-2025,153,Put,136,0,0,32.0631,0,24,0
28-Oct-2025,153,Call,138,0,0,32.0631,0,2,0
28-Oct-2025,153,Put,139,0,0,32.0631,0,18,0
28-Oct-2025,153,Call,141,0,0,32.0631,0,6,0
28-Oct-2025,153,Put,141,0,0,32.0631,0,21,0
25-Nov-2025,153,Call,130,0,0,32.0631,0,0,0
28-Oct-2025,153,Put,115,0,0,32.0631,0,49,0
28-Oct-2025,153,Call,142,0,0,32.0631,0,7,0
25-Nov-2025,153,Put,136,0,0,32.0631,0,0,0
25-Nov-2025,153,Put,148,0,0,32.0631,0,0,0
25-Nov-2025,153,Put,178,0,0,32.0631,0,0,0
25-Nov-2025,153,Put,157,0,0,32.0631,0,0,0
25-Nov-2025,153,Call,145,0,0,32.0631,0,2,0
25-Nov-2025,153,Put,170,0,0,32.0631,0,8,0
28-Oct-2025,153,Put,137.5,0,0,32.0631,0,103,0
25-Nov-2025,153,Put,138,0,0,32.0631,0,0,0
28-Oct-2025,153,Call,132,0,0,32.0631,0,0,0
25-Nov-2025,153,Call,164,0,0,32.0631,0,0,0
28-Oct-2025,153,Put,128,0,0,32.0631,0,63,0
25-Nov-2025,153,Put,163,0,0,32.0631,0,0,0
28-Oct-2025,153,Call,128,0,0,32.0631,0,0,0
25-Nov-2025,153,Call,140,0,0,32.0631,0,8,0
28-Oct-2025,153,Put,138,0,0,32.0631,0,13,0
30-Dec-2025,153,Call,158,0,0,32.0631,0,0,0
25-Nov-2025,153,Call,178,0,0,32.0631,0,65,0
28-Oct-2025,153,Put,132,0,0,32.0631,0,0,0
25-Nov-2025,153,Call,163,0,0,32.0631,0,0,0
28-Oct-2025,153,Put,134,0,0,32.0631,0,0,0
25-Nov-2025,153,Put,165,0,0,32.0631,0,1,0
25-Nov-2025,153,Call,151,0,0,32.0631,0,0,0
25-Nov-2025,153,Call,161,0,0,32.0631,0,0,0
25-Nov-2025,153,Call,139,0,0,32.0631,0,0,0
25-Nov-2025,153,Put,156,0,0,32.0631,0,2,0
25-Nov-2025,153,Put,132,0,0,32.0631,0,0,0
25-Nov-2025,153,Put,172,0,0,32.0631,0,0,0
25-Nov-2025,153,Put,134,0,0,32.0631,0,0,0
25-Nov-2025,153,Put,164,0,0,32.0631,0,0,0
25-Nov-2025,153,Put,176,0,0,32.0631,0,0,0
25-Nov-2025,153,Put,166,0,0,32.0631,0,0,0
28-Oct-2025,153,Put,166,0,0,32.0631,0,4,0
25-Nov-2025,153,Put,153,0,0,32.0631,0,0,0
25-Nov-2025,153,Put,159,0,0,32.0631,0,0,0
25-Nov-2025,153,Call,138,0,0,32.0631,0,0,0
25-Nov-2025,153,Put,151,0,0,32.0631,0,0,0
25-Nov-2025,153,Call,146,0,0,32.0631,0,0,0
28-Oct-2025,153,Call,139,0,0,32.0631,0,9,0
25-Nov-2025,153,Put,168,0,0,32.0631,0,0,0
25-Nov-2025,153,Call,134,0,0,32.0631,0,0,0
30-Dec-2025,153,Put,172,0,0,32.0631,0,0,0
30-Dec-2025,153,Put,164,0,0,32.0631,0,0,0
30-Dec-2025,153,Call,172,0,0,32.0631,0,0,0
25-Nov-2025,153,Call,159,0,0,32.0631,0,1,0
25-Nov-2025,153,Call,142,0,0,32.0631,0,2,0
25-Nov-2025,153,Put,130,0,0,32.0631,0,20,0
25-Nov-2025,153,Call,168,0,0,32.0631,0,0,0
25-Nov-2025,153,Call,153,0,0,32.0631,0,4,0
30-Dec-2025,153,Call,154,0,0,32.0631,0,0,0
25-Nov-2025,153,Call,144,0,0,32.0631,0,0,0
30-Dec-2025,153,Put,162,0,0,32.0631,0,0,0
25-Nov-2025,153,Call,132,0,0,32.0631,0,0,0
30-Dec-2025,153,Call,136,0,0,32.0631,0,0,0
25-Nov-2025,153,Put,167,0,0,32.0631,0,0,0
30-Dec-2025,153,Call,160,0,0,32.0631,0,27,0
25-Nov-2025,153,Call,174,0,0,32.0631,0,5,0
25-Nov-2025,153,Put,158,0,0,32.0631,0,1,0
30-Dec-2025,153,Put,150,0,0,32.0631,0,1,0
25-Nov-2025,153,Put,154,0,0,32.0631,0,0,0
25-Nov-2025,153,Put,128,0,0,0,0,0,0
25-Nov-2025,153,Put,146,0,0,32.0631,0,8,0
25-Nov-2025,153,Put,162,0,0,32.0631,0,2,0
30-Dec-2025,153,Put,152,0,0,32.0631,0,0,0
25-Nov-2025,153,Put,142,0,0,32.0631,0,0,0
30-Dec-2025,153,Put,146,0,0,32.0631,0,0,0
25-Nov-2025,153,Put,174,0,0,32.0631,0,0,0
30-Dec-2025,153,Call,146,0,0,32.0631,0,0,0
30-Dec-2025,153,Put,176,0,0,32.0631,0,0,0
30-Dec-2025,153,Call,176,0,0,32.0631,0,0,0
25-Nov-2025,153,Call,148,0,0,32.0631,0,2,0
25-Nov-2025,153,Call,141,0,0,32.0631,0,0,0
30-Dec-2025,153,Put,144,0,0,32.0631,0,0,0
30-Dec-2025,153,Put,156,0,0,32.0631,0,0,0
30-Dec-2025,153,Call,142,0,0,32.0631,0,0,0
30-Dec-2025,153,Put,140,0,0,32.0631,0,0,0
25-Nov-2025,153,Call,143,0,0,32.0631,0,0,0
25-Nov-2025,153,Put,161,0,0,32.0631,0,0,0
30-Dec-2025,153,Call,162,0,0,32.0631,0,0,0
30-Dec-2025,153,Call,128,0,0,32.0631,0,0,0
30-Dec-2025,153,Call,168,0,0,32.0631,0,1,0
30-Dec-2025,153,Call,138,0,0,32.0631,0,0,0
25-Nov-2025,153,Call,149,0,0,32.0631,0,0,0
30-Dec-2025,153,Call,152,0,0,32.0631,0,0,0
30-Dec-2025,153,Call,132,0,0,32.0631,0,0,0
25-Nov-2025,153,Call,128,0,0,32.0631,0,0,0
30-Dec-2025,153,Put,128,0,0,32.0631,0,0,0
30-Dec-2025,153,Call,166,0,0,32.0631,0,2,0
25-Nov-2025,153,Call,136,0,0,32.0631,0,0,0
30-Dec-2025,153,Put,168,0,0,32.0631,0,0,0
30-Dec-2025,153,Put,158,0,0,32.0631,0,0,0
30-Dec-2025,153,Call,140,0,0,32.0631,0,0,0
30-Dec-2025,153,Put,166,0,0,32.0631,0,0,0
30-Dec-2025,153,Call,164,0,0,32.0631,0,0,0
30-Dec-2025,153,Call,156,0,0,32.0631,0,0,0
30-Dec-2025,153,Call,150,0,0,32.0631,0,3,0
30-Dec-2025,153,Put,154,0,0,32.0631,0,0,0
30-Dec-2025,153,Put,160,0,0,32.0631,0,0,0
