28-Oct-2025,153.46,Call,155,2.05,24.23,31.9855,109,1486,983
28-Oct-2025,153.46,-,0,153.74,0,31.9855,112,20565,543
28-Oct-2025,153.46,Call,160,0.7,25.68,31.9855,30,1377,301
28-Oct-2025,153.46,Put,155,3.3,24.86,31.9855,8,829,266
28-Oct-2025,153.46,Call,154,2.5,24.16,31.9855,34,276,202
28-Oct-2025,153.46,Call,156,1.7,24.69,31.9855,13,445,189
28-Oct-2025,153.46,Put,154,2.75,23.81,31.9855,34,312,163
25-Nov-2025,153.46,-,0,154.36,0,31.9855,56,1526,160
28-Oct-2025,153.46,Put,152.5,2,24.72,31.9855,23,206,147
28-Oct-2025,153.46,Call,150,4.95,24.33,31.9855,24,1015,142
28-Oct-2025,153.46,Put,150,1.15,24.92,31.9855,-2,880,133
28-Oct-2025,153.46,Call,153,3,23.98,31.9855,12,155,121
28-Oct-2025,153.46,Call,157.5,1.25,24.63,31.9855,1,203,111
28-Oct-2025,153.46,Call,157,1.4,24.62,31.9855,-6,341,101
28-Oct-2025,153.46,Call,152.5,3.3,24.15,31.9855,2,202,93
28-Oct-2025,153.46,Put,145,0.35,26.28,31.9855,-11,363,82
28-Oct-2025,153.46,Call,152,3.65,24.17,31.9855,10,113,80
28-Oct-2025,153.46,Put,153,2.15,24.56,31.9855,-3,161,78
28-Oct-2025,153.46,Put,156,3.9,24.39,31.9855,9,173,75
28-Oct-2025,153.46,Put,152,1.8,24.74,31.9855,7,129,70
28-Oct-2025,153.46,Call,162,0.5,26.65,31.9855,0,321,64
28-Oct-2025,153.46,Put,147.5,0.6,25.69,31.9855,-15,232,50
28-Oct-2025,153.46,Call,165,0.3,28.77,31.9855,18,564,48
28-Oct-2025,153.46,Call,167,0.2,29.62,31.9855,3,100,32
30-Dec-2025,153.46,-,0,155.77,0,31.9855,6,127,30
28-Oct-2025,153.46,Put,147,0.5,25.39,31.9855,8,133,26
28-Oct-2025,153.46,Call,172,0.1,33.34,31.9855,18,258,21
28-Oct-2025,153.46,Put,160,6.95,28.04,31.9855,-1,199,19
28-Oct-2025,153.46,Put,158,5.3,26.98,31.9855,1,34,19
25-Nov-2025,153.46,Call,160,2.9,24.27,31.9855,-3,426,19
25-Nov-2025,153.46,Call,150,7.1,20.6,31.9855,3,97,18
28-Oct-2025,153.46,Call,158,1.15,25.06,31.9855,4,117,16
28-Oct-2025,153.46,Put,151,1.4,24.85,31.9855,-2,95,15
28-Oct-2025,153.46,Call,170,0.1,32.71,31.9855,-4,673,14
28-Oct-2025,153.46,Put,157,4.6,26.39,31.9855,0,102,14
28-Oct-2025,153.46,Call,159,0.85,25.6,31.9855,-2,152,13
28-Oct-2025,153.46,Call,145,9.5,31.52,31.9855,-2,399,12
28-Oct-2025,153.46,Put,135,0.05,35.27,31.9855,0,159,12
25-Nov-2025,153.46,Put,140,0.65,25.64,31.9855,7,157,12
28-Oct-2025,153.46,Call,151,4.2,23.22,31.9855,0,43,11
28-Oct-2025,153.46,Call,161,0.6,25.98,31.9855,-1,129,11
28-Oct-2025,153.46,Put,140,0.1,29.89,31.9855,0,533,11
28-Oct-2025,153.46,Put,157.5,4.95,26.47,31.9855,-2,103,11
25-Nov-2025,153.46,Call,170,0.95,25.72,31.9855,-3,135,11
28-Oct-2025,153.46,Call,168,0.15,29.55,31.9855,0,193,9
28-Oct-2025,153.46,Call,148,6.6,25.16,31.9855,-3,24,9
28-Oct-2025,153.46,Call,149,5.65,23.04,31.9855,-2,46,9
28-Oct-2025,153.46,Put,161,7.65,26.49,31.9855,0,24,8
28-Oct-2025,153.46,Put,148,0.7,25.09,31.9855,2,188,8
28-Oct-2025,153.46,Call,147.5,6.9,22.53,31.9855,3,125,8
28-Oct-2025,153.46,Put,159,6.05,26.53,31.9855,-3,48,7
28-Oct-2025,153.46,Call,166,0.25,29.34,31.9855,0,58,7
28-Oct-2025,153.46,Put,149,0.9,25.61,31.9855,-1,91,6
28-Oct-2025,153.46,Call,164,0.3,26.88,31.9855,-3,78,6
25-Nov-2025,153.46,Put,145,1.4,25.1,31.9855,1,57,6
25-Nov-2025,153.46,Call,167,1.3,24.97,31.9855,4,5,6
28-Oct-2025,153.46,Put,162,8.65,26.44,31.9855,-1,31,5
28-Oct-2025,153.46,Put,162.5,9.1,28.4,31.9855,0,23,5
25-Nov-2025,153.46,Call,166,1.45,24.76,31.9855,0,6,5
28-Oct-2025,153.46,Call,147,7.55,27.12,31.9855,-2,64,4
28-Oct-2025,153.46,Put,142.5,0.2,28.99,31.9855,1,166,4
28-Oct-2025,153.46,Call,162.5,0.45,26.86,31.9855,-1,138,4
28-Oct-2025,153.46,Put,142,0.15,28.27,31.9855,0,97,4
25-Nov-2025,153.46,Call,155,4.65,22.88,31.9855,1,312,4
28-Oct-2025,153.46,Call,163,0.4,26.98,31.9855,2,62,3
28-Oct-2025,153.46,Put,163,9.55,26.8,31.9855,0,8,3
28-Oct-2025,153.46,Call,176,0.05,35.15,31.9855,0,161,3
28-Oct-2025,153.46,Call,143,11,32.44,31.9855,2,11,3
28-Oct-2025,153.46,Put,165,11.2,26.06,31.9855,0,196,3
28-Oct-2025,153.46,Call,142.5,11.45,19.77,31.9855,0,99,3
28-Oct-2025,153.46,Call,178,0.05,37.67,31.9855,0,7,3
25-Nov-2025,153.46,Call,158,3.6,24.17,31.9855,0,8,3
28-Oct-2025,153.46,Put,164,10.35,27.84,31.9855,0,24,2
28-Oct-2025,153.46,Put,167,12.4,0,31.9855,0,6,2
28-Oct-2025,153.46,Put,143,0.15,26.28,31.9855,1,48,2
28-Oct-2025,153.46,Call,146,8.45,28.08,31.9855,0,13,2
28-Oct-2025,153.46,Put,146,0.35,25.07,31.9855,0,78,2
25-Nov-2025,153.46,Call,147,9.2,20.11,31.9855,1,1,2
25-Nov-2025,153.46,Call,157,4,24.15,31.9855,0,7,2
25-Nov-2025,153.46,Put,155,4.9,24.86,31.9855,0,145,2
25-Nov-2025,153.46,Call,176,0.45,26.38,31.9855,0,36,1
25-Nov-2025,153.46,Put,139,0.55,25.76,31.9855,0,9,1
25-Nov-2025,153.46,Put,141,0.8,25.89,31.9855,0,9,1
25-Nov-2025,153.46,Call,152,6.05,21.78,31.9855,0,0,1
25-Nov-2025,153.46,Put,149,2.45,25,31.9855,0,16,1
25-Nov-2025,153.46,Put,160,8,25.86,31.9855,0,51,1
25-Nov-2025,153.46,Put,152,3.5,24.74,31.9855,0,4,1
25-Nov-2025,153.46,Put,147,1.85,24.91,31.9855,0,17,1
25-Nov-2025,153.46,Put,150,2.7,24.52,31.9855,0,184,1
25-Nov-2025,153.46,Call,156,4.45,24.22,31.9855,0,0,1
28-Oct-2025,153.46,Call,135,0,0,31.9855,0,29,0
28-Oct-2025,153.46,Put,166,0,0,31.9855,0,4,0
28-Oct-2025,153.46,Put,170,0,0,31.9855,0,125,0
28-Oct-2025,153.46,Put,168,0,0,31.9855,0,0,0
28-Oct-2025,153.46,Put,120,0,0,31.9855,0,60,0
28-Oct-2025,153.46,Call,174,0,0,31.9855,0,62,0
28-Oct-2025,153.46,Put,172,0,0,31.9855,0,0,0
28-Oct-2025,153.46,Call,140,0,0,31.9855,0,153,0
28-Oct-2025,153.46,Call,125,0,0,31.9855,0,10,0
28-Oct-2025,153.46,Put,174,0,0,31.9855,0,0,0
28-Oct-2025,153.46,Put,115,0,0,31.9855,0,49,0
28-Oct-2025,153.46,Put,132.5,0,0,31.9855,0,16,0
28-Oct-2025,153.46,Put,127.5,0,0,31.9855,0,18,0
28-Oct-2025,153.46,Put,137.5,0,0,31.9855,0,103,0
28-Oct-2025,153.46,Call,132,0,0,31.9855,0,0,0
28-Oct-2025,153.46,Call,134,0,0,31.9855,0,0,0
28-Oct-2025,153.46,Call,136,0,0,31.9855,0,1,0
28-Oct-2025,153.46,Put,134,0,0,31.9855,0,0,0
28-Oct-2025,153.46,Call,139,0,0,31.9855,0,9,0
28-Oct-2025,153.46,Put,130,0,0,31.9855,0,159,0
28-Oct-2025,153.46,Call,142,0,0,31.9855,0,7,0
28-Oct-2025,153.46,Put,138,0,0,31.9855,0,13,0
28-Oct-2025,153.46,Put,176,0,0,31.9855,0,6,0
28-Oct-2025,153.46,Call,137.5,0,0,31.9855,0,8,0
28-Oct-2025,153.46,Call,141,0,0,31.9855,0,6,0
28-Oct-2025,153.46,Put,132,0,0,31.9855,0,0,0
28-Oct-2025,153.46,Put,139,0,0,31.9855,0,18,0
28-Oct-2025,153.46,Call,132.5,0,0,31.9855,0,4,0
28-Oct-2025,153.46,Put,136,0,0,31.9855,0,24,0
28-Oct-2025,153.46,Call,128,0,0,31.9855,0,0,0
28-Oct-2025,153.46,Put,144,0,0,31.9855,0,40,0
28-Oct-2025,153.46,Call,144,0,0,31.9855,0,18,0
28-Oct-2025,153.46,Put,128,0,0,31.9855,0,63,0
28-Oct-2025,153.46,Put,141,0,0,31.9855,0,21,0
28-Oct-2025,153.46,Call,138,0,0,31.9855,0,2,0
28-Oct-2025,153.46,Call,130,0,0,31.9855,0,21,0
28-Oct-2025,153.46,Put,125,0,0,31.9855,0,13,0
28-Oct-2025,153.46,Call,127,0,0,31.9855,0,5,0
28-Oct-2025,153.46,Put,178,0,0,31.9855,0,21,0
28-Oct-2025,153.46,Call,120,0,0,31.9855,0,43,0
25-Nov-2025,153.46,Put,163,0,0,31.9855,0,0,0
25-Nov-2025,153.46,Put,167,0,0,31.9855,0,0,0
25-Nov-2025,153.46,Put,157,0,0,31.9855,0,0,0
25-Nov-2025,153.46,Put,158,0,0,31.9855,0,1,0
25-Nov-2025,153.46,Call,159,0,0,31.9855,0,1,0
25-Nov-2025,153.46,Put,159,0,0,31.9855,0,0,0
25-Nov-2025,153.46,Put,161,0,0,31.9855,0,0,0
25-Nov-2025,153.46,Put,162,0,0,31.9855,0,2,0
25-Nov-2025,153.46,Put,164,0,0,31.9855,0,0,0
25-Nov-2025,153.46,Put,166,0,0,31.9855,0,0,0
25-Nov-2025,153.46,Call,138,0,0,31.9855,0,0,0
25-Nov-2025,153.46,Put,138,0,0,31.9855,0,0,0
25-Nov-2025,153.46,Call,139,0,0,31.9855,0,0,0
25-Nov-2025,153.46,Call,141,0,0,31.9855,0,0,0
25-Nov-2025,153.46,Call,142,0,0,31.9855,0,2,0
25-Nov-2025,153.46,Call,174,0,0,31.9855,0,5,0
25-Nov-2025,153.46,Put,143,0,0,31.9855,0,5,0
25-Nov-2025,153.46,Put,144,0,0,31.9855,0,5,0
25-Nov-2025,153.46,Call,161,0,0,31.9855,0,0,0
25-Nov-2025,153.46,Call,162,0,0,31.9855,0,9,0
25-Nov-2025,153.46,Call,164,0,0,31.9855,0,0,0
25-Nov-2025,153.46,Call,168,0,0,31.9855,0,0,0
25-Nov-2025,153.46,Put,178,0,0,31.9855,0,0,0
25-Nov-2025,153.46,Put,128,0,0,0,0,0,0
25-Nov-2025,153.46,Put,130,0,0,31.9855,0,20,0
25-Nov-2025,153.46,Call,140,0,0,31.9855,0,8,0
25-Nov-2025,153.46,Call,163,0,0,31.9855,0,0,0
25-Nov-2025,153.46,Call,146,0,0,31.9855,0,0,0
25-Nov-2025,153.46,Put,154,0,0,31.9855,0,0,0
30-Dec-2025,153.46,Put,152,0,0,31.9855,0,0,0
30-Dec-2025,153.46,Put,144,0,0,31.9855,0,0,0
30-Dec-2025,153.46,Put,158,0,0,31.9855,0,0,0
30-Dec-2025,153.46,Put,176,0,0,31.9855,0,0,0
30-Dec-2025,153.46,Call,176,0,0,31.9855,0,0,0
30-Dec-2025,153.46,Put,168,0,0,31.9855,0,0,0
25-Nov-2025,153.46,Put,146,0,0,31.9855,0,8,0
25-Nov-2025,153.46,Put,142,0,0,31.9855,0,0,0
25-Nov-2025,153.46,Put,148,0,0,31.9855,0,0,0
25-Nov-2025,153.46,Call,143,0,0,31.9855,0,0,0
25-Nov-2025,153.46,Call,154,0,0,31.9855,0,4,0
25-Nov-2025,153.46,Call,178,0,0,31.9855,0,65,0
25-Nov-2025,153.46,Call,144,0,0,31.9855,0,0,0
25-Nov-2025,153.46,Call,151,0,0,31.9855,0,0,0
25-Nov-2025,153.46,Put,151,0,0,31.9855,0,0,0
25-Nov-2025,153.46,Call,145,0,0,31.9855,0,2,0
25-Nov-2025,153.46,Call,148,0,0,31.9855,0,2,0
25-Nov-2025,153.46,Call,172,0,0,31.9855,0,0,0
25-Nov-2025,153.46,Put,156,0,0,31.9855,0,2,0
25-Nov-2025,153.46,Call,134,0,0,31.9855,0,0,0
25-Nov-2025,153.46,Call,149,0,0,31.9855,0,0,0
30-Dec-2025,153.46,Put,160,0,0,31.9855,0,0,0
25-Nov-2025,153.46,Call,153,0,0,31.9855,0,4,0
25-Nov-2025,153.46,Call,130,0,0,31.9855,0,0,0
30-Dec-2025,153.46,Put,128,0,0,31.9855,0,0,0
25-Nov-2025,153.46,Put,170,0,0,31.9855,0,8,0
25-Nov-2025,153.46,Call,132,0,0,31.9855,0,0,0
30-Dec-2025,153.46,Call,140,0,0,31.9855,0,0,0
25-Nov-2025,153.46,Put,134,0,0,31.9855,0,0,0
25-Nov-2025,153.46,Put,172,0,0,31.9855,0,0,0
25-Nov-2025,153.46,Put,132,0,0,31.9855,0,0,0
25-Nov-2025,153.46,Put,176,0,0,31.9855,0,0,0
30-Dec-2025,153.46,Put,140,0,0,31.9855,0,0,0
30-Dec-2025,153.46,Call,128,0,0,31.9855,0,0,0
25-Nov-2025,153.46,Call,165,0,0,31.9855,0,70,0
25-Nov-2025,153.46,Put,136,0,0,31.9855,0,0,0
25-Nov-2025,153.46,Put,153,0,0,31.9855,0,0,0
30-Dec-2025,153.46,Call,156,0,0,31.9855,0,0,0
25-Nov-2025,153.46,Put,174,0,0,31.9855,0,0,0
30-Dec-2025,153.46,Put,172,0,0,31.9855,0,0,0
25-Nov-2025,153.46,Put,165,0,0,31.9855,0,1,0
30-Dec-2025,153.46,Call,136,0,0,31.9855,0,0,0
25-Nov-2025,153.46,Put,168,0,0,31.9855,0,0,0
30-Dec-2025,153.46,Put,164,0,0,31.9855,0,0,0
25-Nov-2025,153.46,Call,136,0,0,31.9855,0,0,0
30-Dec-2025,153.46,Call,160,0,0,31.9855,0,27,0
25-Nov-2025,153.46,Call,128,0,0,31.9855,0,0,0
30-Dec-2025,153.46,Put,148,0,0,31.9855,0,4,0
30-Dec-2025,153.46,Put,156,0,0,31.9855,0,0,0
30-Dec-2025,153.46,Put,146,0,0,31.9855,0,0,0
30-Dec-2025,153.46,Call,162,0,0,31.9855,0,0,0
30-Dec-2025,153.46,Call,166,0,0,31.9855,0,2,0
30-Dec-2025,153.46,Put,154,0,0,31.9855,0,0,0
30-Dec-2025,153.46,Call,172,0,0,31.9855,0,0,0
30-Dec-2025,153.46,Call,152,0,0,31.9855,0,0,0
30-Dec-2025,153.46,Call,168,0,0,31.9855,0,1,0
30-Dec-2025,153.46,Put,166,0,0,31.9855,0,0,0
30-Dec-2025,153.46,Call,138,0,0,31.9855,0,0,0
30-Dec-2025,153.46,Call,154,0,0,31.9855,0,0,0
30-Dec-2025,153.46,Call,146,0,0,31.9855,0,0,0
30-Dec-2025,153.46,Call,164,0,0,31.9855,0,0,0
30-Dec-2025,153.46,Put,150,0,0,31.9855,0,1,0
30-Dec-2025,153.46,Call,150,0,0,31.9855,0,3,0
30-Dec-2025,153.46,Call,142,0,0,31.9855,0,0,0
30-Dec-2025,153.46,Put,162,0,0,31.9855,0,0,0
30-Dec-2025,153.46,Call,158,0,0,31.9855,0,0,0
30-Dec-2025,153.46,Call,132,0,0,31.9855,0,0,0
