28-Oct-2025,2197.6,-,0,2199.7,0,27.4651,-78,79346,517
28-Oct-2025,2197.6,Call,2200,35.85,21.8,27.4651,-44,2237,424
28-Oct-2025,2197.6,Put,2200,36.4,25.6,27.4651,10,1386,402
28-Oct-2025,2197.6,Put,2160,21.15,26.39,27.4651,19,1256,337
28-Oct-2025,2197.6,Call,2220,26.35,21.75,27.4651,0,890,327
28-Oct-2025,2197.6,Call,2300,6.15,22.37,27.4651,82,1184,314
28-Oct-2025,2197.6,Call,2240,18.7,21.78,27.4651,16,1676,233
28-Oct-2025,2197.6,Put,2100,9.3,28.74,27.4651,32,3597,224
28-Oct-2025,2197.6,Put,2140,16,27.21,27.4651,9,2156,159
28-Oct-2025,2197.6,Call,2260,13.05,21.65,27.4651,22,850,133
28-Oct-2025,2197.6,Put,2180,28.1,25.72,27.4651,11,1008,132
28-Oct-2025,2197.6,Call,2160,60.4,22.21,27.4651,-25,1314,103
28-Oct-2025,2197.6,Put,2220,46.15,26.52,27.4651,-4,234,101
28-Oct-2025,2197.6,Call,2180,47.25,21.88,27.4651,-13,865,97
28-Oct-2025,2197.6,Call,2320,4.15,22.75,27.4651,-2,657,94
28-Oct-2025,2197.6,Call,2280,9.05,21.92,27.4651,1,751,80
28-Oct-2025,2197.6,Call,2340,2.6,22.85,27.4651,1,1550,64
28-Oct-2025,2197.6,Put,2120,12.25,27.87,27.4651,1,1621,54
25-Nov-2025,2197.6,-,0,2211,0,27.4651,4,3162,49
28-Oct-2025,2197.6,Put,2000,2.8,34.63,27.4651,1,1866,28
28-Oct-2025,2197.6,Call,2140,74.65,22.12,27.4651,1,1246,26
28-Oct-2025,2197.6,Call,2100,108.35,21.93,27.4651,-7,2240,24
28-Oct-2025,2197.6,Put,2060,5.35,30.42,27.4651,0,1539,22
28-Oct-2025,2197.6,Put,2240,59.75,26.06,27.4651,2,180,22
28-Oct-2025,2197.6,Put,1900,1.3,42.86,27.4651,0,1583,22
28-Oct-2025,2197.6,Put,2260,74.35,26.43,27.4651,5,76,18
28-Oct-2025,2197.6,Call,2400,1.05,25.45,27.4651,-9,295,16
28-Oct-2025,2197.6,Put,2080,7.1,29.61,27.4651,1,1119,16
25-Nov-2025,2197.6,Call,2300,26.6,19.65,27.4651,1,90,14
28-Oct-2025,2197.6,Put,1940,1.75,38.59,27.4651,0,320,11
28-Oct-2025,2197.6,Call,2120,91.2,21.76,27.4651,-2,975,9
28-Oct-2025,2197.6,Call,2360,1.75,23.34,27.4651,0,372,8
28-Oct-2025,2197.6,Put,2040,4.15,31.71,27.4651,2,1679,8
25-Nov-2025,2197.6,Put,2100,20.1,22.49,27.4651,1,359,7
25-Nov-2025,2197.6,Call,2400,9.25,20.39,27.4651,1,63,6
28-Oct-2025,2197.6,Put,2020,3.35,33.13,27.4651,0,1139,4
28-Oct-2025,2197.6,Put,1920,1.45,40.99,27.4651,0,233,4
25-Nov-2025,2197.6,Call,2200,65,20.27,27.4651,0,272,4
30-Dec-2025,2197.6,-,0,2228.9,0,27.4651,0,1881,3
28-Oct-2025,2197.6,Put,1980,2.4,36.36,27.4651,0,700,1
28-Oct-2025,2197.6,Call,2020,184.3,23.67,27.4651,0,676,1
28-Oct-2025,2197.6,Call,2080,124,12.17,27.4651,0,686,1
25-Nov-2025,2197.6,Put,2000,7.2,24.3,27.4651,0,273,1
28-Oct-2025,2197.6,Call,1860,0,0,27.4651,0,0,0
28-Oct-2025,2197.6,Call,1900,0,0,27.4651,0,260,0
28-Oct-2025,2197.6,Put,2320,0,0,27.4651,0,28,0
28-Oct-2025,2197.6,Put,2360,0,0,27.4651,0,8,0
28-Oct-2025,2197.6,Put,1820,0,0,27.4651,0,55,0
28-Oct-2025,2197.6,Put,1780,0,0,27.4651,0,35,0
28-Oct-2025,2197.6,Put,1800,0,0,27.4651,0,190,0
28-Oct-2025,2197.6,Call,1920,0,0,27.4651,0,41,0
28-Oct-2025,2197.6,Put,1840,0,0,27.4651,0,76,0
28-Oct-2025,2197.6,Call,1940,0,0,27.4651,0,73,0
28-Oct-2025,2197.6,Call,2060,0,0,27.4651,0,598,0
28-Oct-2025,2197.6,Call,2040,0,0,27.4651,0,501,0
28-Oct-2025,2197.6,Put,1720,0,0,27.4651,0,21,0
28-Oct-2025,2197.6,Put,1860,0,0,27.4651,0,156,0
28-Oct-2025,2197.6,Put,2300,0,0,27.4651,0,40,0
28-Oct-2025,2197.6,Put,2400,0,0,27.4651,0,0,0
28-Oct-2025,2197.6,Call,1840,0,0,27.4651,0,6,0
28-Oct-2025,2197.6,Call,1880,0,0,27.4651,0,15,0
28-Oct-2025,2197.6,Call,1800,0,0,27.4651,0,3,0
28-Oct-2025,2197.6,Call,2000,0,0,27.4651,0,814,0
28-Oct-2025,2197.6,Put,1880,0,0,27.4651,0,146,0
28-Oct-2025,2197.6,Call,2380,0,0,0,0,0,0
28-Oct-2025,2197.6,Call,2480,0,0,0,0,0,0
28-Oct-2025,2197.6,Put,2380,0,0,0,0,0,0
28-Oct-2025,2197.6,Call,1960,0,0,27.4651,0,193,0
28-Oct-2025,2197.6,Put,1960,0,0,27.4651,0,445,0
28-Oct-2025,2197.6,Call,1980,0,0,27.4651,0,134,0
28-Oct-2025,2197.6,Put,2280,0,0,27.4651,0,57,0
25-Nov-2025,2197.6,Call,2320,0,0,27.4651,0,0,0
25-Nov-2025,2197.6,Put,2360,0,0,27.4651,0,0,0
25-Nov-2025,2197.6,Put,2220,0,0,27.4651,0,0,0
25-Nov-2025,2197.6,Put,2260,0,0,27.4651,0,0,0
25-Nov-2025,2197.6,Put,2440,0,0,27.4651,0,0,0
25-Nov-2025,2197.6,Call,2220,0,0,27.4651,0,0,0
25-Nov-2025,2197.6,Call,2380,0,0,0,0,0,0
25-Nov-2025,2197.6,Put,2380,0,0,0,0,0,0
25-Nov-2025,2197.6,Call,1800,0,0,27.4651,0,0,0
25-Nov-2025,2197.6,Call,1840,0,0,27.4651,0,0,0
25-Nov-2025,2197.6,Call,1880,0,0,27.4651,0,1,0
25-Nov-2025,2197.6,Call,1920,0,0,27.4651,0,1,0
25-Nov-2025,2197.6,Put,2200,0,0,27.4651,0,84,0
25-Nov-2025,2197.6,Put,2280,0,0,27.4651,0,0,0
25-Nov-2025,2197.6,Call,2240,0,0,27.4651,0,85,0
25-Nov-2025,2197.6,Put,2320,0,0,27.4651,0,0,0
25-Nov-2025,2197.6,Put,2400,0,0,27.4651,0,0,0
25-Nov-2025,2197.6,Call,2180,0,0,27.4651,0,7,0
25-Nov-2025,2197.6,Call,2040,0,0,27.4651,0,3,0
25-Nov-2025,2197.6,Call,1980,0,0,27.4651,0,0,0
25-Nov-2025,2197.6,Call,2480,0,0,0,0,0,0
25-Nov-2025,2197.6,Call,2060,0,0,27.4651,0,0,0
25-Nov-2025,2197.6,Call,2340,0,0,27.4651,0,7,0
25-Nov-2025,2197.6,Call,2100,0,0,27.4651,0,24,0
28-Oct-2025,2197.6,Put,2480,0,0,0,0,0,0
25-Nov-2025,2197.6,Put,2180,0,0,27.4651,0,0,0
28-Oct-2025,2197.6,Call,2440,0,0,27.4651,0,2,0
25-Nov-2025,2197.6,Put,2340,0,0,27.4651,0,0,0
25-Nov-2025,2197.6,Put,2080,0,0,27.4651,0,18,0
25-Nov-2025,2197.6,Put,1920,0,0,27.4651,0,0,0
25-Nov-2025,2197.6,Put,2240,0,0,27.4651,0,0,0
28-Oct-2025,2197.6,Put,2440,0,0,27.4651,0,0,0
25-Nov-2025,2197.6,Call,1900,0,0,27.4651,0,3,0
25-Nov-2025,2197.6,Call,2120,0,0,27.4651,0,5,0
25-Nov-2025,2197.6,Put,1800,0,0,27.4651,0,0,0
25-Nov-2025,2197.6,Put,2040,0,0,27.4651,0,0,0
30-Dec-2025,2197.6,Put,1960,0,0,0,0,0,0
25-Nov-2025,2197.6,Put,1980,0,0,27.4651,0,0,0
25-Nov-2025,2197.6,Put,2140,0,0,27.4651,0,43,0
25-Nov-2025,2197.6,Put,2300,0,0,27.4651,0,0,0
30-Dec-2025,2197.6,Put,2200,0,0,27.4651,0,0,0
30-Dec-2025,2197.6,Put,1880,0,0,27.4651,0,0,0
25-Nov-2025,2197.6,Call,2020,0,0,27.4651,0,0,0
25-Nov-2025,2197.6,Call,1860,0,0,27.4651,0,0,0
25-Nov-2025,2197.6,Call,1940,0,0,27.4651,0,1,0
25-Nov-2025,2197.6,Call,1960,0,0,27.4651,0,1,0
25-Nov-2025,2197.6,Call,2140,0,0,27.4651,0,32,0
30-Dec-2025,2197.6,Put,2000,0,0,27.4651,0,6,0
25-Nov-2025,2197.6,Put,1940,0,0,27.4651,0,0,0
25-Nov-2025,2197.6,Call,2160,0,0,27.4651,0,5,0
30-Dec-2025,2197.6,Put,1840,0,0,27.4651,0,0,0
30-Dec-2025,2197.6,Call,2280,0,0,27.4651,0,0,0
25-Nov-2025,2197.6,Put,1840,0,0,27.4651,0,27,0
30-Dec-2025,2197.6,Put,2120,0,0,27.4651,0,0,0
25-Nov-2025,2197.6,Call,2360,0,0,27.4651,0,20,0
25-Nov-2025,2197.6,Put,2160,0,0,27.4651,0,18,0
30-Dec-2025,2197.6,Put,2240,0,0,27.4651,0,0,0
25-Nov-2025,2197.6,Put,1960,0,0,27.4651,0,2,0
25-Nov-2025,2197.6,Call,2260,0,0,27.4651,0,6,0
30-Dec-2025,2197.6,Put,1760,0,0,27.4651,0,0,0
25-Nov-2025,2197.6,Put,2020,0,0,27.4651,0,0,0
28-Oct-2025,2197.6,Put,2340,0,0,27.4651,0,7,0
30-Dec-2025,2197.6,Put,2280,0,0,0,0,0,0
25-Nov-2025,2197.6,Put,2120,0,0,27.4651,0,0,0
25-Nov-2025,2197.6,Put,2060,0,0,27.4651,0,36,0
30-Dec-2025,2197.6,Call,2200,0,0,27.4651,0,1,0
25-Nov-2025,2197.6,Put,2480,0,0,0,0,0,0
30-Dec-2025,2197.6,Put,1920,0,0,0,0,0,0
25-Nov-2025,2197.6,Put,1900,0,0,27.4651,0,3,0
25-Nov-2025,2197.6,Put,1860,0,0,27.4651,0,0,0
25-Nov-2025,2197.6,Put,1880,0,0,27.4651,0,3,0
25-Nov-2025,2197.6,Call,2280,0,0,27.4651,0,79,0
30-Dec-2025,2197.6,Call,2240,0,0,27.4651,0,1,0
25-Nov-2025,2197.6,Call,2000,0,0,27.4651,0,6,0
30-Dec-2025,2197.6,Put,2160,0,0,27.4651,0,0,0
25-Nov-2025,2197.6,Call,2080,0,0,27.4651,0,1,0
25-Nov-2025,2197.6,Call,2440,0,0,27.4651,0,17,0
