28-Oct-2025,2199.6,-,0,2201.4,0,27.4651,1501,80925,8600
28-Oct-2025,2199.6,Call,2200,37.05,21.18,27.4651,-38,2243,5045
28-Oct-2025,2199.6,Put,2200,37.15,26.89,27.4651,-65,1311,4274
28-Oct-2025,2199.6,Call,2220,27.55,21.31,27.4651,290,1180,3644
28-Oct-2025,2199.6,Put,2160,21.4,27.39,27.4651,284,1521,2848
28-Oct-2025,2199.6,Call,2260,13.75,21.61,27.4651,326,1154,2673
28-Oct-2025,2199.6,Call,2240,19.7,21.21,27.4651,100,1760,2506
28-Oct-2025,2199.6,Call,2300,6.5,22.27,27.4651,184,1286,1968
28-Oct-2025,2199.6,Call,2320,4.35,22.63,27.4651,15,674,1421
28-Oct-2025,2199.6,Put,2100,9.5,29.44,27.4651,31,3596,1391
28-Oct-2025,2199.6,Call,2280,9.5,21.73,27.4651,14,764,1315
28-Oct-2025,2199.6,Put,2180,28.1,27.33,27.4651,-15,982,1174
28-Oct-2025,2199.6,Call,2180,48.5,20.62,27.4651,11,889,1064
28-Oct-2025,2199.6,Put,2140,17.2,28.09,27.4651,-39,2108,992
28-Oct-2025,2199.6,Put,2220,47.6,26.86,27.4651,79,317,985
25-Nov-2025,2199.6,-,0,2210,0,27.4651,205,3363,660
28-Oct-2025,2199.6,Put,2120,12.55,29.13,27.4651,5,1625,658
28-Oct-2025,2199.6,Call,2160,61.5,20.71,27.4651,-62,1277,565
30-Dec-2025,2199.6,-,0,2224.1,0,27.4651,510,2391,560
28-Oct-2025,2199.6,Put,2040,4.25,31.99,27.4651,0,1677,491
28-Oct-2025,2199.6,Put,2240,59.85,28,27.4651,-7,171,481
25-Nov-2025,2199.6,Put,2100,20.95,23.03,27.4651,-29,329,463
28-Oct-2025,2199.6,Call,2140,74.9,20.71,27.4651,-3,1242,460
25-Nov-2025,2199.6,Call,2200,64,18.1,27.4651,-5,267,435
28-Oct-2025,2199.6,Call,2340,2.8,22.97,27.4651,10,1559,423
28-Oct-2025,2199.6,Put,2000,2.8,34.79,27.4651,-38,1827,411
28-Oct-2025,2199.6,Put,2060,5.6,31.07,27.4651,-27,1512,403
28-Oct-2025,2199.6,Put,2080,7.45,30.45,27.4651,-18,1100,390
28-Oct-2025,2199.6,Put,2260,74.4,28.9,27.4651,16,87,269
28-Oct-2025,2199.6,Put,1900,1.3,43,27.4651,-12,1571,249
28-Oct-2025,2199.6,Put,2020,3.35,33.41,27.4651,-14,1125,242
25-Nov-2025,2199.6,Call,2300,25.05,18.88,27.4651,17,106,208
28-Oct-2025,2199.6,Put,1980,2.3,36.22,27.4651,-26,674,206
28-Oct-2025,2199.6,Put,1960,1.85,37.64,27.4651,-98,347,199
28-Oct-2025,2199.6,Call,2100,106.85,17.67,27.4651,-34,2213,177
28-Oct-2025,2199.6,Call,2400,1.3,26.24,27.4651,-11,293,157
25-Nov-2025,2199.6,Put,2200,54.05,22.66,27.4651,44,128,130
25-Nov-2025,2199.6,Put,2000,7.25,24.44,27.4651,6,279,113
28-Oct-2025,2199.6,Call,2360,2.1,23.92,27.4651,1,373,111
25-Nov-2025,2199.6,Call,2400,9.5,20.51,27.4651,25,87,106
25-Nov-2025,2199.6,Call,2280,31,18.86,27.4651,-16,63,92
28-Oct-2025,2199.6,Call,2120,89.4,19.05,27.4651,-26,951,89
28-Oct-2025,2199.6,Call,2080,123.95,0,27.4651,-20,666,73
28-Oct-2025,2199.6,Call,2040,162.1,0,27.4651,-45,456,66
28-Oct-2025,2199.6,Put,2280,91.85,29.38,27.4651,-8,49,55
28-Oct-2025,2199.6,Put,2300,107.75,30.81,27.4651,6,46,55
28-Oct-2025,2199.6,Call,2380,1.8,25.59,0,0,49,54
25-Nov-2025,2199.6,Put,2060,13.45,23.28,27.4651,22,58,51
28-Oct-2025,2199.6,Put,1920,1.5,41.37,27.4651,-9,224,46
28-Oct-2025,2199.6,Put,1940,1.55,38.95,27.4651,2,322,36
25-Nov-2025,2199.6,Put,2160,36.5,22.74,27.4651,7,25,35
28-Oct-2025,2199.6,Call,2000,196.5,0,27.4651,-9,805,33
25-Nov-2025,2199.6,Call,2220,54,18.49,27.4651,16,16,29
25-Nov-2025,2199.6,Call,2240,45.5,18.26,27.4651,5,90,29
28-Oct-2025,2199.6,Call,2020,178.75,0,27.4651,-14,662,28
28-Oct-2025,2199.6,Put,1880,1.15,44.75,27.4651,3,149,27
28-Oct-2025,2199.6,Call,2060,140,0,27.4651,-4,594,24
25-Nov-2025,2199.6,Call,2100,137,20.42,27.4651,12,36,22
25-Nov-2025,2199.6,Call,2340,16.75,19.35,27.4651,10,17,21
25-Nov-2025,2199.6,Put,2140,30.7,22.48,27.4651,-8,35,15
25-Nov-2025,2199.6,Call,2480,4.75,22.12,0,0,13,15
28-Oct-2025,2199.6,Put,1860,1.05,46.69,27.4651,4,160,14
25-Nov-2025,2199.6,Call,2360,15.1,20.36,27.4651,9,29,13
28-Oct-2025,2199.6,Call,2440,1,29.12,27.4651,6,8,12
28-Oct-2025,2199.6,Put,1840,1.05,49.25,27.4651,-1,75,12
28-Oct-2025,2199.6,Put,1820,0.8,50.7,27.4651,-1,54,12
25-Nov-2025,2199.6,Call,2440,6.2,20.89,27.4651,8,25,12
25-Nov-2025,2199.6,Call,2180,77.2,18.84,27.4651,3,10,11
25-Nov-2025,2199.6,Call,2140,102.6,18.41,27.4651,4,36,10
25-Nov-2025,2199.6,Put,2080,16.5,22.95,27.4651,1,19,8
28-Oct-2025,2199.6,Put,1800,0.65,50.98,27.4651,-2,188,6
30-Dec-2025,2199.6,Put,2000,10.5,20.94,27.4651,2,8,6
25-Nov-2025,2199.6,Call,2260,38,18.85,27.4651,0,6,5
28-Oct-2025,2199.6,Put,1780,0.7,53.97,27.4651,-1,34,2
25-Nov-2025,2199.6,Call,2000,217.5,0,27.4651,0,6,2
25-Nov-2025,2199.6,Call,2160,88.15,18.16,27.4651,0,5,2
28-Oct-2025,2199.6,Put,1720,0.25,54.61,27.4651,0,21,1
28-Oct-2025,2199.6,Call,1960,237.5,0,27.4651,0,193,1
28-Oct-2025,2199.6,Call,1980,218.5,0,27.4651,0,134,1
28-Oct-2025,2199.6,Put,2320,126.75,32.37,27.4651,0,28,1
25-Nov-2025,2199.6,Call,2040,182,14.36,27.4651,0,3,1
30-Dec-2025,2199.6,Call,2240,73,18,27.4651,0,1,1
28-Oct-2025,2199.6,Call,1800,0,0,27.4651,0,3,0
28-Oct-2025,2199.6,Put,2440,0,0,27.4651,0,0,0
28-Oct-2025,2199.6,Call,1860,0,0,27.4651,0,0,0
28-Oct-2025,2199.6,Call,1900,0,0,27.4651,0,260,0
28-Oct-2025,2199.6,Put,2340,0,0,27.4651,0,7,0
28-Oct-2025,2199.6,Call,2480,0,0,0,0,0,0
28-Oct-2025,2199.6,Call,1920,0,0,27.4651,0,41,0
28-Oct-2025,2199.6,Put,2480,0,0,0,0,0,0
28-Oct-2025,2199.6,Put,2380,0,0,0,0,0,0
28-Oct-2025,2199.6,Call,1940,0,0,27.4651,0,73,0
28-Oct-2025,2199.6,Put,2400,0,0,27.4651,0,0,0
28-Oct-2025,2199.6,Put,2360,0,0,27.4651,0,8,0
28-Oct-2025,2199.6,Call,1880,0,0,27.4651,0,15,0
28-Oct-2025,2199.6,Call,1840,0,0,27.4651,0,6,0
25-Nov-2025,2199.6,Call,2060,0,0,27.4651,0,0,0
25-Nov-2025,2199.6,Put,1840,0,0,27.4651,0,27,0
25-Nov-2025,2199.6,Put,1940,0,0,27.4651,0,0,0
25-Nov-2025,2199.6,Call,1980,0,0,27.4651,0,0,0
25-Nov-2025,2199.6,Call,1840,0,0,27.4651,0,0,0
25-Nov-2025,2199.6,Put,1980,0,0,27.4651,0,0,0
25-Nov-2025,2199.6,Call,2120,0,0,27.4651,0,5,0
25-Nov-2025,2199.6,Call,1920,0,0,27.4651,0,1,0
25-Nov-2025,2199.6,Call,1800,0,0,27.4651,0,0,0
25-Nov-2025,2199.6,Put,2240,0,0,27.4651,0,0,0
25-Nov-2025,2199.6,Put,2120,0,0,27.4651,0,0,0
25-Nov-2025,2199.6,Put,2280,0,0,27.4651,0,0,0
25-Nov-2025,2199.6,Call,1880,0,0,27.4651,0,1,0
25-Nov-2025,2199.6,Put,2300,0,0,27.4651,0,0,0
25-Nov-2025,2199.6,Call,1900,0,0,27.4651,0,3,0
25-Nov-2025,2199.6,Call,1860,0,0,27.4651,0,0,0
25-Nov-2025,2199.6,Put,2020,0,0,27.4651,0,0,0
25-Nov-2025,2199.6,Call,1940,0,0,27.4651,0,1,0
25-Nov-2025,2199.6,Put,2180,0,0,27.4651,0,0,0
25-Nov-2025,2199.6,Put,1880,0,0,27.4651,0,3,0
25-Nov-2025,2199.6,Put,2480,0,0,0,0,0,0
25-Nov-2025,2199.6,Put,1860,0,0,27.4651,0,0,0
25-Nov-2025,2199.6,Call,2080,0,0,27.4651,0,1,0
25-Nov-2025,2199.6,Put,1960,0,0,27.4651,0,2,0
25-Nov-2025,2199.6,Put,2340,0,0,27.4651,0,0,0
25-Nov-2025,2199.6,Put,1920,0,0,27.4651,0,0,0
25-Nov-2025,2199.6,Put,2320,0,0,27.4651,0,0,0
25-Nov-2025,2199.6,Put,2400,0,0,27.4651,0,0,0
25-Nov-2025,2199.6,Call,1960,0,0,27.4651,0,1,0
25-Nov-2025,2199.6,Call,2020,0,0,27.4651,0,0,0
25-Nov-2025,2199.6,Put,2360,0,0,27.4651,0,0,0
25-Nov-2025,2199.6,Put,2220,0,0,27.4651,0,0,0
25-Nov-2025,2199.6,Call,2320,0,0,27.4651,0,0,0
25-Nov-2025,2199.6,Put,2440,0,0,27.4651,0,0,0
25-Nov-2025,2199.6,Put,2260,0,0,27.4651,0,0,0
25-Nov-2025,2199.6,Put,1800,0,0,27.4651,0,0,0
25-Nov-2025,2199.6,Put,1900,0,0,27.4651,0,3,0
25-Nov-2025,2199.6,Put,2380,0,0,0,0,0,0
25-Nov-2025,2199.6,Call,2380,0,0,0,0,0,0
25-Nov-2025,2199.6,Put,2040,0,0,27.4651,0,0,0
30-Dec-2025,2199.6,Call,2280,0,0,27.4651,0,0,0
30-Dec-2025,2199.6,Put,1960,0,0,0,0,0,0
30-Dec-2025,2199.6,Put,1880,0,0,27.4651,0,0,0
30-Dec-2025,2199.6,Put,2280,0,0,0,0,0,0
30-Dec-2025,2199.6,Put,1840,0,0,27.4651,0,0,0
30-Dec-2025,2199.6,Put,1760,0,0,27.4651,0,0,0
30-Dec-2025,2199.6,Put,1920,0,0,0,0,0,0
30-Dec-2025,2199.6,Call,2200,0,0,27.4651,0,1,0
30-Dec-2025,2199.6,Call,2320,0,0,27.4651,0,0,0
30-Dec-2025,2199.6,Put,2120,0,0,27.4651,0,0,0
30-Dec-2025,2199.6,Call,2160,0,0,27.4651,0,0,0
30-Dec-2025,2199.6,Put,2200,0,0,27.4651,0,0,0
30-Dec-2025,2199.6,Put,2240,0,0,27.4651,0,0,0
30-Dec-2025,2199.6,Put,2160,0,0,27.4651,0,0,0
