28-Oct-2025,3859.7,Call,3900,21.65,12.91,28.0558,-26,3286,5538
28-Oct-2025,3859.7,-,0,3869.2,0,28.0558,1910,87412,5023
28-Oct-2025,3859.7,Put,3800,10.7,13.14,28.0558,-261,4593,3150
28-Oct-2025,3859.7,Call,3850,43,12.06,28.0558,145,6657,3126
28-Oct-2025,3859.7,Put,3850,26.1,12.87,28.0558,623,2378,2852
28-Oct-2025,3859.7,Call,3860,38.25,12.51,28.0558,221,1134,2302
28-Oct-2025,3859.7,Call,3880,29.3,12.88,28.0558,249,966,2252
28-Oct-2025,3859.7,Call,4000,5.6,15.66,28.0558,-30,4131,2195
28-Oct-2025,3859.7,Put,3860,30.75,13.08,28.0558,135,692,1238
28-Oct-2025,3859.7,Call,3920,16.5,13.38,28.0558,-2,552,1234
28-Oct-2025,3859.7,Put,3880,41.45,13.36,28.0558,231,490,1160
28-Oct-2025,3859.7,Call,3800,78,12.37,28.0558,-34,8132,1159
28-Oct-2025,3859.7,Put,3820,15.35,12.86,28.0558,-5,1155,1077
30-Dec-2025,3859.7,-,0,3920,0,28.0558,1019,2363,1039
28-Oct-2025,3859.7,Put,3900,54.05,13.7,28.0558,234,1011,991
28-Oct-2025,3859.7,Put,3840,22.2,12.98,28.0558,94,1330,962
28-Oct-2025,3859.7,Call,3940,12.15,14.07,28.0558,91,331,886
28-Oct-2025,3859.7,Call,3950,10.1,14.25,28.0558,23,799,785
28-Oct-2025,3859.7,Call,3840,49.35,12.3,28.0558,3,1704,752
28-Oct-2025,3859.7,Put,3750,5.2,14.62,28.0558,-71,1151,617
28-Oct-2025,3859.7,Put,3700,3.2,16.86,28.0558,-19,1778,575
25-Nov-2025,3859.7,-,0,3890,0,28.0558,222,3638,539
28-Oct-2025,3859.7,Call,4200,0.9,22.22,28.0558,-50,1161,440
25-Nov-2025,3859.7,Call,4000,56,19.48,28.0558,98,677,399
28-Oct-2025,3859.7,Put,3760,6,14.08,28.0558,16,690,360
28-Oct-2025,3859.7,Call,4100,1.65,18.34,28.0558,-2,2113,304
28-Oct-2025,3859.7,Put,3780,7.85,13.62,28.0558,27,855,290
28-Oct-2025,3859.7,Put,3920,65.85,12.35,28.0558,21,91,264
28-Oct-2025,3859.7,Call,3960,8.4,14.87,28.0558,-2,274,238
28-Oct-2025,3859.7,Put,3740,4.5,14.88,28.0558,-14,299,215
28-Oct-2025,3859.7,Put,3600,1.7,22.06,28.0558,-60,2156,210
25-Nov-2025,3859.7,Call,4200,19,21.05,28.0558,68,312,209
25-Nov-2025,3859.7,Put,3700,31,20.46,28.0558,71,747,208
28-Oct-2025,3859.7,Call,3820,65.35,13.97,28.0558,2,2148,205
28-Oct-2025,3859.7,Call,3780,95.45,12.95,28.0558,0,1018,160
28-Oct-2025,3859.7,Call,4050,2.7,16.69,28.0558,-26,677,147
28-Oct-2025,3859.7,Call,3700,170.1,19.67,28.0558,-14,1651,138
28-Oct-2025,3859.7,Put,3650,2.25,19.47,28.0558,-28,835,135
28-Oct-2025,3859.7,Put,3680,2.65,17.79,28.0558,-32,276,130
25-Nov-2025,3859.7,Put,3800,59.8,20.27,28.0558,13,483,127
25-Nov-2025,3859.7,Call,3900,93.95,19.86,28.0558,9,343,122
28-Oct-2025,3859.7,Call,3750,121,13.58,28.0558,7,1206,115
28-Oct-2025,3859.7,Put,4000,138.7,16.38,28.0558,-8,321,110
28-Oct-2025,3859.7,Call,4040,3.75,17.2,28.0558,4,154,103
28-Oct-2025,3859.7,Call,3980,7.7,15.5,28.0558,13,237,89
25-Nov-2025,3859.7,Put,3600,15.8,21.07,28.0558,-35,692,89
25-Nov-2025,3859.7,Call,3800,152.4,19.51,28.0558,6,368,83
28-Oct-2025,3859.7,Put,3300,0.1,31.36,28.0558,-19,514,79
25-Nov-2025,3859.7,Call,4400,6.6,22.88,28.0558,-18,216,79
28-Oct-2025,3859.7,Call,4020,4.45,16.37,28.0558,-1,85,67
28-Oct-2025,3859.7,Put,3500,0.8,26.07,28.0558,-33,1046,63
28-Oct-2025,3859.7,Put,3660,2.45,19.03,28.0558,5,275,60
28-Oct-2025,3859.7,Call,3760,118,17.46,28.0558,4,296,54
25-Nov-2025,3859.7,Put,3760,46.5,20.26,28.0558,12,225,49
25-Nov-2025,3859.7,Put,3900,105,19.62,28.0558,0,468,49
28-Oct-2025,3859.7,Put,3540,0.85,23.68,28.0558,0,141,45
28-Oct-2025,3859.7,Put,3950,90.5,12.91,28.0558,6,63,43
28-Oct-2025,3859.7,Put,3940,82.2,12.82,28.0558,-4,47,40
28-Oct-2025,3859.7,Put,3980,114.85,11.39,28.0558,18,18,37
28-Oct-2025,3859.7,Call,4080,2.1,17.85,28.0558,0,709,37
28-Oct-2025,3859.7,Put,3720,3.5,15.62,28.0558,-10,176,36
25-Nov-2025,3859.7,Put,4000,161.8,20.22,28.0558,27,128,33
25-Nov-2025,3859.7,Put,3500,9,22.75,28.0558,13,88,30
28-Oct-2025,3859.7,Call,3740,136,18.3,28.0558,6,273,27
28-Oct-2025,3859.7,Put,3550,1.1,23.91,28.0558,-8,340,25
25-Nov-2025,3859.7,Call,4040,47,20.04,28.0558,18,18,25
28-Oct-2025,3859.7,Put,3620,1.55,20.3,28.0558,0,49,24
25-Nov-2025,3859.7,Put,3880,91.5,19.88,28.0558,13,83,24
28-Oct-2025,3859.7,Put,3400,0.2,27.73,28.0558,-10,666,22
25-Nov-2025,3859.7,Call,4280,12.6,21.94,28.0558,-4,17,17
28-Oct-2025,3859.7,Put,3580,1.15,22.04,28.0558,15,15,16
25-Nov-2025,3859.7,Call,3880,108.6,19.92,28.0558,9,38,16
25-Nov-2025,3859.7,Put,3740,41.2,20.28,28.0558,7,40,15
25-Nov-2025,3859.7,Call,3840,128.95,19.66,28.0558,4,24,13
25-Nov-2025,3859.7,Call,4020,54,20.3,28.0558,10,21,13
28-Oct-2025,3859.7,Call,3600,272.1,27.93,28.0558,-3,872,12
25-Nov-2025,3859.7,Call,3960,68.55,19.04,28.0558,1,2,12
25-Nov-2025,3859.7,Call,3860,119.05,19.91,28.0558,6,23,10
25-Nov-2025,3859.7,Put,3400,4.9,24.2,28.0558,4,217,9
25-Nov-2025,3859.7,Put,3520,9.6,22.15,28.0558,6,23,9
28-Oct-2025,3859.7,Call,4240,0.7,23.56,28.0558,-1,37,8
25-Nov-2025,3859.7,Put,3720,34.75,20.07,28.0558,4,42,8
25-Nov-2025,3859.7,Put,3860,80.3,19.5,28.0558,4,33,7
25-Nov-2025,3859.7,Put,3780,51.35,19.92,28.0558,0,60,6
25-Nov-2025,3859.7,Call,3720,209.95,20.06,28.0558,3,4,5
25-Nov-2025,3859.7,Put,3840,77,20.6,28.0558,2,52,5
25-Nov-2025,3859.7,Call,3940,81.2,19.98,28.0558,3,16,5
28-Oct-2025,3859.7,Call,3660,202.15,0,28.0558,0,91,4
28-Oct-2025,3859.7,Put,3640,2.55,20.71,28.0558,0,145,4
28-Oct-2025,3859.7,Put,3450,0.45,27.26,28.0558,-2,574,4
25-Nov-2025,3859.7,Call,3780,168,20.1,28.0558,2,16,4
25-Nov-2025,3859.7,Call,3700,224.95,20.03,28.0558,-1,83,4
25-Nov-2025,3859.7,Call,4240,15.8,21.48,28.0558,-2,20,4
25-Nov-2025,3859.7,Call,3760,181.9,20.2,28.0558,0,17,3
25-Nov-2025,3859.7,Call,3920,82,18.42,28.0558,0,30,3
28-Oct-2025,3859.7,Put,3350,0.45,33.42,28.0558,0,132,2
25-Nov-2025,3859.7,Call,3820,130.75,17.55,28.0558,0,4,2
25-Nov-2025,3859.7,Call,3660,242.5,14.62,28.0558,0,2,2
25-Nov-2025,3859.7,Call,3500,383.55,0,28.0558,0,1,2
25-Nov-2025,3859.7,Put,3820,65.35,19.86,28.0558,-1,5,2
25-Nov-2025,3859.7,Call,3600,293.9,0,28.0558,0,64,2
25-Nov-2025,3859.7,Put,3920,115.95,20.68,28.0558,1,9,2
28-Oct-2025,3859.7,Put,3200,0.2,39.36,28.0558,0,255,1
28-Oct-2025,3859.7,Call,4280,0.95,26.69,28.0558,0,14,1
28-Oct-2025,3859.7,Call,4120,1.8,19.88,28.0558,0,298,1
28-Oct-2025,3859.7,Call,3650,225,26.27,28.0558,0,345,1
25-Nov-2025,3859.7,Call,3540,347.25,0,28.0558,0,2,1
25-Nov-2025,3859.7,Call,4320,12.55,23.29,0,0,0,1
25-Nov-2025,3859.7,Call,4360,14.45,25.71,0,0,0,1
25-Nov-2025,3859.7,Put,3980,147,19.83,28.0558,0,1,1
25-Nov-2025,3859.7,Put,4200,320,21.39,28.0558,0,0,1
30-Dec-2025,3859.7,Put,3800,90,21.55,28.0558,0,6,1
30-Dec-2025,3859.7,Call,3880,150,17.65,28.0558,0,0,1
28-Oct-2025,3859.7,Put,3960,0,0,28.0558,0,0,0
28-Oct-2025,3859.7,Put,4080,0,0,28.0558,0,0,0
28-Oct-2025,3859.7,Call,4320,0,0,0,0,1,0
28-Oct-2025,3859.7,Call,3450,0,0,28.0558,0,38,0
28-Oct-2025,3859.7,Put,4320,0,0,0,0,0,0
28-Oct-2025,3859.7,Put,4120,0,0,28.0558,0,0,0
28-Oct-2025,3859.7,Put,4040,0,0,28.0558,0,0,0
28-Oct-2025,3859.7,Put,4160,0,0,28.0558,0,0,0
28-Oct-2025,3859.7,Call,4160,0,0,28.0558,0,8,0
28-Oct-2025,3859.7,Put,4100,0,0,28.0558,0,266,0
28-Oct-2025,3859.7,Put,3250,0,0,28.0558,0,21,0
28-Oct-2025,3859.7,Put,4020,0,0,28.0558,0,0,0
28-Oct-2025,3859.7,Put,4200,0,0,28.0558,0,17,0
28-Oct-2025,3859.7,Call,3300,0,0,28.0558,0,1,0
28-Oct-2025,3859.7,Call,3200,0,0,28.0558,0,53,0
28-Oct-2025,3859.7,Call,3680,0,0,28.0558,0,1004,0
28-Oct-2025,3859.7,Put,4280,0,0,28.0558,0,0,0
28-Oct-2025,3859.7,Call,3720,0,0,28.0558,0,141,0
28-Oct-2025,3859.7,Call,3400,0,0,28.0558,0,39,0
28-Oct-2025,3859.7,Call,3540,0,0,28.0558,0,0,0
28-Oct-2025,3859.7,Call,3620,0,0,28.0558,0,23,0
28-Oct-2025,3859.7,Put,3560,0,0,28.0558,0,75,0
28-Oct-2025,3859.7,Call,3560,0,0,28.0558,0,0,0
28-Oct-2025,3859.7,Put,4360,0,0,0,0,0,0
28-Oct-2025,3859.7,Call,4060,0,0,0,0,0,0
28-Oct-2025,3859.7,Call,3500,0,0,28.0558,0,220,0
28-Oct-2025,3859.7,Call,4360,0,0,0,0,0,0
28-Oct-2025,3859.7,Put,4060,0,0,0,0,0,0
28-Oct-2025,3859.7,Put,3520,0,0,28.0558,0,153,0
28-Oct-2025,3859.7,Put,4240,0,0,28.0558,0,0,0
28-Oct-2025,3859.7,Put,3320,0,0,28.0558,0,1,0
28-Oct-2025,3859.7,Put,3280,0,0,28.0558,0,0,0
28-Oct-2025,3859.7,Put,3360,0,0,28.0558,0,0,0
28-Oct-2025,3859.7,Put,3240,0,0,28.0558,0,0,0
28-Oct-2025,3859.7,Call,3280,0,0,28.0558,0,0,0
28-Oct-2025,3859.7,Put,3440,0,0,28.0558,0,46,0
28-Oct-2025,3859.7,Call,3320,0,0,28.0558,0,0,0
28-Oct-2025,3859.7,Call,3480,0,0,28.0558,0,0,0
28-Oct-2025,3859.7,Call,3640,0,0,28.0558,0,36,0
28-Oct-2025,3859.7,Put,3460,0,0,28.0558,0,16,0
28-Oct-2025,3859.7,Call,3550,0,0,28.0558,0,177,0
28-Oct-2025,3859.7,Call,3240,0,0,28.0558,0,0,0
28-Oct-2025,3859.7,Put,3000,0,0,28.0558,0,26,0
28-Oct-2025,3859.7,Put,3480,0,0,28.0558,0,120,0
28-Oct-2025,3859.7,Call,3520,0,0,28.0558,0,0,0
28-Oct-2025,3859.7,Call,3360,0,0,28.0558,0,0,0
28-Oct-2025,3859.7,Call,3460,0,0,28.0558,0,0,0
28-Oct-2025,3859.7,Call,3440,0,0,28.0558,0,0,0
28-Oct-2025,3859.7,Call,3580,0,0,28.0558,0,0,0
25-Nov-2025,3859.7,Put,3440,0,0,28.0558,0,0,0
25-Nov-2025,3859.7,Call,3440,0,0,28.0558,0,0,0
25-Nov-2025,3859.7,Call,3460,0,0,28.0558,0,0,0
25-Nov-2025,3859.7,Call,3480,0,0,28.0558,0,0,0
25-Nov-2025,3859.7,Call,3520,0,0,28.0558,0,0,0
25-Nov-2025,3859.7,Put,3540,0,0,28.0558,0,0,0
25-Nov-2025,3859.7,Put,4240,0,0,28.0558,0,0,0
25-Nov-2025,3859.7,Put,3460,0,0,28.0558,0,0,0
25-Nov-2025,3859.7,Call,3200,0,0,28.0558,0,0,0
25-Nov-2025,3859.7,Put,3280,0,0,28.0558,0,0,0
25-Nov-2025,3859.7,Put,4320,0,0,0,0,0,0
25-Nov-2025,3859.7,Put,4360,0,0,0,0,0,0
25-Nov-2025,3859.7,Put,3940,0,0,28.0558,0,0,0
25-Nov-2025,3859.7,Put,3620,0,0,28.0558,0,0,0
25-Nov-2025,3859.7,Call,3640,0,0,28.0558,0,0,0
25-Nov-2025,3859.7,Put,3640,0,0,28.0558,0,3,0
25-Nov-2025,3859.7,Put,3660,0,0,28.0558,0,3,0
25-Nov-2025,3859.7,Call,3680,0,0,28.0558,0,0,0
25-Nov-2025,3859.7,Call,3240,0,0,28.0558,0,0,0
25-Nov-2025,3859.7,Call,3320,0,0,28.0558,0,0,0
25-Nov-2025,3859.7,Call,3360,0,0,28.0558,0,0,0
25-Nov-2025,3859.7,Put,4040,0,0,28.0558,0,0,0
25-Nov-2025,3859.7,Put,4080,0,0,28.0558,0,0,0
25-Nov-2025,3859.7,Put,4120,0,0,28.0558,0,0,0
25-Nov-2025,3859.7,Call,4060,0,0,0,0,0,0
25-Nov-2025,3859.7,Put,4060,0,0,0,0,0,0
25-Nov-2025,3859.7,Put,3680,0,0,28.0558,0,4,0
25-Nov-2025,3859.7,Call,4100,0,0,28.0558,0,0,0
25-Nov-2025,3859.7,Put,4280,0,0,28.0558,0,0,0
25-Nov-2025,3859.7,Call,3280,0,0,28.0558,0,0,0
25-Nov-2025,3859.7,Put,4100,0,0,28.0558,0,0,0
25-Nov-2025,3859.7,Call,4080,0,0,28.0558,0,0,0
25-Nov-2025,3859.7,Put,3200,0,0,28.0558,0,35,0
25-Nov-2025,3859.7,Put,3240,0,0,28.0558,0,0,0
25-Nov-2025,3859.7,Call,4160,0,0,28.0558,0,0,0
25-Nov-2025,3859.7,Put,3320,0,0,28.0558,0,0,0
25-Nov-2025,3859.7,Put,3360,0,0,28.0558,0,0,0
25-Nov-2025,3859.7,Put,4020,0,0,28.0558,0,0,0
25-Nov-2025,3859.7,Call,3580,0,0,28.0558,0,0,0
25-Nov-2025,3859.7,Put,3480,0,0,28.0558,0,0,0
25-Nov-2025,3859.7,Put,4160,0,0,28.0558,0,0,0
25-Nov-2025,3859.7,Call,3620,0,0,28.0558,0,0,0
25-Nov-2025,3859.7,Call,3740,0,0,28.0558,0,0,0
25-Nov-2025,3859.7,Put,3960,0,0,28.0558,0,0,0
25-Nov-2025,3859.7,Call,3560,0,0,28.0558,0,0,0
25-Nov-2025,3859.7,Call,3980,0,0,28.0558,0,0,0
25-Nov-2025,3859.7,Call,4120,0,0,28.0558,0,0,0
30-Dec-2025,3859.7,Put,3640,0,0,28.0558,0,0,0
25-Nov-2025,3859.7,Call,3400,0,0,28.0558,0,4,0
30-Dec-2025,3859.7,Call,4080,0,0,28.0558,0,0,0
30-Dec-2025,3859.7,Call,4160,0,0,28.0558,0,0,0
30-Dec-2025,3859.7,Put,4000,0,0,28.0558,0,0,0
30-Dec-2025,3859.7,Put,3960,0,0,28.0558,0,0,0
30-Dec-2025,3859.7,Put,4040,0,0,28.0558,0,0,0
30-Dec-2025,3859.7,Put,3600,0,0,28.0558,0,0,0
30-Dec-2025,3859.7,Call,4000,0,0,28.0558,0,3,0
30-Dec-2025,3859.7,Put,3680,0,0,28.0558,0,0,0
30-Dec-2025,3859.7,Put,3360,0,0,28.0558,0,20,0
30-Dec-2025,3859.7,Call,3800,0,0,28.0558,0,2,0
30-Dec-2025,3859.7,Call,4120,0,0,0,0,0,0
30-Dec-2025,3859.7,Put,3200,0,0,28.0558,0,20,0
30-Dec-2025,3859.7,Call,4040,0,0,28.0558,0,0,0
30-Dec-2025,3859.7,Put,3760,0,0,28.0558,0,0,0
30-Dec-2025,3859.7,Put,3720,0,0,28.0558,0,0,0
30-Dec-2025,3859.7,Call,3840,0,0,28.0558,0,0,0
30-Dec-2025,3859.7,Put,3840,0,0,28.0558,0,0,0
30-Dec-2025,3859.7,Call,3920,0,0,28.0558,0,0,0
30-Dec-2025,3859.7,Call,3960,0,0,28.0558,0,0,0
30-Dec-2025,3859.7,Put,3920,0,0,28.0558,0,0,0
30-Dec-2025,3859.7,Put,3880,0,0,28.0558,0,0,0
