28-Oct-2025,289.1,Call,290,3.75,18.29,29.3912,75,1465,300
28-Oct-2025,289.1,-,0,290.35,0,29.3912,-7,36311,282
28-Oct-2025,289.1,Put,290,3.75,19.16,29.3912,-7,1154,281
28-Oct-2025,289.1,Call,295,1.8,18.31,29.3912,73,2085,212
28-Oct-2025,289.1,Put,287.5,2.6,19.04,29.3912,17,241,197
28-Oct-2025,289.1,Call,300,0.85,19.18,29.3912,-16,3697,186
28-Oct-2025,289.1,Call,292.5,2.65,18.32,29.3912,15,301,159
25-Nov-2025,289.1,-,0,287.85,0,29.3912,64,2114,125
28-Oct-2025,289.1,Put,285,1.85,19.46,29.3912,-7,712,108
28-Oct-2025,289.1,Call,285,6.8,18.55,29.3912,-18,790,80
28-Oct-2025,289.1,Call,310,0.25,23.23,29.3912,33,1413,69
28-Oct-2025,289.1,Put,292.5,5.15,19.24,29.3912,-15,212,65
28-Oct-2025,289.1,Put,280,0.9,20.47,29.3912,-35,668,53
28-Oct-2025,289.1,Call,302.5,0.55,19.84,29.3912,20,106,51
28-Oct-2025,289.1,Put,277.5,0.6,21.42,29.3912,6,72,50
28-Oct-2025,289.1,Call,287.5,5.25,18.44,29.3912,2,156,38
25-Nov-2025,289.1,Call,300,3.1,16.16,29.3912,17,511,32
28-Oct-2025,289.1,Call,307.5,0.3,21.8,29.3912,-5,103,30
28-Oct-2025,289.1,Put,275,0.45,22.7,29.3912,-2,487,27
28-Oct-2025,289.1,Put,295,6.85,20.49,29.3912,-4,317,25
25-Nov-2025,289.1,Call,310,1.6,18.57,29.3912,19,170,23
28-Oct-2025,289.1,Call,305,0.4,20.78,29.3912,-3,1663,21
30-Dec-2025,289.1,-,0,289.7,0,29.3912,6,131,16
25-Nov-2025,289.1,Call,295,4.65,15.14,29.3912,4,114,12
25-Nov-2025,289.1,Put,280,3.6,22.99,29.3912,9,398,12
25-Nov-2025,289.1,Call,290,6.15,13.38,29.3912,4,248,12
28-Oct-2025,289.1,Call,280,10.5,16.84,29.3912,0,451,8
28-Oct-2025,289.1,Put,282.5,1.3,19.84,29.3912,0,174,7
28-Oct-2025,289.1,Put,300,10.8,21.53,29.3912,-2,355,7
28-Oct-2025,289.1,Call,297.5,1.25,18.79,29.3912,-1,171,4
25-Nov-2025,289.1,Put,320,32.1,36.64,29.3912,0,46,4
25-Nov-2025,289.1,Put,290,8.35,24.76,29.3912,-1,130,4
28-Oct-2025,289.1,Put,305,15.3,21.01,29.3912,0,24,2
28-Oct-2025,289.1,Call,320,0.1,27.28,29.3912,0,1042,2
28-Oct-2025,289.1,Call,330,0.05,31.35,29.3912,0,152,2
28-Oct-2025,289.1,Call,272.5,17.45,0,29.3912,0,14,1
28-Oct-2025,289.1,Put,297.5,8.8,20.07,29.3912,0,31,1
28-Oct-2025,289.1,Put,307.5,18.1,27.12,29.3912,0,38,1
28-Oct-2025,289.1,Put,310,20.1,22.9,29.3912,0,100,1
28-Oct-2025,289.1,Call,315,0.15,25.15,29.3912,0,487,1
28-Oct-2025,289.1,Put,270,0,0,29.3912,0,566,0
28-Oct-2025,289.1,Call,275,0,0,29.3912,0,44,0
28-Oct-2025,289.1,Call,322.5,0,0,0,0,0,0
28-Oct-2025,289.1,Put,322.5,0,0,0,0,0,0
28-Oct-2025,289.1,Put,250,0,0,29.3912,0,147,0
28-Oct-2025,289.1,Call,262.5,0,0,29.3912,0,0,0
28-Oct-2025,289.1,Put,262.5,0,0,29.3912,0,6,0
28-Oct-2025,289.1,Call,267.5,0,0,29.3912,0,18,0
28-Oct-2025,289.1,Put,267.5,0,0,29.3912,0,84,0
28-Oct-2025,289.1,Put,272.5,0,0,29.3912,0,115,0
28-Oct-2025,289.1,Call,277.5,0,0,29.3912,0,17,0
28-Oct-2025,289.1,Call,282.5,0,0,29.3912,0,100,0
28-Oct-2025,289.1,Put,302.5,0,0,29.3912,0,27,0
28-Oct-2025,289.1,Call,252.5,0,0,29.3912,0,0,0
28-Oct-2025,289.1,Call,257.5,0,0,29.3912,0,0,0
28-Oct-2025,289.1,Put,257.5,0,0,29.3912,0,0,0
28-Oct-2025,289.1,Call,325,0,0,29.3912,0,68,0
28-Oct-2025,289.1,Put,325,0,0,29.3912,0,1,0
28-Oct-2025,289.1,Call,235,0,0,29.3912,0,0,0
28-Oct-2025,289.1,Put,235,0,0,29.3912,0,0,0
28-Oct-2025,289.1,Call,245,0,0,29.3912,0,0,0
28-Oct-2025,289.1,Put,245,0,0,29.3912,0,1,0
28-Oct-2025,289.1,Call,255,0,0,29.3912,0,7,0
28-Oct-2025,289.1,Put,255,0,0,29.3912,0,62,0
28-Oct-2025,289.1,Call,265,0,0,29.3912,0,21,0
28-Oct-2025,289.1,Put,265,0,0,29.3912,0,370,0
28-Oct-2025,289.1,Call,250,0,0,29.3912,0,2,0
28-Oct-2025,289.1,Call,260,0,0,29.3912,0,30,0
28-Oct-2025,289.1,Put,320,0,0,29.3912,0,583,0
28-Oct-2025,289.1,Put,315,0,0,29.3912,0,7,0
28-Oct-2025,289.1,Put,312.5,0,0,29.3912,0,10,0
25-Nov-2025,289.1,Put,317.5,0,0,29.3912,0,0,0
25-Nov-2025,289.1,Put,262.5,0,0,29.3912,0,0,0
25-Nov-2025,289.1,Put,265,0,0,29.3912,0,0,0
25-Nov-2025,289.1,Put,335,0,0,29.3912,0,0,0
25-Nov-2025,289.1,Call,245,0,0,29.3912,0,0,0
25-Nov-2025,289.1,Put,245,0,0,29.3912,0,0,0
25-Nov-2025,289.1,Put,235,0,0,29.3912,0,0,0
25-Nov-2025,289.1,Call,250,0,0,29.3912,0,0,0
25-Nov-2025,289.1,Call,277.5,0,0,29.3912,0,0,0
25-Nov-2025,289.1,Put,285,0,0,29.3912,0,6,0
25-Nov-2025,289.1,Call,252.5,0,0,29.3912,0,0,0
25-Nov-2025,289.1,Put,252.5,0,0,29.3912,0,0,0
28-Oct-2025,289.1,Call,240,0,0,29.3912,0,0,0
28-Oct-2025,289.1,Put,335,0,0,29.3912,0,0,0
25-Nov-2025,289.1,Put,322.5,0,0,0,0,0,0
25-Nov-2025,289.1,Call,302.5,0,0,29.3912,0,0,0
25-Nov-2025,289.1,Call,297.5,0,0,29.3912,0,0,0
28-Oct-2025,289.1,Put,252.5,0,0,29.3912,0,0,0
25-Nov-2025,289.1,Put,260,0,0,29.3912,0,1,0
28-Oct-2025,289.1,Call,317.5,0,0,29.3912,0,46,0
25-Nov-2025,289.1,Put,272.5,0,0,29.3912,0,0,0
25-Nov-2025,289.1,Put,270,0,0,29.3912,0,89,0
25-Nov-2025,289.1,Put,325,0,0,29.3912,0,0,0
25-Nov-2025,289.1,Call,240,0,0,29.3912,0,0,0
25-Nov-2025,289.1,Put,310,0,0,29.3912,0,17,0
25-Nov-2025,289.1,Call,317.5,0,0,29.3912,0,1,0
25-Nov-2025,289.1,Call,282.5,0,0,29.3912,0,0,0
30-Dec-2025,289.1,Call,305,0,0,29.3912,0,0,0
25-Nov-2025,289.1,Put,300,0,0,29.3912,0,143,0
30-Dec-2025,289.1,Call,315,0,0,29.3912,0,10,0
25-Nov-2025,289.1,Call,320,0,0,29.3912,0,15,0
28-Oct-2025,289.1,Call,312.5,0,0,29.3912,0,52,0
28-Oct-2025,289.1,Call,335,0,0,29.3912,0,0,0
28-Oct-2025,289.1,Call,270,0,0,29.3912,0,53,0
30-Dec-2025,289.1,Put,275,0,0,29.3912,0,0,0
30-Dec-2025,289.1,Call,300,0,0,29.3912,0,1,0
25-Nov-2025,289.1,Call,305,0,0,29.3912,0,5,0
25-Nov-2025,289.1,Call,260,0,0,29.3912,0,41,0
30-Dec-2025,289.1,Call,310,0,0,29.3912,0,11,0
28-Oct-2025,289.1,Put,317.5,0,0,29.3912,0,0,0
25-Nov-2025,289.1,Call,255,0,0,29.3912,0,0,0
25-Nov-2025,289.1,Put,307.5,0,0,29.3912,0,0,0
25-Nov-2025,289.1,Call,335,0,0,29.3912,0,3,0
28-Oct-2025,289.1,Put,240,0,0,29.3912,0,49,0
25-Nov-2025,289.1,Put,330,0,0,29.3912,0,0,0
25-Nov-2025,289.1,Call,262.5,0,0,29.3912,0,0,0
25-Nov-2025,289.1,Put,287.5,0,0,29.3912,0,4,0
25-Nov-2025,289.1,Call,267.5,0,0,29.3912,0,0,0
25-Nov-2025,289.1,Call,330,0,0,29.3912,0,1,0
25-Nov-2025,289.1,Put,305,0,0,29.3912,0,16,0
25-Nov-2025,289.1,Call,280,0,0,29.3912,0,44,0
25-Nov-2025,289.1,Put,257.5,0,0,29.3912,0,0,0
25-Nov-2025,289.1,Put,267.5,0,0,29.3912,0,0,0
25-Nov-2025,289.1,Put,277.5,0,0,29.3912,0,0,0
25-Nov-2025,289.1,Put,312.5,0,0,29.3912,0,0,0
25-Nov-2025,289.1,Call,285,0,0,29.3912,0,3,0
25-Nov-2025,289.1,Call,265,0,0,29.3912,0,0,0
25-Nov-2025,289.1,Put,275,0,0,29.3912,0,0,0
25-Nov-2025,289.1,Call,287.5,0,0,29.3912,0,0,0
25-Nov-2025,289.1,Call,315,0,0,29.3912,0,23,0
25-Nov-2025,289.1,Call,322.5,0,0,0,0,0,0
25-Nov-2025,289.1,Call,272.5,0,0,29.3912,0,0,0
25-Nov-2025,289.1,Put,255,0,0,29.3912,0,0,0
25-Nov-2025,289.1,Put,302.5,0,0,29.3912,0,0,0
25-Nov-2025,289.1,Call,257.5,0,0,29.3912,0,0,0
30-Dec-2025,289.1,Call,285,0,0,29.3912,0,0,0
25-Nov-2025,289.1,Put,315,0,0,29.3912,0,0,0
25-Nov-2025,289.1,Put,250,0,0,29.3912,0,0,0
25-Nov-2025,289.1,Put,292.5,0,0,29.3912,0,0,0
30-Dec-2025,289.1,Call,290,0,0,29.3912,0,0,0
28-Oct-2025,289.1,Put,260,0,0,29.3912,0,245,0
30-Dec-2025,289.1,Call,295,0,0,29.3912,0,0,0
30-Dec-2025,289.1,Put,280,0,0,29.3912,0,0,0
28-Oct-2025,289.1,Put,330,0,0,29.3912,0,167,0
30-Dec-2025,289.1,Put,290,0,0,29.3912,0,0,0
30-Dec-2025,289.1,Put,300,0,0,29.3912,0,0,0
25-Nov-2025,289.1,Call,270,0,0,29.3912,0,0,0
25-Nov-2025,289.1,Put,297.5,0,0,29.3912,0,0,0
25-Nov-2025,289.1,Call,275,0,0,29.3912,0,1,0
25-Nov-2025,289.1,Call,235,0,0,29.3912,0,0,0
30-Dec-2025,289.1,Put,295,0,0,29.3912,0,0,0
30-Dec-2025,289.1,Put,270,0,0,29.3912,0,0,0
25-Nov-2025,289.1,Put,240,0,0,29.3912,0,0,0
25-Nov-2025,289.1,Call,312.5,0,0,29.3912,0,1,0
25-Nov-2025,289.1,Call,325,0,0,29.3912,0,1,0
25-Nov-2025,289.1,Call,307.5,0,0,29.3912,0,0,0
30-Dec-2025,289.1,Put,285,0,0,29.3912,0,0,0
25-Nov-2025,289.1,Put,295,0,0,29.3912,0,6,0
25-Nov-2025,289.1,Call,292.5,0,0,29.3912,0,0,0
25-Nov-2025,289.1,Put,282.5,0,0,29.3912,0,0,0
