28-Oct-2025,130.82,-,0,131.17,0,45.4109,125,41175,790
28-Oct-2025,130.82,Call,140,0.65,34.68,45.4109,5,2769,475
28-Oct-2025,130.82,Call,135,1.45,32.02,45.4109,-8,1931,425
28-Oct-2025,130.82,Put,130,2.2,31.02,45.4109,2,822,374
28-Oct-2025,130.82,Call,130,3.45,29.89,45.4109,47,915,304
28-Oct-2025,130.82,Call,132,2.45,30.79,45.4109,28,296,188
25-Nov-2025,130.82,-,0,132,0,45.4109,98,2823,186
28-Oct-2025,130.82,Call,137.5,0.85,33.47,45.4109,21,594,165
28-Oct-2025,130.82,Call,132.5,2.25,31.34,45.4109,32,427,159
28-Oct-2025,130.82,Call,131,2.85,30.93,45.4109,4,197,146
28-Oct-2025,130.82,Call,145,0.25,39.15,45.4109,-17,1071,115
28-Oct-2025,130.82,Call,133,2.05,31.17,45.4109,16,385,95
28-Oct-2025,130.82,Put,132,3.3,30.87,45.4109,-5,145,94
28-Oct-2025,130.82,Put,131,2.7,31.53,45.4109,0,110,90
28-Oct-2025,130.82,Call,134,1.65,31.56,45.4109,16,277,69
28-Oct-2025,130.82,Put,120,0.25,33.99,45.4109,-32,692,69
28-Oct-2025,130.82,Call,138,0.8,34.07,45.4109,-12,254,58
28-Oct-2025,130.82,Put,125,0.7,31.74,45.4109,-5,893,57
28-Oct-2025,130.82,Call,142.5,0.4,38.25,45.4109,-9,303,54
28-Oct-2025,130.82,Put,128,1.5,30.87,45.4109,-7,183,49
28-Oct-2025,130.82,Call,120,11.35,51.54,45.4109,21,115,44
28-Oct-2025,130.82,Put,132.5,3.55,31.44,45.4109,4,196,43
28-Oct-2025,130.82,Call,150,0.2,46.58,45.4109,2,953,38
28-Oct-2025,130.82,Put,129,1.8,30.98,45.4109,-4,113,37
25-Nov-2025,130.82,Call,135,4.4,34.78,45.4109,-13,205,37
28-Oct-2025,130.82,Call,155,0.1,49.09,45.4109,0,303,34
28-Oct-2025,130.82,Call,143,0.3,36.64,45.4109,15,113,32
28-Oct-2025,130.82,Call,137,0.95,32.8,45.4109,7,270,31
28-Oct-2025,130.82,Call,125,6.35,30.38,45.4109,-7,244,31
28-Oct-2025,130.82,Put,133,4.15,32.45,45.4109,-1,178,27
28-Oct-2025,130.82,Call,136,1.15,33.35,45.4109,3,312,26
28-Oct-2025,130.82,Put,140,9.25,36.33,45.4109,-1,310,25
28-Oct-2025,130.82,Put,117.5,0.15,36.29,45.4109,12,90,24
28-Oct-2025,130.82,Put,134,4.5,31.72,45.4109,-4,102,23
25-Nov-2025,130.82,Put,118,1.45,36.63,45.4109,21,26,22
28-Oct-2025,130.82,Put,135,5.25,32.88,45.4109,-4,553,21
28-Oct-2025,130.82,Call,127.5,4.5,30,45.4109,-5,139,21
25-Nov-2025,130.82,Call,150,1.2,37.05,45.4109,4,193,21
25-Nov-2025,130.82,Call,140,2.9,35.33,45.4109,10,271,21
30-Dec-2025,130.82,-,0,132.27,0,45.4109,11,258,20
28-Oct-2025,130.82,Call,128,4.2,30.32,45.4109,2,40,18
28-Oct-2025,130.82,Put,127,1.15,30.03,45.4109,-5,101,17
28-Oct-2025,130.82,Call,129,3.9,29.28,45.4109,0,50,16
28-Oct-2025,130.82,Put,122,0.4,31.48,45.4109,-1,137,16
28-Oct-2025,130.82,Call,126,5.85,29.88,45.4109,1,40,13
28-Oct-2025,130.82,Put,115,0.1,39.24,45.4109,-1,97,13
28-Oct-2025,130.82,Put,127.5,1.3,30.55,45.4109,1,248,12
25-Nov-2025,130.82,Put,120,1.8,35.96,45.4109,2,120,12
25-Nov-2025,130.82,Call,130,7,35.4,45.4109,-1,74,10
28-Oct-2025,130.82,Call,139,0.65,37.67,45.4109,4,137,9
28-Oct-2025,130.82,Put,122.5,0.4,31.27,45.4109,-1,212,9
28-Oct-2025,130.82,Call,127,4.85,40.15,45.4109,-2,32,8
28-Oct-2025,130.82,Call,147,0.2,43.05,45.4109,0,119,8
28-Oct-2025,130.82,Call,144,0.35,38.73,45.4109,0,101,8
28-Oct-2025,130.82,Call,124,7.15,30.23,45.4109,0,21,7
28-Oct-2025,130.82,Put,124,0.55,30.84,45.4109,1,82,7
25-Nov-2025,130.82,Call,145,1.95,37.53,45.4109,1,61,7
28-Oct-2025,130.82,Put,136,6.45,32.22,45.4109,0,116,6
28-Oct-2025,130.82,Call,154,0.1,47.55,45.4109,-1,36,6
28-Oct-2025,130.82,Put,137,7.05,34.64,45.4109,-3,85,5
28-Oct-2025,130.82,Call,142,0.4,37.13,45.4109,2,115,5
28-Oct-2025,130.82,Put,137.5,7.6,32.23,45.4109,0,249,5
25-Nov-2025,130.82,Put,145,15.1,35.19,45.4109,3,27,5
25-Nov-2025,130.82,Put,130,5,33.56,45.4109,1,118,5
28-Oct-2025,130.82,Put,139,9,32.75,45.4109,-1,34,4
28-Oct-2025,130.82,Put,123,0.45,30.93,45.4109,0,78,4
28-Oct-2025,130.82,Put,142,11.8,38.03,45.4109,0,33,3
28-Oct-2025,130.82,Put,126,1,30.44,45.4109,0,80,3
28-Oct-2025,130.82,Call,146,0.3,42.81,45.4109,0,101,3
28-Oct-2025,130.82,Put,146,15.05,0,45.4109,0,24,3
28-Oct-2025,130.82,Put,121,0.3,32.87,45.4109,0,56,3
28-Oct-2025,130.82,Put,142.5,11.95,0,45.4109,-1,44,3
28-Oct-2025,130.82,Call,147.5,0.2,42.04,45.4109,-1,115,3
25-Nov-2025,130.82,Put,140,10.9,33.32,45.4109,0,37,3
28-Oct-2025,130.82,Put,138,7.9,24.83,45.4109,1,52,2
28-Oct-2025,130.82,Call,152.5,0.3,45.2,45.4109,-1,33,2
25-Nov-2025,130.82,Call,133,5.4,35.54,45.4109,0,10,2
28-Oct-2025,130.82,Put,110,0.05,45.54,45.4109,0,84,1
28-Oct-2025,130.82,Call,122.5,8.35,0,45.4109,0,37,1
25-Nov-2025,130.82,Put,125,3.1,35.01,45.4109,0,103,1
25-Nov-2025,130.82,Put,135,7.7,34.15,45.4109,0,124,1
25-Nov-2025,130.82,Put,122,2.25,35.53,45.4109,0,3,1
25-Nov-2025,130.82,Call,127,9,38.79,45.4109,0,0,1
25-Nov-2025,130.82,Put,131,5.7,0,45.4109,0,0,1
28-Oct-2025,130.82,Call,123,0,0,45.4109,0,15,0
28-Oct-2025,130.82,Put,141,0,0,45.4109,0,19,0
28-Oct-2025,130.82,Put,147,0,0,45.4109,0,0,0
28-Oct-2025,130.82,Call,156,0,0,45.4109,0,0,0
28-Oct-2025,130.82,Call,110,0,0,45.4109,0,6,0
28-Oct-2025,130.82,Put,143,0,0,45.4109,0,16,0
28-Oct-2025,130.82,Put,144,0,0,45.4109,0,27,0
28-Oct-2025,130.82,Put,148,0,0,45.4109,0,0,0
28-Oct-2025,130.82,Put,154,0,0,45.4109,0,0,0
28-Oct-2025,130.82,Put,108,0,0,45.4109,0,0,0
28-Oct-2025,130.82,Put,117,0,0,45.4109,0,0,0
28-Oct-2025,130.82,Put,156,0,0,45.4109,0,0,0
28-Oct-2025,130.82,Put,152,0,0,45.4109,0,0,0
28-Oct-2025,130.82,Call,119,0,0,45.4109,0,0,0
28-Oct-2025,130.82,Put,116,0,0,45.4109,0,3,0
28-Oct-2025,130.82,Put,119,0,0,45.4109,0,0,0
28-Oct-2025,130.82,Put,150,0,0,45.4109,0,102,0
28-Oct-2025,130.82,Put,118,0,0,45.4109,0,6,0
28-Oct-2025,130.82,Call,108,0,0,45.4109,0,0,0
28-Oct-2025,130.82,Put,152.5,0,0,45.4109,0,17,0
28-Oct-2025,130.82,Call,141,0,0,45.4109,0,64,0
28-Oct-2025,130.82,Call,148,0,0,45.4109,0,104,0
28-Oct-2025,130.82,Call,117,0,0,45.4109,0,0,0
28-Oct-2025,130.82,Call,112,0,0,45.4109,0,0,0
28-Oct-2025,130.82,Put,112,0,0,45.4109,0,0,0
28-Oct-2025,130.82,Put,112.5,0,0,45.4109,0,2,0
28-Oct-2025,130.82,Call,152,0,0,45.4109,0,39,0
28-Oct-2025,130.82,Call,121,0,0,45.4109,0,0,0
28-Oct-2025,130.82,Put,100,0,0,45.4109,0,16,0
28-Oct-2025,130.82,Put,147.5,0,0,45.4109,0,21,0
28-Oct-2025,130.82,Put,155,0,0,45.4109,0,19,0
28-Oct-2025,130.82,Put,145,0,0,45.4109,0,117,0
28-Oct-2025,130.82,Call,114,0,0,45.4109,0,10,0
28-Oct-2025,130.82,Call,122,0,0,45.4109,0,0,0
28-Oct-2025,130.82,Call,116,0,0,45.4109,0,0,0
28-Oct-2025,130.82,Call,118,0,0,45.4109,0,0,0
25-Nov-2025,130.82,Call,125,0,0,45.4109,0,2,0
25-Nov-2025,130.82,Put,112,0,0,45.4109,0,0,0
28-Oct-2025,130.82,Put,114,0,0,45.4109,0,0,0
25-Nov-2025,130.82,Call,120,0,0,45.4109,0,1,0
25-Nov-2025,130.82,Put,108,0,0,0,0,0,0
25-Nov-2025,130.82,Call,118,0,0,45.4109,0,0,0
25-Nov-2025,130.82,Call,114,0,0,45.4109,0,0,0
25-Nov-2025,130.82,Call,116,0,0,45.4109,0,0,0
25-Nov-2025,130.82,Put,147,0,0,45.4109,0,0,0
25-Nov-2025,130.82,Call,147,0,0,45.4109,0,0,0
25-Nov-2025,130.82,Put,110,0,0,45.4109,0,0,0
25-Nov-2025,130.82,Put,152,0,0,45.4109,0,0,0
25-Nov-2025,130.82,Put,154,0,0,45.4109,0,0,0
25-Nov-2025,130.82,Put,150,0,0,45.4109,0,5,0
25-Nov-2025,130.82,Call,154,0,0,45.4109,0,0,0
25-Nov-2025,130.82,Put,116,0,0,45.4109,0,0,0
25-Nov-2025,130.82,Call,117,0,0,45.4109,0,0,0
25-Nov-2025,130.82,Put,117,0,0,45.4109,0,0,0
25-Nov-2025,130.82,Call,119,0,0,45.4109,0,0,0
25-Nov-2025,130.82,Call,110,0,0,45.4109,0,0,0
25-Nov-2025,130.82,Call,141,0,0,45.4109,0,0,0
25-Nov-2025,130.82,Call,144,0,0,45.4109,0,0,0
25-Nov-2025,130.82,Call,146,0,0,45.4109,0,2,0
25-Nov-2025,130.82,Call,148,0,0,45.4109,0,0,0
25-Nov-2025,130.82,Call,112,0,0,45.4109,0,0,0
25-Nov-2025,130.82,Call,108,0,0,45.4109,0,0,0
25-Nov-2025,130.82,Call,134,0,0,45.4109,0,0,0
25-Nov-2025,130.82,Call,136,0,0,45.4109,0,0,0
25-Nov-2025,130.82,Call,137,0,0,45.4109,0,0,0
25-Nov-2025,130.82,Call,138,0,0,45.4109,0,5,0
25-Nov-2025,130.82,Call,156,0,0,45.4109,0,0,0
25-Nov-2025,130.82,Put,114,0,0,45.4109,0,0,0
25-Nov-2025,130.82,Put,156,0,0,45.4109,0,0,0
25-Nov-2025,130.82,Call,143,0,0,45.4109,0,0,0
25-Nov-2025,130.82,Call,122,0,0,45.4109,0,0,0
25-Nov-2025,130.82,Call,123,0,0,45.4109,0,0,0
25-Nov-2025,130.82,Put,123,0,0,45.4109,0,0,0
25-Nov-2025,130.82,Put,124,0,0,45.4109,0,0,0
25-Nov-2025,130.82,Call,126,0,0,45.4109,0,0,0
25-Nov-2025,130.82,Call,128,0,0,45.4109,0,0,0
25-Nov-2025,130.82,Call,129,0,0,45.4109,0,3,0
25-Nov-2025,130.82,Call,131,0,0,45.4109,0,0,0
25-Nov-2025,130.82,Put,134,0,0,45.4109,0,0,0
25-Nov-2025,130.82,Put,136,0,0,45.4109,0,0,0
25-Nov-2025,130.82,Put,137,0,0,45.4109,0,0,0
25-Nov-2025,130.82,Put,143,0,0,45.4109,0,0,0
25-Nov-2025,130.82,Put,146,0,0,45.4109,0,0,0
25-Nov-2025,130.82,Put,126,0,0,45.4109,0,0,0
25-Nov-2025,130.82,Put,132,0,0,45.4109,0,0,0
30-Dec-2025,130.82,Call,138,0,0,45.4109,0,0,0
30-Dec-2025,130.82,Put,116,0,0,45.4109,0,0,0
30-Dec-2025,130.82,Call,116,0,0,45.4109,0,0,0
30-Dec-2025,130.82,Put,156,0,0,45.4109,0,0,0
30-Dec-2025,130.82,Put,152,0,0,45.4109,0,0,0
30-Dec-2025,130.82,Put,148,0,0,45.4109,0,0,0
30-Dec-2025,130.82,Put,146,0,0,45.4109,0,0,0
30-Dec-2025,130.82,Put,144,0,0,45.4109,0,0,0
30-Dec-2025,130.82,Put,142,0,0,45.4109,0,0,0
30-Dec-2025,130.82,Put,140,0,0,45.4109,0,0,0
25-Nov-2025,130.82,Put,129,0,0,45.4109,0,0,0
25-Nov-2025,130.82,Call,139,0,0,45.4109,0,2,0
25-Nov-2025,130.82,Put,133,0,0,45.4109,0,0,0
25-Nov-2025,130.82,Put,144,0,0,45.4109,0,0,0
25-Nov-2025,130.82,Put,142,0,0,45.4109,0,0,0
25-Nov-2025,130.82,Call,124,0,0,45.4109,0,0,0
25-Nov-2025,130.82,Call,121,0,0,45.4109,0,0,0
25-Nov-2025,130.82,Put,138,0,0,45.4109,0,0,0
30-Dec-2025,130.82,Put,108,0,0,45.4109,0,0,0
25-Nov-2025,130.82,Put,148,0,0,45.4109,0,0,0
25-Nov-2025,130.82,Call,142,0,0,45.4109,0,0,0
25-Nov-2025,130.82,Call,132,0,0,45.4109,0,1,0
25-Nov-2025,130.82,Put,141,0,0,45.4109,0,0,0
30-Dec-2025,130.82,Put,138,0,0,45.4109,0,0,0
30-Dec-2025,130.82,Put,134,0,0,45.4109,0,0,0
25-Nov-2025,130.82,Put,128,0,0,45.4109,0,3,0
30-Dec-2025,130.82,Call,118,0,0,45.4109,0,0,0
25-Nov-2025,130.82,Put,139,0,0,45.4109,0,0,0
25-Nov-2025,130.82,Call,152,0,0,45.4109,0,17,0
30-Dec-2025,130.82,Call,136,0,0,45.4109,0,0,0
30-Dec-2025,130.82,Put,136,0,0,45.4109,0,0,0
30-Dec-2025,130.82,Call,112,0,0,45.4109,0,0,0
25-Nov-2025,130.82,Put,127,0,0,45.4109,0,4,0
25-Nov-2025,130.82,Put,121,0,0,45.4109,0,0,0
30-Dec-2025,130.82,Call,134,0,0,45.4109,0,0,0
25-Nov-2025,130.82,Put,119,0,0,45.4109,0,0,0
30-Dec-2025,130.82,Call,128,0,0,45.4109,0,0,0
30-Dec-2025,130.82,Put,126,0,0,45.4109,0,0,0
30-Dec-2025,130.82,Call,130,0,0,45.4109,0,1,0
30-Dec-2025,130.82,Put,120,0,0,45.4109,0,3,0
30-Dec-2025,130.82,Call,132,0,0,45.4109,0,0,0
30-Dec-2025,130.82,Call,140,0,0,45.4109,0,9,0
30-Dec-2025,130.82,Call,124,0,0,45.4109,0,0,0
30-Dec-2025,130.82,Put,130,0,0,45.4109,0,3,0
30-Dec-2025,130.82,Call,146,0,0,45.4109,0,5,0
30-Dec-2025,130.82,Call,122,0,0,45.4109,0,0,0
30-Dec-2025,130.82,Put,128,0,0,45.4109,0,0,0
30-Dec-2025,130.82,Put,122,0,0,45.4109,0,1,0
30-Dec-2025,130.82,Put,118,0,0,45.4109,0,0,0
30-Dec-2025,130.82,Put,132,0,0,45.4109,0,0,0
30-Dec-2025,130.82,Call,120,0,0,45.4109,0,0,0
30-Dec-2025,130.82,Call,108,0,0,45.4109,0,0,0
30-Dec-2025,130.82,Call,126,0,0,45.4109,0,0,0
30-Dec-2025,130.82,Call,144,0,0,45.4109,0,0,0
30-Dec-2025,130.82,Call,142,0,0,45.4109,0,0,0
30-Dec-2025,130.82,Put,124,0,0,45.4109,0,0,0
30-Dec-2025,130.82,Call,148,0,0,45.4109,0,0,0
30-Dec-2025,130.82,Call,156,0,0,45.4109,0,0,0
30-Dec-2025,130.82,Call,152,0,0,45.4109,0,18,0
