28-Oct-2025,173.47,Call,175,2.45,22.7,34.3165,199,3968,2487
28-Oct-2025,173.47,-,0,174.34,0,34.3165,175,34056,1722
28-Oct-2025,173.47,Call,180,0.9,23.7,34.3165,-118,4689,1352
28-Oct-2025,173.47,Put,170,1.15,23.41,34.3165,10,1772,1105
28-Oct-2025,173.47,Put,172.5,2,22.99,34.3165,-8,1458,944
28-Oct-2025,173.47,Call,185,0.3,25.96,34.3165,6,1665,936
28-Oct-2025,173.47,Put,165,0.4,25.72,34.3165,138,1902,823
28-Oct-2025,173.47,Call,177.5,1.45,22.71,34.3165,99,1443,800
28-Oct-2025,173.47,Call,172.5,3.7,22.65,34.3165,58,1379,794
28-Oct-2025,173.47,Call,170,5.45,23.09,34.3165,-51,1721,782
28-Oct-2025,173.47,Put,175,3.1,23.09,34.3165,22,1516,747
28-Oct-2025,173.47,Put,167.5,0.7,24.73,34.3165,29,851,521
25-Nov-2025,173.47,-,0,175.19,0,34.3165,114,2123,357
28-Oct-2025,173.47,Call,182.5,0.45,23.94,34.3165,26,2331,336
28-Oct-2025,173.47,Put,162.5,0.25,27.44,34.3165,64,539,292
28-Oct-2025,173.47,Call,200,0.05,35.4,34.3165,-191,925,274
28-Oct-2025,173.47,Put,155,0.1,34.91,34.3165,-53,713,200
28-Oct-2025,173.47,Call,190,0.15,28.59,34.3165,3,2120,165
28-Oct-2025,173.47,Put,177.5,4.85,23.21,34.3165,21,532,164
28-Oct-2025,173.47,Put,160,0.15,28.88,34.3165,-3,1380,156
28-Oct-2025,173.47,Put,180,6.55,23.83,34.3165,2,797,102
28-Oct-2025,173.47,Put,150,0.1,43.06,34.3165,-54,1636,93
25-Nov-2025,173.47,Put,170,3.2,24.16,34.3165,44,339,89
25-Nov-2025,173.47,Call,180,3.35,23.71,34.3165,29,445,72
25-Nov-2025,173.47,Call,175,5.4,22.68,34.3165,17,191,72
28-Oct-2025,173.47,Call,165,9.65,23.44,34.3165,-8,313,63
28-Oct-2025,173.47,Call,187.5,0.2,26.54,34.3165,-5,380,59
28-Oct-2025,173.47,Call,167.5,7.2,23.07,34.3165,-2,281,51
25-Nov-2025,173.47,Call,190,1.2,23.81,34.3165,3,318,45
28-Oct-2025,173.47,Put,185,11,25.5,34.3165,8,242,42
25-Nov-2025,173.47,Put,175,5.35,24.14,34.3165,6,133,42
25-Nov-2025,173.47,Call,185,2,23.3,34.3165,3,223,26
28-Oct-2025,173.47,Call,195,0.1,33.02,34.3165,-5,1125,25
25-Nov-2025,173.47,Call,170,8.25,21.06,34.3165,2,109,25
28-Oct-2025,173.47,Call,162.5,11.9,24.26,34.3165,0,63,24
30-Dec-2025,173.47,-,0,176,0,34.3165,8,212,22
28-Oct-2025,173.47,Call,192.5,0.1,29.85,34.3165,9,83,21
25-Nov-2025,173.47,Put,160,0.9,25.81,34.3165,0,366,21
28-Oct-2025,173.47,Put,182.5,8.7,24.22,34.3165,0,90,18
25-Nov-2025,173.47,Put,165,1.8,25.24,34.3165,1,296,17
25-Nov-2025,173.47,Call,200,0.4,25.56,34.3165,6,164,15
25-Nov-2025,173.47,Call,195,0.7,24.41,34.3165,1,92,12
28-Oct-2025,173.47,Put,145,0.05,46.54,34.3165,0,404,9
25-Nov-2025,173.47,Put,172.5,4,24.56,34.3165,0,28,8
25-Nov-2025,173.47,Put,150,0.35,29.86,34.3165,2,91,7
25-Nov-2025,173.47,Call,187.5,1.45,23.11,34.3165,3,52,7
28-Oct-2025,173.47,Put,142.5,0.05,50.4,34.3165,2,20,6
25-Nov-2025,173.47,Call,172.5,6.9,23.17,34.3165,3,28,6
25-Nov-2025,173.47,Put,180,8,26.14,34.3165,0,67,6
28-Oct-2025,173.47,Call,160,14.5,32.04,34.3165,-3,326,5
25-Nov-2025,173.47,Put,167.5,2.4,24.39,34.3165,2,7,5
28-Oct-2025,173.47,Put,190,15.5,0,34.3165,0,113,4
25-Nov-2025,173.47,Put,190,16.1,28.61,34.3165,0,32,4
25-Nov-2025,173.47,Put,155,0.55,27.51,34.3165,0,40,4
28-Oct-2025,173.47,Put,157.5,0.1,30.86,34.3165,0,269,3
25-Nov-2025,173.47,Call,177.5,4.15,22.03,34.3165,1,6,3
25-Nov-2025,173.47,Call,160,15.9,20.67,34.3165,2,33,3
25-Nov-2025,173.47,Call,150,25.25,0,34.3165,1,4,3
30-Dec-2025,173.47,Call,190,2.5,21.77,34.3165,1,26,3
28-Oct-2025,173.47,Call,155,19,0,34.3165,0,155,2
25-Nov-2025,173.47,Call,182.5,2.55,22.79,34.3165,-1,10,2
25-Nov-2025,173.47,Call,167.5,10.15,23.3,34.3165,0,5,1
25-Nov-2025,173.47,Call,165,11.8,21.93,34.3165,0,37,1
30-Dec-2025,173.47,Call,175,7.75,21.12,34.3165,0,1,1
28-Oct-2025,173.47,Put,147.5,0,0,34.3165,0,343,0
28-Oct-2025,173.47,Call,157.5,0,0,34.3165,0,35,0
28-Oct-2025,173.47,Put,192.5,0,0,34.3165,0,0,0
28-Oct-2025,173.47,Call,135,0,0,34.3165,0,7,0
28-Oct-2025,173.47,Put,195,0,0,34.3165,0,66,0
28-Oct-2025,173.47,Call,147.5,0,0,34.3165,0,3,0
28-Oct-2025,173.47,Call,152.5,0,0,34.3165,0,20,0
28-Oct-2025,173.47,Put,152.5,0,0,34.3165,0,119,0
28-Oct-2025,173.47,Call,130,0,0,34.3165,0,118,0
28-Oct-2025,173.47,Call,150,0,0,34.3165,0,116,0
28-Oct-2025,173.47,Put,130,0,0,34.3165,0,144,0
25-Nov-2025,173.47,Put,177.5,0,0,34.3165,0,23,0
28-Oct-2025,173.47,Put,187.5,0,0,34.3165,0,49,0
28-Oct-2025,173.47,Call,145,0,0,34.3165,0,26,0
28-Oct-2025,173.47,Call,140,0,0,34.3165,0,65,0
28-Oct-2025,173.47,Put,140,0,0,34.3165,0,90,0
25-Nov-2025,173.47,Call,162.5,0,0,34.3165,0,0,0
30-Dec-2025,173.47,Call,155,0,0,34.3165,0,0,0
25-Nov-2025,173.47,Call,152.5,0,0,34.3165,0,0,0
25-Nov-2025,173.47,Put,162.5,0,0,34.3165,0,0,0
25-Nov-2025,173.47,Call,157.5,0,0,34.3165,0,0,0
30-Dec-2025,173.47,Put,210,0,0,34.3165,0,1,0
25-Nov-2025,173.47,Put,185,0,0,34.3165,0,1,0
30-Dec-2025,173.47,Call,140,0,0,34.3165,0,0,0
30-Dec-2025,173.47,Put,160,0,0,34.3165,0,3,0
30-Dec-2025,173.47,Put,175,0,0,34.3165,0,0,0
25-Nov-2025,173.47,Put,130,0,0,34.3165,0,14,0
25-Nov-2025,173.47,Put,195,0,0,34.3165,0,0,0
25-Nov-2025,173.47,Call,155,0,0,34.3165,0,2,0
25-Nov-2025,173.47,Put,152.5,0,0,34.3165,0,0,0
25-Nov-2025,173.47,Call,130,0,0,34.3165,0,1,0
28-Oct-2025,173.47,Put,200,0,0,34.3165,0,27,0
30-Dec-2025,173.47,Call,160,0,0,34.3165,0,0,0
25-Nov-2025,173.47,Put,182.5,0,0,34.3165,0,0,0
30-Dec-2025,173.47,Call,200,0,0,34.3165,0,0,0
25-Nov-2025,173.47,Call,145,0,0,34.3165,0,1,0
30-Dec-2025,173.47,Put,180,0,0,34.3165,0,0,0
25-Nov-2025,173.47,Call,192.5,0,0,34.3165,0,0,0
30-Dec-2025,173.47,Call,210,0,0,34.3165,0,0,0
30-Dec-2025,173.47,Put,170,0,0,34.3165,0,1,0
30-Dec-2025,173.47,Call,165,0,0,34.3165,0,0,0
30-Dec-2025,173.47,Put,150,0,0,34.3165,0,0,0
30-Dec-2025,173.47,Put,185,0,0,34.3165,0,0,0
25-Nov-2025,173.47,Put,200,0,0,34.3165,0,0,0
30-Dec-2025,173.47,Put,190,0,0,34.3165,0,0,0
30-Dec-2025,173.47,Call,185,0,0,34.3165,0,1,0
25-Nov-2025,173.47,Put,157.5,0,0,34.3165,0,0,0
30-Dec-2025,173.47,Call,180,0,0,34.3165,0,6,0
25-Nov-2025,173.47,Put,187.5,0,0,34.3165,0,0,0
25-Nov-2025,173.47,Put,192.5,0,0,34.3165,0,0,0
30-Dec-2025,173.47,Put,200,0,0,34.3165,0,0,0
30-Dec-2025,173.47,Call,170,0,0,34.3165,0,6,0
30-Dec-2025,173.47,Put,140,0,0,34.3165,0,0,0
25-Nov-2025,173.47,Put,145,0,0,34.3165,0,2,0
30-Dec-2025,173.47,Call,150,0,0,34.3165,0,0,0
30-Dec-2025,173.47,Put,155,0,0,34.3165,0,0,0
30-Dec-2025,173.47,Put,165,0,0,34.3165,0,5,0
