28-Oct-2025,396.8,Call,400,4.1,18.4,33.3193,339,4563,4105
28-Oct-2025,396.8,-,0,397.2,0,33.3193,15,40451,2152
28-Oct-2025,396.8,Call,410,1.45,19.47,33.3193,214,1951,1974
28-Oct-2025,396.8,Call,405,2.5,18.83,33.3193,55,1346,1469
28-Oct-2025,396.8,Put,390,2.4,20.36,33.3193,-32,2474,1461
28-Oct-2025,396.8,Put,395,4.15,20.38,33.3193,68,1430,1387
28-Oct-2025,396.8,Put,400,6.7,20.79,33.3193,32,1877,1150
28-Oct-2025,396.8,Call,395,6.45,17.79,33.3193,72,1493,998
28-Oct-2025,396.8,Put,385,1.4,20.86,33.3193,-131,1114,857
28-Oct-2025,396.8,Call,420,0.5,21.79,33.3193,-74,1891,653
25-Nov-2025,396.8,-,0,399.4,0,33.3193,233,1990,561
28-Oct-2025,396.8,Call,415,0.85,20.36,33.3193,-14,913,541
28-Oct-2025,396.8,Call,390,9.8,17.1,33.3193,5,1702,462
28-Oct-2025,396.8,Put,380,0.85,22.43,33.3193,11,1126,296
25-Nov-2025,396.8,Call,400,10.95,20.1,33.3193,179,743,287
28-Oct-2025,396.8,Put,405,10.1,21.54,33.3193,31,370,261
28-Oct-2025,396.8,Put,375,0.6,24.6,33.3193,5,482,212
28-Oct-2025,396.8,Put,350,0.2,37.02,33.3193,-21,385,162
28-Oct-2025,396.8,Put,410,13.55,20.92,33.3193,0,918,105
28-Oct-2025,396.8,Put,370,0.45,27.59,33.3193,-2,502,100
28-Oct-2025,396.8,Call,425,0.35,22.99,33.3193,-10,344,74
25-Nov-2025,396.8,Call,450,1.15,24.51,33.3193,47,198,74
25-Nov-2025,396.8,Call,420,4.35,21.32,33.3193,18,177,71
28-Oct-2025,396.8,Call,430,0.25,24.6,33.3193,6,518,59
28-Oct-2025,396.8,Put,360,0.3,32.2,33.3193,7,776,48
28-Oct-2025,396.8,Call,440,0.15,29.35,33.3193,-1,778,46
28-Oct-2025,396.8,Call,385,13.65,19.94,33.3193,0,744,45
30-Dec-2025,396.8,-,0,402.1,0,33.3193,27,166,41
25-Nov-2025,396.8,Call,410,7,21.13,33.3193,7,241,40
25-Nov-2025,396.8,Put,380,3.8,22.5,33.3193,1,241,40
25-Nov-2025,396.8,Call,430,2.55,21.74,33.3193,13,199,40
28-Oct-2025,396.8,Call,450,0.15,33.29,33.3193,-3,924,38
28-Oct-2025,396.8,Call,380,18.8,21.29,33.3193,-1,335,32
28-Oct-2025,396.8,Put,420,22.9,26.33,33.3193,-1,1013,32
28-Oct-2025,396.8,Put,415,17.75,21.05,33.3193,-1,90,27
25-Nov-2025,396.8,Put,390,6.8,22.34,33.3193,6,79,27
28-Oct-2025,396.8,Call,375,23.65,24.31,33.3193,-7,56,26
25-Nov-2025,396.8,Put,400,11.25,22.91,33.3193,1,113,22
28-Oct-2025,396.8,Put,320,0.1,53.27,33.3193,0,68,20
28-Oct-2025,396.8,Call,370,28.5,26.79,33.3193,-3,123,20
25-Nov-2025,396.8,Put,350,0.75,26.22,33.3193,9,50,20
25-Nov-2025,396.8,Call,425,3.3,21.68,33.3193,0,27,18
28-Oct-2025,396.8,Put,340,0.1,39.96,33.3193,12,213,16
28-Oct-2025,396.8,Call,345,53,28.94,33.3193,0,15,13
28-Oct-2025,396.8,Put,425,27.3,25.13,33.3193,2,35,13
25-Nov-2025,396.8,Put,370,2.15,23.34,33.3193,7,133,13
25-Nov-2025,396.8,Call,405,9.05,20.81,33.3193,2,23,12
25-Nov-2025,396.8,Call,340,60,0,33.3193,8,9,11
25-Nov-2025,396.8,Call,390,16.55,20.65,33.3193,2,91,10
25-Nov-2025,396.8,Put,440,41.65,28.48,33.3193,8,54,9
28-Oct-2025,396.8,Put,365,0.4,30.15,33.3193,3,305,8
25-Nov-2025,396.8,Call,395,13.8,20.33,33.3193,1,21,8
28-Oct-2025,396.8,Put,430,32.1,26.11,33.3193,0,318,7
25-Nov-2025,396.8,Put,395,8.9,22.82,33.3193,-3,12,7
25-Nov-2025,396.8,Call,440,1.6,22.78,33.3193,1,82,7
25-Nov-2025,396.8,Put,360,1.2,24.39,33.3193,3,39,5
25-Nov-2025,396.8,Put,430,32.1,24.77,33.3193,0,250,4
28-Oct-2025,396.8,Call,435,0.2,26.54,33.3193,0,62,3
28-Oct-2025,396.8,Put,355,0.2,33.52,33.3193,2,132,3
25-Nov-2025,396.8,Call,460,0.75,25.52,33.3193,0,16,3
25-Nov-2025,396.8,Put,410,17.65,24.54,33.3193,0,34,3
28-Oct-2025,396.8,Put,450,51.85,33.43,33.3193,-1,384,2
28-Oct-2025,396.8,Put,330,0.05,42.85,33.3193,0,30,2
25-Nov-2025,396.8,Put,415,20.7,24.2,33.3193,1,2,2
25-Nov-2025,396.8,Call,415,5.75,21.43,33.3193,0,28,2
25-Nov-2025,396.8,Call,380,24.05,20.52,33.3193,0,7,2
25-Nov-2025,396.8,Put,385,4.9,21.95,33.3193,0,0,1
28-Oct-2025,396.8,Call,335,0,0,33.3193,0,19,0
28-Oct-2025,396.8,Call,355,0,0,33.3193,0,42,0
28-Oct-2025,396.8,Call,320,0,0,33.3193,0,11,0
28-Oct-2025,396.8,Call,330,0,0,33.3193,0,15,0
28-Oct-2025,396.8,Call,460,0,0,33.3193,0,73,0
28-Oct-2025,396.8,Call,365,0,0,33.3193,0,67,0
28-Oct-2025,396.8,Put,460,0,0,33.3193,0,133,0
28-Oct-2025,396.8,Put,435,0,0,33.3193,0,11,0
28-Oct-2025,396.8,Put,345,0,0,33.3193,0,0,0
28-Oct-2025,396.8,Call,350,0,0,33.3193,0,46,0
28-Oct-2025,396.8,Put,440,0,0,33.3193,0,919,0
25-Nov-2025,396.8,Call,375,0,0,33.3193,0,11,0
25-Nov-2025,396.8,Put,450,0,0,33.3193,0,4,0
25-Nov-2025,396.8,Call,345,0,0,33.3193,0,0,0
25-Nov-2025,396.8,Call,355,0,0,33.3193,0,0,0
28-Oct-2025,396.8,Call,340,0,0,33.3193,0,5,0
25-Nov-2025,396.8,Put,345,0,0,33.3193,0,0,0
25-Nov-2025,396.8,Call,365,0,0,33.3193,0,0,0
25-Nov-2025,396.8,Put,425,0,0,33.3193,0,5,0
25-Nov-2025,396.8,Call,435,0,0,33.3193,0,0,0
25-Nov-2025,396.8,Put,330,0,0,33.3193,0,0,0
25-Nov-2025,396.8,Put,460,0,0,33.3193,0,0,0
28-Oct-2025,396.8,Call,360,0,0,33.3193,0,105,0
30-Dec-2025,396.8,Put,420,0,0,33.3193,0,0,0
30-Dec-2025,396.8,Call,400,0,0,33.3193,0,6,0
25-Nov-2025,396.8,Put,405,0,0,33.3193,0,3,0
25-Nov-2025,396.8,Put,420,0,0,33.3193,0,68,0
25-Nov-2025,396.8,Call,385,0,0,33.3193,0,2,0
25-Nov-2025,396.8,Call,360,0,0,33.3193,0,12,0
30-Dec-2025,396.8,Put,340,0,0,33.3193,0,0,0
25-Nov-2025,396.8,Put,375,0,0,33.3193,0,0,0
25-Nov-2025,396.8,Call,330,0,0,33.3193,0,52,0
30-Dec-2025,396.8,Call,460,0,0,33.3193,0,0,0
25-Nov-2025,396.8,Put,365,0,0,33.3193,0,0,0
30-Dec-2025,396.8,Put,360,0,0,33.3193,0,0,0
30-Dec-2025,396.8,Put,370,0,0,33.3193,0,0,0
30-Dec-2025,396.8,Call,410,0,0,33.3193,0,0,0
25-Nov-2025,396.8,Call,370,0,0,33.3193,0,10,0
30-Dec-2025,396.8,Put,380,0,0,33.3193,0,0,0
25-Nov-2025,396.8,Put,355,0,0,33.3193,0,0,0
30-Dec-2025,396.8,Put,410,0,0,33.3193,0,0,0
25-Nov-2025,396.8,Call,350,0,0,33.3193,0,1,0
25-Nov-2025,396.8,Put,435,0,0,33.3193,0,0,0
30-Dec-2025,396.8,Call,420,0,0,33.3193,0,0,0
30-Dec-2025,396.8,Call,390,0,0,33.3193,0,1,0
30-Dec-2025,396.8,Put,400,0,0,33.3193,0,0,0
30-Dec-2025,396.8,Call,430,0,0,33.3193,0,5,0
25-Nov-2025,396.8,Put,340,0,0,33.3193,0,35,0
30-Dec-2025,396.8,Call,440,0,0,33.3193,0,11,0
30-Dec-2025,396.8,Put,390,0,0,33.3193,0,0,0
30-Dec-2025,396.8,Put,350,0,0,33.3193,0,0,0
