28-Oct-2025,2979.9,Call,3000,35.45,19.46,24.5305,936,16077,12014
28-Oct-2025,2979.9,-,0,2988.5,0,24.5305,959,163451,7430
28-Oct-2025,2979.9,Call,3100,9.25,20.99,24.5305,359,18837,4069
28-Oct-2025,2979.9,Call,2980,43.8,19.27,24.5305,444,2593,3906
28-Oct-2025,2979.9,Put,2960,25.55,18.48,24.5305,367,5492,3883
28-Oct-2025,2979.9,Put,2900,10.5,19.7,24.5305,-210,6539,3293
28-Oct-2025,2979.9,Call,3040,20.05,19.71,24.5305,251,7997,3161
28-Oct-2025,2979.9,Call,3060,15.5,20.07,24.5305,118,9149,2995
28-Oct-2025,2979.9,Call,3200,3.15,24.79,24.5305,3,15804,2986
28-Oct-2025,2979.9,Call,2960,55,19.15,24.5305,39,4832,2890
28-Oct-2025,2979.9,Call,3020,26.5,19.6,24.5305,373,5749,2613
28-Oct-2025,2979.9,Put,2940,19.2,18.74,24.5305,168,2243,2428
28-Oct-2025,2979.9,Put,2980,34.35,18.4,24.5305,101,3238,2361
28-Oct-2025,2979.9,Put,3000,44.85,18.69,24.5305,0,7736,2157
28-Oct-2025,2979.9,Put,2920,14.2,19.13,24.5305,35,2353,1887
28-Oct-2025,2979.9,Put,2800,3,23.71,24.5305,-32,5241,1779
28-Oct-2025,2979.9,Call,3080,11.6,20.53,24.5305,141,7333,1413
28-Oct-2025,2979.9,Call,3120,7.2,21.6,24.5305,-176,1942,1287
25-Nov-2025,2979.9,-,0,3008.6,0,24.5305,433,21682,1033
28-Oct-2025,2979.9,Call,3140,5.8,22.31,24.5305,4,2663,1015
28-Oct-2025,2979.9,Call,2940,68.3,19.49,24.5305,-30,1380,982
28-Oct-2025,2979.9,Put,2860,5.9,20.99,24.5305,-39,1493,953
28-Oct-2025,2979.9,Call,2900,99.95,20.56,24.5305,113,3157,953
28-Oct-2025,2979.9,Call,3160,4.7,23.09,24.5305,26,2611,913
28-Oct-2025,2979.9,Put,2840,4.6,21.83,24.5305,1,1447,838
28-Oct-2025,2979.9,Put,2880,7.65,20.3,24.5305,-7,2072,830
28-Oct-2025,2979.9,Call,3300,1.2,28.5,24.5305,-40,6690,804
28-Oct-2025,2979.9,Call,3180,3.7,23.86,24.5305,24,1677,643
28-Oct-2025,2979.9,Put,2820,3.6,22.66,24.5305,19,634,607
25-Nov-2025,2979.9,Call,3000,79,18.96,24.5305,46,3075,582
25-Nov-2025,2979.9,Call,3200,18.7,19.63,24.5305,116,2749,539
25-Nov-2025,2979.9,Call,3100,39.55,18.94,24.5305,170,2368,537
28-Oct-2025,2979.9,Call,3220,2.5,25.3,24.5305,-101,1202,493
28-Oct-2025,2979.9,Call,2920,83.05,19.64,24.5305,18,1537,492
28-Oct-2025,2979.9,Put,2780,2.4,24.54,24.5305,42,625,474
28-Oct-2025,2979.9,Put,3020,56.9,19.9,24.5305,-45,2289,456
28-Oct-2025,2979.9,Call,3240,2.15,26.35,24.5305,-44,1356,363
28-Oct-2025,2979.9,Put,2700,1.05,28.63,24.5305,8,2895,301
28-Oct-2025,2979.9,Put,3040,70.65,19.23,24.5305,-60,2802,288
28-Oct-2025,2979.9,Put,3100,120.35,24.68,24.5305,-60,4122,241
25-Nov-2025,2979.9,Call,3300,8.95,20.71,24.5305,37,502,240
28-Oct-2025,2979.9,Call,3400,0.75,33.4,24.5305,-9,3821,227
28-Oct-2025,2979.9,Put,2740,1.55,26.51,24.5305,2,987,214
28-Oct-2025,2979.9,Put,2720,1.35,27.65,24.5305,-15,627,202
25-Nov-2025,2979.9,Call,2900,140,16.55,24.5305,126,547,188
28-Oct-2025,2979.9,Call,3280,1.5,27.91,24.5305,5,980,171
25-Nov-2025,2979.9,Put,2900,33.35,19.92,24.5305,31,1090,166
25-Nov-2025,2979.9,Put,2800,14,21.03,24.5305,74,767,162
28-Oct-2025,2979.9,Call,3260,1.7,27.41,24.5305,-47,1240,154
28-Oct-2025,2979.9,Put,2760,2.05,25.92,24.5305,17,1005,150
25-Nov-2025,2979.9,Put,3000,71.5,20.23,24.5305,18,2424,149
25-Nov-2025,2979.9,Call,2960,102,18.09,24.5305,-8,545,148
30-Dec-2025,2979.9,-,0,3022,0,24.5305,30,2015,130
28-Oct-2025,2979.9,Call,3340,0.75,29.2,24.5305,-13,2114,129
28-Oct-2025,2979.9,Call,3320,1,29.09,24.5305,-13,1643,116
25-Nov-2025,2979.9,Put,2700,6,22.36,24.5305,8,455,109
25-Nov-2025,2979.9,Put,2960,54.05,20.32,24.5305,20,311,103
25-Nov-2025,2979.9,Put,3200,214.15,24.36,24.5305,-57,355,102
25-Nov-2025,2979.9,Call,3180,20.9,19.3,24.5305,30,100,100
28-Oct-2025,2979.9,Put,2600,0.75,36.2,24.5305,-6,2680,97
25-Nov-2025,2979.9,Call,3400,5,22.92,24.5305,-10,902,94
28-Oct-2025,2979.9,Put,3200,212.75,34.71,24.5305,-67,1985,85
28-Oct-2025,2979.9,Put,2680,0.85,29.39,24.5305,-31,944,84
25-Nov-2025,2979.9,Call,3160,23.9,19.23,24.5305,27,210,63
28-Oct-2025,2979.9,Call,3360,0.75,30.8,24.5305,23,910,62
28-Oct-2025,2979.9,Call,2840,142.25,14.72,24.5305,4,139,58
28-Oct-2025,2979.9,Call,2800,191.55,0,24.5305,1,1000,58
28-Oct-2025,2979.9,Put,3060,85.75,21.99,24.5305,-24,2101,56
25-Nov-2025,2979.9,Call,3060,52.85,17.97,24.5305,-1,477,56
25-Nov-2025,2979.9,Call,3520,2.8,24.78,24.5305,16,461,49
25-Nov-2025,2979.9,Call,3080,45,18.25,24.5305,26,168,47
28-Oct-2025,2979.9,Call,2880,116,14,24.5305,-4,554,39
28-Oct-2025,2979.9,Call,3600,0.35,41.1,24.5305,14,882,36
25-Nov-2025,2979.9,Call,3040,60,17.96,24.5305,10,618,33
28-Oct-2025,2979.9,Put,2660,0.95,31.15,24.5305,-18,582,30
25-Nov-2025,2979.9,Call,3140,28.9,18.55,24.5305,-7,161,28
25-Nov-2025,2979.9,Call,2980,89.35,18.14,24.5305,3,182,27
25-Nov-2025,2979.9,Call,2940,111,18.02,24.5305,3,83,26
25-Nov-2025,2979.9,Call,3120,33,18.56,24.5305,1,174,25
28-Oct-2025,2979.9,Call,2860,122,11.94,24.5305,6,285,21
28-Oct-2025,2979.9,Put,2640,0.8,32.67,24.5305,-4,854,21
25-Nov-2025,2979.9,Put,2860,26.45,20.64,24.5305,5,166,20
28-Oct-2025,2979.9,Put,3120,141.35,26.72,24.5305,-1,324,19
25-Nov-2025,2979.9,Put,2880,29.2,20.97,24.5305,6,219,19
25-Nov-2025,2979.9,Put,3100,132.85,20.96,24.5305,1,331,19
28-Oct-2025,2979.9,Call,2820,170.6,0,24.5305,0,115,16
25-Nov-2025,2979.9,Call,3280,9.9,20.63,24.5305,2,131,16
30-Dec-2025,2979.9,Call,3000,111,17.61,24.5305,3,190,15
25-Nov-2025,2979.9,Put,3140,164.9,22.48,24.5305,10,95,14
25-Nov-2025,2979.9,Put,2840,20.75,20.73,24.5305,11,297,13
28-Oct-2025,2979.9,Put,3080,104,28.15,24.5305,-3,1209,11
25-Nov-2025,2979.9,Put,2740,9.6,21.98,24.5305,3,155,11
28-Oct-2025,2979.9,Put,2520,0.75,42.28,24.5305,1,409,10
25-Nov-2025,2979.9,Put,2940,52.8,21.09,24.5305,4,89,10
30-Dec-2025,2979.9,Put,3000,95,20.93,24.5305,2,125,10
30-Dec-2025,2979.9,Call,3200,42,18.24,24.5305,7,143,10
28-Oct-2025,2979.9,Call,3380,0.7,31.81,24.5305,0,247,8
25-Nov-2025,2979.9,Put,2760,10.25,21.44,24.5305,3,146,8
25-Nov-2025,2979.9,Call,3020,66.95,18.99,24.5305,-1,172,8
30-Dec-2025,2979.9,Call,3280,25.5,0,24.5305,4,105,8
25-Nov-2025,2979.9,Call,2800,204.5,12.3,24.5305,6,130,7
28-Oct-2025,2979.9,Put,3140,164.8,28.91,24.5305,-1,269,6
25-Nov-2025,2979.9,Call,3320,7.05,21.04,24.5305,4,401,6
28-Oct-2025,2979.9,Call,3440,0.65,0,24.5305,0,300,5
25-Nov-2025,2979.9,Put,3060,105.55,0,24.5305,0,87,5
25-Nov-2025,2979.9,Put,3120,153,21.27,24.5305,0,103,5
28-Oct-2025,2979.9,Put,3300,329,45.7,24.5305,-2,1532,5
25-Nov-2025,2979.9,Call,2880,151.7,0,24.5305,0,28,5
25-Nov-2025,2979.9,Put,3300,312.2,26.93,24.5305,3,108,4
25-Nov-2025,2979.9,Call,3680,1.05,26.92,24.5305,0,59,4
25-Nov-2025,2979.9,Put,2920,42.75,20.31,24.5305,0,84,4
25-Nov-2025,2979.9,Put,2720,8,22.21,24.5305,0,128,4
28-Oct-2025,2979.9,Call,3480,0.65,37.75,24.5305,1,431,4
25-Nov-2025,2979.9,Put,2820,18.6,20.85,24.5305,1,52,4
28-Oct-2025,2979.9,Put,3400,415.1,0,24.5305,0,1741,3
30-Dec-2025,2979.9,Put,2800,30.65,21.24,24.5305,0,70,3
25-Nov-2025,2979.9,Call,3260,12,0,24.5305,1,93,3
25-Nov-2025,2979.9,Put,3020,89.15,20.96,24.5305,0,65,3
25-Nov-2025,2979.9,Call,2920,123.5,18.95,24.5305,0,27,3
28-Oct-2025,2979.9,Call,3420,0.7,34.37,24.5305,1,288,2
28-Oct-2025,2979.9,Call,3520,0.55,39.35,24.5305,0,618,2
25-Nov-2025,2979.9,Put,2600,3.8,25.43,24.5305,-1,104,2
25-Nov-2025,2979.9,Call,3240,13.25,0,24.5305,0,205,2
25-Nov-2025,2979.9,Put,2980,70.8,21.37,24.5305,1,127,2
25-Nov-2025,2979.9,Put,3400,405,29.28,24.5305,1,26,2
28-Oct-2025,2979.9,Call,3640,0.2,41.5,24.5305,0,224,2
25-Nov-2025,2979.9,Call,3220,15.85,0,24.5305,0,33,1
25-Nov-2025,2979.9,Call,3600,1.6,25.86,24.5305,0,268,1
25-Nov-2025,2979.9,Put,2680,6.5,23.52,24.5305,0,30,1
25-Nov-2025,2979.9,Put,2660,4.75,23.11,24.5305,0,55,1
28-Oct-2025,2979.9,Call,2660,0,0,24.5305,0,0,0
28-Oct-2025,2979.9,Call,2700,0,0,24.5305,0,76,0
28-Oct-2025,2979.9,Put,3320,0,0,24.5305,0,30,0
28-Oct-2025,2979.9,Put,3360,0,0,24.5305,0,14,0
28-Oct-2025,2979.9,Put,3180,0,0,24.5305,0,186,0
28-Oct-2025,2979.9,Put,3220,0,0,24.5305,0,89,0
28-Oct-2025,2979.9,Put,3280,0,0,24.5305,0,48,0
28-Oct-2025,2979.9,Put,3340,0,0,24.5305,0,35,0
28-Oct-2025,2979.9,Put,3260,0,0,24.5305,0,59,0
28-Oct-2025,2979.9,Put,3240,0,0,24.5305,0,195,0
28-Oct-2025,2979.9,Put,3520,0,0,24.5305,0,278,0
28-Oct-2025,2979.9,Put,3160,0,0,24.5305,0,363,0
28-Oct-2025,2979.9,Call,2680,0,0,24.5305,0,0,0
28-Oct-2025,2979.9,Call,2740,0,0,24.5305,0,10,0
28-Oct-2025,2979.9,Call,2480,0,0,24.5305,0,2,0
28-Oct-2025,2979.9,Call,2520,0,0,24.5305,0,0,0
28-Oct-2025,2979.9,Put,2400,0,0,24.5305,0,367,0
28-Oct-2025,2979.9,Call,2600,0,0,24.5305,0,549,0
25-Nov-2025,2979.9,Put,2780,0,0,24.5305,0,123,0
25-Nov-2025,2979.9,Call,2440,0,0,24.5305,0,0,0
25-Nov-2025,2979.9,Put,2520,0,0,24.5305,0,0,0
25-Nov-2025,2979.9,Put,3560,0,0,24.5305,0,0,0
28-Oct-2025,2979.9,Put,3600,0,0,24.5305,0,1274,0
25-Nov-2025,2979.9,Call,2720,0,0,24.5305,0,0,0
28-Oct-2025,2979.9,Call,2760,0,0,24.5305,0,60,0
25-Nov-2025,2979.9,Put,3260,0,0,24.5305,0,0,0
25-Nov-2025,2979.9,Put,3160,0,0,24.5305,0,0,0
28-Oct-2025,2979.9,Call,2440,0,0,24.5305,0,0,0
28-Oct-2025,2979.9,Call,3560,0,0,24.5305,0,350,0
25-Nov-2025,2979.9,Call,2600,0,0,24.5305,0,1,0
25-Nov-2025,2979.9,Put,3240,0,0,24.5305,0,15,0
28-Oct-2025,2979.9,Put,3560,0,0,24.5305,0,149,0
28-Oct-2025,2979.9,Put,3420,0,0,24.5305,0,14,0
28-Oct-2025,2979.9,Call,2720,0,0,24.5305,0,18,0
28-Oct-2025,2979.9,Put,3640,0,0,24.5305,0,673,0
30-Dec-2025,2979.9,Put,2640,0,0,24.5305,0,0,0
30-Dec-2025,2979.9,Call,3320,0,0,24.5305,0,0,0
30-Dec-2025,2979.9,Call,3080,0,0,24.5305,0,0,0
30-Dec-2025,2979.9,Put,3120,0,0,24.5305,0,0,0
30-Dec-2025,2979.9,Call,3160,0,0,24.5305,0,1,0
30-Dec-2025,2979.9,Put,3080,0,0,24.5305,0,0,0
30-Dec-2025,2979.9,Put,3040,0,0,24.5305,0,0,0
30-Dec-2025,2979.9,Call,3040,0,0,24.5305,0,0,0
30-Dec-2025,2979.9,Put,2960,0,0,24.5305,0,11,0
30-Dec-2025,2979.9,Call,2960,0,0,24.5305,0,0,0
25-Nov-2025,2979.9,Put,3040,0,0,24.5305,0,250,0
25-Nov-2025,2979.9,Put,3480,0,0,24.5305,0,5,0
28-Oct-2025,2979.9,Put,2440,0,0,24.5305,0,46,0
25-Nov-2025,2979.9,Put,3360,0,0,24.5305,0,0,0
25-Nov-2025,2979.9,Call,2560,0,0,24.5305,0,0,0
25-Nov-2025,2979.9,Call,2520,0,0,24.5305,0,0,0
25-Nov-2025,2979.9,Put,3220,0,0,24.5305,0,0,0
25-Nov-2025,2979.9,Call,2480,0,0,24.5305,0,0,0
25-Nov-2025,2979.9,Call,2660,0,0,24.5305,0,0,0
25-Nov-2025,2979.9,Put,3440,0,0,24.5305,0,1,0
25-Nov-2025,2979.9,Call,2820,0,0,24.5305,0,0,0
25-Nov-2025,2979.9,Call,3480,0,0,24.5305,0,10,0
25-Nov-2025,2979.9,Call,2700,0,0,24.5305,0,0,0
25-Nov-2025,2979.9,Call,2760,0,0,24.5305,0,0,0
25-Nov-2025,2979.9,Call,3360,0,0,24.5305,0,8,0
28-Oct-2025,2979.9,Put,3480,0,0,24.5305,0,90,0
25-Nov-2025,2979.9,Call,2860,0,0,24.5305,0,5,0
25-Nov-2025,2979.9,Call,3560,0,0,24.5305,0,0,0
25-Nov-2025,2979.9,Call,2740,0,0,24.5305,0,0,0
25-Nov-2025,2979.9,Call,3440,0,0,24.5305,0,32,0
28-Oct-2025,2979.9,Put,2560,0,0,24.5305,0,518,0
28-Oct-2025,2979.9,Put,2480,0,0,24.5305,0,297,0
25-Nov-2025,2979.9,Call,2840,0,0,24.5305,0,9,0
25-Nov-2025,2979.9,Put,3320,0,0,24.5305,0,0,0
28-Oct-2025,2979.9,Put,3440,0,0,24.5305,0,34,0
25-Nov-2025,2979.9,Put,2480,0,0,24.5305,0,0,0
28-Oct-2025,2979.9,Call,2780,0,0,24.5305,0,9,0
25-Nov-2025,2979.9,Put,2640,0,0,24.5305,0,0,0
25-Nov-2025,2979.9,Put,3080,0,0,24.5305,0,17,0
25-Nov-2025,2979.9,Put,2440,0,0,24.5305,0,0,0
28-Oct-2025,2979.9,Call,2640,0,0,24.5305,0,1,0
30-Dec-2025,2979.9,Put,2880,0,0,24.5305,0,0,0
25-Nov-2025,2979.9,Call,2640,0,0,24.5305,0,0,0
25-Nov-2025,2979.9,Call,2780,0,0,24.5305,0,0,0
25-Nov-2025,2979.9,Put,2560,0,0,24.5305,0,0,0
28-Oct-2025,2979.9,Call,2560,0,0,24.5305,0,0,0
25-Nov-2025,2979.9,Put,3280,0,0,24.5305,0,6,0
25-Nov-2025,2979.9,Put,3680,0,0,24.5305,0,5,0
25-Nov-2025,2979.9,Put,3520,0,0,24.5305,0,0,0
25-Nov-2025,2979.9,Call,2680,0,0,24.5305,0,0,0
25-Nov-2025,2979.9,Put,3180,0,0,24.5305,0,3,0
30-Dec-2025,2979.9,Call,3360,0,0,24.5305,0,20,0
30-Dec-2025,2979.9,Call,3240,0,0,24.5305,0,29,0
30-Dec-2025,2979.9,Call,3520,0,0,24.5305,0,25,0
30-Dec-2025,2979.9,Call,3440,0,0,24.5305,0,29,0
30-Dec-2025,2979.9,Call,3120,0,0,24.5305,0,2,0
30-Dec-2025,2979.9,Call,2920,0,0,24.5305,0,0,0
30-Dec-2025,2979.9,Put,2920,0,0,24.5305,0,0,0
30-Dec-2025,2979.9,Put,2560,0,0,24.5305,0,0,0
