28-Oct-2025,2963.2,Call,3000,27.35,19.13,24.5305,1364,16505,9290
28-Oct-2025,2963.2,-,0,2970.9,0,24.5305,675,163167,5837
28-Oct-2025,2963.2,Call,3100,7.25,21.42,24.5305,511,18989,3372
28-Oct-2025,2963.2,Put,2960,33.15,19.61,24.5305,288,5413,3088
28-Oct-2025,2963.2,Call,2980,35.3,18.8,24.5305,411,2560,2971
28-Oct-2025,2963.2,Put,2900,14.35,20.21,24.5305,-222,6527,2751
28-Oct-2025,2963.2,Call,3200,2.6,25.41,24.5305,79,15880,2510
28-Oct-2025,2963.2,Call,3060,12,20.14,24.5305,165,9196,2438
28-Oct-2025,2963.2,Call,3040,15.65,19.64,24.5305,279,8025,2388
28-Oct-2025,2963.2,Call,2960,45,18.4,24.5305,40,4833,2205
28-Oct-2025,2963.2,Call,3020,20.85,19.41,24.5305,376,5752,2124
28-Oct-2025,2963.2,Put,2940,25.45,19.56,24.5305,141,2216,2004
28-Oct-2025,2963.2,Put,2980,43.8,19.89,24.5305,47,3184,1825
28-Oct-2025,2963.2,Put,3000,55.15,20.21,24.5305,44,7780,1621
28-Oct-2025,2963.2,Put,2920,19.15,19.75,24.5305,48,2366,1529
28-Oct-2025,2963.2,Put,2800,3.8,23.62,24.5305,-72,5201,1413
28-Oct-2025,2963.2,Call,3080,9.1,20.6,24.5305,68,7260,1022
28-Oct-2025,2963.2,Call,3120,5.6,21.97,24.5305,-154,1964,944
28-Oct-2025,2963.2,Put,2860,7.95,21.13,24.5305,-43,1489,800
28-Oct-2025,2963.2,Call,2940,57,18.38,24.5305,-35,1375,775
28-Oct-2025,2963.2,Call,3160,3.65,23.56,24.5305,13,2598,757
28-Oct-2025,2963.2,Call,3300,1.15,29.03,24.5305,-43,6687,741
28-Oct-2025,2963.2,Call,3140,4.45,22.82,24.5305,-6,2653,718
28-Oct-2025,2963.2,Put,2880,10.45,20.57,24.5305,26,2105,682
28-Oct-2025,2963.2,Call,2900,85.65,18.9,24.5305,93,3137,681
28-Oct-2025,2963.2,Put,2840,6,21.82,24.5305,-42,1404,652
25-Nov-2025,2963.2,-,0,2987.6,0,24.5305,293,21542,640
28-Oct-2025,2963.2,Call,3180,2.9,24.41,24.5305,49,1702,538
28-Oct-2025,2963.2,Put,2820,4.75,22.78,24.5305,2,617,501
28-Oct-2025,2963.2,Call,3220,2.1,26.01,24.5305,-89,1214,447
28-Oct-2025,2963.2,Put,2780,3.1,24.45,24.5305,63,646,444
25-Nov-2025,2963.2,Call,3100,34.25,19.11,24.5305,161,2359,434
25-Nov-2025,2963.2,Call,3000,70,18.71,24.5305,73,3102,420
28-Oct-2025,2963.2,Put,3020,68.75,20.68,24.5305,-40,2294,373
28-Oct-2025,2963.2,Call,2920,70.4,18.69,24.5305,16,1535,335
28-Oct-2025,2963.2,Call,3240,1.85,27.12,24.5305,-39,1361,335
25-Nov-2025,2963.2,Call,3200,16.4,20.09,24.5305,98,2731,315
28-Oct-2025,2963.2,Put,2700,1.3,28.22,24.5305,13,2900,264
28-Oct-2025,2963.2,Put,3040,83.75,21.11,24.5305,-50,2812,234
28-Oct-2025,2963.2,Put,3100,136.05,23.86,24.5305,-41,4141,192
28-Oct-2025,2963.2,Put,2740,2.05,26.4,24.5305,0,985,191
28-Oct-2025,2963.2,Put,2720,1.7,27.43,24.5305,-12,630,174
28-Oct-2025,2963.2,Call,3280,1.4,28.86,24.5305,11,986,157
28-Oct-2025,2963.2,Call,3400,0.8,34.56,24.5305,-9,3821,156
25-Nov-2025,2963.2,Call,2900,124.9,18.22,24.5305,112,533,156
25-Nov-2025,2963.2,Call,3300,8.2,21.36,24.5305,12,477,155
25-Nov-2025,2963.2,Put,2900,38.6,20.46,24.5305,32,1091,129
28-Oct-2025,2963.2,Call,3260,1.6,28.13,24.5305,-44,1243,127
28-Oct-2025,2963.2,Put,2760,2.5,25.6,24.5305,11,999,127
30-Dec-2025,2963.2,-,0,3006,0,24.5305,27,2012,115
28-Oct-2025,2963.2,Call,3340,0.75,30.35,24.5305,-11,2116,106
25-Nov-2025,2963.2,Put,3000,81.5,20.59,24.5305,1,2407,98
25-Nov-2025,2963.2,Call,3180,19.35,20.1,24.5305,15,85,94
28-Oct-2025,2963.2,Call,3320,0.9,29.76,24.5305,-5,1651,93
25-Nov-2025,2963.2,Call,2960,91,18.59,24.5305,14,567,93
25-Nov-2025,2963.2,Put,3200,226.2,23.28,24.5305,-59,353,93
25-Nov-2025,2963.2,Put,2800,16.6,20.89,24.5305,43,736,83
28-Oct-2025,2963.2,Put,3200,234.2,29.79,24.5305,-65,1987,80
25-Nov-2025,2963.2,Put,2960,61.95,20.4,24.5305,17,308,76
28-Oct-2025,2963.2,Put,2680,1.1,29.12,24.5305,-32,943,70
28-Oct-2025,2963.2,Put,2600,0.95,35.6,24.5305,-3,2683,68
28-Oct-2025,2963.2,Call,3360,0.75,31.67,24.5305,23,910,62
25-Nov-2025,2963.2,Call,3400,4.8,23.26,24.5305,-9,903,52
28-Oct-2025,2963.2,Call,2840,136.05,25.25,24.5305,1,136,51
25-Nov-2025,2963.2,Call,3160,21.25,19.48,24.5305,24,207,46
25-Nov-2025,2963.2,Call,3080,40,19.15,24.5305,6,148,43
25-Nov-2025,2963.2,Call,3060,47.6,19.5,24.5305,3,481,42
28-Oct-2025,2963.2,Call,3600,0.3,43.18,24.5305,16,884,35
28-Oct-2025,2963.2,Put,3060,98.7,18.55,24.5305,-5,2120,30
28-Oct-2025,2963.2,Put,2660,0.95,30.26,24.5305,-18,582,30
25-Nov-2025,2963.2,Call,3040,54.45,19.36,24.5305,10,618,30
25-Nov-2025,2963.2,Put,2700,7,22.05,24.5305,10,457,27
25-Nov-2025,2963.2,Call,2980,79,18.76,24.5305,3,182,25
28-Oct-2025,2963.2,Call,2800,172,18.44,24.5305,-1,998,23
28-Oct-2025,2963.2,Call,2860,122,24.02,24.5305,6,285,21
25-Nov-2025,2963.2,Call,3120,29,19.22,24.5305,-2,171,21
28-Oct-2025,2963.2,Call,2880,98.95,18.89,24.5305,0,558,20
28-Oct-2025,2963.2,Put,2640,0.9,31.79,24.5305,-4,854,19
25-Nov-2025,2963.2,Put,2860,28.85,20.55,24.5305,5,166,19
28-Oct-2025,2963.2,Put,3120,150,14.67,24.5305,-1,324,18
25-Nov-2025,2963.2,Call,3140,25,19.4,24.5305,-6,162,18
25-Nov-2025,2963.2,Call,3520,2.5,25.29,24.5305,1,446,18
30-Dec-2025,2963.2,Call,3000,106.6,18.01,24.5305,3,190,14
25-Nov-2025,2963.2,Put,3100,141.3,19.66,24.5305,1,331,12
25-Nov-2025,2963.2,Put,2840,22.2,19.88,24.5305,10,296,12
28-Oct-2025,2963.2,Put,2520,0.75,41.45,24.5305,1,409,10
25-Nov-2025,2963.2,Put,2740,10,21.55,24.5305,3,155,9
28-Oct-2025,2963.2,Call,3380,0.7,32.67,24.5305,0,247,8
25-Nov-2025,2963.2,Call,3280,9.55,21.31,24.5305,2,131,8
25-Nov-2025,2963.2,Put,2940,51.25,19.5,24.5305,3,88,8
30-Dec-2025,2963.2,Call,3200,39,18.95,24.5305,3,139,8
28-Oct-2025,2963.2,Put,3080,120.3,22.31,24.5305,-3,1209,7
25-Nov-2025,2963.2,Call,2800,204.5,18.02,24.5305,6,130,7
30-Dec-2025,2963.2,Put,3000,101,20.85,24.5305,2,125,7
25-Nov-2025,2963.2,Put,3140,166.8,0,24.5305,0,85,6
28-Oct-2025,2963.2,Put,3140,169.7,15.35,24.5305,-1,269,5
25-Nov-2025,2963.2,Call,3320,7.25,21.82,24.5305,0,397,5
25-Nov-2025,2963.2,Put,3120,153,18.76,24.5305,0,103,5
25-Nov-2025,2963.2,Put,2760,11.15,20.88,24.5305,3,146,5
28-Oct-2025,2963.2,Put,3300,332,35.26,24.5305,1,1535,4
28-Oct-2025,2963.2,Call,3480,0.65,38.58,24.5305,1,431,4
25-Nov-2025,2963.2,Put,2720,8,21.57,24.5305,0,128,4
25-Nov-2025,2963.2,Put,2880,34.05,20.47,24.5305,1,214,4
25-Nov-2025,2963.2,Call,2940,104.4,19.64,24.5305,1,81,3
25-Nov-2025,2963.2,Put,3020,89.15,19.38,24.5305,0,65,3
25-Nov-2025,2963.2,Put,3300,320,26,24.5305,0,105,3
25-Nov-2025,2963.2,Put,2820,20,20.02,24.5305,2,53,3
28-Oct-2025,2963.2,Call,3640,0.2,42.23,24.5305,0,224,2
28-Oct-2025,2963.2,Call,3420,0.7,35.22,24.5305,1,288,2
28-Oct-2025,2963.2,Call,3520,0.55,40.17,24.5305,0,618,2
25-Nov-2025,2963.2,Call,3020,63.3,19.55,24.5305,-1,172,2
25-Nov-2025,2963.2,Call,2920,122,21.15,24.5305,0,27,2
25-Nov-2025,2963.2,Put,2980,70.8,19.27,24.5305,1,127,2
25-Nov-2025,2963.2,Put,2680,6.5,22.92,24.5305,0,30,1
25-Nov-2025,2963.2,Put,2920,41.55,18.89,24.5305,0,84,1
25-Nov-2025,2963.2,Call,3680,1.05,27.38,24.5305,0,59,1
25-Nov-2025,2963.2,Put,2600,3,23.82,24.5305,0,105,1
30-Dec-2025,2963.2,Put,2800,31.5,0,24.5305,0,70,1
30-Dec-2025,2963.2,Put,2840,39.8,20.55,24.5305,0,16,1
28-Oct-2025,2963.2,Put,3180,0,0,24.5305,0,186,0
28-Oct-2025,2963.2,Put,3220,0,0,24.5305,0,89,0
28-Oct-2025,2963.2,Call,2520,0,0,24.5305,0,0,0
28-Oct-2025,2963.2,Put,3420,0,0,24.5305,0,14,0
28-Oct-2025,2963.2,Put,3280,0,0,24.5305,0,48,0
28-Oct-2025,2963.2,Put,3340,0,0,24.5305,0,35,0
28-Oct-2025,2963.2,Put,3260,0,0,24.5305,0,59,0
28-Oct-2025,2963.2,Put,3640,0,0,24.5305,0,673,0
28-Oct-2025,2963.2,Call,2740,0,0,24.5305,0,10,0
28-Oct-2025,2963.2,Call,2600,0,0,24.5305,0,549,0
28-Oct-2025,2963.2,Call,2720,0,0,24.5305,0,18,0
28-Oct-2025,2963.2,Put,3560,0,0,24.5305,0,149,0
28-Oct-2025,2963.2,Call,3440,0,0,24.5305,0,300,0
28-Oct-2025,2963.2,Call,2660,0,0,24.5305,0,0,0
28-Oct-2025,2963.2,Call,2700,0,0,24.5305,0,76,0
28-Oct-2025,2963.2,Put,3320,0,0,24.5305,0,30,0
28-Oct-2025,2963.2,Put,3360,0,0,24.5305,0,14,0
28-Oct-2025,2963.2,Call,2640,0,0,24.5305,0,1,0
28-Oct-2025,2963.2,Call,2680,0,0,24.5305,0,0,0
28-Oct-2025,2963.2,Put,3480,0,0,24.5305,0,90,0
28-Oct-2025,2963.2,Call,3560,0,0,24.5305,0,350,0
28-Oct-2025,2963.2,Call,2480,0,0,24.5305,0,2,0
28-Oct-2025,2963.2,Put,2480,0,0,24.5305,0,297,0
28-Oct-2025,2963.2,Call,2820,0,0,24.5305,0,115,0
28-Oct-2025,2963.2,Call,2560,0,0,24.5305,0,0,0
28-Oct-2025,2963.2,Put,2400,0,0,24.5305,0,367,0
28-Oct-2025,2963.2,Call,2440,0,0,24.5305,0,0,0
28-Oct-2025,2963.2,Put,2440,0,0,24.5305,0,46,0
28-Oct-2025,2963.2,Put,3400,0,0,24.5305,0,1741,0
28-Oct-2025,2963.2,Put,2560,0,0,24.5305,0,518,0
28-Oct-2025,2963.2,Call,2780,0,0,24.5305,0,9,0
28-Oct-2025,2963.2,Put,3600,0,0,24.5305,0,1274,0
28-Oct-2025,2963.2,Put,3240,0,0,24.5305,0,195,0
28-Oct-2025,2963.2,Call,2760,0,0,24.5305,0,60,0
28-Oct-2025,2963.2,Put,3440,0,0,24.5305,0,34,0
28-Oct-2025,2963.2,Put,3520,0,0,24.5305,0,278,0
25-Nov-2025,2963.2,Put,3060,0,0,24.5305,0,87,0
25-Nov-2025,2963.2,Put,3180,0,0,24.5305,0,3,0
25-Nov-2025,2963.2,Put,3480,0,0,24.5305,0,5,0
25-Nov-2025,2963.2,Call,2560,0,0,24.5305,0,0,0
25-Nov-2025,2963.2,Call,2600,0,0,24.5305,0,1,0
25-Nov-2025,2963.2,Put,3320,0,0,24.5305,0,0,0
25-Nov-2025,2963.2,Put,3360,0,0,24.5305,0,0,0
25-Nov-2025,2963.2,Put,3440,0,0,24.5305,0,1,0
25-Nov-2025,2963.2,Put,3520,0,0,24.5305,0,0,0
25-Nov-2025,2963.2,Put,2480,0,0,24.5305,0,0,0
25-Nov-2025,2963.2,Put,2660,0,0,24.5305,0,55,0
25-Nov-2025,2963.2,Call,2720,0,0,24.5305,0,0,0
25-Nov-2025,2963.2,Call,2760,0,0,24.5305,0,0,0
25-Nov-2025,2963.2,Call,3360,0,0,24.5305,0,8,0
25-Nov-2025,2963.2,Put,3400,0,0,24.5305,0,25,0
25-Nov-2025,2963.2,Put,3220,0,0,24.5305,0,0,0
25-Nov-2025,2963.2,Call,2640,0,0,24.5305,0,0,0
25-Nov-2025,2963.2,Put,2440,0,0,24.5305,0,0,0
25-Nov-2025,2963.2,Put,3260,0,0,24.5305,0,0,0
25-Nov-2025,2963.2,Call,3220,0,0,24.5305,0,33,0
25-Nov-2025,2963.2,Call,2700,0,0,24.5305,0,0,0
25-Nov-2025,2963.2,Put,3240,0,0,24.5305,0,15,0
25-Nov-2025,2963.2,Put,3040,0,0,24.5305,0,250,0
25-Nov-2025,2963.2,Call,2860,0,0,24.5305,0,5,0
28-Oct-2025,2963.2,Put,3160,0,0,24.5305,0,363,0
25-Nov-2025,2963.2,Call,2680,0,0,24.5305,0,0,0
25-Nov-2025,2963.2,Put,3080,0,0,24.5305,0,17,0
25-Nov-2025,2963.2,Put,2560,0,0,24.5305,0,0,0
25-Nov-2025,2963.2,Put,2640,0,0,24.5305,0,0,0
25-Nov-2025,2963.2,Put,3160,0,0,24.5305,0,0,0
25-Nov-2025,2963.2,Call,2440,0,0,24.5305,0,0,0
25-Nov-2025,2963.2,Put,2780,0,0,24.5305,0,123,0
25-Nov-2025,2963.2,Put,2520,0,0,24.5305,0,0,0
25-Nov-2025,2963.2,Put,3680,0,0,24.5305,0,5,0
25-Nov-2025,2963.2,Put,3280,0,0,24.5305,0,6,0
25-Nov-2025,2963.2,Call,2520,0,0,24.5305,0,0,0
25-Nov-2025,2963.2,Call,3260,0,0,24.5305,0,92,0
25-Nov-2025,2963.2,Call,3560,0,0,24.5305,0,0,0
25-Nov-2025,2963.2,Put,3560,0,0,24.5305,0,0,0
25-Nov-2025,2963.2,Call,2820,0,0,24.5305,0,0,0
25-Nov-2025,2963.2,Call,2780,0,0,24.5305,0,0,0
25-Nov-2025,2963.2,Call,2840,0,0,24.5305,0,9,0
25-Nov-2025,2963.2,Call,2880,0,0,24.5305,0,28,0
25-Nov-2025,2963.2,Call,2480,0,0,24.5305,0,0,0
25-Nov-2025,2963.2,Call,2740,0,0,24.5305,0,0,0
25-Nov-2025,2963.2,Call,3440,0,0,24.5305,0,32,0
25-Nov-2025,2963.2,Call,2660,0,0,24.5305,0,0,0
25-Nov-2025,2963.2,Call,3240,0,0,24.5305,0,205,0
25-Nov-2025,2963.2,Call,3480,0,0,24.5305,0,10,0
25-Nov-2025,2963.2,Call,3600,0,0,24.5305,0,268,0
30-Dec-2025,2963.2,Call,3040,0,0,24.5305,0,0,0
30-Dec-2025,2963.2,Put,2960,0,0,24.5305,0,11,0
30-Dec-2025,2963.2,Call,2960,0,0,24.5305,0,0,0
30-Dec-2025,2963.2,Put,2880,0,0,24.5305,0,0,0
30-Dec-2025,2963.2,Call,3240,0,0,24.5305,0,29,0
30-Dec-2025,2963.2,Call,3440,0,0,24.5305,0,29,0
30-Dec-2025,2963.2,Put,2640,0,0,24.5305,0,0,0
30-Dec-2025,2963.2,Call,3120,0,0,24.5305,0,2,0
30-Dec-2025,2963.2,Put,2920,0,0,24.5305,0,0,0
30-Dec-2025,2963.2,Put,2560,0,0,24.5305,0,0,0
30-Dec-2025,2963.2,Call,3320,0,0,24.5305,0,0,0
30-Dec-2025,2963.2,Put,3080,0,0,24.5305,0,0,0
30-Dec-2025,2963.2,Put,3120,0,0,24.5305,0,0,0
30-Dec-2025,2963.2,Call,3520,0,0,24.5305,0,25,0
30-Dec-2025,2963.2,Call,3160,0,0,24.5305,0,1,0
30-Dec-2025,2963.2,Put,3040,0,0,24.5305,0,0,0
30-Dec-2025,2963.2,Call,3080,0,0,24.5305,0,0,0
30-Dec-2025,2963.2,Call,3360,0,0,24.5305,0,20,0
30-Dec-2025,2963.2,Call,3280,0,0,24.5305,0,101,0
