28-Oct-2025,138.88,-,0,138.12,0,35.5756,-20,26151,1166
28-Oct-2025,138.88,Call,140,2.9,22.6,35.5756,230,1566,795
28-Oct-2025,138.88,Call,150,0.8,28.28,35.5756,102,2218,613
28-Oct-2025,138.88,Call,145,1.5,25.35,35.5756,77,2488,540
28-Oct-2025,138.88,Call,155,0.4,30.21,35.5756,39,768,399
28-Oct-2025,138.88,Call,160,0.25,33.38,35.5756,70,1340,253
28-Oct-2025,138.88,Call,165,0.15,35.79,35.5756,104,495,234
28-Oct-2025,138.88,Call,142.5,2.05,23.96,35.5756,1,598,199
28-Oct-2025,138.88,Put,138,3.5,32.26,35.5756,17,150,172
28-Oct-2025,138.88,Call,139,3.3,22.25,35.5756,36,141,170
28-Oct-2025,138.88,Call,142,2.25,23.71,35.5756,13,346,159
28-Oct-2025,138.88,Put,135,2.3,30.94,35.5756,1,708,156
28-Oct-2025,138.88,Call,141,2.6,23.33,35.5756,18,165,136
28-Oct-2025,138.88,Put,125,0.4,32.77,35.5756,-22,370,132
28-Oct-2025,138.88,Put,140,4.7,33.57,35.5756,2,712,124
25-Nov-2025,138.88,-,0,136.5,0,35.5756,50,557,103
28-Oct-2025,138.88,Put,137.5,3.3,32.04,35.5756,-16,220,101
28-Oct-2025,138.88,Put,130,0.95,31.19,35.5756,9,779,95
28-Oct-2025,138.88,Call,147.5,1.05,26.43,35.5756,22,541,71
28-Oct-2025,138.88,Call,138,3.8,21.1,35.5756,22,108,62
28-Oct-2025,138.88,Call,162,0.2,34.27,35.5756,17,82,50
28-Oct-2025,138.88,Call,146,1.3,25.78,35.5756,11,91,39
28-Oct-2025,138.88,Put,132.5,1.45,30.78,35.5756,-6,180,39
28-Oct-2025,138.88,Call,137.5,4,20.34,35.5756,10,121,37
28-Oct-2025,138.88,Put,139,4.15,32.86,35.5756,-3,89,36
28-Oct-2025,138.88,Call,135,5.4,17.37,35.5756,7,195,34
28-Oct-2025,138.88,Call,152.5,0.55,29.04,35.5756,-1,182,26
28-Oct-2025,138.88,Call,152,0.6,28.99,35.5756,0,66,25
28-Oct-2025,138.88,Put,145,8.5,39.66,35.5756,5,274,23
28-Oct-2025,138.88,Put,142.5,6.4,35.73,35.5756,-4,208,22
28-Oct-2025,138.88,Call,143,2,24.14,35.5756,0,126,20
28-Oct-2025,138.88,Put,137,3.1,32.12,35.5756,7,52,20
25-Nov-2025,138.88,Put,130,2.85,35.1,35.5756,12,48,16
30-Dec-2025,138.88,-,0,135.95,0,35.5756,9,67,15
28-Oct-2025,138.88,Put,133,1.65,31.44,35.5756,-1,31,12
28-Oct-2025,138.88,Call,137,4.2,19.42,35.5756,-1,36,12
25-Nov-2025,138.88,Call,150,1.75,23.79,35.5756,7,36,11
28-Oct-2025,138.88,Put,129,0.8,31.43,35.5756,5,6,10
28-Oct-2025,138.88,Call,130,9.15,0,35.5756,1,117,10
25-Nov-2025,138.88,Call,140,4.1,18.02,35.5756,4,33,10
25-Nov-2025,138.88,Put,120,0.75,33.64,35.5756,0,67,10
25-Nov-2025,138.88,Put,125,1.5,33.88,35.5756,7,24,9
28-Oct-2025,138.88,Put,120,0.2,36.12,35.5756,7,371,8
28-Oct-2025,138.88,Put,150,12.8,45.85,35.5756,0,238,8
28-Oct-2025,138.88,Put,127.5,0.65,32.37,35.5756,-2,170,8
28-Oct-2025,138.88,Call,132.5,6.9,0,35.5756,1,33,8
28-Oct-2025,138.88,Put,142,6,34.96,35.5756,-1,50,7
28-Oct-2025,138.88,Put,147,10,40.7,35.5756,1,9,7
28-Oct-2025,138.88,Put,148,11,43.05,35.5756,0,3,7
28-Oct-2025,138.88,Call,158,0.3,32.15,35.5756,5,6,7
28-Oct-2025,138.88,Put,143,6.9,37.2,35.5756,-1,31,5
28-Oct-2025,138.88,Put,131,1.1,31.24,35.5756,1,45,5
28-Oct-2025,138.88,Put,141,5.35,34.38,35.5756,-1,56,5
28-Oct-2025,138.88,Call,136,4.85,19.19,35.5756,-1,30,5
25-Nov-2025,138.88,Call,145,2.7,21.45,35.5756,3,6,5
25-Nov-2025,138.88,Put,140,7.75,39.87,35.5756,1,28,5
28-Oct-2025,138.88,Call,147,1.15,25.95,35.5756,1,60,4
28-Oct-2025,138.88,Call,153,0.55,29.8,35.5756,0,54,4
28-Oct-2025,138.88,Call,154,0.45,29.68,35.5756,0,39,4
28-Oct-2025,138.88,Put,124,0.35,33.49,35.5756,0,20,4
28-Oct-2025,138.88,Put,155,17.25,50.88,35.5756,1,19,4
28-Oct-2025,138.88,Call,157.5,0.3,31.51,35.5756,0,35,4
28-Oct-2025,138.88,Put,110,0.1,47.09,35.5756,0,57,4
28-Oct-2025,138.88,Put,146,9.35,41.06,35.5756,1,13,3
28-Oct-2025,138.88,Call,133,6.65,0,35.5756,0,6,3
28-Oct-2025,138.88,Call,134,6,14.66,35.5756,0,12,3
28-Oct-2025,138.88,Call,156,0.35,30.61,35.5756,1,23,3
28-Oct-2025,138.88,Put,136,2.7,32.09,35.5756,2,32,3
28-Oct-2025,138.88,Put,160,22.05,57.78,35.5756,2,14,3
28-Oct-2025,138.88,Put,147.5,10.45,41.47,35.5756,-1,22,3
25-Nov-2025,138.88,Call,139,4.55,17.59,35.5756,0,6,3
28-Oct-2025,138.88,Put,144,7.65,38.13,35.5756,-1,9,2
28-Oct-2025,138.88,Call,151,0.65,28.07,35.5756,0,53,2
28-Oct-2025,138.88,Put,128,0.7,32.11,35.5756,0,7,2
28-Oct-2025,138.88,Call,149,0.85,27.1,35.5756,0,36,1
28-Oct-2025,138.88,Put,132,1.4,31.5,35.5756,0,26,1
28-Oct-2025,138.88,Put,126,0.5,32.82,35.5756,0,18,1
28-Oct-2025,138.88,Call,144,1.6,23.85,35.5756,0,106,1
25-Nov-2025,138.88,Put,135,4.9,36.97,35.5756,0,40,1
25-Nov-2025,138.88,Call,160,0.8,27.96,35.5756,0,86,1
28-Oct-2025,138.88,Put,149,0,0,35.5756,0,0,0
28-Oct-2025,138.88,Put,151,0,0,35.5756,0,0,0
28-Oct-2025,138.88,Put,152,0,0,35.5756,0,0,0
28-Oct-2025,138.88,Put,153,0,0,35.5756,0,0,0
28-Oct-2025,138.88,Call,128,0,0,35.5756,0,0,0
28-Oct-2025,138.88,Call,131,0,0,35.5756,0,0,0
28-Oct-2025,138.88,Put,134,0,0,35.5756,0,46,0
28-Oct-2025,138.88,Put,154,0,0,35.5756,0,0,0
28-Oct-2025,138.88,Put,156,0,0,35.5756,0,0,0
28-Oct-2025,138.88,Put,117.5,0,0,35.5756,0,164,0
28-Oct-2025,138.88,Put,162,0,0,35.5756,0,0,0
28-Oct-2025,138.88,Call,105,0,0,35.5756,0,6,0
28-Oct-2025,138.88,Call,127.5,0,0,35.5756,0,19,0
28-Oct-2025,138.88,Call,110,0,0,35.5756,0,6,0
28-Oct-2025,138.88,Put,122.5,0,0,35.5756,0,97,0
28-Oct-2025,138.88,Put,105,0,0,35.5756,0,13,0
28-Oct-2025,138.88,Put,115,0,0,35.5756,0,77,0
28-Oct-2025,138.88,Call,122.5,0,0,35.5756,0,41,0
28-Oct-2025,138.88,Call,148,0,0,35.5756,0,31,0
28-Oct-2025,138.88,Put,152.5,0,0,35.5756,0,5,0
28-Oct-2025,138.88,Call,126,0,0,35.5756,0,0,0
28-Oct-2025,138.88,Call,132,0,0,35.5756,0,0,0
28-Oct-2025,138.88,Call,122,0,0,35.5756,0,0,0
28-Oct-2025,138.88,Call,120,0,0,35.5756,0,16,0
25-Nov-2025,138.88,Put,162,0,0,35.5756,0,0,0
28-Oct-2025,138.88,Call,129,0,0,35.5756,0,0,0
25-Nov-2025,138.88,Put,129,0,0,35.5756,0,0,0
28-Oct-2025,138.88,Put,158,0,0,35.5756,0,0,0
28-Oct-2025,138.88,Call,115,0,0,35.5756,0,12,0
25-Nov-2025,138.88,Put,153,0,0,35.5756,0,0,0
25-Nov-2025,138.88,Put,154,0,0,35.5756,0,0,0
25-Nov-2025,138.88,Put,134,0,0,35.5756,0,0,0
28-Oct-2025,138.88,Put,122,0,0,35.5756,0,11,0
25-Nov-2025,138.88,Put,160,0,0,35.5756,0,0,0
25-Nov-2025,138.88,Call,146,0,0,35.5756,0,0,0
25-Nov-2025,138.88,Put,158,0,0,35.5756,0,0,0
25-Nov-2025,138.88,Call,134,0,0,35.5756,0,0,0
25-Nov-2025,138.88,Call,144,0,0,35.5756,0,0,0
25-Nov-2025,138.88,Put,133,0,0,35.5756,0,0,0
28-Oct-2025,138.88,Call,125,0,0,35.5756,0,40,0
25-Nov-2025,138.88,Put,131,0,0,35.5756,0,0,0
25-Nov-2025,138.88,Put,151,0,0,35.5756,0,0,0
28-Oct-2025,138.88,Put,165,0,0,35.5756,0,3,0
28-Oct-2025,138.88,Call,124,0,0,35.5756,0,0,0
25-Nov-2025,138.88,Put,138,0,0,35.5756,0,0,0
25-Nov-2025,138.88,Call,142,0,0,35.5756,0,0,0
25-Nov-2025,138.88,Put,136,0,0,35.5756,0,0,0
25-Nov-2025,138.88,Put,148,0,0,35.5756,0,0,0
25-Nov-2025,138.88,Call,138,0,0,35.5756,0,0,0
25-Nov-2025,138.88,Put,132,0,0,35.5756,0,0,0
25-Nov-2025,138.88,Call,126,0,0,35.5756,0,0,0
25-Nov-2025,138.88,Call,132,0,0,35.5756,0,0,0
25-Nov-2025,138.88,Call,130,0,0,35.5756,0,0,0
25-Nov-2025,138.88,Put,150,0,0,35.5756,0,0,0
25-Nov-2025,138.88,Put,152,0,0,35.5756,0,0,0
25-Nov-2025,138.88,Call,141,0,0,35.5756,0,0,0
25-Nov-2025,138.88,Call,135,0,0,35.5756,0,0,0
30-Dec-2025,138.88,Call,140,0,0,35.5756,0,0,0
30-Dec-2025,138.88,Put,136,0,0,35.5756,0,0,0
25-Nov-2025,138.88,Call,129,0,0,35.5756,0,0,0
25-Nov-2025,138.88,Call,128,0,0,35.5756,0,0,0
25-Nov-2025,138.88,Put,143,0,0,35.5756,0,0,0
25-Nov-2025,138.88,Call,122,0,0,35.5756,0,0,0
25-Nov-2025,138.88,Call,149,0,0,35.5756,0,0,0
30-Dec-2025,138.88,Put,140,0,0,35.5756,0,0,0
25-Nov-2025,138.88,Call,143,0,0,35.5756,0,0,0
25-Nov-2025,138.88,Call,137,0,0,35.5756,0,0,0
25-Nov-2025,138.88,Put,146,0,0,35.5756,0,0,0
25-Nov-2025,138.88,Call,120,0,0,35.5756,0,0,0
25-Nov-2025,138.88,Call,152,0,0,35.5756,0,0,0
25-Nov-2025,138.88,Put,141,0,0,35.5756,0,0,0
25-Nov-2025,138.88,Put,145,0,0,35.5756,0,0,0
25-Nov-2025,138.88,Put,144,0,0,35.5756,0,0,0
25-Nov-2025,138.88,Call,124,0,0,35.5756,0,0,0
30-Dec-2025,138.88,Call,150,0,0,35.5756,0,0,0
25-Nov-2025,138.88,Call,131,0,0,35.5756,0,0,0
25-Nov-2025,138.88,Put,156,0,0,35.5756,0,0,0
25-Nov-2025,138.88,Call,148,0,0,35.5756,0,0,0
30-Dec-2025,138.88,Put,130,0,0,35.5756,0,0,0
30-Dec-2025,138.88,Call,160,0,0,35.5756,0,0,0
25-Nov-2025,138.88,Put,124,0,0,35.5756,0,0,0
25-Nov-2025,138.88,Put,128,0,0,35.5756,0,0,0
25-Nov-2025,138.88,Put,126,0,0,35.5756,0,0,0
25-Nov-2025,138.88,Put,149,0,0,35.5756,0,0,0
25-Nov-2025,138.88,Call,133,0,0,35.5756,0,0,0
25-Nov-2025,138.88,Put,142,0,0,35.5756,0,0,0
30-Dec-2025,138.88,Call,144,0,0,35.5756,0,0,0
25-Nov-2025,138.88,Call,136,0,0,35.5756,0,0,0
25-Nov-2025,138.88,Put,137,0,0,35.5756,0,0,0
25-Nov-2025,138.88,Put,147,0,0,35.5756,0,0,0
25-Nov-2025,138.88,Call,151,0,0,35.5756,0,0,0
25-Nov-2025,138.88,Call,147,0,0,35.5756,0,0,0
25-Nov-2025,138.88,Put,139,0,0,35.5756,0,0,0
