28-Oct-2025,2350.5,Call,2400,27.9,18.26,23.6955,211,2494,2042
28-Oct-2025,2350.5,Call,2600,2.5,22.69,23.6955,306,2445,1204
28-Oct-2025,2350.5,Call,2360,44.9,18.08,23.6955,246,1310,1144
28-Oct-2025,2350.5,-,0,2360.9,0,23.6955,259,52846,1055
28-Oct-2025,2350.5,Call,2500,7.8,19.96,23.6955,23,3417,954
28-Oct-2025,2350.5,Call,2380,35.55,18.15,23.6955,77,543,634
28-Oct-2025,2350.5,Put,2360,44.6,20.67,23.6955,183,1097,575
28-Oct-2025,2350.5,Put,2300,21.9,20.91,23.6955,-33,1798,483
28-Oct-2025,2350.5,Call,2420,21.65,18.46,23.6955,41,995,477
28-Oct-2025,2350.5,Call,2460,12.8,19.01,23.6955,11,790,451
28-Oct-2025,2350.5,Call,2340,55.45,18.01,23.6955,152,665,445
28-Oct-2025,2350.5,Put,2200,5.65,22.66,23.6955,77,1413,351
28-Oct-2025,2350.5,Put,2340,35.7,20.75,23.6955,83,669,328
28-Oct-2025,2350.5,Call,2440,16.4,18.76,23.6955,14,732,276
28-Oct-2025,2350.5,Put,2320,27.8,20.71,23.6955,9,287,228
28-Oct-2025,2350.5,Put,2280,16.45,20.98,23.6955,-7,225,216
28-Oct-2025,2350.5,Call,2480,9.8,19.46,23.6955,4,614,186
28-Oct-2025,2350.5,Call,2700,1.2,26.23,23.6955,-32,1245,168
28-Oct-2025,2350.5,Put,2260,12.9,21.55,23.6955,22,247,159
28-Oct-2025,2350.5,Put,2240,9.9,21.65,23.6955,36,333,150
28-Oct-2025,2350.5,Put,2380,55.95,20.8,23.6955,31,277,133
28-Oct-2025,2350.5,Put,2220,7.45,22.04,23.6955,24,253,121
28-Oct-2025,2350.5,Call,2540,4.7,20.88,23.6955,0,503,118
28-Oct-2025,2350.5,Call,2520,5.9,20.35,23.6955,-11,436,110
25-Nov-2025,2350.5,-,0,2368.9,0,23.6955,17,1575,92
28-Oct-2025,2350.5,Call,2320,67.9,17.75,23.6955,6,228,90
28-Oct-2025,2350.5,Call,2580,3,22.02,23.6955,-3,324,80
28-Oct-2025,2350.5,Call,2300,81.65,17.81,23.6955,10,396,70
28-Oct-2025,2350.5,Call,2560,3.7,21.45,23.6955,5,357,67
28-Oct-2025,2350.5,Put,2140,2.2,23.55,23.6955,35,172,63
28-Oct-2025,2350.5,Put,2160,2.95,23.29,23.6955,14,312,33
25-Nov-2025,2350.5,Call,2600,14.5,22.06,23.6955,17,53,28
28-Oct-2025,2350.5,Call,2640,1.65,23.82,23.6955,-3,419,25
28-Oct-2025,2350.5,Put,2180,4.1,22.83,23.6955,8,173,22
28-Oct-2025,2350.5,Put,2400,67.9,21.03,23.6955,5,1387,18
28-Oct-2025,2350.5,Call,2800,0.55,29.15,23.6955,2,182,16
25-Nov-2025,2350.5,Put,2400,94.9,24.63,23.6955,-5,43,12
28-Oct-2025,2350.5,Call,2880,0.5,32.93,23.6955,10,191,11
28-Oct-2025,2350.5,Put,2120,1.45,23.45,23.6955,-1,1039,11
28-Oct-2025,2350.5,Put,2460,110.2,20.44,23.6955,4,179,10
25-Nov-2025,2350.5,Put,2220,24.5,24,23.6955,1,48,8
30-Dec-2025,2350.5,-,0,2383.9,0,23.6955,3,42,7
25-Nov-2025,2350.5,Call,2400,62.05,20.27,23.6955,1,71,7
28-Oct-2025,2350.5,Put,2500,149.45,24.69,23.6955,2,581,6
28-Oct-2025,2350.5,Call,2620,2.35,23.95,23.6955,0,184,5
25-Nov-2025,2350.5,Put,2300,47,23.8,23.6955,1,59,4
28-Oct-2025,2350.5,Call,2200,161,0,23.6955,1,77,3
25-Nov-2025,2350.5,Put,2200,20.5,24.08,23.6955,2,3,3
25-Nov-2025,2350.5,Call,2520,27.1,21.5,23.6955,0,61,3
25-Nov-2025,2350.5,Call,2500,30.6,21.06,23.6955,0,30,3
25-Nov-2025,2350.5,Call,2640,11.3,0,23.6955,0,2,2
28-Oct-2025,2350.5,Call,2840,0.4,30.09,23.6955,0,28,2
28-Oct-2025,2350.5,Put,2600,233.1,0,23.6955,0,507,1
25-Nov-2025,2350.5,Call,2800,5,26.32,23.6955,0,14,1
28-Oct-2025,2350.5,Put,2700,333.1,0,23.6955,0,77,1
28-Oct-2025,2350.5,Put,2840,0,0,23.6955,0,1,0
28-Oct-2025,2350.5,Call,2720,0,0,23.6955,0,88,0
28-Oct-2025,2350.5,Call,2040,0,0,23.6955,0,0,0
28-Oct-2025,2350.5,Call,2100,0,0,23.6955,0,0,0
28-Oct-2025,2350.5,Call,1960,0,0,23.6955,0,0,0
28-Oct-2025,2350.5,Put,2000,0,0,23.6955,0,0,0
28-Oct-2025,2350.5,Put,1960,0,0,23.6955,0,0,0
28-Oct-2025,2350.5,Put,2560,0,0,23.6955,0,32,0
28-Oct-2025,2350.5,Put,2680,0,0,23.6955,0,0,0
28-Oct-2025,2350.5,Put,2720,0,0,23.6955,0,0,0
28-Oct-2025,2350.5,Put,2800,0,0,23.6955,0,11,0
28-Oct-2025,2350.5,Call,2240,0,0,23.6955,0,2,0
28-Oct-2025,2350.5,Call,2280,0,0,23.6955,0,17,0
28-Oct-2025,2350.5,Put,2480,0,0,23.6955,0,196,0
28-Oct-2025,2350.5,Call,2780,0,0,23.6955,0,24,0
28-Oct-2025,2350.5,Put,2080,0,0,23.6955,0,378,0
28-Oct-2025,2350.5,Call,2120,0,0,23.6955,0,0,0
28-Oct-2025,2350.5,Call,2220,0,0,23.6955,0,0,0
28-Oct-2025,2350.5,Call,2080,0,0,23.6955,0,1,0
28-Oct-2025,2350.5,Put,2580,0,0,23.6955,0,22,0
25-Nov-2025,2350.5,Call,2580,0,0,23.6955,0,0,0
28-Oct-2025,2350.5,Put,2520,0,0,23.6955,0,74,0
28-Oct-2025,2350.5,Put,2100,0,0,23.6955,0,11,0
28-Oct-2025,2350.5,Call,2160,0,0,23.6955,0,1,0
25-Nov-2025,2350.5,Call,2120,0,0,23.6955,0,0,0
28-Oct-2025,2350.5,Call,2740,0,0,23.6955,0,17,0
28-Oct-2025,2350.5,Call,2660,0,0,23.6955,0,96,0
25-Nov-2025,2350.5,Call,2240,0,0,23.6955,0,0,0
25-Nov-2025,2350.5,Put,2360,0,0,23.6955,0,0,0
25-Nov-2025,2350.5,Put,2540,0,0,23.6955,0,0,0
25-Nov-2025,2350.5,Call,2720,0,0,23.6955,0,20,0
25-Nov-2025,2350.5,Call,2160,0,0,23.6955,0,0,0
28-Oct-2025,2350.5,Put,2640,0,0,23.6955,0,12,0
28-Oct-2025,2350.5,Put,2420,0,0,23.6955,0,115,0
28-Oct-2025,2350.5,Call,2000,0,0,23.6955,0,0,0
25-Nov-2025,2350.5,Call,2480,0,0,23.6955,0,7,0
28-Oct-2025,2350.5,Put,2880,0,0,23.6955,0,1,0
28-Oct-2025,2350.5,Call,2680,0,0,23.6955,0,286,0
25-Nov-2025,2350.5,Put,2580,0,0,23.6955,0,0,0
28-Oct-2025,2350.5,Call,2180,0,0,23.6955,0,0,0
28-Oct-2025,2350.5,Put,2440,0,0,23.6955,0,204,0
25-Nov-2025,2350.5,Put,2340,0,0,23.6955,0,9,0
25-Nov-2025,2350.5,Put,2160,0,0,23.6955,0,0,0
25-Nov-2025,2350.5,Put,2480,0,0,23.6955,0,0,0
25-Nov-2025,2350.5,Put,1960,0,0,23.6955,0,0,0
25-Nov-2025,2350.5,Put,2280,0,0,23.6955,0,53,0
25-Nov-2025,2350.5,Put,2260,0,0,23.6955,0,0,0
28-Oct-2025,2350.5,Put,2740,0,0,23.6955,0,3,0
30-Dec-2025,2350.5,Put,2200,0,0,23.6955,0,0,0
25-Nov-2025,2350.5,Call,2440,0,0,23.6955,0,0,0
25-Nov-2025,2350.5,Call,2080,0,0,23.6955,0,0,0
25-Nov-2025,2350.5,Call,2100,0,0,23.6955,0,0,0
25-Nov-2025,2350.5,Call,1960,0,0,23.6955,0,0,0
25-Nov-2025,2350.5,Put,2640,0,0,23.6955,0,0,0
25-Nov-2025,2350.5,Call,2200,0,0,23.6955,0,0,0
28-Oct-2025,2350.5,Put,2040,0,0,23.6955,0,0,0
30-Dec-2025,2350.5,Call,2600,0,0,0,0,0,0
25-Nov-2025,2350.5,Put,2560,0,0,23.6955,0,0,0
25-Nov-2025,2350.5,Call,2280,0,0,23.6955,0,0,0
25-Nov-2025,2350.5,Put,2180,0,0,23.6955,0,0,0
28-Oct-2025,2350.5,Put,2620,0,0,23.6955,0,1,0
25-Nov-2025,2350.5,Put,2440,0,0,23.6955,0,0,0
28-Oct-2025,2350.5,Call,2760,0,0,23.6955,0,58,0
25-Nov-2025,2350.5,Put,2320,0,0,23.6955,0,0,0
28-Oct-2025,2350.5,Call,2140,0,0,23.6955,0,1,0
25-Nov-2025,2350.5,Put,2520,0,0,23.6955,0,0,0
25-Nov-2025,2350.5,Call,2260,0,0,23.6955,0,0,0
25-Nov-2025,2350.5,Put,2680,0,0,23.6955,0,0,0
25-Nov-2025,2350.5,Call,2180,0,0,23.6955,0,0,0
25-Nov-2025,2350.5,Put,2600,0,0,23.6955,0,0,0
25-Nov-2025,2350.5,Call,2220,0,0,23.6955,0,0,0
25-Nov-2025,2350.5,Call,2340,0,0,23.6955,0,0,0
25-Nov-2025,2350.5,Call,2360,0,0,23.6955,0,0,0
25-Nov-2025,2350.5,Put,2380,0,0,23.6955,0,0,0
25-Nov-2025,2350.5,Call,2000,0,0,23.6955,0,0,0
25-Nov-2025,2350.5,Put,2720,0,0,23.6955,0,0,0
30-Dec-2025,2350.5,Call,2520,0,0,23.6955,0,0,0
30-Dec-2025,2350.5,Put,2000,0,0,23.6955,0,0,0
25-Nov-2025,2350.5,Call,2680,0,0,23.6955,0,0,0
25-Nov-2025,2350.5,Call,2540,0,0,23.6955,0,0,0
25-Nov-2025,2350.5,Put,2120,0,0,23.6955,0,0,0
30-Dec-2025,2350.5,Put,1920,0,0,23.6955,0,0,0
25-Nov-2025,2350.5,Put,2100,0,0,23.6955,0,0,0
25-Nov-2025,2350.5,Call,2320,0,0,23.6955,0,0,0
28-Oct-2025,2350.5,Call,2260,0,0,23.6955,0,15,0
28-Oct-2025,2350.5,Put,2540,0,0,23.6955,0,113,0
25-Nov-2025,2350.5,Call,2560,0,0,23.6955,0,0,0
25-Nov-2025,2350.5,Call,2460,0,0,23.6955,0,22,0
30-Dec-2025,2350.5,Put,2080,0,0,23.6955,0,0,0
25-Nov-2025,2350.5,Put,2040,0,0,23.6955,0,0,0
25-Nov-2025,2350.5,Put,2500,0,0,23.6955,0,0,0
25-Nov-2025,2350.5,Put,2240,0,0,23.6955,0,8,0
25-Nov-2025,2350.5,Call,2420,0,0,23.6955,0,0,0
25-Nov-2025,2350.5,Put,2460,0,0,23.6955,0,0,0
25-Nov-2025,2350.5,Put,2140,0,0,23.6955,0,0,0
25-Nov-2025,2350.5,Call,2140,0,0,23.6955,0,0,0
25-Nov-2025,2350.5,Put,2000,0,0,23.6955,0,0,0
25-Nov-2025,2350.5,Call,2300,0,0,23.6955,0,0,0
30-Dec-2025,2350.5,Put,2120,0,0,0,0,0,0
25-Nov-2025,2350.5,Put,2420,0,0,23.6955,0,0,0
25-Nov-2025,2350.5,Call,2380,0,0,23.6955,0,0,0
30-Dec-2025,2350.5,Call,2720,0,0,23.6955,0,0,0
25-Nov-2025,2350.5,Call,2040,0,0,23.6955,0,0,0
25-Nov-2025,2350.5,Put,2080,0,0,23.6955,0,0,0
