28-Oct-2025,1207.8,-,0,1212.5,0,26.8615,4024,143883,19460
28-Oct-2025,1207.8,Call,1200,33.75,21.44,26.8615,-452,5576,10584
28-Oct-2025,1207.8,Put,1200,21.65,24.74,26.8615,781,1983,5402
28-Oct-2025,1207.8,Call,1210,28.1,21.54,26.8615,284,774,5021
28-Oct-2025,1207.8,Call,1250,13,22.45,26.8615,233,5152,4591
28-Oct-2025,1207.8,Call,1220,23.75,21.75,26.8615,201,1314,4543
28-Oct-2025,1207.8,Put,1180,14.2,24.67,26.8615,399,1274,3538
28-Oct-2025,1207.8,Call,1190,39.1,21.19,26.8615,-173,925,3514
28-Oct-2025,1207.8,Call,1180,46.4,20.9,26.8615,-217,1358,3498
28-Oct-2025,1207.8,Call,1240,16.2,22.15,26.8615,60,1244,3190
28-Oct-2025,1207.8,Put,1190,17.85,24.64,26.8615,319,868,2760
28-Oct-2025,1207.8,Put,1150,7.2,25.11,26.8615,2,1411,2607
28-Oct-2025,1207.8,Put,1170,11.5,24.7,26.8615,169,873,2379
28-Oct-2025,1207.8,Call,1230,19.25,21.91,26.8615,26,886,2346
28-Oct-2025,1207.8,Put,1160,9.05,24.83,26.8615,-25,1766,2341
28-Oct-2025,1207.8,Call,1300,4.35,23.51,26.8615,-21,1216,2282
28-Oct-2025,1207.8,Put,1100,2.25,27.55,26.8615,42,1318,1813
28-Oct-2025,1207.8,Put,1140,5.8,25.49,26.8615,32,1316,1266
28-Oct-2025,1207.8,Put,1120,3.6,26.45,26.8615,146,945,1190
28-Oct-2025,1207.8,Call,1340,1.55,23.79,26.8615,486,1153,1184
28-Oct-2025,1207.8,Put,1210,26.2,24.75,26.8615,239,281,1179
28-Oct-2025,1207.8,Call,1260,10.75,22.7,26.8615,126,1062,1134
28-Oct-2025,1207.8,Put,1220,31.35,24.73,26.8615,402,476,1038
28-Oct-2025,1207.8,Call,1280,6.85,23.08,26.8615,-21,410,919
28-Oct-2025,1207.8,Call,1320,2.7,23.81,26.8615,297,530,897
28-Oct-2025,1207.8,Put,1130,4.55,26.1,26.8615,29,955,860
28-Oct-2025,1207.8,Call,1170,53.15,20.82,26.8615,-99,964,835
28-Oct-2025,1207.8,Call,1270,8.55,22.93,26.8615,131,321,687
28-Oct-2025,1207.8,Put,1080,1.4,28.46,26.8615,-5,592,683
28-Oct-2025,1207.8,Call,1150,69.45,19.48,26.8615,-22,3731,627
28-Oct-2025,1207.8,Call,1290,5.5,23.2,26.8615,33,343,606
28-Oct-2025,1207.8,Call,1160,61.25,19.96,26.8615,-26,6370,571
28-Oct-2025,1207.8,Put,1110,2.85,26.81,26.8615,6,401,554
25-Nov-2025,1207.8,-,0,1218.3,0,26.8615,107,1690,545
28-Oct-2025,1207.8,Put,1090,1.8,27.84,26.8615,-13,262,333
28-Oct-2025,1207.8,Call,1140,78.25,19.11,26.8615,-75,1024,315
28-Oct-2025,1207.8,Put,1050,0.8,30.27,26.8615,-58,374,243
28-Oct-2025,1207.8,Put,1230,37.3,25.16,26.8615,33,74,243
28-Oct-2025,1207.8,Put,1070,1.15,28.99,26.8615,-30,151,146
28-Oct-2025,1207.8,Put,1000,0.3,34.11,26.8615,-59,418,138
28-Oct-2025,1207.8,Call,1120,95.5,0,26.8615,-34,371,120
28-Oct-2025,1207.8,Put,1060,0.9,29.47,26.8615,-32,516,109
28-Oct-2025,1207.8,Put,1250,50.25,25.94,26.8615,28,153,100
28-Oct-2025,1207.8,Put,1240,43.75,25.51,26.8615,16,147,98
28-Oct-2025,1207.8,Put,1040,0.65,31.24,26.8615,-41,333,92
25-Nov-2025,1207.8,Call,1200,46.3,18.15,26.8615,-2,112,88
28-Oct-2025,1207.8,Put,1300,91.55,28.98,26.8615,52,67,83
28-Oct-2025,1207.8,Call,1100,114.2,0,26.8615,-27,746,81
28-Oct-2025,1207.8,Call,1130,87.5,20.08,26.8615,-1,496,74
25-Nov-2025,1207.8,Put,1100,5.6,24.25,26.8615,13,82,73
30-Dec-2025,1207.8,-,0,1225.6,0,26.8615,1,56,60
28-Oct-2025,1207.8,Put,1260,58.15,26.42,26.8615,21,58,45
28-Oct-2025,1207.8,Put,1280,74.25,27.58,26.8615,29,31,42
28-Oct-2025,1207.8,Call,1110,102.5,0,26.8615,1,57,24
25-Nov-2025,1207.8,Call,1300,12.55,21.02,26.8615,9,41,24
28-Oct-2025,1207.8,Put,1020,0.4,32.24,26.8615,0,228,22
25-Nov-2025,1207.8,Put,1200,29.35,23.09,26.8615,12,13,21
28-Oct-2025,1207.8,Put,1320,110.8,32.24,26.8615,16,16,19
28-Oct-2025,1207.8,Put,1030,0.5,31.65,26.8615,-4,141,18
25-Nov-2025,1207.8,Call,1250,24,19.24,26.8615,10,10,15
28-Oct-2025,1207.8,Put,990,0.25,34.87,26.8615,-1,85,14
25-Nov-2025,1207.8,Call,1150,80.5,16.87,26.8615,5,22,10
28-Oct-2025,1207.8,Call,1000,212.25,0,26.8615,4,57,9
25-Nov-2025,1207.8,Put,1150,13.7,23.61,26.8615,4,8,9
25-Nov-2025,1207.8,Call,1240,27.65,19.28,26.8615,3,13,9
25-Nov-2025,1207.8,Put,1140,11.65,23.63,26.8615,3,11,8
25-Nov-2025,1207.8,Call,1190,46.4,14.19,26.8615,4,7,8
25-Nov-2025,1207.8,Call,1260,21,19.55,26.8615,1,5,7
28-Oct-2025,1207.8,Put,1010,0.3,32.57,26.8615,0,4,6
28-Oct-2025,1207.8,Call,1040,160.7,0,26.8615,-2,6,6
28-Oct-2025,1207.8,Put,980,0.2,35.45,26.8615,-3,256,4
28-Oct-2025,1207.8,Call,1070,131.6,0,26.8615,1,55,4
25-Nov-2025,1207.8,Call,1180,60.95,19.27,26.8615,1,6,3
28-Oct-2025,1207.8,Put,960,0.25,39.49,26.8615,0,33,2
25-Nov-2025,1207.8,Put,1120,9,24.67,26.8615,-1,2,2
25-Nov-2025,1207.8,Call,1320,9.1,21.2,26.8615,0,5,2
28-Oct-2025,1207.8,Call,1060,146,0,26.8615,0,42,1
25-Nov-2025,1207.8,Call,1280,15.7,19.95,26.8615,0,9,1
25-Nov-2025,1207.8,Call,1210,39.5,17.57,26.8615,0,0,1
28-Oct-2025,1207.8,Put,900,0,0,26.8615,0,15,0
28-Oct-2025,1207.8,Call,1090,0,0,26.8615,0,23,0
28-Oct-2025,1207.8,Put,1270,0,0,26.8615,0,0,0
28-Oct-2025,1207.8,Put,880,0,0,26.8615,0,1,0
28-Oct-2025,1207.8,Put,1290,0,0,26.8615,0,0,0
28-Oct-2025,1207.8,Put,1340,0,0,26.8615,0,0,0
28-Oct-2025,1207.8,Put,860,0,0,26.8615,0,10,0
28-Oct-2025,1207.8,Call,920,0,0,26.8615,0,16,0
28-Oct-2025,1207.8,Call,960,0,0,26.8615,0,4,0
28-Oct-2025,1207.8,Call,1020,0,0,26.8615,0,4,0
28-Oct-2025,1207.8,Call,1050,0,0,26.8615,0,81,0
28-Oct-2025,1207.8,Call,1030,0,0,26.8615,0,3,0
25-Nov-2025,1207.8,Call,1290,0,0,0,0,0,0
25-Nov-2025,1207.8,Call,1230,0,0,26.8615,0,0,0
25-Nov-2025,1207.8,Call,1160,0,0,26.8615,0,0,0
25-Nov-2025,1207.8,Put,1320,0,0,26.8615,0,0,0
25-Nov-2025,1207.8,Call,1270,0,0,26.8615,0,0,0
25-Nov-2025,1207.8,Call,1170,0,0,26.8615,0,0,0
25-Nov-2025,1207.8,Call,1130,0,0,26.8615,0,0,0
25-Nov-2025,1207.8,Put,1190,0,0,26.8615,0,0,0
25-Nov-2025,1207.8,Put,1130,0,0,26.8615,0,0,0
28-Oct-2025,1207.8,Call,1080,0,0,26.8615,0,88,0
25-Nov-2025,1207.8,Put,1040,0,0,26.8615,0,0,0
25-Nov-2025,1207.8,Put,1210,0,0,26.8615,0,0,0
25-Nov-2025,1207.8,Put,1220,0,0,26.8615,0,0,0
25-Nov-2025,1207.8,Call,1090,0,0,26.8615,0,0,0
25-Nov-2025,1207.8,Call,1340,0,0,0,0,0,0
25-Nov-2025,1207.8,Put,1340,0,0,0,0,0,0
28-Oct-2025,1207.8,Put,970,0,0,26.8615,0,4,0
28-Oct-2025,1207.8,Put,950,0,0,26.8615,0,38,0
25-Nov-2025,1207.8,Call,1000,0,0,26.8615,0,0,0
25-Nov-2025,1207.8,Call,1060,0,0,26.8615,0,0,0
25-Nov-2025,1207.8,Put,1170,0,0,26.8615,0,1,0
25-Nov-2025,1207.8,Call,1020,0,0,26.8615,0,0,0
25-Nov-2025,1207.8,Put,1290,0,0,0,0,0,0
25-Nov-2025,1207.8,Call,1120,0,0,26.8615,0,0,0
25-Nov-2025,1207.8,Put,1300,0,0,26.8615,0,0,0
25-Nov-2025,1207.8,Call,1110,0,0,26.8615,0,0,0
25-Nov-2025,1207.8,Put,1250,0,0,26.8615,0,0,0
25-Nov-2025,1207.8,Put,1080,0,0,26.8615,0,0,0
25-Nov-2025,1207.8,Put,1160,0,0,26.8615,0,0,0
25-Nov-2025,1207.8,Put,1060,0,0,26.8615,0,0,0
25-Nov-2025,1207.8,Put,1090,0,0,26.8615,0,0,0
25-Nov-2025,1207.8,Put,1260,0,0,26.8615,0,0,0
25-Nov-2025,1207.8,Call,1050,0,0,26.8615,0,0,0
25-Nov-2025,1207.8,Put,1070,0,0,26.8615,0,0,0
25-Nov-2025,1207.8,Put,1110,0,0,26.8615,0,0,0
25-Nov-2025,1207.8,Call,1220,0,0,26.8615,0,0,0
25-Nov-2025,1207.8,Call,1140,0,0,26.8615,0,0,0
25-Nov-2025,1207.8,Put,1240,0,0,26.8615,0,0,0
30-Dec-2025,1207.8,Call,1320,0,0,26.8615,0,0,0
25-Nov-2025,1207.8,Put,1020,0,0,26.8615,0,0,0
25-Nov-2025,1207.8,Call,1100,0,0,26.8615,0,0,0
30-Dec-2025,1207.8,Put,1000,0,0,26.8615,0,0,0
30-Dec-2025,1207.8,Put,1100,0,0,26.8615,0,0,0
25-Nov-2025,1207.8,Call,1080,0,0,26.8615,0,0,0
30-Dec-2025,1207.8,Call,1300,0,0,0,0,0,0
25-Nov-2025,1207.8,Put,1000,0,0,26.8615,0,0,0
30-Dec-2025,1207.8,Put,1060,0,0,26.8615,0,0,0
30-Dec-2025,1207.8,Put,1080,0,0,0,0,0,0
25-Nov-2025,1207.8,Put,1270,0,0,26.8615,0,0,0
25-Nov-2025,1207.8,Put,1230,0,0,26.8615,0,0,0
25-Nov-2025,1207.8,Call,1070,0,0,26.8615,0,0,0
25-Nov-2025,1207.8,Put,1280,0,0,26.8615,0,0,0
25-Nov-2025,1207.8,Put,1050,0,0,26.8615,0,0,0
30-Dec-2025,1207.8,Put,1040,0,0,26.8615,0,0,0
30-Dec-2025,1207.8,Call,1360,0,0,0,0,0,0
25-Nov-2025,1207.8,Call,1040,0,0,26.8615,0,0,0
25-Nov-2025,1207.8,Put,1180,0,0,26.8615,0,0,0
30-Dec-2025,1207.8,Put,1200,0,0,26.8615,0,0,0
