28-Oct-2025,8714,Call,8700,233.6,23.25,30.8154,143,1448,2664
28-Oct-2025,8714,Call,9000,110.4,23.79,30.8154,339,3659,2654
28-Oct-2025,8714,-,0,8750.5,0,30.8154,238,43116,2559
28-Oct-2025,8714,Call,8800,184.45,23.52,30.8154,226,2321,2252
28-Oct-2025,8714,Call,8900,143.95,23.51,30.8154,22,1215,1161
28-Oct-2025,8714,Call,9500,27.3,25.53,30.8154,196,2495,1026
28-Oct-2025,8714,Put,8700,178.2,24.86,30.8154,-11,1050,942
28-Oct-2025,8714,Put,8500,100.5,24.83,30.8154,138,1427,822
28-Oct-2025,8714,Call,9200,62.8,24.16,30.8154,78,1864,812
28-Oct-2025,8714,Call,9100,84.1,23.81,30.8154,88,1084,797
28-Oct-2025,8714,Put,8600,135.5,24.74,30.8154,112,744,710
28-Oct-2025,8714,Put,7400,1.95,29.68,30.8154,-5,271,657
28-Oct-2025,8714,Call,10000,7.8,28.53,30.8154,77,2004,616
28-Oct-2025,8714,Call,8600,286.8,22.56,30.8154,7,573,547
28-Oct-2025,8714,Put,8300,53,25.12,30.8154,17,469,540
28-Oct-2025,8714,Put,8800,234.05,25.57,30.8154,-1,1193,525
28-Oct-2025,8714,Call,9300,46.8,24.56,30.8154,19,1012,499
28-Oct-2025,8714,Put,8400,75.3,25.11,30.8154,41,754,468
28-Oct-2025,8714,Call,9800,12.25,27,30.8154,-2,509,401
28-Oct-2025,8714,Call,9400,34.7,24.78,30.8154,-4,943,391
28-Oct-2025,8714,Put,8200,38,25.46,30.8154,30,713,390
28-Oct-2025,8714,Put,8000,18.95,26.37,30.8154,85,930,348
28-Oct-2025,8714,Call,9700,15.05,26.3,30.8154,39,476,191
28-Oct-2025,8714,Call,8500,350,22.14,30.8154,-19,351,167
28-Oct-2025,8714,Call,9600,20.6,25.83,30.8154,7,468,153
28-Oct-2025,8714,Put,7900,12.75,26.68,30.8154,31,275,146
25-Nov-2025,8714,-,0,8780,0,30.8154,7,873,128
28-Oct-2025,8714,Put,8100,26.75,25.84,30.8154,-4,307,124
28-Oct-2025,8714,Put,9000,360,26.3,30.8154,17,710,98
28-Oct-2025,8714,Put,7800,10,27.89,30.8154,6,302,74
28-Oct-2025,8714,Put,8900,286.2,24.59,30.8154,4,415,62
28-Oct-2025,8714,Call,10400,3.85,31.87,30.8154,-17,233,60
28-Oct-2025,8714,Put,7600,3.25,27.38,30.8154,13,496,53
28-Oct-2025,8714,Put,7700,5.5,27.35,30.8154,-5,768,47
28-Oct-2025,8714,Call,10300,3.55,29.99,30.8154,1,94,40
28-Oct-2025,8714,Call,9900,8.45,27.18,30.8154,-7,620,37
28-Oct-2025,8714,Call,8400,420.75,21.61,30.8154,9,157,30
30-Dec-2025,8714,-,0,8814,0,30.8154,1,71,14
25-Nov-2025,8714,Call,10000,44,26.34,30.8154,7,115,12
25-Nov-2025,8714,Put,8500,198.95,26.92,30.8154,8,22,11
25-Nov-2025,8714,Call,8700,370,23.3,30.8154,0,21,11
25-Nov-2025,8714,Call,9400,124.5,24.9,30.8154,2,11,8
28-Oct-2025,8714,Call,8200,576.7,18,30.8154,0,45,6
25-Nov-2025,8714,Put,8200,109.75,26.95,30.8154,1,7,5
28-Oct-2025,8714,Put,9100,430.45,26.45,30.8154,0,115,4
25-Nov-2025,8714,Put,8300,140,27.39,30.8154,0,5,4
25-Nov-2025,8714,Put,8000,66,26.52,30.8154,-2,19,4
28-Oct-2025,8714,Call,10200,3.9,28.82,30.8154,0,235,3
28-Oct-2025,8714,Put,10000,1242.05,33.96,30.8154,0,131,3
25-Nov-2025,8714,Call,10800,14.95,29.98,30.8154,-2,2,3
28-Oct-2025,8714,Call,10100,5.15,28.39,30.8154,0,136,2
28-Oct-2025,8714,Put,9200,507.6,26.78,30.8154,0,484,2
25-Nov-2025,8714,Call,9000,221,22.67,30.8154,1,36,2
25-Nov-2025,8714,Call,8800,340.1,25.03,30.8154,0,3,2
25-Nov-2025,8714,Call,9100,208.45,24.63,30.8154,0,0,2
25-Nov-2025,8714,Put,7600,28.35,28.29,30.8154,0,73,2
25-Nov-2025,8714,Put,8700,304.9,28.88,30.8154,0,1,1
25-Nov-2025,8714,Call,9500,105.25,25.15,30.8154,0,0,1
28-Oct-2025,8714,Call,7900,0,0,30.8154,0,0,0
28-Oct-2025,8714,Call,7700,0,0,30.8154,0,0,0
28-Oct-2025,8714,Call,8300,0,0,30.8154,0,87,0
28-Oct-2025,8714,Call,8100,0,0,30.8154,0,0,0
28-Oct-2025,8714,Call,8000,0,0,30.8154,0,38,0
28-Oct-2025,8714,Put,9500,0,0,30.8154,0,125,0
28-Oct-2025,8714,Call,7600,0,0,30.8154,0,4,0
28-Oct-2025,8714,Call,7200,0,0,30.8154,0,0,0
28-Oct-2025,8714,Put,9700,0,0,30.8154,0,31,0
28-Oct-2025,8714,Put,9900,0,0,30.8154,0,3,0
28-Oct-2025,8714,Put,10200,0,0,30.8154,0,2,0
28-Oct-2025,8714,Put,7200,0,0,30.8154,0,0,0
28-Oct-2025,8714,Put,9300,0,0,30.8154,0,55,0
28-Oct-2025,8714,Call,7800,0,0,30.8154,0,0,0
28-Oct-2025,8714,Put,9400,0,0,30.8154,0,38,0
28-Oct-2025,8714,Call,7400,0,0,30.8154,0,0,0
25-Nov-2025,8714,Call,7200,0,0,30.8154,0,0,0
28-Oct-2025,8714,Put,9600,0,0,30.8154,0,10,0
28-Oct-2025,8714,Put,9800,0,0,30.8154,0,27,0
28-Oct-2025,8714,Put,10400,0,0,30.8154,0,6,0
25-Nov-2025,8714,Put,8100,0,0,30.8154,0,1,0
25-Nov-2025,8714,Call,9600,0,0,30.8154,0,4,0
25-Nov-2025,8714,Put,9000,0,0,30.8154,0,0,0
25-Nov-2025,8714,Put,9200,0,0,30.8154,0,0,0
25-Nov-2025,8714,Call,9300,0,0,30.8154,0,0,0
25-Nov-2025,8714,Call,9800,0,0,30.8154,0,0,0
25-Nov-2025,8714,Call,8900,0,0,30.8154,0,16,0
25-Nov-2025,8714,Call,8600,0,0,30.8154,0,13,0
25-Nov-2025,8714,Put,8800,0,0,30.8154,0,0,0
25-Nov-2025,8714,Put,7400,0,0,30.8154,0,0,0
25-Nov-2025,8714,Call,9200,0,0,30.8154,0,1,0
25-Nov-2025,8714,Put,8400,0,0,30.8154,0,7,0
25-Nov-2025,8714,Put,7700,0,0,30.8154,0,0,0
25-Nov-2025,8714,Put,9500,0,0,30.8154,0,0,0
25-Nov-2025,8714,Call,7700,0,0,30.8154,0,0,0
25-Nov-2025,8714,Call,7900,0,0,30.8154,0,0,0
25-Nov-2025,8714,Put,8900,0,0,30.8154,0,0,0
25-Nov-2025,8714,Put,7200,0,0,30.8154,0,0,0
25-Nov-2025,8714,Put,7800,0,0,30.8154,0,20,0
25-Nov-2025,8714,Put,9100,0,0,30.8154,0,0,0
25-Nov-2025,8714,Call,8400,0,0,30.8154,0,0,0
25-Nov-2025,8714,Call,7400,0,0,30.8154,0,0,0
25-Nov-2025,8714,Put,7900,0,0,30.8154,0,0,0
25-Nov-2025,8714,Call,8000,0,0,30.8154,0,0,0
25-Nov-2025,8714,Call,8300,0,0,30.8154,0,0,0
25-Nov-2025,8714,Put,9300,0,0,30.8154,0,0,0
25-Nov-2025,8714,Call,8100,0,0,30.8154,0,0,0
25-Nov-2025,8714,Put,8600,0,0,30.8154,0,0,0
25-Nov-2025,8714,Put,10000,0,0,30.8154,0,0,0
25-Nov-2025,8714,Put,9400,0,0,30.8154,0,0,0
25-Nov-2025,8714,Call,8200,0,0,30.8154,0,0,0
25-Nov-2025,8714,Put,9800,0,0,30.8154,0,0,0
25-Nov-2025,8714,Call,7800,0,0,30.8154,0,0,0
25-Nov-2025,8714,Call,7600,0,0,30.8154,0,0,0
25-Nov-2025,8714,Call,8500,0,0,30.8154,0,2,0
25-Nov-2025,8714,Put,9600,0,0,30.8154,0,0,0
30-Dec-2025,8714,Call,9000,0,0,30.8154,0,0,0
30-Dec-2025,8714,Call,10000,0,0,30.8154,0,0,0
30-Dec-2025,8714,Call,8600,0,0,0,0,0,0
30-Dec-2025,8714,Call,8800,0,0,0,0,0,0
