28-Oct-2025,56128.25,Call,56000,780,9.19,17.4469,2617,33810,133263
28-Oct-2025,56128.25,Put,56000,431.55,11.8,17.4469,14523,29221,108379
28-Oct-2025,56128.25,Call,57000,285.85,9.11,17.4469,955,61233,83666
28-Oct-2025,56128.25,Call,56500,497.35,9.19,17.4469,1257,18267,68518
28-Oct-2025,56128.25,Put,55000,182.65,12.57,17.4469,6900,48142,60877
28-Oct-2025,56128.25,Call,55900,844.5,9.23,17.4469,1295,4394,59364
28-Oct-2025,56128.25,Call,58000,76.95,9.26,17.4469,1159,32144,57429
28-Oct-2025,56128.25,Put,55500,280.7,12.1,17.4469,3286,25403,53590
28-Oct-2025,56128.25,Put,54000,79.35,13.81,17.4469,4521,38725,52724
28-Oct-2025,56128.25,Put,55900,394.25,11.81,17.4469,4006,6496,51214
28-Oct-2025,56128.25,Call,55800,912.55,9.21,17.4469,467,4801,47945
28-Oct-2025,56128.25,Put,55800,362.75,11.91,17.4469,4000,7590,47201
28-Oct-2025,56128.25,Call,56100,718.2,9.23,17.4469,3380,5513,46788
28-Oct-2025,56128.25,Call,56200,659.65,9.23,17.4469,2872,6090,44757
28-Oct-2025,56128.25,Call,57500,152.05,9.12,17.4469,1947,17005,42818
28-Oct-2025,56128.25,Put,54500,118.25,13.1,17.4469,2327,25089,38014
28-Oct-2025,56128.25,Put,53000,40.8,15.55,17.4469,-2254,23396,34373
28-Oct-2025,56128.25,Call,56300,602.35,9.24,17.4469,1014,4366,33401
28-Oct-2025,56128.25,Put,56100,468.4,11.71,17.4469,5185,5968,31126
28-Oct-2025,56128.25,Call,55500,1131.05,9.02,17.4469,-2798,18962,30027
28-Oct-2025,56128.25,Put,53500,54.65,14.58,17.4469,-1485,20296,29605
28-Oct-2025,56128.25,Call,58500,39.75,9.61,17.4469,2909,12636,29194
28-Oct-2025,56128.25,Put,52500,32.05,16.63,17.4469,-4594,14363,25741
28-Oct-2025,56128.25,Call,59000,24.05,10.28,17.4469,2870,16293,24913
28-Oct-2025,56128.25,Put,56200,508.4,11.68,17.4469,4210,4791,24371
28-Oct-2025,56128.25,Put,55600,306,12.04,17.4469,1708,8137,22936
28-Oct-2025,56128.25,Put,55700,333,11.94,17.4469,1654,5818,22570
28-Oct-2025,56128.25,Call,60000,11.75,11.91,17.4469,2720,14904,22047
28-Oct-2025,56128.25,Call,56400,547.85,9.21,17.4469,941,3848,21609
28-Oct-2025,56128.25,Put,52000,26.2,17.79,17.4469,338,17795,21129
28-Oct-2025,56128.25,Call,55700,983.25,9.17,17.4469,-810,4782,20694
28-Oct-2025,56128.25,Call,56800,362.05,9.14,17.4469,1401,3975,20482
28-Oct-2025,56128.25,Call,56700,403.35,9.17,17.4469,1156,4255,18816
28-Oct-2025,56128.25,-,0,56362.6,0,17.4469,-361,54414,18399
28-Oct-2025,56128.25,Put,51000,18.9,20.17,17.4469,-417,11738,16191
28-Oct-2025,56128.25,Call,59500,16.9,11.14,17.4469,3515,7072,15478
28-Oct-2025,56128.25,Call,56600,448.55,9.18,17.4469,715,3061,15377
28-Oct-2025,56128.25,Put,55400,258.65,12.18,17.4469,319,6304,15009
28-Oct-2025,56128.25,Call,57200,225.1,9.11,17.4469,1011,2863,14990
28-Oct-2025,56128.25,Call,57100,254.85,9.12,17.4469,1322,2907,14190
28-Oct-2025,56128.25,Put,55200,216.4,12.37,17.4469,-188,5473,13866
28-Oct-2025,56128.25,Call,57300,198.1,9.13,17.4469,411,3158,13557
28-Oct-2025,56128.25,Call,55600,1053.9,9.06,17.4469,-2195,4455,13373
28-Oct-2025,56128.25,Call,57400,173.9,9.12,17.4469,1628,2987,13356
28-Oct-2025,56128.25,Call,56900,323.1,9.16,17.4469,1501,3005,12955
28-Oct-2025,56128.25,Put,55300,236.2,12.28,17.4469,473,6380,12700
28-Oct-2025,56128.25,Put,56500,642.95,11.61,17.4469,2364,5306,12283
28-Oct-2025,56128.25,Call,61000,6.6,13.53,17.4469,2477,6923,12247
28-Oct-2025,56128.25,Put,51500,21.7,18.95,17.4469,-65,6789,12000
28-Oct-2025,56128.25,Call,57800,100.85,9.18,17.4469,273,2300,10597
28-Oct-2025,56128.25,Put,54800,152.3,12.75,17.4469,119,6216,10434
28-Oct-2025,56128.25,Call,55000,1525,8.24,17.4469,-686,23869,10410
28-Oct-2025,56128.25,Call,57700,116.6,9.15,17.4469,1151,2051,10268
28-Oct-2025,56128.25,Put,56300,549.5,11.65,17.4469,1920,2396,10265
28-Oct-2025,56128.25,Put,54700,139.95,12.88,17.4469,688,7374,10207
28-Oct-2025,56128.25,Call,57600,133.55,9.12,17.4469,1415,1768,9942
28-Oct-2025,56128.25,Put,54900,166.45,12.64,17.4469,708,5961,9787
28-Oct-2025,56128.25,Put,50000,14.75,22.68,17.4469,-799,7941,9420
28-Oct-2025,56128.25,Put,54200,91.75,13.48,17.4469,638,3980,8694
28-Oct-2025,56128.25,Put,55100,198.75,12.47,17.4469,416,4061,8655
28-Oct-2025,56128.25,Put,54600,128.95,13,17.4469,308,5543,8542
28-Oct-2025,56128.25,Call,57900,88.4,9.22,17.4469,1208,1338,8226
28-Oct-2025,56128.25,Call,60500,8.5,12.66,17.4469,1467,3057,7299
28-Oct-2025,56128.25,Put,50500,16.45,21.43,17.4469,-601,4516,6962
28-Oct-2025,56128.25,Call,58400,44.9,9.5,17.4469,2154,3016,6872
28-Oct-2025,56128.25,Put,54300,100.25,13.35,17.4469,468,3278,6628
28-Oct-2025,56128.25,Call,63000,3.9,17.2,17.4469,-1382,5340,6610
28-Oct-2025,56128.25,Put,57000,929.85,11.67,17.4469,477,30851,6483
28-Oct-2025,56128.25,Call,58900,25.65,10.08,17.4469,848,1953,6282
28-Oct-2025,56128.25,Put,54100,85.4,13.63,17.4469,723,2873,6148
28-Oct-2025,56128.25,Put,53700,62.9,14.2,17.4469,323,2434,6048
28-Oct-2025,56128.25,Call,62500,4.05,16.16,17.4469,599,2751,5964
28-Oct-2025,56128.25,Call,58700,32,9.85,17.4469,26,1697,5387
28-Oct-2025,56128.25,Put,56400,593,11.61,17.4469,795,1446,5120
28-Oct-2025,56128.25,Put,54400,109.15,13.24,17.4469,69,2705,5064
28-Oct-2025,56128.25,Put,53300,47.4,14.93,17.4469,1164,2685,5017
28-Oct-2025,56128.25,Put,53600,58.3,14.36,17.4469,1024,2090,5011
28-Oct-2025,56128.25,Put,53800,67.15,14.05,17.4469,-1037,1837,4980
28-Oct-2025,56128.25,Put,53900,71.95,13.87,17.4469,-25,2180,4965
28-Oct-2025,56128.25,Call,58200,58.85,9.39,17.4469,347,2846,4958
28-Oct-2025,56128.25,Call,58300,51.35,9.46,17.4469,943,1340,4710
28-Oct-2025,56128.25,Put,53200,45.45,15.15,17.4469,-203,1852,4635
28-Oct-2025,56128.25,Put,46000,8.85,33.66,17.4469,-654,6558,4624
28-Oct-2025,56128.25,Call,55400,1208.85,8.99,17.4469,-1128,2838,4421
28-Oct-2025,56128.25,Call,58100,67.75,9.32,17.4469,689,1295,4290
28-Oct-2025,56128.25,Call,55300,1283,8.84,17.4469,-1017,3805,4277
28-Oct-2025,56128.25,Put,53100,42.95,15.33,17.4469,-476,1051,3673
28-Oct-2025,56128.25,Call,58600,36.35,9.73,17.4469,461,989,3658
28-Oct-2025,56128.25,Put,46500,9.45,32.28,17.4469,30,3083,3575
28-Oct-2025,56128.25,Put,47000,10.15,30.88,17.4469,-141,2830,3553
28-Oct-2025,56128.25,Call,59400,17.85,10.89,17.4469,123,536,3222
28-Oct-2025,56128.25,Put,49500,13.2,23.97,17.4469,126,1142,2910
28-Oct-2025,56128.25,Put,52800,37.05,15.99,17.4469,197,1490,2895
28-Oct-2025,56128.25,Put,53400,51.5,14.75,17.4469,-48,1059,2817
28-Oct-2025,56128.25,Put,47500,10.25,29.43,17.4469,864,1617,2791
25-Nov-2025,56128.25,Put,53500,148.9,13.81,17.4469,1175,2538,2759
28-Oct-2025,56128.25,Call,62000,4.85,15.36,17.4469,-421,2179,2683
25-Nov-2025,56128.25,Put,54000,194.6,13.36,17.4469,865,3356,2611
28-Oct-2025,56128.25,Put,52600,33.45,16.44,17.4469,408,1702,2492
28-Oct-2025,56128.25,Put,49000,12.65,25.38,17.4469,-218,2644,2486
28-Oct-2025,56128.25,Call,63500,3.85,18.27,17.4469,103,1926,2370
28-Oct-2025,56128.25,Put,52900,38.75,15.76,17.4469,578,1440,2344
28-Oct-2025,56128.25,Call,59600,15.8,11.23,17.4469,842,921,2291
28-Oct-2025,56128.25,Call,55200,1361.5,8.38,17.4469,-230,2290,2281
28-Oct-2025,56128.25,Call,61500,5.3,14.37,17.4469,379,1036,2126
28-Oct-2025,56128.25,Put,48500,12.05,26.79,17.4469,500,1074,2080
28-Oct-2025,56128.25,Call,54500,1931.2,0,17.4469,-501,7749,2049
25-Nov-2025,56128.25,Put,56000,612.25,12.24,17.4469,625,1729,1878
25-Nov-2025,56128.25,Put,55000,344.7,12.56,17.4469,-63,2032,1692
28-Oct-2025,56128.25,Put,52200,28,17.29,17.4469,39,563,1690
28-Oct-2025,56128.25,Put,51900,24.7,18.03,17.4469,340,784,1599
25-Nov-2025,56128.25,Call,56000,1242.55,8.38,17.4469,159,1676,1588
28-Oct-2025,56128.25,Put,52300,29.25,17.06,17.4469,38,426,1585
25-Nov-2025,56128.25,Put,55500,457.65,12.41,17.4469,407,1097,1567
25-Nov-2025,56128.25,Put,53000,108.6,14.01,17.4469,154,2238,1546
25-Nov-2025,56128.25,-,0,56641.6,0,17.4469,-17,4634,1521
25-Nov-2025,56128.25,Call,57000,687.2,8.77,17.4469,150,2172,1503
28-Oct-2025,56128.25,Put,56600,692.45,11.58,17.4469,287,481,1500
28-Oct-2025,56128.25,Call,59100,22.55,10.44,17.4469,181,465,1443
25-Nov-2025,56128.25,Call,59000,139.3,9.06,17.4469,516,1287,1388
30-Dec-2025,56128.25,Put,54000,323.2,13.58,17.4469,-258,5076,1381
28-Oct-2025,56128.25,Put,52700,35.05,16.2,17.4469,-49,626,1376
28-Oct-2025,56128.25,Put,56800,803.4,11.61,17.4469,323,536,1327
28-Oct-2025,56128.25,Call,54000,2421.45,0,17.4469,-307,7364,1248
28-Oct-2025,56128.25,Put,51800,24.4,18.27,17.4469,36,545,1099
25-Nov-2025,56128.25,Call,58000,324.95,8.9,17.4469,302,779,1096
25-Nov-2025,56128.25,Call,60000,67.9,9.82,17.4469,212,1578,1039
30-Dec-2025,56128.25,Put,55500,633.65,13.15,17.4469,11,2017.71428571,1026
28-Oct-2025,56128.25,Call,54900,1605,7.02,17.4469,281,2818,1018
30-Dec-2025,56128.25,Put,52500,165,14.33,17.4469,-179,2871.28571429,980
28-Oct-2025,56128.25,Put,52400,31.1,16.85,17.4469,-41,203,929
30-Dec-2025,56128.25,-,0,56976.4,0,17.4469,-74,759,877
28-Oct-2025,56128.25,Call,55100,1443.1,8.36,17.4469,-179,1596,770
25-Nov-2025,56128.25,Call,56500,944.3,8.64,17.4469,15,676,770
28-Oct-2025,56128.25,Put,51600,22.35,18.71,17.4469,34,231,764
30-Dec-2025,56128.25,Call,60000,207.75,8.98,17.4469,84,2434,762
25-Nov-2025,56128.25,Call,57500,483.95,8.8,17.4469,256,499,721
28-Oct-2025,56128.25,Call,59700,14.4,11.41,17.4469,75,238,717
25-Nov-2025,56128.25,Put,54500,257.8,12.91,17.4469,152,998,713
30-Dec-2025,56128.25,Call,57000,1146.35,8.25,17.4469,-252,3586,712
28-Oct-2025,56128.25,Put,56700,750.85,11.61,17.4469,225,436,711
28-Oct-2025,56128.25,Call,59300,19,10.75,17.4469,140,204,699
28-Oct-2025,56128.25,Put,56900,867.5,11.68,17.4469,243,341,698
28-Oct-2025,56128.25,Call,54700,1780,0,17.4469,-267,1590,691
28-Oct-2025,56128.25,Put,58000,1709,13.04,17.4469,-242,3575,676
28-Oct-2025,56128.25,Call,53000,3355,0,17.4469,-144,1468,670
30-Dec-2025,56128.25,Put,57000,1190,12.97,17.4469,-91,5018,657
28-Oct-2025,56128.25,Call,54800,1700,5.74,17.4469,-117,1927,636
28-Oct-2025,56128.25,Put,51400,21.5,19.13,17.4469,-181,138,632
25-Nov-2025,56128.25,Put,57000,1046,12.19,17.4469,214,662,608
28-Oct-2025,56128.25,Put,52100,26.75,17.54,17.4469,79,208,607
25-Nov-2025,56128.25,Call,55500,1579,7.78,17.4469,115,815,603
25-Nov-2025,56128.25,Call,55000,1968.95,7.1,17.4469,-126,921,553
25-Nov-2025,56128.25,Put,52500,81.95,14.49,17.4469,-37,591,538
28-Oct-2025,56128.25,Call,60100,10.65,11.99,17.4469,41,192,531
28-Oct-2025,56128.25,Call,60300,10.1,12.48,17.4469,181,222,521
28-Oct-2025,56128.25,Put,60000,3629.85,20.11,17.4469,-337,3431,510
25-Nov-2025,56128.25,Put,52000,66.05,15.15,17.4469,-45,1045,509
28-Oct-2025,56128.25,Put,51300,20.6,19.4,17.4469,14,262,501
28-Oct-2025,56128.25,Call,54600,1872.8,6.96,17.4469,-342,1863,500
28-Oct-2025,56128.25,Call,52000,4348,0,17.4469,-100,1759,497
28-Oct-2025,56128.25,Call,59800,13.8,11.63,17.4469,125,274,457
28-Oct-2025,56128.25,Call,60200,11,12.17,17.4469,56,96,446
30-Dec-2025,56128.25,Put,51000,90,15.46,17.4469,64,1108,432
25-Nov-2025,56128.25,Put,56500,810.5,12.21,17.4469,194,269,430
28-Oct-2025,56128.25,Call,60600,8.05,12.83,17.4469,15,31,399
30-Dec-2025,56128.25,Put,56000,792.15,13.03,17.4469,153,305,383
28-Oct-2025,56128.25,Put,57500,1290.7,12.32,17.4469,31,1154,379
28-Oct-2025,56128.25,Put,51700,23.5,18.72,17.4469,-6,451,360
28-Oct-2025,56128.25,Put,51200,20,19.69,17.4469,24,219,343
28-Oct-2025,56128.25,Put,51100,19.65,19.89,17.4469,51,169,300
30-Dec-2025,56128.25,Call,58500,521.6,8.64,17.4469,92,1250,286
28-Oct-2025,56128.25,Put,57100,1000.6,11.94,17.4469,97,136,281
28-Oct-2025,56128.25,Call,60800,7.35,13.19,17.4469,38,171,273
30-Dec-2025,56128.25,Call,54000,3200,0,17.4469,-129,562.714285714,272
28-Oct-2025,56128.25,Put,50800,17.9,20.64,17.4469,88,124,244
28-Oct-2025,56128.25,Put,50900,19.25,20.53,17.4469,48,302,240
25-Nov-2025,56128.25,Put,50000,37,18.2,17.4469,-1,858,224
25-Nov-2025,56128.25,Call,54500,2330,0,17.4469,-34,186,198
28-Oct-2025,56128.25,Put,49300,13.45,24.61,17.4469,20,80,187
25-Nov-2025,56128.25,Put,58000,1702,12.92,17.4469,68,130,186
28-Oct-2025,56128.25,Put,57200,1070.2,12.09,17.4469,97,171,186
25-Nov-2025,56128.25,Call,54000,2788.35,0,17.4469,-12,524,181
28-Oct-2025,56128.25,Call,50000,6300,0,17.4469,28,3600,178
28-Oct-2025,56128.25,Call,60400,9.95,12.58,17.4469,56,99,162
30-Dec-2025,56128.25,Call,56000,1705,7.36,17.4469,41,237,152
28-Oct-2025,56128.25,Call,59900,12.25,11.81,17.4469,34,84,144
28-Oct-2025,56128.25,Call,54400,2040,0,17.4469,-39,521,140
28-Oct-2025,56128.25,Put,50100,15.5,22.48,17.4469,56,109,135
28-Oct-2025,56128.25,Put,50300,16.15,21.96,17.4469,-15,174,133
28-Oct-2025,56128.25,Put,63000,6670,32.49,17.4469,0,1054,122
28-Oct-2025,56128.25,Put,49100,13.2,25.19,17.4469,5,70,122
25-Nov-2025,56128.25,Put,57500,1332,12.57,17.4469,88,96,122
28-Oct-2025,56128.25,Put,48900,14.15,25.91,17.4469,-3,31,116
28-Oct-2025,56128.25,Call,53500,2880.2,0,17.4469,-7,938,113
25-Nov-2025,56128.25,Call,59500,99,9.4,17.4469,17,89,111
28-Oct-2025,56128.25,Put,49600,14.1,23.8,17.4469,11,86,109
25-Nov-2025,56128.25,Put,55900,581.65,12.3,17.4469,26,72,105
25-Nov-2025,56128.25,Put,54700,295.05,12.82,17.4469,22,194,104
28-Oct-2025,56128.25,Put,50600,17.65,21.25,17.4469,30,112,103
30-Dec-2025,56128.25,Call,55500,2039.7,6.52,17.4469,-19,1020,102
28-Oct-2025,56128.25,Put,49800,14.6,23.26,17.4469,0,198,100
25-Nov-2025,56128.25,Put,48000,20.6,21.07,17.4469,-37,1566,99
25-Nov-2025,56128.25,Put,55700,527.5,12.37,17.4469,3,45,96
25-Nov-2025,56128.25,Call,55800,1365.4,8.31,17.4469,27,45,94
28-Oct-2025,56128.25,Call,60900,6.9,13.33,17.4469,6,57,91
28-Oct-2025,56128.25,Put,50200,15.75,22.24,17.4469,-2,54,91
25-Nov-2025,56128.25,Call,55900,1297,8.36,17.4469,27,39,91
25-Nov-2025,56128.25,Call,55400,1651.6,7.99,17.4469,-1,170,91
25-Nov-2025,56128.25,Call,56700,816.3,8.55,17.4469,27,73,90
25-Nov-2025,56128.25,Put,55400,442.9,12.46,17.4469,24,77,86
25-Nov-2025,56128.25,Call,55600,1457.05,7.36,17.4469,-14,46,85
28-Oct-2025,56128.25,Put,58500,2175.1,14.2,17.4469,22,193,82
25-Nov-2025,56128.25,Put,55200,392.7,12.55,17.4469,-7,142,82
28-Oct-2025,56128.25,Call,47000,9274.65,0,17.4469,-2,369,81
28-Oct-2025,56128.25,Put,59000,2650,16.17,17.4469,1,1902,80
28-Oct-2025,56128.25,Put,50700,17.85,20.96,17.4469,-4,181,77
25-Nov-2025,56128.25,Call,56600,885.8,8.74,17.4469,-3,60,76
30-Dec-2025,56128.25,Put,54500,404.5,13.35,17.4469,66,66,76
30-Dec-2025,56128.25,Put,55000,504.85,13.19,17.4469,64,64,70
25-Nov-2025,56128.25,Put,56100,654.55,12.2,17.4469,30,58,66
28-Oct-2025,56128.25,Put,48800,12.9,26.08,17.4469,15,74,65
30-Dec-2025,56128.25,Put,58500,2053.85,13.96,17.4469,-1,298,65
28-Oct-2025,56128.25,Call,54300,2108.8,0,17.4469,-4,456,62
28-Oct-2025,56128.25,Call,54200,2206,0,17.4469,-11,442,61
25-Nov-2025,56128.25,Call,56200,1103,8.47,17.4469,9,49,58
25-Nov-2025,56128.25,Put,51500,49.2,15.42,17.4469,8,109,55
30-Dec-2025,56128.25,Call,55000,2410,4.35,17.4469,44,63,54
25-Nov-2025,56128.25,Put,55600,490.25,12.3,17.4469,23,60,53
25-Nov-2025,56128.25,Call,63000,14.75,12.66,17.4469,20,84,49
31-Mar-2026,56128.25,Call,60000,765,7.7,17.4469,17,512,48
25-Nov-2025,56128.25,Call,56100,1184.6,8.47,17.4469,5,45,46
28-Oct-2025,56128.25,Call,48000,8313.25,0,17.4469,25,2197,44
25-Nov-2025,56128.25,Call,57100,622.5,8.58,17.4469,25,54,42
25-Nov-2025,56128.25,Put,54600,282.8,12.96,17.4469,21,52,40
28-Oct-2025,56128.25,Put,48700,12.85,26.39,17.4469,0,44,39
28-Oct-2025,56128.25,Put,49700,13.55,23.35,17.4469,7,107,38
25-Nov-2025,56128.25,Call,56300,1053.95,8.65,17.4469,-8,32,37
28-Oct-2025,56128.25,Put,57300,1142.8,12.04,17.4469,1,46,35
25-Nov-2025,56128.25,Put,58500,2078.85,13.39,17.4469,26,31,35
25-Nov-2025,56128.25,Put,56200,700.8,12.3,17.4469,9,43,35
25-Nov-2025,56128.25,Put,55800,560,12.37,17.4469,5,48,35
28-Oct-2025,56128.25,Put,50400,14.8,21.73,17.4469,-6,235,33
28-Oct-2025,56128.25,Put,61000,4711.5,26.31,17.4469,14,590,32
28-Oct-2025,56128.25,Put,62000,5600,25.42,17.4469,-21,626,32
31-Mar-2026,56128.25,Call,57000,2063.1,5.49,17.4469,21,441,32
28-Oct-2025,56128.25,Put,59500,3140,17.46,17.4469,1,113,31
28-Oct-2025,56128.25,Put,57400,1232.85,12.2,17.4469,2,32,30
25-Nov-2025,56128.25,Call,56400,1007,8.83,17.4469,4,20,30
28-Oct-2025,56128.25,Put,49900,15.15,23.06,17.4469,-13,293,29
28-Oct-2025,56128.25,Call,54100,2319,0,17.4469,-10,286,25
25-Nov-2025,56128.25,Put,56600,868,12.26,17.4469,2,53,22
25-Nov-2025,56128.25,Call,62000,25.35,11.9,17.4469,13,57,22
25-Nov-2025,56128.25,Put,49000,25.7,19.45,17.4469,-6,111,21
25-Nov-2025,56128.25,Put,56400,775,12.2,17.4469,11,54,20
28-Oct-2025,56128.25,Call,53700,2573.15,0,17.4469,0,151,18
25-Nov-2025,56128.25,Put,56900,1008,12.23,17.4469,13,26,18
25-Nov-2025,56128.25,Put,56300,755,12.47,17.4469,10,52,18
30-Dec-2025,56128.25,Put,53000,203.15,14.1,17.4469,14,14,18
28-Oct-2025,56128.25,Call,53400,2871.7,0,17.4469,0,149,16
28-Oct-2025,56128.25,Call,53900,2433.35,0,17.4469,-1,185,16
30-Dec-2025,56128.25,Call,56500,1420,8.15,17.4469,-3,22,16
25-Nov-2025,56128.25,Put,60000,3440,16.78,17.4469,6,62,15
28-Oct-2025,56128.25,Call,53800,2482.8,0,17.4469,-1,99,14
28-Oct-2025,56128.25,Call,49000,7246.3,0,17.4469,7,546,14
28-Oct-2025,56128.25,Call,52500,3815,0,17.4469,0,209,14
25-Nov-2025,56128.25,Call,56800,780.4,8.75,17.4469,7,7,14
25-Nov-2025,56128.25,Call,55300,1658.5,6.35,17.4469,1,37,14
31-Mar-2026,56128.25,Put,57000,1461.05,14.75,17.4469,5,85,14
28-Oct-2025,56128.25,Put,49200,12.8,24.77,17.4469,-1,68,10
28-Oct-2025,56128.25,Call,51500,4850,0,17.4469,2,39,9
28-Oct-2025,56128.25,Put,58200,1910.1,13.74,17.4469,-8,15,9
25-Nov-2025,56128.25,Put,46000,14.9,24.57,17.4469,3,175,9
25-Nov-2025,56128.25,Call,53500,3220,0,17.4469,-1,31,9
28-Oct-2025,56128.25,Call,52900,3314.2,0,17.4469,-1,45,8
25-Nov-2025,56128.25,Put,54100,207.95,13.21,17.4469,-1,28,8
28-Oct-2025,56128.25,Call,51000,5201.45,0,17.4469,5,1071,7
28-Oct-2025,56128.25,Put,58400,2225.1,17.67,17.4469,2,14,6
25-Nov-2025,56128.25,Call,53000,3641,0,17.4469,-3,60,6
30-Dec-2025,56128.25,Put,55700,1533.2,21.54,17.4469,1,1,6
28-Oct-2025,56128.25,Call,48500,7800,0,17.4469,2,23,5
28-Oct-2025,56128.25,Put,49400,12.3,24,17.4469,1,57,5
25-Nov-2025,56128.25,Put,50500,39,17.17,17.4469,0,0,5
25-Nov-2025,56128.25,Call,54800,2030.1,0,17.4469,-2,43,5
25-Nov-2025,56128.25,Call,61500,27,11.08,17.4469,2,6,5
31-Mar-2026,56128.25,Call,58500,1280,6.93,17.4469,4,80,5
28-Oct-2025,56128.25,Call,52800,3410,0,17.4469,0,15,4
25-Nov-2025,56128.25,Put,59000,2500,14.19,17.4469,3,7,4
25-Nov-2025,56128.25,Put,57200,1160,12.16,17.4469,2,7,4
30-Dec-2025,56128.25,Put,56800,1145,13.44,17.4469,2,2,4
28-Oct-2025,56128.25,Call,50500,5675.9,0,17.4469,2,78,3
28-Oct-2025,56128.25,Call,52400,3601.1,0,17.4469,0,9,3
25-Nov-2025,56128.25,Call,52600,3890.1,0,17.4469,0,1,3
25-Nov-2025,56128.25,Call,55700,1394.05,7.6,17.4469,0,22,3
30-Dec-2025,56128.25,Put,56900,1172.65,13.29,17.4469,2,2,3
28-Oct-2025,56128.25,Put,63500,7181.65,34.86,17.4469,-1,210,2
28-Oct-2025,56128.25,Call,60700,7.4,12.95,17.4469,1,33,2
25-Nov-2025,56128.25,Put,47000,16.8,22.71,17.4469,1,49,2
25-Nov-2025,56128.25,Put,57100,1100,12.09,17.4469,1,5,2
25-Nov-2025,56128.25,Put,56800,968,12.34,17.4469,1,9,2
25-Nov-2025,56128.25,Call,55200,1679.1,0,17.4469,0,45,2
30-Dec-2025,56128.25,Put,48000,32.05,18.07,17.4469,0,8,2
25-Nov-2025,56128.25,Call,54600,2150,0,17.4469,-1,19,2
30-Dec-2025,56128.25,Call,56900,1115.4,7.56,17.4469,0,0,2
30-Dec-2025,56128.25,Put,56700,1080.4,13.23,17.4469,0,0,2
28-Oct-2025,56128.25,Call,53600,2604.35,0,17.4469,0,75,1
28-Oct-2025,56128.25,Call,52300,3900,0,17.4469,0,14,1
28-Oct-2025,56128.25,Call,52100,4101.1,0,17.4469,0,12,1
25-Nov-2025,56128.25,Call,52500,3850.1,0,17.4469,0,5,1
25-Nov-2025,56128.25,Call,50000,6390,0,17.4469,0,147,1
25-Nov-2025,56128.25,Call,54700,2077.1,0,17.4469,0,38,1
25-Nov-2025,56128.25,Put,59500,3129,17.97,17.4469,0,7,1
25-Nov-2025,56128.25,Call,48000,8450,0,17.4469,0,81,1
25-Nov-2025,56128.25,Call,55100,1806.6,5.22,17.4469,0,15,1
25-Nov-2025,56128.25,Call,52000,4420,0,17.4469,0,55,1
28-Oct-2025,56128.25,Put,59900,0,0,17.4469,0,11,0
28-Oct-2025,56128.25,Call,49600,0,0,17.4469,0,0,0
28-Oct-2025,56128.25,Call,53100,0,0,17.4469,0,8,0
28-Oct-2025,56128.25,Call,53200,0,0,17.4469,0,17,0
28-Oct-2025,56128.25,Call,53300,0,0,17.4469,0,17,0
28-Oct-2025,56128.25,Call,48700,0,0,17.4469,0,0,0
28-Oct-2025,56128.25,Call,49500,0,0,17.4469,0,8,0
28-Oct-2025,56128.25,Call,51100,0,0,17.4469,0,6,0
28-Oct-2025,56128.25,Call,51200,0,0,17.4469,0,10,0
28-Oct-2025,56128.25,Call,46000,0,0,17.4469,0,17,0
28-Oct-2025,56128.25,Put,60400,0,0,17.4469,0,6,0
28-Oct-2025,56128.25,Put,60800,0,0,17.4469,0,3,0
28-Oct-2025,56128.25,Put,58700,0,0,17.4469,0,9,0
28-Oct-2025,56128.25,Put,59400,0,0,17.4469,0,8,0
28-Oct-2025,56128.25,Put,59800,0,0,17.4469,0,6,0
28-Oct-2025,56128.25,Call,51300,0,0,17.4469,0,11,0
28-Oct-2025,56128.25,Call,51400,0,0,17.4469,0,12,0
28-Oct-2025,56128.25,Call,51800,0,0,17.4469,0,20,0
28-Oct-2025,56128.25,Call,51900,0,0,17.4469,0,14,0
28-Oct-2025,56128.25,Call,52200,0,0,17.4469,0,10,0
28-Oct-2025,56128.25,Call,47500,0,0,17.4469,0,1,0
28-Oct-2025,56128.25,Call,48800,0,0,17.4469,0,2,0
28-Oct-2025,56128.25,Call,46500,0,0,17.4469,0,36,0
28-Oct-2025,56128.25,Call,49400,0,0,17.4469,0,0,0
28-Oct-2025,56128.25,Call,50400,0,0,17.4469,0,4,0
28-Oct-2025,56128.25,Put,57900,0,0,17.4469,0,17,0
28-Oct-2025,56128.25,Call,49800,0,0,17.4469,0,1,0
28-Oct-2025,56128.25,Call,49700,0,0,17.4469,0,1,0
28-Oct-2025,56128.25,Call,49900,0,0,17.4469,0,1,0
28-Oct-2025,56128.25,Put,58300,0,0,17.4469,0,9,0
28-Oct-2025,56128.25,Put,58100,0,0,17.4469,0,16,0
28-Oct-2025,56128.25,Call,51600,0,0,17.4469,0,18,0
28-Oct-2025,56128.25,Put,60600,0,0,17.4469,0,6,0
28-Oct-2025,56128.25,Call,51700,0,0,17.4469,0,18,0
28-Oct-2025,56128.25,Call,52600,0,0,17.4469,0,13,0
28-Oct-2025,56128.25,Put,58800,0,0,17.4469,0,10,0
28-Oct-2025,56128.25,Call,50100,0,0,17.4469,0,45,0
28-Oct-2025,56128.25,Put,59300,0,0,17.4469,0,8,0
28-Oct-2025,56128.25,Put,60700,0,0,17.4469,0,4,0
28-Oct-2025,56128.25,Call,50200,0,0,17.4469,0,3,0
28-Oct-2025,56128.25,Call,58800,0,0,17.4469,0,0,0
28-Oct-2025,56128.25,Put,60300,0,0,17.4469,0,6,0
28-Oct-2025,56128.25,Call,52700,0,0,17.4469,0,5,0
28-Oct-2025,56128.25,Call,59200,0,0,17.4469,0,0,0
28-Oct-2025,56128.25,Put,60200,0,0,17.4469,0,6,0
28-Oct-2025,56128.25,Call,50300,0,0,17.4469,0,5,0
28-Oct-2025,56128.25,Put,59100,0,0,17.4469,0,8,0
28-Oct-2025,56128.25,Put,59200,0,0,17.4469,0,10,0
28-Oct-2025,56128.25,Put,60100,0,0,17.4469,0,9,0
28-Oct-2025,56128.25,Put,58600,0,0,17.4469,0,15,0
28-Oct-2025,56128.25,Put,60500,0,0,17.4469,0,17,0
25-Nov-2025,56128.25,Put,51700,0,0,17.4469,0,0,0
25-Nov-2025,56128.25,Call,57200,0,0,17.4469,0,0,0
25-Nov-2025,56128.25,Call,60100,0,0,17.4469,0,0,0
25-Nov-2025,56128.25,Put,53700,0,0,17.4469,0,0,0
25-Nov-2025,56128.25,Put,53600,0,0,17.4469,0,0,0
25-Nov-2025,56128.25,Call,52400,0,0,17.4469,0,0,0
25-Nov-2025,56128.25,Call,52300,0,0,17.4469,0,1,0
25-Nov-2025,56128.25,Call,52200,0,0,17.4469,0,1,0
25-Nov-2025,56128.25,Call,52100,0,0,17.4469,0,6,0
25-Nov-2025,56128.25,Call,51900,0,0,17.4469,0,2,0
25-Nov-2025,56128.25,Call,51800,0,0,17.4469,0,2,0
25-Nov-2025,56128.25,Call,51700,0,0,17.4469,0,2,0
25-Nov-2025,56128.25,Call,51600,0,0,17.4469,0,2,0
25-Nov-2025,56128.25,Call,60300,0,0,17.4469,0,0,0
25-Nov-2025,56128.25,Put,60200,0,0,17.4469,0,3,0
25-Nov-2025,56128.25,Call,60200,0,0,17.4469,0,0,0
25-Nov-2025,56128.25,Put,52700,0,0,17.4469,0,0,0
25-Nov-2025,56128.25,Put,52600,0,0,17.4469,0,0,0
25-Nov-2025,56128.25,Put,53400,0,0,17.4469,0,0,0
25-Nov-2025,56128.25,Put,53300,0,0,17.4469,0,0,0
25-Nov-2025,56128.25,Call,59800,0,0,17.4469,0,0,0
25-Nov-2025,56128.25,Call,59700,0,0,17.4469,0,0,0
25-Nov-2025,56128.25,Put,48500,0,0,17.4469,0,34,0
25-Nov-2025,56128.25,Put,58800,0,0,17.4469,0,5,0
25-Nov-2025,56128.25,Put,58100,0,0,17.4469,0,3,0
25-Nov-2025,56128.25,Put,60100,0,0,17.4469,0,2,0
25-Nov-2025,56128.25,Call,62500,0,0,17.4469,0,1,0
25-Nov-2025,56128.25,Put,59800,0,0,17.4469,0,4,0
25-Nov-2025,56128.25,Put,59200,0,0,17.4469,0,2,0
25-Nov-2025,56128.25,Call,53200,0,0,17.4469,0,0,0
25-Nov-2025,56128.25,Call,59200,0,0,17.4469,0,0,0
25-Nov-2025,56128.25,Call,57300,0,0,17.4469,0,0,0
28-Oct-2025,56128.25,Call,50900,0,0,17.4469,0,6,0
28-Oct-2025,56128.25,Call,50800,0,0,17.4469,0,6,0
28-Oct-2025,56128.25,Call,50700,0,0,17.4469,0,7,0
28-Oct-2025,56128.25,Call,50600,0,0,17.4469,0,5,0
28-Oct-2025,56128.25,Put,57800,0,0,17.4469,0,17,0
28-Oct-2025,56128.25,Put,57700,0,0,17.4469,0,19,0
28-Oct-2025,56128.25,Put,57600,0,0,17.4469,0,20,0
28-Oct-2025,56128.25,Put,62500,0,0,17.4469,0,1,0
28-Oct-2025,56128.25,Put,61500,0,0,17.4469,0,4,0
28-Oct-2025,56128.25,Put,60900,0,0,17.4469,0,3,0
28-Oct-2025,56128.25,Put,59700,0,0,17.4469,0,6,0
28-Oct-2025,56128.25,Put,59600,0,0,17.4469,0,8,0
28-Oct-2025,56128.25,Put,58900,0,0,17.4469,0,29,0
28-Oct-2025,56128.25,Call,49300,0,0,17.4469,0,0,0
28-Oct-2025,56128.25,Call,49200,0,0,17.4469,0,0,0
28-Oct-2025,56128.25,Call,49100,0,0,17.4469,0,0,0
25-Nov-2025,56128.25,Call,52700,0,0,17.4469,0,0,0
25-Nov-2025,56128.25,Put,60500,0,0,17.4469,0,2,0
25-Nov-2025,56128.25,Put,57600,0,0,17.4469,0,8,0
25-Nov-2025,56128.25,Put,55300,0,0,17.4469,0,0,0
25-Nov-2025,56128.25,Put,54800,0,0,17.4469,0,1,0
25-Nov-2025,56128.25,Put,52400,0,0,17.4469,0,0,0
25-Nov-2025,56128.25,Put,52100,0,0,17.4469,0,0,0
25-Nov-2025,56128.25,Put,51900,0,0,17.4469,0,0,0
25-Nov-2025,56128.25,Put,51300,0,0,17.4469,0,0,0
25-Nov-2025,56128.25,Put,49900,0,0,17.4469,0,0,0
25-Nov-2025,56128.25,Put,49700,0,0,17.4469,0,0,0
25-Nov-2025,56128.25,Put,59100,0,0,17.4469,0,4,0
25-Nov-2025,56128.25,Put,51600,0,0,17.4469,0,0,0
25-Nov-2025,56128.25,Put,50800,0,0,17.4469,0,0,0
25-Nov-2025,56128.25,Put,48800,0,0,17.4469,0,0,0
25-Nov-2025,56128.25,Call,48700,0,0,17.4469,0,0,0
25-Nov-2025,56128.25,Call,46000,0,0,17.4469,0,0,0
25-Nov-2025,56128.25,Put,63000,0,0,17.4469,0,1,0
25-Nov-2025,56128.25,Put,60400,0,0,17.4469,0,3,0
25-Nov-2025,56128.25,Call,60400,0,0,17.4469,0,0,0
25-Nov-2025,56128.25,Put,60300,0,0,17.4469,0,3,0
25-Nov-2025,56128.25,Put,51200,0,0,17.4469,0,0,0
25-Nov-2025,56128.25,Call,53100,0,0,17.4469,0,0,0
25-Nov-2025,56128.25,Call,50500,0,0,17.4469,0,5,0
25-Nov-2025,56128.25,Call,50400,0,0,17.4469,0,1,0
25-Nov-2025,56128.25,Call,50300,0,0,17.4469,0,2,0
25-Nov-2025,56128.25,Call,50200,0,0,17.4469,0,1,0
25-Nov-2025,56128.25,Call,50100,0,0,17.4469,0,0,0
25-Nov-2025,56128.25,Call,49900,0,0,17.4469,0,1,0
25-Nov-2025,56128.25,Call,49800,0,0,17.4469,0,0,0
25-Nov-2025,56128.25,Put,58600,0,0,17.4469,0,4,0
25-Nov-2025,56128.25,Call,58800,0,0,17.4469,0,0,0
25-Nov-2025,56128.25,Call,58700,0,0,17.4469,0,3,0
25-Nov-2025,56128.25,Call,58600,0,0,17.4469,0,1,0
25-Nov-2025,56128.25,Call,58400,0,0,17.4469,0,0,0
25-Nov-2025,56128.25,Call,58300,0,0,17.4469,0,0,0
25-Nov-2025,56128.25,Put,50200,0,0,17.4469,0,0,0
25-Nov-2025,56128.25,Put,50100,0,0,17.4469,0,0,0
25-Nov-2025,56128.25,Put,58900,0,0,17.4469,0,4,0
25-Nov-2025,56128.25,Put,57900,0,0,17.4469,0,11,0
25-Nov-2025,56128.25,Put,53900,0,0,17.4469,0,0,0
25-Nov-2025,56128.25,Put,49800,0,0,17.4469,0,0,0
25-Nov-2025,56128.25,Call,46500,0,0,17.4469,0,0,0
25-Nov-2025,56128.25,Put,50900,0,0,17.4469,0,1,0
25-Nov-2025,56128.25,Put,61500,0,0,17.4469,0,1,0
25-Nov-2025,56128.25,Put,61000,0,0,17.4469,0,2,0
25-Nov-2025,56128.25,Put,55100,0,0,17.4469,0,0,0
25-Nov-2025,56128.25,Put,52300,0,0,17.4469,0,0,0
25-Nov-2025,56128.25,Put,52200,0,0,17.4469,0,0,0
25-Nov-2025,56128.25,Put,51400,0,0,17.4469,0,0,0
25-Nov-2025,56128.25,Put,49500,0,0,17.4469,0,35,0
25-Nov-2025,56128.25,Put,51800,0,0,17.4469,0,0,0
25-Nov-2025,56128.25,Put,51100,0,0,17.4469,0,0,0
25-Nov-2025,56128.25,Put,51000,0,0,17.4469,0,0,0
25-Nov-2025,56128.25,Put,50700,0,0,17.4469,0,0,0
25-Nov-2025,56128.25,Put,50600,0,0,17.4469,0,0,0
25-Nov-2025,56128.25,Put,50400,0,0,17.4469,0,0,0
25-Nov-2025,56128.25,Put,57700,0,0,17.4469,0,9,0
25-Nov-2025,56128.25,Put,49300,0,0,17.4469,0,0,0
25-Nov-2025,56128.25,Put,49100,0,0,17.4469,0,0,0
25-Nov-2025,56128.25,Put,49400,0,0,17.4469,0,4,0
25-Nov-2025,56128.25,Put,54900,0,0,17.4469,0,0,0
25-Nov-2025,56128.25,Put,59300,0,0,17.4469,0,4,0
25-Nov-2025,56128.25,Put,59400,0,0,17.4469,0,3,0
25-Nov-2025,56128.25,Put,62000,0,0,17.4469,0,1,0
25-Nov-2025,56128.25,Put,48900,0,0,17.4469,0,0,0
25-Nov-2025,56128.25,Put,48700,0,0,17.4469,0,0,0
25-Nov-2025,56128.25,Call,54900,0,0,17.4469,0,43,0
25-Nov-2025,56128.25,Put,58200,0,0,17.4469,0,3,0
25-Nov-2025,56128.25,Put,56700,0,0,17.4469,0,46,0
25-Nov-2025,56128.25,Put,57400,0,0,17.4469,0,6,0
25-Nov-2025,56128.25,Call,58100,0,0,17.4469,0,0,0
25-Nov-2025,56128.25,Put,57300,0,0,17.4469,0,3,0
25-Nov-2025,56128.25,Call,58200,0,0,17.4469,0,0,0
25-Nov-2025,56128.25,Call,50700,0,0,17.4469,0,2,0
25-Nov-2025,56128.25,Call,50600,0,0,17.4469,0,1,0
25-Nov-2025,56128.25,Call,50900,0,0,17.4469,0,3,0
25-Nov-2025,56128.25,Call,51100,0,0,17.4469,0,3,0
25-Nov-2025,56128.25,Call,59900,0,0,17.4469,0,0,0
25-Nov-2025,56128.25,Call,51200,0,0,17.4469,0,2,0
25-Nov-2025,56128.25,Call,50800,0,0,17.4469,0,1,0
25-Nov-2025,56128.25,Put,57800,0,0,17.4469,0,8,0
25-Nov-2025,56128.25,Call,51000,0,0,17.4469,0,7,0
25-Nov-2025,56128.25,Put,47500,0,0,17.4469,0,50,0
25-Nov-2025,56128.25,Put,50300,0,0,17.4469,0,0,0
25-Nov-2025,56128.25,Put,49600,0,0,17.4469,0,0,0
25-Nov-2025,56128.25,Put,60700,0,0,17.4469,0,5,0
25-Nov-2025,56128.25,Call,60700,0,0,17.4469,0,0,0
25-Nov-2025,56128.25,Put,58400,0,0,17.4469,0,7,0
25-Nov-2025,56128.25,Call,57900,0,0,17.4469,0,0,0
25-Nov-2025,56128.25,Call,57800,0,0,17.4469,0,0,0
25-Nov-2025,56128.25,Call,57700,0,0,17.4469,0,0,0
25-Nov-2025,56128.25,Call,57600,0,0,17.4469,0,0,0
25-Nov-2025,56128.25,Put,49200,0,0,17.4469,0,0,0
25-Nov-2025,56128.25,Call,59600,0,0,17.4469,0,0,0
25-Nov-2025,56128.25,Call,59400,0,0,17.4469,0,0,0
25-Nov-2025,56128.25,Call,59300,0,0,17.4469,0,0,0
25-Nov-2025,56128.25,Put,60600,0,0,17.4469,0,2,0
25-Nov-2025,56128.25,Call,60600,0,0,17.4469,0,0,0
25-Nov-2025,56128.25,Call,58500,0,0,17.4469,0,0,0
25-Nov-2025,56128.25,Put,59600,0,0,17.4469,0,3,0
25-Nov-2025,56128.25,Call,59100,0,0,17.4469,0,0,0
25-Nov-2025,56128.25,Call,57400,0,0,17.4469,0,0,0
25-Nov-2025,56128.25,Put,59900,0,0,17.4469,0,4,0
25-Nov-2025,56128.25,Put,59700,0,0,17.4469,0,3,0
25-Nov-2025,56128.25,Put,62500,0,0,17.4469,0,1,0
25-Nov-2025,56128.25,Call,58900,0,0,17.4469,0,0,0
25-Nov-2025,56128.25,Put,52800,0,0,17.4469,0,0,0
25-Nov-2025,56128.25,Put,58700,0,0,17.4469,0,4,0
25-Nov-2025,56128.25,Call,49700,0,0,17.4469,0,0,0
25-Nov-2025,56128.25,Call,49600,0,0,17.4469,0,0,0
25-Nov-2025,56128.25,Call,49500,0,0,17.4469,0,0,0
25-Nov-2025,56128.25,Call,49400,0,0,17.4469,0,0,0
25-Nov-2025,56128.25,Call,49300,0,0,17.4469,0,0,0
25-Nov-2025,56128.25,Call,49200,0,0,17.4469,0,0,0
25-Nov-2025,56128.25,Call,49100,0,0,17.4469,0,0,0
25-Nov-2025,56128.25,Call,49000,0,0,17.4469,0,0,0
25-Nov-2025,56128.25,Call,48900,0,0,17.4469,0,0,0
25-Nov-2025,56128.25,Call,48800,0,0,17.4469,0,0,0
25-Nov-2025,56128.25,Call,48500,0,0,17.4469,0,0,0
25-Nov-2025,56128.25,Call,47500,0,0,17.4469,0,0,0
25-Nov-2025,56128.25,Call,47000,0,0,17.4469,0,0,0
25-Nov-2025,56128.25,Put,58300,0,0,17.4469,0,3,0
25-Nov-2025,56128.25,Put,54400,0,0,17.4469,0,0,0
25-Nov-2025,56128.25,Call,54400,0,0,17.4469,0,4,0
25-Nov-2025,56128.25,Call,54200,0,0,17.4469,0,3,0
25-Nov-2025,56128.25,Call,53900,0,0,17.4469,0,3,0
25-Nov-2025,56128.25,Call,53800,0,0,17.4469,0,12,0
25-Nov-2025,56128.25,Call,53700,0,0,17.4469,0,2,0
25-Nov-2025,56128.25,Call,53600,0,0,17.4469,0,3,0
25-Nov-2025,56128.25,Call,53400,0,0,17.4469,0,1,0
25-Nov-2025,56128.25,Call,53300,0,0,17.4469,0,1,0
25-Nov-2025,56128.25,Put,53200,0,0,17.4469,0,0,0
25-Nov-2025,56128.25,Call,51500,0,0,17.4469,0,13,0
25-Nov-2025,56128.25,Call,51400,0,0,17.4469,0,2,0
25-Nov-2025,56128.25,Call,51300,0,0,17.4469,0,2,0
30-Dec-2025,56128.25,Put,51400,0,0,17.4469,0,0,0
30-Dec-2025,56128.25,Put,51300,0,0,17.4469,0,0,0
30-Dec-2025,56128.25,Put,50900,0,0,17.4469,0,0,0
30-Dec-2025,56128.25,Put,50800,0,0,17.4469,0,0,0
30-Dec-2025,56128.25,Put,50600,0,0,17.4469,0,0,0
30-Dec-2025,56128.25,Put,50300,0,0,17.4469,0,0,0
30-Dec-2025,56128.25,Put,50200,0,0,17.4469,0,0,0
30-Dec-2025,56128.25,Put,52600,0,0,17.4469,0,0,0
30-Dec-2025,56128.25,Put,51900,0,0,17.4469,0,0,0
30-Dec-2025,56128.25,Put,51800,0,0,17.4469,0,0,0
30-Dec-2025,56128.25,Put,51700,0,0,17.4469,0,0,0
30-Dec-2025,56128.25,Put,57500,0,0,17.4469,0,0,0
30-Dec-2025,56128.25,Put,59400,0,0,17.4469,0,0,0
30-Dec-2025,56128.25,Put,59100,0,0,17.4469,0,0,0
30-Dec-2025,56128.25,Put,53200,0,0,17.4469,0,0,0
30-Dec-2025,56128.25,Put,53100,0,0,17.4469,0,0,0
30-Dec-2025,56128.25,Put,58800,0,0,17.4469,0,0,0
30-Dec-2025,56128.25,Put,58700,0,0,17.4469,0,0,0
30-Dec-2025,56128.25,Put,58600,0,0,17.4469,0,0,0
30-Dec-2025,56128.25,Put,58200,0,0,17.4469,0,0,0
30-Dec-2025,56128.25,Put,58100,0,0,17.4469,0,0,0
30-Dec-2025,56128.25,Put,57700,0,0,17.4469,0,0,0
30-Dec-2025,56128.25,Put,57600,0,0,17.4469,0,0,0
30-Dec-2025,56128.25,Put,63000,0,0,17.4469,0,0,0
30-Dec-2025,56128.25,Put,61500,0,0,17.4469,0,0,0
30-Dec-2025,56128.25,Put,62000,0,0,17.4469,0,0,0
30-Dec-2025,56128.25,Put,61000,0,0,17.4469,0,0,0
30-Dec-2025,56128.25,Put,60500,0,0,17.4469,0,0,0
30-Dec-2025,56128.25,Put,59600,0,0,17.4469,0,0,0
30-Dec-2025,56128.25,Put,58900,0,0,17.4469,0,0,0
30-Dec-2025,56128.25,Put,57400,0,0,17.4469,0,0,0
30-Dec-2025,56128.25,Put,64500,0,0,17.4469,0,0,0
30-Dec-2025,56128.25,Put,53500,0,0,17.4469,0,0,0
30-Dec-2025,56128.25,Put,52000,0,0,17.4469,0,0,0
30-Dec-2025,56128.25,Put,58000,0,0,17.4469,0,0,0
30-Dec-2025,56128.25,Put,52100,0,0,17.4469,0,0,0
30-Dec-2025,56128.25,Put,59200,0,0,17.4469,0,0,0
30-Dec-2025,56128.25,Call,52500,0,0,17.4469,0,0,0
30-Dec-2025,56128.25,Put,54100,0,0,17.4469,0,0,0
30-Dec-2025,56128.25,Put,56600,0,0,17.4469,0,0,0
30-Dec-2025,56128.25,Put,43500,0,0,17.4469,0,37.8571428571,0
30-Dec-2025,56128.25,Call,51000,0,0,17.4469,0,131.142857143,0
30-Dec-2025,56128.25,Put,57900,0,0,17.4469,0,0,0
30-Dec-2025,56128.25,Put,57800,0,0,17.4469,0,0,0
30-Dec-2025,56128.25,Put,52900,0,0,17.4469,0,0,0
30-Dec-2025,56128.25,Put,54700,0,0,17.4469,0,0,0
25-Nov-2025,56128.25,Put,54300,0,0,17.4469,0,0,0
25-Nov-2025,56128.25,Call,54300,0,0,17.4469,0,5,0
25-Nov-2025,56128.25,Put,54200,0,0,17.4469,0,0,0
25-Nov-2025,56128.25,Call,54100,0,0,17.4469,0,3,0
25-Nov-2025,56128.25,Put,53800,0,0,17.4469,0,0,0
25-Nov-2025,56128.25,Put,53100,0,0,17.4469,0,0,0
25-Nov-2025,56128.25,Put,46500,0,0,17.4469,0,9,0
25-Nov-2025,56128.25,Call,56900,0,0,17.4469,0,0,0
25-Nov-2025,56128.25,Call,52900,0,0,17.4469,0,0,0
25-Nov-2025,56128.25,Call,52800,0,0,17.4469,0,0,0
25-Nov-2025,56128.25,Put,52900,0,0,17.4469,0,0,0
25-Nov-2025,56128.25,Call,61000,0,0,17.4469,0,0,0
25-Nov-2025,56128.25,Call,60500,0,0,17.4469,0,0,0
30-Dec-2025,56128.25,Put,52800,0,0,17.4469,0,0,0
30-Dec-2025,56128.25,Put,50700,0,0,17.4469,0,0,0
30-Dec-2025,56128.25,Put,56100,0,0,17.4469,0,0,0
30-Dec-2025,56128.25,Put,52700,0,0,17.4469,0,0,0
30-Dec-2025,56128.25,Put,56300,0,0,17.4469,0,0,0
30-Dec-2025,56128.25,Put,56200,0,0,17.4469,0,0,0
30-Dec-2025,56128.25,Put,56500,0,0,17.4469,0,0,0
30-Dec-2025,56128.25,Put,56400,0,0,17.4469,0,0,0
30-Dec-2025,56128.25,Put,57200,0,0,17.4469,0,0,0
30-Dec-2025,56128.25,Put,62500,0,0,17.4469,0,0,0
30-Dec-2025,56128.25,Call,51400,0,0,17.4469,0,0,0
30-Dec-2025,56128.25,Call,53400,0,0,17.4469,0,0,0
30-Dec-2025,56128.25,Put,57300,0,0,17.4469,0,0,0
30-Dec-2025,56128.25,Put,57100,0,0,17.4469,0,0,0
30-Dec-2025,56128.25,Call,51500,0,0,17.4469,0,0,0
30-Dec-2025,56128.25,Call,49500,0,0,17.4469,0,0,0
30-Dec-2025,56128.25,Call,61000,0,0,17.4469,0,0,0
30-Dec-2025,56128.25,Call,48000,0,0,17.4469,0,0,0
30-Dec-2025,56128.25,Put,53600,0,0,17.4469,0,0,0
30-Dec-2025,56128.25,Call,56100,0,0,17.4469,0,0,0
30-Dec-2025,56128.25,Call,56600,0,0,17.4469,0,0,0
30-Dec-2025,56128.25,Call,55800,0,0,17.4469,0,0,0
30-Dec-2025,56128.25,Call,56200,0,0,17.4469,0,0,0
30-Dec-2025,56128.25,Call,57100,0,0,17.4469,0,0,0
30-Dec-2025,56128.25,Call,57300,0,0,17.4469,0,0,0
30-Dec-2025,56128.25,Call,57200,0,0,17.4469,0,0,0
30-Dec-2025,56128.25,Call,55700,0,0,17.4469,0,0,0
30-Dec-2025,56128.25,Call,57700,0,0,17.4469,0,0,0
30-Dec-2025,56128.25,Put,54600,0,0,17.4469,0,0,0
30-Dec-2025,56128.25,Put,54800,0,0,17.4469,0,0,0
30-Dec-2025,56128.25,Call,54900,0,0,17.4469,0,0,0
30-Dec-2025,56128.25,Call,54600,0,0,17.4469,0,0,0
30-Dec-2025,56128.25,Put,54900,0,0,17.4469,0,0,0
30-Dec-2025,56128.25,Put,55100,0,0,17.4469,0,0,0
30-Dec-2025,56128.25,Put,55300,0,0,17.4469,0,0,0
30-Dec-2025,56128.25,Call,57800,0,0,17.4469,0,0,0
30-Dec-2025,56128.25,Call,57600,0,0,17.4469,0,0,0
30-Dec-2025,56128.25,Call,46500,0,0,17.4469,0,0,0
30-Dec-2025,56128.25,Call,60400,0,0,0,0,0,0
30-Dec-2025,56128.25,Call,51300,0,0,17.4469,0,0,0
30-Dec-2025,56128.25,Call,50800,0,0,17.4469,0,0,0
30-Dec-2025,56128.25,Call,50700,0,0,17.4469,0,0,0
30-Dec-2025,56128.25,Call,50400,0,0,17.4469,0,0,0
30-Dec-2025,56128.25,Put,50000,0,0,17.4469,0,0,0
30-Dec-2025,56128.25,Put,51600,0,0,17.4469,0,0,0
30-Dec-2025,56128.25,Call,59700,0,0,17.4469,0,0,0
30-Dec-2025,56128.25,Call,63000,0,0,17.4469,0,0,0
30-Dec-2025,56128.25,Put,49600,0,0,17.4469,0,0,0
30-Dec-2025,56128.25,Put,59700,0,0,17.4469,0,0,0
30-Dec-2025,56128.25,Put,50100,0,0,17.4469,0,0,0
30-Dec-2025,56128.25,Put,49700,0,0,17.4469,0,0,0
30-Dec-2025,56128.25,Put,59800,0,0,17.4469,0,0,0
30-Dec-2025,56128.25,Call,59800,0,0,17.4469,0,0,0
30-Dec-2025,56128.25,Call,59900,0,0,17.4469,0,0,0
30-Dec-2025,56128.25,Call,60200,0,0,17.4469,0,0,0
30-Dec-2025,56128.25,Put,60100,0,0,17.4469,0,0,0
30-Dec-2025,56128.25,Put,51100,0,0,17.4469,0,0,0
30-Dec-2025,56128.25,Call,60100,0,0,17.4469,0,0,0
30-Dec-2025,56128.25,Put,59900,0,0,17.4469,0,0,0
30-Dec-2025,56128.25,Put,59000,0,0,17.4469,0,0,0
30-Dec-2025,56128.25,Put,49000,0,0,17.4469,0,1,0
30-Dec-2025,56128.25,Put,60000,0,0,17.4469,0,0,0
30-Dec-2025,56128.25,Put,49900,0,0,17.4469,0,0,0
30-Dec-2025,56128.25,Put,49800,0,0,17.4469,0,0,0
30-Dec-2025,56128.25,Put,49500,0,0,17.4469,0,0,0
30-Dec-2025,56128.25,Put,52400,0,0,17.4469,0,0,0
30-Dec-2025,56128.25,Call,64500,0,0,17.4469,0,2,0
30-Dec-2025,56128.25,Put,55600,0,0,17.4469,0,0,0
30-Dec-2025,56128.25,Put,48500,0,0,17.4469,0,0,0
30-Dec-2025,56128.25,Put,47500,0,0,17.4469,0,3,0
30-Dec-2025,56128.25,Call,62500,0,0,17.4469,0,1,0
30-Dec-2025,56128.25,Put,50400,0,0,17.4469,0,0,0
30-Dec-2025,56128.25,Put,60300,0,0,17.4469,0,0,0
30-Dec-2025,56128.25,Call,60300,0,0,17.4469,0,0,0
30-Dec-2025,56128.25,Put,60200,0,0,17.4469,0,0,0
30-Dec-2025,56128.25,Put,51200,0,0,17.4469,0,0,0
30-Dec-2025,56128.25,Call,50100,0,0,17.4469,0,0,0
30-Dec-2025,56128.25,Call,49800,0,0,17.4469,0,0,0
30-Dec-2025,56128.25,Call,49000,0,0,17.4469,0,0,0
30-Dec-2025,56128.25,Call,48500,0,0,17.4469,0,0,0
30-Dec-2025,56128.25,Call,47500,0,0,17.4469,0,0,0
30-Dec-2025,56128.25,Call,47000,0,0,17.4469,0,0,0
30-Dec-2025,56128.25,Put,46500,0,0,17.4469,0,0,0
30-Dec-2025,56128.25,Call,53300,0,0,17.4469,0,0,0
30-Dec-2025,56128.25,Call,52900,0,0,17.4469,0,0,0
30-Dec-2025,56128.25,Call,52800,0,0,17.4469,0,0,0
30-Dec-2025,56128.25,Call,52600,0,0,17.4469,0,0,0
30-Dec-2025,56128.25,Call,52100,0,0,17.4469,0,0,0
30-Dec-2025,56128.25,Call,51900,0,0,17.4469,0,0,0
30-Dec-2025,56128.25,Call,51800,0,0,17.4469,0,0,0
30-Dec-2025,56128.25,Call,61500,0,0,17.4469,0,0,0
30-Dec-2025,56128.25,Put,53800,0,0,17.4469,0,0,0
30-Dec-2025,56128.25,Put,53700,0,0,17.4469,0,0,0
30-Dec-2025,56128.25,Put,54400,0,0,17.4469,0,0,0
30-Dec-2025,56128.25,Put,54300,0,0,17.4469,0,0,0
30-Dec-2025,56128.25,Put,54200,0,0,17.4469,0,0,0
30-Dec-2025,56128.25,Call,54100,0,0,17.4469,0,0,0
30-Dec-2025,56128.25,Put,53900,0,0,17.4469,0,0,0
30-Dec-2025,56128.25,Call,50500,0,0,17.4469,0,0,0
30-Dec-2025,56128.25,Call,50300,0,0,17.4469,0,0,0
30-Dec-2025,56128.25,Call,50200,0,0,17.4469,0,0,0
30-Dec-2025,56128.25,Call,51200,0,0,17.4469,0,0,0
30-Dec-2025,56128.25,Call,51100,0,0,17.4469,0,0,0
30-Dec-2025,56128.25,Call,50900,0,0,17.4469,0,0,0
30-Dec-2025,56128.25,Call,50600,0,0,17.4469,0,0,0
30-Dec-2025,56128.25,Put,50500,0,0,17.4469,0,0,0
30-Dec-2025,56128.25,Put,52300,0,0,17.4469,0,0,0
30-Dec-2025,56128.25,Put,52200,0,0,17.4469,0,0,0
30-Dec-2025,56128.25,Put,59500,0,0,17.4469,0,0,0
30-Dec-2025,56128.25,Put,59300,0,0,17.4469,0,0,0
30-Dec-2025,56128.25,Put,58300,0,0,17.4469,0,0,0
30-Dec-2025,56128.25,Put,55400,0,0,17.4469,0,0,0
30-Dec-2025,56128.25,Call,55400,0,0,17.4469,0,0,0
30-Dec-2025,56128.25,Call,60500,0,0,17.4469,0,0,0
31-Mar-2026,56128.25,Put,54000,0,0,17.4469,0,0,0
31-Mar-2026,56128.25,Put,51000,0,0,17.4469,0,0,0
31-Mar-2026,56128.25,Put,55500,0,0,17.4469,0,0,0
31-Mar-2026,56128.25,Put,49500,0,0,17.4469,0,0,0
31-Mar-2026,56128.25,Put,60000,0,0,17.4469,0,6,0
31-Mar-2026,56128.25,Call,63000,0,0,17.4469,0,0,0
30-Dec-2025,56128.25,Call,50000,0,0,17.4469,0,2,0
30-Dec-2025,56128.25,Call,49900,0,0,17.4469,0,0,0
30-Dec-2025,56128.25,Call,49700,0,0,17.4469,0,0,0
30-Dec-2025,56128.25,Call,49600,0,0,17.4469,0,0,0
30-Dec-2025,56128.25,Put,47000,0,0,17.4469,0,1,0
30-Dec-2025,56128.25,Call,57500,0,0,17.4469,0,0,0
30-Dec-2025,56128.25,Call,57400,0,0,17.4469,0,0,0
30-Dec-2025,56128.25,Call,56800,0,0,17.4469,0,0,0
30-Dec-2025,56128.25,Call,56700,0,0,17.4469,0,0,0
30-Dec-2025,56128.25,Call,56400,0,0,17.4469,0,15,0
30-Dec-2025,56128.25,Call,56300,0,0,17.4469,0,0,0
30-Dec-2025,56128.25,Call,55900,0,0,17.4469,0,0,0
30-Dec-2025,56128.25,Call,55600,0,0,17.4469,0,0,0
30-Dec-2025,56128.25,Call,55300,0,0,17.4469,0,0,0
30-Dec-2025,56128.25,Call,55200,0,0,17.4469,0,0,0
30-Dec-2025,56128.25,Call,55100,0,0,17.4469,0,0,0
30-Dec-2025,56128.25,Call,54800,0,0,17.4469,0,0,0
30-Dec-2025,56128.25,Call,54700,0,0,17.4469,0,0,0
30-Dec-2025,56128.25,Call,54500,0,0,17.4469,0,0,0
30-Dec-2025,56128.25,Call,54400,0,0,17.4469,0,0,0
30-Dec-2025,56128.25,Call,54300,0,0,17.4469,0,0,0
30-Dec-2025,56128.25,Call,54200,0,0,17.4469,0,0,0
30-Dec-2025,56128.25,Call,53900,0,0,17.4469,0,0,0
30-Dec-2025,56128.25,Call,53800,0,0,17.4469,0,0,0
30-Dec-2025,56128.25,Call,53700,0,0,17.4469,0,0,0
30-Dec-2025,56128.25,Call,53600,0,0,17.4469,0,0,0
30-Dec-2025,56128.25,Call,53500,0,0,17.4469,0,1,0
30-Dec-2025,56128.25,Call,53200,0,0,17.4469,0,0,0
30-Dec-2025,56128.25,Call,53100,0,0,17.4469,0,0,0
30-Dec-2025,56128.25,Call,53000,0,0,17.4469,0,0,0
30-Dec-2025,56128.25,Call,52700,0,0,17.4469,0,0,0
30-Dec-2025,56128.25,Call,52400,0,0,17.4469,0,0,0
30-Dec-2025,56128.25,Put,55800,0,0,17.4469,0,0,0
30-Dec-2025,56128.25,Call,60600,0,0,0,0,0,0
30-Dec-2025,56128.25,Put,60600,0,0,0,0,0,0
30-Dec-2025,56128.25,Put,60400,0,0,0,0,0,0
30-Dec-2025,56128.25,Put,53400,0,0,17.4469,0,0,0
30-Dec-2025,56128.25,Put,53300,0,0,17.4469,0,0,0
30-Dec-2025,56128.25,Put,55900,0,0,17.4469,0,0,0
30-Dec-2025,56128.25,Call,62000,0,0,17.4469,0,0,0
30-Dec-2025,56128.25,Call,59600,0,0,17.4469,0,0,0
30-Dec-2025,56128.25,Call,52300,0,0,17.4469,0,0,0
30-Dec-2025,56128.25,Call,52200,0,0,17.4469,0,0,0
30-Dec-2025,56128.25,Call,52000,0,0,17.4469,0,0,0
30-Dec-2025,56128.25,Call,51700,0,0,17.4469,0,0,0
30-Dec-2025,56128.25,Call,51600,0,0,17.4469,0,0,0
30-Dec-2025,56128.25,Put,51500,0,0,17.4469,0,0,0
30-Dec-2025,56128.25,Call,59500,0,0,17.4469,0,0,0
30-Dec-2025,56128.25,Call,59400,0,0,17.4469,0,0,0
30-Dec-2025,56128.25,Call,59300,0,0,17.4469,0,0,0
30-Dec-2025,56128.25,Call,59200,0,0,17.4469,0,0,0
30-Dec-2025,56128.25,Call,59100,0,0,17.4469,0,0,0
30-Dec-2025,56128.25,Call,59000,0,0,17.4469,0,0,0
30-Dec-2025,56128.25,Call,58900,0,0,17.4469,0,0,0
30-Dec-2025,56128.25,Call,58800,0,0,17.4469,0,0,0
30-Dec-2025,56128.25,Call,58700,0,0,17.4469,0,0,0
30-Dec-2025,56128.25,Call,58600,0,0,17.4469,0,0,0
30-Dec-2025,56128.25,Call,58400,0,0,17.4469,0,0,0
30-Dec-2025,56128.25,Call,58300,0,0,17.4469,0,0,0
30-Dec-2025,56128.25,Call,58200,0,0,17.4469,0,0,0
30-Dec-2025,56128.25,Call,58100,0,0,17.4469,0,0,0
30-Dec-2025,56128.25,Call,58000,0,0,17.4469,0,0,0
30-Dec-2025,56128.25,Call,57900,0,0,17.4469,0,0,0
31-Mar-2026,56128.25,Call,64500,0,0,17.4469,0,0,0
31-Mar-2026,56128.25,Put,46500,0,0,17.4469,0,0,0
31-Mar-2026,56128.25,Put,52500,0,0,17.4469,0,0,0
31-Mar-2026,56128.25,Call,61500,0,0,17.4469,0,0,0
31-Mar-2026,56128.25,Put,48000,0,0,17.4469,0,0,0
30-Jun-2026,56128.25,Call,63000,0,0,17.4469,0,0,0
31-Mar-2026,56128.25,Call,55500,0,0,17.4469,0,0,0
30-Jun-2026,56128.25,Put,49500,0,0,17.4469,0,0,0
30-Jun-2026,56128.25,Put,51000,0,0,17.4469,0,0,0
30-Jun-2026,56128.25,Put,55500,0,0,17.4469,0,0,0
30-Jun-2026,56128.25,Put,46500,0,0,17.4469,0,0,0
30-Jun-2026,56128.25,Put,54000,0,0,17.4469,0,0,0
30-Jun-2026,56128.25,Put,52500,0,0,17.4469,0,0,0
30-Jun-2026,56128.25,Call,61500,0,0,17.4469,0,0,0
30-Jun-2026,56128.25,Call,58500,0,0,17.4469,0,0,0
30-Jun-2026,56128.25,Call,57000,0,0,17.4469,0,0,0
30-Jun-2026,56128.25,Put,48000,0,0,17.4469,0,0,0
30-Jun-2026,56128.25,Call,64500,0,0,17.4469,0,0,0
30-Jun-2026,56128.25,Call,60000,0,0,17.4469,0,0,0
30-Jun-2026,56128.25,Put,57000,0,0,17.4469,0,0,0
