28-Oct-2025,245.16,Call,250,5.55,28.99,46.5755,34,1487,2067
28-Oct-2025,245.16,-,0,245.83,0,46.5755,363,22149,2007
28-Oct-2025,245.16,Call,245,7.75,28.88,46.5755,57,557,1169
28-Oct-2025,245.16,Put,240,4.5,31.32,46.5755,-104,1203,1044
28-Oct-2025,245.16,Put,245,6.55,31.45,46.5755,34,394,688
28-Oct-2025,245.16,Call,255,3.8,29.16,46.5755,28,315,627
28-Oct-2025,245.16,Call,240,10.7,29.13,46.5755,-4,1166,521
28-Oct-2025,245.16,Call,247.5,6.7,28.81,46.5755,58,129,386
28-Oct-2025,245.16,Put,242.5,5.55,31.34,46.5755,-22,112,354
28-Oct-2025,245.16,Call,260,2.5,29.49,46.5755,-7,582,334
28-Oct-2025,245.16,Put,235,3,31.64,46.5755,-59,384,258
28-Oct-2025,245.16,Call,242.5,9.25,29.19,46.5755,-5,79,207
28-Oct-2025,245.16,Put,250,9.2,31.48,46.5755,-5,261,181
28-Oct-2025,245.16,Call,265,1.7,30.33,46.5755,-5,301,163
28-Oct-2025,245.16,Call,252.5,4.75,29.9,46.5755,-2,78,160
28-Oct-2025,245.16,Put,247.5,7.85,31.42,46.5755,1,95,158
28-Oct-2025,245.16,Call,280,0.5,33.16,46.5755,-5,247,155
28-Oct-2025,245.16,Put,220,0.8,34.55,46.5755,-16,332,154
28-Oct-2025,245.16,Put,230,1.95,32.38,46.5755,16,464,152
28-Oct-2025,245.16,Put,237.5,3.7,31.4,46.5755,13,77,129
28-Oct-2025,245.16,Call,270,1.15,31.16,46.5755,7,460,100
25-Nov-2025,245.16,-,0,247.8,0,46.5755,20,505,96
28-Oct-2025,245.16,Call,235,14.05,28.44,46.5755,-10,313,87
28-Oct-2025,245.16,Put,215,0.55,36.45,46.5755,-9,185,74
28-Oct-2025,245.16,Call,230,18.05,28.9,46.5755,-3,222,69
28-Oct-2025,245.16,Call,257.5,3.15,29.7,46.5755,-4,32,67
28-Oct-2025,245.16,Put,225,1.25,33.35,46.5755,-10,212,62
28-Oct-2025,245.16,Put,252.5,10.6,30.36,46.5755,6,52,47
28-Oct-2025,245.16,Put,260,16,31.07,46.5755,1,336,40
28-Oct-2025,245.16,Put,232.5,2.7,33.53,46.5755,0,49,38
28-Oct-2025,245.16,Call,237.5,12.45,29.38,46.5755,1,40,35
28-Oct-2025,245.16,Put,255,12.25,30.4,46.5755,7,82,32
28-Oct-2025,245.16,Put,265,20,31.16,46.5755,4,78,30
28-Oct-2025,245.16,Put,267.5,22.2,31.78,0,0,11,29
28-Oct-2025,245.16,Put,262.5,17.95,31.07,46.5755,4,29,28
28-Oct-2025,245.16,Put,270,24.4,32.04,46.5755,-5,102,26
28-Oct-2025,245.16,Call,227.5,20.15,28.83,46.5755,5,28,25
28-Oct-2025,245.16,Call,220,27.3,33.85,46.5755,4,132,24
28-Oct-2025,245.16,Call,232.5,16.4,31.05,46.5755,1,30,21
30-Dec-2025,245.16,-,0,249,0,46.5755,10,58,20
28-Oct-2025,245.16,Call,225,22.25,27.85,46.5755,-3,93,20
28-Oct-2025,245.16,Call,267.5,1.2,29.29,0,0,10,18
28-Oct-2025,245.16,Put,222.5,1,33.93,46.5755,1,45,13
28-Oct-2025,245.16,Call,275,0.75,31.72,46.5755,6,64,12
28-Oct-2025,245.16,Put,227.5,1.65,33.46,46.5755,3,25,10
28-Oct-2025,245.16,Put,210,0.45,39.68,46.5755,-1,272,9
28-Oct-2025,245.16,Put,257.5,14.05,30.61,46.5755,-3,22,9
28-Oct-2025,245.16,Put,200,0.25,44.45,46.5755,-6,239,8
28-Oct-2025,245.16,Put,170,0.05,59.38,46.5755,0,10,4
25-Nov-2025,245.16,Call,250,10,29.39,46.5755,1,13,4
25-Nov-2025,245.16,Put,230,4.55,32.95,46.5755,3,11,4
28-Oct-2025,245.16,Call,215,32,35.21,46.5755,1,13,3
28-Oct-2025,245.16,Call,262.5,2.15,30.41,46.5755,0,14,2
28-Oct-2025,245.16,Put,205,0.35,42.42,46.5755,-1,50,2
25-Nov-2025,245.16,Put,240,7.6,31.92,46.5755,1,4,2
25-Nov-2025,245.16,Call,260,5.85,28.43,46.5755,1,15,2
25-Nov-2025,245.16,Put,250,13.25,34.61,46.5755,1,14,2
28-Oct-2025,245.16,Call,205,40.65,0,46.5755,0,11,1
25-Nov-2025,245.16,Call,240,15.15,29.09,46.5755,0,5,1
25-Nov-2025,245.16,Call,255,7.9,29.34,46.5755,0,1,1
28-Oct-2025,245.16,Call,180,0,0,46.5755,0,1,0
28-Oct-2025,245.16,Call,222.5,0,0,46.5755,0,6,0
28-Oct-2025,245.16,Call,217.5,0,0,46.5755,0,0,0
28-Oct-2025,245.16,Put,275,0,0,46.5755,0,0,0
28-Oct-2025,245.16,Put,280,0,0,46.5755,0,118,0
28-Oct-2025,245.16,Put,195,0,0,46.5755,0,1,0
28-Oct-2025,245.16,Call,200,0,0,46.5755,0,48,0
28-Oct-2025,245.16,Call,210,0,0,46.5755,0,76,0
28-Oct-2025,245.16,Put,180,0,0,46.5755,0,21,0
28-Oct-2025,245.16,Put,217.5,0,0,46.5755,0,0,0
25-Nov-2025,245.16,Call,280,0,0,46.5755,0,0,0
25-Nov-2025,245.16,Call,275,0,0,46.5755,0,0,0
25-Nov-2025,245.16,Put,262.5,0,0,46.5755,0,0,0
25-Nov-2025,245.16,Put,267.5,0,0,0,0,0,0
25-Nov-2025,245.16,Put,200,0,0,46.5755,0,3,0
25-Nov-2025,245.16,Call,220,0,0,46.5755,0,0,0
25-Nov-2025,245.16,Call,230,0,0,46.5755,0,0,0
25-Nov-2025,245.16,Put,270,0,0,46.5755,0,0,0
25-Nov-2025,245.16,Put,220,0,0,46.5755,0,0,0
25-Nov-2025,245.16,Call,265,0,0,46.5755,0,0,0
25-Nov-2025,245.16,Put,215,0,0,46.5755,0,0,0
25-Nov-2025,245.16,Put,225,0,0,46.5755,0,0,0
25-Nov-2025,245.16,Put,235,0,0,46.5755,0,0,0
25-Nov-2025,245.16,Call,245,0,0,46.5755,0,0,0
25-Nov-2025,245.16,Put,280,0,0,46.5755,0,0,0
25-Nov-2025,245.16,Call,215,0,0,46.5755,0,0,0
25-Nov-2025,245.16,Call,217.5,0,0,46.5755,0,0,0
25-Nov-2025,245.16,Call,222.5,0,0,46.5755,0,0,0
25-Nov-2025,245.16,Call,225,0,0,46.5755,0,0,0
25-Nov-2025,245.16,Call,235,0,0,46.5755,0,0,0
25-Nov-2025,245.16,Put,252.5,0,0,46.5755,0,0,0
25-Nov-2025,245.16,Put,247.5,0,0,46.5755,0,0,0
25-Nov-2025,245.16,Put,227.5,0,0,46.5755,0,0,0
25-Nov-2025,245.16,Call,270,0,0,46.5755,0,0,0
25-Nov-2025,245.16,Call,232.5,0,0,46.5755,0,0,0
25-Nov-2025,245.16,Put,242.5,0,0,46.5755,0,0,0
25-Nov-2025,245.16,Put,245,0,0,46.5755,0,3,0
25-Nov-2025,245.16,Call,257.5,0,0,46.5755,0,0,0
25-Nov-2025,245.16,Put,222.5,0,0,46.5755,0,0,0
25-Nov-2025,245.16,Call,237.5,0,0,46.5755,0,0,0
25-Nov-2025,245.16,Call,227.5,0,0,46.5755,0,0,0
25-Nov-2025,245.16,Call,247.5,0,0,46.5755,0,0,0
25-Nov-2025,245.16,Call,210,0,0,46.5755,0,0,0
25-Nov-2025,245.16,Put,210,0,0,46.5755,0,0,0
25-Nov-2025,245.16,Call,242.5,0,0,46.5755,0,0,0
25-Nov-2025,245.16,Put,260,0,0,46.5755,0,2,0
25-Nov-2025,245.16,Put,255,0,0,46.5755,0,1,0
25-Nov-2025,245.16,Put,217.5,0,0,46.5755,0,0,0
25-Nov-2025,245.16,Put,265,0,0,46.5755,0,0,0
25-Nov-2025,245.16,Call,252.5,0,0,46.5755,0,0,0
25-Nov-2025,245.16,Put,205,0,0,46.5755,0,0,0
30-Dec-2025,245.16,Put,240,0,0,46.5755,0,0,0
30-Dec-2025,245.16,Put,220,0,0,46.5755,0,0,0
30-Dec-2025,245.16,Put,215,0,0,46.5755,0,0,0
25-Nov-2025,245.16,Put,237.5,0,0,46.5755,0,0,0
25-Nov-2025,245.16,Call,205,0,0,46.5755,0,0,0
25-Nov-2025,245.16,Put,275,0,0,46.5755,0,0,0
25-Nov-2025,245.16,Put,232.5,0,0,46.5755,0,0,0
30-Dec-2025,245.16,Put,210,0,0,46.5755,0,0,0
25-Nov-2025,245.16,Put,257.5,0,0,46.5755,0,0,0
30-Dec-2025,245.16,Call,250,0,0,46.5755,0,0,0
30-Dec-2025,245.16,Call,260,0,0,46.5755,0,0,0
25-Nov-2025,245.16,Call,262.5,0,0,46.5755,0,0,0
30-Dec-2025,245.16,Call,255,0,0,46.5755,0,0,0
30-Dec-2025,245.16,Put,225,0,0,46.5755,0,0,0
30-Dec-2025,245.16,Call,265,0,0,46.5755,0,0,0
30-Dec-2025,245.16,Put,235,0,0,46.5755,0,0,0
30-Dec-2025,245.16,Put,230,0,0,46.5755,0,0,0
25-Nov-2025,245.16,Call,267.5,0,0,0,0,0,0
30-Dec-2025,245.16,Call,280,0,0,0,0,0,0
30-Dec-2025,245.16,Call,270,0,0,46.5755,0,0,0
