28-Oct-2025,339.35,Put,335,6.1,27.34,33.8807,770,1037,2587
28-Oct-2025,339.35,Call,350,5.15,26.15,33.8807,54,981,1504
28-Oct-2025,339.35,-,0,340.95,0,33.8807,-102,17152,1492
28-Oct-2025,339.35,Call,345,7.05,26.14,33.8807,79,789,1194
28-Oct-2025,339.35,Put,340,8.3,27.2,33.8807,19,460,932
28-Oct-2025,339.35,Call,340,9.25,26.17,33.8807,73,635,865
28-Oct-2025,339.35,Call,355,3.75,26.49,33.8807,-14,218,606
28-Oct-2025,339.35,Put,330,4.45,27.59,33.8807,-7,522,529
28-Oct-2025,339.35,Call,360,2.7,26.72,33.8807,-1,459,498
28-Oct-2025,339.35,Call,380,0.65,28.52,33.8807,-8,418,277
28-Oct-2025,339.35,Put,300,0.5,31.85,33.8807,196,525,260
28-Oct-2025,339.35,Put,325,3.15,27.93,33.8807,-14,373,246
28-Oct-2025,339.35,Put,320,2.25,28.41,33.8807,-27,338,220
28-Oct-2025,339.35,Put,345,10.95,27.27,33.8807,20,138,218
28-Oct-2025,339.35,Call,390,0.35,29.53,33.8807,110,625,217
28-Oct-2025,339.35,Call,370,1.35,27.29,33.8807,33,335,166
28-Oct-2025,339.35,Call,335,12.45,26.67,33.8807,11,164,152
28-Oct-2025,339.35,Put,350,14,26.95,33.8807,-4,329,152
28-Oct-2025,339.35,Call,330,15.6,26.42,33.8807,6,259,100
25-Nov-2025,339.35,-,0,342.4,0,33.8807,24,208,92
28-Oct-2025,339.35,Put,310,1,29.67,33.8807,26,333,87
28-Oct-2025,339.35,Put,315,1.5,29.15,33.8807,-38,131,83
28-Oct-2025,339.35,Put,360,21.3,27.77,33.8807,46,124,72
28-Oct-2025,339.35,Put,305,0.7,30.68,33.8807,0,138,49
28-Oct-2025,339.35,Put,295,0.35,32.91,33.8807,40,130,47
28-Oct-2025,339.35,Call,365,1.9,27.29,33.8807,14,116,40
28-Oct-2025,339.35,Put,355,17,25.91,33.8807,3,12,35
25-Nov-2025,339.35,Put,320,4.7,27.85,33.8807,12,39,35
28-Oct-2025,339.35,Put,365,25.05,26.29,33.8807,14,29,34
28-Oct-2025,339.35,Call,320,23.55,28.05,33.8807,-6,124,28
28-Oct-2025,339.35,Put,370,30,29.64,33.8807,0,25,24
28-Oct-2025,339.35,Put,290,0.25,32.92,33.8807,-1,105,19
28-Oct-2025,339.35,Call,325,19.5,27.51,33.8807,-1,41,18
28-Oct-2025,339.35,Put,380,39.25,31.62,33.8807,4,25,17
25-Nov-2025,339.35,Put,315,3.6,27.83,33.8807,16,16,17
30-Dec-2025,339.35,-,0,343.15,0,33.8807,5,20,11
28-Oct-2025,339.35,Call,300,43.05,42.5,33.8807,-1,58,8
28-Oct-2025,339.35,Call,310,31.85,28.78,33.8807,-1,39,6
28-Oct-2025,339.35,Call,315,27.85,28.6,33.8807,-3,12,5
25-Nov-2025,339.35,Call,360,6.4,24.75,33.8807,3,34,5
28-Oct-2025,339.35,Put,260,0.05,43.21,33.8807,1,36,2
28-Oct-2025,339.35,Call,280,61.65,43.83,33.8807,0,44,2
28-Oct-2025,339.35,Call,295,0,0,33.8807,0,5,0
28-Oct-2025,339.35,Call,305,0,0,33.8807,0,10,0
28-Oct-2025,339.35,Call,270,0,0,33.8807,0,12,0
28-Oct-2025,339.35,Call,290,0,0,33.8807,0,18,0
28-Oct-2025,339.35,Call,260,0,0,33.8807,0,10,0
28-Oct-2025,339.35,Put,285,0,0,33.8807,0,26,0
25-Nov-2025,339.35,Put,350,0,0,33.8807,0,0,0
25-Nov-2025,339.35,Put,345,0,0,33.8807,0,0,0
25-Nov-2025,339.35,Call,370,0,0,33.8807,0,0,0
25-Nov-2025,339.35,Put,290,0,0,33.8807,0,0,0
25-Nov-2025,339.35,Call,345,0,0,33.8807,0,0,0
25-Nov-2025,339.35,Call,340,0,0,33.8807,0,9,0
28-Oct-2025,339.35,Put,390,0,0,33.8807,0,9,0
25-Nov-2025,339.35,Put,330,0,0,33.8807,0,0,0
25-Nov-2025,339.35,Call,365,0,0,33.8807,0,0,0
25-Nov-2025,339.35,Put,390,0,0,33.8807,0,0,0
25-Nov-2025,339.35,Put,300,0,0,33.8807,0,0,0
25-Nov-2025,339.35,Call,355,0,0,33.8807,0,0,0
25-Nov-2025,339.35,Call,330,0,0,33.8807,0,6,0
25-Nov-2025,339.35,Call,320,0,0,33.8807,0,0,0
25-Nov-2025,339.35,Put,370,0,0,33.8807,0,0,0
25-Nov-2025,339.35,Call,290,0,0,33.8807,0,0,0
25-Nov-2025,339.35,Call,315,0,0,33.8807,0,0,0
25-Nov-2025,339.35,Put,365,0,0,33.8807,0,0,0
25-Nov-2025,339.35,Call,325,0,0,33.8807,0,0,0
25-Nov-2025,339.35,Put,355,0,0,33.8807,0,0,0
25-Nov-2025,339.35,Put,310,0,0,33.8807,0,0,0
25-Nov-2025,339.35,Put,335,0,0,33.8807,0,0,0
25-Nov-2025,339.35,Put,380,0,0,33.8807,0,0,0
25-Nov-2025,339.35,Put,325,0,0,33.8807,0,0,0
25-Nov-2025,339.35,Put,360,0,0,33.8807,0,0,0
25-Nov-2025,339.35,Call,380,0,0,33.8807,0,2,0
25-Nov-2025,339.35,Call,300,0,0,33.8807,0,0,0
25-Nov-2025,339.35,Call,335,0,0,33.8807,0,0,0
25-Nov-2025,339.35,Put,340,0,0,33.8807,0,0,0
30-Dec-2025,339.35,Put,330,0,0,33.8807,0,0,0
25-Nov-2025,339.35,Call,390,0,0,33.8807,0,0,0
25-Nov-2025,339.35,Call,310,0,0,33.8807,0,0,0
25-Nov-2025,339.35,Call,350,0,0,33.8807,0,6,0
30-Dec-2025,339.35,Call,360,0,0,33.8807,0,0,0
30-Dec-2025,339.35,Put,310,0,0,33.8807,0,0,0
30-Dec-2025,339.35,Call,350,0,0,33.8807,0,0,0
30-Dec-2025,339.35,Put,320,0,0,33.8807,0,0,0
30-Dec-2025,339.35,Put,340,0,0,33.8807,0,0,0
30-Dec-2025,339.35,Call,370,0,0,33.8807,0,0,0
30-Dec-2025,339.35,Call,340,0,0,33.8807,0,0,0
30-Dec-2025,339.35,Call,380,0,0,33.8807,0,0,0
30-Dec-2025,339.35,Put,300,0,0,33.8807,0,0,0
