28-Oct-2025,1510.5,-,0,1517.6,0,26.3636,94,28655,967
28-Oct-2025,1510.5,Call,1500,36.7,17.3,26.3636,59,463,783
28-Oct-2025,1510.5,Put,1520,27.9,18.63,26.3636,180,446,756
28-Oct-2025,1510.5,Put,1500,19.15,18.83,26.3636,18,904,665
28-Oct-2025,1510.5,Call,1520,25.3,17.5,26.3636,41,539,489
28-Oct-2025,1510.5,Call,1600,3.75,17.6,26.3636,-10,1152,409
28-Oct-2025,1510.5,Put,1400,2.4,22.68,26.3636,-4,645,286
28-Oct-2025,1510.5,Call,1630,1.6,17.93,26.3636,214,217,235
28-Oct-2025,1510.5,Call,1510,30.9,16.82,26.3636,40,129,225
28-Oct-2025,1510.5,Call,1580,6.3,17.33,26.3636,-13,187,219
28-Oct-2025,1510.5,Call,1540,16.8,17.37,26.3636,24,277,215
28-Oct-2025,1510.5,Call,1550,13.3,17.38,26.3636,37,212,179
28-Oct-2025,1510.5,Call,1560,10.6,17.2,26.3636,63,584,168
28-Oct-2025,1510.5,Put,1480,12.75,19.62,26.3636,-4,215,155
28-Oct-2025,1510.5,Call,1620,2.15,17.93,26.3636,83,204,138
28-Oct-2025,1510.5,Put,1440,5.5,20.55,26.3636,18,256,117
28-Oct-2025,1510.5,Call,1530,20,16.87,26.3636,0,85,113
28-Oct-2025,1510.5,Put,1460,8.55,19.95,26.3636,-19,274,96
28-Oct-2025,1510.5,Put,1380,1.45,22.9,26.3636,48,795,88
28-Oct-2025,1510.5,Put,1360,1.15,24.66,26.3636,32,164,81
28-Oct-2025,1510.5,Put,1490,15.85,19.32,26.3636,9,25,73
28-Oct-2025,1510.5,Put,1510,23.25,18.51,26.3636,8,87,63
28-Oct-2025,1510.5,Put,1390,1.95,22.83,26.3636,7,137,50
28-Oct-2025,1510.5,Call,1640,1.45,18.5,26.3636,-12,301,45
25-Nov-2025,1510.5,-,0,1526,0,26.3636,11,183,41
28-Oct-2025,1510.5,Call,1660,0.9,18.95,26.3636,-5,905,41
28-Oct-2025,1510.5,Put,1470,10.5,19.6,26.3636,4,41,36
28-Oct-2025,1510.5,Call,1700,0.55,21.8,26.3636,8,566,34
28-Oct-2025,1510.5,Call,1480,50,18.67,26.3636,5,70,29
28-Oct-2025,1510.5,Put,1420,3.75,21.62,26.3636,4,156,25
28-Oct-2025,1510.5,Call,1490,43.05,17.79,26.3636,8,22,22
28-Oct-2025,1510.5,Put,1540,39,18.22,26.3636,-6,165,20
28-Oct-2025,1510.5,Put,1600,86.85,20.87,26.3636,-9,147,20
28-Oct-2025,1510.5,Put,1340,0.65,25.25,26.3636,-8,437,19
28-Oct-2025,1510.5,Call,1590,4.85,17.43,26.3636,13,13,17
25-Nov-2025,1510.5,Put,1460,24.2,23.8,26.3636,6,14,12
28-Oct-2025,1510.5,Call,1760,0.25,24.74,26.3636,2,87,10
25-Nov-2025,1510.5,Call,1600,19.9,20.28,26.3636,4,36,9
28-Oct-2025,1510.5,Put,1530,33.35,18.6,26.3636,3,60,7
28-Oct-2025,1510.5,Call,1460,61.15,12.93,26.3636,1,23,6
28-Oct-2025,1510.5,Call,1840,0.2,30.38,26.3636,5,14,6
28-Oct-2025,1510.5,Call,1400,114.2,0,26.3636,3,22,5
28-Oct-2025,1510.5,Put,1280,0.4,30.56,26.3636,0,6,5
28-Oct-2025,1510.5,Call,1800,0.2,27.3,26.3636,2,16,4
25-Nov-2025,1510.5,Put,1500,39.9,24.36,26.3636,3,3,4
25-Nov-2025,1510.5,Call,1520,51.95,19.74,26.3636,0,10,4
28-Oct-2025,1510.5,Put,1620,106.1,23.3,26.3636,1,4,3
28-Oct-2025,1510.5,Call,1440,77.65,0,26.3636,0,5,3
28-Oct-2025,1510.5,Call,1680,0.7,20.6,26.3636,-2,41,3
30-Dec-2025,1510.5,-,0,1521.2,0,26.3636,1,7,2
25-Nov-2025,1510.5,Put,1520,48.5,24.17,26.3636,-1,20,2
28-Oct-2025,1510.5,Call,1740,0.25,23.05,26.3636,0,13,1
28-Oct-2025,1510.5,Put,1450,6.2,19.51,26.3636,0,0,1
28-Oct-2025,1510.5,Put,1560,58.95,23.32,26.3636,0,256,1
28-Oct-2025,1510.5,Call,1420,0,0,26.3636,0,1,0
28-Oct-2025,1510.5,Put,1660,0,0,26.3636,0,0,0
28-Oct-2025,1510.5,Put,1700,0,0,26.3636,0,0,0
28-Oct-2025,1510.5,Put,1740,0,0,26.3636,0,0,0
28-Oct-2025,1510.5,Call,1380,0,0,26.3636,0,0,0
28-Oct-2025,1510.5,Call,1610,0,0,26.3636,0,0,0
28-Oct-2025,1510.5,Put,1300,0,0,26.3636,0,0,0
28-Oct-2025,1510.5,Call,1280,0,0,26.3636,0,0,0
28-Oct-2025,1510.5,Call,1340,0,0,26.3636,0,0,0
28-Oct-2025,1510.5,Call,1570,0,0,26.3636,0,0,0
28-Oct-2025,1510.5,Put,1570,0,0,26.3636,0,0,0
28-Oct-2025,1510.5,Put,1590,0,0,26.3636,0,0,0
28-Oct-2025,1510.5,Call,1320,0,0,26.3636,0,0,0
28-Oct-2025,1510.5,Call,1300,0,0,26.3636,0,0,0
28-Oct-2025,1510.5,Call,1450,0,0,26.3636,0,0,0
28-Oct-2025,1510.5,Put,1580,0,0,26.3636,0,44,0
25-Nov-2025,1510.5,Put,1560,0,0,26.3636,0,0,0
25-Nov-2025,1510.5,Call,1480,0,0,26.3636,0,0,0
25-Nov-2025,1510.5,Put,1390,0,0,26.3636,0,0,0
28-Oct-2025,1510.5,Call,1360,0,0,26.3636,0,0,0
28-Oct-2025,1510.5,Put,1320,0,0,26.3636,0,19,0
25-Nov-2025,1510.5,Put,1450,0,0,26.3636,0,0,0
28-Oct-2025,1510.5,Put,1410,0,0,26.3636,0,5,0
25-Nov-2025,1510.5,Call,1420,0,0,26.3636,0,0,0
25-Nov-2025,1510.5,Put,1300,0,0,26.3636,0,0,0
28-Oct-2025,1510.5,Call,1390,0,0,26.3636,0,0,0
25-Nov-2025,1510.5,Put,1280,0,0,26.3636,0,0,0
25-Nov-2025,1510.5,Call,1700,0,0,26.3636,0,0,0
25-Nov-2025,1510.5,Call,1680,0,0,26.3636,0,0,0
25-Nov-2025,1510.5,Call,1550,0,0,26.3636,0,3,0
25-Nov-2025,1510.5,Call,1410,0,0,26.3636,0,0,0
25-Nov-2025,1510.5,Put,1470,0,0,26.3636,0,0,0
25-Nov-2025,1510.5,Call,1320,0,0,26.3636,0,0,0
28-Oct-2025,1510.5,Put,1720,0,0,26.3636,0,0,0
28-Oct-2025,1510.5,Call,1470,0,0,26.3636,0,0,0
25-Nov-2025,1510.5,Call,1440,0,0,26.3636,0,0,0
28-Oct-2025,1510.5,Call,1720,0,0,26.3636,0,37,0
25-Nov-2025,1510.5,Put,1540,0,0,26.3636,0,0,0
25-Nov-2025,1510.5,Put,1420,0,0,26.3636,0,0,0
28-Oct-2025,1510.5,Call,1430,0,0,26.3636,0,0,0
25-Nov-2025,1510.5,Put,1600,0,0,26.3636,0,0,0
28-Oct-2025,1510.5,Put,1550,0,0,26.3636,0,107,0
28-Oct-2025,1510.5,Put,1760,0,0,26.3636,0,0,0
25-Nov-2025,1510.5,Put,1510,0,0,26.3636,0,0,0
25-Nov-2025,1510.5,Put,1760,0,0,26.3636,0,0,0
25-Nov-2025,1510.5,Put,1400,0,0,26.3636,0,0,0
25-Nov-2025,1510.5,Put,1430,0,0,26.3636,0,0,0
25-Nov-2025,1510.5,Put,1530,0,0,26.3636,0,0,0
28-Oct-2025,1510.5,Put,1430,0,0,26.3636,0,0,0
25-Nov-2025,1510.5,Put,1720,0,0,26.3636,0,0,0
25-Nov-2025,1510.5,Put,1580,0,0,26.3636,0,0,0
25-Nov-2025,1510.5,Call,1590,0,0,26.3636,0,0,0
25-Nov-2025,1510.5,Put,1680,0,0,26.3636,0,0,0
25-Nov-2025,1510.5,Put,1630,0,0,26.3636,0,0,0
25-Nov-2025,1510.5,Call,1560,0,0,26.3636,0,0,0
25-Nov-2025,1510.5,Put,1610,0,0,26.3636,0,0,0
25-Nov-2025,1510.5,Call,1470,0,0,26.3636,0,0,0
25-Nov-2025,1510.5,Put,1340,0,0,26.3636,0,0,0
25-Nov-2025,1510.5,Put,1640,0,0,26.3636,0,0,0
28-Oct-2025,1510.5,Put,1680,0,0,26.3636,0,0,0
25-Nov-2025,1510.5,Call,1660,0,0,26.3636,0,0,0
25-Nov-2025,1510.5,Put,1410,0,0,26.3636,0,0,0
25-Nov-2025,1510.5,Put,1620,0,0,26.3636,0,0,0
25-Nov-2025,1510.5,Call,1400,0,0,26.3636,0,0,0
25-Nov-2025,1510.5,Call,1490,0,0,26.3636,0,0,0
25-Nov-2025,1510.5,Put,1490,0,0,26.3636,0,0,0
25-Nov-2025,1510.5,Put,1440,0,0,26.3636,0,0,0
28-Oct-2025,1510.5,Put,1630,0,0,26.3636,0,0,0
28-Oct-2025,1510.5,Put,1640,0,0,26.3636,0,0,0
25-Nov-2025,1510.5,Call,1570,0,0,26.3636,0,0,0
25-Nov-2025,1510.5,Call,1460,0,0,26.3636,0,0,0
25-Nov-2025,1510.5,Call,1630,0,0,26.3636,0,0,0
25-Nov-2025,1510.5,Call,1380,0,0,26.3636,0,0,0
25-Nov-2025,1510.5,Put,1480,0,0,26.3636,0,0,0
25-Nov-2025,1510.5,Put,1740,0,0,26.3636,0,0,0
25-Nov-2025,1510.5,Call,1580,0,0,26.3636,0,0,0
25-Nov-2025,1510.5,Put,1380,0,0,26.3636,0,0,0
25-Nov-2025,1510.5,Call,1640,0,0,26.3636,0,0,0
25-Nov-2025,1510.5,Call,1340,0,0,26.3636,0,0,0
25-Nov-2025,1510.5,Call,1620,0,0,26.3636,0,0,0
25-Nov-2025,1510.5,Call,1450,0,0,26.3636,0,0,0
25-Nov-2025,1510.5,Put,1570,0,0,26.3636,0,0,0
25-Nov-2025,1510.5,Call,1390,0,0,26.3636,0,0,0
25-Nov-2025,1510.5,Call,1760,0,0,26.3636,0,0,0
28-Oct-2025,1510.5,Call,1410,0,0,26.3636,0,0,0
28-Oct-2025,1510.5,Put,1610,0,0,26.3636,0,0,0
25-Nov-2025,1510.5,Call,1360,0,0,26.3636,0,0,0
25-Nov-2025,1510.5,Call,1430,0,0,26.3636,0,0,0
25-Nov-2025,1510.5,Call,1500,0,0,26.3636,0,0,0
25-Nov-2025,1510.5,Call,1740,0,0,26.3636,0,0,0
25-Nov-2025,1510.5,Call,1610,0,0,26.3636,0,0,0
25-Nov-2025,1510.5,Put,1550,0,0,26.3636,0,0,0
25-Nov-2025,1510.5,Call,1280,0,0,26.3636,0,0,0
25-Nov-2025,1510.5,Call,1720,0,0,26.3636,0,0,0
25-Nov-2025,1510.5,Call,1540,0,0,26.3636,0,1,0
25-Nov-2025,1510.5,Call,1300,0,0,26.3636,0,0,0
25-Nov-2025,1510.5,Put,1700,0,0,26.3636,0,0,0
25-Nov-2025,1510.5,Put,1590,0,0,26.3636,0,0,0
25-Nov-2025,1510.5,Put,1660,0,0,26.3636,0,0,0
25-Nov-2025,1510.5,Call,1510,0,0,26.3636,0,2,0
25-Nov-2025,1510.5,Put,1360,0,0,26.3636,0,0,0
25-Nov-2025,1510.5,Put,1320,0,0,26.3636,0,0,0
25-Nov-2025,1510.5,Call,1530,0,0,26.3636,0,0,0
