28-Oct-2025,382.85,-,0,383.85,0,29.3265,28,50620,182
28-Oct-2025,382.85,Call,385,6.2,16.66,29.3265,4,872,106
28-Oct-2025,382.85,Call,390,4.15,17.04,29.3265,8,2228,101
28-Oct-2025,382.85,Call,400,1.85,18.2,29.3265,25,2870,56
28-Oct-2025,382.85,Put,385,7.05,18.56,29.3265,2,1375,41
28-Oct-2025,382.85,Call,380,8.8,16.06,29.3265,-4,477,40
28-Oct-2025,382.85,Put,380,4.7,18.41,29.3265,3,1443,39
28-Oct-2025,382.85,Call,395,2.75,17.41,29.3265,0,1730,36
28-Oct-2025,382.85,Call,387.5,5.1,16.78,29.3265,3,391,28
28-Oct-2025,382.85,Call,382.5,7.4,16.52,29.3265,6,165,24
28-Oct-2025,382.85,Call,392.5,3.45,17.19,29.3265,5,279,22
28-Oct-2025,382.85,Put,382.5,5.8,18.54,29.3265,6,230,21
25-Nov-2025,382.85,-,0,384.4,0,29.3265,1,1071,17
28-Oct-2025,382.85,Put,390,10,19.09,29.3265,3,1507,17
28-Oct-2025,382.85,Call,420,0.4,21.12,29.3265,8,1121,12
25-Nov-2025,382.85,Call,390,9.5,18.48,29.3265,0,77,12
28-Oct-2025,382.85,Call,450,0.2,30.28,29.3265,0,973,11
28-Oct-2025,382.85,Call,410,0.8,19.58,29.3265,2,1559,9
28-Oct-2025,382.85,Call,405,1.2,18.55,29.3265,0,452,8
28-Oct-2025,382.85,Put,387.5,8.5,19.14,29.3265,-1,203,8
28-Oct-2025,382.85,Put,377.5,3.8,18.3,29.3265,1,114,7
28-Oct-2025,382.85,Put,360,0.8,20.59,29.3265,1,407,7
30-Dec-2025,382.85,-,0,386.55,0,29.3265,2,86,5
28-Oct-2025,382.85,Call,397.5,2.25,17.61,29.3265,1,216,5
28-Oct-2025,382.85,Put,365,1.2,19.56,29.3265,-1,321,5
28-Oct-2025,382.85,Call,377.5,10.8,17.2,29.3265,0,11,4
28-Oct-2025,382.85,Put,400,17.6,21.08,29.3265,0,1121,4
28-Oct-2025,382.85,Call,415,0.55,20.11,29.3265,0,298,4
28-Oct-2025,382.85,Put,375,3,18.54,29.3265,0,676,3
28-Oct-2025,382.85,Put,362.5,0.95,19.9,29.3265,0,32,2
28-Oct-2025,382.85,Call,365,20.25,14.22,29.3265,0,14,2
28-Oct-2025,382.85,Call,375,13,18.69,29.3265,0,58,1
28-Oct-2025,382.85,Call,402.5,1.65,18.94,29.3265,0,104,1
28-Oct-2025,382.85,Call,370,16.4,17.22,29.3265,0,121,1
28-Oct-2025,382.85,Put,405,21.65,21.16,29.3265,0,85,1
25-Nov-2025,382.85,Call,400,5.95,18.94,29.3265,0,82,1
25-Nov-2025,382.85,Call,410,3.7,19.67,29.3265,0,86,1
25-Nov-2025,382.85,Call,420,2.1,0,29.3265,0,91,1
28-Oct-2025,382.85,Put,402.5,0,0,29.3265,0,25,0
28-Oct-2025,382.85,Call,372.5,0,0,29.3265,0,8,0
28-Oct-2025,382.85,Put,397.5,0,0,29.3265,0,32,0
28-Oct-2025,382.85,Call,430,0,0,29.3265,0,327,0
28-Oct-2025,382.85,Put,345,0,0,29.3265,0,20,0
28-Oct-2025,382.85,Call,350,0,0,29.3265,0,34,0
28-Oct-2025,382.85,Call,360,0,0,29.3265,0,38,0
28-Oct-2025,382.85,Put,310,0,0,29.3265,0,14,0
28-Oct-2025,382.85,Call,330,0,0,29.3265,0,0,0
28-Oct-2025,382.85,Put,355,0,0,29.3265,0,60,0
28-Oct-2025,382.85,Put,320,0,0,29.3265,0,87,0
28-Oct-2025,382.85,Call,367.5,0,0,29.3265,0,6,0
28-Oct-2025,382.85,Call,340,0,0,29.3265,0,0,0
28-Oct-2025,382.85,Put,430,0,0,29.3265,0,86,0
28-Oct-2025,382.85,Call,412.5,0,0,29.3265,0,19,0
28-Oct-2025,382.85,Call,362.5,0,0,29.3265,0,0,0
28-Oct-2025,382.85,Put,412.5,0,0,29.3265,0,7,0
28-Oct-2025,382.85,Put,392.5,0,0,29.3265,0,148,0
28-Oct-2025,382.85,Put,325,0,0,0,0,0,0
28-Oct-2025,382.85,Put,367.5,0,0,29.3265,0,66,0
28-Oct-2025,382.85,Put,407.5,0,0,29.3265,0,7,0
28-Oct-2025,382.85,Call,407.5,0,0,29.3265,0,51,0
28-Oct-2025,382.85,Put,420,0,0,29.3265,0,284,0
28-Oct-2025,382.85,Call,425,0,0,29.3265,0,249,0
28-Oct-2025,382.85,Put,410,0,0,29.3265,0,233,0
28-Oct-2025,382.85,Put,372.5,0,0,29.3265,0,88,0
28-Oct-2025,382.85,Put,417.5,0,0,29.3265,0,1,0
28-Oct-2025,382.85,Call,417.5,0,0,29.3265,0,0,0
28-Oct-2025,382.85,Put,330,0,0,29.3265,0,42,0
28-Oct-2025,382.85,Call,357.5,0,0,29.3265,0,0,0
28-Oct-2025,382.85,Put,335,0,0,29.3265,0,1,0
28-Oct-2025,382.85,Put,450,0,0,29.3265,0,1546,0
28-Oct-2025,382.85,Call,325,0,0,0,0,0,0
28-Oct-2025,382.85,Put,440,0,0,29.3265,0,121,0
28-Oct-2025,382.85,Put,460,0,0,29.3265,0,15,0
28-Oct-2025,382.85,Call,345,0,0,29.3265,0,1,0
28-Oct-2025,382.85,Call,355,0,0,29.3265,0,6,0
28-Oct-2025,382.85,Call,335,0,0,29.3265,0,0,0
28-Oct-2025,382.85,Put,425,0,0,29.3265,0,1,0
28-Oct-2025,382.85,Put,340,0,0,29.3265,0,37,0
28-Oct-2025,382.85,Call,445,0,0,29.3265,0,0,0
28-Oct-2025,382.85,Put,357.5,0,0,29.3265,0,5,0
28-Oct-2025,382.85,Put,395,0,0,29.3265,0,783,0
28-Oct-2025,382.85,Put,352.5,0,0,0,0,0,0
28-Oct-2025,382.85,Put,370,0,0,29.3265,0,486,0
28-Oct-2025,382.85,Put,415,0,0,29.3265,0,77,0
25-Nov-2025,382.85,Put,370,0,0,29.3265,0,41,0
28-Oct-2025,382.85,Put,350,0,0,29.3265,0,133,0
28-Oct-2025,382.85,Put,435,0,0,29.3265,0,0,0
28-Oct-2025,382.85,Put,445,0,0,29.3265,0,0,0
28-Oct-2025,382.85,Call,352.5,0,0,0,0,0,0
25-Nov-2025,382.85,Put,380,0,0,29.3265,0,63,0
28-Oct-2025,382.85,Call,460,0,0,29.3265,0,55,0
28-Oct-2025,382.85,Call,435,0,0,29.3265,0,456,0
25-Nov-2025,382.85,Call,407.5,0,0,29.3265,0,0,0
28-Oct-2025,382.85,Call,440,0,0,29.3265,0,264,0
25-Nov-2025,382.85,Call,412.5,0,0,29.3265,0,0,0
25-Nov-2025,382.85,Put,420,0,0,29.3265,0,12,0
25-Nov-2025,382.85,Put,382.5,0,0,29.3265,0,0,0
25-Nov-2025,382.85,Call,440,0,0,29.3265,0,0,0
25-Nov-2025,382.85,Put,410,0,0,29.3265,0,58,0
25-Nov-2025,382.85,Call,430,0,0,29.3265,0,0,0
25-Nov-2025,382.85,Put,387.5,0,0,29.3265,0,0,0
25-Nov-2025,382.85,Put,395,0,0,29.3265,0,0,0
25-Nov-2025,382.85,Put,320,0,0,29.3265,0,3,0
25-Nov-2025,382.85,Put,385,0,0,29.3265,0,0,0
25-Nov-2025,382.85,Put,390,0,0,29.3265,0,94,0
25-Nov-2025,382.85,Call,360,0,0,29.3265,0,1,0
25-Nov-2025,382.85,Put,392.5,0,0,29.3265,0,0,0
25-Nov-2025,382.85,Put,397.5,0,0,29.3265,0,0,0
25-Nov-2025,382.85,Put,372.5,0,0,29.3265,0,0,0
25-Nov-2025,382.85,Put,367.5,0,0,29.3265,0,0,0
25-Nov-2025,382.85,Put,365,0,0,29.3265,0,0,0
25-Nov-2025,382.85,Put,377.5,0,0,29.3265,0,0,0
25-Nov-2025,382.85,Call,382.5,0,0,29.3265,0,0,0
25-Nov-2025,382.85,Call,387.5,0,0,29.3265,0,0,0
25-Nov-2025,382.85,Call,397.5,0,0,29.3265,0,0,0
25-Nov-2025,382.85,Call,395,0,0,29.3265,0,21,0
25-Nov-2025,382.85,Put,375,0,0,29.3265,0,101,0
25-Nov-2025,382.85,Call,380,0,0,29.3265,0,62,0
25-Nov-2025,382.85,Call,392.5,0,0,29.3265,0,0,0
25-Nov-2025,382.85,Call,405,0,0,29.3265,0,0,0
25-Nov-2025,382.85,Call,377.5,0,0,29.3265,0,0,0
25-Nov-2025,382.85,Call,385,0,0,29.3265,0,10,0
25-Nov-2025,382.85,Put,402.5,0,0,29.3265,0,1,0
25-Nov-2025,382.85,Call,402.5,0,0,29.3265,0,0,0
