28-Oct-2025,6942,-,0,6971,0,28.4533,56,21441,1002
28-Oct-2025,6942,Call,7000,125.7,19.63,28.4533,48,1587,838
28-Oct-2025,6942,Call,7200,57,20.09,28.4533,42,1106,775
28-Oct-2025,6942,Call,7100,85,19.93,28.4533,72,805,476
28-Oct-2025,6942,Put,6900,106.4,21.39,28.4533,6,477,474
28-Oct-2025,6942,Call,7600,10.15,22.14,28.4533,163,327,393
28-Oct-2025,6942,Call,7900,3.1,24.17,28.4533,-5,199,392
28-Oct-2025,6942,Put,7000,154.5,21.63,28.4533,-8,543,335
28-Oct-2025,6942,Call,6950,151.15,19.54,28.4533,36,195,331
28-Oct-2025,6942,Call,7300,37,20.6,28.4533,27,503,305
28-Oct-2025,6942,Put,6700,46.8,22.02,28.4533,-2,673,298
28-Oct-2025,6942,Call,6900,177.7,19.61,28.4533,26,335,297
28-Oct-2025,6942,Call,7500,15.65,21.5,28.4533,37,1076,284
28-Oct-2025,6942,Put,6800,71.75,21.53,28.4533,24,534,283
28-Oct-2025,6942,Call,7700,7.25,23.04,28.4533,-21,740,279
28-Oct-2025,6942,Call,7400,24.2,20.95,28.4533,-16,544,200
28-Oct-2025,6942,Put,6200,3.6,24.62,28.4533,0,997,176
28-Oct-2025,6942,Call,7050,105.15,19.71,28.4533,12,326,169
28-Oct-2025,6942,Call,7800,5.25,23.97,28.4533,11,357,168
28-Oct-2025,6942,Put,6850,86.85,21.4,28.4533,-2,185,153
28-Oct-2025,6942,Put,6500,18.85,23.43,28.4533,-23,916,151
28-Oct-2025,6942,Put,6950,130.1,21.47,28.4533,21,172,149
28-Oct-2025,6942,Call,7150,70.95,20.01,28.4533,12,162,110
28-Oct-2025,6942,Put,6750,57,21.68,28.4533,2,255,102
28-Oct-2025,6942,Call,7250,46.35,20.26,28.4533,-10,219,87
28-Oct-2025,6942,Put,6600,29.75,22.75,28.4533,-13,372,85
28-Oct-2025,6942,Call,6800,242,19.33,28.4533,-1,145,64
28-Oct-2025,6942,Put,6400,11.7,23.93,28.4533,-10,212,53
28-Oct-2025,6942,Call,6850,209.85,19.18,28.4533,6,37,45
28-Oct-2025,6942,Put,6300,7,24.53,28.4533,-8,255,39
28-Oct-2025,6942,Put,7050,181.65,21.57,28.4533,1,91,32
25-Nov-2025,6942,Call,7500,74.35,22.2,28.4533,19,38,29
25-Nov-2025,6942,Call,7000,222,19.77,28.4533,-9,21,27
25-Nov-2025,6942,-,0,6997,0,28.4533,-3,366,23
25-Nov-2025,6942,Put,6900,183,24.41,28.4533,16,25,18
28-Oct-2025,6942,Put,6450,17.7,24.65,28.4533,0,52,15
28-Oct-2025,6942,Call,7450,17,20.45,28.4533,-4,58,15
28-Oct-2025,6942,Put,6100,2.75,26.35,28.4533,-1,480,13
28-Oct-2025,6942,Put,7100,214.5,22,28.4533,-3,253,11
28-Oct-2025,6942,Call,8000,2.2,25.05,28.4533,4,251,10
28-Oct-2025,6942,Put,6000,1.9,27.65,28.4533,0,379,9
28-Oct-2025,6942,Call,7350,29.95,20.74,28.4533,-3,97,8
28-Oct-2025,6942,Put,6550,25.3,23.36,28.4533,0,82,7
28-Oct-2025,6942,Put,7200,284.7,22.5,28.4533,-1,189,6
30-Dec-2025,6942,-,0,6991.5,0,28.4533,-2,27,5
28-Oct-2025,6942,Put,7300,381.7,26.59,28.4533,0,13,4
28-Oct-2025,6942,Call,6700,302.15,15.64,28.4533,-1,99,3
28-Oct-2025,6942,Call,6000,936,0,28.4533,-2,170,3
28-Oct-2025,6942,Call,6750,277.3,19.08,28.4533,1,13,2
28-Oct-2025,6942,Put,5800,1.8,32.77,28.4533,0,28,1
28-Oct-2025,6942,Call,6500,480,0,28.4533,0,122,1
28-Oct-2025,6942,Put,6350,9.5,24.46,28.4533,0,0,1
25-Nov-2025,6942,Call,7300,118,21.41,28.4533,0,5,1
28-Oct-2025,6942,Call,6300,676,0,28.4533,0,22,1
25-Nov-2025,6942,Call,7150,190.45,23.34,28.4533,0,2,1
25-Nov-2025,6942,Put,6700,121.75,25.49,28.4533,0,6,1
28-Oct-2025,6942,Call,6600,0,0,28.4533,0,102,0
28-Oct-2025,6942,Put,7900,0,0,28.4533,0,0,0
28-Oct-2025,6942,Put,7500,0,0,28.4533,0,293,0
28-Oct-2025,6942,Put,5900,0,0,28.4533,0,31,0
28-Oct-2025,6942,Put,8000,0,0,28.4533,0,0,0
28-Oct-2025,6942,Call,6350,0,0,28.4533,0,1,0
28-Oct-2025,6942,Call,6450,0,0,28.4533,0,0,0
28-Oct-2025,6942,Call,6550,0,0,28.4533,0,4,0
28-Oct-2025,6942,Put,7250,0,0,28.4533,0,6,0
28-Oct-2025,6942,Put,6650,0,0,28.4533,0,72,0
28-Oct-2025,6942,Put,5850,0,0,28.4533,0,42,0
28-Oct-2025,6942,Put,5950,0,0,28.4533,0,10,0
28-Oct-2025,6942,Put,6050,0,0,28.4533,0,71,0
28-Oct-2025,6942,Put,6150,0,0,28.4533,0,3,0
28-Oct-2025,6942,Put,6250,0,0,28.4533,0,27,0
28-Oct-2025,6942,Put,7450,0,0,28.4533,0,1,0
28-Oct-2025,6942,Put,7150,0,0,28.4533,0,9,0
28-Oct-2025,6942,Put,7400,0,0,28.4533,0,114,0
28-Oct-2025,6942,Put,5700,0,0,28.4533,0,1,0
28-Oct-2025,6942,Call,5500,0,0,28.4533,0,6,0
28-Oct-2025,6942,Call,5900,0,0,28.4533,0,0,0
28-Oct-2025,6942,Call,6100,0,0,28.4533,0,3,0
28-Oct-2025,6942,Call,6400,0,0,28.4533,0,17,0
28-Oct-2025,6942,Put,7600,0,0,28.4533,0,0,0
28-Oct-2025,6942,Call,5600,0,0,28.4533,0,9,0
28-Oct-2025,6942,Put,7800,0,0,28.4533,0,0,0
28-Oct-2025,6942,Put,7550,0,0,28.4533,0,0,0
25-Nov-2025,6942,Call,7600,0,0,28.4533,0,3,0
25-Nov-2025,6942,Call,6200,0,0,28.4533,0,0,0
25-Nov-2025,6942,Put,6450,0,0,28.4533,0,0,0
25-Nov-2025,6942,Put,6750,0,0,28.4533,0,0,0
28-Oct-2025,6942,Call,5300,0,0,28.4533,0,5,0
25-Nov-2025,6942,Call,6950,0,0,28.4533,0,6,0
25-Nov-2025,6942,Put,6600,0,0,28.4533,0,0,0
28-Oct-2025,6942,Call,6200,0,0,28.4533,0,19,0
25-Nov-2025,6942,Put,7350,0,0,28.4533,0,0,0
25-Nov-2025,6942,Put,7800,0,0,28.4533,0,0,0
25-Nov-2025,6942,Put,6550,0,0,28.4533,0,0,0
25-Nov-2025,6942,Put,7150,0,0,28.4533,0,0,0
25-Nov-2025,6942,Call,7800,0,0,28.4533,0,0,0
25-Nov-2025,6942,Call,7350,0,0,28.4533,0,1,0
25-Nov-2025,6942,Call,6850,0,0,28.4533,0,0,0
25-Nov-2025,6942,Call,7250,0,0,28.4533,0,2,0
28-Oct-2025,6942,Put,7700,0,0,28.4533,0,0,0
25-Nov-2025,6942,Put,6950,0,0,28.4533,0,0,0
25-Nov-2025,6942,Put,7700,0,0,28.4533,0,0,0
25-Nov-2025,6942,Put,6850,0,0,28.4533,0,2,0
25-Nov-2025,6942,Put,8000,0,0,28.4533,0,0,0
25-Nov-2025,6942,Call,7400,0,0,28.4533,0,0,0
25-Nov-2025,6942,Put,7300,0,0,28.4533,0,0,0
28-Oct-2025,6942,Call,7550,0,0,28.4533,0,24,0
25-Nov-2025,6942,Call,6000,0,0,28.4533,0,0,0
25-Nov-2025,6942,Call,7550,0,0,28.4533,0,0,0
25-Nov-2025,6942,Call,5900,0,0,28.4533,0,0,0
25-Nov-2025,6942,Put,7250,0,0,28.4533,0,0,0
25-Nov-2025,6942,Put,7500,0,0,28.4533,0,0,0
28-Oct-2025,6942,Call,6650,0,0,28.4533,0,0,0
25-Nov-2025,6942,Call,7450,0,0,28.4533,0,0,0
25-Nov-2025,6942,Call,7700,0,0,28.4533,0,3,0
25-Nov-2025,6942,Put,7000,0,0,28.4533,0,0,0
25-Nov-2025,6942,Put,7200,0,0,28.4533,0,0,0
25-Nov-2025,6942,Call,6900,0,0,28.4533,0,3,0
25-Nov-2025,6942,Call,8000,0,0,28.4533,0,0,0
25-Nov-2025,6942,Call,6750,0,0,28.4533,0,0,0
28-Oct-2025,6942,Call,5400,0,0,28.4533,0,19,0
25-Nov-2025,6942,Put,6650,0,0,28.4533,0,3,0
25-Nov-2025,6942,Call,6350,0,0,0,0,0,0
25-Nov-2025,6942,Put,6300,0,0,28.4533,0,0,0
25-Nov-2025,6942,Call,6100,0,0,28.4533,0,0,0
30-Dec-2025,6942,Call,8000,0,0,28.4533,0,0,0
25-Nov-2025,6942,Call,7050,0,0,28.4533,0,1,0
25-Nov-2025,6942,Call,6550,0,0,28.4533,0,0,0
25-Nov-2025,6942,Put,6400,0,0,28.4533,0,0,0
25-Nov-2025,6942,Put,7600,0,0,28.4533,0,0,0
28-Oct-2025,6942,Put,7350,0,0,28.4533,0,3,0
25-Nov-2025,6942,Call,6300,0,0,28.4533,0,0,0
25-Nov-2025,6942,Call,7200,0,0,28.4533,0,4,0
25-Nov-2025,6942,Put,6500,0,0,28.4533,0,14,0
25-Nov-2025,6942,Put,7900,0,0,28.4533,0,0,0
28-Oct-2025,6942,Call,5700,0,0,28.4533,0,4,0
25-Nov-2025,6942,Call,6400,0,0,28.4533,0,0,0
25-Nov-2025,6942,Put,7550,0,0,28.4533,0,0,0
25-Nov-2025,6942,Put,7050,0,0,28.4533,0,0,0
25-Nov-2025,6942,Put,6350,0,0,0,0,0,0
25-Nov-2025,6942,Call,6600,0,0,28.4533,0,0,0
25-Nov-2025,6942,Put,6800,0,0,28.4533,0,2,0
25-Nov-2025,6942,Call,6800,0,0,28.4533,0,0,0
25-Nov-2025,6942,Put,5900,0,0,28.4533,0,0,0
25-Nov-2025,6942,Call,6700,0,0,28.4533,0,0,0
25-Nov-2025,6942,Put,7450,0,0,28.4533,0,0,0
25-Nov-2025,6942,Call,6450,0,0,28.4533,0,0,0
25-Nov-2025,6942,Put,7100,0,0,28.4533,0,0,0
25-Nov-2025,6942,Call,6500,0,0,28.4533,0,0,0
25-Nov-2025,6942,Call,6650,0,0,28.4533,0,0,0
25-Nov-2025,6942,Put,7400,0,0,28.4533,0,0,0
25-Nov-2025,6942,Call,7100,0,0,28.4533,0,3,0
