28-Oct-2025,175.6,Call,180,3,25.3,36.8692,1285,3584,3009
28-Oct-2025,175.6,-,0,176.37,0,36.8692,24,31534,2140
28-Oct-2025,175.6,Call,175,5.15,24.5,36.8692,18,908,819
28-Oct-2025,175.6,Call,177.5,3.95,25.12,36.8692,68,551,805
28-Oct-2025,175.6,Call,185,1.65,26.45,36.8692,84,1082,609
28-Oct-2025,175.6,Call,190,0.9,27.62,36.8692,47,1346,605
28-Oct-2025,175.6,Put,175,3.65,26.29,36.8692,45,1085,582
28-Oct-2025,175.6,Call,200,0.35,31.79,36.8692,-106,1044,567
28-Oct-2025,175.6,Call,182.5,2.2,25.77,36.8692,83,808,436
28-Oct-2025,175.6,Put,180,6.4,26.39,36.8692,119,1049,410
28-Oct-2025,175.6,Put,177.5,4.9,26.09,36.8692,14,465,225
28-Oct-2025,175.6,Put,170,1.85,26.11,36.8692,8,769,175
25-Nov-2025,175.6,-,0,177.53,0,36.8692,45,909,144
28-Oct-2025,175.6,Put,165,0.9,27.23,36.8692,-8,402,109
28-Oct-2025,175.6,Put,172.5,2.6,25.76,36.8692,1,264,93
28-Oct-2025,175.6,Call,192.5,0.65,28.66,36.8692,10,158,86
28-Oct-2025,175.6,Call,170,8.6,26.67,36.8692,22,302,83
28-Oct-2025,175.6,Call,187.5,1.25,27.27,36.8692,26,228,74
28-Oct-2025,175.6,Put,182.5,7.85,25.09,36.8692,7,152,71
28-Oct-2025,175.6,Call,195,0.55,29.71,36.8692,2,314,71
28-Oct-2025,175.6,Call,172.5,6.75,25.53,36.8692,5,123,36
28-Oct-2025,175.6,Put,167.5,1.25,26.22,36.8692,-9,137,35
25-Nov-2025,175.6,Put,160,1.25,27.3,36.8692,19,50,27
28-Oct-2025,175.6,Put,162.5,0.6,27.7,36.8692,7,52,25
28-Oct-2025,175.6,Call,165,12.5,26.81,36.8692,11,104,22
28-Oct-2025,175.6,Call,197.5,0.45,30.97,36.8692,9,99,20
28-Oct-2025,175.6,Put,160,0.5,29.93,36.8692,-2,276,18
28-Oct-2025,175.6,Put,200,23.55,32.75,36.8692,0,466,17
28-Oct-2025,175.6,Put,185,9.8,25.8,36.8692,4,465,17
28-Oct-2025,175.6,Call,160,17.55,35.69,36.8692,6,78,16
28-Oct-2025,175.6,Put,190,14.1,27.54,36.8692,1,249,16
25-Nov-2025,175.6,Call,200,1.5,29.52,36.8692,5,148,12
25-Nov-2025,175.6,Call,210,0.65,30.09,36.8692,10,12,12
28-Oct-2025,175.6,Call,162.5,14.7,27.35,36.8692,5,29,11
25-Nov-2025,175.6,Call,180,6.05,26.7,36.8692,5,30,10
25-Nov-2025,175.6,Call,185,4.25,27.07,36.8692,6,32,10
28-Oct-2025,175.6,Call,167.5,10.75,29.02,36.8692,2,84,9
28-Oct-2025,175.6,Put,187.5,11.8,25.79,36.8692,2,44,9
25-Nov-2025,175.6,Put,170,3.6,27.07,36.8692,7,12,9
28-Oct-2025,175.6,Put,195,19,33.12,36.8692,1,273,8
28-Oct-2025,175.6,Put,192.5,15,0,36.8692,0,44,8
28-Oct-2025,175.6,Call,210,0.1,33.39,36.8692,-1,132,7
28-Oct-2025,175.6,Put,152.5,0.2,33.64,36.8692,0,60,7
25-Nov-2025,175.6,Put,180,8.05,27.08,36.8692,6,28,7
30-Dec-2025,175.6,-,0,178.6,0,36.8692,3,31,5
25-Nov-2025,175.6,Call,190,3.15,28.5,36.8692,-1,13,5
28-Oct-2025,175.6,Call,205,0.25,34.32,36.8692,2,149,3
28-Oct-2025,175.6,Put,197.5,20.15,0,36.8692,0,9,1
25-Nov-2025,175.6,Put,175,4.85,24.31,36.8692,0,0,1
25-Nov-2025,175.6,Put,177.5,7.35,29.48,36.8692,0,0,1
28-Oct-2025,175.6,Call,155,0,0,36.8692,0,29,0
28-Oct-2025,175.6,Put,140,0,0,36.8692,0,1,0
28-Oct-2025,175.6,Call,157.5,0,0,36.8692,0,23,0
28-Oct-2025,175.6,Call,202.5,0,0,36.8692,0,42,0
28-Oct-2025,175.6,Put,155,0,0,36.8692,0,59,0
28-Oct-2025,175.6,Put,210,0,0,36.8692,0,106,0
28-Oct-2025,175.6,Put,205,0,0,36.8692,0,670,0
28-Oct-2025,175.6,Put,157.5,0,0,36.8692,0,3,0
28-Oct-2025,175.6,Put,150,0,0,36.8692,0,68,0
28-Oct-2025,175.6,Call,150,0,0,36.8692,0,1,0
25-Nov-2025,175.6,Call,175,0,0,36.8692,0,3,0
25-Nov-2025,175.6,Put,195,0,0,36.8692,0,0,0
25-Nov-2025,175.6,Put,210,0,0,36.8692,0,1,0
25-Nov-2025,175.6,Put,150,0,0,36.8692,0,0,0
25-Nov-2025,175.6,Put,155,0,0,36.8692,0,0,0
25-Nov-2025,175.6,Call,155,0,0,36.8692,0,0,0
25-Nov-2025,175.6,Put,157.5,0,0,36.8692,0,0,0
25-Nov-2025,175.6,Call,160,0,0,36.8692,0,0,0
25-Nov-2025,175.6,Put,190,0,0,36.8692,0,0,0
25-Nov-2025,175.6,Put,185,0,0,36.8692,0,0,0
25-Nov-2025,175.6,Call,157.5,0,0,36.8692,0,0,0
25-Nov-2025,175.6,Call,165,0,0,36.8692,0,0,0
25-Nov-2025,175.6,Call,162.5,0,0,36.8692,0,0,0
25-Nov-2025,175.6,Put,165,0,0,36.8692,0,0,0
25-Nov-2025,175.6,Call,167.5,0,0,36.8692,0,0,0
25-Nov-2025,175.6,Call,172.5,0,0,36.8692,0,0,0
25-Nov-2025,175.6,Put,172.5,0,0,36.8692,0,0,0
25-Nov-2025,175.6,Call,177.5,0,0,36.8692,0,0,0
25-Nov-2025,175.6,Put,200,0,0,36.8692,0,0,0
25-Nov-2025,175.6,Call,150,0,0,36.8692,0,0,0
25-Nov-2025,175.6,Call,182.5,0,0,36.8692,0,0,0
25-Nov-2025,175.6,Put,182.5,0,0,36.8692,0,0,0
25-Nov-2025,175.6,Call,187.5,0,0,36.8692,0,0,0
25-Nov-2025,175.6,Put,187.5,0,0,36.8692,0,0,0
25-Nov-2025,175.6,Put,167.5,0,0,36.8692,0,0,0
25-Nov-2025,175.6,Put,192.5,0,0,36.8692,0,0,0
25-Nov-2025,175.6,Call,170,0,0,36.8692,0,0,0
25-Nov-2025,175.6,Put,162.5,0,0,36.8692,0,0,0
30-Dec-2025,175.6,Put,175,0,0,36.8692,0,0,0
25-Nov-2025,175.6,Call,195,0,0,36.8692,0,0,0
25-Nov-2025,175.6,Call,192.5,0,0,36.8692,0,0,0
30-Dec-2025,175.6,Call,180,0,0,36.8692,0,0,0
30-Dec-2025,175.6,Call,185,0,0,36.8692,0,0,0
30-Dec-2025,175.6,Put,180,0,0,36.8692,0,0,0
30-Dec-2025,175.6,Put,170,0,0,36.8692,0,0,0
30-Dec-2025,175.6,Call,175,0,0,36.8692,0,0,0
30-Dec-2025,175.6,Put,190,0,0,36.8692,0,0,0
30-Dec-2025,175.6,Call,200,0,0,36.8692,0,0,0
30-Dec-2025,175.6,Call,195,0,0,36.8692,0,0,0
30-Dec-2025,175.6,Put,185,0,0,36.8692,0,0,0
30-Dec-2025,175.6,Call,190,0,0,36.8692,0,0,0
30-Dec-2025,175.6,Call,210,0,0,36.8692,0,0,0
30-Dec-2025,175.6,Call,170,0,0,36.8692,0,0,0
