28-Oct-2025,1411.3,-,0,1407.8,0,29.1731,-582,57685,4414
28-Oct-2025,1411.3,Call,1400,39.5,20.63,29.1731,-257,2070,4042
28-Oct-2025,1411.3,Call,1420,30,21.5,29.1731,551,1319,3935
28-Oct-2025,1411.3,Call,1500,7.5,23.26,29.1731,70,2630,1653
28-Oct-2025,1411.3,Call,1440,22,22.08,29.1731,-29,879,1565
28-Oct-2025,1411.3,Put,1400,32,29.81,29.1731,73,1889,1330
28-Oct-2025,1411.3,Call,1460,16,22.38,29.1731,-45,1221,986
28-Oct-2025,1411.3,Put,1380,23.45,29.61,29.1731,45,866,788
28-Oct-2025,1411.3,Call,1380,52.05,19.39,29.1731,-84,570,722
28-Oct-2025,1411.3,Call,1480,11.2,22.76,29.1731,-49,538,644
28-Oct-2025,1411.3,Put,1300,5.35,29.85,29.1731,20,881,601
28-Oct-2025,1411.3,Call,1600,1.15,25.6,29.1731,218,1143,516
28-Oct-2025,1411.3,Put,1240,1.45,30.63,29.1731,206,375,487
28-Oct-2025,1411.3,Call,1580,1.45,24.5,29.1731,365,1230,481
28-Oct-2025,1411.3,Put,1360,16.45,29.31,29.1731,-2,599,463
28-Oct-2025,1411.3,Call,1540,3.45,23.92,29.1731,39,420,438
28-Oct-2025,1411.3,Put,1420,42.2,30.28,29.1731,14,521,433
28-Oct-2025,1411.3,Put,1340,11.55,29.22,29.1731,-31,652,414
28-Oct-2025,1411.3,Call,1520,5.1,23.56,29.1731,6,375,408
28-Oct-2025,1411.3,Call,1560,2.3,24.12,29.1731,-16,392,356
28-Oct-2025,1411.3,Put,1440,51.8,30.87,29.1731,-22,437,197
28-Oct-2025,1411.3,Put,1320,7.9,29.44,29.1731,6,394,196
25-Nov-2025,1411.3,-,0,1415.8,0,29.1731,-2,1328,177
28-Oct-2025,1411.3,Put,1280,3.55,29.88,29.1731,-12,241,176
28-Oct-2025,1411.3,Put,1260,2.4,30.6,29.1731,-33,208,171
28-Oct-2025,1411.3,Call,1360,64.95,15.88,29.1731,1,225,163
28-Oct-2025,1411.3,Put,1460,65.15,31.78,29.1731,6,317,100
28-Oct-2025,1411.3,Put,1480,80.4,33.25,29.1731,-4,239,89
28-Oct-2025,1411.3,Call,1300,114.95,0,29.1731,-21,228,88
28-Oct-2025,1411.3,Put,1500,99.55,34.21,29.1731,10,1050,83
28-Oct-2025,1411.3,Put,1520,113.8,36.55,29.1731,21,160,83
28-Oct-2025,1411.3,Put,1540,134.4,38.65,29.1731,30,114,81
28-Oct-2025,1411.3,Call,1340,79.55,0,29.1731,9,128,72
28-Oct-2025,1411.3,Put,1200,0.65,32.87,29.1731,-2,434,63
25-Nov-2025,1411.3,Call,1400,59.25,19.42,29.1731,-22,34,52
30-Dec-2025,1411.3,-,0,1428,0,29.1731,10,60,43
25-Nov-2025,1411.3,Put,1400,42,27.05,29.1731,5,104,36
28-Oct-2025,1411.3,Call,1320,98.5,0,29.1731,5,42,26
28-Oct-2025,1411.3,Call,1620,0.75,25.95,29.1731,18,46,21
28-Oct-2025,1411.3,Put,1560,150.65,41.16,29.1731,0,99,20
28-Oct-2025,1411.3,Put,1220,1,32.18,29.1731,6,1219,20
25-Nov-2025,1411.3,Put,1320,15.1,26.78,29.1731,-10,14,16
25-Nov-2025,1411.3,Call,1500,20.15,21.24,29.1731,11,11,13
25-Nov-2025,1411.3,Call,1480,27,21.71,29.1731,4,19,10
25-Nov-2025,1411.3,Call,1520,16.25,21.8,29.1731,4,64,9
28-Oct-2025,1411.3,Call,1760,0.1,35.05,29.1731,0,35,7
28-Oct-2025,1411.3,Put,1600,189.05,46.35,29.1731,-4,235,7
25-Nov-2025,1411.3,Put,1440,61.2,27.89,29.1731,5,6,6
28-Oct-2025,1411.3,Call,1680,0.6,30.94,29.1731,3,92,5
25-Nov-2025,1411.3,Put,1280,9.2,27.7,29.1731,-1,2,4
28-Oct-2025,1411.3,Call,1640,0.85,28.53,29.1731,0,122,2
28-Oct-2025,1411.3,Call,1660,0.8,30.28,29.1731,0,5,1
28-Oct-2025,1411.3,Put,1580,0,0,29.1731,0,20,0
28-Oct-2025,1411.3,Put,1620,0,0,29.1731,0,7,0
28-Oct-2025,1411.3,Call,1260,0,0,29.1731,0,0,0
28-Oct-2025,1411.3,Put,1160,0,0,29.1731,0,8,0
28-Oct-2025,1411.3,Put,1720,0,0,29.1731,0,84,0
28-Oct-2025,1411.3,Call,1200,0,0,29.1731,0,1,0
28-Oct-2025,1411.3,Call,1280,0,0,29.1731,0,0,0
28-Oct-2025,1411.3,Put,1680,0,0,29.1731,0,40,0
28-Oct-2025,1411.3,Put,1660,0,0,29.1731,0,5,0
28-Oct-2025,1411.3,Put,1640,0,0,29.1731,0,20,0
25-Nov-2025,1411.3,Put,1520,0,0,29.1731,0,0,0
25-Nov-2025,1411.3,Call,1440,0,0,29.1731,0,0,0
25-Nov-2025,1411.3,Put,1300,0,0,29.1731,0,0,0
28-Oct-2025,1411.3,Call,1240,0,0,29.1731,0,0,0
25-Nov-2025,1411.3,Put,1540,0,0,0,0,0,0
25-Nov-2025,1411.3,Put,1200,0,0,29.1731,0,0,0
25-Nov-2025,1411.3,Put,1340,0,0,29.1731,0,0,0
25-Nov-2025,1411.3,Call,1560,0,0,29.1731,0,1,0
25-Nov-2025,1411.3,Call,1540,0,0,0,0,0,0
25-Nov-2025,1411.3,Call,1600,0,0,29.1731,0,0,0
25-Nov-2025,1411.3,Put,1560,0,0,29.1731,0,0,0
25-Nov-2025,1411.3,Put,1420,0,0,29.1731,0,0,0
25-Nov-2025,1411.3,Call,1260,0,0,29.1731,0,0,0
25-Nov-2025,1411.3,Put,1480,0,0,29.1731,0,5,0
25-Nov-2025,1411.3,Put,1380,0,0,29.1731,0,0,0
25-Nov-2025,1411.3,Put,1500,0,0,29.1731,0,0,0
25-Nov-2025,1411.3,Call,1300,0,0,29.1731,0,0,0
25-Nov-2025,1411.3,Put,1260,0,0,29.1731,0,0,0
25-Nov-2025,1411.3,Call,1460,0,0,29.1731,0,0,0
25-Nov-2025,1411.3,Call,1280,0,0,29.1731,0,0,0
25-Nov-2025,1411.3,Put,1600,0,0,29.1731,0,0,0
30-Dec-2025,1411.3,Call,1120,0,0,0,0,0,0
25-Nov-2025,1411.3,Call,1420,0,0,29.1731,0,0,0
25-Nov-2025,1411.3,Call,1320,0,0,29.1731,0,0,0
25-Nov-2025,1411.3,Put,1360,0,0,29.1731,0,0,0
30-Dec-2025,1411.3,Put,1600,0,0,0,0,0,0
25-Nov-2025,1411.3,Call,1340,0,0,29.1731,0,0,0
25-Nov-2025,1411.3,Call,1240,0,0,29.1731,0,0,0
25-Nov-2025,1411.3,Put,1460,0,0,29.1731,0,0,0
30-Dec-2025,1411.3,Call,1400,0,0,29.1731,0,0,0
30-Dec-2025,1411.3,Call,1600,0,0,29.1731,0,0,0
25-Nov-2025,1411.3,Put,1240,0,0,29.1731,0,0,0
25-Nov-2025,1411.3,Call,1380,0,0,29.1731,0,0,0
30-Dec-2025,1411.3,Put,1400,0,0,29.1731,0,0,0
25-Nov-2025,1411.3,Call,1200,0,0,29.1731,0,0,0
25-Nov-2025,1411.3,Call,1360,0,0,29.1731,0,0,0
