28-Oct-2025,973.8,-,0,977.2,0,21.4797,2114,195366,17258
28-Oct-2025,973.8,Call,970,20.5,16.1,21.4797,-242,2440,7638
28-Oct-2025,973.8,Call,980,15.3,16.18,21.4797,100,2356,6755
28-Oct-2025,973.8,Call,1000,7.9,16.48,21.4797,-137,5549,5854
28-Oct-2025,973.8,Put,970,13.2,18.57,21.4797,287,2004,3752
28-Oct-2025,973.8,Call,960,26.7,15.76,21.4797,-260,2298,3714
28-Oct-2025,973.8,Put,950,6.55,18.77,21.4797,18,2413,3502
28-Oct-2025,973.8,Put,960,9.5,18.64,21.4797,71,2325,3471
28-Oct-2025,973.8,Call,975,17.8,16.17,21.4797,238,483,3447
28-Oct-2025,973.8,Call,990,11.15,16.24,21.4797,113,1112,3168
28-Oct-2025,973.8,Call,965,23.65,15.85,21.4797,-24,655,2181
28-Oct-2025,973.8,Put,980,17.85,18.68,21.4797,229,1394,1948
28-Oct-2025,973.8,Put,965,11.1,18.61,21.4797,106,571,1850
28-Oct-2025,973.8,Put,975,15.5,18.66,21.4797,265,435,1771
28-Oct-2025,973.8,Call,950,34.25,15.84,21.4797,-247,1585,1668
28-Oct-2025,973.8,Put,955,7.9,18.67,21.4797,22,607,1423
28-Oct-2025,973.8,Call,1010,5.4,16.58,21.4797,-16,835,1242
28-Oct-2025,973.8,Call,985,13.1,16.18,21.4797,55,209,1215
28-Oct-2025,973.8,Call,1020,3.65,16.85,21.4797,131,1118,1145
28-Oct-2025,973.8,Put,940,4.7,19.13,21.4797,-1,1138,1112
28-Oct-2025,973.8,Put,900,1.2,21.99,21.4797,197,2750,1046
28-Oct-2025,973.8,Put,930,3.25,19.71,21.4797,91,1017,822
28-Oct-2025,973.8,Put,945,5.5,18.84,21.4797,-3,204,660
28-Oct-2025,973.8,Call,995,9.6,16.71,21.4797,-8,197,656
25-Nov-2025,973.8,-,0,982.2,0,21.4797,24,2600,552
28-Oct-2025,973.8,Call,940,43.15,17.49,21.4797,-21,576,548
28-Oct-2025,973.8,Put,920,2.3,20.38,21.4797,0,994,534
28-Oct-2025,973.8,Call,1040,1.6,17.45,21.4797,6,819,508
28-Oct-2025,973.8,Call,1050,1.1,17.94,21.4797,75,1048,500
28-Oct-2025,973.8,Call,955,30.85,16.53,21.4797,-23,503,487
28-Oct-2025,973.8,Put,1000,30.2,18.76,21.4797,-2,1350,461
28-Oct-2025,973.8,Call,1030,2.4,17.12,21.4797,17,760,452
28-Oct-2025,973.8,Call,1100,0.4,23.15,21.4797,80,898,411
28-Oct-2025,973.8,Call,1080,0.45,19.67,21.4797,125,457,359
28-Oct-2025,973.8,Call,1005,6.45,16.52,21.4797,21,264,357
28-Oct-2025,973.8,Put,910,1.7,21.15,21.4797,-47,695,311
28-Oct-2025,973.8,Put,990,23.35,18.55,21.4797,24,315,263
28-Oct-2025,973.8,Call,1060,0.85,18.83,21.4797,-90,789,255
28-Oct-2025,973.8,Put,985,20.25,18.31,21.4797,38,119,199
28-Oct-2025,973.8,Put,935,3.9,19.38,21.4797,19,173,184
28-Oct-2025,973.8,Call,1015,4.5,17.04,21.4797,29,159,170
28-Oct-2025,973.8,Put,880,0.6,23.17,21.4797,-18,508,162
28-Oct-2025,973.8,Put,1010,35.7,17.01,21.4797,16,204,118
28-Oct-2025,973.8,Put,890,0.85,22.49,21.4797,-23,310,112
28-Oct-2025,973.8,Put,925,2.8,20.07,21.4797,-7,138,110
28-Oct-2025,973.8,Call,1070,0.55,19.35,21.4797,-15,139,106
28-Oct-2025,973.8,Call,1025,3,17.08,21.4797,36,98,104
28-Oct-2025,973.8,Call,945,38.1,16.53,21.4797,-2,69,102
25-Nov-2025,973.8,Call,1020,11.5,16.63,21.4797,56,68,85
28-Oct-2025,973.8,Call,1120,0.4,25.69,21.4797,-21,315,84
25-Nov-2025,973.8,Call,1000,17.15,16.41,21.4797,17,172,83
28-Oct-2025,973.8,Call,930,50.7,16.77,21.4797,-6,101,79
28-Oct-2025,973.8,Call,900,78.6,0,21.4797,8,439,77
28-Oct-2025,973.8,Put,905,1.4,21.38,21.4797,-12,132,72
28-Oct-2025,973.8,Put,915,1.9,20.49,21.4797,-13,166,64
28-Oct-2025,973.8,Call,920,61.55,19.94,21.4797,-9,309,62
28-Oct-2025,973.8,Put,1020,44.05,17.55,21.4797,14,141,62
28-Oct-2025,973.8,Put,995,26.6,18.68,21.4797,37,97,61
30-Dec-2025,973.8,-,0,987.85,0,21.4797,9,1647,59
28-Oct-2025,973.8,Put,1005,32,17.07,21.4797,27,81,53
28-Oct-2025,973.8,Put,1040,63.8,23.13,21.4797,15,307,52
28-Oct-2025,973.8,Put,850,0.3,26.47,21.4797,-34,488,40
25-Nov-2025,973.8,Put,900,3.4,19.88,21.4797,23,73,39
25-Nov-2025,973.8,Call,970,31.75,15.57,21.4797,11,67,38
28-Oct-2025,973.8,Put,895,1,22.1,21.4797,-9,77,33
25-Nov-2025,973.8,Call,980,26.25,15.69,21.4797,8,43,27
25-Nov-2025,973.8,Call,1070,3.1,17.32,21.4797,20,31,24
25-Nov-2025,973.8,Call,1050,5.1,16.58,21.4797,15,16,24
28-Oct-2025,973.8,Put,840,0.25,27.7,21.4797,6,110,19
28-Oct-2025,973.8,Call,935,46.5,15.76,21.4797,-2,29,19
25-Nov-2025,973.8,Call,960,38,15.5,21.4797,1,54,19
28-Oct-2025,973.8,Put,870,0.45,24.09,21.4797,-4,513,18
25-Nov-2025,973.8,Put,970,17.95,17.95,21.4797,12,15,18
28-Oct-2025,973.8,Put,1100,121,28.45,21.4797,-12,168,16
28-Oct-2025,973.8,Call,925,55.3,15.02,21.4797,-3,36,11
25-Nov-2025,973.8,Call,1060,4.15,17.05,21.4797,3,29,11
25-Nov-2025,973.8,Put,950,12.6,19.22,21.4797,1,55,8
28-Oct-2025,973.8,Call,880,98.4,0,21.4797,3,13,7
28-Oct-2025,973.8,Put,860,0.25,23.95,21.4797,-2,159,6
25-Nov-2025,973.8,Call,990,19,14.11,21.4797,0,1,6
25-Nov-2025,973.8,Put,940,9.05,18.52,21.4797,1,61,6
28-Oct-2025,973.8,Call,1090,0.45,21.61,21.4797,1,1,4
25-Nov-2025,973.8,Call,920,63,0,21.4797,3,4,4
25-Nov-2025,973.8,Put,1020,41.05,14.44,21.4797,2,2,4
25-Nov-2025,973.8,Put,960,14.5,17.93,21.4797,0,47,4
28-Oct-2025,973.8,Put,1060,80,15.03,21.4797,-1,15,3
25-Nov-2025,973.8,Put,1000,35,19.55,21.4797,0,15,3
25-Nov-2025,973.8,Call,1030,8.7,16.44,21.4797,2,2,3
28-Oct-2025,973.8,Call,910,69.3,0,21.4797,0,44,2
28-Oct-2025,973.8,Put,1015,41.1,19.09,21.4797,0,0,1
28-Oct-2025,973.8,Put,800,0.25,35.32,21.4797,0,42,1
25-Nov-2025,973.8,Call,1090,2.5,18.83,21.4797,0,1,1
25-Nov-2025,973.8,Put,930,9.5,21.17,21.4797,0,20,1
25-Nov-2025,973.8,Call,950,49,18.92,21.4797,0,1,1
25-Nov-2025,973.8,Call,955,40,14.29,21.4797,0,5,1
25-Nov-2025,973.8,Put,1040,62,19.55,21.4797,0,1,1
28-Oct-2025,973.8,Call,905,0,0,21.4797,0,1,0
28-Oct-2025,973.8,Call,915,0,0,21.4797,0,1,0
28-Oct-2025,973.8,Call,820,0,0,21.4797,0,4,0
28-Oct-2025,973.8,Put,820,0,0,21.4797,0,35,0
28-Oct-2025,973.8,Call,840,0,0,21.4797,0,14,0
28-Oct-2025,973.8,Call,860,0,0,21.4797,0,2,0
28-Oct-2025,973.8,Put,1025,0,0,21.4797,0,0,0
28-Oct-2025,973.8,Put,1070,0,0,21.4797,0,0,0
28-Oct-2025,973.8,Put,1080,0,0,21.4797,0,2,0
28-Oct-2025,973.8,Put,1090,0,0,21.4797,0,0,0
28-Oct-2025,973.8,Call,850,0,0,21.4797,0,8,0
28-Oct-2025,973.8,Call,870,0,0,21.4797,0,0,0
28-Oct-2025,973.8,Call,890,0,0,21.4797,0,0,0
28-Oct-2025,973.8,Put,1030,0,0,21.4797,0,9,0
28-Oct-2025,973.8,Put,1050,0,0,21.4797,0,169,0
25-Nov-2025,973.8,Call,900,0,0,21.4797,0,0,0
25-Nov-2025,973.8,Put,1010,0,0,21.4797,0,0,0
25-Nov-2025,973.8,Put,1030,0,0,21.4797,0,0,0
25-Nov-2025,973.8,Put,980,0,0,21.4797,0,0,0
25-Nov-2025,973.8,Call,890,0,0,21.4797,0,0,0
25-Nov-2025,973.8,Put,890,0,0,21.4797,0,0,0
25-Nov-2025,973.8,Call,905,0,0,21.4797,0,0,0
25-Nov-2025,973.8,Call,910,0,0,21.4797,0,0,0
25-Nov-2025,973.8,Call,915,0,0,21.4797,0,0,0
25-Nov-2025,973.8,Call,925,0,0,21.4797,0,0,0
25-Nov-2025,973.8,Call,930,0,0,21.4797,0,0,0
25-Nov-2025,973.8,Call,975,0,0,21.4797,0,0,0
25-Nov-2025,973.8,Call,985,0,0,21.4797,0,0,0
25-Nov-2025,973.8,Put,985,0,0,21.4797,0,0,0
25-Nov-2025,973.8,Call,995,0,0,21.4797,0,0,0
25-Nov-2025,973.8,Put,995,0,0,21.4797,0,0,0
25-Nov-2025,973.8,Put,1005,0,0,21.4797,0,0,0
25-Nov-2025,973.8,Put,920,0,0,21.4797,0,9,0
25-Nov-2025,973.8,Call,935,0,0,21.4797,0,0,0
25-Nov-2025,973.8,Put,910,0,0,21.4797,0,0,0
25-Nov-2025,973.8,Put,915,0,0,21.4797,0,0,0
25-Nov-2025,973.8,Put,925,0,0,21.4797,0,1,0
25-Nov-2025,973.8,Put,965,0,0,21.4797,0,0,0
25-Nov-2025,973.8,Call,1010,0,0,21.4797,0,0,0
25-Nov-2025,973.8,Call,965,0,0,21.4797,0,0,0
25-Nov-2025,973.8,Call,850,0,0,21.4797,0,0,0
25-Nov-2025,973.8,Put,955,0,0,21.4797,0,0,0
25-Nov-2025,973.8,Put,975,0,0,21.4797,0,0,0
25-Nov-2025,973.8,Put,1015,0,0,21.4797,0,0,0
25-Nov-2025,973.8,Put,1025,0,0,21.4797,0,0,0
25-Nov-2025,973.8,Put,1090,0,0,21.4797,0,0,0
25-Nov-2025,973.8,Put,850,0,0,21.4797,0,0,0
25-Nov-2025,973.8,Put,880,0,0,21.4797,0,0,0
25-Nov-2025,973.8,Put,905,0,0,21.4797,0,0,0
25-Nov-2025,973.8,Call,945,0,0,21.4797,0,0,0
25-Nov-2025,973.8,Put,990,0,0,21.4797,0,0,0
25-Nov-2025,973.8,Call,1015,0,0,21.4797,0,0,0
25-Nov-2025,973.8,Put,935,0,0,21.4797,0,3,0
25-Nov-2025,973.8,Call,940,0,0,21.4797,0,0,0
25-Nov-2025,973.8,Call,870,0,0,21.4797,0,0,0
25-Nov-2025,973.8,Put,1080,0,0,21.4797,0,0,0
30-Dec-2025,973.8,Call,1080,0,0,21.4797,0,0,0
25-Nov-2025,973.8,Put,945,0,0,21.4797,0,0,0
25-Nov-2025,973.8,Call,1080,0,0,21.4797,0,0,0
25-Nov-2025,973.8,Put,1050,0,0,21.4797,0,0,0
30-Dec-2025,973.8,Put,920,0,0,21.4797,0,0,0
30-Dec-2025,973.8,Put,980,0,0,0,0,0,0
25-Nov-2025,973.8,Put,1060,0,0,21.4797,0,2,0
25-Nov-2025,973.8,Call,1005,0,0,21.4797,0,0,0
30-Dec-2025,973.8,Put,930,0,0,0,0,0,0
25-Nov-2025,973.8,Put,870,0,0,21.4797,0,0,0
25-Nov-2025,973.8,Call,1025,0,0,21.4797,0,0,0
25-Nov-2025,973.8,Put,860,0,0,21.4797,0,0,0
25-Nov-2025,973.8,Put,1070,0,0,21.4797,0,0,0
25-Nov-2025,973.8,Call,880,0,0,21.4797,0,0,0
30-Dec-2025,973.8,Put,950,0,0,21.4797,0,0,0
25-Nov-2025,973.8,Call,1040,0,0,21.4797,0,0,0
30-Dec-2025,973.8,Put,860,0,0,21.4797,0,0,0
30-Dec-2025,973.8,Call,1060,0,0,21.4797,0,0,0
30-Dec-2025,973.8,Put,840,0,0,21.4797,0,0,0
30-Dec-2025,973.8,Call,1040,0,0,21.4797,0,0,0
25-Nov-2025,973.8,Put,800,0,0,21.4797,0,10,0
30-Dec-2025,973.8,Put,970,0,0,0,0,0,0
30-Dec-2025,973.8,Call,1030,0,0,21.4797,0,0,0
30-Dec-2025,973.8,Call,1020,0,0,0,0,0,0
30-Dec-2025,973.8,Put,880,0,0,21.4797,0,0,0
30-Dec-2025,973.8,Put,900,0,0,21.4797,0,0,0
30-Dec-2025,973.8,Put,910,0,0,21.4797,0,0,0
30-Dec-2025,973.8,Call,1000,0,0,21.4797,0,0,0
30-Dec-2025,973.8,Put,940,0,0,21.4797,0,0,0
25-Nov-2025,973.8,Call,860,0,0,21.4797,0,0,0
