28-Oct-2025,5572,Call,5600,138.35,25.2,31.2299,370,1972,3735
28-Oct-2025,5572,-,0,5601,0,31.2299,66,30807,3178
28-Oct-2025,5572,Call,5700,95.8,25.17,31.2299,-92,1003,2022
28-Oct-2025,5572,Call,5800,62.7,25.02,31.2299,13,936,1477
28-Oct-2025,5572,Call,6000,24.7,25.45,31.2299,112,2335,1325
28-Oct-2025,5572,Put,5500,93,25.86,31.2299,-90,634,1282
28-Oct-2025,5572,Call,5500,194.1,25.01,31.2299,-25,1246,1178
28-Oct-2025,5572,Call,5550,164.85,24.78,31.2299,62,780,1036
28-Oct-2025,5572,Put,5400,59.15,25.54,31.2299,143,1844,985
28-Oct-2025,5572,Call,5650,116.45,25.07,31.2299,45,442,832
28-Oct-2025,5572,Put,5550,113.4,25.13,31.2299,38,326,781
28-Oct-2025,5572,Call,6200,8,25.99,31.2299,402,1180,725
28-Oct-2025,5572,Put,5300,36.8,26,31.2299,85,1532,681
28-Oct-2025,5572,Call,5900,39.8,25.1,31.2299,98,1035,675
28-Oct-2025,5572,Put,5450,74,25.76,31.2299,203,503,671
28-Oct-2025,5572,Put,5600,137.3,25.77,31.2299,-19,384,610
28-Oct-2025,5572,Put,5350,46.5,25.8,31.2299,49,437,425
28-Oct-2025,5572,Put,5000,9.5,29.12,31.2299,11,1194,357
28-Oct-2025,5572,Call,6100,14.45,25.74,31.2299,-6,750,339
28-Oct-2025,5572,Call,6300,4.5,26.17,31.2299,10,1127,335
28-Oct-2025,5572,Call,5750,78.35,25.51,31.2299,5,243,330
28-Oct-2025,5572,Call,5850,50.5,25.1,31.2299,25,296,308
28-Oct-2025,5572,Put,5200,22.45,26.65,31.2299,8,1034,282
28-Oct-2025,5572,Put,5100,14,27.69,31.2299,-32,636,199
28-Oct-2025,5572,Put,4900,5.85,30.23,31.2299,47,415,197
28-Oct-2025,5572,Call,5400,258,26.33,31.2299,-22,763,190
25-Nov-2025,5572,-,0,5610,0,31.2299,22,1702,175
28-Oct-2025,5572,Call,5450,227.15,26.24,31.2299,-13,246,173
28-Oct-2025,5572,Put,5250,29.15,26.37,31.2299,16,323,129
28-Oct-2025,5572,Call,5950,31.15,25.41,31.2299,45,180,112
28-Oct-2025,5572,Put,5050,11.55,28.06,31.2299,-1,222,106
28-Oct-2025,5572,Call,5300,335.3,26.54,31.2299,2,236,89
28-Oct-2025,5572,Put,5700,191.55,26.82,31.2299,12,73,88
28-Oct-2025,5572,Put,5650,163.9,24.91,31.2299,14,68,83
28-Oct-2025,5572,Put,4800,4,31.71,31.2299,-37,479,76
28-Oct-2025,5572,Put,5150,17.6,27.09,31.2299,-14,235,52
25-Nov-2025,5572,Call,6000,78.65,24.69,31.2299,7,74,48
30-Dec-2025,5572,-,0,5608,0,31.2299,20,89,32
28-Oct-2025,5572,Call,5200,401.15,24.43,31.2299,-8,128,25
28-Oct-2025,5572,Call,5350,300,26.39,31.2299,6,140,20
28-Oct-2025,5572,Put,4500,1.1,36.43,31.2299,-2,233,19
25-Nov-2025,5572,Put,5500,163.15,27.28,31.2299,10,17,16
28-Oct-2025,5572,Put,4400,1,0,31.2299,0,27,15
28-Oct-2025,5572,Put,4950,7,29.13,31.2299,-2,100,11
28-Oct-2025,5572,Put,4850,4.1,30.11,31.2299,-1,188,7
28-Oct-2025,5572,Put,5750,241.3,26.38,31.2299,3,5,6
25-Nov-2025,5572,Call,5600,210.45,23.95,31.2299,0,4,5
28-Oct-2025,5572,Call,5100,505,30.61,31.2299,0,63,3
25-Nov-2025,5572,Put,5200,67.5,27.47,31.2299,-1,44,2
28-Oct-2025,5572,Put,6000,420,19.69,31.2299,0,53,1
28-Oct-2025,5572,Call,5000,599,32.86,31.2299,0,131,1
28-Oct-2025,5572,Put,4700,2.6,33.3,31.2299,0,255,1
28-Oct-2025,5572,Call,4400,1179.65,37.67,31.2299,0,24,1
25-Nov-2025,5572,Put,5100,40.3,26,31.2299,0,6,1
25-Nov-2025,5572,Put,5300,91,27.1,31.2299,0,39,1
25-Nov-2025,5572,Call,5500,260.75,0,31.2299,0,10,1
25-Nov-2025,5572,Put,5250,80,27.51,31.2299,0,0,1
25-Nov-2025,5572,Put,5050,40,27.68,31.2299,0,9,1
28-Oct-2025,5572,Call,4850,0,0,31.2299,0,2,0
28-Oct-2025,5572,Put,6300,0,0,31.2299,0,0,0
28-Oct-2025,5572,Call,4700,0,0,31.2299,0,58,0
28-Oct-2025,5572,Put,6200,0,0,31.2299,0,0,0
28-Oct-2025,5572,Call,4950,0,0,31.2299,0,2,0
28-Oct-2025,5572,Call,6050,0,0,0,0,0,0
28-Oct-2025,5572,Call,4800,0,0,31.2299,0,25,0
28-Oct-2025,5572,Put,6050,0,0,0,0,0,0
28-Oct-2025,5572,Put,5950,0,0,31.2299,0,0,0
28-Oct-2025,5572,Put,5850,0,0,31.2299,0,0,0
28-Oct-2025,5572,Call,4500,0,0,31.2299,0,13,0
28-Oct-2025,5572,Call,4900,0,0,31.2299,0,40,0
28-Oct-2025,5572,Call,5150,0,0,31.2299,0,41,0
28-Oct-2025,5572,Put,4750,0,0,31.2299,0,3,0
28-Oct-2025,5572,Call,5050,0,0,31.2299,0,16,0
28-Oct-2025,5572,Call,5250,0,0,31.2299,0,38,0
28-Oct-2025,5572,Put,6400,0,0,0,0,0,0
28-Oct-2025,5572,Call,6400,0,0,0,0,0,0
28-Oct-2025,5572,Put,4600,0,0,31.2299,0,36,0
28-Oct-2025,5572,Put,6100,0,0,31.2299,0,0,0
25-Nov-2025,5572,Call,5000,0,0,31.2299,0,0,0
25-Nov-2025,5572,Put,5400,0,0,31.2299,0,2,0
25-Nov-2025,5572,Call,4800,0,0,31.2299,0,0,0
28-Oct-2025,5572,Put,5800,0,0,31.2299,0,39,0
28-Oct-2025,5572,Call,4600,0,0,31.2299,0,1,0
25-Nov-2025,5572,Call,4600,0,0,31.2299,0,0,0
25-Nov-2025,5572,Call,4900,0,0,31.2299,0,0,0
25-Nov-2025,5572,Put,6050,0,0,0,0,0,0
25-Nov-2025,5572,Call,5350,0,0,31.2299,0,0,0
25-Nov-2025,5572,Put,6300,0,0,31.2299,0,0,0
25-Nov-2025,5572,Call,4700,0,0,31.2299,0,0,0
25-Nov-2025,5572,Put,6200,0,0,31.2299,0,0,0
25-Nov-2025,5572,Call,5950,0,0,31.2299,0,0,0
25-Nov-2025,5572,Put,4950,0,0,31.2299,0,0,0
25-Nov-2025,5572,Put,5600,0,0,31.2299,0,0,0
25-Nov-2025,5572,Put,6100,0,0,31.2299,0,0,0
25-Nov-2025,5572,Call,5150,0,0,31.2299,0,0,0
25-Nov-2025,5572,Put,5700,0,0,31.2299,0,0,0
25-Nov-2025,5572,Put,5900,0,0,31.2299,0,0,0
25-Nov-2025,5572,Call,6300,0,0,0,0,0,0
25-Nov-2025,5572,Call,5300,0,0,31.2299,0,0,0
25-Nov-2025,5572,Put,5800,0,0,31.2299,0,0,0
25-Nov-2025,5572,Call,5200,0,0,31.2299,0,0,0
25-Nov-2025,5572,Call,5900,0,0,31.2299,0,0,0
25-Nov-2025,5572,Put,4900,0,0,31.2299,0,0,0
28-Oct-2025,5572,Put,5900,0,0,31.2299,0,0,0
25-Nov-2025,5572,Put,5450,0,0,31.2299,0,0,0
25-Nov-2025,5572,Call,5650,0,0,31.2299,0,0,0
25-Nov-2025,5572,Call,5750,0,0,31.2299,0,0,0
25-Nov-2025,5572,Call,5100,0,0,31.2299,0,0,0
25-Nov-2025,5572,Put,6400,0,0,0,0,0,0
25-Nov-2025,5572,Call,5400,0,0,31.2299,0,1,0
25-Nov-2025,5572,Call,5450,0,0,31.2299,0,0,0
25-Nov-2025,5572,Call,5250,0,0,31.2299,0,0,0
25-Nov-2025,5572,Call,5800,0,0,31.2299,0,0,0
25-Nov-2025,5572,Call,6200,0,0,31.2299,0,0,0
25-Nov-2025,5572,Put,5850,0,0,31.2299,0,0,0
25-Nov-2025,5572,Put,5350,0,0,31.2299,0,0,0
25-Nov-2025,5572,Call,6100,0,0,31.2299,0,0,0
25-Nov-2025,5572,Call,5700,0,0,31.2299,0,0,0
25-Nov-2025,5572,Call,5850,0,0,31.2299,0,0,0
25-Nov-2025,5572,Put,5950,0,0,31.2299,0,0,0
25-Nov-2025,5572,Put,4700,0,0,31.2299,0,0,0
25-Nov-2025,5572,Put,5750,0,0,31.2299,0,0,0
25-Nov-2025,5572,Put,5650,0,0,31.2299,0,0,0
25-Nov-2025,5572,Call,6400,0,0,0,0,0,0
25-Nov-2025,5572,Call,4950,0,0,31.2299,0,0,0
25-Nov-2025,5572,Call,6050,0,0,0,0,0,0
25-Nov-2025,5572,Put,4800,0,0,31.2299,0,0,0
25-Nov-2025,5572,Call,5050,0,0,31.2299,0,0,0
25-Nov-2025,5572,Put,4600,0,0,31.2299,0,0,0
30-Dec-2025,5572,Put,5300,0,0,0,0,0,0
30-Dec-2025,5572,Put,5200,0,0,31.2299,0,0,0
25-Nov-2025,5572,Put,5000,0,0,31.2299,0,0,0
25-Nov-2025,5572,Put,5550,0,0,31.2299,0,0,0
25-Nov-2025,5572,Put,5150,0,0,31.2299,0,0,0
25-Nov-2025,5572,Put,6000,0,0,31.2299,0,0,0
30-Dec-2025,5572,Call,5600,0,0,31.2299,0,0,0
25-Nov-2025,5572,Call,5550,0,0,31.2299,0,1,0
