28-Oct-2025,1361.9,-,0,1366,0,21.1787,933,167098,9752
28-Oct-2025,1361.9,Call,1400,11.45,17.66,21.1787,355,5442,4859
28-Oct-2025,1361.9,Call,1380,18.5,17.69,21.1787,492,3255,3508
28-Oct-2025,1361.9,Call,1370,23.1,17.72,21.1787,531,2509,3496
28-Oct-2025,1361.9,Put,1350,17.1,19.2,21.1787,81,1659,2406
28-Oct-2025,1361.9,Call,1360,28.15,17.63,21.1787,367,2214,2236
28-Oct-2025,1361.5,Put,1360,21.35,19.13,21.1787,232,2027,2207
28-Oct-2025,1361.9,Call,1410,8.7,17.55,21.1787,118,1256,1920
28-Oct-2025,1361.9,Call,1420,6.5,17.55,21.1787,185,2115,1836
28-Oct-2025,1361.9,Call,1390,14.65,17.54,21.1787,-11,972,1582
28-Oct-2025,1361.9,Put,1370,26.2,19.17,21.1787,157,2484,1500
28-Oct-2025,1361.9,Put,1380,31.65,19.2,21.1787,230,2290,1384
28-Oct-2025,1361.9,Put,1340,13.55,19.35,21.1787,107,1124,1224
28-Oct-2025,1361.9,Call,1350,34,17.64,21.1787,131,832,1206
28-Oct-2025,1361.9,Call,1450,2.95,18.09,21.1787,337,2632,1129
28-Oct-2025,1361.9,Put,1320,8.4,19.6,21.1787,139,764,764
28-Oct-2025,1361.9,Put,1330,10.7,19.52,21.1787,63,625,733
28-Oct-2025,1361.9,Put,1390,36.7,19.32,21.1787,65,502,718
28-Oct-2025,1361.9,Call,1440,3.75,17.76,21.1787,21,881,513
28-Oct-2025,1361.9,Put,1400,44.1,19.26,21.1787,93,2981,489
28-Oct-2025,1361.9,Call,1430,4.95,17.63,21.1787,43,689,453
28-Oct-2025,1361.9,Put,1300,5.05,20.27,21.1787,15,1326,443
28-Oct-2025,1361.9,Put,1260,1.65,21.38,21.1787,262,686,414
25-Nov-2025,1361.9,-,0,1374.2,0,21.1787,19,4253,293
28-Oct-2025,1361.9,Call,1480,1.2,18.82,21.1787,172,616,280
28-Oct-2025,1361.9,Call,1300,72.25,17.66,21.1787,155,706,204
28-Oct-2025,1361.9,Put,1280,2.95,20.85,21.1787,-10,315,179
28-Oct-2025,1361.9,Put,1310,6.55,19.84,21.1787,26,341,171
28-Oct-2025,1361.9,Call,1460,2.15,18.44,21.1787,-8,525,164
28-Oct-2025,1361.9,Put,1290,3.9,20.52,21.1787,21,236,157
28-Oct-2025,1361.5,Put,1250,1.2,21.59,21.1787,-1,478,157
28-Oct-2025,1361.9,Call,1470,1.65,18.68,21.1787,22,324,139
28-Oct-2025,1361.9,Call,1340,40.25,17.52,21.1787,31,383,137
28-Oct-2025,1361.9,Call,1500,0.75,19.73,21.1787,-21,1906,127
28-Oct-2025,1361.9,Put,1410,51,19.17,21.1787,3,827,126
28-Oct-2025,1361.9,Put,1270,2.2,21.08,21.1787,-5,132,107
25-Nov-2025,1361.9,Call,1400,23.3,15.94,21.1787,18,94,45
28-Oct-2025,1361.5,Call,1320,55.75,19.26,21.1787,6,135,40
28-Oct-2025,1361.9,Call,1530,0.35,20.51,21.1787,-2,181,39
28-Oct-2025,1361.9,Put,1200,0.4,25.47,21.1787,1,233,34
28-Oct-2025,1361.5,Put,1420,57.35,17.9,21.1787,8,979,30
25-Nov-2025,1361.5,Call,1500,3.95,17.13,21.1787,25,80,30
25-Nov-2025,1361.9,Call,1360,42.9,16.12,21.1787,17,39,27
25-Nov-2025,1361.9,Put,1320,14.35,18.59,21.1787,15,18,24
30-Dec-2025,1361.9,-,0,1382.4,0,21.1787,15,1064,23
25-Nov-2025,1361.9,Call,1380,33.05,16.48,21.1787,14,19,21
28-Oct-2025,1361.9,Put,1240,1.1,22.77,21.1787,-14,258,20
28-Oct-2025,1361.9,Call,1330,48.1,17.47,21.1787,9,167,20
25-Nov-2025,1361.9,Call,1410,19.75,15.98,21.1787,-5,20,19
28-Oct-2025,1361.9,Put,1450,83.75,19.15,21.1787,1,555,18
25-Nov-2025,1361.9,Put,1400,48.05,17.87,21.1787,11,79,18
28-Oct-2025,1361.9,Call,1310,65.55,20.04,21.1787,7,35,17
25-Nov-2025,1361.9,Put,1300,9.7,18.59,21.1787,2,60,16
28-Oct-2025,1361.9,Put,1430,66.65,19.19,21.1787,0,325,15
28-Oct-2025,1361.9,Put,1220,0.45,22.35,21.1787,0,509,12
28-Oct-2025,1361.9,Call,1490,1,19.29,21.1787,0,450,10
28-Oct-2025,1361.9,Call,1520,0.55,20.79,21.1787,-8,181,10
25-Nov-2025,1361.9,Call,1460,8.05,16.38,21.1787,2,14,10
28-Oct-2025,1361.9,Call,1600,0.3,26.9,21.1787,1,255,6
28-Oct-2025,1361.9,Call,1240,131.7,28.4,21.1787,0,36,5
28-Oct-2025,1361.5,Call,1510,0.7,20.45,21.1787,1,39,4
25-Nov-2025,1361.9,Put,1360,26.7,17.87,21.1787,2,24,4
28-Oct-2025,1361.9,Put,1500,129,0,21.1787,2,162,3
28-Oct-2025,1361.5,Call,1280,92.4,22.01,21.1787,0,1,2
28-Oct-2025,1361.9,Call,1640,0.15,28.23,21.1787,0,34,2
28-Oct-2025,1361.9,Call,1540,0.35,21.53,21.1787,0,116,2
25-Nov-2025,1361.5,Call,1370,39.15,17.01,21.1787,0,15,2
28-Oct-2025,1361.9,Put,1480,113,22.83,21.1787,0,71,1
28-Oct-2025,1361.9,Put,1230,0.85,23.22,21.1787,0,2,1
28-Oct-2025,1361.9,Call,1270,0,0,21.1787,0,0,0
28-Oct-2025,1361.5,Put,1160,0,0,21.1787,0,0,0
28-Oct-2025,1361.5,Put,1560,0,0,21.1787,0,0,0
28-Oct-2025,1361.9,Put,1180,0,0,21.1787,0,2,0
28-Oct-2025,1361.9,Put,1540,0,0,21.1787,0,0,0
28-Oct-2025,1361.9,Put,1520,0,0,21.1787,0,0,0
28-Oct-2025,1361.9,Put,1460,0,0,21.1787,0,56,0
28-Oct-2025,1361.9,Call,1580,0,0,21.1787,0,0,0
28-Oct-2025,1361.9,Put,1490,0,0,21.1787,0,2,0
28-Oct-2025,1361.9,Call,1290,0,0,21.1787,0,0,0
28-Oct-2025,1361.9,Put,1470,0,0,21.1787,0,1,0
28-Oct-2025,1361.9,Call,1250,0,0,21.1787,0,2,0
28-Oct-2025,1361.9,Call,1560,0,0,21.1787,0,0,0
28-Oct-2025,1361.9,Put,1440,0,0,21.1787,0,161,0
28-Oct-2025,1361.9,Put,1140,0,0,21.1787,0,27,0
28-Oct-2025,1361.9,Call,1140,0,0,21.1787,0,0,0
28-Oct-2025,1361.9,Call,1180,0,0,21.1787,0,0,0
28-Oct-2025,1361.9,Call,1160,0,0,21.1787,0,0,0
28-Oct-2025,1361.9,Put,1600,0,0,21.1787,0,2,0
28-Oct-2025,1361.9,Call,1220,0,0,21.1787,0,0,0
28-Oct-2025,1361.9,Call,1200,0,0,21.1787,0,0,0
28-Oct-2025,1361.9,Call,1260,0,0,21.1787,0,34,0
25-Nov-2025,1361.9,Put,1280,0,0,21.1787,0,0,0
28-Oct-2025,1361.9,Put,1580,0,0,21.1787,0,0,0
25-Nov-2025,1361.9,Put,1240,0,0,21.1787,0,0,0
25-Nov-2025,1361.9,Call,1560,0,0,21.1787,0,0,0
25-Nov-2025,1361.9,Call,1600,0,0,21.1787,0,8,0
25-Nov-2025,1361.9,Put,1380,0,0,21.1787,0,21,0
25-Nov-2025,1361.9,Call,1250,0,0,21.1787,0,0,0
25-Nov-2025,1361.9,Call,1290,0,0,21.1787,0,0,0
25-Nov-2025,1361.9,Call,1270,0,0,21.1787,0,0,0
25-Nov-2025,1361.9,Call,1310,0,0,21.1787,0,0,0
25-Nov-2025,1361.9,Call,1430,0,0,21.1787,0,0,0
25-Nov-2025,1361.9,Put,1260,0,0,21.1787,0,0,0
25-Nov-2025,1361.9,Call,1470,0,0,21.1787,0,0,0
25-Nov-2025,1361.9,Call,1580,0,0,21.1787,0,0,0
25-Nov-2025,1361.9,Call,1450,0,0,21.1787,0,0,0
25-Nov-2025,1361.9,Call,1540,0,0,21.1787,0,0,0
25-Nov-2025,1361.9,Put,1290,0,0,21.1787,0,0,0
25-Nov-2025,1361.5,Put,1580,0,0,21.1787,0,0,0
25-Nov-2025,1361.9,Put,1460,0,0,21.1787,0,0,0
25-Nov-2025,1361.9,Put,1270,0,0,21.1787,0,0,0
25-Nov-2025,1361.9,Put,1250,0,0,21.1787,0,0,0
25-Nov-2025,1361.9,Put,1480,0,0,21.1787,0,0,0
25-Nov-2025,1361.9,Put,1500,0,0,21.1787,0,0,0
25-Nov-2025,1361.9,Put,1330,0,0,21.1787,0,0,0
25-Nov-2025,1361.5,Put,1140,0,0,21.1787,0,0,0
25-Nov-2025,1361.9,Put,1160,0,0,21.1787,0,0,0
25-Nov-2025,1361.9,Call,1140,0,0,21.1787,0,0,0
25-Nov-2025,1361.9,Call,1160,0,0,21.1787,0,0,0
25-Nov-2025,1361.9,Call,1180,0,0,21.1787,0,0,0
25-Nov-2025,1361.9,Call,1200,0,0,21.1787,0,0,0
25-Nov-2025,1361.9,Put,1520,0,0,21.1787,0,0,0
25-Nov-2025,1361.9,Put,1560,0,0,21.1787,0,0,0
25-Nov-2025,1361.9,Put,1440,0,0,21.1787,0,1,0
25-Nov-2025,1361.9,Put,1490,0,0,21.1787,0,0,0
25-Nov-2025,1361.9,Call,1220,0,0,21.1787,0,0,0
25-Nov-2025,1361.9,Call,1240,0,0,21.1787,0,0,0
25-Nov-2025,1361.5,Call,1260,0,0,21.1787,0,0,0
25-Nov-2025,1361.9,Call,1280,0,0,21.1787,0,0,0
25-Nov-2025,1361.9,Call,1300,0,0,21.1787,0,2,0
25-Nov-2025,1361.9,Call,1320,0,0,21.1787,0,0,0
25-Nov-2025,1361.9,Call,1340,0,0,21.1787,0,0,0
25-Nov-2025,1361.9,Call,1420,0,0,21.1787,0,0,0
25-Nov-2025,1361.9,Call,1350,0,0,21.1787,0,0,0
25-Nov-2025,1361.9,Call,1390,0,0,21.1787,0,0,0
25-Nov-2025,1361.9,Put,1220,0,0,21.1787,0,0,0
25-Nov-2025,1361.9,Put,1350,0,0,21.1787,0,0,0
25-Nov-2025,1361.9,Put,1180,0,0,21.1787,0,0,0
25-Nov-2025,1361.9,Put,1370,0,0,21.1787,0,5,0
25-Nov-2025,1361.9,Put,1410,0,0,21.1787,0,0,0
25-Nov-2025,1361.9,Call,1330,0,0,21.1787,0,0,0
25-Nov-2025,1361.9,Put,1430,0,0,21.1787,0,0,0
25-Nov-2025,1361.9,Put,1390,0,0,21.1787,0,0,0
25-Nov-2025,1361.9,Put,1470,0,0,21.1787,0,0,0
25-Nov-2025,1361.9,Call,1490,0,0,21.1787,0,0,0
25-Nov-2025,1361.9,Put,1340,0,0,21.1787,0,0,0
25-Nov-2025,1361.9,Put,1450,0,0,21.1787,0,0,0
25-Nov-2025,1361.9,Call,1440,0,0,21.1787,0,0,0
25-Nov-2025,1361.9,Put,1420,0,0,21.1787,0,0,0
25-Nov-2025,1361.9,Put,1540,0,0,21.1787,0,0,0
25-Nov-2025,1361.9,Call,1480,0,0,21.1787,0,0,0
30-Dec-2025,1361.9,Put,1240,0,0,21.1787,0,0,0
25-Nov-2025,1361.9,Put,1600,0,0,21.1787,0,0,0
30-Dec-2025,1361.9,Call,1500,0,0,21.1787,0,0,0
30-Dec-2025,1361.9,Put,1200,0,0,21.1787,0,0,0
25-Nov-2025,1361.9,Put,1310,0,0,21.1787,0,0,0
30-Dec-2025,1361.9,Put,1300,0,0,21.1787,0,0,0
30-Dec-2025,1361.9,Put,1260,0,0,21.1787,0,0,0
25-Nov-2025,1361.9,Call,1520,0,0,21.1787,0,0,0
30-Dec-2025,1361.9,Put,1280,0,0,21.1787,0,0,0
30-Dec-2025,1361.9,Call,1520,0,0,21.1787,0,0,0
30-Dec-2025,1361.9,Put,1340,0,0,21.1787,0,0,0
25-Nov-2025,1361.9,Put,1200,0,0,21.1787,0,0,0
30-Dec-2025,1361.9,Call,1560,0,0,21.1787,0,0,0
30-Dec-2025,1361.9,Call,1480,0,0,21.1787,0,0,0
