28-Oct-2025,1938.3,-,0,1949,0,32.6899,62,24932,1933
28-Oct-2025,1938.3,Call,2000,23.5,23.16,32.6899,100,1100,1496
28-Oct-2025,1938.3,Put,1940,39,22.99,32.6899,112,356,1101
28-Oct-2025,1938.3,Call,1960,39.3,23.54,32.6899,229,455,1049
28-Oct-2025,1938.3,Call,1940,49.4,23.46,32.6899,285,400,737
28-Oct-2025,1938.3,Put,1960,48.5,23.9,32.6899,-72,343,720
28-Oct-2025,1938.3,Call,1980,30.75,23.16,32.6899,67,224,647
28-Oct-2025,1938.3,Put,1900,23.15,23.33,32.6899,4,436,580
28-Oct-2025,1938.3,Call,2100,6.15,24.23,32.6899,119,641,522
28-Oct-2025,1938.3,Put,1920,30.95,23.59,32.6899,38,156,444
28-Oct-2025,1938.3,Put,1980,60.2,22.32,32.6899,-68,271,417
28-Oct-2025,1938.3,Call,2040,13.6,23.02,32.6899,100,455,390
28-Oct-2025,1938.3,Call,2060,10.2,23.04,32.6899,19,265,299
28-Oct-2025,1938.3,Put,2000,73.15,23.88,32.6899,-5,375,297
28-Oct-2025,1938.3,Put,1860,13.55,23.98,32.6899,76,204,208
28-Oct-2025,1938.3,Call,1920,60.4,23.16,32.6899,44,117,207
28-Oct-2025,1938.3,Put,1800,6,26.16,32.6899,7,181,188
28-Oct-2025,1938.3,Put,1840,10.3,24.75,32.6899,21,193,186
28-Oct-2025,1938.3,Call,2200,1.9,27.08,32.6899,37,337,151
28-Oct-2025,1938.3,Call,2020,18.3,23.09,32.6899,3,220,139
28-Oct-2025,1938.3,Put,1880,17.95,23.62,32.6899,68,150,139
28-Oct-2025,1938.3,Call,1900,74.55,24.09,32.6899,74,92,138
28-Oct-2025,1938.3,Call,2080,7.9,23.46,32.6899,1,88,87
28-Oct-2025,1938.3,Call,2120,4.6,24.51,32.6899,-27,54,76
25-Nov-2025,1938.3,-,0,1962.1,0,32.6899,19,187,75
28-Oct-2025,1938.3,Call,2180,2.15,26,32.6899,5,75,70
28-Oct-2025,1938.3,Call,2160,2.95,25.85,32.6899,-2,45,32
28-Oct-2025,1938.3,Put,1820,7.95,25.24,32.6899,-9,54,30
25-Nov-2025,1938.3,Put,1900,43,25.1,32.6899,27,27,30
28-Oct-2025,1938.3,Call,2140,3.7,25.22,32.6899,7,59,29
28-Oct-2025,1938.3,Put,2100,154.1,23.4,32.6899,0,120,24
28-Oct-2025,1938.3,Put,2040,101.7,22.35,32.6899,7,131,23
28-Oct-2025,1938.3,Put,1780,4.5,26.7,32.6899,5,73,23
28-Oct-2025,1938.3,Call,2240,1.25,28.3,32.6899,-1,59,14
28-Oct-2025,1938.3,Call,1860,104,24.63,32.6899,4,9,14
30-Dec-2025,1938.3,-,0,1972,0,32.6899,5,21,12
28-Oct-2025,1938.3,Put,1740,3.1,29.19,32.6899,-3,25,11
28-Oct-2025,1938.3,Call,2260,1.1,29.22,32.6899,3,147,9
28-Oct-2025,1938.3,Put,1700,2.15,31.59,32.6899,4,58,9
28-Oct-2025,1938.3,Put,2020,86.5,22.48,32.6899,2,54,7
25-Nov-2025,1938.3,Call,2000,53.45,23.96,32.6899,1,19,7
28-Oct-2025,1938.3,Call,1880,89.1,24.6,32.6899,0,13,6
28-Oct-2025,1938.3,Call,2280,0.8,29.3,32.6899,-2,252,4
28-Oct-2025,1938.3,Call,1820,134,21.46,32.6899,0,0,3
28-Oct-2025,1938.3,Put,1720,1.85,28.55,32.6899,0,123,2
25-Nov-2025,1938.3,Put,1800,16.8,25.63,32.6899,0,0,2
25-Nov-2025,1938.3,Put,2000,94.75,26.5,32.6899,0,0,1
28-Oct-2025,1938.3,Put,1600,0,0,32.6899,0,75,0
28-Oct-2025,1938.3,Call,2320,0,0,32.6899,0,0,0
28-Oct-2025,1938.3,Put,2060,0,0,32.6899,0,34,0
28-Oct-2025,1938.3,Call,1640,0,0,32.6899,0,0,0
28-Oct-2025,1938.3,Put,1560,0,0,32.6899,0,13,0
28-Oct-2025,1938.3,Call,1680,0,0,32.6899,0,0,0
28-Oct-2025,1938.3,Call,1720,0,0,32.6899,0,0,0
28-Oct-2025,1938.3,Call,1760,0,0,32.6899,0,0,0
28-Oct-2025,1938.3,Call,1800,0,0,32.6899,0,0,0
28-Oct-2025,1938.3,Put,2080,0,0,32.6899,0,1,0
28-Oct-2025,1938.3,Put,2120,0,0,32.6899,0,0,0
28-Oct-2025,1938.3,Put,2160,0,0,32.6899,0,0,0
28-Oct-2025,1938.3,Put,2200,0,0,32.6899,0,82,0
28-Oct-2025,1938.3,Put,2140,0,0,32.6899,0,0,0
28-Oct-2025,1938.3,Put,2280,0,0,32.6899,0,1,0
28-Oct-2025,1938.3,Put,2180,0,0,32.6899,0,0,0
28-Oct-2025,1938.3,Put,1640,0,0,32.6899,0,0,0
28-Oct-2025,1938.3,Call,1840,0,0,32.6899,0,0,0
28-Oct-2025,1938.3,Put,2320,0,0,32.6899,0,28,0
28-Oct-2025,1938.3,Put,1760,0,0,32.6899,0,97,0
28-Oct-2025,1938.3,Put,1680,0,0,32.6899,0,7,0
25-Nov-2025,1938.3,Put,1840,0,0,32.6899,0,0,0
25-Nov-2025,1938.3,Call,2180,0,0,32.6899,0,0,0
25-Nov-2025,1938.3,Call,2320,0,0,32.6899,0,0,0
25-Nov-2025,1938.3,Put,2080,0,0,32.6899,0,0,0
25-Nov-2025,1938.3,Call,1960,0,0,32.6899,0,0,0
25-Nov-2025,1938.3,Call,2240,0,0,32.6899,0,0,0
25-Nov-2025,1938.3,Put,2180,0,0,32.6899,0,0,0
25-Nov-2025,1938.3,Call,1880,0,0,32.6899,0,0,0
25-Nov-2025,1938.3,Call,2100,0,0,32.6899,0,0,0
25-Nov-2025,1938.3,Call,2080,0,0,32.6899,0,0,0
25-Nov-2025,1938.3,Put,2120,0,0,32.6899,0,0,0
25-Nov-2025,1938.3,Put,2160,0,0,32.6899,0,0,0
25-Nov-2025,1938.3,Call,2120,0,0,32.6899,0,0,0
25-Nov-2025,1938.3,Put,2100,0,0,32.6899,0,0,0
25-Nov-2025,1938.3,Put,1880,0,0,32.6899,0,0,0
25-Nov-2025,1938.3,Call,2280,0,0,32.6899,0,0,0
25-Nov-2025,1938.3,Call,2040,0,0,32.6899,0,0,0
25-Nov-2025,1938.3,Put,2140,0,0,32.6899,0,0,0
25-Nov-2025,1938.3,Put,2240,0,0,32.6899,0,0,0
28-Oct-2025,1938.3,Put,2240,0,0,32.6899,0,6,0
25-Nov-2025,1938.3,Call,2200,0,0,32.6899,0,0,0
25-Nov-2025,1938.3,Put,1780,0,0,32.6899,0,0,0
25-Nov-2025,1938.3,Call,1680,0,0,32.6899,0,0,0
25-Nov-2025,1938.3,Put,1980,0,0,32.6899,0,0,0
25-Nov-2025,1938.3,Put,1680,0,0,32.6899,0,0,0
25-Nov-2025,1938.3,Call,1720,0,0,32.6899,0,0,0
25-Nov-2025,1938.3,Call,1920,0,0,32.6899,0,0,0
25-Nov-2025,1938.3,Put,2060,0,0,32.6899,0,0,0
25-Nov-2025,1938.3,Put,2280,0,0,32.6899,0,0,0
25-Nov-2025,1938.3,Call,1900,0,0,32.6899,0,0,0
25-Nov-2025,1938.3,Call,2140,0,0,32.6899,0,0,0
25-Nov-2025,1938.3,Put,1960,0,0,32.6899,0,1,0
25-Nov-2025,1938.3,Call,1980,0,0,32.6899,0,0,0
25-Nov-2025,1938.3,Call,1820,0,0,32.6899,0,0,0
25-Nov-2025,1938.3,Put,1820,0,0,32.6899,0,0,0
25-Nov-2025,1938.3,Call,1640,0,0,32.6899,0,0,0
25-Nov-2025,1938.3,Call,1780,0,0,32.6899,0,0,0
25-Nov-2025,1938.3,Call,1940,0,0,32.6899,0,0,0
25-Nov-2025,1938.3,Put,1920,0,0,32.6899,0,0,0
25-Nov-2025,1938.3,Call,1840,0,0,32.6899,0,0,0
25-Nov-2025,1938.3,Call,2160,0,0,32.6899,0,0,0
30-Dec-2025,1938.3,Put,1680,0,0,32.6899,0,0,0
25-Nov-2025,1938.3,Put,1860,0,0,32.6899,0,0,0
25-Nov-2025,1938.3,Put,2200,0,0,32.6899,0,0,0
25-Nov-2025,1938.3,Call,1760,0,0,32.6899,0,0,0
25-Nov-2025,1938.3,Put,1720,0,0,32.6899,0,0,0
25-Nov-2025,1938.3,Call,1860,0,0,32.6899,0,0,0
28-Oct-2025,1938.3,Call,1780,0,0,32.6899,0,0,0
25-Nov-2025,1938.3,Put,2040,0,0,32.6899,0,0,0
30-Dec-2025,1938.3,Call,2000,0,0,32.6899,0,0,0
25-Nov-2025,1938.3,Call,1800,0,0,32.6899,0,0,0
25-Nov-2025,1938.3,Put,2020,0,0,32.6899,0,0,0
25-Nov-2025,1938.3,Call,2060,0,0,32.6899,0,0,0
25-Nov-2025,1938.3,Put,1760,0,0,32.6899,0,0,0
25-Nov-2025,1938.3,Put,2320,0,0,32.6899,0,1,0
25-Nov-2025,1938.3,Put,1640,0,0,32.6899,0,0,0
25-Nov-2025,1938.3,Put,1940,0,0,32.6899,0,0,0
25-Nov-2025,1938.3,Call,2020,0,0,32.6899,0,0,0
