28-Oct-2025,15977,Call,16000,306.6,17.32,26.1002,-501,3918,18178
28-Oct-2025,15977,Call,16500,125.4,18.32,26.1002,6,4406,10827
28-Oct-2025,15977,Call,17000,49.65,19.81,26.1002,249,7985,9247
28-Oct-2025,15977,-,0,16042,0,26.1002,94,56615,9121
28-Oct-2025,15977,Call,16300,179.15,17.75,26.1002,572,2733,6971
28-Oct-2025,15977,Put,16000,268,19.33,26.1002,442,3386,6501
28-Oct-2025,15977,Put,15500,104.25,20.15,26.1002,389,2731,5301
28-Oct-2025,15977,Call,16200,215,17.44,26.1002,555,3579,5169
28-Oct-2025,15977,Call,16100,255.85,17.39,26.1002,248,2065,4779
28-Oct-2025,15977,Call,15900,362.75,17.32,26.1002,-264,513,4663
28-Oct-2025,15977,Put,15000,38.65,21.93,26.1002,-143,4925,4482
28-Oct-2025,15977,Put,15800,187.2,19.4,26.1002,527,1304,3623
28-Oct-2025,15977,Call,16400,150.3,18.12,26.1002,121,1695,3537
28-Oct-2025,15977,Call,18000,11.8,24.38,26.1002,-59,3936,3449
28-Oct-2025,15977,Call,15800,422.2,17.47,26.1002,-214,637,3379
28-Oct-2025,15977,Put,15900,225.9,19.39,26.1002,288,855,2698
28-Oct-2025,15977,Put,15700,155.2,19.68,26.1002,280,687,2346
28-Oct-2025,15977,Call,16800,70.8,19,26.1002,-229,1401,2301
28-Oct-2025,15977,Call,16700,85.35,18.77,26.1002,126,836,2234
28-Oct-2025,15977,Call,16600,102.2,18.46,26.1002,149,1153,2121
28-Oct-2025,15977,Call,17400,26.5,21.45,26.1002,128,999,1922
28-Oct-2025,15977,Call,17800,14.5,23.2,26.1002,260,1515,1771
28-Oct-2025,15977,Put,14500,12.25,23.73,26.1002,133,2605,1746
28-Oct-2025,15977,Call,17500,22.45,22.09,26.1002,-198,1504,1730
28-Oct-2025,15977,Call,17600,20,22.52,26.1002,77,2120,1557
28-Oct-2025,15977,Put,15300,69.45,20.65,26.1002,211,604,1532
28-Oct-2025,15977,Call,17200,38.8,20.92,26.1002,-84,2124,1129
28-Oct-2025,15977,Put,14000,5.35,26.2,26.1002,81,2147,1111
28-Oct-2025,15977,Put,16100,318.45,19.12,26.1002,60,556,1107
28-Oct-2025,15977,Call,17300,30.65,21,26.1002,215,642,1058
28-Oct-2025,15977,Put,15600,126,19.88,26.1002,16,315,1035
28-Oct-2025,15977,Put,15400,85,20.48,26.1002,139,490,852
28-Oct-2025,15977,Put,16200,376.9,19.55,26.1002,-137,301,828
28-Oct-2025,15977,Call,16900,58.95,19.57,26.1002,-19,755,794
28-Oct-2025,15977,Call,17100,42,20.24,26.1002,5,389,769
28-Oct-2025,15977,Call,18200,9.6,25.39,26.1002,20,861,708
28-Oct-2025,15977,Put,14800,23.9,22.47,26.1002,17,407,684
28-Oct-2025,15977,Put,15200,55.8,20.78,26.1002,53,404,666
28-Oct-2025,15977,Call,15700,493.7,17.6,26.1002,-26,217,586
28-Oct-2025,15977,Put,15100,45.7,21.31,26.1002,8,338,442
28-Oct-2025,15977,Call,15500,636.4,17.63,26.1002,62,565,441
25-Nov-2025,15977,-,0,16117,0,26.1002,34,1585,413
28-Oct-2025,15977,Put,14600,16.7,23.51,26.1002,36,177,358
28-Oct-2025,15977,Put,16300,436,19.11,26.1002,31,501,244
28-Oct-2025,15977,Put,16500,574.9,20.1,26.1002,6,357,236
28-Oct-2025,15977,Put,14200,6,24.29,26.1002,-42,1125,213
28-Oct-2025,15977,Put,14900,30.15,22.19,26.1002,-38,180,166
28-Oct-2025,15977,Put,14700,19.85,22.96,26.1002,-31,123,125
28-Oct-2025,15977,Call,15600,559.85,17.69,26.1002,-13,114,101
28-Oct-2025,15977,Call,14800,1285.2,15.01,26.1002,92,151,100
28-Oct-2025,15977,Call,15000,1106,19.2,26.1002,7,590,72
28-Oct-2025,15977,Put,17000,1001.55,21.44,26.1002,-22,156,72
28-Oct-2025,15977,Put,16400,490,19.76,26.1002,15,98,65
30-Dec-2025,15977,-,0,16195,0,26.1002,9,55,53
25-Nov-2025,15977,Call,17000,168.9,18.83,26.1002,4,27,51
25-Nov-2025,15977,Put,16000,398.8,21.21,26.1002,15,45,49
28-Oct-2025,15977,Put,14300,8.95,24.69,26.1002,-5,496,47
25-Nov-2025,15977,Put,15000,119.45,22.42,26.1002,24,61,41
25-Nov-2025,15977,Call,16000,563.5,19.18,26.1002,17,20,41
28-Oct-2025,15977,Put,16800,784.5,19.6,26.1002,5,32,31
28-Oct-2025,15977,Call,15200,934.85,20.39,26.1002,-4,62,31
28-Oct-2025,15977,Put,13900,5,27.23,26.1002,-1,54,27
28-Oct-2025,15977,Put,13000,3.15,35.78,26.1002,3,138,26
28-Oct-2025,15977,Put,13500,4,31,26.1002,22,30,24
28-Oct-2025,15977,Put,13400,4,32.16,26.1002,7,132,22
28-Oct-2025,15977,Put,13800,5,28.39,26.1002,-1,92,20
28-Oct-2025,15977,Put,14400,11.9,24.62,26.1002,-4,62,19
28-Oct-2025,15977,Put,16900,864.45,19.26,26.1002,9,16,15
28-Oct-2025,15977,Call,15300,851.3,20.51,26.1002,-4,29,14
25-Nov-2025,15977,Call,16400,365,18.97,26.1002,6,30,12
28-Oct-2025,15977,Put,14100,5.15,25,26.1002,-1,172,7
28-Oct-2025,15977,Put,12800,3.15,38.09,26.1002,-2,56,6
28-Oct-2025,15977,Put,13200,4,34.48,26.1002,0,63,5
25-Nov-2025,15977,Call,16600,385.65,23.24,26.1002,0,0,5
25-Nov-2025,15977,Call,16200,464.6,19.38,26.1002,3,3,4
28-Oct-2025,15977,Call,14400,1700,26.99,26.1002,1,1,2
25-Nov-2025,15977,Call,15000,1282.45,19.89,26.1002,0,1,2
28-Oct-2025,15977,Put,13700,4.05,28.74,26.1002,0,24,1
25-Nov-2025,15977,Call,18400,36,22,26.1002,0,8,1
25-Nov-2025,15977,Call,15800,678.35,19.06,26.1002,0,0,1
28-Oct-2025,15977,Call,14200,0,0,26.1002,0,4,0
28-Oct-2025,15977,Call,14500,0,0,26.1002,0,122,0
28-Oct-2025,15977,Put,16600,0,0,26.1002,0,33,0
28-Oct-2025,15977,Call,15400,0,0,26.1002,0,11,0
28-Oct-2025,15977,Put,17100,0,0,26.1002,0,0,0
28-Oct-2025,15977,Call,14700,0,0,26.1002,0,3,0
28-Oct-2025,15977,Call,13200,0,0,26.1002,0,5,0
28-Oct-2025,15977,Put,17400,0,0,26.1002,0,0,0
28-Oct-2025,15977,Call,13700,0,0,26.1002,0,3,0
28-Oct-2025,15977,Put,16700,0,0,26.1002,0,12,0
28-Oct-2025,15977,Call,15100,0,0,26.1002,0,6,0
28-Oct-2025,15977,Put,13600,0,0,26.1002,0,11,0
28-Oct-2025,15977,Put,18000,0,0,26.1002,0,1,0
28-Oct-2025,15977,Call,13000,0,0,26.1002,0,53,0
28-Oct-2025,15977,Call,14600,0,0,26.1002,0,0,0
28-Oct-2025,15977,Put,17200,0,0,26.1002,0,2,0
28-Oct-2025,15977,Call,14900,0,0,26.1002,0,34,0
28-Oct-2025,15977,Call,13600,0,0,26.1002,0,2,0
28-Oct-2025,15977,Put,17600,0,0,26.1002,0,0,0
28-Oct-2025,15977,Call,14000,0,0,26.1002,0,191,0
28-Oct-2025,15977,Put,18200,0,0,26.1002,0,0,0
28-Oct-2025,15977,Call,13800,0,0,26.1002,0,0,0
28-Oct-2025,15977,Put,17500,0,0,26.1002,0,20,0
28-Oct-2025,15977,Call,13500,0,0,26.1002,0,17,0
28-Oct-2025,15977,Call,13400,0,0,26.1002,0,1,0
28-Oct-2025,15977,Put,17800,0,0,26.1002,0,0,0
25-Nov-2025,15977,Call,16300,0,0,26.1002,0,0,0
25-Nov-2025,15977,Put,16400,0,0,26.1002,0,0,0
25-Nov-2025,15977,Call,16700,0,0,26.1002,0,0,0
25-Nov-2025,15977,Call,18000,0,0,26.1002,0,3,0
25-Nov-2025,15977,Put,13800,0,0,26.1002,0,14,0
25-Nov-2025,15977,Put,16100,0,0,26.1002,0,0,0
25-Nov-2025,15977,Call,15900,0,0,26.1002,0,0,0
25-Nov-2025,15977,Call,16500,0,0,26.1002,0,1,0
25-Nov-2025,15977,Call,15600,0,0,26.1002,0,1,0
25-Nov-2025,15977,Call,17400,0,0,26.1002,0,0,0
25-Nov-2025,15977,Call,17100,0,0,26.1002,0,0,0
25-Nov-2025,15977,Put,15400,0,0,26.1002,0,0,0
25-Nov-2025,15977,Call,18200,0,0,26.1002,0,0,0
25-Nov-2025,15977,Call,14400,0,0,26.1002,0,0,0
25-Nov-2025,15977,Put,17200,0,0,26.1002,0,0,0
25-Nov-2025,15977,Put,16600,0,0,26.1002,0,0,0
25-Nov-2025,15977,Put,17400,0,0,26.1002,0,0,0
25-Nov-2025,15977,Call,16900,0,0,26.1002,0,0,0
25-Nov-2025,15977,Put,14200,0,0,26.1002,0,0,0
25-Nov-2025,15977,Put,14800,0,0,26.1002,0,0,0
25-Nov-2025,15977,Put,16800,0,0,26.1002,0,0,0
25-Nov-2025,15977,Put,15700,0,0,26.1002,0,0,0
25-Nov-2025,15977,Put,16300,0,0,26.1002,0,0,0
25-Nov-2025,15977,Call,14800,0,0,26.1002,0,1,0
25-Nov-2025,15977,Call,14900,0,0,26.1002,0,0,0
25-Nov-2025,15977,Call,15500,0,0,26.1002,0,0,0
25-Nov-2025,15977,Put,16900,0,0,26.1002,0,0,0
25-Nov-2025,15977,Put,15500,0,0,26.1002,0,0,0
25-Nov-2025,15977,Call,15100,0,0,26.1002,0,0,0
25-Nov-2025,15977,Call,16800,0,0,26.1002,0,0,0
25-Nov-2025,15977,Put,17000,0,0,26.1002,0,0,0
25-Nov-2025,15977,Put,17100,0,0,26.1002,0,0,0
25-Nov-2025,15977,Put,16500,0,0,26.1002,0,0,0
25-Nov-2025,15977,Call,15400,0,0,26.1002,0,0,0
25-Nov-2025,15977,Call,17600,0,0,26.1002,0,0,0
25-Nov-2025,15977,Call,15300,0,0,26.1002,0,0,0
25-Nov-2025,15977,Put,14400,0,0,26.1002,0,0,0
25-Nov-2025,15977,Call,14200,0,0,26.1002,0,0,0
25-Nov-2025,15977,Put,17800,0,0,26.1002,0,0,0
25-Nov-2025,15977,Put,15900,0,0,26.1002,0,0,0
25-Nov-2025,15977,Put,14900,0,0,26.1002,0,0,0
25-Nov-2025,15977,Call,17200,0,0,26.1002,0,0,0
25-Nov-2025,15977,Call,13800,0,0,26.1002,0,0,0
25-Nov-2025,15977,Call,14000,0,0,26.1002,0,0,0
25-Nov-2025,15977,Put,15200,0,0,26.1002,0,0,0
25-Nov-2025,15977,Call,15700,0,0,26.1002,0,0,0
25-Nov-2025,15977,Put,17600,0,0,26.1002,0,0,0
25-Nov-2025,15977,Put,16700,0,0,26.1002,0,0,0
25-Nov-2025,15977,Put,14700,0,0,0,0,0,0
25-Nov-2025,15977,Put,18200,0,0,26.1002,0,0,0
25-Nov-2025,15977,Put,13600,0,0,26.1002,0,0,0
25-Nov-2025,15977,Call,15200,0,0,26.1002,0,0,0
25-Nov-2025,15977,Call,14700,0,0,0,0,0,0
25-Nov-2025,15977,Put,14000,0,0,26.1002,0,0,0
25-Nov-2025,15977,Put,15300,0,0,26.1002,0,0,0
30-Dec-2025,15977,Put,15000,0,0,26.1002,0,0,0
25-Nov-2025,15977,Call,17800,0,0,26.1002,0,0,0
25-Nov-2025,15977,Put,18000,0,0,26.1002,0,0,0
25-Nov-2025,15977,Put,16200,0,0,26.1002,0,0,0
25-Nov-2025,15977,Call,16100,0,0,26.1002,0,2,0
25-Nov-2025,15977,Call,13600,0,0,26.1002,0,0,0
30-Dec-2025,15977,Call,15800,0,0,26.1002,0,0,0
25-Nov-2025,15977,Put,15800,0,0,26.1002,0,0,0
30-Dec-2025,15977,Call,15600,0,0,26.1002,0,0,0
25-Nov-2025,15977,Call,14600,0,0,26.1002,0,0,0
25-Nov-2025,15977,Put,15600,0,0,26.1002,0,0,0
30-Dec-2025,15977,Call,18000,0,0,26.1002,0,0,0
25-Nov-2025,15977,Put,14600,0,0,26.1002,0,0,0
25-Nov-2025,15977,Put,15100,0,0,26.1002,0,0,0
30-Dec-2025,15977,Call,16400,0,0,0,0,0,0
30-Dec-2025,15977,Call,16000,0,0,0,0,0,0
30-Dec-2025,15977,Call,17000,0,0,0,0,0,0
30-Dec-2025,15977,Put,15800,0,0,26.1002,0,0,0
30-Dec-2025,15977,Put,16000,0,0,26.1002,0,3,0
