28-Oct-2025,246.12,Call,250,3.4,18.36,32.7701,827,5414,8929
28-Oct-2025,246.32,-,0,247.7,0,32.7701,1056,44427,5978
28-Oct-2025,246.12,Call,245,5.95,18.63,32.7701,17,2108,4428
28-Oct-2025,246.12,Put,240,1.8,19.56,32.7701,-87,2152,3126
28-Oct-2025,246.12,Put,245,3.3,18.99,32.7701,453,1183,2612
28-Oct-2025,246.32,Call,247.5,4.55,18.12,32.7701,239,424,2423
28-Oct-2025,246.12,Call,260,1.05,19.89,32.7701,52,1539,2227
28-Oct-2025,246.12,Call,252.5,2.5,17.89,32.7701,975,1106,1831
28-Oct-2025,246.32,Call,255,1.85,18.8,32.7701,-12,742,1492
28-Oct-2025,246.32,Call,240,9.35,19.55,32.7701,-120,1454,1394
28-Oct-2025,246.32,Call,265,0.6,21.26,32.7701,48,481,913
28-Oct-2025,246.12,Put,250,5.75,19.25,32.7701,-8,456,728
28-Oct-2025,246.12,Put,230,0.55,22.87,32.7701,-283,861,719
28-Oct-2025,246.32,Put,242.5,2.45,19.46,32.7701,17,250,697
28-Oct-2025,246.12,Put,235,0.95,21.08,32.7701,-71,601,667
28-Oct-2025,246.12,Put,220,0.2,26.68,32.7701,201,875,546
28-Oct-2025,246.32,Call,242.5,7.6,17.72,32.7701,-44,174,524
28-Oct-2025,246.32,Put,247.5,4.5,19.36,32.7701,56,129,465
25-Nov-2025,246.32,-,0,249.1,0,32.7701,72,692,310
28-Oct-2025,246.32,Put,225,0.35,25.1,32.7701,-11,382,264
28-Oct-2025,246.32,Call,270,0.35,22.05,32.7701,25,672,252
28-Oct-2025,246.32,Put,237.5,1.3,20.48,32.7701,5,188,224
28-Oct-2025,246.32,Call,280,0.2,27.38,32.7701,-67,381,222
28-Oct-2025,246.12,Call,257.5,1.4,18.97,32.7701,78,141,202
28-Oct-2025,246.32,Put,252.5,7.35,19.78,32.7701,24,65,147
28-Oct-2025,246.32,Call,235,13.6,20.54,32.7701,-29,347,146
28-Oct-2025,246.12,Put,260,13.35,21.28,32.7701,-3,200,116
28-Oct-2025,246.12,Call,275,0.25,24.05,32.7701,63,150,110
28-Oct-2025,246.32,Put,232.5,0.7,21.78,32.7701,10,92,106
28-Oct-2025,246.32,Put,255,9.2,20.21,32.7701,-5,98,89
28-Oct-2025,246.32,Call,230,18.15,21.85,32.7701,-1,222,86
28-Oct-2025,246.12,Call,237.5,11.5,18.32,32.7701,-16,36,71
28-Oct-2025,246.32,Call,262.5,0.8,20.63,32.7701,7,41,65
28-Oct-2025,246.12,Put,257.5,11.2,20.39,32.7701,17,47,62
30-Dec-2025,246.32,-,0,250.5,0,32.7701,-7,38,61
25-Nov-2025,246.32,Put,220,0.85,25.23,32.7701,33,72,56
25-Nov-2025,246.12,Put,230,1.95,23.91,32.7701,33,48,48
25-Nov-2025,246.32,Call,250,7,19.28,32.7701,21,40,47
25-Nov-2025,246.32,Call,260,4,21.54,32.7701,21,111,43
28-Oct-2025,246.32,Put,262.5,15.45,21.98,32.7701,8,24,38
28-Oct-2025,246.32,Put,265,17.8,21.72,32.7701,0,38,37
28-Oct-2025,246.32,Call,227.5,20.3,0,32.7701,-1,27,33
28-Oct-2025,246.32,Put,270,22.55,24.79,32.7701,0,602,32
28-Oct-2025,246.32,Call,232.5,15.85,21.71,32.7701,3,14,30
25-Nov-2025,246.32,Put,240,4.4,23.6,32.7701,12,26,30
25-Nov-2025,246.12,Put,250,9,24.67,32.7701,21,21,27
28-Oct-2025,246.32,Put,227.5,0.4,23.5,32.7701,-9,17,17
25-Nov-2025,246.12,Call,270,2,22.33,32.7701,10,32,17
28-Oct-2025,246.32,Call,225,22.9,0,32.7701,5,87,15
28-Oct-2025,246.32,Call,220,25.8,0,32.7701,8,43,12
25-Nov-2025,246.32,Call,240,12.2,17,32.7701,5,35,12
25-Nov-2025,246.32,Put,235,3.3,24.86,32.7701,9,9,12
25-Nov-2025,246.32,Put,260,15.45,26.15,32.7701,8,8,10
28-Oct-2025,246.32,Put,222.5,0.3,26.53,32.7701,-5,28,7
28-Oct-2025,246.32,Put,210,0.1,31.6,32.7701,2,40,4
28-Oct-2025,246.32,Call,222.5,24.2,0,32.7701,1,18,4
28-Oct-2025,246.12,Put,215,0.15,30.9,32.7701,0,2,3
28-Oct-2025,246.12,Put,205,0.15,37.71,32.7701,1,19,3
25-Nov-2025,246.32,Call,255,4.8,19.06,32.7701,1,1,2
25-Nov-2025,246.12,Call,245,9.65,19.23,32.7701,1,25,2
25-Nov-2025,246.32,Put,255,12.6,26.98,32.7701,0,0,1
28-Oct-2025,246.32,Call,210,0,0,32.7701,0,3,0
28-Oct-2025,246.32,Put,200,0,0,32.7701,0,37,0
28-Oct-2025,246.32,Call,215,0,0,32.7701,0,1,0
28-Oct-2025,246.12,Put,280,0,0,32.7701,0,261,0
28-Oct-2025,246.12,Put,275,0,0,32.7701,0,0,0
25-Nov-2025,246.32,Put,252.5,0,0,32.7701,0,0,0
25-Nov-2025,246.12,Put,200,0,0,32.7701,0,2,0
25-Nov-2025,246.32,Call,210,0,0,32.7701,0,0,0
25-Nov-2025,246.32,Put,270,0,0,32.7701,0,0,0
25-Nov-2025,246.32,Call,232.5,0,0,32.7701,0,0,0
25-Nov-2025,246.32,Put,232.5,0,0,32.7701,0,0,0
25-Nov-2025,246.32,Call,220,0,0,32.7701,0,0,0
25-Nov-2025,246.32,Put,222.5,0,0,32.7701,0,0,0
25-Nov-2025,246.32,Put,280,0,0,32.7701,0,0,0
25-Nov-2025,246.32,Call,280,0,0,32.7701,0,0,0
25-Nov-2025,246.32,Put,210,0,0,32.7701,0,0,0
25-Nov-2025,246.32,Put,227.5,0,0,32.7701,0,0,0
25-Nov-2025,246.32,Call,237.5,0,0,32.7701,0,0,0
25-Nov-2025,246.32,Call,222.5,0,0,32.7701,0,0,0
25-Nov-2025,246.32,Call,235,0,0,32.7701,0,0,0
25-Nov-2025,246.12,Call,275,0,0,32.7701,0,0,0
25-Nov-2025,246.12,Put,237.5,0,0,32.7701,0,0,0
25-Nov-2025,246.32,Put,225,0,0,32.7701,0,0,0
25-Nov-2025,246.32,Put,215,0,0,32.7701,0,0,0
25-Nov-2025,246.32,Call,230,0,0,32.7701,0,1,0
25-Nov-2025,246.32,Call,257.5,0,0,32.7701,0,0,0
25-Nov-2025,246.32,Call,247.5,0,0,32.7701,0,1,0
25-Nov-2025,246.12,Call,265,0,0,32.7701,0,0,0
25-Nov-2025,246.12,Put,265,0,0,32.7701,0,0,0
25-Nov-2025,246.12,Call,225,0,0,32.7701,0,0,0
25-Nov-2025,246.32,Call,227.5,0,0,32.7701,0,0,0
30-Dec-2025,246.32,Put,230,0,0,32.7701,0,0,0
25-Nov-2025,246.32,Put,275,0,0,32.7701,0,0,0
25-Nov-2025,246.12,Call,252.5,0,0,32.7701,0,0,0
25-Nov-2025,246.32,Put,257.5,0,0,32.7701,0,0,0
25-Nov-2025,246.32,Put,245,0,0,32.7701,0,1,0
25-Nov-2025,246.32,Put,247.5,0,0,32.7701,0,0,0
30-Dec-2025,246.12,Put,220,0,0,32.7701,0,0,0
25-Nov-2025,246.32,Call,262.5,0,0,32.7701,0,0,0
25-Nov-2025,246.32,Put,262.5,0,0,32.7701,0,0,0
25-Nov-2025,246.12,Put,242.5,0,0,32.7701,0,0,0
30-Dec-2025,246.12,Put,225,0,0,32.7701,0,0,0
25-Nov-2025,246.32,Call,242.5,0,0,32.7701,0,0,0
30-Dec-2025,246.12,Put,245,0,0,32.7701,0,0,0
30-Dec-2025,246.32,Call,245,0,0,32.7701,0,0,0
30-Dec-2025,246.12,Call,270,0,0,32.7701,0,1,0
30-Dec-2025,246.32,Put,255,0,0,0,0,0,0
30-Dec-2025,246.32,Call,250,0,0,32.7701,0,0,0
30-Dec-2025,246.12,Put,250,0,0,32.7701,0,0,0
30-Dec-2025,246.12,Call,255,0,0,32.7701,0,0,0
30-Dec-2025,246.32,Call,240,0,0,32.7701,0,0,0
25-Nov-2025,246.32,Call,215,0,0,32.7701,0,0,0
30-Dec-2025,246.32,Put,235,0,0,32.7701,0,0,0
30-Dec-2025,246.32,Put,240,0,0,32.7701,0,0,0
30-Dec-2025,246.32,Call,260,0,0,32.7701,0,0,0
