28-Oct-2025,710,Call,720,10.95,19.48,35.9392,2887,11221,14112
28-Oct-2025,710,Call,800,0.9,27.06,35.9392,797,14301,10463
28-Oct-2025,710,Call,750,3.85,21.95,35.9392,724,9668,9084
28-Oct-2025,710,Call,730,7.7,20.06,35.9392,598,7952,8808
28-Oct-2025,710,Call,740,5.5,20.91,35.9392,600,10145,8584
28-Oct-2025,710,Put,700,8.9,21.86,35.9392,120,6877,8239
28-Oct-2025,710,-,0,711.95,0,35.9392,733,71961,8156
28-Oct-2025,710,Call,710,15.6,19.05,35.9392,2171,4479,8114
28-Oct-2025,710,Put,710,13.1,21.91,35.9392,304,3989,7069
28-Oct-2025,710,Call,760,2.75,22.88,35.9392,484,5112,5717
28-Oct-2025,710,Put,690,5.95,22.1,35.9392,-190,3091,4510
28-Oct-2025,710,Call,780,1.5,24.81,35.9392,111,3487,4469
28-Oct-2025,710,Put,680,4.05,22.81,35.9392,282,4838,4433
28-Oct-2025,710,Put,720,18.55,22.49,35.9392,-143,3905,4172
25-Nov-2025,710,Call,800,0.95,17.16,35.9392,1479,9592,3553
28-Oct-2025,710,Put,670,2.8,23.85,35.9392,-534,4518,3398
28-Oct-2025,710,Call,700,21.35,18.53,35.9392,180,3852,3296
28-Oct-2025,710,Call,770,2.05,23.73,35.9392,270,3688,3178
28-Oct-2025,710,Call,820,0.6,29.08,35.9392,-209,4325,2608
28-Oct-2025,710,Call,790,1.2,26.16,35.9392,164,2057,2037
28-Oct-2025,710,Put,660,2,25.15,35.9392,-116,2840,1616
28-Oct-2025,710,Put,650,1.45,26.52,35.9392,-112,4779,1591
28-Oct-2025,710,Put,730,25.4,23.37,35.9392,-163,1680,1084
25-Nov-2025,710,-,0,711.9,0,35.9392,90,6275,1070
28-Oct-2025,710,Put,640,1,27.84,35.9392,-291,1782,1067
25-Nov-2025,710,Call,780,1.6,15.61,35.9392,94,411,1003
28-Oct-2025,710,Put,630,0.7,29.06,35.9392,-151,1873,965
28-Oct-2025,710,Put,600,0.35,33.08,35.9392,93,2035,854
25-Nov-2025,710,Call,750,4.1,13.26,35.9392,293,966,596
28-Oct-2025,710,Put,620,0.45,29.92,35.9392,11,2834,546
28-Oct-2025,710,Call,810,0.7,28.08,35.9392,4,561,520
28-Oct-2025,710,Call,690,28.5,18.46,35.9392,7,882,462
25-Nov-2025,710,Call,720,11.35,10.88,35.9392,56,797,314
25-Nov-2025,710,Call,760,2.85,13.89,35.9392,25,438,308
30-Dec-2025,710,Call,800,0.95,12.21,35.9392,147,380,293
28-Oct-2025,710,Call,680,36.75,17.63,35.9392,-11,1495,260
28-Oct-2025,710,Put,740,32.6,24.53,35.9392,24,1106,255
28-Oct-2025,710,Put,610,0.4,31.68,35.9392,-28,365,213
25-Nov-2025,710,Call,740,5.5,12.35,35.9392,20,648,210
25-Nov-2025,710,Call,700,21.05,7.37,35.9392,-31,878,203
28-Oct-2025,710,Put,560,0.2,42.04,35.9392,-25,488,201
25-Nov-2025,710,Put,700,9.1,16.62,35.9392,21,849,154
28-Oct-2025,710,Put,580,0.2,37.69,35.9392,11,459,154
28-Oct-2025,710,Put,750,41,26.12,35.9392,-59,1384,153
25-Nov-2025,710,Call,710,15.8,9.95,35.9392,39,189,134
25-Nov-2025,710,Put,680,4.15,16.73,35.9392,50,254,127
30-Dec-2025,710,-,0,713,0,35.9392,3,416,110
25-Nov-2025,710,Put,720,17.95,17.02,35.9392,27,181,106
28-Oct-2025,710,Call,670,45,17.89,35.9392,-3,1064,105
25-Nov-2025,710,Call,730,7.75,11.33,35.9392,25,282,104
25-Nov-2025,710,Call,840,0.45,20.51,35.9392,42,288,62
25-Nov-2025,710,Call,680,36.85,0,35.9392,7,124,59
28-Oct-2025,710,Call,660,54,33.03,35.9392,4,392,47
25-Nov-2025,710,Put,710,13.45,17.16,35.9392,2,259,44
28-Oct-2025,710,Put,800,87.7,34.29,35.9392,-22,1832,43
28-Oct-2025,710,Put,590,0.3,35.85,35.9392,-4,170,41
28-Oct-2025,710,Put,760,46.25,16.53,35.9392,-22,435,40
25-Nov-2025,710,Put,600,0.35,23.29,35.9392,-14,388,40
25-Nov-2025,710,Put,660,2.1,18.11,35.9392,-12,451,40
25-Nov-2025,710,Put,650,1.55,18.99,35.9392,-5,182,39
25-Nov-2025,710,Put,670,2.55,16.65,35.9392,0,97,26
30-Dec-2025,710,Call,760,3,9.62,35.9392,4,51,22
25-Nov-2025,710,Call,640,72.9,0,35.9392,-16,211,19
30-Dec-2025,710,Call,740,6,8.21,35.9392,7,68,17
25-Nov-2025,710,Call,790,1.3,16.62,35.9392,3,183,16
30-Dec-2025,710,Call,700,25,0,35.9392,2,14,14
28-Oct-2025,710,Put,770,59.5,28.74,35.9392,-1,174,11
28-Oct-2025,710,Call,600,112.7,0,35.9392,3,252,10
28-Oct-2025,710,Put,840,127,0,35.9392,1,1047,7
28-Oct-2025,710,Call,640,76.35,34.13,35.9392,-2,224,6
28-Oct-2025,710,Call,580,132.2,0,35.9392,1,41,6
28-Oct-2025,710,Call,650,63.9,35.64,35.9392,-1,344,6
25-Nov-2025,710,Put,640,1,19.3,35.9392,0,227,6
25-Nov-2025,710,Put,730,24.75,18.28,35.9392,-1,26,5
28-Oct-2025,710,Put,790,78.4,33.14,35.9392,1,130,5
28-Oct-2025,710,Put,780,65.25,0,35.9392,0,329,4
25-Nov-2025,710,Call,820,0.7,19.18,35.9392,1,92,4
25-Nov-2025,710,Put,690,6.1,16.44,35.9392,0,24,4
25-Nov-2025,710,Put,740,33,20.31,35.9392,0,78,2
25-Nov-2025,710,Put,750,42.6,23.29,35.9392,-1,34,2
25-Nov-2025,710,Put,620,0.65,21.69,35.9392,0,20,2
25-Nov-2025,710,Put,610,0.4,21.89,35.9392,0,25,2
28-Oct-2025,710,Call,620,98.75,50.06,35.9392,0,174,1
25-Nov-2025,710,Put,800,89,33.14,35.9392,0,308,1
25-Nov-2025,710,Call,690,33,13.17,35.9392,0,26,1
28-Oct-2025,710,Put,820,0,0,35.9392,0,75,0
28-Oct-2025,710,Call,610,0,0,35.9392,0,7,0
28-Oct-2025,710,Call,630,0,0,35.9392,0,131,0
30-Dec-2025,710,Call,840,0,0,35.9392,0,0,0
25-Nov-2025,710,Put,560,0,0,35.9392,0,2,0
30-Dec-2025,710,Put,720,0,0,35.9392,0,0,0
25-Nov-2025,710,Put,580,0,0,35.9392,0,4,0
25-Nov-2025,710,Put,820,0,0,35.9392,0,0,0
28-Oct-2025,710,Call,560,0,0,35.9392,0,15,0
25-Nov-2025,710,Put,790,0,0,35.9392,0,0,0
30-Dec-2025,710,Put,600,0,0,35.9392,0,0,0
30-Dec-2025,710,Call,680,0,0,35.9392,0,1,0
25-Nov-2025,710,Call,660,0,0,35.9392,0,33,0
30-Dec-2025,710,Call,780,0,0,35.9392,0,0,0
25-Nov-2025,710,Put,770,0,0,35.9392,0,0,0
25-Nov-2025,710,Put,780,0,0,35.9392,0,0,0
30-Dec-2025,710,Call,720,0,0,35.9392,0,0,0
25-Nov-2025,710,Call,670,0,0,35.9392,0,2,0
25-Nov-2025,710,Call,650,0,0,35.9392,0,1,0
30-Dec-2025,710,Put,740,0,0,35.9392,0,0,0
25-Nov-2025,710,Call,620,0,0,35.9392,0,0,0
25-Nov-2025,710,Call,770,0,0,35.9392,0,127,0
30-Dec-2025,710,Put,660,0,0,35.9392,0,0,0
30-Dec-2025,710,Put,760,0,0,35.9392,0,3,0
30-Dec-2025,710,Put,640,0,0,35.9392,0,0,0
30-Dec-2025,710,Put,700,0,0,35.9392,0,0,0
30-Dec-2025,710,Call,660,0,0,35.9392,0,0,0
25-Nov-2025,710,Put,840,0,0,35.9392,0,158,0
25-Nov-2025,710,Put,760,0,0,35.9392,0,0,0
25-Nov-2025,710,Call,600,0,0,35.9392,0,1,0
30-Dec-2025,710,Put,680,0,0,35.9392,0,0,0
