28-Oct-2025,394.2,Call,400,5.85,19.83,33.7645,323,3618,3085
28-Oct-2025,394.2,-,0,395.45,0,33.7645,381,40362,2244
28-Oct-2025,394.2,Call,390,10.9,19.54,33.7645,43,1958,1771
28-Oct-2025,394.2,Put,390,5.35,20.75,33.7645,23,2055,1449
28-Oct-2025,394.2,Call,395,8.1,19.45,33.7645,252,1167,1412
28-Oct-2025,394.2,Call,410,2.75,19.89,33.7645,7,1183,1075
28-Oct-2025,394.2,Put,380,2.6,21.66,33.7645,-27,965,955
28-Oct-2025,394.2,Call,405,4.05,19.84,33.7645,46,706,772
28-Oct-2025,394.2,Put,385,3.7,21.2,33.7645,79,860,715
28-Oct-2025,394.2,Call,420,1.3,20.64,33.7645,8,1517,519
28-Oct-2025,394.2,Put,395,7.4,20.68,33.7645,25,936,424
28-Oct-2025,394.2,Put,400,10.3,20.63,33.7645,-7,1772,400
28-Oct-2025,394.2,Put,375,1.8,22.21,33.7645,-11,434,371
28-Oct-2025,394.2,Call,450,0.25,26.59,33.7645,-44,935,339
28-Oct-2025,394.2,Call,385,13.9,19.63,33.7645,0,533,255
28-Oct-2025,394.2,Call,415,1.85,20.07,33.7645,49,441,231
25-Nov-2025,394.2,-,0,397.65,0,33.7645,45,806,207
28-Oct-2025,394.2,Put,360,0.75,26.5,33.7645,-15,849,163
28-Oct-2025,394.2,Call,430,0.6,22.49,33.7645,3,424,149
28-Oct-2025,394.2,Put,350,0.45,28.91,33.7645,56,261,147
28-Oct-2025,394.2,Put,370,1.3,23.59,33.7645,-11,444,133
28-Oct-2025,394.2,Call,425,0.85,21.39,33.7645,-1,333,121
25-Nov-2025,394.2,Call,400,12.05,21.66,33.7645,54,146,93
28-Oct-2025,394.2,Call,380,17.8,20.27,33.7645,5,269,73
28-Oct-2025,394.2,Call,375,21.7,19.42,33.7645,-37,104,69
28-Oct-2025,394.2,Put,365,1,24.83,33.7645,-16,182,53
28-Oct-2025,394.2,Put,405,13.25,21.51,33.7645,4,253,44
28-Oct-2025,394.2,Call,440,0.35,24.06,33.7645,3,787,32
25-Nov-2025,394.2,Call,430,2.85,21.18,33.7645,-22,26,30
28-Oct-2025,394.2,Put,410,17.45,21.57,33.7645,-4,555,23
28-Oct-2025,394.2,Put,415,21.3,22.37,33.7645,-3,131,23
25-Nov-2025,394.2,Put,380,5.95,23.22,33.7645,16,22,22
28-Oct-2025,394.2,Call,365,30.85,20.65,33.7645,7,37,21
28-Oct-2025,394.2,Call,370,25.95,18.01,33.7645,12,57,20
25-Nov-2025,394.2,Put,370,3.85,24.22,33.7645,13,48,20
28-Oct-2025,394.2,Put,420,25.95,23.1,33.7645,1,1068,17
25-Nov-2025,394.2,Put,390,11,25.93,33.7645,11,16,17
30-Dec-2025,394.2,-,0,399.45,0,33.7645,9,24,16
28-Oct-2025,394.2,Put,430,35.3,25.74,33.7645,1,565,12
28-Oct-2025,394.2,Call,460,0.15,28.13,33.7645,3,78,12
25-Nov-2025,394.2,Put,400,14.45,23.71,33.7645,5,15,11
25-Nov-2025,394.2,Call,420,4.8,21.19,33.7645,3,51,10
28-Oct-2025,394.2,Put,340,0.3,32.12,33.7645,-1,200,9
28-Oct-2025,394.2,Call,435,0.35,21.95,33.7645,0,45,6
28-Oct-2025,394.2,Call,350,43.4,0,33.7645,3,44,5
25-Nov-2025,394.2,Call,440,2.15,22.02,33.7645,2,36,5
28-Oct-2025,394.2,Put,435,40.2,27.86,33.7645,2,12,3
28-Oct-2025,394.2,Put,355,0.65,28.2,33.7645,0,90,2
28-Oct-2025,394.2,Put,330,0.15,33.75,33.7645,1,23,2
28-Oct-2025,394.2,Put,440,46,35.23,33.7645,0,951,2
25-Nov-2025,394.2,Call,395,13.75,20.51,33.7645,0,1,2
25-Nov-2025,394.2,Call,405,8.95,20.18,33.7645,1,1,2
30-Dec-2025,394.2,Call,440,3.9,20.15,33.7645,0,1,2
28-Oct-2025,394.2,Put,425,0,0,33.7645,0,43,0
28-Oct-2025,394.2,Put,450,0,0,33.7645,0,379,0
28-Oct-2025,394.2,Put,320,0,0,33.7645,0,33,0
28-Oct-2025,394.2,Put,460,0,0,33.7645,0,136,0
28-Oct-2025,394.2,Call,355,0,0,33.7645,0,30,0
28-Oct-2025,394.2,Call,335,0,0,33.7645,0,18,0
28-Oct-2025,394.2,Call,345,0,0,33.7645,0,23,0
28-Oct-2025,394.2,Call,330,0,0,33.7645,0,35,0
28-Oct-2025,394.2,Call,320,0,0,33.7645,0,4,0
28-Oct-2025,394.2,Call,340,0,0,33.7645,0,6,0
25-Nov-2025,394.2,Call,360,0,0,33.7645,0,0,0
28-Oct-2025,394.2,Call,360,0,0,33.7645,0,66,0
25-Nov-2025,394.2,Call,355,0,0,33.7645,0,0,0
25-Nov-2025,394.2,Put,425,0,0,33.7645,0,0,0
25-Nov-2025,394.2,Put,420,0,0,33.7645,0,6,0
25-Nov-2025,394.2,Put,440,0,0,33.7645,0,0,0
25-Nov-2025,394.2,Put,430,0,0,33.7645,0,0,0
25-Nov-2025,394.2,Put,450,0,0,33.7645,0,0,0
25-Nov-2025,394.2,Call,370,0,0,33.7645,0,0,0
25-Nov-2025,394.2,Call,330,0,0,33.7645,0,0,0
25-Nov-2025,394.2,Put,405,0,0,33.7645,0,0,0
25-Nov-2025,394.2,Put,395,0,0,33.7645,0,0,0
25-Nov-2025,394.2,Call,365,0,0,33.7645,0,0,0
25-Nov-2025,394.2,Call,350,0,0,33.7645,0,0,0
25-Nov-2025,394.2,Call,425,0,0,33.7645,0,0,0
25-Nov-2025,394.2,Call,340,0,0,33.7645,0,0,0
25-Nov-2025,394.2,Call,375,0,0,33.7645,0,0,0
25-Nov-2025,394.2,Call,410,0,0,33.7645,0,0,0
25-Nov-2025,394.2,Put,415,0,0,33.7645,0,0,0
25-Nov-2025,394.2,Call,450,0,0,33.7645,0,0,0
25-Nov-2025,394.2,Put,355,0,0,33.7645,0,0,0
25-Nov-2025,394.2,Put,365,0,0,33.7645,0,0,0
25-Nov-2025,394.2,Put,375,0,0,33.7645,0,0,0
25-Nov-2025,394.2,Put,340,0,0,33.7645,0,18,0
25-Nov-2025,394.2,Call,435,0,0,0,0,0,0
25-Nov-2025,394.2,Put,330,0,0,33.7645,0,0,0
25-Nov-2025,394.2,Put,350,0,0,33.7645,0,0,0
25-Nov-2025,394.2,Put,360,0,0,33.7645,0,0,0
25-Nov-2025,394.2,Put,410,0,0,33.7645,0,0,0
25-Nov-2025,394.2,Put,385,0,0,33.7645,0,0,0
25-Nov-2025,394.2,Put,435,0,0,0,0,0,0
25-Nov-2025,394.2,Call,415,0,0,33.7645,0,0,0
25-Nov-2025,394.2,Call,385,0,0,33.7645,0,0,0
25-Nov-2025,394.2,Call,380,0,0,33.7645,0,0,0
25-Nov-2025,394.2,Call,390,0,0,33.7645,0,0,0
30-Dec-2025,394.2,Call,400,0,0,33.7645,0,0,0
30-Dec-2025,394.2,Put,350,0,0,33.7645,0,0,0
30-Dec-2025,394.2,Put,370,0,0,33.7645,0,0,0
30-Dec-2025,394.2,Call,410,0,0,33.7645,0,0,0
30-Dec-2025,394.2,Put,340,0,0,33.7645,0,0,0
30-Dec-2025,394.2,Put,400,0,0,33.7645,0,0,0
30-Dec-2025,394.2,Put,390,0,0,0,0,0,0
30-Dec-2025,394.2,Call,420,0,0,33.7645,0,0,0
30-Dec-2025,394.2,Call,460,0,0,33.7645,0,0,0
30-Dec-2025,394.2,Put,380,0,0,33.7645,0,0,0
30-Dec-2025,394.2,Put,360,0,0,33.7645,0,0,0
30-Dec-2025,394.2,Call,430,0,0,33.7645,0,0,0
