28-Oct-2025,394.65,Call,400,6.05,18.99,33.7645,339,3634,3251
28-Oct-2025,394.65,-,0,396.1,0,33.7645,343,40324,2399
28-Oct-2025,394.65,Call,390,11.1,18.8,33.7645,43,1958,1835
28-Oct-2025,394.65,Put,390,5.1,21.28,33.7645,24,2056,1474
28-Oct-2025,394.65,Call,395,8.25,19.08,33.7645,242,1157,1468
28-Oct-2025,394.65,Call,410,2.9,19.41,33.7645,1,1177,1112
28-Oct-2025,394.65,Put,380,2.4,22.02,33.7645,-26,966,970
28-Oct-2025,394.65,Call,405,4.15,19.27,33.7645,45,705,790
28-Oct-2025,394.65,Put,385,3.55,21.47,33.7645,74,855,727
28-Oct-2025,394.65,Call,420,1.3,20.37,33.7645,9,1518,526
28-Oct-2025,394.65,Put,395,7.25,21.35,33.7645,28,939,439
28-Oct-2025,394.65,Put,400,9.95,21.48,33.7645,-4,1775,420
28-Oct-2025,394.65,Put,375,1.7,22.8,33.7645,-10,435,387
28-Oct-2025,394.65,Call,450,0.25,26.05,33.7645,-41,938,340
28-Oct-2025,394.65,Call,385,14.45,18.73,33.7645,0,533,259
28-Oct-2025,394.65,Call,415,1.9,19.82,33.7645,52,444,247
25-Nov-2025,394.65,-,0,398.2,0,33.7645,45,806,211
28-Oct-2025,394.65,Put,360,0.7,26.33,33.7645,-13,851,173
28-Oct-2025,394.65,Call,430,0.65,21.84,33.7645,0,421,150
28-Oct-2025,394.65,Put,350,0.45,29.49,33.7645,56,261,149
28-Oct-2025,394.65,Put,370,1.25,23.79,33.7645,-15,440,140
28-Oct-2025,394.65,Call,425,0.85,20.7,33.7645,-1,333,123
25-Nov-2025,394.65,Call,400,12.05,20.78,33.7645,54,146,93
28-Oct-2025,394.65,Call,380,17.8,16.16,33.7645,5,269,73
28-Oct-2025,394.65,Call,375,21.7,0,33.7645,-37,104,69
28-Oct-2025,394.65,Put,365,1,25.51,33.7645,-18,180,54
28-Oct-2025,394.65,Put,405,13,22.01,33.7645,4,253,46
28-Oct-2025,394.65,Call,440,0.35,23.49,33.7645,4,788,34
25-Nov-2025,394.65,Call,430,3.6,22.5,33.7645,-22,26,32
28-Oct-2025,394.65,Put,415,21.3,24.6,33.7645,-3,131,23
28-Oct-2025,394.65,Put,410,17.45,24.22,33.7645,-4,555,23
25-Nov-2025,394.65,Put,380,5.95,23.89,33.7645,16,22,22
28-Oct-2025,394.65,Put,420,25,26.99,33.7645,1,1068,21
28-Oct-2025,394.65,Call,370,27,17.21,33.7645,13,58,21
28-Oct-2025,394.65,Call,365,30.85,0,33.7645,7,37,21
25-Nov-2025,394.65,Put,370,3.85,24.79,33.7645,13,48,20
30-Dec-2025,394.65,-,0,400,0,33.7645,10,25,17
25-Nov-2025,394.65,Put,390,11,26.76,33.7645,11,16,17
28-Oct-2025,394.65,Put,430,35.3,30.96,33.7645,1,565,12
25-Nov-2025,394.65,Put,400,13.85,24.72,33.7645,6,16,12
28-Oct-2025,394.65,Call,460,0.15,27.63,33.7645,3,78,12
25-Nov-2025,394.65,Call,420,4.8,20.52,33.7645,3,51,10
28-Oct-2025,394.65,Put,340,0.3,32.65,33.7645,-1,200,9
28-Oct-2025,394.65,Put,440,43.85,30.82,33.7645,2,953,8
25-Nov-2025,394.65,Call,440,2.3,22.97,33.7645,3,37,8
28-Oct-2025,394.65,Call,435,0.35,21.37,33.7645,0,45,6
28-Oct-2025,394.65,Call,350,43.4,0,33.7645,3,44,5
28-Oct-2025,394.65,Put,435,40.2,33.54,33.7645,2,12,3
28-Oct-2025,394.65,Put,355,0.65,28.81,33.7645,0,90,2
28-Oct-2025,394.65,Put,330,0.15,34.23,33.7645,1,23,2
25-Nov-2025,394.65,Call,395,13.75,19.31,33.7645,0,1,2
25-Nov-2025,394.65,Call,405,8.95,19.27,33.7645,1,1,2
30-Dec-2025,394.65,Call,440,3.9,19.71,33.7645,0,1,2
28-Oct-2025,394.65,Put,460,0,0,33.7645,0,136,0
28-Oct-2025,394.65,Put,425,0,0,33.7645,0,43,0
28-Oct-2025,394.65,Put,450,0,0,33.7645,0,379,0
28-Oct-2025,394.65,Call,330,0,0,33.7645,0,35,0
28-Oct-2025,394.65,Put,320,0,0,33.7645,0,33,0
28-Oct-2025,394.65,Call,355,0,0,33.7645,0,30,0
28-Oct-2025,394.65,Call,340,0,0,33.7645,0,6,0
28-Oct-2025,394.65,Call,320,0,0,33.7645,0,4,0
28-Oct-2025,394.65,Call,360,0,0,33.7645,0,66,0
28-Oct-2025,394.65,Call,335,0,0,33.7645,0,18,0
28-Oct-2025,394.65,Call,345,0,0,33.7645,0,23,0
25-Nov-2025,394.65,Put,395,0,0,33.7645,0,0,0
25-Nov-2025,394.65,Put,425,0,0,33.7645,0,0,0
25-Nov-2025,394.65,Call,410,0,0,33.7645,0,0,0
25-Nov-2025,394.65,Put,415,0,0,33.7645,0,0,0
25-Nov-2025,394.65,Put,405,0,0,33.7645,0,0,0
25-Nov-2025,394.65,Put,440,0,0,33.7645,0,0,0
25-Nov-2025,394.65,Call,375,0,0,33.7645,0,0,0
25-Nov-2025,394.65,Call,350,0,0,33.7645,0,0,0
25-Nov-2025,394.65,Call,365,0,0,33.7645,0,0,0
25-Nov-2025,394.65,Put,420,0,0,33.7645,0,6,0
25-Nov-2025,394.65,Call,340,0,0,33.7645,0,0,0
25-Nov-2025,394.65,Call,435,0,0,0,0,0,0
25-Nov-2025,394.65,Call,370,0,0,33.7645,0,0,0
25-Nov-2025,394.65,Put,430,0,0,33.7645,0,0,0
25-Nov-2025,394.65,Call,355,0,0,33.7645,0,0,0
25-Nov-2025,394.65,Call,425,0,0,33.7645,0,0,0
25-Nov-2025,394.65,Put,450,0,0,33.7645,0,0,0
25-Nov-2025,394.65,Call,360,0,0,33.7645,0,0,0
25-Nov-2025,394.65,Call,330,0,0,33.7645,0,0,0
25-Nov-2025,394.65,Call,450,0,0,33.7645,0,0,0
25-Nov-2025,394.65,Call,385,0,0,33.7645,0,0,0
25-Nov-2025,394.65,Put,385,0,0,33.7645,0,0,0
25-Nov-2025,394.65,Put,375,0,0,33.7645,0,0,0
25-Nov-2025,394.65,Put,360,0,0,33.7645,0,0,0
25-Nov-2025,394.65,Put,340,0,0,33.7645,0,18,0
25-Nov-2025,394.65,Call,415,0,0,33.7645,0,0,0
25-Nov-2025,394.65,Put,330,0,0,33.7645,0,0,0
25-Nov-2025,394.65,Put,410,0,0,33.7645,0,0,0
25-Nov-2025,394.65,Put,350,0,0,33.7645,0,0,0
25-Nov-2025,394.65,Call,390,0,0,33.7645,0,0,0
25-Nov-2025,394.65,Put,355,0,0,33.7645,0,0,0
25-Nov-2025,394.65,Call,380,0,0,33.7645,0,0,0
25-Nov-2025,394.65,Put,435,0,0,0,0,0,0
25-Nov-2025,394.65,Put,365,0,0,33.7645,0,0,0
30-Dec-2025,394.65,Put,370,0,0,33.7645,0,0,0
30-Dec-2025,394.65,Call,420,0,0,33.7645,0,0,0
30-Dec-2025,394.65,Call,400,0,0,33.7645,0,0,0
30-Dec-2025,394.65,Put,380,0,0,33.7645,0,0,0
30-Dec-2025,394.65,Put,360,0,0,33.7645,0,0,0
30-Dec-2025,394.65,Put,340,0,0,33.7645,0,0,0
30-Dec-2025,394.65,Put,390,0,0,0,0,0,0
30-Dec-2025,394.65,Call,410,0,0,33.7645,0,0,0
30-Dec-2025,394.65,Put,400,0,0,33.7645,0,0,0
30-Dec-2025,394.65,Put,350,0,0,33.7645,0,0,0
30-Dec-2025,394.65,Call,430,0,0,33.7645,0,0,0
30-Dec-2025,394.65,Call,460,0,0,33.7645,0,0,0
