28-Oct-2025,2951.3,-,0,2959,0,24.4162,2323,172992,15891
28-Oct-2025,2951.3,Call,3000,49.65,21.65,24.4162,-205,12512,15077
28-Oct-2025,2951.3,Call,2900,100.55,20.73,24.4162,-1314,5479,7906
28-Oct-2025,2951.3,Call,3100,21.05,22.53,24.4162,-333,8871,6726
28-Oct-2025,2951.3,Call,2940,77.7,21.4,24.4162,-194,2132,5785
28-Oct-2025,2951.3,Put,2900,42.5,25.28,24.4162,-38,8164,5159
28-Oct-2025,2951.3,Call,2960,67.55,21.5,24.4162,-140,4051,4640
28-Oct-2025,2951.3,Call,2920,89.15,20.95,24.4162,-411,2414,4303
28-Oct-2025,2951.3,Put,2800,17.25,25.92,24.4162,27,4733,3803
28-Oct-2025,2951.3,Call,3200,8.8,23.8,24.4162,51,7925,2993
28-Oct-2025,2951.3,Call,2980,57.95,21.4,24.4162,68,1078,2195
28-Oct-2025,2951.3,Put,2920,49.75,25.03,24.4162,216,3077,2086
28-Oct-2025,2951.3,Call,3040,35.35,21.91,24.4162,-138,1682,2050
28-Oct-2025,2951.3,Put,2940,58.5,25.33,24.4162,183,2133,2012
28-Oct-2025,2951.3,Call,3020,42.1,21.76,24.4162,-112,1054,1875
28-Oct-2025,2951.3,Call,3300,3.85,25.69,24.4162,377,4886,1758
28-Oct-2025,2951.3,Put,2880,35.55,25.22,24.4162,141,1482,1728
28-Oct-2025,2951.3,Call,3060,29.85,22.08,24.4162,-48,1959,1589
28-Oct-2025,2951.3,Put,2600,2.8,29.95,24.4162,363,3114,1482
28-Oct-2025,2951.3,Put,2860,30.05,25.24,24.4162,47,1256,1435
28-Oct-2025,2951.3,Put,2840,24.8,25.35,24.4162,3,1316,1359
28-Oct-2025,2951.3,Put,3000,90,25.71,24.4162,-115,5248,1336
28-Oct-2025,2951.3,Call,2880,114.45,20.56,24.4162,-478,745,1335
28-Oct-2025,2951.3,Put,2700,6.6,27.52,24.4162,-7,1764,1300
28-Oct-2025,2951.3,Call,3120,17.7,22.68,24.4162,26,953,1195
28-Oct-2025,2951.3,Put,2960,68.3,25.35,24.4162,44,1972,1179
28-Oct-2025,2951.3,Call,3080,25.25,22.39,24.4162,73,1345,1098
25-Nov-2025,2951.3,-,0,2973.2,0,24.4162,-164,8007,851
28-Oct-2025,2951.3,Call,3320,3.15,25.78,24.4162,460,831,816
28-Oct-2025,2951.3,Call,3400,2.2,28.36,24.4162,121,2171,790
28-Oct-2025,2951.3,Call,3160,12.5,23.18,24.4162,-55,1177,685
28-Oct-2025,2951.3,Put,2980,77.3,25.5,24.4162,120,747,665
28-Oct-2025,2951.3,Put,2520,1.35,31.83,24.4162,-67,915,645
28-Oct-2025,2951.3,Call,2800,176.9,19.34,24.4162,-315,866,619
28-Oct-2025,2951.3,Call,3140,15,22.99,24.4162,59,1250,600
28-Oct-2025,2951.3,Put,2820,20.5,25.73,24.4162,-45,657,552
28-Oct-2025,2951.3,Put,2660,4.5,28.03,24.4162,-46,411,550
28-Oct-2025,2951.3,Put,2760,11.6,26.21,24.4162,56,694,547
28-Oct-2025,2951.3,Call,3260,5.15,24.79,24.4162,9,875,493
28-Oct-2025,2951.3,Put,2680,5.4,27.76,24.4162,-66,991,478
28-Oct-2025,2951.3,Put,2740,9.7,26.49,24.4162,-16,462,437
28-Oct-2025,2951.3,Put,2720,7.85,26.89,24.4162,-132,914,426
28-Oct-2025,2951.3,Call,3240,6,24.36,24.4162,58,666,416
28-Oct-2025,2951.3,Put,2780,14.25,26.02,24.4162,-75,625,387
28-Oct-2025,2951.3,Call,3220,7.3,24.01,24.4162,9,586,387
28-Oct-2025,2951.3,Call,3180,10.25,23.49,24.4162,6,866,348
25-Nov-2025,2951.3,Call,3000,82.55,19.73,24.4162,-31,1160,345
25-Nov-2025,2951.3,Call,3200,25.15,20.82,24.4162,48,685,342
28-Oct-2025,2951.3,Call,3280,4.45,25.19,24.4162,-2,372,321
28-Oct-2025,2951.3,Put,3640,677.15,55.04,24.4162,66,551,318
28-Oct-2025,2951.3,Call,2860,129,20.44,24.4162,-87,359,298
28-Oct-2025,2951.3,Put,2640,3.7,28.54,24.4162,-80,700,276
28-Oct-2025,2951.3,Put,3100,159.2,26.98,24.4162,-77,3551,267
28-Oct-2025,2951.3,Put,3020,100.65,25.71,24.4162,25,608,227
30-Dec-2025,2951.3,-,0,2990.1,0,24.4162,5,329,169
28-Oct-2025,2951.3,Call,3360,2.55,27.05,24.4162,-17,232,158
28-Oct-2025,2951.3,Put,2560,1.9,30.76,24.4162,-36,1040,152
28-Oct-2025,2951.3,Call,3520,1.4,32.21,24.4162,18,682,145
28-Oct-2025,2951.3,Call,2600,361.5,0,24.4162,-54,595,144
25-Nov-2025,2951.3,Call,3100,47,20.25,24.4162,9,139,137
28-Oct-2025,2951.3,Put,3600,637,51.62,24.4162,54,1166,133
28-Oct-2025,2951.3,Call,3340,2.85,26.32,24.4162,61,469,130
25-Nov-2025,2951.3,Put,3000,106.5,23.99,24.4162,-12,694,122
28-Oct-2025,2951.3,Put,3120,175.75,28.46,24.4162,-25,281,118
25-Nov-2025,2951.3,Call,2900,133.95,18.48,24.4162,-20,155,106
28-Oct-2025,2951.3,Put,3040,115.15,25.94,24.4162,21,668,103
28-Oct-2025,2951.3,Put,3200,252,33.04,24.4162,-21,2182,101
28-Oct-2025,2951.3,Call,3600,1.05,34.26,24.4162,13,1951,81
25-Nov-2025,2951.3,Call,3080,52,19.92,24.4162,35,76,79
25-Nov-2025,2951.3,Call,3400,8.45,23.33,24.4162,4,254,62
28-Oct-2025,2951.3,Put,3060,127.65,25.62,24.4162,-13,829,59
25-Nov-2025,2951.3,Put,2800,31.9,23.63,24.4162,-12,185,57
28-Oct-2025,2951.3,Call,2700,258,0,24.4162,20,71,48
28-Oct-2025,2951.3,Call,3380,2.3,27.53,24.4162,-16,96,48
28-Oct-2025,2951.3,Put,3400,441,41.91,24.4162,0,1593,41
28-Oct-2025,2951.3,Put,3160,210,28.84,24.4162,-10,420,41
28-Oct-2025,2951.3,Put,3300,341,34.67,24.4162,-6,1525,41
25-Nov-2025,2951.3,Put,2900,62,23.68,24.4162,1,83,41
28-Oct-2025,2951.3,Put,3140,192.7,29.16,24.4162,-2,297,38
28-Oct-2025,2951.3,Put,3080,149.25,28.56,24.4162,1,572,37
28-Oct-2025,2951.3,Put,2400,1,38.31,24.4162,22,223,35
28-Oct-2025,2951.3,Call,3440,2,29.92,24.4162,0,200,35
25-Nov-2025,2951.3,Put,3120,187.6,25.78,24.4162,21,80,35
28-Oct-2025,2951.3,Call,3420,1.9,28.69,24.4162,7,103,30
28-Oct-2025,2951.3,Call,2840,145,19.54,24.4162,-10,126,30
25-Nov-2025,2951.3,Call,3320,12.1,21.92,24.4162,10,58,24
28-Oct-2025,2951.3,Call,3480,1.55,30.66,24.4162,0,258,23
25-Nov-2025,2951.3,Put,2920,69.2,23.56,24.4162,-11,105,23
25-Nov-2025,2951.3,Call,3280,15.3,21.48,24.4162,15,27,22
25-Nov-2025,2951.3,Put,2720,17.8,23.98,24.4162,-2,77,22
28-Oct-2025,2951.3,Call,3640,1,35.72,24.4162,10,17,18
25-Nov-2025,2951.3,Call,3520,5,25.21,24.4162,0,231,16
25-Nov-2025,2951.3,Put,3200,251,27.41,24.4162,-2,141,16
28-Oct-2025,2951.3,Call,3560,1.05,32.55,24.4162,-1,50,15
28-Oct-2025,2951.3,Put,2480,0.9,32.61,24.4162,-3,394,15
25-Nov-2025,2951.3,Put,3100,171,24.98,24.4162,3,8,13
25-Nov-2025,2951.3,Call,3020,75.5,20.06,24.4162,-3,8,12
25-Nov-2025,2951.3,Call,2940,112,19.17,24.4162,6,12,12
25-Nov-2025,2951.3,Call,2920,121.75,18.63,24.4162,1,22,11
25-Nov-2025,2951.3,Call,3120,41.6,20.35,24.4162,3,10,11
25-Nov-2025,2951.3,Put,2880,54.95,23.33,24.4162,-4,67,11
28-Oct-2025,2951.3,Call,2740,216.55,0,24.4162,7,8,10
25-Nov-2025,2951.3,Put,2700,15.85,24.37,24.4162,7,17,10
25-Nov-2025,2951.3,Put,2860,47.95,23.57,24.4162,3,30,9
28-Oct-2025,2951.3,Call,2820,158.8,18.97,24.4162,-1,62,7
25-Nov-2025,2951.3,Call,3040,66.4,19.88,24.4162,0,16,7
25-Nov-2025,2951.3,Put,2940,77.65,23.61,24.4162,4,11,7
25-Nov-2025,2951.3,Call,3240,19.4,21,24.4162,4,12,6
25-Nov-2025,2951.3,Call,2880,147.35,18.45,24.4162,-1,19,6
25-Nov-2025,2951.3,Put,2740,21,23.99,24.4162,4,55,6
25-Nov-2025,2951.3,Put,2760,23.8,23.71,24.4162,1,48,5
25-Nov-2025,2951.3,Call,2960,100.95,19.21,24.4162,3,6,5
25-Nov-2025,2951.3,Call,3060,60,20.17,24.4162,2,3,3
28-Oct-2025,2951.3,Put,3520,568,55.35,24.4162,0,202,2
28-Oct-2025,2951.3,Put,3180,244,36.85,24.4162,0,231,2
25-Nov-2025,2951.3,Call,2860,158.3,17.48,24.4162,0,4,2
28-Oct-2025,2951.3,Put,2440,1.25,36.79,24.4162,0,2,1
25-Nov-2025,2951.3,Call,3680,2.5,27.3,24.4162,0,22,1
25-Nov-2025,2951.3,Call,2840,165,14.52,24.4162,0,7,1
28-Oct-2025,2951.3,Call,2440,0,0,24.4162,0,0,0
28-Oct-2025,2951.3,Call,2780,0,0,24.4162,0,3,0
28-Oct-2025,2951.3,Call,2760,0,0,24.4162,0,84,0
28-Oct-2025,2951.3,Put,3440,0,0,24.4162,0,36,0
28-Oct-2025,2951.3,Call,2640,0,0,24.4162,0,1,0
28-Oct-2025,2951.3,Call,2680,0,0,24.4162,0,0,0
28-Oct-2025,2951.3,Put,3480,0,0,24.4162,0,90,0
28-Oct-2025,2951.3,Call,2520,0,0,24.4162,0,0,0
28-Oct-2025,2951.3,Put,3420,0,0,24.4162,0,14,0
28-Oct-2025,2951.3,Put,3260,0,0,24.4162,0,61,0
28-Oct-2025,2951.3,Call,2560,0,0,24.4162,0,0,0
28-Oct-2025,2951.3,Call,2720,0,0,24.4162,0,19,0
28-Oct-2025,2951.3,Call,2660,0,0,24.4162,0,0,0
25-Nov-2025,2951.3,Put,2980,0,0,24.4162,0,0,0
25-Nov-2025,2951.3,Call,2800,0,0,24.4162,0,0,0
25-Nov-2025,2951.3,Put,2960,0,0,24.4162,0,0,0
25-Nov-2025,2951.3,Put,2660,0,0,24.4162,0,0,0
25-Nov-2025,2951.3,Call,2640,0,0,24.4162,0,0,0
28-Oct-2025,2951.3,Put,3320,0,0,24.4162,0,30,0
25-Nov-2025,2951.3,Call,2760,0,0,24.4162,0,0,0
25-Nov-2025,2951.3,Call,2740,0,0,24.4162,0,0,0
25-Nov-2025,2951.3,Put,3060,0,0,24.4162,0,0,0
25-Nov-2025,2951.3,Call,2820,0,0,24.4162,0,0,0
28-Oct-2025,2951.3,Put,3360,0,0,24.4162,0,16,0
25-Nov-2025,2951.3,Call,2980,0,0,24.4162,0,2,0
25-Nov-2025,2951.3,Call,2780,0,0,24.4162,0,0,0
25-Nov-2025,2951.3,Call,2660,0,0,24.4162,0,0,0
25-Nov-2025,2951.3,Put,2640,0,0,24.4162,0,0,0
25-Nov-2025,2951.3,Put,3280,0,0,24.4162,0,0,0
25-Nov-2025,2951.3,Put,3400,0,0,24.4162,0,0,0
25-Nov-2025,2951.3,Put,2680,0,0,24.4162,0,0,0
25-Nov-2025,2951.3,Put,2560,0,0,24.4162,0,0,0
25-Nov-2025,2951.3,Call,3440,0,0,24.4162,0,13,0
25-Nov-2025,2951.3,Call,2440,0,0,24.4162,0,0,0
30-Dec-2025,2951.3,Call,3160,0,0,0,0,0,0
25-Nov-2025,2951.3,Put,2520,0,0,24.4162,0,0,0
25-Nov-2025,2951.3,Put,3240,0,0,24.4162,0,0,0
30-Dec-2025,2951.3,Put,3000,0,0,24.4162,0,0,0
30-Dec-2025,2951.3,Call,3120,0,0,24.4162,0,0,0
30-Dec-2025,2951.3,Put,2840,0,0,0,0,0,0
25-Nov-2025,2951.3,Put,2820,0,0,24.4162,0,2,0
25-Nov-2025,2951.3,Put,3680,0,0,24.4162,0,2,0
25-Nov-2025,2951.3,Call,2720,0,0,24.4162,0,0,0
28-Oct-2025,2951.3,Put,3240,0,0,24.4162,0,225,0
25-Nov-2025,2951.3,Call,3140,0,0,24.4162,0,0,0
25-Nov-2025,2951.3,Put,3080,0,0,24.4162,0,1,0
25-Nov-2025,2951.3,Put,3160,0,0,24.4162,0,0,0
25-Nov-2025,2951.3,Put,2480,0,0,24.4162,0,0,0
25-Nov-2025,2951.3,Put,2780,0,0,24.4162,0,1,0
28-Oct-2025,2951.3,Put,3280,0,0,24.4162,0,41,0
25-Nov-2025,2951.3,Call,2520,0,0,24.4162,0,0,0
25-Nov-2025,2951.3,Put,3360,0,0,24.4162,0,0,0
25-Nov-2025,2951.3,Call,3360,0,0,24.4162,0,0,0
25-Nov-2025,2951.3,Call,2680,0,0,24.4162,0,0,0
25-Nov-2025,2951.3,Call,2700,0,0,24.4162,0,0,0
28-Oct-2025,2951.3,Put,3220,0,0,24.4162,0,108,0
25-Nov-2025,2951.3,Put,3020,0,0,24.4162,0,0,0
25-Nov-2025,2951.3,Put,2600,0,0,24.4162,0,0,0
28-Oct-2025,2951.3,Put,3340,0,0,24.4162,0,40,0
25-Nov-2025,2951.3,Call,2480,0,0,24.4162,0,0,0
25-Nov-2025,2951.3,Call,2560,0,0,24.4162,0,0,0
25-Nov-2025,2951.3,Call,3160,0,0,24.4162,0,0,0
25-Nov-2025,2951.3,Put,3140,0,0,24.4162,0,0,0
28-Oct-2025,2951.3,Call,2480,0,0,24.4162,0,0,0
30-Dec-2025,2951.3,Call,3000,0,0,24.4162,0,0,0
25-Nov-2025,2951.3,Put,3320,0,0,24.4162,0,0,0
25-Nov-2025,2951.3,Put,2440,0,0,24.4162,0,0,0
30-Dec-2025,2951.3,Put,3200,0,0,24.4162,0,0,0
28-Oct-2025,2951.3,Put,3560,0,0,24.4162,0,153,0
30-Dec-2025,2951.3,Put,2640,0,0,24.4162,0,0,0
30-Dec-2025,2951.3,Put,2800,0,0,24.4162,0,0,0
30-Dec-2025,2951.3,Put,2920,0,0,24.4162,0,0,0
30-Dec-2025,2951.3,Call,3200,0,0,24.4162,0,0,0
25-Nov-2025,2951.3,Call,2600,0,0,24.4162,0,0,0
25-Nov-2025,2951.3,Put,2840,0,0,24.4162,0,9,0
25-Nov-2025,2951.3,Call,3600,0,0,24.4162,0,2,0
25-Nov-2025,2951.3,Put,3040,0,0,24.4162,0,4,0
30-Dec-2025,2951.3,Put,2560,0,0,24.4162,0,0,0
