28-Oct-2025,2936,-,0,2942.1,0,24.4162,761,171430,7433
28-Oct-2025,2936,Call,3000,43.45,22.24,24.4162,-416,12301,5066
28-Oct-2025,2936,Call,2900,91,21.95,24.4162,-361,6432,3681
28-Oct-2025,2936,Put,2900,49.7,25.67,24.4162,115,8317,2137
28-Oct-2025,2936,Call,2920,79.3,21.89,24.4162,-35,2790,2115
28-Oct-2025,2936,Call,3100,18.7,23.37,24.4162,-143,9061,1892
28-Oct-2025,2936,Put,2800,20.9,26.13,24.4162,-227,4479,1711
28-Oct-2025,2936,Call,2940,68.8,22.01,24.4162,33,2359,1658
28-Oct-2025,2936,Call,2960,59.6,22.08,24.4162,-89,4102,1245
28-Oct-2025,2936,Call,3200,7.9,24.83,24.4162,24,7898,969
28-Oct-2025,2936,Call,2880,103.25,21.76,24.4162,-385,838,769
28-Oct-2025,2936,Put,2920,58.1,25.67,24.4162,148,3009,721
28-Oct-2025,2936,Call,3020,37.1,22.44,24.4162,-41,1125,615
28-Oct-2025,2936,Call,3060,26.75,22.8,24.4162,47,2054,597
28-Oct-2025,2936,Call,3040,31.65,22.67,24.4162,21,1841,529
28-Oct-2025,2936,Call,2980,51.45,22.08,24.4162,21,1031,508
28-Oct-2025,2936,Put,2940,68,25.73,24.4162,-47,1903,501
28-Oct-2025,2936,Put,2700,8.05,27.44,24.4162,27,1798,462
28-Oct-2025,2936,Put,2600,3.45,30.01,24.4162,87,2838,457
28-Oct-2025,2936,Call,3300,3.75,26.86,24.4162,-37,4472,444
28-Oct-2025,2936,Put,2880,42.2,25.52,24.4162,-3,1338,435
28-Oct-2025,2936,Put,2840,30,25.75,24.4162,-11,1302,433
28-Oct-2025,2936,Put,2860,34.95,25.64,24.4162,-7,1202,416
28-Oct-2025,2936,Put,3000,101.95,26.1,24.4162,-66,5297,403
28-Oct-2025,2936,Call,3160,11.05,24.16,24.4162,-95,1137,345
25-Nov-2025,2936,-,0,2957.4,0,24.4162,-29,8142,326
28-Oct-2025,2936,Call,3080,22.05,23.03,24.4162,87,1359,316
28-Oct-2025,2936,Put,2820,24.75,25.78,24.4162,-28,674,279
28-Oct-2025,2936,Call,2800,162.85,21.05,24.4162,-147,1034,261
28-Oct-2025,2936,Call,3400,2.2,29.52,24.4162,54,2104,241
28-Oct-2025,2936,Put,2960,76.45,25.78,24.4162,-31,1897,240
28-Oct-2025,2936,Call,3120,15.5,23.45,24.4162,10,937,223
28-Oct-2025,2936,Call,2860,118.75,21.8,24.4162,-60,386,174
28-Oct-2025,2936,Call,3140,13.15,23.88,24.4162,12,1203,164
28-Oct-2025,2936,Put,2660,5.45,28.19,24.4162,41,498,157
28-Oct-2025,2936,Call,3220,6.85,25.12,24.4162,-11,566,142
28-Oct-2025,2936,Put,2760,14.3,26.52,24.4162,5,643,139
28-Oct-2025,2936,Put,2780,17.25,26.19,24.4162,-35,665,137
25-Nov-2025,2936,Call,3000,77,20.18,24.4162,-26,1165,133
28-Oct-2025,2936,Put,2980,89,25.59,24.4162,35,662,123
28-Oct-2025,2936,Put,2680,6.7,27.85,24.4162,6,1063,116
28-Oct-2025,2936,Put,2740,11.55,26.84,24.4162,31,509,115
28-Oct-2025,2936,Call,3240,5.75,25.39,24.4162,1,609,113
28-Oct-2025,2936,Put,2720,9.65,27.07,24.4162,-42,1004,111
25-Nov-2025,2936,Call,3200,22.6,21.48,24.4162,0,637,105
28-Oct-2025,2936,Call,2600,330.5,0,24.4162,-42,607,99
30-Dec-2025,2936,-,0,2975,0,24.4162,-9,315,97
28-Oct-2025,2936,Call,3180,9.4,24.38,24.4162,1,861,86
28-Oct-2025,2936,Call,3260,4.95,25.7,24.4162,19,885,82
28-Oct-2025,2936,Put,3100,174.5,27.39,24.4162,-17,3611,67
28-Oct-2025,2936,Put,2640,4.5,28.72,24.4162,-5,775,65
28-Oct-2025,2936,Put,3020,113.15,26.1,24.4162,-19,564,54
28-Oct-2025,2936,Put,3060,143,26.66,24.4162,-10,832,45
25-Nov-2025,2936,Put,3000,117,24.35,24.4162,-11,695,41
28-Oct-2025,2936,Put,2520,1.8,32.1,24.4162,-11,971,39
28-Oct-2025,2936,Put,2560,2.3,30.71,24.4162,0,1076,35
28-Oct-2025,2936,Call,3280,4.3,26.2,24.4162,-10,364,32
25-Nov-2025,2936,Call,3100,43.5,21.03,24.4162,3,133,32
28-Oct-2025,2936,Call,3360,2.6,28.14,24.4162,-1,248,30
25-Nov-2025,2936,Call,2900,126,19.43,24.4162,-5,170,30
28-Oct-2025,2936,Call,3520,1.3,32.68,24.4162,0,664,26
25-Nov-2025,2936,Call,3400,8.15,23.98,24.4162,7,257,25
28-Oct-2025,2936,Put,3200,263,30.63,24.4162,-5,2198,20
28-Oct-2025,2936,Put,2400,1.3,38.76,24.4162,0,201,19
25-Nov-2025,2936,Put,2900,69,24.86,24.4162,-2,80,17
25-Nov-2025,2936,Put,2800,35.85,23.67,24.4162,-7,190,16
25-Nov-2025,2936,Call,3280,14.5,22.12,24.4162,8,20,16
28-Oct-2025,2936,Call,3480,1.7,32.09,24.4162,0,258,15
28-Oct-2025,2936,Call,3380,2.35,28.6,24.4162,-7,105,15
28-Oct-2025,2936,Put,3120,192.7,28.24,24.4162,2,308,14
28-Oct-2025,2936,Call,3640,1,36.64,24.4162,-1,6,14
28-Oct-2025,2936,Call,3320,3.55,27.51,24.4162,0,371,13
28-Oct-2025,2936,Call,3340,2.85,27.85,24.4162,-6,402,13
28-Oct-2025,2936,Call,3600,1.15,35.61,24.4162,0,1938,13
28-Oct-2025,2936,Call,2840,132,17.59,24.4162,-2,134,13
28-Oct-2025,2936,Put,3300,359.3,37.22,24.4162,-2,1529,13
28-Oct-2025,2936,Put,3400,460.95,45.21,24.4162,5,1598,11
25-Nov-2025,2936,Call,3520,4.9,25.87,24.4162,-1,230,10
28-Oct-2025,2936,Put,3040,144.5,32.68,24.4162,-4,643,9
28-Oct-2025,2936,Call,2740,206.2,0,24.4162,6,7,9
25-Nov-2025,2936,Call,3320,11.6,22.67,24.4162,1,49,9
28-Oct-2025,2936,Put,3160,235,33.85,24.4162,0,430,6
25-Nov-2025,2936,Put,2720,20.8,25.05,24.4162,0,79,6
25-Nov-2025,2936,Call,2920,106.55,17.63,24.4162,-1,20,6
25-Nov-2025,2936,Put,3100,184,25.43,24.4162,0,5,5
25-Nov-2025,2936,Put,3120,198.95,25.74,24.4162,0,59,4
25-Nov-2025,2936,Call,3080,45.5,19.81,24.4162,-1,40,4
28-Oct-2025,2936,Put,3140,230,38.47,24.4162,0,299,3
25-Nov-2025,2936,Call,3020,63.2,19.03,24.4162,-2,9,3
28-Oct-2025,2936,Call,2700,251.1,0,24.4162,0,51,2
28-Oct-2025,2936,Put,3600,668,64.04,24.4162,-1,1111,2
28-Oct-2025,2936,Put,2480,1.25,33.17,24.4162,0,397,2
25-Nov-2025,2936,Put,2880,63,24.3,24.4162,-1,70,2
25-Nov-2025,2936,Call,2880,137.3,16.32,24.4162,0,20,2
25-Nov-2025,2936,Put,2700,18.55,24.6,24.4162,0,10,2
25-Nov-2025,2936,Put,3200,287.95,34.01,24.4162,0,143,2
25-Nov-2025,2936,Call,2960,86.9,18.21,24.4162,1,4,2
28-Oct-2025,2936,Call,3560,0.8,0,24.4162,0,51,1
28-Oct-2025,2936,Call,3420,1.65,29.08,24.4162,0,96,1
28-Oct-2025,2936,Put,3180,260,38.06,24.4162,0,231,1
28-Oct-2025,2936,Put,3640,698.05,58.84,24.4162,0,485,1
25-Nov-2025,2936,Put,2920,85,25.74,24.4162,0,116,1
25-Nov-2025,2936,Call,3680,2.5,27.97,24.4162,0,22,1
25-Nov-2025,2936,Call,3040,55.5,19.01,24.4162,0,16,1
28-Oct-2025,2936,Call,2440,0,0,24.4162,0,0,0
28-Oct-2025,2936,Put,2440,0,0,24.4162,0,2,0
28-Oct-2025,2936,Put,3240,0,0,24.4162,0,225,0
28-Oct-2025,2936,Put,3440,0,0,24.4162,0,36,0
28-Oct-2025,2936,Call,2780,0,0,24.4162,0,3,0
28-Oct-2025,2936,Call,2680,0,0,24.4162,0,0,0
28-Oct-2025,2936,Call,2760,0,0,24.4162,0,84,0
28-Oct-2025,2936,Call,2640,0,0,24.4162,0,1,0
28-Oct-2025,2936,Put,3520,0,0,24.4162,0,202,0
28-Oct-2025,2936,Put,3480,0,0,24.4162,0,90,0
28-Oct-2025,2936,Put,3320,0,0,24.4162,0,30,0
28-Oct-2025,2936,Put,3360,0,0,24.4162,0,16,0
28-Oct-2025,2936,Put,3220,0,0,24.4162,0,108,0
28-Oct-2025,2936,Put,3080,0,0,24.4162,0,571,0
28-Oct-2025,2936,Call,2520,0,0,24.4162,0,0,0
28-Oct-2025,2936,Put,3420,0,0,24.4162,0,14,0
28-Oct-2025,2936,Put,3280,0,0,24.4162,0,41,0
28-Oct-2025,2936,Put,3340,0,0,24.4162,0,40,0
28-Oct-2025,2936,Put,3260,0,0,24.4162,0,61,0
28-Oct-2025,2936,Call,2480,0,0,24.4162,0,0,0
28-Oct-2025,2936,Call,2820,0,0,24.4162,0,63,0
28-Oct-2025,2936,Call,2560,0,0,24.4162,0,0,0
28-Oct-2025,2936,Call,2720,0,0,24.4162,0,19,0
28-Oct-2025,2936,Put,3560,0,0,24.4162,0,153,0
28-Oct-2025,2936,Call,3440,0,0,24.4162,0,200,0
28-Oct-2025,2936,Call,2660,0,0,24.4162,0,0,0
25-Nov-2025,2936,Call,3240,0,0,24.4162,0,8,0
25-Nov-2025,2936,Put,2940,0,0,24.4162,0,7,0
25-Nov-2025,2936,Put,2980,0,0,24.4162,0,0,0
25-Nov-2025,2936,Call,3440,0,0,24.4162,0,13,0
25-Nov-2025,2936,Call,2800,0,0,24.4162,0,0,0
25-Nov-2025,2936,Put,2560,0,0,24.4162,0,0,0
25-Nov-2025,2936,Put,2640,0,0,24.4162,0,0,0
25-Nov-2025,2936,Put,2960,0,0,24.4162,0,0,0
25-Nov-2025,2936,Put,2480,0,0,24.4162,0,0,0
25-Nov-2025,2936,Put,2660,0,0,24.4162,0,0,0
25-Nov-2025,2936,Put,3240,0,0,24.4162,0,0,0
25-Nov-2025,2936,Put,2520,0,0,24.4162,0,0,0
25-Nov-2025,2936,Put,3040,0,0,24.4162,0,4,0
25-Nov-2025,2936,Put,2600,0,0,24.4162,0,0,0
25-Nov-2025,2936,Call,2660,0,0,24.4162,0,0,0
25-Nov-2025,2936,Call,2740,0,0,24.4162,0,0,0
25-Nov-2025,2936,Put,2740,0,0,24.4162,0,51,0
25-Nov-2025,2936,Call,2780,0,0,24.4162,0,0,0
25-Nov-2025,2936,Put,2780,0,0,24.4162,0,1,0
25-Nov-2025,2936,Call,2820,0,0,24.4162,0,0,0
25-Nov-2025,2936,Call,2860,0,0,24.4162,0,4,0
25-Nov-2025,2936,Call,2940,0,0,24.4162,0,6,0
25-Nov-2025,2936,Call,2980,0,0,24.4162,0,2,0
25-Nov-2025,2936,Call,3060,0,0,24.4162,0,1,0
25-Nov-2025,2936,Put,3060,0,0,24.4162,0,0,0
25-Nov-2025,2936,Put,3160,0,0,24.4162,0,0,0
25-Nov-2025,2936,Put,2820,0,0,24.4162,0,2,0
25-Nov-2025,2936,Call,3360,0,0,24.4162,0,0,0
25-Nov-2025,2936,Put,2680,0,0,24.4162,0,0,0
25-Nov-2025,2936,Call,2680,0,0,24.4162,0,0,0
25-Nov-2025,2936,Call,3120,0,0,24.4162,0,7,0
25-Nov-2025,2936,Call,2840,0,0,24.4162,0,7,0
25-Nov-2025,2936,Call,2760,0,0,24.4162,0,0,0
25-Nov-2025,2936,Call,2700,0,0,24.4162,0,0,0
25-Nov-2025,2936,Call,2560,0,0,24.4162,0,0,0
25-Nov-2025,2936,Call,2720,0,0,24.4162,0,0,0
25-Nov-2025,2936,Put,3080,0,0,24.4162,0,1,0
25-Nov-2025,2936,Put,3280,0,0,24.4162,0,0,0
25-Nov-2025,2936,Put,2760,0,0,24.4162,0,47,0
25-Nov-2025,2936,Put,3400,0,0,24.4162,0,0,0
30-Dec-2025,2936,Put,2640,0,0,24.4162,0,0,0
25-Nov-2025,2936,Call,2480,0,0,24.4162,0,0,0
25-Nov-2025,2936,Put,3680,0,0,24.4162,0,2,0
30-Dec-2025,2936,Call,3120,0,0,24.4162,0,0,0
25-Nov-2025,2936,Call,2600,0,0,24.4162,0,0,0
30-Dec-2025,2936,Put,2800,0,0,24.4162,0,0,0
25-Nov-2025,2936,Call,3140,0,0,24.4162,0,0,0
25-Nov-2025,2936,Call,3600,0,0,24.4162,0,2,0
30-Dec-2025,2936,Call,3000,0,0,24.4162,0,0,0
25-Nov-2025,2936,Put,3320,0,0,24.4162,0,0,0
25-Nov-2025,2936,Put,2860,0,0,24.4162,0,27,0
25-Nov-2025,2936,Put,3140,0,0,24.4162,0,0,0
25-Nov-2025,2936,Call,2440,0,0,24.4162,0,0,0
25-Nov-2025,2936,Put,2840,0,0,24.4162,0,9,0
30-Dec-2025,2936,Call,3200,0,0,24.4162,0,0,0
25-Nov-2025,2936,Put,3360,0,0,24.4162,0,0,0
30-Dec-2025,2936,Put,3000,0,0,24.4162,0,0,0
30-Dec-2025,2936,Put,2560,0,0,24.4162,0,0,0
25-Nov-2025,2936,Put,3020,0,0,24.4162,0,0,0
25-Nov-2025,2936,Call,2640,0,0,24.4162,0,0,0
30-Dec-2025,2936,Put,2840,0,0,0,0,0,0
25-Nov-2025,2936,Call,3160,0,0,24.4162,0,0,0
30-Dec-2025,2936,Put,3200,0,0,24.4162,0,0,0
25-Nov-2025,2936,Call,2520,0,0,24.4162,0,0,0
