28-Oct-2025,1400.7,-,0,1400,0,30.2829,328,24434,990
28-Oct-2025,1400.7,Call,1420,31.95,26.73,30.2829,41,996,515
28-Oct-2025,1400.7,Call,1400,40.25,26.23,30.2829,11,663,311
28-Oct-2025,1400.7,Call,1520,6.8,27.67,30.2829,-38,311,225
28-Oct-2025,1400.7,Put,1400,40.05,0,30.2829,29,1028,162
28-Oct-2025,1400.7,Call,1440,23.45,26.62,30.2829,29,429,161
28-Oct-2025,1400.7,Call,1500,9.3,27.45,30.2829,14,1189,137
28-Oct-2025,1400.7,Put,1360,23.55,32.44,30.2829,21,353,133
28-Oct-2025,1400.7,Call,1600,2,0,30.2829,22,641,49
28-Oct-2025,1400.7,Put,1420,50.15,32.67,30.2829,13,563,43
28-Oct-2025,1400.7,Call,1460,18.05,26.88,30.2829,6,448,41
28-Oct-2025,1400.7,Call,1540,4.9,28.24,30.2829,18,383,41
25-Nov-2025,1400.7,-,0,1400.9,0,30.2829,9,2259,37
28-Oct-2025,1400.7,Put,1380,30.6,32.33,30.2829,10,204,32
28-Oct-2025,1400.7,Put,1300,8.65,32.44,30.2829,-3,608,29
28-Oct-2025,1400.7,Call,1480,12.65,27.1,30.2829,5,291,23
28-Oct-2025,1400.7,Put,1200,1.15,34.26,30.2829,0,634,19
28-Oct-2025,1400.7,Call,1560,3.6,28.85,30.2829,3,392,17
28-Oct-2025,1400.7,Call,1380,50.7,0,30.2829,9,98,16
28-Oct-2025,1400.7,Put,1240,2.7,33.38,30.2829,-1,310,12
28-Oct-2025,1400.7,Put,1460,75.9,33.59,30.2829,-2,361,7
28-Oct-2025,1400.7,Put,1440,62.15,32.94,30.2829,2,256,7
28-Oct-2025,1400.7,Put,1320,12.45,32.55,30.2829,0,120,7
28-Oct-2025,1400.7,Call,1360,63.55,24.42,30.2829,2,66,6
28-Oct-2025,1400.7,Put,1260,4.2,33.32,30.2829,-2,100,6
28-Oct-2025,1400.7,Put,1340,17,32.25,30.2829,1,364,6
28-Oct-2025,1400.7,Put,1280,5.75,32.38,30.2829,3,44,6
28-Oct-2025,1400.7,Put,1500,107.9,36.16,30.2829,-1,601,5
28-Oct-2025,1400.7,Call,1300,110,17.64,30.2829,0,5,3
25-Nov-2025,1400.7,Call,1500,20.45,23.57,30.2829,1,5,3
28-Oct-2025,1400.7,Call,1640,1.25,32.07,30.2829,0,205,2
30-Dec-2025,1400.7,-,0,1414,0,30.2829,0,16,1
28-Oct-2025,1400.7,Call,1340,76.95,22.63,30.2829,0,15,1
28-Oct-2025,1400.7,Call,1320,92.5,20.55,30.2829,0,32,1
25-Nov-2025,1400.7,Put,1320,22.55,0,30.2829,0,26,1
25-Nov-2025,1400.7,Call,1400,53.4,20.61,30.2829,0,18,1
28-Oct-2025,1400.7,Put,1540,0,0,30.2829,0,86,0
28-Oct-2025,1400.7,Put,1580,0,0,30.2829,0,5,0
28-Oct-2025,1400.7,Put,1620,0,0,30.2829,0,10,0
28-Oct-2025,1400.7,Call,1620,0,0,30.2829,0,81,0
28-Oct-2025,1400.7,Call,1240,0,0,30.2829,0,0,0
28-Oct-2025,1400.7,Put,1600,0,0,30.2829,0,279,0
28-Oct-2025,1400.7,Put,1640,0,0,30.2829,0,3,0
28-Oct-2025,1400.7,Put,1680,0,0,30.2829,0,42,0
28-Oct-2025,1400.7,Call,1720,0,0,30.2829,0,19,0
28-Oct-2025,1400.7,Put,1720,0,0,30.2829,0,8,0
28-Oct-2025,1400.7,Put,1760,0,0,30.2829,0,37,0
28-Oct-2025,1400.7,Call,1280,0,0,30.2829,0,0,0
28-Oct-2025,1400.7,Call,1760,0,0,30.2829,0,56,0
28-Oct-2025,1400.7,Call,1660,0,0,30.2829,0,80,0
28-Oct-2025,1400.7,Put,1660,0,0,30.2829,0,8,0
28-Oct-2025,1400.7,Put,1520,0,0,30.2829,0,85,0
28-Oct-2025,1400.7,Call,1160,0,0,30.2829,0,0,0
28-Oct-2025,1400.7,Put,1160,0,0,30.2829,0,29,0
28-Oct-2025,1400.7,Call,1260,0,0,30.2829,0,0,0
28-Oct-2025,1400.7,Call,1580,0,0,30.2829,0,111,0
28-Oct-2025,1400.7,Put,1480,0,0,30.2829,0,193,0
28-Oct-2025,1400.7,Put,1560,0,0,30.2829,0,108,0
28-Oct-2025,1400.7,Call,1680,0,0,30.2829,0,169,0
28-Oct-2025,1400.7,Call,1700,0,0,30.2829,0,96,0
28-Oct-2025,1400.7,Put,1700,0,0,30.2829,0,19,0
25-Nov-2025,1400.7,Call,1480,0,0,30.2829,0,0,0
25-Nov-2025,1400.7,Call,1380,0,0,30.2829,0,0,0
25-Nov-2025,1400.7,Call,1520,0,0,30.2829,0,0,0
25-Nov-2025,1400.7,Call,1560,0,0,30.2829,0,0,0
25-Nov-2025,1400.7,Put,1600,0,0,30.2829,0,0,0
25-Nov-2025,1400.7,Put,1540,0,0,30.2829,0,0,0
25-Nov-2025,1400.7,Call,1160,0,0,30.2829,0,0,0
25-Nov-2025,1400.7,Put,1160,0,0,30.2829,0,0,0
25-Nov-2025,1400.7,Call,1240,0,0,30.2829,0,0,0
25-Nov-2025,1400.7,Put,1420,0,0,30.2829,0,0,0
28-Oct-2025,1400.7,Call,1200,0,0,30.2829,0,2,0
25-Nov-2025,1400.7,Call,1360,0,0,30.2829,0,0,0
25-Nov-2025,1400.7,Call,1260,0,0,30.2829,0,0,0
25-Nov-2025,1400.7,Call,1320,0,0,30.2829,0,0,0
25-Nov-2025,1400.7,Put,1500,0,0,30.2829,0,7,0
25-Nov-2025,1400.7,Put,1520,0,0,30.2829,0,0,0
25-Nov-2025,1400.7,Put,1560,0,0,30.2829,0,0,0
25-Nov-2025,1400.7,Put,1240,0,0,30.2829,0,0,0
25-Nov-2025,1400.7,Call,1200,0,0,30.2829,0,0,0
25-Nov-2025,1400.7,Call,1280,0,0,30.2829,0,0,0
25-Nov-2025,1400.7,Call,1440,0,0,30.2829,0,0,0
25-Nov-2025,1400.7,Call,1340,0,0,30.2829,0,0,0
25-Nov-2025,1400.7,Put,1380,0,0,30.2829,0,0,0
25-Nov-2025,1400.7,Put,1260,0,0,30.2829,0,0,0
25-Nov-2025,1400.7,Call,1300,0,0,30.2829,0,0,0
25-Nov-2025,1400.7,Put,1440,0,0,30.2829,0,11,0
25-Nov-2025,1400.7,Put,1460,0,0,30.2829,0,0,0
25-Nov-2025,1400.7,Put,1340,0,0,30.2829,0,0,0
25-Nov-2025,1400.7,Call,1540,0,0,30.2829,0,0,0
25-Nov-2025,1400.7,Call,1460,0,0,30.2829,0,0,0
30-Dec-2025,1400.7,Put,1200,0,0,0,0,0,0
25-Nov-2025,1400.7,Put,1360,0,0,30.2829,0,11,0
25-Nov-2025,1400.7,Put,1400,0,0,30.2829,0,48,0
25-Nov-2025,1400.7,Put,1580,0,0,30.2829,0,0,0
25-Nov-2025,1400.7,Put,1480,0,0,30.2829,0,27,0
25-Nov-2025,1400.7,Put,1200,0,0,30.2829,0,0,0
25-Nov-2025,1400.7,Put,1640,0,0,30.2829,0,0,0
25-Nov-2025,1400.7,Call,1420,0,0,30.2829,0,0,0
25-Nov-2025,1400.7,Put,1760,0,0,30.2829,0,1,0
25-Nov-2025,1400.7,Call,1640,0,0,30.2829,0,0,0
25-Nov-2025,1400.7,Put,1300,0,0,30.2829,0,0,0
25-Nov-2025,1400.7,Call,1600,0,0,30.2829,0,0,0
25-Nov-2025,1400.7,Put,1280,0,0,30.2829,0,0,0
25-Nov-2025,1400.7,Call,1580,0,0,30.2829,0,0,0
