28-Oct-2025,469,-,0,471.05,0,38.928,-55,81958,7377
28-Oct-2025,469,Call,480,10.5,30.6,38.928,373,3736,3868
28-Oct-2025,469,Call,500,5.05,31.73,38.928,-634,5406,3821
28-Oct-2025,469,Call,470,14.7,30.11,38.928,-113,2195,3263
28-Oct-2025,469,Put,470,13.6,32.02,38.928,89,1641,1942
28-Oct-2025,469,Call,490,7.2,31.13,38.928,14,1299,1915
28-Oct-2025,469,Put,460,9.05,31.64,38.928,-78,1822,1801
28-Oct-2025,469,Call,475,12.5,30.66,38.928,223,553,1636
28-Oct-2025,469,Call,510,3.4,32.21,38.928,131,813,1287
28-Oct-2025,469,Call,460,20.45,29.97,38.928,-130,1836,1029
28-Oct-2025,469,Put,450,5.8,32.25,38.928,-35,2121,1012
28-Oct-2025,469,Put,465,11.2,31.58,38.928,350,690,982
28-Oct-2025,469,Put,480,19.25,32.22,38.928,-33,1688,935
28-Oct-2025,469,Call,520,2.25,32.58,38.928,45,1543,911
28-Oct-2025,469,Call,540,1.05,34.26,38.928,69,829,606
28-Oct-2025,469,Put,475,16.4,31.86,38.928,4,306,508
28-Oct-2025,469,Call,530,1.5,33.51,38.928,29,403,477
28-Oct-2025,469,Put,440,3.65,32.65,38.928,117,1040,406
28-Oct-2025,469,Call,485,8.7,30.63,38.928,13,335,393
28-Oct-2025,469,Call,484,9.2,30.17,38.928,-2,272,341
28-Oct-2025,469,Call,465,17.25,29.57,38.928,37,232,294
28-Oct-2025,469,Put,430,2.4,33.61,38.928,-39,1615,279
25-Nov-2025,469,-,0,474,0,38.928,40,1119,269
28-Oct-2025,469,Put,464,10.6,32.43,38.928,16,255,249
28-Oct-2025,469,Call,495,5.95,30.84,38.928,34,324,209
28-Oct-2025,469,Put,455,7.45,31.55,38.928,50,277,208
25-Nov-2025,469,Put,430,5.2,30.83,38.928,174,174,185
28-Oct-2025,469,Put,420,1.6,35.58,38.928,21,625,174
28-Oct-2025,469,Put,485,22.6,32.48,38.928,-13,140,169
28-Oct-2025,469,Put,390,0.65,43.38,38.928,-2,505,168
28-Oct-2025,469,Put,445,4.7,32.38,38.928,63,182,162
28-Oct-2025,469,Put,410,1.1,38.01,38.928,5,1448,155
28-Oct-2025,469,Call,450,27.3,27.09,38.928,-15,743,129
28-Oct-2025,469,Put,425,2,34.9,38.928,-9,171,128
28-Oct-2025,469,Call,505,4.25,32.2,38.928,-3,386,125
28-Oct-2025,469,Put,400,0.85,41.06,38.928,-38,845,100
28-Oct-2025,469,Put,435,3.1,33.58,38.928,46,274,95
28-Oct-2025,469,Put,490,26.55,34.79,38.928,-9,267,89
30-Dec-2025,469,-,0,475.5,0,38.928,45,103,87
28-Oct-2025,469,Call,430,42.75,24.35,38.928,-11,359,77
28-Oct-2025,469,Put,500,34.25,36.15,38.928,6,340,66
25-Nov-2025,469,Put,440,7.85,31.51,38.928,37,86,65
25-Nov-2025,469,Call,520,6.6,30.03,38.928,-1,67,51
25-Nov-2025,469,Call,480,18.55,29.28,38.928,6,44,49
28-Oct-2025,469,Call,440,34.5,27.67,38.928,-16,414,46
28-Oct-2025,469,Call,400,71.05,0,38.928,0,124,42
25-Nov-2025,469,Call,500,11.1,29.34,38.928,20,110,36
28-Oct-2025,469,Put,380,0.5,46.15,38.928,6,268,30
25-Nov-2025,469,Put,450,10.5,30.95,38.928,17,57,29
28-Oct-2025,469,Put,540,66.45,0,38.928,24,35,28
25-Nov-2025,469,Put,420,4,32.27,38.928,14,70,28
28-Oct-2025,469,Call,455,23.05,27.93,38.928,4,61,26
28-Oct-2025,469,Call,435,38.4,25.73,38.928,14,16,25
25-Nov-2025,469,Call,540,4.1,31.16,38.928,0,46,18
25-Nov-2025,469,Put,480,23.9,32.21,38.928,6,52,16
28-Oct-2025,469,Put,495,30.35,35.55,38.928,2,35,14
25-Nov-2025,469,Put,460,13.9,30.59,38.928,8,19,13
28-Oct-2025,469,Put,520,50.55,39.78,38.928,6,65,12
25-Nov-2025,469,Put,470,19,31.69,38.928,11,95,12
25-Nov-2025,469,Call,460,28.7,27.41,38.928,11,23,12
25-Nov-2025,469,Call,490,15,30.16,38.928,6,32,12
25-Nov-2025,469,Call,470,23,28.56,38.928,7,13,10
25-Nov-2025,469,Put,500,36.5,28.01,38.928,0,90,8
25-Nov-2025,469,Call,560,2.5,34.41,38.928,4,61,7
25-Nov-2025,469,Put,490,29.2,30.7,38.928,4,18,7
25-Nov-2025,469,Put,445,8.5,30.16,38.928,2,4,3
25-Nov-2025,469,Put,435,6.35,30.99,38.928,2,6,3
25-Nov-2025,469,Put,400,2.4,35.33,38.928,0,16,2
25-Nov-2025,469,Put,465,14.4,28.23,38.928,0,3,1
25-Nov-2025,469,Call,485,18,31.69,38.928,0,6,1
25-Nov-2025,469,Call,455,30.6,27.21,38.928,0,1,1
28-Oct-2025,469,Call,424,0,0,38.928,0,71,0
28-Oct-2025,469,Put,510,0,0,38.928,0,140,0
28-Oct-2025,469,Call,420,0,0,38.928,0,226,0
28-Oct-2025,469,Call,445,0,0,38.928,0,0,0
28-Oct-2025,469,Call,360,0,0,38.928,0,7,0
28-Oct-2025,469,Call,390,0,0,38.928,0,0,0
30-Dec-2025,469,Put,400,0,0,38.928,0,0,0
28-Oct-2025,469,Call,380,0,0,38.928,0,36,0
25-Nov-2025,469,Put,520,0,0,38.928,0,0,0
25-Nov-2025,469,Put,425,0,0,38.928,0,0,0
28-Oct-2025,469,Call,410,0,0,38.928,0,17,0
25-Nov-2025,469,Put,455,0,0,38.928,0,2,0
28-Oct-2025,469,Put,505,0,0,38.928,0,1,0
25-Nov-2025,469,Put,410,0,0,38.928,0,0,0
30-Dec-2025,469,Call,540,0,0,0,0,0,0
25-Nov-2025,469,Put,505,0,0,38.928,0,0,0
25-Nov-2025,469,Call,445,0,0,38.928,0,0,0
28-Oct-2025,469,Put,515,0,0,0,0,0,0
25-Nov-2025,469,Put,515,0,0,0,0,0,0
30-Dec-2025,469,Put,430,0,0,38.928,0,0,0
30-Dec-2025,469,Put,450,0,0,38.928,0,1,0
25-Nov-2025,469,Call,440,0,0,38.928,0,0,0
25-Nov-2025,469,Put,475,0,0,38.928,0,5,0
25-Nov-2025,469,Call,435,0,0,38.928,0,0,0
25-Nov-2025,469,Put,495,0,0,38.928,0,4,0
25-Nov-2025,469,Call,390,0,0,38.928,0,0,0
25-Nov-2025,469,Call,400,0,0,38.928,0,0,0
28-Oct-2025,469,Call,515,0,0,0,0,0,0
25-Nov-2025,469,Call,450,0,0,38.928,0,0,0
25-Nov-2025,469,Put,540,0,0,38.928,0,0,0
28-Oct-2025,469,Put,530,0,0,38.928,0,2,0
28-Oct-2025,469,Put,364,0,0,38.928,0,6,0
25-Nov-2025,469,Call,420,0,0,38.928,0,0,0
25-Nov-2025,469,Call,410,0,0,38.928,0,0,0
30-Dec-2025,469,Put,420,0,0,38.928,0,0,0
25-Nov-2025,469,Put,530,0,0,38.928,0,0,0
25-Nov-2025,469,Call,510,0,0,38.928,0,0,0
25-Nov-2025,469,Put,510,0,0,38.928,0,0,0
30-Dec-2025,469,Call,520,0,0,38.928,0,0,0
28-Oct-2025,469,Put,360,0,0,38.928,0,45,0
25-Nov-2025,469,Put,485,0,0,38.928,0,3,0
30-Dec-2025,469,Put,410,0,0,38.928,0,0,0
28-Oct-2025,469,Call,425,0,0,38.928,0,0,0
25-Nov-2025,469,Call,515,0,0,0,0,0,0
25-Nov-2025,469,Call,505,0,0,38.928,0,1,0
28-Oct-2025,469,Put,370,0,0,38.928,0,23,0
25-Nov-2025,469,Call,475,0,0,38.928,0,0,0
30-Dec-2025,469,Put,440,0,0,0,0,0,0
25-Nov-2025,469,Call,495,0,0,38.928,0,0,0
25-Nov-2025,469,Put,390,0,0,38.928,0,0,0
25-Nov-2025,469,Call,425,0,0,38.928,0,0,0
25-Nov-2025,469,Call,530,0,0,38.928,0,0,0
25-Nov-2025,469,Call,465,0,0,38.928,0,0,0
25-Nov-2025,469,Call,430,0,0,38.928,0,0,0
