28-Oct-2025,9114.5,-,0,9144,0,30.2976,-855,38534,5779
25-Nov-2025,9114.5,-,0,9164,0,30.2976,3451,7036,5287
28-Oct-2025,9114.5,Call,9200,66.55,21.6,30.2976,-60,2803,2400
28-Oct-2025,9114.5,Call,9100,110.9,20.7,30.2976,37,1431,1944
28-Oct-2025,9114.5,Call,9300,38.4,22.44,30.2976,-66,1170,1232
28-Oct-2025,9114.5,Call,9500,14.25,26.43,30.2976,-29,1835,1224
28-Oct-2025,9114.5,Put,9100,68.7,20.68,30.2976,75,1144,1099
28-Oct-2025,9114.5,Put,8700,6.1,25.46,30.2976,-138,970,912
28-Oct-2025,9114.5,Call,9400,22.4,24.11,30.2976,-24,919,899
28-Oct-2025,9114.5,Put,8800,10.25,23.86,30.2976,246,1580,892
28-Oct-2025,9114.5,Put,9000,35.2,20.99,30.2976,84,1081,840
28-Oct-2025,9114.5,Call,9000,177.9,20.21,30.2976,-7,1108,771
28-Oct-2025,9114.5,Put,8900,18.1,22.11,30.2976,37,838,727
28-Oct-2025,9114.5,Call,10000,2.35,36,30.2976,-280,2569,716
28-Oct-2025,9114.5,Call,9700,6.85,30.74,30.2976,-153,547,640
28-Oct-2025,9114.5,Call,9800,4.65,32.79,30.2976,-174,683,515
28-Oct-2025,9114.5,Call,9600,9.5,28.38,30.2976,-34,798,457
28-Oct-2025,9114.5,Put,8600,4.55,27.99,30.2976,-12,782,441
28-Oct-2025,9114.5,Put,9200,123.7,21.43,30.2976,50,898,403
25-Nov-2025,9114.5,Call,9500,163,25.6,30.2976,50,386,372
28-Oct-2025,9114.5,Call,8900,261.45,20.82,30.2976,-117,420,333
28-Oct-2025,9114.5,Put,8500,3,30.9,30.2976,-23,824,311
25-Nov-2025,9114.5,Call,9100,325,24.5,30.2976,45,163,218
28-Oct-2025,9114.5,Call,9900,3.2,34.69,30.2976,-24,606,201
25-Nov-2025,9114.5,Call,9200,276.95,24.59,30.2976,58,281,196
25-Nov-2025,9114.5,Call,10000,61,26.98,30.2976,18,464,183
25-Nov-2025,9114.5,Call,9000,376.45,24.06,30.2976,34,240,155
25-Nov-2025,9114.5,Put,9000,211.8,27.95,30.2976,43,188,129
28-Oct-2025,9114.5,Put,9300,196.25,23.74,30.2976,-26,191,105
25-Nov-2025,9114.5,Put,9200,304.3,28.51,30.2976,21,198,92
25-Nov-2025,9114.5,Put,9100,254.9,28.47,30.2976,33,75,89
25-Nov-2025,9114.5,Put,8600,89.4,28.04,30.2976,4,58,81
25-Nov-2025,9114.5,Call,10400,30.25,28.72,30.2976,41,108,76
25-Nov-2025,9114.5,Call,9400,195,25.1,30.2976,24,102,71
25-Nov-2025,9114.5,Put,8500,69.15,28.64,30.2976,25,389,70
25-Nov-2025,9114.5,Put,8200,34,29.36,30.2976,-3,67,70
28-Oct-2025,9114.5,Put,8400,1.7,32.99,30.2976,-16,435,67
28-Oct-2025,9114.5,Call,8800,344.75,21.94,30.2976,-23,860,66
25-Nov-2025,9114.5,Call,9300,227,25.58,30.2976,25,84,54
28-Oct-2025,9114.5,Put,8300,1.25,34.83,30.2976,-3,438,46
28-Oct-2025,9114.5,Call,8700,445.4,28.31,30.2976,-31,756,42
25-Nov-2025,9114.5,Put,8900,172,27.64,30.2976,28,61,41
25-Nov-2025,9114.5,Call,10200,41.45,27.83,30.2976,-13,60,38
25-Nov-2025,9114.5,Call,9900,72.25,26.65,30.2976,30,60,38
28-Oct-2025,9114.5,Put,7600,0.05,46.68,30.2976,0,451,37
28-Oct-2025,9114.5,Put,9500,372.65,29.19,30.2976,-12,123,35
25-Nov-2025,9114.5,Call,9600,131.6,25.74,30.2976,4,58,31
30-Dec-2025,9114.5,-,0,9200,0,30.2976,12,323,30
28-Oct-2025,9114.5,Put,7700,0.05,43.55,30.2976,-2,649,30
25-Nov-2025,9114.5,Put,8700,111.65,28.1,30.2976,8,108,29
25-Nov-2025,9114.5,Call,9700,110.35,25.9,30.2976,11,94,29
28-Oct-2025,9114.5,Put,8000,0.3,40.55,30.2976,-12,414,27
25-Nov-2025,9114.5,Put,8000,22.2,30.45,30.2976,11,133,26
25-Nov-2025,9114.5,Call,10600,21.05,29.89,30.2976,12,25,25
25-Nov-2025,9114.5,Put,9500,498.85,28.9,30.2976,16,38,23
28-Oct-2025,9114.5,Call,10300,1.95,45.41,30.2976,-11,94,23
25-Nov-2025,9114.5,Put,8300,44.2,29.34,30.2976,-3,207,21
28-Oct-2025,9114.5,Put,7900,0.3,43.43,30.2976,-4,140,20
25-Nov-2025,9114.5,Put,8800,139.9,28.26,30.2976,9,55,18
28-Oct-2025,9114.5,Call,10200,2.75,44.3,30.2976,-1,249,17
28-Oct-2025,9114.5,Call,10400,0.8,43.65,30.2976,-13,248,16
28-Oct-2025,9114.5,Put,7800,0.3,46.93,30.2976,-10,168,15
25-Nov-2025,9114.5,Call,8900,435.7,23.61,30.2976,0,32,15
25-Nov-2025,9114.5,Put,8100,27,29.8,30.2976,3,12,15
28-Oct-2025,9114.5,Call,8500,640.5,0,30.2976,-10,141,13
28-Oct-2025,9114.5,Call,10100,1.75,38.48,30.2976,0,130,13
25-Nov-2025,9114.5,Call,8800,490.05,23.41,30.2976,8,19,11
25-Nov-2025,9114.5,Call,10100,50,27.52,30.2976,6,26,11
25-Nov-2025,9114.5,Call,9800,88.6,26.6,30.2976,6,38,11
28-Oct-2025,9114.5,Put,9600,474.5,33.15,30.2976,-2,34,10
28-Oct-2025,9114.5,Put,8200,2.65,42.87,30.2976,-6,463,7
28-Oct-2025,9114.5,Put,8100,1,41.52,30.2976,-3,177,5
28-Oct-2025,9114.5,Put,7400,0.05,53.04,30.2976,0,201,5
25-Nov-2025,9114.5,Put,9300,376.9,29.11,30.2976,2,56,4
25-Nov-2025,9114.5,Call,8500,707.6,19.79,30.2976,2,15,4
28-Oct-2025,9114.5,Call,8000,1139.4,0,30.2976,0,38,2
25-Nov-2025,9114.5,Call,10800,13.15,30.03,30.2976,0,76,2
25-Nov-2025,9114.5,Put,8400,60,29.08,30.2976,1,13,2
25-Nov-2025,9114.5,Call,7900,1250,0,30.2976,0,0,1
30-Dec-2025,9114.5,Put,9200,414,28.95,30.2976,0,5,1
28-Oct-2025,9114.5,Call,8600,533.65,36.03,30.2976,0,441,1
28-Oct-2025,9114.5,Put,10400,0,0,30.2976,0,10,0
28-Oct-2025,9114.5,Call,7200,0,0,30.2976,0,0,0
28-Oct-2025,9114.5,Put,9700,0,0,30.2976,0,30,0
28-Oct-2025,9114.5,Put,9900,0,0,30.2976,0,3,0
28-Oct-2025,9114.5,Put,10200,0,0,30.2976,0,2,0
28-Oct-2025,9114.5,Call,7600,0,0,30.2976,0,4,0
28-Oct-2025,9114.5,Put,9800,0,0,30.2976,0,27,0
28-Oct-2025,9114.5,Put,10000,0,0,30.2976,0,99,0
28-Oct-2025,9114.5,Call,7800,0,0,30.2976,0,0,0
28-Oct-2025,9114.5,Call,7700,0,0,30.2976,0,0,0
28-Oct-2025,9114.5,Call,8100,0,0,30.2976,0,0,0
28-Oct-2025,9114.5,Put,10100,0,0,30.2976,0,0,0
28-Oct-2025,9114.5,Call,8200,0,0,30.2976,0,51,0
28-Oct-2025,9114.5,Put,10600,0,0,30.2976,0,0,0
25-Nov-2025,9114.5,Put,7200,0,0,30.2976,0,0,0
25-Nov-2025,9114.5,Put,7700,0,0,30.2976,0,0,0
25-Nov-2025,9114.5,Call,8600,0,0,30.2976,0,16,0
25-Nov-2025,9114.5,Put,10000,0,0,30.2976,0,20,0
25-Nov-2025,9114.5,Call,8400,0,0,30.2976,0,0,0
30-Dec-2025,9114.5,Call,9400,0,0,30.2976,0,0,0
25-Nov-2025,9114.5,Put,9400,0,0,30.2976,0,0,0
25-Nov-2025,9114.5,Put,9900,0,0,30.2976,0,0,0
28-Oct-2025,9114.5,Put,9400,0,0,30.2976,0,125,0
25-Nov-2025,9114.5,Call,7800,0,0,30.2976,0,0,0
25-Nov-2025,9114.5,Put,10400,0,0,30.2976,0,12,0
25-Nov-2025,9114.5,Put,7800,0,0,30.2976,0,20,0
30-Dec-2025,9114.5,Put,8800,0,0,30.2976,0,0,0
30-Dec-2025,9114.5,Call,9600,0,0,30.2976,0,0,0
25-Nov-2025,9114.5,Put,9700,0,0,30.2976,0,0,0
30-Dec-2025,9114.5,Put,8400,0,0,30.2976,0,0,0
25-Nov-2025,9114.5,Put,7900,0,0,30.2976,0,0,0
30-Dec-2025,9114.5,Call,10000,0,0,30.2976,0,0,0
30-Dec-2025,9114.5,Call,9000,0,0,30.2976,0,0,0
25-Nov-2025,9114.5,Call,8100,0,0,30.2976,0,0,0
30-Dec-2025,9114.5,Call,9800,0,0,30.2976,0,0,0
28-Oct-2025,9114.5,Call,10600,0,0,30.2976,0,0,0
28-Oct-2025,9114.5,Put,7200,0,0,30.2976,0,0,0
28-Oct-2025,9114.5,Call,7400,0,0,30.2976,0,0,0
28-Oct-2025,9114.5,Call,7900,0,0,30.2976,0,0,0
28-Oct-2025,9114.5,Call,8300,0,0,30.2976,0,84,0
25-Nov-2025,9114.5,Put,10100,0,0,30.2976,0,0,0
25-Nov-2025,9114.5,Call,7700,0,0,30.2976,0,0,0
25-Nov-2025,9114.5,Call,7400,0,0,30.2976,0,0,0
25-Nov-2025,9114.5,Call,7200,0,0,30.2976,0,0,0
28-Oct-2025,9114.5,Call,8400,0,0,30.2976,0,135,0
30-Dec-2025,9114.5,Put,8000,0,0,30.2976,0,11,0
25-Nov-2025,9114.5,Put,9600,0,0,30.2976,0,0,0
25-Nov-2025,9114.5,Put,7600,0,0,30.2976,0,133,0
30-Dec-2025,9114.5,Put,7600,0,0,30.2976,0,42,0
25-Nov-2025,9114.5,Call,8700,0,0,30.2976,0,21,0
25-Nov-2025,9114.5,Put,10600,0,0,30.2976,0,0,0
25-Nov-2025,9114.5,Call,8300,0,0,30.2976,0,0,0
30-Dec-2025,9114.5,Put,9000,0,0,30.2976,0,0,0
25-Nov-2025,9114.5,Call,8200,0,0,30.2976,0,0,0
25-Nov-2025,9114.5,Call,8000,0,0,30.2976,0,1,0
25-Nov-2025,9114.5,Call,7600,0,0,30.2976,0,1,0
25-Nov-2025,9114.5,Put,9800,0,0,30.2976,0,0,0
30-Dec-2025,9114.5,Put,9600,0,0,30.2976,0,0,0
25-Nov-2025,9114.5,Put,7400,0,0,30.2976,0,0,0
30-Dec-2025,9114.5,Call,9200,0,0,30.2976,0,1,0
30-Dec-2025,9114.5,Put,8600,0,0,30.2976,0,0,0
25-Nov-2025,9114.5,Put,10200,0,0,30.2976,0,0,0
30-Dec-2025,9114.5,Put,9400,0,0,30.2976,0,0,0
