28-Oct-2025,1089.2,-,0,1090.95,0,31.1973,4471,120362,30147
25-Nov-2025,1089.2,-,0,1096.8,0,31.1973,25442,32447,29198
28-Oct-2025,1089.2,Call,1100,6.55,20.97,31.1973,273,2524,7006
28-Oct-2025,1089.2,Call,1090,10.85,21.15,31.1973,85,1244,4265
28-Oct-2025,1089.2,Put,1080,6.65,21.36,31.1973,9,913,2838
28-Oct-2025,1089.2,Call,1110,3.7,20.95,31.1973,128,728,2662
28-Oct-2025,1089.2,Put,1090,10.4,20.44,31.1973,180,447,2448
28-Oct-2025,1089.2,Call,1120,2.05,21.54,31.1973,41,825,2281
28-Oct-2025,1089.2,Put,1050,2.15,27.88,31.1973,36,1834,2139
28-Oct-2025,1089.2,Call,1080,16.9,22.47,31.1973,-266,990,2095
28-Oct-2025,1089.2,Put,1070,4.3,23.21,31.1973,131,1073,2031
28-Oct-2025,1089.2,Put,1060,2.85,25.35,31.1973,129,1560,2003
28-Oct-2025,1089.2,Put,1040,1.75,30.94,31.1973,-55,2110,1483
25-Nov-2025,1089.2,Call,1100,34,26.36,31.1973,270,1401,1412
28-Oct-2025,1089.2,Put,1100,16.25,19.94,31.1973,0,803,1374
28-Oct-2025,1089.2,Call,1140,0.8,24.18,31.1973,-44,827,1350
28-Oct-2025,1089.2,Call,1130,1.15,22.7,31.1973,-5,389,1206
28-Oct-2025,1089.2,Call,1150,0.6,26.31,31.1973,119,495,1120
28-Oct-2025,1089.2,Put,1030,1.35,33.61,31.1973,-142,1214,1115
28-Oct-2025,1089.2,Call,1070,24.6,24.05,31.1973,-66,650,996
28-Oct-2025,1089.2,Put,1000,0.8,42.03,31.1973,77,2234,990
25-Nov-2025,1089.2,Put,1080,28.15,29,31.1973,271,742,901
25-Nov-2025,1089.2,Put,1100,37.35,28.24,31.1973,325,725,838
25-Nov-2025,1089.2,Put,1070,24.4,28.46,31.1973,420,582,682
28-Oct-2025,1089.2,Put,1020,1.15,36.67,31.1973,-45,2320,655
25-Nov-2025,1089.2,Put,1000,6.7,29.55,31.1973,-27,622,647
28-Oct-2025,1089.2,Call,1160,0.55,29.25,31.1973,-73,2123,605
28-Oct-2025,1089.2,Call,1060,33.3,27.18,31.1973,-100,1058,591
25-Nov-2025,1089.2,Put,1050,17.2,28.57,31.1973,130,441,492
28-Oct-2025,1089.2,Call,1050,42.9,28.51,31.1973,-110,820,419
28-Oct-2025,1089.2,Put,1010,0.95,39.34,31.1973,-11,712,395
25-Nov-2025,1089.2,Call,1080,44.4,25.51,31.1973,87,377,370
25-Nov-2025,1089.2,Call,1000,101.25,20.65,31.1973,221,738,341
28-Oct-2025,1089.2,Put,1110,22.9,20.11,31.1973,15,76,340
28-Oct-2025,1089.2,Put,980,0.65,48.22,31.1973,-136,717,321
25-Nov-2025,1089.2,Call,1200,6.65,26.85,31.1973,16,320,283
28-Oct-2025,1089.2,Call,1000,90.5,0,31.1973,-194,684,278
25-Nov-2025,1089.2,Put,1060,20.65,28.71,31.1973,89,235,264
25-Nov-2025,1089.2,Put,1020,9.95,29.3,31.1973,64,185,251
25-Nov-2025,1089.2,Call,1120,25.05,25.75,31.1973,-17,306,251
28-Oct-2025,1089.2,Put,1120,31.45,20.8,31.1973,21,71,229
25-Nov-2025,1089.2,Put,1090,32.35,28.2,31.1973,91,159,209
25-Nov-2025,1089.2,Call,1090,37.95,25.56,31.1973,39,142,206
28-Oct-2025,1089.2,Put,990,0.7,44.93,31.1973,-40,415,196
25-Nov-2025,1089.2,Put,1040,14.5,28.67,31.1973,48,231,192
28-Oct-2025,1089.2,Put,930,0.1,52.97,31.1973,-57,166,189
28-Oct-2025,1089.2,Call,1040,52.75,32.87,31.1973,-26,798,181
28-Oct-2025,1089.2,Put,970,0.5,49.92,31.1973,-32,493,161
28-Oct-2025,1089.2,Put,900,0.05,58.46,31.1973,-36,805,150
25-Nov-2025,1089.2,Call,1130,21.5,26.47,31.1973,35,110,149
25-Nov-2025,1089.2,Put,950,2.55,31.45,31.1973,1,243,135
25-Nov-2025,1089.2,Call,1240,3.5,28.26,31.1973,90,90,131
25-Nov-2025,1089.2,Put,1030,12,28.83,31.1973,31,127,130
28-Oct-2025,1089.2,Call,1170,0.4,30.83,31.1973,85,110,127
25-Nov-2025,1089.2,Call,1220,4.7,27.54,31.1973,24,137,123
25-Nov-2025,1089.2,Call,1160,13.3,26.56,31.1973,-17,230,119
25-Nov-2025,1089.2,Call,1150,15.2,26.01,31.1973,6,152,117
28-Oct-2025,1089.2,Put,960,0.5,53.67,31.1973,-19,373,116
25-Nov-2025,1089.2,Call,1140,18.45,26.14,31.1973,17,85,107
25-Nov-2025,1089.2,Call,1070,50,26.43,31.1973,29,184,104
25-Nov-2025,1089.2,Call,1110,29.05,25.85,31.1973,48,107,94
30-Dec-2025,1089.2,-,0,1102.75,0,31.1973,15,317,93
28-Oct-2025,1089.2,Put,950,0.25,52.06,31.1973,-21,919,93
28-Oct-2025,1089.2,Put,1160,70.5,37.47,31.1973,-47,115,89
28-Oct-2025,1089.2,Call,1020,71.8,17.75,31.1973,-37,1189,89
28-Oct-2025,1089.2,Put,1130,41.65,27.32,31.1973,24,72,88
25-Nov-2025,1089.2,Put,1010,8.25,28.96,31.1973,-8,73,84
25-Nov-2025,1089.2,Put,900,1.25,35.51,31.1973,59,169,83
25-Nov-2025,1089.2,Call,1180,8.75,26.04,31.1973,36,165,82
25-Nov-2025,1089.2,Call,1060,56.4,26.14,31.1973,-5,151,69
25-Nov-2025,1089.2,Put,990,5.65,29.95,31.1973,14,73,68
28-Oct-2025,1089.2,Call,1030,62,30.64,31.1973,-17,685,63
25-Nov-2025,1089.2,Put,1200,109.8,31.46,31.1973,40,56,61
25-Nov-2025,1089.2,Put,1110,43.45,28.91,31.1973,15,25,51
28-Oct-2025,1089.2,Call,900,189.25,0,31.1973,-30,276,50
25-Nov-2025,1089.2,Call,1190,7.35,26.25,0,0,24,46
25-Nov-2025,1089.2,Call,1050,61.95,24.98,31.1973,2,259,46
25-Nov-2025,1089.2,Put,980,4.65,30.3,31.1973,-2,135,45
25-Nov-2025,1089.2,Call,1170,11.15,26.6,31.1973,16,41,45
28-Oct-2025,1089.2,Call,1180,0.25,31.59,31.1973,-3,243,44
25-Nov-2025,1089.2,Put,1120,49.7,29.17,31.1973,19,55,44
25-Nov-2025,1089.2,Call,900,194.2,0,31.1973,27,33,40
28-Oct-2025,1089.2,Put,1140,55.1,43.02,31.1973,3,52,37
25-Nov-2025,1089.2,Put,970,3.6,30.22,31.1973,24,24,36
28-Oct-2025,1089.2,Put,920,0.15,58.81,31.1973,-22,402,35
25-Nov-2025,1089.2,Put,940,2.2,32.24,31.1973,24,26,30
28-Oct-2025,1089.2,Call,950,139,0,31.1973,-13,393,29
25-Nov-2025,1089.2,Put,1150,70.7,30.37,31.1973,15,83,28
28-Oct-2025,1089.2,Put,940,0.2,53.99,31.1973,-19,272,25
28-Oct-2025,1089.2,Call,1200,0.05,30.71,31.1973,0,143,19
28-Oct-2025,1089.2,Call,1010,78.35,0,31.1973,-5,226,19
25-Nov-2025,1089.2,Call,1030,77.7,25.83,31.1973,7,372,19
25-Nov-2025,1089.2,Put,960,3.2,31.23,31.1973,-5,88,18
28-Oct-2025,1089.2,Put,820,0.1,89.77,31.1973,-1,85,17
28-Oct-2025,1089.2,Put,870,0.1,72.64,31.1973,0,148,15
28-Oct-2025,1089.2,Call,990,98.45,0,31.1973,-5,175,12
28-Oct-2025,1089.2,Put,890,0.1,65.98,31.1973,-10,118,12
28-Oct-2025,1089.2,Put,910,0.2,64.32,31.1973,0,231,10
28-Oct-2025,1089.2,Put,880,0.1,69.3,31.1973,-7,112,10
30-Dec-2025,1089.2,Put,1000,11.15,26.16,31.1973,7,22,10
25-Nov-2025,1089.2,Call,1020,85.35,25.41,31.1973,5,59,10
30-Dec-2025,1089.2,Put,900,2.5,29.25,31.1973,3,21,9
28-Oct-2025,1089.2,Call,980,108.45,0,31.1973,-1,232,7
25-Nov-2025,1089.2,Call,1040,69.2,23.93,31.1973,-3,262,7
30-Dec-2025,1089.2,Put,1060,27.65,26.28,31.1973,5,5,6
28-Oct-2025,1089.2,Put,1150,64.3,45.68,31.1973,2,26,5
25-Nov-2025,1089.2,Put,800,0.65,47.97,31.1973,1,48,5
28-Oct-2025,1089.2,Put,800,0.05,90.7,31.1973,-2,95,4
25-Nov-2025,1089.2,Put,1130,56.65,29.79,31.1973,1,1,4
25-Nov-2025,1089.2,Call,1010,90.8,20.5,31.1973,3,9,4
28-Oct-2025,1089.2,Call,960,134.5,80.98,31.1973,0,191,3
25-Nov-2025,1089.2,Call,940,156,0,31.1973,2,3,3
30-Dec-2025,1089.2,Put,1080,36.2,26.72,31.1973,0,0,3
28-Oct-2025,1089.2,Call,930,160.55,51.49,31.1973,0,48,2
28-Oct-2025,1089.2,Put,760,0.05,104.52,31.1973,0,8,2
28-Oct-2025,1089.2,Put,860,0.05,0,31.1973,0,488,2
28-Oct-2025,1089.2,Call,920,169,0,31.1973,-1,137,2
28-Oct-2025,1089.2,Put,840,0.1,82.82,31.1973,0,128,1
28-Oct-2025,1089.2,Call,970,125,78.3,31.1973,0,467,1
25-Nov-2025,1089.2,Call,970,129.8,26.01,31.1973,0,1,1
25-Nov-2025,1089.2,Put,930,1.75,32.51,31.1973,0,56,1
25-Nov-2025,1089.2,Call,820,272.05,0,31.1973,0,1,1
28-Oct-2025,1089.2,Call,940,151.75,71.33,31.1973,0,437,1
30-Dec-2025,1089.2,Call,1100,47.05,22.57,31.1973,0,0,1
30-Dec-2025,1089.2,Call,1180,16,21.59,31.1973,0,2,1
25-Nov-2025,1089.2,Call,950,147.95,20.65,31.1973,0,0,1
28-Oct-2025,1089.2,Call,1240,0,0,31.1973,0,5,0
28-Oct-2025,1089.2,Put,1240,0,0,31.1973,0,0,0
28-Oct-2025,1089.2,Call,1220,0,0,31.1973,0,2,0
28-Oct-2025,1089.2,Put,1220,0,0,31.1973,0,0,0
28-Oct-2025,1089.2,Put,1200,0,0,31.1973,0,0,0
28-Oct-2025,1089.2,Call,880,0,0,31.1973,0,63,0
28-Oct-2025,1089.2,Call,800,0,0,31.1973,0,105,0
28-Oct-2025,1089.2,Call,870,0,0,31.1973,0,14,0
28-Oct-2025,1089.2,Call,890,0,0,31.1973,0,16,0
28-Oct-2025,1089.2,Call,910,0,0,31.1973,0,62,0
28-Oct-2025,1089.2,Put,1180,0,0,31.1973,0,0,0
28-Oct-2025,1089.2,Put,850,0,0,31.1973,0,607,0
28-Oct-2025,1089.2,Put,1170,0,0,31.1973,0,0,0
28-Oct-2025,1089.2,Put,780,0,0,31.1973,0,11,0
28-Oct-2025,1089.2,Call,1190,0,0,0,0,0,0
28-Oct-2025,1089.2,Put,1190,0,0,0,0,0,0
28-Oct-2025,1089.2,Call,840,0,0,31.1973,0,8,0
28-Oct-2025,1089.2,Call,830,0,0,31.1973,0,7,0
28-Oct-2025,1089.2,Call,850,0,0,31.1973,0,6,0
28-Oct-2025,1089.2,Put,790,0,0,31.1973,0,3,0
28-Oct-2025,1089.2,Put,740,0,0,31.1973,0,8,0
28-Oct-2025,1089.2,Call,820,0,0,31.1973,0,17,0
28-Oct-2025,1089.2,Call,860,0,0,31.1973,0,44,0
25-Nov-2025,1089.2,Put,840,0,0,31.1973,0,0,0
25-Nov-2025,1089.2,Put,1190,0,0,0,0,0,0
25-Nov-2025,1089.2,Call,880,0,0,31.1973,0,2,0
25-Nov-2025,1089.2,Call,890,0,0,31.1973,0,0,0
25-Nov-2025,1089.2,Put,1240,0,0,31.1973,0,0,0
25-Nov-2025,1089.2,Call,910,0,0,31.1973,0,1,0
25-Nov-2025,1089.2,Call,860,0,0,31.1973,0,19,0
25-Nov-2025,1089.2,Call,920,0,0,31.1973,0,51,0
25-Nov-2025,1089.2,Put,1140,0,0,31.1973,0,16,0
25-Nov-2025,1089.2,Call,960,0,0,31.1973,0,5,0
25-Nov-2025,1089.2,Put,820,0,0,31.1973,0,0,0
25-Nov-2025,1089.2,Put,780,0,0,31.1973,0,14,0
25-Nov-2025,1089.2,Put,860,0,0,31.1973,0,0,0
25-Nov-2025,1089.2,Call,980,0,0,31.1973,0,1,0
25-Nov-2025,1089.2,Put,880,0,0,31.1973,0,0,0
30-Dec-2025,1089.2,Put,960,0,0,31.1973,0,0,0
25-Nov-2025,1089.2,Call,990,0,0,31.1973,0,16,0
30-Dec-2025,1089.2,Put,1120,0,0,31.1973,0,0,0
30-Dec-2025,1089.2,Put,980,0,0,31.1973,0,0,0
25-Nov-2025,1089.2,Call,930,0,0,31.1973,0,0,0
30-Dec-2025,1089.2,Call,1200,0,0,31.1973,0,0,0
30-Dec-2025,1089.2,Put,920,0,0,31.1973,0,0,0
25-Nov-2025,1089.2,Put,1160,0,0,31.1973,0,33,0
25-Nov-2025,1089.2,Put,910,0,0,31.1973,0,95,0
25-Nov-2025,1089.2,Call,840,0,0,31.1973,0,3,0
25-Nov-2025,1089.2,Put,1170,0,0,31.1973,0,0,0
30-Dec-2025,1089.2,Put,1020,0,0,31.1973,0,0,0
30-Dec-2025,1089.2,Put,1140,0,0,31.1973,0,0,0
30-Dec-2025,1089.2,Call,1160,0,0,31.1973,0,4,0
25-Nov-2025,1089.2,Put,890,0,0,31.1973,0,4,0
30-Dec-2025,1089.2,Call,1060,0,0,31.1973,0,0,0
30-Dec-2025,1089.2,Put,880,0,0,31.1973,0,0,0
30-Dec-2025,1089.2,Put,1100,0,0,31.1973,0,0,0
30-Dec-2025,1089.2,Call,1240,0,0,31.1973,0,0,0
30-Dec-2025,1089.2,Put,1040,0,0,31.1973,0,0,0
25-Nov-2025,1089.2,Put,920,0,0,31.1973,0,43,0
25-Nov-2025,1089.2,Put,1220,0,0,31.1973,0,0,0
30-Dec-2025,1089.2,Call,1080,0,0,31.1973,0,0,0
30-Dec-2025,1089.2,Call,1120,0,0,31.1973,0,12,0
25-Nov-2025,1089.2,Put,1180,0,0,31.1973,0,0,0
30-Dec-2025,1089.2,Put,940,0,0,31.1973,0,0,0
30-Dec-2025,1089.2,Put,840,0,0,31.1973,0,0,0
30-Dec-2025,1089.2,Call,1140,0,0,31.1973,0,1,0
