28-Oct-2025,58509.8,Call,58500,308,9.69,17.1282,12786,38133,281664
28-Oct-2025,58509.8,Call,59000,121.2,10.27,17.1282,1384,33377,150521
28-Oct-2025,58509.8,Put,58500,296.1,12.33,17.1282,22579,25801,148115
28-Oct-2025,58509.8,Put,58000,125.3,12.5,17.1282,13871,40704,136160
28-Oct-2025,58509.8,Call,58400,363.55,9.57,17.1282,4186,11038,125798
28-Oct-2025,58509.8,Call,58300,424.15,9.43,17.1282,2822,11074,121030
28-Oct-2025,58509.8,Call,58200,489.35,9.29,17.1282,-4563,12268,95795
28-Oct-2025,58509.8,Call,59500,43.25,11.12,17.1282,-581,19568,91016
28-Oct-2025,58509.8,Call,60000,18.1,12.48,17.1282,-625,37126,90585
28-Oct-2025,58509.8,Call,58600,259.05,9.79,17.1282,5087,10077,86662
28-Oct-2025,58509.8,Put,57000,31.8,15.66,17.1282,1110,58437,86363
28-Oct-2025,58509.8,Put,58400,250.15,12.26,17.1282,11423,12117,82641
28-Oct-2025,58509.8,Put,56000,17.1,20.73,17.1282,4006,46849,76376
28-Oct-2025,58509.8,Put,57500,55.8,13.67,17.1282,2220,28455,74825
28-Oct-2025,58509.8,Put,58300,209.55,12.25,17.1282,12238,14355,73232
28-Oct-2025,58509.8,Put,58200,177.5,12.3,17.1282,7546,13251,66476
28-Oct-2025,58509.8,Call,58700,216.45,9.89,17.1282,3298,7854,61410
28-Oct-2025,58509.8,Call,58800,180.1,10.03,17.1282,4245,10114,57174
28-Oct-2025,58509.8,Put,56500,21.95,18.1,17.1282,3366,25241,54827
28-Oct-2025,58509.8,Put,55500,14.55,23.57,17.1282,1440,31758,54808
28-Oct-2025,58509.8,Put,55000,12.8,26.3,17.1282,-2996,50827,54598
28-Oct-2025,58509.8,Call,58100,559.05,9.1,17.1282,-6792,6287,54045
28-Oct-2025,58509.8,Call,60500,9.75,14.26,17.1282,-199,17505,48516
28-Oct-2025,58509.8,Call,59200,79.85,10.52,17.1282,259,4817,45182
28-Oct-2025,58509.8,Put,54500,11.35,28.92,17.1282,-2268,23651,44027
28-Oct-2025,58509.8,Call,58900,147.8,10.14,17.1282,2016,5747,40194
28-Oct-2025,58509.8,Put,58100,148.85,12.33,17.1282,3156,8827,39692
28-Oct-2025,58509.8,Call,59100,98.5,10.42,17.1282,1956,6060,38473
28-Oct-2025,58509.8,Put,58600,347.3,12.39,17.1282,4689,5010,37031
28-Oct-2025,58509.8,Put,57800,88.75,12.85,17.1282,2906,7571,34618
28-Oct-2025,58509.8,Put,57900,105.2,12.67,17.1282,3445,9028,33076
28-Oct-2025,58509.8,Call,61000,6.55,16.3,17.1282,1322,16132,30960
28-Oct-2025,58509.8,Call,59300,64.85,10.72,17.1282,1251,3985,29818
28-Oct-2025,58509.8,Put,57700,75.4,13.07,17.1282,2156,6807,28840
28-Oct-2025,58509.8,Put,57400,48.6,13.94,17.1282,-600,11952,26513
28-Oct-2025,58509.8,Call,59400,52.85,10.88,17.1282,701,3614,26410
28-Oct-2025,58509.8,Put,53000,8,36.62,17.1282,-2399,18388,22726
28-Oct-2025,58509.8,Put,57600,64.8,13.35,17.1282,19,4985,22104
28-Oct-2025,58509.8,Put,57200,38.9,14.8,17.1282,-879,8325,20248
28-Oct-2025,58509.8,Call,57900,713.85,8.36,17.1282,-2633,9582,19464
28-Oct-2025,58509.8,Call,59600,35.5,11.35,17.1282,3,2786,19308
28-Oct-2025,58509.8,Call,57800,801.15,7.22,17.1282,455,7761,19132
28-Oct-2025,58509.8,Put,53500,9.05,34.02,17.1282,-3808,10357,19097
28-Oct-2025,58509.8,Call,57500,1062.95,0,17.1282,-3547,17516,19067
28-Oct-2025,58509.8,Call,59700,29.2,11.57,17.1282,-101,2662,18307
28-Oct-2025,58509.8,Put,57300,43.65,14.41,17.1282,156,5654,17830
28-Oct-2025,58509.8,-,0,58522.8,0,17.1282,221,47207,15282
28-Oct-2025,58509.8,Call,62000,5,20.96,17.1282,373,9493,15256
28-Oct-2025,58509.8,Call,59800,24.15,11.79,17.1282,-174,3949,15191
28-Oct-2025,58509.8,Put,56600,24.35,17.76,17.1282,-456,7106,14597
28-Oct-2025,58509.8,Put,56800,27.55,16.69,17.1282,723,7740,14353
28-Oct-2025,58509.8,Put,58700,403.85,12.57,17.1282,1763,2071,13506
28-Oct-2025,58509.8,Put,56400,21.4,18.71,17.1282,-1274,4003,13447
25-Nov-2025,58509.8,Call,59000,677.4,9.41,17.1282,62,9121,13404
28-Oct-2025,58509.8,Put,57100,35.45,15.27,17.1282,997,6582,13331
28-Oct-2025,58509.8,Put,56700,25.9,17.21,17.1282,922,6951,13147
28-Oct-2025,58509.8,Put,56900,29.2,16.14,17.1282,2296,7626,12539
28-Oct-2025,58509.8,Put,59000,607.65,13.4,17.1282,1772,4413,12077
28-Oct-2025,58509.8,Put,52000,6.6,41.51,17.1282,-1486,13601,11698
25-Nov-2025,58509.8,Call,58500,950,9.29,17.1282,2181,6753,11262
25-Nov-2025,58509.8,Put,57000,250.3,13.47,17.1282,5874,15759,11261
28-Oct-2025,58509.8,Call,61500,5.55,18.68,17.1282,1228,5858,11243
28-Oct-2025,58509.8,Call,60700,8.95,15.22,17.1282,255,1952,11057
28-Oct-2025,58509.8,Call,60300,11.75,13.44,17.1282,1726,2922,10882
25-Nov-2025,58509.8,Put,58000,490.15,13.13,17.1282,3103,9969,10848
25-Nov-2025,58509.8,Put,58500,670,13.05,17.1282,3486,6064,10518
28-Oct-2025,58509.8,Call,59900,20.6,12.14,17.1282,931,2094,10506
28-Oct-2025,58509.8,Put,56200,18.9,19.71,17.1282,1493,6487,10171
25-Nov-2025,58509.8,-,0,58783.6,0,17.1282,5537,14486,9830
28-Oct-2025,58509.8,Put,56300,19.8,19.26,17.1282,-481,5330,9300
28-Oct-2025,58509.8,Call,63500,3.1,27.08,17.1282,-481,12349,9167
28-Oct-2025,58509.8,Put,50000,5.5,52.38,17.1282,1308,16233,9001
25-Nov-2025,58509.8,Call,60000,306.4,9.59,17.1282,303,9594,8647
28-Oct-2025,58509.8,Call,60200,14.05,13.13,17.1282,104,1530,8374
28-Oct-2025,58509.8,Call,60400,10.85,13.85,17.1282,388,2734,7913
28-Oct-2025,58509.8,Call,57700,882.55,4.37,17.1282,-1647,3338,7879
28-Oct-2025,58509.8,Put,58800,466.4,12.74,17.1282,1280,1513,7513
28-Oct-2025,58509.8,Put,56100,18.45,20.32,17.1282,-397,4691,7323
28-Oct-2025,58509.8,Call,62500,4.55,23.27,17.1282,-1119,987,7310
25-Nov-2025,58509.8,Call,58000,1264.45,8.92,17.1282,646,8551,7111
28-Oct-2025,58509.8,Call,60100,15.5,12.78,17.1282,333,1101,7021
28-Oct-2025,58509.8,Put,55900,17.1,21.46,17.1282,-577,9515,6961
28-Oct-2025,58509.8,Put,55600,15.9,23.2,17.1282,-343,5745,6918
28-Oct-2025,58509.8,Put,46000,2.4,71.44,17.1282,-108,17193,5787
28-Oct-2025,58509.8,Call,57600,972.65,0,17.1282,-1920,2208,5566
28-Oct-2025,58509.8,Put,55800,16.55,22.06,17.1282,-314,4693,5499
28-Oct-2025,58509.8,Put,52500,7.1,38.99,17.1282,-121,5726,5488
28-Oct-2025,58509.8,Call,60600,9.65,14.82,17.1282,-12,917,5204
25-Nov-2025,58509.8,Put,59000,898.2,13.04,17.1282,1834,3150,4988
25-Nov-2025,58509.8,Put,56500,186.3,14.05,17.1282,1856,5189,4972
28-Oct-2025,58509.8,Call,64000,3,29.34,17.1282,-441,2605,4897
28-Oct-2025,58509.8,Put,51000,6.2,47.42,17.1282,-511,3744,4739
28-Oct-2025,58509.8,Put,54700,13.1,28.3,17.1282,390,6639,4552
25-Nov-2025,58509.8,Call,57000,2005,0,17.1282,1972,8941,4522
28-Oct-2025,58509.8,Call,63000,3.8,25.17,17.1282,-286,4779,4486
28-Oct-2025,58509.8,Put,55400,14.95,24.32,17.1282,-604,4198,4465
25-Nov-2025,58509.8,Put,56000,136.65,14.53,17.1282,782,9395,4304
25-Nov-2025,58509.8,Put,57500,356.2,13.3,17.1282,1048,4503,4177
28-Oct-2025,58509.8,Put,55200,14.35,25.49,17.1282,427,5676,4142
25-Nov-2025,58509.8,Call,59500,464.4,9.51,17.1282,309,2978,3986
28-Oct-2025,58509.8,Put,48000,3.8,62.23,17.1282,7,5323,3978
28-Oct-2025,58509.8,Put,54800,12.65,27.59,17.1282,46,5383,3882
28-Oct-2025,58509.8,Put,55300,14.95,24.91,17.1282,-364,6083,3871
25-Nov-2025,58509.8,Call,62000,62.85,11.04,17.1282,538,3052,3782
25-Nov-2025,58509.8,Call,61000,129.8,10.08,17.1282,616,3325,3757
28-Oct-2025,58509.8,Put,54900,13.25,27.07,17.1282,-937,4041,3556
28-Oct-2025,58509.8,Put,55700,16.5,22.6,17.1282,-73,4263,3481
28-Oct-2025,58509.8,Call,65000,3.1,33.84,17.1282,658,2791,3193
25-Nov-2025,58509.8,Put,55000,81.9,15.87,17.1282,275,7140,3115
25-Nov-2025,58509.8,Put,55500,104.5,15.16,17.1282,-407,3389,2842
28-Oct-2025,58509.8,Call,57100,1425,0,17.1282,-675,2056,2595
28-Oct-2025,58509.8,Call,60800,7.95,15.62,17.1282,1,1217,2581
28-Oct-2025,58509.8,Put,55100,14.4,26.07,17.1282,564,6287,2519
25-Nov-2025,58509.8,Put,54000,54.8,17.49,17.1282,122,6030,2452
28-Oct-2025,58509.8,Put,58900,538.65,13.13,17.1282,348,542,2270
25-Nov-2025,58509.8,Call,60500,195.45,9.75,17.1282,201,2696,2257
25-Nov-2025,58509.8,Call,63000,35,12.33,17.1282,265,2557,2237
28-Oct-2025,58509.8,Call,60900,7.9,16.12,17.1282,75,660,2222
28-Oct-2025,58509.8,Put,54400,11.6,29.98,17.1282,22,2108,2145
28-Oct-2025,58509.8,Call,61200,7.05,17.39,17.1282,33,626,1998
28-Oct-2025,58509.8,Call,61300,6.6,17.83,17.1282,203,499,1902
28-Oct-2025,58509.8,Call,56400,2122,0,17.1282,-334,2675,1877
25-Nov-2025,58509.8,Call,58400,1007.3,9.31,17.1282,383,639,1794
28-Oct-2025,58509.8,Call,57400,1158.15,0,17.1282,-378,7307,1749
28-Oct-2025,58509.8,Put,54600,12.3,28.73,17.1282,-239,3229,1734
25-Nov-2025,58509.8,Put,58300,597.75,13.07,17.1282,687,1097,1702
25-Nov-2025,58509.8,Call,61500,88.35,10.53,17.1282,34,1133,1667
25-Nov-2025,58509.8,Call,58300,1068.25,9.17,17.1282,130,631,1603
25-Nov-2025,58509.8,Call,57500,1616.35,8.26,17.1282,15,2649,1600
25-Nov-2025,58509.8,Put,53000,39.65,19.27,17.1282,-194,3057,1569
25-Nov-2025,58509.8,Put,58400,635.45,13.08,17.1282,628,784,1508
28-Oct-2025,58509.8,Put,54200,11.3,30.69,17.1282,-203,1990,1380
25-Nov-2025,58509.8,Put,58200,561.45,13.07,17.1282,375,838,1373
30-Dec-2025,58509.8,Put,57000,449.8,13.77,17.1282,491,3218,1369
30-Dec-2025,58509.8,Call,60000,695,8.64,17.1282,-101,3674,1364
25-Nov-2025,58509.8,Call,58200,1133.25,9.34,17.1282,-66,545,1336
25-Nov-2025,58509.8,Put,54500,65.25,16.58,17.1282,-282,3275,1304
28-Oct-2025,58509.8,Put,54100,10.8,31.28,17.1282,39,1086,1173
28-Oct-2025,58509.8,Put,53900,10.5,32.38,17.1282,313,1718,1157
25-Nov-2025,58509.8,Call,58600,887.2,9.44,17.1282,171,457,1137
28-Oct-2025,58509.8,Call,57300,1250,0,17.1282,-379,2226,1126
25-Nov-2025,58509.8,Call,58800,779.25,9.36,17.1282,287,487,1024
28-Oct-2025,58509.8,Call,56000,2520,0,17.1282,-426,16063,1012
30-Dec-2025,58509.8,-,0,59080,0,17.1282,409,3501,1003
25-Nov-2025,58509.8,Call,58100,1209.55,9.17,17.1282,-109,493,961
30-Dec-2025,58509.8,Call,58500,1430,7.8,17.1282,-239,1558,942
28-Oct-2025,58509.8,Call,61700,6,19.92,17.1282,-22,390,933
25-Nov-2025,58509.8,Call,58700,827.1,9.42,17.1282,55,773,919
28-Oct-2025,58509.8,Put,61000,2515.9,26.74,17.1282,585,929,905
28-Oct-2025,58509.8,Call,57200,1320.8,0,17.1282,-315,3559,873
25-Nov-2025,58509.8,Put,58600,716.45,13.07,17.1282,213,326,861
30-Dec-2025,58509.8,Put,60000,1633.7,14.09,17.1282,575,718,852
28-Oct-2025,58509.8,Put,54300,11.5,30.45,17.1282,-210,1677,850
25-Nov-2025,58509.8,Call,62500,44.4,11.67,17.1282,91,1105,810
28-Oct-2025,58509.8,Put,46500,2.6,69.23,17.1282,22,1411,799
28-Oct-2025,58509.8,Put,47000,3.35,67.45,17.1282,141,1690,787
25-Nov-2025,58509.8,Call,59100,627.6,9.45,17.1282,55,492,760
25-Nov-2025,58509.8,Put,60000,1521.5,13.54,17.1282,202,1238,753
28-Oct-2025,58509.8,Call,64500,3,31.5,17.1282,44,612,744
30-Dec-2025,58509.8,Put,58500,878.4,13.56,17.1282,312,1183,742
28-Oct-2025,58509.8,Put,60000,1507.3,18.87,17.1282,-153,3193,739
28-Oct-2025,58509.8,Put,49500,4.6,54.95,17.1282,-3,1032,721
28-Oct-2025,58509.8,Call,61100,7.3,17.05,17.1282,99,484,717
25-Nov-2025,58509.8,Call,58900,724.75,9.52,17.1282,105,478,703
25-Nov-2025,58509.8,Put,57800,432,13.18,17.1282,159,566,678
30-Dec-2025,58509.8,Put,58000,707,13.56,17.1282,146,939,664
28-Oct-2025,58509.8,Put,59500,1032.35,15.35,17.1282,90,357,663
25-Nov-2025,58509.8,Put,58100,526.5,13.13,17.1282,39,893,661
25-Nov-2025,58509.8,Put,58700,755,12.97,17.1282,167,490,648
25-Nov-2025,58509.8,Put,57700,407.1,13.24,17.1282,26,651,636
28-Oct-2025,58509.8,Call,56800,1725,0,17.1282,-199,2786,630
25-Nov-2025,58509.8,Put,57300,310,13.38,17.1282,118,554,611
28-Oct-2025,58509.8,Put,53700,9.7,33.31,17.1282,-189,1287,606
28-Oct-2025,58509.8,Put,59100,687.35,13.66,17.1282,134,194,588
30-Dec-2025,58509.8,Put,56000,282.55,14.3,17.1282,127,1530,588
28-Oct-2025,58509.8,Call,61400,6.25,18.33,17.1282,107,369,586
30-Dec-2025,58509.8,Call,59000,1160.1,8.3,17.1282,277,517,580
28-Oct-2025,58509.8,Put,53300,9.25,35.48,17.1282,42,729,556
28-Oct-2025,58509.8,Put,59200,772.5,14.14,17.1282,114,190,521
25-Nov-2025,58509.8,Call,59300,545.05,9.51,17.1282,156,334,502
25-Nov-2025,58509.8,Put,58800,800,12.99,17.1282,82,235,492
25-Nov-2025,58509.8,Call,65000,17.85,15.08,17.1282,297,676,491
28-Oct-2025,58509.8,Call,61600,5.8,19.26,17.1282,62,159,474
25-Nov-2025,58509.8,Put,52500,32.2,20.14,17.1282,99,901,464
28-Oct-2025,58509.8,Put,53200,7.9,36.1,17.1282,-39,630,458
28-Oct-2025,58509.8,Put,53800,9.7,32.7,17.1282,-123,795,457
25-Nov-2025,58509.8,Put,54600,71.5,16.49,17.1282,84,395,439
25-Nov-2025,58509.8,Put,57200,291.1,13.44,17.1282,-21,495,437
30-Dec-2025,58509.8,Put,59000,1087.9,13.63,17.1282,182,364,437
28-Oct-2025,58509.8,Call,65500,3.2,36.16,17.1282,156,239,426
25-Nov-2025,58509.8,Put,53500,43,18.18,17.1282,44,2352,422
28-Oct-2025,58509.8,Call,55000,3514.85,0,17.1282,-248,15204,420
25-Nov-2025,58509.8,Put,57900,460.2,13.14,17.1282,159,496,409
30-Dec-2025,58509.8,Put,55000,180,14.86,17.1282,-78,1554,407
25-Nov-2025,58509.8,Put,62000,3262.1,17.67,17.1282,256,479,394
25-Nov-2025,58509.8,Put,50000,20,25.08,17.1282,130,1605,390
28-Oct-2025,58509.8,Call,55500,3011.8,0,17.1282,-169,6930,385
28-Oct-2025,58509.8,Put,52900,8.5,37.4,17.1282,91,324,381
28-Oct-2025,58509.8,Put,50500,5.9,50.1,17.1282,3,1018,373
25-Nov-2025,58509.8,Put,59500,1182.2,13.17,17.1282,178,473,373
28-Oct-2025,58509.8,Put,53400,9.15,34.76,17.1282,64,522,371
28-Oct-2025,58509.8,Put,53100,7.7,35.81,17.1282,-130,330,371
25-Nov-2025,58509.8,Call,57800,1401,8.8,17.1282,-9,264,371
25-Nov-2025,58509.8,Put,48000,17.75,29.97,17.1282,128,1427,368
25-Nov-2025,58509.8,Call,59800,361.35,9.68,17.1282,35,281,367
30-Dec-2025,58509.8,Put,57500,572,13.67,17.1282,-106,613,357
28-Oct-2025,58509.8,Call,56700,1835,0,17.1282,-134,2755,353
25-Nov-2025,58509.8,Put,52000,30.5,21.12,17.1282,84,1689,333
30-Dec-2025,58509.8,Call,58000,1736,7.42,17.1282,66,644,318
25-Nov-2025,58509.8,Put,55200,91,15.66,17.1282,-58,316,315
25-Nov-2025,58509.8,Put,57600,380.95,13.23,17.1282,64,390,308
28-Oct-2025,58509.8,Call,62200,5.6,22.31,17.1282,103,217,295
25-Nov-2025,58509.8,Call,56000,2889.9,0,17.1282,48,3197,277
28-Oct-2025,58509.8,Put,51300,5.7,45.41,17.1282,-4,179,274
28-Oct-2025,58509.8,Put,53600,9.1,33.5,17.1282,101,1043,270
25-Nov-2025,58509.8,Call,59400,495.75,9.8,17.1282,13,255,269
25-Nov-2025,58509.8,Call,57900,1342,9.33,17.1282,-94,330,264
28-Oct-2025,58509.8,Call,54000,4515,0,17.1282,-145,5820,260
25-Nov-2025,58509.8,Put,57100,276,13.51,17.1282,32,424,260
30-Dec-2025,58509.8,Put,54000,118,15.6,17.1282,55,4263,259
25-Nov-2025,58509.8,Put,56900,238.6,13.65,17.1282,35,218,258
28-Oct-2025,58509.8,Call,56600,1930,0,17.1282,-61,2185,255
25-Nov-2025,58509.8,Put,56800,223.1,13.76,17.1282,68,797,234
25-Nov-2025,58509.8,Call,56500,2429.7,0,17.1282,-59,1185,225
28-Oct-2025,58509.8,Put,63000,4490,39.85,17.1282,-58,929,223
28-Oct-2025,58509.8,Put,47500,3.15,64.38,17.1282,4,1335,210
25-Nov-2025,58509.8,Put,58900,850,12.85,17.1282,115,187,209
25-Nov-2025,58509.8,Put,56600,197.85,13.92,17.1282,6,384,206
28-Oct-2025,58509.8,Call,61900,5.7,20.8,17.1282,26,102,204
30-Dec-2025,58509.8,Call,59500,900,8.48,17.1282,-18,418,195
28-Oct-2025,58509.8,Call,55400,3113.05,0,17.1282,-107,1152,187
25-Nov-2025,58509.8,Call,55000,3835.7,0,17.1282,75,1735,183
30-Dec-2025,58509.8,Put,51000,55.2,19.48,17.1282,-36,1287.57142857,181
25-Nov-2025,58509.8,Put,47000,14.65,31.87,17.1282,147,312,177
28-Oct-2025,58509.8,Call,62400,4.95,22.52,17.1282,-70,26,172
30-Dec-2025,58509.8,Put,55500,223.15,14.47,17.1282,42.2857142857,2109,171
30-Dec-2025,58509.8,Put,52500,67.05,16.85,17.1282,-32,2311.28571429,165
30-Dec-2025,58509.8,Call,57000,2484.4,0,17.1282,-20,3246,158
28-Oct-2025,58509.8,Call,61800,6.35,20.57,17.1282,-30,146,156
25-Nov-2025,58509.8,Put,54700,72,16.39,17.1282,9,347,155
25-Nov-2025,58509.8,Put,55600,115.65,15.21,17.1282,-36,535,151
25-Nov-2025,58509.8,Call,59600,420,9.53,17.1282,80,80,149
25-Nov-2025,58509.8,Put,56100,145.55,14.47,17.1282,16,224,149
28-Oct-2025,58509.8,Put,52400,6.5,39.79,17.1282,-35,219,139
25-Nov-2025,58509.8,Put,56300,169,14.26,17.1282,34,247,138
25-Nov-2025,58509.8,Put,56700,213,13.83,17.1282,58,443,138
28-Oct-2025,58509.8,Put,52300,8.85,41.38,17.1282,-3,195,137
31-Mar-2026,58509.8,Put,57000,656,13.78,17.1282,-9,3900,137
28-Oct-2025,58509.8,Put,52600,7.6,38.68,17.1282,11,201,135
25-Nov-2025,58509.8,Call,59900,333.7,9.59,17.1282,12,168,135
30-Dec-2025,58509.8,Call,64500,59.8,11.12,17.1282,6,310,135
28-Oct-2025,58509.8,Call,62800,5.45,25.28,17.1282,56,56,133
28-Oct-2025,58509.8,Call,54500,4010,0,17.1282,-85,5768,129
28-Oct-2025,58509.8,Call,55300,3185,0,17.1282,-44,2400,127
25-Nov-2025,58509.8,Call,57600,1521.2,8.72,17.1282,-35,178,127
30-Dec-2025,58509.8,Put,53000,88.9,16.92,17.1282,-20,523,122
25-Nov-2025,58509.8,Put,59100,948.65,12.98,17.1282,26,114,118
25-Nov-2025,58509.8,Call,59700,390,9.6,17.1282,63,63,116
25-Nov-2025,58509.8,Call,53000,5750,0,17.1282,-52,238,116
25-Nov-2025,58509.8,Put,57400,334.6,13.31,17.1282,4,261,116
28-Oct-2025,58509.8,Put,51700,7.95,43.15,17.1282,0,66,110
28-Oct-2025,58509.8,Put,59400,960,14.96,17.1282,42,50,108
28-Oct-2025,58509.8,Call,56100,2445.8,0,17.1282,-72,1325,106
25-Nov-2025,58509.8,Call,55500,3362.6,0,17.1282,13,1330,105
25-Nov-2025,58509.8,Put,61000,2320.55,14.79,17.1282,-11,94,102
28-Oct-2025,58509.8,Put,52100,6.45,41.85,17.1282,-3,152,100
28-Oct-2025,58509.8,Put,62000,3512.1,31.79,17.1282,-30,443,99
28-Oct-2025,58509.8,Call,62300,5.25,22.64,17.1282,-29,33,97
25-Nov-2025,58509.8,Put,56400,174.5,14.19,17.1282,57,254,97
25-Nov-2025,58509.8,Call,57700,1475,8.95,17.1282,11,290,96
28-Oct-2025,58509.8,Put,51600,5.65,43.32,17.1282,-7,103,91
25-Nov-2025,58509.8,Put,55800,127.8,14.86,17.1282,10,299,85
25-Nov-2025,58509.8,Put,63000,4200,20.19,17.1282,71,181,81
28-Oct-2025,58509.8,Call,53000,5515.35,0,17.1282,-37,957,80
25-Nov-2025,58509.8,Put,55400,101,15.5,17.1282,2,171,79
25-Nov-2025,58509.8,Call,54000,4787,0,17.1282,49,1062,78
31-Mar-2026,58509.8,Call,60000,1690.5,7.17,17.1282,26,1116,78
25-Nov-2025,58509.8,Call,50000,8690,0,17.1282,66,872,77
28-Oct-2025,58509.8,Put,52800,7.45,37.47,17.1282,-8,585,76
28-Oct-2025,58509.8,Call,50000,8485,0,17.1282,-74,2735,76
25-Nov-2025,58509.8,Call,60300,230.1,9.71,17.1282,65,65,74
25-Nov-2025,58509.8,Put,55900,135.55,14.75,17.1282,4,222,73
25-Nov-2025,58509.8,Put,46000,11,33.39,17.1282,11,301,71
28-Oct-2025,58509.8,Put,52700,7.45,40.01,17.1282,-41,377,67
28-Oct-2025,58509.8,Call,55700,2814.45,0,17.1282,-16,2735,66
30-Dec-2025,58509.8,Call,57500,2093.4,5.85,17.1282,11,252,66
25-Nov-2025,58509.8,Call,61100,119,10.27,17.1282,41,87,65
25-Nov-2025,58509.8,Call,64500,18.05,14.44,17.1282,27,98,64
28-Oct-2025,58509.8,Call,48000,10484.4,0,17.1282,-60,1887,63
25-Nov-2025,58509.8,Put,55700,116.75,14.84,17.1282,3,126,61
25-Nov-2025,58509.8,Put,59200,1004.5,12.92,17.1282,43,65,61
28-Oct-2025,58509.8,Call,55800,2730,0,17.1282,-40,1418,59
25-Nov-2025,58509.8,Call,52000,6727.4,0,17.1282,34,289,59
30-Dec-2025,58509.8,Put,58200,777.75,13.55,17.1282,12,42,59
28-Oct-2025,58509.8,Call,55900,2616.05,0,17.1282,-17,1054,58
28-Oct-2025,58509.8,Call,55200,3305.3,0,17.1282,-33,802,57
28-Oct-2025,58509.8,Put,52200,6.25,40.24,17.1282,-9,128,57
25-Nov-2025,58509.8,Put,51000,22.4,22.82,17.1282,34,252,57
28-Oct-2025,58509.8,Put,59300,861.45,14.15,17.1282,11,52,55
28-Oct-2025,58509.8,Call,55600,2925.55,0,17.1282,-3,2410,54
28-Oct-2025,58509.8,Call,62600,4.7,23.83,17.1282,-18,27,54
30-Dec-2025,58509.8,Put,54500,145.45,15.22,17.1282,-16,1402,54
31-Mar-2026,58509.8,Put,54000,260,14.76,17.1282,1,218,52
28-Oct-2025,58509.8,Put,50100,5,51.56,17.1282,-1,102,50
25-Nov-2025,58509.8,Call,57100,1877.55,0,17.1282,-16,153,48
25-Nov-2025,58509.8,Call,57400,1692.2,8.27,17.1282,0,224,48
28-Oct-2025,58509.8,Call,52000,6510,0,17.1282,-40,1337,47
28-Oct-2025,58509.8,Put,50300,5.85,51.26,17.1282,-9,80,46
25-Nov-2025,58509.8,Put,54900,80,16.03,17.1282,-3,109,45
25-Nov-2025,58509.8,Call,48000,10655.85,0,17.1282,44,277,45
25-Nov-2025,58509.8,Put,51500,27.55,22.17,17.1282,14,201,45
25-Nov-2025,58509.8,Call,57200,1826.1,6.75,17.1282,17,278,45
25-Nov-2025,58509.8,Call,59200,586.6,9.57,17.1282,22,115,44
28-Oct-2025,58509.8,Put,49600,5.4,54.77,17.1282,27,112,43
28-Oct-2025,58509.8,Call,53500,4995,0,17.1282,-30,606,41
28-Oct-2025,58509.8,Call,55100,3415,0,17.1282,-17,842,39
28-Oct-2025,58509.8,Put,49900,4.55,52.22,17.1282,9,68,39
28-Oct-2025,58509.8,Put,51900,6.75,42.42,17.1282,-18,131,39
25-Nov-2025,58509.8,Call,56700,2277.85,0,17.1282,-17,223,39
28-Oct-2025,58509.8,Call,51000,7515,0,17.1282,-17,760,36
25-Nov-2025,58509.8,Call,53500,5242,0,17.1282,23,219,36
31-Mar-2026,58509.8,Put,60000,1666,14.06,17.1282,19,141,34
28-Oct-2025,58509.8,Call,62100,4.55,21.53,17.1282,-4,94,32
30-Dec-2025,58509.8,Put,56600,375,13.94,17.1282,-2,317,32
30-Dec-2025,58509.8,Call,56000,3257.15,0,17.1282,5,548,32
28-Oct-2025,58509.8,Put,51100,4.3,44.91,17.1282,-26,83,31
30-Dec-2025,58509.8,Put,61000,2310,14.84,17.1282,12,32,29
28-Oct-2025,58509.8,Put,49700,4.6,53.46,17.1282,1,79,28
28-Oct-2025,58509.8,Call,54600,3925,0,17.1282,-5,847,27
28-Oct-2025,58509.8,Put,50600,5.6,49.21,17.1282,-4,64,27
25-Nov-2025,58509.8,Put,59300,1083,13.27,17.1282,17,39,26
25-Nov-2025,58509.8,Call,57300,1760,7.67,17.1282,-4,142,25
30-Dec-2025,58509.8,Call,64000,70.75,10.62,17.1282,22,27,25
30-Dec-2025,58509.8,Put,53500,100.05,16.07,17.1282,-15,824,25
28-Oct-2025,58509.8,Put,49100,4.05,56.27,17.1282,19,87,24
30-Dec-2025,58509.8,Put,58300,837.8,13.81,17.1282,13,25,24
28-Oct-2025,58509.8,Put,59700,1214,15.27,17.1282,14,20,22
28-Oct-2025,58509.8,Put,48900,4.85,58.54,17.1282,10,37,22
28-Oct-2025,58509.8,Put,51400,6.65,45.35,17.1282,-3,181,22
28-Oct-2025,58509.8,Put,49800,4.6,52.87,17.1282,0,106,21
25-Nov-2025,58509.8,Put,49500,19.25,26.41,17.1282,-4,139,20
30-Dec-2025,58509.8,Call,55500,3750,0,17.1282,-14,853,20
25-Nov-2025,58509.8,Put,56200,156.15,14.32,17.1282,1,257,19
30-Dec-2025,58509.8,Call,59100,1104.9,8.07,17.1282,5,25,19
28-Oct-2025,58509.8,Put,51200,4.15,44.16,17.1282,2,112,18
28-Oct-2025,58509.8,Call,54400,4072.45,0,17.1282,-3,426,18
28-Oct-2025,58509.8,Put,48700,5.8,60.9,17.1282,7,73,18
25-Nov-2025,58509.8,Call,56400,2504.65,0,17.1282,-5,64,18
30-Dec-2025,58509.8,Put,58100,750.15,13.62,17.1282,1,47,17
25-Nov-2025,58509.8,Put,49000,20.4,27.82,17.1282,11,609,17
30-Dec-2025,58509.8,Put,60500,1935.15,14.18,17.1282,8,16,17
25-Nov-2025,58509.8,Put,55100,86.05,15.77,17.1282,0,62,16
25-Nov-2025,58509.8,Put,65000,6185.1,26.01,17.1282,13,39,16
28-Oct-2025,58509.8,Put,51800,5.25,41.78,17.1282,0,163,15
25-Nov-2025,58509.8,Call,51000,7716.05,0,17.1282,7,139,14
25-Nov-2025,58509.8,Put,50500,22,24.09,17.1282,-11,33,14
30-Dec-2025,58509.8,Put,51500,55,18.32,17.1282,8,15,14
31-Mar-2026,58509.8,Put,58500,1100,14.01,17.1282,10,60,14
28-Oct-2025,58509.8,Put,63500,4993.15,42.24,17.1282,-6,224,13
25-Nov-2025,58509.8,Call,56800,2185.05,0,17.1282,0,139,13
30-Dec-2025,58509.8,Put,58400,850,13.55,17.1282,1,16,13
30-Dec-2025,58509.8,Put,52000,63,17.73,17.1282,5,40,13
25-Nov-2025,58509.8,Put,48500,18.9,28.3,17.1282,0,34,11
31-Mar-2026,58509.8,Call,57000,3600,0,17.1282,-8,487,11
28-Oct-2025,58509.8,Call,54900,3585.4,0,17.1282,-3,1103,10
28-Oct-2025,58509.8,Put,50200,4.8,50.74,17.1282,2,146,10
25-Nov-2025,58509.8,Call,55400,3426.85,0,17.1282,-2,138,10
25-Nov-2025,58509.8,Call,54200,4300,0,17.1282,0,12,10
25-Nov-2025,58509.8,Call,54500,4300,0,17.1282,5,315,10
30-Dec-2025,58509.8,Call,50000,8940,0,17.1282,6,96,10
28-Oct-2025,58509.8,Call,54700,3819.9,0,17.1282,-7,690,9
28-Oct-2025,58509.8,Call,54800,3707.2,0,17.1282,-4,1294,9
28-Oct-2025,58509.8,Call,62700,4.7,24.33,17.1282,2,45,9
30-Dec-2025,58509.8,Call,54000,5104.45,0,17.1282,-2,460,8
28-Oct-2025,58509.8,Put,59900,1402.9,16.27,17.1282,0,24,7
28-Oct-2025,58509.8,Call,54200,4294.3,0,17.1282,0,412,7
25-Nov-2025,58509.8,Put,59600,1243.45,13.08,17.1282,3,26,7
28-Oct-2025,58509.8,Put,50900,4.15,45.89,17.1282,0,128,7
25-Nov-2025,58509.8,Put,46500,11.3,32.18,17.1282,4,20,7
25-Nov-2025,58509.8,Put,60500,1900,13.97,17.1282,1,12,7
30-Dec-2025,58509.8,Put,57200,516.25,14,17.1282,-1,19,7
31-Mar-2026,58509.8,Call,58500,2550,4.88,17.1282,-1,159,7
28-Oct-2025,58509.8,Put,59800,1392.65,20.75,17.1282,5,11,6
28-Oct-2025,58509.8,Put,48800,5.5,59.94,17.1282,1,278,6
25-Nov-2025,58509.8,Put,54100,53.75,17.09,17.1282,-3,122,6
30-Dec-2025,58509.8,Call,48000,10789,0,17.1282,3,50,6
28-Oct-2025,58509.8,Put,60500,2030,23.36,17.1282,1,17,5
28-Oct-2025,58509.8,Call,49000,9495.25,0,17.1282,-4,488,5
25-Nov-2025,58509.8,Call,55900,2972.3,0,17.1282,-1,72,5
25-Nov-2025,58509.8,Call,55700,3156.7,0,17.1282,2,23,5
25-Nov-2025,58509.8,Call,56100,2790.85,0,17.1282,0,47,5
25-Nov-2025,58509.8,Put,59400,1130.6,13.14,17.1282,1,26,5
30-Dec-2025,58509.8,Put,57100,480,13.85,17.1282,-3,49,5
30-Dec-2025,58509.8,Put,59500,1349.45,13.8,17.1282,1,29,5
28-Oct-2025,58509.8,Call,52500,6000,0,17.1282,-1,169,4
25-Nov-2025,58509.8,Call,50500,8200,0,17.1282,1,10,4
30-Dec-2025,58509.8,Put,53700,127.5,16.51,17.1282,0,0,4
30-Dec-2025,58509.8,Put,48500,35,22.86,17.1282,0,130,4
30-Dec-2025,58509.8,Call,55000,4121.4,0,17.1282,2,140,4
30-Dec-2025,58509.8,Put,47000,21.1,24.12,17.1282,2,22,4
28-Oct-2025,58509.8,Call,51500,6975,0,17.1282,0,37,3
28-Oct-2025,58509.8,Call,54300,4200,0,17.1282,0,337,3
25-Nov-2025,58509.8,Call,56200,2670.2,0,17.1282,0,115,3
30-Dec-2025,58509.8,Put,57900,687.05,13.65,17.1282,0,37,3
30-Dec-2025,58509.8,Call,57600,1993.65,5.59,17.1282,0,31,3
28-Oct-2025,58509.8,Call,54100,4464.85,31.22,17.1282,-1,235,2
28-Oct-2025,58509.8,Call,47000,11500,0,17.1282,-1,331,2
28-Oct-2025,58509.8,Call,46500,11995.6,0,17.1282,-1,32,2
28-Oct-2025,58509.8,Call,50500,7985,0,17.1282,-1,83,2
25-Nov-2025,58509.8,Call,51500,7175,0,17.1282,0,23,2
25-Nov-2025,58509.8,Call,52500,6150,0,17.1282,0,17,2
25-Nov-2025,58509.8,Put,47500,15,30.64,17.1282,1,33,2
30-Dec-2025,58509.8,Call,56100,3000,0,17.1282,0,6,2
30-Dec-2025,58509.8,Put,53800,118,15.99,17.1282,1,1,2
30-Dec-2025,58509.8,Put,53600,110,16.19,17.1282,1,1,2
30-Dec-2025,58509.8,Call,56500,2815.85,0,17.1282,0,96,2
30-Dec-2025,58509.8,Call,58800,1278.75,8.41,17.1282,1,1,2
30-Dec-2025,58509.8,Call,58600,1429,8.66,17.1282,0,16,2
30-Dec-2025,58509.8,Call,52000,6989.05,0,17.1282,1,10,2
28-Oct-2025,58509.8,Call,53800,4700,0,17.1282,0,91,1
25-Nov-2025,58509.8,Call,49000,9255,0,17.1282,0,3,1
25-Nov-2025,58509.8,Call,56600,2402.1,7.21,17.1282,0,115,1
25-Nov-2025,58509.8,Call,61400,196.4,13.18,17.1282,0,0,1
30-Dec-2025,58509.8,Call,51000,7825,0,17.1282,0,118.428571429,1
30-Dec-2025,58509.8,Call,50500,8425,0,17.1282,0,0,1
30-Dec-2025,58509.8,Call,58100,1500,4.41,17.1282,0,8,1
30-Dec-2025,58509.8,Call,58200,1420,4.58,17.1282,0,24,1
28-Oct-2025,58509.8,Put,61500,0,0,17.1282,0,5,0
28-Oct-2025,58509.8,Put,62500,0,0,17.1282,0,1,0
28-Oct-2025,58509.8,Put,61900,0,0,17.1282,0,0,0
28-Oct-2025,58509.8,Put,60900,0,0,17.1282,0,3,0
28-Oct-2025,58509.8,Put,62100,0,0,17.1282,0,0,0
28-Oct-2025,58509.8,Put,64500,0,0,17.1282,0,0,0
28-Oct-2025,58509.8,Put,60800,0,0,17.1282,0,3,0
28-Oct-2025,58509.8,Put,61700,0,0,17.1282,0,0,0
28-Oct-2025,58509.8,Put,61800,0,0,17.1282,0,0,0
28-Oct-2025,58509.8,Put,60400,0,0,17.1282,0,6,0
28-Oct-2025,58509.8,Call,50400,0,0,17.1282,0,5,0
28-Oct-2025,58509.8,Call,47500,0,0,17.1282,0,1,0
28-Oct-2025,58509.8,Call,50100,0,0,17.1282,0,45,0
28-Oct-2025,58509.8,Call,46000,0,0,17.1282,0,20,0
28-Oct-2025,58509.8,Call,50200,0,0,17.1282,0,3,0
28-Oct-2025,58509.8,Put,61300,0,0,17.1282,0,0,0
28-Oct-2025,58509.8,Put,61400,0,0,17.1282,0,0,0
28-Oct-2025,58509.8,Put,61600,0,0,17.1282,0,0,0
28-Oct-2025,58509.8,Put,64000,0,0,17.1282,0,0,0
28-Oct-2025,58509.8,Call,50300,0,0,17.1282,0,5,0
28-Oct-2025,58509.8,Put,50400,0,0,17.1282,0,86,0
28-Oct-2025,58509.8,Call,51900,0,0,17.1282,0,14,0
28-Oct-2025,58509.8,Call,51600,0,0,17.1282,0,18,0
28-Oct-2025,58509.8,Call,51700,0,0,17.1282,0,18,0
28-Oct-2025,58509.8,Call,51400,0,0,17.1282,0,12,0
28-Oct-2025,58509.8,Call,52400,0,0,17.1282,0,9,0
28-Oct-2025,58509.8,Call,52100,0,0,17.1282,0,12,0
28-Oct-2025,58509.8,Call,51800,0,0,17.1282,0,20,0
28-Oct-2025,58509.8,Call,52600,0,0,17.1282,0,13,0
28-Oct-2025,58509.8,Call,52300,0,0,17.1282,0,14,0
28-Oct-2025,58509.8,Call,52800,0,0,17.1282,0,15,0
28-Oct-2025,58509.8,Call,52200,0,0,17.1282,0,11,0
28-Oct-2025,58509.8,Call,52700,0,0,17.1282,0,5,0
28-Oct-2025,58509.8,Call,52900,0,0,17.1282,0,40,0
28-Oct-2025,58509.8,Call,53100,0,0,17.1282,0,8,0
28-Oct-2025,58509.8,Call,48500,0,0,17.1282,0,25,0
28-Oct-2025,58509.8,Put,62400,0,0,17.1282,0,0,0
28-Oct-2025,58509.8,Put,65000,0,0,17.1282,0,2,0
28-Oct-2025,58509.8,Put,62200,0,0,17.1282,0,0,0
28-Oct-2025,58509.8,Put,62300,0,0,17.1282,0,0,0
28-Oct-2025,58509.8,Put,59600,0,0,17.1282,0,10,0
28-Oct-2025,58509.8,Put,60600,0,0,17.1282,0,16,0
28-Oct-2025,58509.8,Put,60700,0,0,17.1282,0,4,0
28-Oct-2025,58509.8,Call,53400,0,0,17.1282,0,148,0
28-Oct-2025,58509.8,Call,53600,0,0,17.1282,0,70,0
28-Oct-2025,58509.8,Call,53700,0,0,17.1282,0,142,0
28-Oct-2025,58509.8,Call,53900,0,0,17.1282,0,187,0
28-Oct-2025,58509.8,Put,60300,0,0,17.1282,0,4,0
28-Oct-2025,58509.8,Call,49500,0,0,17.1282,0,8,0
28-Oct-2025,58509.8,Call,49900,0,0,17.1282,0,1,0
28-Oct-2025,58509.8,Put,65500,0,0,17.1282,0,0,0
28-Oct-2025,58509.8,Put,62800,0,0,17.1282,0,0,0
28-Oct-2025,58509.8,Put,62600,0,0,17.1282,0,0,0
28-Oct-2025,58509.8,Put,62700,0,0,17.1282,0,0,0
28-Oct-2025,58509.8,Put,61100,0,0,17.1282,0,0,0
28-Oct-2025,58509.8,Call,53300,0,0,17.1282,0,17,0
28-Oct-2025,58509.8,Call,53200,0,0,17.1282,0,10,0
28-Oct-2025,58509.8,Call,49700,0,0,17.1282,0,1,0
28-Oct-2025,58509.8,Call,49600,0,0,17.1282,0,0,0
28-Oct-2025,58509.8,Put,50700,0,0,17.1282,0,53,0
28-Oct-2025,58509.8,Call,50700,0,0,17.1282,0,7,0
28-Oct-2025,58509.8,Call,50600,0,0,17.1282,0,5,0
28-Oct-2025,58509.8,Put,49400,0,0,17.1282,0,38,0
28-Oct-2025,58509.8,Put,49300,0,0,17.1282,0,58,0
28-Oct-2025,58509.8,Call,49200,0,0,17.1282,0,0,0
28-Oct-2025,58509.8,Call,51200,0,0,17.1282,0,10,0
28-Oct-2025,58509.8,Put,60200,0,0,17.1282,0,6,0
28-Oct-2025,58509.8,Call,48900,0,0,17.1282,0,0,0
28-Oct-2025,58509.8,Call,49800,0,0,17.1282,0,1,0
28-Oct-2025,58509.8,Call,49100,0,0,17.1282,0,0,0
28-Oct-2025,58509.8,Put,60100,0,0,17.1282,0,16,0
28-Oct-2025,58509.8,Call,49400,0,0,17.1282,0,0,0
28-Oct-2025,58509.8,Call,51100,0,0,17.1282,0,6,0
28-Oct-2025,58509.8,Call,51300,0,0,17.1282,0,11,0
28-Oct-2025,58509.8,Put,49200,0,0,17.1282,0,44,0
28-Oct-2025,58509.8,Call,48800,0,0,17.1282,0,2,0
28-Oct-2025,58509.8,Call,49300,0,0,17.1282,0,0,0
28-Oct-2025,58509.8,Put,62900,0,0,17.1282,0,0,0
25-Nov-2025,58509.8,Call,61200,0,0,17.1282,0,0,0
25-Nov-2025,58509.8,Call,62800,0,0,17.1282,0,0,0
25-Nov-2025,58509.8,Call,53700,0,0,17.1282,0,17,0
25-Nov-2025,58509.8,Call,53600,0,0,17.1282,0,19,0
25-Nov-2025,58509.8,Call,53400,0,0,17.1282,0,16,0
25-Nov-2025,58509.8,Call,53300,0,0,17.1282,0,12,0
25-Nov-2025,58509.8,Put,53200,0,0,17.1282,0,0,0
25-Nov-2025,58509.8,Call,53100,0,0,17.1282,0,13,0
25-Nov-2025,58509.8,Put,65500,0,0,17.1282,0,0,0
25-Nov-2025,58509.8,Call,65500,0,0,17.1282,0,0,0
25-Nov-2025,58509.8,Put,62900,0,0,17.1282,0,0,0
25-Nov-2025,58509.8,Call,49500,0,0,17.1282,0,2,0
25-Nov-2025,58509.8,Call,49400,0,0,17.1282,0,0,0
25-Nov-2025,58509.8,Call,49300,0,0,17.1282,0,0,0
25-Nov-2025,58509.8,Call,49200,0,0,17.1282,0,0,0
25-Nov-2025,58509.8,Call,49100,0,0,17.1282,0,0,0
25-Nov-2025,58509.8,Call,48900,0,0,17.1282,0,0,0
25-Nov-2025,58509.8,Call,48800,0,0,17.1282,0,0,0
25-Nov-2025,58509.8,Put,62800,0,0,17.1282,0,0,0
25-Nov-2025,58509.8,Put,52700,0,0,17.1282,0,0,0
25-Nov-2025,58509.8,Put,52600,0,0,17.1282,0,0,0
25-Nov-2025,58509.8,Put,51200,0,0,17.1282,0,0,0
25-Nov-2025,58509.8,Put,63500,0,0,17.1282,0,40,0
25-Nov-2025,58509.8,Put,61100,0,0,17.1282,0,1,0
25-Nov-2025,58509.8,Put,60800,0,0,17.1282,0,5,0
25-Nov-2025,58509.8,Call,60800,0,0,17.1282,0,0,0
25-Nov-2025,58509.8,Call,55800,0,0,17.1282,0,43,0
28-Oct-2025,58509.8,Call,48700,0,0,17.1282,0,0,0
28-Oct-2025,58509.8,Put,61200,0,0,17.1282,0,0,0
28-Oct-2025,58509.8,Call,50900,0,0,17.1282,0,6,0
28-Oct-2025,58509.8,Put,50800,0,0,17.1282,0,61,0
28-Oct-2025,58509.8,Call,50800,0,0,17.1282,0,6,0
25-Nov-2025,58509.8,Put,61700,0,0,17.1282,0,1,0
25-Nov-2025,58509.8,Call,61800,0,0,17.1282,0,0,0
25-Nov-2025,58509.8,Put,64500,0,0,17.1282,0,15,0
25-Nov-2025,58509.8,Put,61200,0,0,17.1282,0,2,0
25-Nov-2025,58509.8,Put,51600,0,0,17.1282,0,0,0
25-Nov-2025,58509.8,Call,47500,0,0,17.1282,0,0,0
25-Nov-2025,58509.8,Call,47000,0,0,17.1282,0,0,0
25-Nov-2025,58509.8,Call,49800,0,0,17.1282,0,0,0
25-Nov-2025,58509.8,Call,49700,0,0,17.1282,0,0,0
25-Nov-2025,58509.8,Call,49600,0,0,17.1282,0,0,0
25-Nov-2025,58509.8,Put,49200,0,0,17.1282,0,0,0
25-Nov-2025,58509.8,Call,48500,0,0,17.1282,0,0,0
25-Nov-2025,58509.8,Call,50200,0,0,17.1282,0,1,0
25-Nov-2025,58509.8,Call,50100,0,0,17.1282,0,0,0
25-Nov-2025,58509.8,Call,49900,0,0,17.1282,0,1,0
25-Nov-2025,58509.8,Call,51200,0,0,17.1282,0,7,0
25-Nov-2025,58509.8,Call,51100,0,0,17.1282,0,8,0
25-Nov-2025,58509.8,Call,50900,0,0,17.1282,0,7,0
25-Nov-2025,58509.8,Call,50800,0,0,17.1282,0,1,0
25-Nov-2025,58509.8,Call,50700,0,0,17.1282,0,2,0
25-Nov-2025,58509.8,Call,50600,0,0,17.1282,0,1,0
25-Nov-2025,58509.8,Call,50400,0,0,17.1282,0,1,0
25-Nov-2025,58509.8,Call,50300,0,0,17.1282,0,2,0
25-Nov-2025,58509.8,Call,51400,0,0,17.1282,0,9,0
25-Nov-2025,58509.8,Call,51300,0,0,17.1282,0,8,0
25-Nov-2025,58509.8,Call,55300,0,0,17.1282,0,33,0
25-Nov-2025,58509.8,Call,55200,0,0,17.1282,0,23,0
25-Nov-2025,58509.8,Call,55100,0,0,17.1282,0,27,0
25-Nov-2025,58509.8,Call,54800,0,0,17.1282,0,21,0
25-Nov-2025,58509.8,Put,54400,0,0,17.1282,0,1,0
25-Nov-2025,58509.8,Call,54400,0,0,17.1282,0,16,0
25-Nov-2025,58509.8,Call,53900,0,0,17.1282,0,19,0
25-Nov-2025,58509.8,Call,53800,0,0,17.1282,0,26,0
25-Nov-2025,58509.8,Call,56900,0,0,17.1282,0,70,0
25-Nov-2025,58509.8,Call,55600,0,0,17.1282,0,69,0
25-Nov-2025,58509.8,Call,52900,0,0,17.1282,0,13,0
25-Nov-2025,58509.8,Call,52800,0,0,17.1282,0,14,0
25-Nov-2025,58509.8,Put,59700,0,0,17.1282,0,23,0
25-Nov-2025,58509.8,Put,53100,0,0,17.1282,0,0,0
25-Nov-2025,58509.8,Put,53800,0,0,17.1282,0,3,0
25-Nov-2025,58509.8,Put,48800,0,0,17.1282,0,0,0
25-Nov-2025,58509.8,Call,54100,0,0,17.1282,0,18,0
25-Nov-2025,58509.8,Call,48700,0,0,17.1282,0,0,0
25-Nov-2025,58509.8,Call,60600,0,0,17.1282,0,0,0
25-Nov-2025,58509.8,Put,60600,0,0,17.1282,0,17,0
25-Nov-2025,58509.8,Put,50800,0,0,17.1282,0,0,0
25-Nov-2025,58509.8,Put,54800,0,0,17.1282,0,1,0
25-Nov-2025,58509.8,Put,51900,0,0,17.1282,0,0,0
25-Nov-2025,58509.8,Call,46000,0,0,17.1282,0,1,0
25-Nov-2025,58509.8,Put,52400,0,0,17.1282,0,0,0
25-Nov-2025,58509.8,Put,55300,0,0,17.1282,0,51,0
25-Nov-2025,58509.8,Put,59800,0,0,17.1282,0,21,0
25-Nov-2025,58509.8,Put,54200,0,0,17.1282,0,0,0
25-Nov-2025,58509.8,Put,51300,0,0,17.1282,0,0,0
25-Nov-2025,58509.8,Put,49900,0,0,17.1282,0,0,0
25-Nov-2025,58509.8,Call,54900,0,0,17.1282,0,50,0
25-Nov-2025,58509.8,Call,54600,0,0,17.1282,0,21,0
25-Nov-2025,58509.8,Put,49700,0,0,17.1282,0,0,0
25-Nov-2025,58509.8,Call,54300,0,0,17.1282,0,16,0
25-Nov-2025,58509.8,Put,59900,0,0,17.1282,0,22,0
25-Nov-2025,58509.8,Put,54300,0,0,17.1282,0,50,0
25-Nov-2025,58509.8,Put,52100,0,0,17.1282,0,0,0
25-Nov-2025,58509.8,Call,54700,0,0,17.1282,0,22,0
25-Nov-2025,58509.8,Call,62900,0,0,17.1282,0,0,0
25-Nov-2025,58509.8,Call,60700,0,0,17.1282,0,0,0
25-Nov-2025,58509.8,Put,48700,0,0,17.1282,0,0,0
25-Nov-2025,58509.8,Put,61500,0,0,17.1282,0,14,0
25-Nov-2025,58509.8,Put,52300,0,0,17.1282,0,0,0
25-Nov-2025,58509.8,Put,52200,0,0,17.1282,0,0,0
25-Nov-2025,58509.8,Put,53700,0,0,17.1282,0,0,0
25-Nov-2025,58509.8,Put,53600,0,0,17.1282,0,0,0
25-Nov-2025,58509.8,Call,52400,0,0,17.1282,0,15,0
25-Nov-2025,58509.8,Call,52300,0,0,17.1282,0,16,0
25-Nov-2025,58509.8,Call,52200,0,0,17.1282,0,15,0
25-Nov-2025,58509.8,Call,52100,0,0,17.1282,0,21,0
25-Nov-2025,58509.8,Call,51900,0,0,17.1282,0,14,0
25-Nov-2025,58509.8,Call,51800,0,0,17.1282,0,15,0
25-Nov-2025,58509.8,Call,51700,0,0,17.1282,0,12,0
25-Nov-2025,58509.8,Call,51600,0,0,17.1282,0,10,0
25-Nov-2025,58509.8,Call,60200,0,0,17.1282,0,0,0
25-Nov-2025,58509.8,Put,51800,0,0,17.1282,0,0,0
25-Nov-2025,58509.8,Put,51100,0,0,17.1282,0,0,0
25-Nov-2025,58509.8,Call,60400,0,0,17.1282,0,0,0
25-Nov-2025,58509.8,Put,60300,0,0,17.1282,0,19,0
25-Nov-2025,58509.8,Put,60400,0,0,17.1282,0,19,0
25-Nov-2025,58509.8,Put,61600,0,0,17.1282,0,2,0
25-Nov-2025,58509.8,Call,61600,0,0,17.1282,0,0,0
25-Nov-2025,58509.8,Call,56300,0,0,17.1282,0,86,0
25-Nov-2025,58509.8,Call,52700,0,0,17.1282,0,15,0
25-Nov-2025,58509.8,Call,52600,0,0,17.1282,0,19,0
25-Nov-2025,58509.8,Put,50400,0,0,17.1282,0,0,0
25-Nov-2025,58509.8,Put,50700,0,0,17.1282,0,0,0
25-Nov-2025,58509.8,Put,50600,0,0,17.1282,0,0,0
25-Nov-2025,58509.8,Put,60200,0,0,17.1282,0,19,0
25-Nov-2025,58509.8,Put,51400,0,0,17.1282,0,0,0
25-Nov-2025,58509.8,Put,61800,0,0,17.1282,0,1,0
25-Nov-2025,58509.8,Call,61700,0,0,17.1282,0,0,0
25-Nov-2025,58509.8,Put,60100,0,0,17.1282,0,35,0
25-Nov-2025,58509.8,Call,62100,0,0,17.1282,0,0,0
25-Nov-2025,58509.8,Put,61900,0,0,17.1282,0,1,0
25-Nov-2025,58509.8,Put,62400,0,0,17.1282,0,1,0
25-Nov-2025,58509.8,Put,62300,0,0,17.1282,0,1,0
25-Nov-2025,58509.8,Call,62300,0,0,17.1282,0,0,0
25-Nov-2025,58509.8,Put,62100,0,0,17.1282,0,1,0
25-Nov-2025,58509.8,Put,50300,0,0,17.1282,0,8,0
25-Nov-2025,58509.8,Put,49600,0,0,17.1282,0,0,0
25-Nov-2025,58509.8,Call,63500,0,0,17.1282,0,0,0
25-Nov-2025,58509.8,Put,60900,0,0,17.1282,0,4,0
25-Nov-2025,58509.8,Call,60900,0,0,17.1282,0,0,0
25-Nov-2025,58509.8,Call,61900,0,0,17.1282,0,0,0
25-Nov-2025,58509.8,Put,50900,0,0,17.1282,0,1,0
25-Nov-2025,58509.8,Put,60700,0,0,17.1282,0,14,0
30-Dec-2025,58509.8,Call,60200,0,0,17.1282,0,0,0
30-Dec-2025,58509.8,Put,60100,0,0,17.1282,0,5,0
30-Dec-2025,58509.8,Put,54100,0,0,17.1282,0,0,0
30-Dec-2025,58509.8,Put,56700,0,0,17.1282,0,34,0
30-Dec-2025,58509.8,Call,62600,0,0,17.1282,0,0,0
30-Dec-2025,58509.8,Call,62700,0,0,17.1282,0,0,0
30-Dec-2025,58509.8,Put,62700,0,0,17.1282,0,0,0
30-Dec-2025,58509.8,Put,58900,0,0,17.1282,0,11,0
30-Dec-2025,58509.8,Put,58800,0,0,17.1282,0,9,0
30-Dec-2025,58509.8,Put,58700,0,0,17.1282,0,24,0
30-Dec-2025,58509.8,Put,58600,0,0,17.1282,0,13,0
30-Dec-2025,58509.8,Put,57700,0,0,17.1282,0,28,0
30-Dec-2025,58509.8,Put,57600,0,0,17.1282,0,52,0
30-Dec-2025,58509.8,Put,57400,0,0,17.1282,0,38,0
30-Dec-2025,58509.8,Put,52900,0,0,17.1282,0,0,0
30-Dec-2025,58509.8,Put,59400,0,0,17.1282,0,5,0
25-Nov-2025,58509.8,Put,50200,0,0,17.1282,0,0,0
25-Nov-2025,58509.8,Put,50100,0,0,17.1282,0,0,0
25-Nov-2025,58509.8,Put,53900,0,0,17.1282,0,50,0
25-Nov-2025,58509.8,Call,62600,0,0,17.1282,0,0,0
25-Nov-2025,58509.8,Put,51700,0,0,17.1282,0,0,0
25-Nov-2025,58509.8,Put,49400,0,0,17.1282,0,4,0
25-Nov-2025,58509.8,Call,62700,0,0,17.1282,0,0,0
25-Nov-2025,58509.8,Put,62600,0,0,17.1282,0,1,0
25-Nov-2025,58509.8,Put,62700,0,0,17.1282,0,0,0
25-Nov-2025,58509.8,Call,46500,0,0,17.1282,0,0,0
25-Nov-2025,58509.8,Put,49100,0,0,17.1282,0,0,0
25-Nov-2025,58509.8,Put,62500,0,0,17.1282,0,11,0
25-Nov-2025,58509.8,Call,53200,0,0,17.1282,0,17,0
25-Nov-2025,58509.8,Put,52900,0,0,17.1282,0,0,0
25-Nov-2025,58509.8,Put,49800,0,0,17.1282,0,0,0
25-Nov-2025,58509.8,Put,49300,0,0,17.1282,0,0,0
25-Nov-2025,58509.8,Call,62400,0,0,17.1282,0,0,0
25-Nov-2025,58509.8,Put,62200,0,0,17.1282,0,2,0
25-Nov-2025,58509.8,Call,62200,0,0,17.1282,0,0,0
25-Nov-2025,58509.8,Put,52800,0,0,17.1282,0,0,0
25-Nov-2025,58509.8,Put,61400,0,0,17.1282,0,2,0
25-Nov-2025,58509.8,Put,61300,0,0,17.1282,0,1,0
25-Nov-2025,58509.8,Call,61300,0,0,17.1282,0,0,0
25-Nov-2025,58509.8,Put,64000,0,0,17.1282,0,7,0
25-Nov-2025,58509.8,Call,64000,0,0,17.1282,0,0,0
25-Nov-2025,58509.8,Call,60100,0,0,17.1282,0,0,0
25-Nov-2025,58509.8,Put,53400,0,0,17.1282,0,1,0
25-Nov-2025,58509.8,Put,53300,0,0,17.1282,0,1,0
25-Nov-2025,58509.8,Put,48900,0,0,17.1282,0,0,0
30-Dec-2025,58509.8,Put,60300,0,0,17.1282,0,6,0
30-Dec-2025,58509.8,Put,51100,0,0,17.1282,0,0,0
30-Dec-2025,58509.8,Call,60300,0,0,17.1282,0,0,0
30-Dec-2025,58509.8,Put,49600,0,0,17.1282,0,0,0
30-Dec-2025,58509.8,Call,62500,0,0,17.1282,0,1,0
30-Dec-2025,58509.8,Call,59800,0,0,17.1282,0,0,0
30-Dec-2025,58509.8,Put,59700,0,0,17.1282,0,4,0
30-Dec-2025,58509.8,Put,49700,0,0,17.1282,0,0,0
30-Dec-2025,58509.8,Put,51600,0,0,17.1282,0,0,0
30-Dec-2025,58509.8,Put,50100,0,0,17.1282,0,0,0
30-Dec-2025,58509.8,Put,60200,0,0,17.1282,0,5,0
30-Dec-2025,58509.8,Put,51200,0,0,17.1282,0,0,0
30-Dec-2025,58509.8,Put,59900,0,0,17.1282,0,2,0
30-Dec-2025,58509.8,Put,56900,0,0,17.1282,0,28,0
30-Dec-2025,58509.8,Put,50400,0,0,17.1282,0,0,0
30-Dec-2025,58509.8,Call,60100,0,0,17.1282,0,0,0
30-Dec-2025,58509.8,Call,59700,0,0,17.1282,0,0,0
30-Dec-2025,58509.8,Call,54900,0,0,17.1282,0,1,0
30-Dec-2025,58509.8,Put,55100,0,0,17.1282,0,0,0
30-Dec-2025,58509.8,Put,54800,0,0,17.1282,0,0,0
30-Dec-2025,58509.8,Put,55300,0,0,17.1282,0,0,0
30-Dec-2025,58509.8,Call,55800,0,0,17.1282,0,3,0
30-Dec-2025,58509.8,Call,55400,0,0,17.1282,0,2,0
30-Dec-2025,58509.8,Call,59900,0,0,17.1282,0,0,0
30-Dec-2025,58509.8,Put,54900,0,0,17.1282,0,0,0
30-Dec-2025,58509.8,Call,53300,0,0,17.1282,0,0,0
30-Dec-2025,58509.8,Call,52100,0,0,17.1282,0,0,0
30-Dec-2025,58509.8,Call,51800,0,0,17.1282,0,0,0
30-Dec-2025,58509.8,Call,51400,0,0,17.1282,0,0,0
30-Dec-2025,58509.8,Call,50900,0,0,17.1282,0,0,0
30-Dec-2025,58509.8,Call,60900,0,0,17.1282,0,0,0
30-Dec-2025,58509.8,Call,61000,0,0,17.1282,0,0,0
30-Dec-2025,58509.8,Call,60500,0,0,17.1282,0,0,0
30-Dec-2025,58509.8,Put,59100,0,0,17.1282,0,6,0
30-Dec-2025,58509.8,Put,57800,0,0,17.1282,0,40,0
30-Dec-2025,58509.8,Put,62200,0,0,17.1282,0,0,0
30-Dec-2025,58509.8,Call,62200,0,0,17.1282,0,0,0
30-Dec-2025,58509.8,Put,61900,0,0,17.1282,0,0,0
30-Dec-2025,58509.8,Put,56800,0,0,17.1282,0,50,0
30-Dec-2025,58509.8,Call,65000,0,0,17.1282,0,0,0
30-Dec-2025,58509.8,Put,62300,0,0,17.1282,0,0,0
30-Dec-2025,58509.8,Call,62300,0,0,17.1282,0,0,0
30-Dec-2025,58509.8,Put,55800,0,0,17.1282,0,0,0
30-Dec-2025,58509.8,Put,55700,0,0,17.1282,0,6,0
30-Dec-2025,58509.8,Put,50700,0,0,17.1282,0,0,0
30-Dec-2025,58509.8,Put,60800,0,0,17.1282,0,10,0
30-Dec-2025,58509.8,Call,60600,0,0,17.1282,0,0,0
30-Dec-2025,58509.8,Call,60400,0,0,17.1282,0,0,0
30-Dec-2025,58509.8,Put,57300,0,0,17.1282,0,33,0
30-Dec-2025,58509.8,Put,56500,0,0,17.1282,0,0,0
30-Dec-2025,58509.8,Put,56400,0,0,17.1282,0,0,0
30-Dec-2025,58509.8,Put,56300,0,0,17.1282,0,0,0
30-Dec-2025,58509.8,Put,54700,0,0,17.1282,0,0,0
30-Dec-2025,58509.8,Put,62500,0,0,17.1282,0,12,0
30-Dec-2025,58509.8,Put,59200,0,0,17.1282,0,1,0
30-Dec-2025,58509.8,Put,63000,0,0,17.1282,0,9,0
30-Dec-2025,58509.8,Put,61500,0,0,17.1282,0,5,0
30-Dec-2025,58509.8,Put,62000,0,0,17.1282,0,7,0
30-Dec-2025,58509.8,Put,52400,0,0,17.1282,0,0,0
30-Dec-2025,58509.8,Put,61800,0,0,17.1282,0,0,0
30-Dec-2025,58509.8,Call,61800,0,0,17.1282,0,0,0
30-Dec-2025,58509.8,Call,57700,0,0,17.1282,0,73,0
30-Dec-2025,58509.8,Call,57300,0,0,17.1282,0,9,0
30-Dec-2025,58509.8,Call,57200,0,0,17.1282,0,16,0
30-Dec-2025,58509.8,Call,55700,0,0,17.1282,0,3,0
30-Dec-2025,58509.8,Put,55400,0,0,17.1282,0,0,0
30-Dec-2025,58509.8,Call,57100,0,0,17.1282,0,11,0
30-Dec-2025,58509.8,Call,56200,0,0,17.1282,0,3,0
30-Dec-2025,58509.8,Call,56600,0,0,17.1282,0,2,0
30-Dec-2025,58509.8,Call,56900,0,0,17.1282,0,9,0
30-Dec-2025,58509.8,Put,55200,0,0,17.1282,0,0,0
30-Dec-2025,58509.8,Call,61700,0,0,17.1282,0,0,0
30-Dec-2025,58509.8,Put,61300,0,0,17.1282,0,3,0
30-Dec-2025,58509.8,Put,59300,0,0,17.1282,0,7,0
30-Dec-2025,58509.8,Call,61200,0,0,17.1282,0,0,0
30-Dec-2025,58509.8,Put,61100,0,0,17.1282,0,2,0
30-Dec-2025,58509.8,Put,64000,0,0,17.1282,0,5,0
30-Dec-2025,58509.8,Put,61600,0,0,17.1282,0,3,0
30-Dec-2025,58509.8,Put,61400,0,0,17.1282,0,3,0
30-Dec-2025,58509.8,Put,56200,0,0,17.1282,0,0,0
30-Dec-2025,58509.8,Put,56100,0,0,17.1282,0,0,0
30-Dec-2025,58509.8,Put,52800,0,0,17.1282,0,0,0
30-Dec-2025,58509.8,Put,52700,0,0,17.1282,0,0,0
30-Dec-2025,58509.8,Put,52600,0,0,17.1282,0,0,0
30-Dec-2025,58509.8,Put,51900,0,0,17.1282,0,0,0
30-Dec-2025,58509.8,Put,53200,0,0,17.1282,0,5,0
30-Dec-2025,58509.8,Put,49900,0,0,17.1282,0,0,0
30-Dec-2025,58509.8,Put,49800,0,0,17.1282,0,0,0
30-Dec-2025,58509.8,Call,61500,0,0,17.1282,0,2,0
30-Dec-2025,58509.8,Put,65000,0,0,17.1282,0,0,0
30-Dec-2025,58509.8,Put,47500,0,0,17.1282,0,50,0
30-Dec-2025,58509.8,Put,62600,0,0,17.1282,0,0,0
30-Dec-2025,58509.8,Call,54800,0,0,17.1282,0,2,0
30-Dec-2025,58509.8,Put,54600,0,0,17.1282,0,0,0
30-Dec-2025,58509.8,Put,62400,0,0,17.1282,0,0,0
30-Dec-2025,58509.8,Put,49500,0,0,17.1282,0,27,0
30-Dec-2025,58509.8,Call,60700,0,0,17.1282,0,0,0
30-Dec-2025,58509.8,Call,50600,0,0,17.1282,0,0,0
30-Dec-2025,58509.8,Put,50500,0,0,17.1282,0,14,0
30-Dec-2025,58509.8,Call,50300,0,0,17.1282,0,0,0
30-Dec-2025,58509.8,Call,50200,0,0,17.1282,0,0,0
30-Dec-2025,58509.8,Call,50100,0,0,17.1282,0,0,0
30-Dec-2025,58509.8,Call,49800,0,0,17.1282,0,0,0
30-Dec-2025,58509.8,Call,49000,0,0,17.1282,0,0,0
30-Dec-2025,58509.8,Call,48500,0,0,17.1282,0,0,0
30-Dec-2025,58509.8,Call,47500,0,0,17.1282,0,0,0
30-Dec-2025,58509.8,Call,47000,0,0,17.1282,0,0,0
30-Dec-2025,58509.8,Call,60800,0,0,17.1282,0,0,0
30-Dec-2025,58509.8,Call,54600,0,0,17.1282,0,3,0
30-Dec-2025,58509.8,Put,54400,0,0,17.1282,0,0,0
30-Dec-2025,58509.8,Put,53400,0,0,17.1282,0,0,0
30-Dec-2025,58509.8,Put,53300,0,0,17.1282,0,0,0
30-Dec-2025,58509.8,Call,61300,0,0,17.1282,0,0,0
30-Dec-2025,58509.8,Call,61600,0,0,17.1282,0,0,0
30-Dec-2025,58509.8,Call,61400,0,0,17.1282,0,0,0
30-Dec-2025,58509.8,Call,61100,0,0,17.1282,0,0,0
30-Dec-2025,58509.8,Put,63500,0,0,17.1282,0,8,0
30-Dec-2025,58509.8,Call,63500,0,0,17.1282,0,0,0
30-Dec-2025,58509.8,Put,54300,0,0,17.1282,0,0,0
30-Dec-2025,58509.8,Put,54200,0,0,17.1282,0,0,0
30-Dec-2025,58509.8,Call,52800,0,0,17.1282,0,0,0
30-Dec-2025,58509.8,Call,62400,0,0,17.1282,0,0,0
30-Dec-2025,58509.8,Put,52100,0,0,17.1282,0,0,0
30-Dec-2025,58509.8,Put,62100,0,0,17.1282,0,0,0
30-Dec-2025,58509.8,Put,43500,0,0,17.1282,0,37.8571428571,0
30-Dec-2025,58509.8,Call,62100,0,0,17.1282,0,0,0
30-Dec-2025,58509.8,Call,61900,0,0,17.1282,0,0,0
30-Dec-2025,58509.8,Call,49500,0,0,17.1282,0,0,0
30-Dec-2025,58509.8,Put,46500,0,0,17.1282,0,37,0
30-Dec-2025,58509.8,Call,54100,0,0,17.1282,0,0,0
30-Dec-2025,58509.8,Call,51200,0,0,17.1282,0,1,0
30-Dec-2025,58509.8,Call,52600,0,0,17.1282,0,0,0
30-Dec-2025,58509.8,Put,53900,0,0,17.1282,0,0,0
30-Dec-2025,58509.8,Call,51900,0,0,17.1282,0,0,0
30-Dec-2025,58509.8,Call,53400,0,0,17.1282,0,1,0
30-Dec-2025,58509.8,Call,51500,0,0,17.1282,0,1,0
30-Dec-2025,58509.8,Call,51100,0,0,17.1282,0,0,0
30-Dec-2025,58509.8,Call,52900,0,0,17.1282,0,0,0
30-Dec-2025,58509.8,Put,61700,0,0,17.1282,0,0,0
30-Dec-2025,58509.8,Call,55200,0,0,17.1282,0,2,0
30-Dec-2025,58509.8,Call,55600,0,0,17.1282,0,2,0
30-Dec-2025,58509.8,Call,55900,0,0,17.1282,0,5,0
30-Dec-2025,58509.8,Call,56300,0,0,17.1282,0,2,0
30-Dec-2025,58509.8,Call,55100,0,0,17.1282,0,0,0
30-Dec-2025,58509.8,Call,56400,0,0,17.1282,0,16,0
30-Dec-2025,58509.8,Call,56700,0,0,17.1282,0,11,0
30-Dec-2025,58509.8,Call,57900,0,0,17.1282,0,19,0
30-Dec-2025,58509.8,Call,55300,0,0,17.1282,0,5,0
30-Dec-2025,58509.8,Call,52300,0,0,17.1282,0,0,0
30-Dec-2025,58509.8,Call,56800,0,0,17.1282,0,10,0
30-Dec-2025,58509.8,Call,52400,0,0,17.1282,0,0,0
30-Dec-2025,58509.8,Call,53000,0,0,17.1282,0,2,0
30-Dec-2025,58509.8,Call,52700,0,0,17.1282,0,0,0
30-Dec-2025,58509.8,Call,53500,0,0,17.1282,0,8,0
30-Dec-2025,58509.8,Call,49700,0,0,17.1282,0,0,0
30-Dec-2025,58509.8,Call,53100,0,0,17.1282,0,1,0
30-Dec-2025,58509.8,Call,57400,0,0,17.1282,0,11,0
30-Dec-2025,58509.8,Call,57800,0,0,17.1282,0,12,0
30-Dec-2025,58509.8,Call,62800,0,0,17.1282,0,0,0
30-Dec-2025,58509.8,Call,62900,0,0,17.1282,0,0,0
30-Dec-2025,58509.8,Put,61200,0,0,17.1282,0,2,0
30-Dec-2025,58509.8,Put,65500,0,0,17.1282,0,0,0
30-Dec-2025,58509.8,Put,62800,0,0,17.1282,0,0,0
30-Dec-2025,58509.8,Put,52200,0,0,17.1282,0,0,0
30-Dec-2025,58509.8,Call,52200,0,0,17.1282,0,0,0
30-Dec-2025,58509.8,Put,62900,0,0,17.1282,0,0,0
30-Dec-2025,58509.8,Put,55600,0,0,17.1282,0,0,0
30-Dec-2025,58509.8,Call,49600,0,0,17.1282,0,0,0
30-Dec-2025,58509.8,Put,64500,0,0,17.1282,0,10,0
30-Dec-2025,58509.8,Put,49000,0,0,17.1282,0,57,0
30-Dec-2025,58509.8,Call,63000,0,0,17.1282,0,1,0
30-Dec-2025,58509.8,Put,48000,0,0,17.1282,0,454,0
30-Dec-2025,58509.8,Call,65500,0,0,17.1282,0,0,0
30-Dec-2025,58509.8,Put,52300,0,0,17.1282,0,1,0
30-Dec-2025,58509.8,Put,60900,0,0,17.1282,0,2,0
30-Dec-2025,58509.8,Call,53700,0,0,17.1282,0,0,0
30-Dec-2025,58509.8,Call,53600,0,0,17.1282,0,0,0
30-Dec-2025,58509.8,Call,46500,0,0,17.1282,0,0,0
30-Dec-2025,58509.8,Call,59600,0,0,17.1282,0,0,0
30-Dec-2025,58509.8,Call,59400,0,0,17.1282,0,0,0
30-Dec-2025,58509.8,Call,59300,0,0,17.1282,0,0,0
30-Dec-2025,58509.8,Call,59200,0,0,17.1282,0,0,0
30-Dec-2025,58509.8,Call,58900,0,0,17.1282,0,10,0
30-Dec-2025,58509.8,Call,58700,0,0,17.1282,0,18,0
30-Dec-2025,58509.8,Call,58400,0,0,17.1282,0,4,0
30-Dec-2025,58509.8,Call,58300,0,0,17.1282,0,14,0
30-Dec-2025,58509.8,Call,51700,0,0,17.1282,0,0,0
30-Dec-2025,58509.8,Call,51600,0,0,17.1282,0,0,0
30-Dec-2025,58509.8,Call,51300,0,0,17.1282,0,0,0
30-Dec-2025,58509.8,Call,50800,0,0,17.1282,0,1,0
30-Dec-2025,58509.8,Call,50700,0,0,17.1282,0,0,0
30-Dec-2025,58509.8,Call,50400,0,0,17.1282,0,0,0
30-Dec-2025,58509.8,Put,50000,0,0,17.1282,0,130,0
30-Dec-2025,58509.8,Call,49900,0,0,17.1282,0,0,0
30-Dec-2025,58509.8,Put,55900,0,0,17.1282,0,0,0
30-Dec-2025,58509.8,Put,51800,0,0,17.1282,0,0,0
30-Dec-2025,58509.8,Put,51700,0,0,17.1282,0,0,0
30-Dec-2025,58509.8,Put,51400,0,0,17.1282,0,0,0
30-Dec-2025,58509.8,Put,51300,0,0,17.1282,0,0,0
30-Dec-2025,58509.8,Put,50900,0,0,17.1282,0,0,0
30-Dec-2025,58509.8,Put,50800,0,0,17.1282,0,0,0
30-Dec-2025,58509.8,Put,50600,0,0,17.1282,0,0,0
30-Dec-2025,58509.8,Put,50300,0,0,17.1282,0,0,0
30-Dec-2025,58509.8,Put,50200,0,0,17.1282,0,0,0
30-Dec-2025,58509.8,Put,53100,0,0,17.1282,0,1,0
30-Dec-2025,58509.8,Call,53200,0,0,17.1282,0,0,0
30-Dec-2025,58509.8,Call,52500,0,0,17.1282,0,4,0
30-Dec-2025,58509.8,Call,54200,0,0,17.1282,0,2,0
30-Dec-2025,58509.8,Call,54500,0,0,17.1282,0,7,0
30-Dec-2025,58509.8,Call,54300,0,0,17.1282,0,1,0
30-Dec-2025,58509.8,Call,54700,0,0,17.1282,0,3,0
30-Dec-2025,58509.8,Call,53900,0,0,17.1282,0,1,0
30-Dec-2025,58509.8,Call,54400,0,0,17.1282,0,2,0
31-Mar-2026,58509.8,Put,48000,0,0,17.1282,0,0,0
31-Mar-2026,58509.8,Put,52500,0,0,17.1282,0,0,0
31-Mar-2026,58509.8,Call,66000,0,0,17.1282,0,0,0
31-Mar-2026,58509.8,Put,51000,0,0,17.1282,0,0,0
30-Dec-2025,58509.8,Call,53800,0,0,17.1282,0,2,0
31-Mar-2026,58509.8,Put,55500,0,0,17.1282,0,0,0
31-Mar-2026,58509.8,Call,61500,0,0,17.1282,0,0,0
31-Mar-2026,58509.8,Put,49500,0,0,17.1282,0,0,0
31-Mar-2026,58509.8,Call,63000,0,0,17.1282,0,0,0
30-Dec-2025,58509.8,Call,62000,0,0,17.1282,0,0,0
30-Jun-2026,58509.8,Put,57000,0,0,17.1282,0,0,0
31-Mar-2026,58509.8,Call,64500,0,0,17.1282,0,0,0
29-Sep-2026,58509.8,Put,57000,0,0,17.1282,0,0,0
30-Jun-2026,58509.8,Put,54000,0,0,17.1282,0,0,0
30-Jun-2026,58509.8,Put,51000,0,0,17.1282,0,0,0
30-Jun-2026,58509.8,Put,60000,0,0,17.1282,0,0,0
