28-Oct-2025,58303.25,Call,58000,468.7,9.06,17.1282,-3921,44098,39635
28-Oct-2025,58303.25,Call,58500,219,10.36,17.1282,3672,29019,36005
28-Oct-2025,58303.25,Call,58200,352.05,9.63,17.1282,90,16921,31271
28-Oct-2025,58303.25,Call,59000,91.8,11.47,17.1282,-1578,30415,30991
28-Oct-2025,58303.25,Call,58300,303.2,9.92,17.1282,1863,10115,29067
28-Oct-2025,58303.25,Put,58000,220.6,13.97,17.1282,2590,29423,26327
28-Oct-2025,58303.25,Put,57000,52,15.82,17.1282,840,58167,23990
28-Oct-2025,58303.25,Call,58100,409.5,9.41,17.1282,-2834,10245,20176
28-Oct-2025,58303.25,Put,58200,302.2,14.23,17.1282,3215,8920,19889
28-Oct-2025,58303.25,Call,60000,19.4,14.15,17.1282,-1433,36318,18476
28-Oct-2025,58303.25,Put,57500,98.5,14.37,17.1282,2,26237,17784
28-Oct-2025,58303.25,Put,56000,23.7,20.26,17.1282,-526,42317,17460
28-Oct-2025,58303.25,Put,58300,352.35,14.35,17.1282,2221,4338,16122
28-Oct-2025,58303.25,Call,58400,257.05,10.13,17.1282,1378,8230,15679
28-Oct-2025,58303.25,Call,59500,40.1,12.74,17.1282,699,20848,15133
28-Oct-2025,58303.25,Put,56500,33.2,17.96,17.1282,818,22693,13938
28-Oct-2025,58303.25,Put,55500,18,22.7,17.1282,2660,32978,13229
28-Oct-2025,58303.25,Put,54000,10.95,30.45,17.1282,-1281,33034,11839
28-Oct-2025,58303.25,Put,54500,12.8,27.87,17.1282,-2437,23482,11784
28-Oct-2025,58303.25,Put,58100,258.5,14.04,17.1282,790,6461,11691
28-Oct-2025,58303.25,Put,55000,14.8,25.25,17.1282,-546,53277,10778
28-Oct-2025,58303.25,Put,58500,466.05,14.96,17.1282,2345,5567,10651
28-Oct-2025,58303.25,Call,58600,184.35,10.55,17.1282,-453,4537,10372
28-Oct-2025,58303.25,Call,58800,130.75,10.98,17.1282,100,5969,9631
28-Oct-2025,58303.25,Put,57900,187,13.99,17.1282,266,5849,8799
28-Oct-2025,58303.25,Put,57400,85,14.53,17.1282,-9,12543,8469
28-Oct-2025,58303.25,Put,53000,7.95,35.13,17.1282,-3011,17776,8315
28-Oct-2025,58303.25,Call,58700,156.2,10.81,17.1282,-165,4391,7953
28-Oct-2025,58303.25,Put,57800,159.35,14.07,17.1282,524,5189,7689
28-Oct-2025,58303.25,Call,58900,109.3,11.28,17.1282,-78,3653,7666
28-Oct-2025,58303.25,Call,59100,79.7,11.69,17.1282,-501,3603,7258
28-Oct-2025,58303.25,Put,57200,65.95,15.19,17.1282,129,9333,7215
28-Oct-2025,58303.25,Put,57700,134.3,14.13,17.1282,831,5482,6786
28-Oct-2025,58303.25,Put,57600,115.75,14.2,17.1282,53,5019,6685
28-Oct-2025,58303.25,Call,60500,10.25,15.68,17.1282,510,18214,6417
28-Oct-2025,58303.25,Call,57900,540.4,8.83,17.1282,-572,11643,6175
28-Oct-2025,58303.25,Call,59200,64.75,11.97,17.1282,-196,4362,6085
28-Oct-2025,58303.25,Put,58400,406.35,14.56,17.1282,1088,1782,6038
28-Oct-2025,58303.25,Call,57800,607.4,8.02,17.1282,-532,6774,5607
28-Oct-2025,58303.25,Call,61000,7.25,17.6,17.1282,-241,14569,5578
28-Oct-2025,58303.25,Call,59300,54.4,12.14,17.1282,795,3529,5366
28-Oct-2025,58303.25,Call,57500,849,0,17.1282,-709,20354,5328
28-Oct-2025,58303.25,Put,57300,75.25,14.92,17.1282,105,5603,5138
28-Oct-2025,58303.25,-,0,58263.4,0,17.1282,433,47419,4675
28-Oct-2025,58303.25,Put,53500,9.1,32.66,17.1282,-950,13215,4663
28-Oct-2025,58303.25,Call,59400,46.7,12.41,17.1282,456,3369,4308
25-Nov-2025,58303.25,-,0,58539,0,17.1282,2463,11412,4187
28-Oct-2025,58303.25,Put,56400,31.45,18.5,17.1282,80,5357,3935
28-Oct-2025,58303.25,Put,56700,39.45,17.04,17.1282,209,6238,3588
28-Oct-2025,58303.25,Put,56600,36.75,17.57,17.1282,20,7582,3532
28-Oct-2025,58303.25,Call,59600,33.7,12.94,17.1282,433,3216,3408
28-Oct-2025,58303.25,Put,57100,58.2,15.48,17.1282,-163,5422,3250
28-Oct-2025,58303.25,Put,56800,42.5,16.68,17.1282,53,7070,3095
28-Oct-2025,58303.25,Call,57700,690,7.01,17.1282,-660,4325,3014
28-Oct-2025,58303.25,Put,52000,5.7,39.75,17.1282,-873,14214,2845
25-Nov-2025,58303.25,Call,59000,553.85,8.98,17.1282,-599,8460,2785
28-Oct-2025,58303.25,Put,56300,29.05,18.88,17.1282,31,5842,2728
28-Oct-2025,58303.25,Call,59800,25.35,13.49,17.1282,117,4240,2674
28-Oct-2025,58303.25,Call,62500,4.2,23.92,17.1282,308,2414,2425
28-Oct-2025,58303.25,Call,59700,29,13.25,17.1282,-213,2550,2334
25-Nov-2025,58303.25,Put,58000,558.6,13.1,17.1282,559,7425,2308
28-Oct-2025,58303.25,Call,61500,5.85,19.86,17.1282,411,5041,2283
28-Oct-2025,58303.25,Put,56900,46.5,16.23,17.1282,-23,5307,2218
25-Nov-2025,58303.25,Call,58500,793.55,8.86,17.1282,256,4828,2101
28-Oct-2025,58303.25,Put,56200,27.3,19.38,17.1282,117,5111,2023
25-Nov-2025,58303.25,Call,58000,1091.35,8.48,17.1282,54,7959,2013
28-Oct-2025,58303.25,Put,56100,25.85,19.71,17.1282,-106,4982,1996
28-Oct-2025,58303.25,Call,62000,5.3,22.11,17.1282,-1,9119,1940
25-Nov-2025,58303.25,Put,57000,297,13.58,17.1282,592,10477,1855
25-Nov-2025,58303.25,Put,58500,763.45,12.99,17.1282,426,3004,1809
28-Oct-2025,58303.25,Call,57600,775,0,17.1282,-429,3699,1765
28-Oct-2025,58303.25,Call,57000,1299.75,0,17.1282,-483,48756,1709
28-Oct-2025,58303.25,Put,54800,14.55,26.51,17.1282,125,5462,1662
28-Oct-2025,58303.25,Call,59900,21.75,13.81,17.1282,335,1498,1660
28-Oct-2025,58303.25,Put,55600,20.1,22.45,17.1282,-69,6019,1560
25-Nov-2025,58303.25,Call,60000,238,9.33,17.1282,90,9381,1473
28-Oct-2025,58303.25,Put,55800,21.55,21.37,17.1282,-225,4782,1464
28-Oct-2025,58303.25,Call,60200,14.95,14.79,17.1282,-17,1409,1363
28-Oct-2025,58303.25,Call,63500,3,27.74,17.1282,-9,12821,1274
28-Oct-2025,58303.25,Put,59000,837.7,17.04,17.1282,224,2865,1215
28-Oct-2025,58303.25,Put,55900,23.2,20.79,17.1282,-98,9994,1135
28-Oct-2025,58303.25,Call,64000,2.9,29.85,17.1282,26,3072,1090
28-Oct-2025,58303.25,Put,52500,6.8,37.32,17.1282,-165,5682,1065
28-Oct-2025,58303.25,Put,55300,17.65,24.04,17.1282,-78,6369,1053
25-Nov-2025,58303.25,Put,59000,1008,13.22,17.1282,361,1677,984
28-Oct-2025,58303.25,Call,63000,3.85,26.22,17.1282,-154,4911,914
25-Nov-2025,58303.25,Put,57500,412.4,13.27,17.1282,284,3739,799
28-Oct-2025,58303.25,Put,55400,18,23.45,17.1282,60,4862,750
28-Oct-2025,58303.25,Call,60300,14.3,15.24,17.1282,-87,1109,734
28-Oct-2025,58303.25,Call,60100,16.9,14.44,17.1282,29,797,714
28-Oct-2025,58303.25,Put,55200,16.65,24.59,17.1282,43,5292,711
28-Oct-2025,58303.25,Put,54700,14,27.18,17.1282,-23,6226,710
28-Oct-2025,58303.25,Put,58600,525.8,15.25,17.1282,170,491,686
28-Oct-2025,58303.25,Put,55700,21.4,21.92,17.1282,-94,4242,651
25-Nov-2025,58303.25,Put,56000,163.2,14.53,17.1282,41,8654,627
28-Oct-2025,58303.25,Put,50000,8,49.91,17.1282,-154,14771,623
28-Oct-2025,58303.25,Call,57400,940,0,17.1282,-22,7663,610
28-Oct-2025,58303.25,Put,46000,2.15,69.51,17.1282,-89,17212,593
28-Oct-2025,58303.25,Put,58700,593.15,15.66,17.1282,118,426,586
25-Nov-2025,58303.25,Call,57500,1455.35,7.81,17.1282,83,2717,547
28-Oct-2025,58303.25,Put,54900,15.25,26.09,17.1282,-121,4857,519
25-Nov-2025,58303.25,Call,59500,365.4,9.16,17.1282,39,2708,513
28-Oct-2025,58303.25,Call,57300,1025.7,0,17.1282,-101,2504,496
25-Nov-2025,58303.25,Put,58200,630.95,13.05,17.1282,188,651,481
25-Nov-2025,58303.25,Call,61000,99,9.95,17.1282,-64,2645,471
25-Nov-2025,58303.25,Put,58300,668.45,13.04,17.1282,144,554,463
28-Oct-2025,58303.25,Call,60800,7.9,16.97,17.1282,19,1235,421
28-Oct-2025,58303.25,Call,60900,7.35,17.23,17.1282,46,631,412
28-Oct-2025,58303.25,Put,54400,12.4,28.6,17.1282,-13,2073,402
25-Nov-2025,58303.25,Call,58200,976.3,8.64,17.1282,6,617,395
30-Dec-2025,58303.25,Call,60000,600,8.59,17.1282,-47,3728,390
28-Oct-2025,58303.25,Put,54600,13.3,27.47,17.1282,-20,3448,383
28-Oct-2025,58303.25,Put,51000,5,44.39,17.1282,-32,4223,349
25-Nov-2025,58303.25,Put,53000,41.05,18.94,17.1282,-149,3102,348
28-Oct-2025,58303.25,Put,48000,3.2,58.72,17.1282,-78,5238,339
28-Oct-2025,58303.25,Call,60400,12.4,15.44,17.1282,149,2495,337
25-Nov-2025,58303.25,Call,62000,48.75,11.11,17.1282,51,2565,332
28-Oct-2025,58303.25,Call,61300,6.9,19.17,17.1282,15,311,330
25-Nov-2025,58303.25,Call,57000,1828.8,5.49,17.1282,-43,6926,330
28-Oct-2025,58303.25,Call,61200,7.1,18.44,17.1282,35,628,313
28-Oct-2025,58303.25,Put,55100,16.2,25.12,17.1282,-20,5703,305
28-Oct-2025,58303.25,Call,65000,2.8,34.14,17.1282,163,2296,296
25-Nov-2025,58303.25,Call,58800,655,9.02,17.1282,23,223,294
28-Oct-2025,58303.25,Call,60600,9.8,16.14,17.1282,23,952,292
28-Oct-2025,58303.25,Call,60700,9.95,16.38,17.1282,3,1700,278
28-Oct-2025,58303.25,Call,56800,1505.95,0,17.1282,-37,2948,272
28-Oct-2025,58303.25,Call,57100,1227.7,0,17.1282,-54,2677,268
25-Nov-2025,58303.25,Put,55000,98.25,15.86,17.1282,12,6877,263
28-Oct-2025,58303.25,Call,57200,1130.35,0,17.1282,-59,3815,258
25-Nov-2025,58303.25,Call,60500,149.8,9.49,17.1282,36,2531,252
25-Nov-2025,58303.25,Put,54000,61.8,17.36,17.1282,34,5942,250
28-Oct-2025,58303.25,Call,61700,6,20.56,17.1282,-5,407,235
28-Oct-2025,58303.25,Put,53700,10.15,32.17,17.1282,-83,1393,231
25-Nov-2025,58303.25,Call,58100,1025,8.64,17.1282,-98,504,230
25-Nov-2025,58303.25,Call,58300,906,8.5,17.1282,60,561,214
28-Oct-2025,58303.25,Call,56500,1800.75,0,17.1282,-19,10852,203
25-Nov-2025,58303.25,Put,57800,493.7,13.22,17.1282,29,436,195
25-Nov-2025,58303.25,Call,63000,28.85,12.41,17.1282,33,2325,189
30-Dec-2025,58303.25,-,0,58840,0,17.1282,48,3140,188
28-Oct-2025,58303.25,Put,54300,10.7,29.15,17.1282,-30,1857,188
28-Oct-2025,58303.25,Put,54100,9.75,30.19,17.1282,-10,1037,183
25-Nov-2025,58303.25,Put,56500,220.65,14.03,17.1282,22,3355,171
28-Oct-2025,58303.25,Call,56000,2286.7,0,17.1282,-41,16448,165
28-Oct-2025,58303.25,Put,53800,9.45,31.26,17.1282,-56,862,158
28-Oct-2025,58303.25,Put,54200,11.65,29.68,17.1282,-24,2169,147
28-Oct-2025,58303.25,Put,53300,7.9,34.86,17.1282,14,701,144
25-Nov-2025,58303.25,Call,58900,609,8.98,17.1282,33,406,142
28-Oct-2025,58303.25,Put,53900,8.05,31.18,17.1282,-5,1400,141
25-Nov-2025,58303.25,Call,61500,68.95,10.42,17.1282,2,1101,140
25-Nov-2025,58303.25,Put,58100,591.85,13.01,17.1282,4,858,139
30-Dec-2025,58303.25,Put,58000,765.5,13.52,17.1282,-16,777,139
30-Dec-2025,58303.25,Put,57000,480.25,13.8,17.1282,-7,2720,138
25-Nov-2025,58303.25,Put,55500,126.9,15.14,17.1282,3,3799,130
25-Nov-2025,58303.25,Call,58400,846.7,8.98,17.1282,-1,255,116
25-Nov-2025,58303.25,Call,58600,748.25,8.84,17.1282,14,300,115
28-Oct-2025,58303.25,Call,62400,3.8,23.35,17.1282,-8,88,106
28-Oct-2025,58303.25,Call,64500,2.65,32.01,17.1282,87,655,103
25-Nov-2025,58303.25,Put,57300,351.25,13.44,17.1282,57,493,102
28-Oct-2025,58303.25,Put,58800,679.3,15.8,17.1282,-4,229,100
25-Nov-2025,58303.25,Put,54500,75.7,16.72,17.1282,4,3561,100
25-Nov-2025,58303.25,Put,58400,712,13.05,17.1282,24,180,97
28-Oct-2025,58303.25,Call,56600,1707.15,0,17.1282,-7,2239,94
28-Oct-2025,58303.25,Put,52900,8,36.06,17.1282,-4,229,92
28-Oct-2025,58303.25,Put,53200,9.3,35.66,17.1282,-31,638,92
30-Dec-2025,58303.25,Call,58000,1607.8,7.28,17.1282,2,580,88
28-Oct-2025,58303.25,Call,61400,5.9,19.89,17.1282,8,270,85
25-Nov-2025,58303.25,Put,57700,463.35,13.26,17.1282,9,634,85
25-Nov-2025,58303.25,Put,60000,1670,14.08,17.1282,2,1038,85
25-Nov-2025,58303.25,Call,57800,1235.35,8.68,17.1282,6,279,81
28-Oct-2025,58303.25,Put,58900,758.25,16.15,17.1282,28,222,78
28-Oct-2025,58303.25,Put,60000,1744.55,22.85,17.1282,-21,3325,76
25-Nov-2025,58303.25,Call,58700,698.95,8.86,17.1282,11,729,75
25-Nov-2025,58303.25,Call,57900,1135.55,8.57,17.1282,-16,408,70
25-Nov-2025,58303.25,Put,53500,47.95,17.82,17.1282,9,2317,68
30-Dec-2025,58303.25,Put,56000,310.75,14.27,17.1282,13,1416,64
28-Oct-2025,58303.25,Put,53100,7.55,34.59,17.1282,-10,450,60
25-Nov-2025,58303.25,Call,65000,15.05,15.76,17.1282,33,412,60
28-Oct-2025,58303.25,Put,49500,4.4,51.8,17.1282,1,1036,57
25-Nov-2025,58303.25,Call,59100,505.15,9.08,17.1282,18,455,57
28-Oct-2025,58303.25,Call,56700,1599.7,0,17.1282,-22,2867,55
25-Nov-2025,58303.25,Call,59400,396.85,9.11,17.1282,12,254,55
25-Nov-2025,58303.25,Put,57900,515.05,13.35,17.1282,12,349,52
28-Oct-2025,58303.25,Put,50500,4.8,46.2,17.1282,14,1029,51
28-Oct-2025,58303.25,Call,55500,2773.1,0,17.1282,-5,7094,51
25-Nov-2025,58303.25,Put,52500,36.25,19.77,17.1282,16,818,50
25-Nov-2025,58303.25,Put,57600,435,13.23,17.1282,6,332,48
25-Nov-2025,58303.25,Put,50000,21.45,24.86,17.1282,-5,1470,48
30-Dec-2025,58303.25,Call,59000,1015,8.2,17.1282,10,250,46
28-Oct-2025,58303.25,Call,56900,1429.85,0,17.1282,0,2683,45
30-Dec-2025,58303.25,Put,58500,951,13.42,17.1282,0,871,45
28-Oct-2025,58303.25,Put,52600,6.95,37.27,17.1282,0,190,44
30-Dec-2025,58303.25,Put,51000,58.2,19.17,17.1282,-34,1289.57142857,44
25-Nov-2025,58303.25,Put,54600,79.65,16.3,17.1282,7,318,41
28-Oct-2025,58303.25,Call,61600,3.95,19.46,17.1282,18,115,40
28-Oct-2025,58303.25,Put,52700,6.45,36.3,17.1282,-27,391,39
28-Oct-2025,58303.25,Put,51500,5.3,40.87,17.1282,9,2342,36
28-Oct-2025,58303.25,Put,48500,2.75,56.59,17.1282,4,810,36
28-Oct-2025,58303.25,Put,46500,1.95,66.15,17.1282,0,1389,36
30-Dec-2025,58303.25,Call,58500,1263.8,7.67,17.1282,0,1797,36
28-Oct-2025,58303.25,Put,59500,1265.8,20.05,17.1282,-3,264,35
28-Oct-2025,58303.25,Put,51600,5.4,0,17.1282,0,110,35
28-Oct-2025,58303.25,Put,53400,8.9,33.42,17.1282,0,458,34
25-Nov-2025,58303.25,Call,56000,2670,0,17.1282,0,3149,34
25-Nov-2025,58303.25,Put,56600,240,14.02,17.1282,14,392,34
28-Oct-2025,58303.25,Call,61900,7,20.46,17.1282,-13,63,32
28-Oct-2025,58303.25,Put,50300,6.4,50.71,17.1282,0,89,32
25-Nov-2025,58303.25,Put,55900,157.2,14.69,17.1282,4,222,32
30-Dec-2025,58303.25,Put,60000,1720,13.97,17.1282,6,149,32
28-Oct-2025,58303.25,Put,51100,4.5,44.08,17.1282,-8,101,30
28-Oct-2025,58303.25,Call,55000,3226.55,0,17.1282,-18,15434,28
25-Nov-2025,58303.25,Put,56300,190.6,14.27,17.1282,2,215,28
28-Oct-2025,58303.25,Call,54000,4286.15,0,17.1282,-11,5954,26
25-Nov-2025,58303.25,Call,57100,1726.25,5.13,17.1282,-7,162,26
30-Dec-2025,58303.25,Put,59000,1175.5,13.52,17.1282,4,186,26
28-Oct-2025,58303.25,Call,56400,1893.15,0,17.1282,-11,2998,25
28-Oct-2025,58303.25,Call,62300,4,22.12,17.1282,2,64,25
25-Nov-2025,58303.25,Put,58700,832.1,13.07,17.1282,12,335,24
30-Dec-2025,58303.25,Put,58200,832.85,13.84,17.1282,11,41,24
25-Nov-2025,58303.25,Put,59500,1320,13.42,17.1282,9,304,23
28-Oct-2025,58303.25,Call,61100,7.75,0,17.1282,0,385,22
25-Nov-2025,58303.25,Put,54700,82.7,16.18,17.1282,2,340,21
30-Dec-2025,58303.25,Call,57500,1932,4.75,17.1282,5,246,21
28-Oct-2025,58303.25,Call,56100,2156.9,0,17.1282,-8,1389,20
28-Oct-2025,58303.25,Put,53600,8.5,32.04,17.1282,0,942,20
28-Oct-2025,58303.25,Call,62600,4.9,21.78,17.1282,-1,44,20
25-Nov-2025,58303.25,Call,57700,1309,8.98,17.1282,-1,278,20
25-Nov-2025,58303.25,Put,55700,133.9,14.91,17.1282,4,127,20
28-Oct-2025,58303.25,Call,55300,2882.9,0,17.1282,-2,2442,19
28-Oct-2025,58303.25,Call,56200,2100,0,17.1282,-10,1485,19
25-Nov-2025,58303.25,Put,56800,256.2,13.7,17.1282,1,730,19
30-Dec-2025,58303.25,Put,54000,130.15,15.46,17.1282,-1,4207,19
28-Oct-2025,58303.25,Put,49000,3.3,54.7,17.1282,1,1701,18
25-Nov-2025,58303.25,Call,55000,3607.15,0,17.1282,0,1660,18
25-Nov-2025,58303.25,Call,56500,2250,0,17.1282,-2,1242,17
30-Dec-2025,58303.25,Call,56000,3100,0,17.1282,1,544,17
25-Nov-2025,58303.25,Call,59900,251.65,9.28,17.1282,3,159,16
28-Oct-2025,58303.25,Put,59400,1240.15,20.76,17.1282,5,13,15
28-Oct-2025,58303.25,Call,54500,3699.45,0,17.1282,-2,5851,15
25-Nov-2025,58303.25,Call,59600,330.9,9.39,17.1282,4,4,15
30-Dec-2025,58303.25,Put,55000,205,14.96,17.1282,1,1633,15
30-Dec-2025,58303.25,Call,64500,50,11.13,17.1282,-1,303,15
30-Dec-2025,58303.25,Call,57000,2299,0,17.1282,-1,3265,15
28-Oct-2025,58303.25,Call,55100,3190,0,17.1282,-9,850,14
28-Oct-2025,58303.25,Put,51200,5.9,44.84,17.1282,2,112,13
28-Oct-2025,58303.25,Call,53000,5195.75,0,17.1282,-5,989,12
28-Oct-2025,58303.25,Call,56300,1984.55,0,17.1282,-7,2583,12
28-Oct-2025,58303.25,Call,62800,7.15,27.33,17.1282,1,1,12
25-Nov-2025,58303.25,Put,50500,22.05,23.62,17.1282,0,44,12
25-Nov-2025,58303.25,Call,50000,8468,0,17.1282,10,816,12
25-Nov-2025,58303.25,Call,62500,37,0,17.1282,0,1014,12
30-Dec-2025,58303.25,Call,59500,787.95,8.38,17.1282,3,439,12
28-Oct-2025,58303.25,Put,48700,4.25,57.91,17.1282,6,72,11
25-Nov-2025,58303.25,Put,52000,33.75,20.99,17.1282,4,1609,11
28-Oct-2025,58303.25,Call,62200,3.5,0,17.1282,0,114,10
28-Oct-2025,58303.25,Put,47000,3.05,67.4,17.1282,-2,1547,9
28-Oct-2025,58303.25,Call,55900,2372.7,0,17.1282,2,1073,9
30-Dec-2025,58303.25,Put,58300,879.75,13.84,17.1282,2,14,9
30-Dec-2025,58303.25,Put,52500,72,16.73,17.1282,-1,2342.28571429,9
30-Dec-2025,58303.25,Put,53000,101,16.81,17.1282,2,545,9
31-Mar-2026,58303.25,Put,57000,699,13.73,17.1282,1,3910,9
25-Nov-2025,58303.25,Put,56900,280,13.66,17.1282,0,183,7
25-Nov-2025,58303.25,Put,55800,147.2,15.19,17.1282,0,289,7
25-Nov-2025,58303.25,Call,56700,2053.05,0,17.1282,-3,237,7
25-Nov-2025,58303.25,Call,64500,17.95,14.72,17.1282,0,71,7
30-Dec-2025,58303.25,Put,58400,921.95,13.51,17.1282,1,16,6
28-Oct-2025,58303.25,Call,62900,3.4,25.46,17.1282,0,16,5
25-Nov-2025,58303.25,Call,57400,1518,0,17.1282,0,224,5
25-Nov-2025,58303.25,Call,57600,1319.45,7.55,17.1282,0,213,5
28-Oct-2025,58303.25,Put,50600,5.5,48.06,17.1282,0,68,4
28-Oct-2025,58303.25,Put,51700,5.2,0,17.1282,0,66,4
25-Nov-2025,58303.25,Call,55500,3096.5,0,17.1282,0,1317,4
25-Nov-2025,58303.25,Call,57200,1672,7.2,17.1282,1,262,4
30-Dec-2025,58303.25,Put,54500,180,15.55,17.1282,-1,1417,4
28-Oct-2025,58303.25,Call,55200,3057.25,0,17.1282,-2,833,3
28-Oct-2025,58303.25,Call,55600,3045.95,45.39,17.1282,0,2413,3
28-Oct-2025,58303.25,Call,61800,6.05,21.61,17.1282,0,176,3
25-Nov-2025,58303.25,Put,61000,2550,16.08,17.1282,-1,104,3
30-Dec-2025,58303.25,Put,52000,67.6,17.58,17.1282,-1,34,3
30-Dec-2025,58303.25,Put,57100,522.45,13.7,17.1282,-2,50,3
31-Mar-2026,58303.25,Put,54000,270,14.57,17.1282,-1,216,3
28-Oct-2025,58303.25,Put,61000,2731,0,17.1282,0,344,2
28-Oct-2025,58303.25,Put,51900,5,39.9,17.1282,0,149,2
28-Oct-2025,58303.25,Put,52300,6,38.37,17.1282,0,198,2
28-Oct-2025,58303.25,Call,52500,5695.2,0,17.1282,-1,169,2
28-Oct-2025,58303.25,Call,48000,10163.9,0,17.1282,-1,1946,2
28-Oct-2025,58303.25,Put,50900,2,41.65,17.1282,0,128,2
28-Oct-2025,58303.25,Put,48800,4.1,57.1,17.1282,0,277,2
28-Oct-2025,58303.25,Put,47500,2.25,0,17.1282,0,1331,2
25-Nov-2025,58303.25,Call,54000,4545,0,17.1282,0,1013,2
25-Nov-2025,58303.25,Put,58600,791.95,13.88,17.1282,0,113,2
25-Nov-2025,58303.25,Put,62000,3434.85,17.63,17.1282,0,223,2
25-Nov-2025,58303.25,Call,56800,1938.05,0,17.1282,0,139,2
30-Dec-2025,58303.25,Call,56100,3000,0,17.1282,0,6,2
28-Oct-2025,58303.25,Put,52800,8.5,36.96,17.1282,0,593,1
28-Oct-2025,58303.25,Call,53500,4706.25,0,17.1282,0,636,1
28-Oct-2025,58303.25,Call,54300,3940,0,17.1282,0,337,1
28-Oct-2025,58303.25,Call,54600,3808.8,36.56,17.1282,0,852,1
28-Oct-2025,58303.25,Put,49100,3.95,55.12,17.1282,0,68,1
28-Oct-2025,58303.25,Put,59700,1644.25,28.93,17.1282,0,6,1
28-Oct-2025,58303.25,Put,60500,2300,29.4,17.1282,0,16,1
25-Nov-2025,58303.25,Call,54500,4025,0,17.1282,0,310,1
25-Nov-2025,58303.25,Call,55400,2900,0,17.1282,0,140,1
25-Nov-2025,58303.25,Put,55400,121,0,17.1282,0,169,1
25-Nov-2025,58303.25,Put,48000,19.15,29.81,17.1282,0,1299,1
25-Nov-2025,58303.25,Put,51000,27.4,23.02,17.1282,0,218,1
30-Dec-2025,58303.25,Call,58600,1551.85,11.39,17.1282,0,16,1
30-Dec-2025,58303.25,Call,55000,3950,0,17.1282,0,138,1
30-Dec-2025,58303.25,Put,59500,1630,15.57,17.1282,0,28,1
30-Dec-2025,58303.25,Put,58100,870,14.16,17.1282,0,46,1
30-Dec-2025,58303.25,Put,57500,643.05,13.86,17.1282,0,719,1
31-Mar-2026,58303.25,Call,58500,2325,4.3,17.1282,0,160,1
31-Mar-2026,58303.25,Call,60000,1499.95,6.78,17.1282,0,1090,1
31-Mar-2026,58303.25,Put,58500,1200,14.26,17.1282,0,50,1
28-Oct-2025,58303.25,Put,61300,0,0,17.1282,0,0,0
28-Oct-2025,58303.25,Put,61400,0,0,17.1282,0,0,0
28-Oct-2025,58303.25,Put,64000,0,0,17.1282,0,0,0
28-Oct-2025,58303.25,Put,61600,0,0,17.1282,0,0,0
28-Oct-2025,58303.25,Call,46000,0,0,17.1282,0,20,0
28-Oct-2025,58303.25,Put,49900,0,0,17.1282,0,59,0
28-Oct-2025,58303.25,Put,60400,0,0,17.1282,0,6,0
28-Oct-2025,58303.25,Put,60800,0,0,17.1282,0,3,0
28-Oct-2025,58303.25,Put,59800,0,0,17.1282,0,6,0
28-Oct-2025,58303.25,Put,61100,0,0,17.1282,0,0,0
28-Oct-2025,58303.25,Put,61200,0,0,17.1282,0,0,0
28-Oct-2025,58303.25,Put,59900,0,0,17.1282,0,24,0
28-Oct-2025,58303.25,Call,62100,0,0,17.1282,0,98,0
28-Oct-2025,58303.25,Call,49600,0,0,17.1282,0,0,0
28-Oct-2025,58303.25,Put,63000,0,0,17.1282,0,987,0
28-Oct-2025,58303.25,Put,49600,0,0,17.1282,0,85,0
28-Oct-2025,58303.25,Put,51300,0,0,17.1282,0,183,0
28-Oct-2025,58303.25,Call,54800,0,0,17.1282,0,1298,0
28-Oct-2025,58303.25,Call,54900,0,0,17.1282,0,1106,0
28-Oct-2025,58303.25,Call,55400,0,0,17.1282,0,1259,0
28-Oct-2025,58303.25,Put,65000,0,0,17.1282,0,2,0
28-Oct-2025,58303.25,Call,49000,0,0,17.1282,0,492,0
28-Oct-2025,58303.25,Call,51000,0,0,17.1282,0,777,0
28-Oct-2025,58303.25,Call,51100,0,0,17.1282,0,6,0
28-Oct-2025,58303.25,Call,51200,0,0,17.1282,0,10,0
28-Oct-2025,58303.25,Call,50500,0,0,17.1282,0,84,0
28-Oct-2025,58303.25,Call,51300,0,0,17.1282,0,11,0
28-Oct-2025,58303.25,Call,50000,0,0,17.1282,0,2809,0
28-Oct-2025,58303.25,Call,51400,0,0,17.1282,0,12,0
28-Oct-2025,58303.25,Call,49500,0,0,17.1282,0,8,0
28-Oct-2025,58303.25,Call,51500,0,0,17.1282,0,37,0
28-Oct-2025,58303.25,Call,51800,0,0,17.1282,0,20,0
28-Oct-2025,58303.25,Call,51700,0,0,17.1282,0,18,0
28-Oct-2025,58303.25,Call,51600,0,0,17.1282,0,18,0
28-Oct-2025,58303.25,Call,51900,0,0,17.1282,0,14,0
28-Oct-2025,58303.25,Call,52000,0,0,17.1282,0,1377,0
28-Oct-2025,58303.25,Put,63500,0,0,17.1282,0,230,0
28-Oct-2025,58303.25,Call,52100,0,0,17.1282,0,12,0
28-Oct-2025,58303.25,Call,52400,0,0,17.1282,0,9,0
28-Oct-2025,58303.25,Call,52200,0,0,17.1282,0,11,0
28-Oct-2025,58303.25,Call,52300,0,0,17.1282,0,14,0
28-Oct-2025,58303.25,Put,62000,0,0,17.1282,0,473,0
28-Oct-2025,58303.25,Call,52800,0,0,17.1282,0,15,0
28-Oct-2025,58303.25,Call,52900,0,0,17.1282,0,40,0
28-Oct-2025,58303.25,Call,53100,0,0,17.1282,0,8,0
28-Oct-2025,58303.25,Call,53200,0,0,17.1282,0,10,0
28-Oct-2025,58303.25,Call,53400,0,0,17.1282,0,148,0
28-Oct-2025,58303.25,Call,53300,0,0,17.1282,0,17,0
28-Oct-2025,58303.25,Call,53800,0,0,17.1282,0,91,0
28-Oct-2025,58303.25,Call,53600,0,0,17.1282,0,70,0
28-Oct-2025,58303.25,Call,53700,0,0,17.1282,0,142,0
28-Oct-2025,58303.25,Put,59100,0,0,17.1282,0,60,0
28-Oct-2025,58303.25,Call,55800,0,0,17.1282,0,1458,0
28-Oct-2025,58303.25,Call,55700,0,0,17.1282,0,2751,0
28-Oct-2025,58303.25,Put,59200,0,0,17.1282,0,76,0
28-Oct-2025,58303.25,Call,48700,0,0,17.1282,0,0,0
28-Oct-2025,58303.25,Call,52600,0,0,17.1282,0,13,0
28-Oct-2025,58303.25,Call,52700,0,0,17.1282,0,5,0
28-Oct-2025,58303.25,Call,48500,0,0,17.1282,0,25,0
28-Oct-2025,58303.25,Call,53900,0,0,17.1282,0,187,0
28-Oct-2025,58303.25,Call,54100,0,0,17.1282,0,236,0
28-Oct-2025,58303.25,Call,54200,0,0,17.1282,0,412,0
28-Oct-2025,58303.25,Call,54400,0,0,17.1282,0,429,0
28-Oct-2025,58303.25,Call,54700,0,0,17.1282,0,697,0
28-Oct-2025,58303.25,Call,50600,0,0,17.1282,0,5,0
28-Oct-2025,58303.25,Call,50700,0,0,17.1282,0,7,0
28-Oct-2025,58303.25,Put,50700,0,0,17.1282,0,53,0
28-Oct-2025,58303.25,Call,50800,0,0,17.1282,0,6,0
28-Oct-2025,58303.25,Put,50800,0,0,17.1282,0,61,0
28-Oct-2025,58303.25,Call,50900,0,0,17.1282,0,6,0
28-Oct-2025,58303.25,Put,59300,0,0,17.1282,0,41,0
28-Oct-2025,58303.25,Put,50200,0,0,17.1282,0,144,0
28-Oct-2025,58303.25,Put,62200,0,0,17.1282,0,0,0
28-Oct-2025,58303.25,Put,62400,0,0,17.1282,0,0,0
28-Oct-2025,58303.25,Put,62300,0,0,17.1282,0,0,0
28-Oct-2025,58303.25,Put,62100,0,0,17.1282,0,0,0
28-Oct-2025,58303.25,Put,61900,0,0,17.1282,0,0,0
28-Oct-2025,58303.25,Put,60300,0,0,17.1282,0,4,0
28-Oct-2025,58303.25,Put,60200,0,0,17.1282,0,6,0
28-Oct-2025,58303.25,Put,60100,0,0,17.1282,0,16,0
28-Oct-2025,58303.25,Put,52400,0,0,17.1282,0,254,0
28-Oct-2025,58303.25,Call,50300,0,0,17.1282,0,5,0
28-Oct-2025,58303.25,Call,50200,0,0,17.1282,0,3,0
28-Oct-2025,58303.25,Put,52100,0,0,17.1282,0,155,0
28-Oct-2025,58303.25,Put,52200,0,0,17.1282,0,137,0
28-Oct-2025,58303.25,Put,51800,0,0,17.1282,0,163,0
28-Oct-2025,58303.25,Put,62800,0,0,17.1282,0,0,0
28-Oct-2025,58303.25,Put,62900,0,0,17.1282,0,0,0
28-Oct-2025,58303.25,Call,65500,0,0,17.1282,0,83,0
28-Oct-2025,58303.25,Call,49800,0,0,17.1282,0,1,0
28-Oct-2025,58303.25,Call,49700,0,0,17.1282,0,1,0
28-Oct-2025,58303.25,Put,49800,0,0,17.1282,0,106,0
28-Oct-2025,58303.25,Call,50400,0,0,17.1282,0,5,0
28-Oct-2025,58303.25,Call,49900,0,0,17.1282,0,1,0
28-Oct-2025,58303.25,Call,47000,0,0,17.1282,0,332,0
28-Oct-2025,58303.25,Call,49100,0,0,17.1282,0,0,0
28-Oct-2025,58303.25,Put,49300,0,0,17.1282,0,58,0
28-Oct-2025,58303.25,Call,48900,0,0,17.1282,0,0,0
28-Oct-2025,58303.25,Call,49400,0,0,17.1282,0,0,0
28-Oct-2025,58303.25,Put,49400,0,0,17.1282,0,38,0
28-Oct-2025,58303.25,Call,46500,0,0,17.1282,0,33,0
28-Oct-2025,58303.25,Call,48800,0,0,17.1282,0,2,0
28-Oct-2025,58303.25,Put,49700,0,0,17.1282,0,78,0
28-Oct-2025,58303.25,Put,48900,0,0,17.1282,0,27,0
28-Oct-2025,58303.25,Put,62700,0,0,17.1282,0,0,0
28-Oct-2025,58303.25,Put,49200,0,0,17.1282,0,44,0
28-Oct-2025,58303.25,Call,62700,0,0,17.1282,0,43,0
28-Oct-2025,58303.25,Put,65500,0,0,17.1282,0,0,0
28-Oct-2025,58303.25,Put,62600,0,0,17.1282,0,0,0
28-Oct-2025,58303.25,Put,59600,0,0,17.1282,0,10,0
28-Oct-2025,58303.25,Put,61700,0,0,17.1282,0,0,0
28-Oct-2025,58303.25,Put,51400,0,0,17.1282,0,184,0
28-Oct-2025,58303.25,Put,50400,0,0,17.1282,0,86,0
28-Oct-2025,58303.25,Call,49300,0,0,17.1282,0,0,0
28-Oct-2025,58303.25,Put,61800,0,0,17.1282,0,0,0
28-Oct-2025,58303.25,Put,64500,0,0,17.1282,0,0,0
28-Oct-2025,58303.25,Put,60600,0,0,17.1282,0,16,0
28-Oct-2025,58303.25,Put,60900,0,0,17.1282,0,3,0
28-Oct-2025,58303.25,Put,61500,0,0,17.1282,0,5,0
28-Oct-2025,58303.25,Put,60700,0,0,17.1282,0,4,0
28-Oct-2025,58303.25,Put,62500,0,0,17.1282,0,1,0
28-Oct-2025,58303.25,Put,50100,0,0,17.1282,0,103,0
28-Oct-2025,58303.25,Call,50100,0,0,17.1282,0,45,0
28-Oct-2025,58303.25,Call,49200,0,0,17.1282,0,0,0
25-Nov-2025,58303.25,Put,65500,0,0,17.1282,0,0,0
25-Nov-2025,58303.25,Put,62800,0,0,17.1282,0,0,0
25-Nov-2025,58303.25,Call,65500,0,0,17.1282,0,0,0
25-Nov-2025,58303.25,Call,60700,0,0,17.1282,0,0,0
25-Nov-2025,58303.25,Put,62500,0,0,17.1282,0,11,0
25-Nov-2025,58303.25,Put,60700,0,0,17.1282,0,14,0
28-Oct-2025,58303.25,Call,47500,0,0,17.1282,0,1,0
25-Nov-2025,58303.25,Put,59600,0,0,17.1282,0,23,0
25-Nov-2025,58303.25,Call,54100,0,0,17.1282,0,18,0
25-Nov-2025,58303.25,Call,53000,0,0,17.1282,0,290,0
25-Nov-2025,58303.25,Put,59900,0,0,17.1282,0,22,0
25-Nov-2025,58303.25,Call,54300,0,0,17.1282,0,16,0
25-Nov-2025,58303.25,Put,46500,0,0,17.1282,0,16,0
25-Nov-2025,58303.25,Put,54300,0,0,17.1282,0,50,0
25-Nov-2025,58303.25,Put,54200,0,0,17.1282,0,0,0
25-Nov-2025,58303.25,Call,60600,0,0,17.1282,0,0,0
25-Nov-2025,58303.25,Put,51500,0,0,17.1282,0,187,0
25-Nov-2025,58303.25,Put,60600,0,0,17.1282,0,17,0
25-Nov-2025,58303.25,Call,53500,0,0,17.1282,0,196,0
25-Nov-2025,58303.25,Put,54100,0,0,17.1282,0,125,0
25-Nov-2025,58303.25,Put,59700,0,0,17.1282,0,23,0
25-Nov-2025,58303.25,Call,55800,0,0,17.1282,0,43,0
25-Nov-2025,58303.25,Call,59300,0,0,17.1282,0,178,0
25-Nov-2025,58303.25,Put,57400,0,0,17.1282,0,257,0
25-Nov-2025,58303.25,Put,57200,0,0,17.1282,0,516,0
25-Nov-2025,58303.25,Put,56700,0,0,17.1282,0,385,0
25-Nov-2025,58303.25,Put,50200,0,0,17.1282,0,0,0
25-Nov-2025,58303.25,Put,50100,0,0,17.1282,0,0,0
25-Nov-2025,58303.25,Put,52800,0,0,17.1282,0,0,0
25-Nov-2025,58303.25,Put,61800,0,0,17.1282,0,1,0
25-Nov-2025,58303.25,Call,61700,0,0,17.1282,0,0,0
25-Nov-2025,58303.25,Call,55600,0,0,17.1282,0,69,0
25-Nov-2025,58303.25,Call,52900,0,0,17.1282,0,13,0
25-Nov-2025,58303.25,Call,52800,0,0,17.1282,0,14,0
25-Nov-2025,58303.25,Put,52900,0,0,17.1282,0,0,0
25-Nov-2025,58303.25,Call,56900,0,0,17.1282,0,70,0
25-Nov-2025,58303.25,Call,55700,0,0,17.1282,0,21,0
25-Nov-2025,58303.25,Call,54900,0,0,17.1282,0,50,0
25-Nov-2025,58303.25,Call,54700,0,0,17.1282,0,22,0
25-Nov-2025,58303.25,Call,54600,0,0,17.1282,0,21,0
25-Nov-2025,58303.25,Put,56400,0,0,17.1282,0,197,0
25-Nov-2025,58303.25,Put,56200,0,0,17.1282,0,256,0
25-Nov-2025,58303.25,Put,55600,0,0,17.1282,0,571,0
25-Nov-2025,58303.25,Put,50300,0,0,17.1282,0,8,0
25-Nov-2025,58303.25,Put,49600,0,0,17.1282,0,0,0
25-Nov-2025,58303.25,Put,47500,0,0,17.1282,0,32,0
25-Nov-2025,58303.25,Put,62900,0,0,17.1282,0,0,0
25-Nov-2025,58303.25,Call,62800,0,0,17.1282,0,0,0
25-Nov-2025,58303.25,Put,49200,0,0,17.1282,0,0,0
25-Nov-2025,58303.25,Call,54400,0,0,17.1282,0,16,0
25-Nov-2025,58303.25,Call,54200,0,0,17.1282,0,12,0
25-Nov-2025,58303.25,Call,53900,0,0,17.1282,0,19,0
25-Nov-2025,58303.25,Call,53800,0,0,17.1282,0,26,0
25-Nov-2025,58303.25,Call,53700,0,0,17.1282,0,17,0
25-Nov-2025,58303.25,Call,53600,0,0,17.1282,0,19,0
25-Nov-2025,58303.25,Call,53400,0,0,17.1282,0,16,0
25-Nov-2025,58303.25,Call,53300,0,0,17.1282,0,12,0
25-Nov-2025,58303.25,Call,52000,0,0,17.1282,0,255,0
25-Nov-2025,58303.25,Call,51500,0,0,17.1282,0,23,0
25-Nov-2025,58303.25,Call,51400,0,0,17.1282,0,9,0
25-Nov-2025,58303.25,Call,51300,0,0,17.1282,0,8,0
25-Nov-2025,58303.25,Call,51200,0,0,17.1282,0,7,0
25-Nov-2025,58303.25,Call,51100,0,0,17.1282,0,8,0
25-Nov-2025,58303.25,Call,51000,0,0,17.1282,0,132,0
25-Nov-2025,58303.25,Call,50900,0,0,17.1282,0,7,0
25-Nov-2025,58303.25,Call,50800,0,0,17.1282,0,1,0
25-Nov-2025,58303.25,Call,50700,0,0,17.1282,0,2,0
25-Nov-2025,58303.25,Call,50600,0,0,17.1282,0,1,0
25-Nov-2025,58303.25,Call,61200,0,0,17.1282,0,0,0
25-Nov-2025,58303.25,Call,50500,0,0,17.1282,0,9,0
25-Nov-2025,58303.25,Call,50400,0,0,17.1282,0,1,0
25-Nov-2025,58303.25,Call,50300,0,0,17.1282,0,2,0
25-Nov-2025,58303.25,Call,50200,0,0,17.1282,0,1,0
25-Nov-2025,58303.25,Call,50100,0,0,17.1282,0,0,0
25-Nov-2025,58303.25,Call,49900,0,0,17.1282,0,1,0
25-Nov-2025,58303.25,Call,49800,0,0,17.1282,0,0,0
25-Nov-2025,58303.25,Call,49700,0,0,17.1282,0,0,0
25-Nov-2025,58303.25,Call,49600,0,0,17.1282,0,0,0
25-Nov-2025,58303.25,Call,49500,0,0,17.1282,0,2,0
25-Nov-2025,58303.25,Call,49400,0,0,17.1282,0,0,0
25-Nov-2025,58303.25,Call,49300,0,0,17.1282,0,0,0
25-Nov-2025,58303.25,Call,49200,0,0,17.1282,0,0,0
25-Nov-2025,58303.25,Call,49100,0,0,17.1282,0,0,0
25-Nov-2025,58303.25,Call,49000,0,0,17.1282,0,3,0
25-Nov-2025,58303.25,Call,48900,0,0,17.1282,0,0,0
25-Nov-2025,58303.25,Call,48800,0,0,17.1282,0,0,0
25-Nov-2025,58303.25,Call,48500,0,0,17.1282,0,0,0
25-Nov-2025,58303.25,Call,48000,0,0,17.1282,0,233,0
25-Nov-2025,58303.25,Call,47500,0,0,17.1282,0,0,0
25-Nov-2025,58303.25,Call,47000,0,0,17.1282,0,0,0
25-Nov-2025,58303.25,Call,55100,0,0,17.1282,0,27,0
25-Nov-2025,58303.25,Call,55200,0,0,17.1282,0,23,0
25-Nov-2025,58303.25,Put,54400,0,0,17.1282,0,1,0
25-Nov-2025,58303.25,Call,55300,0,0,17.1282,0,33,0
25-Nov-2025,58303.25,Put,51200,0,0,17.1282,0,0,0
25-Nov-2025,58303.25,Call,54800,0,0,17.1282,0,21,0
25-Nov-2025,58303.25,Call,53100,0,0,17.1282,0,13,0
25-Nov-2025,58303.25,Put,62300,0,0,17.1282,0,1,0
25-Nov-2025,58303.25,Call,62100,0,0,17.1282,0,0,0
25-Nov-2025,58303.25,Call,61900,0,0,17.1282,0,0,0
25-Nov-2025,58303.25,Put,62400,0,0,17.1282,0,1,0
25-Nov-2025,58303.25,Put,61900,0,0,17.1282,0,1,0
25-Nov-2025,58303.25,Call,62300,0,0,17.1282,0,0,0
25-Nov-2025,58303.25,Put,62100,0,0,17.1282,0,1,0
25-Nov-2025,58303.25,Call,46000,0,0,17.1282,0,1,0
25-Nov-2025,58303.25,Call,48700,0,0,17.1282,0,0,0
25-Nov-2025,58303.25,Call,61400,0,0,17.1282,0,0,0
25-Nov-2025,58303.25,Put,48800,0,0,17.1282,0,0,0
25-Nov-2025,58303.25,Put,46000,0,0,17.1282,0,290,0
25-Nov-2025,58303.25,Put,47000,0,0,17.1282,0,165,0
25-Nov-2025,58303.25,Put,64500,0,0,17.1282,0,15,0
25-Nov-2025,58303.25,Put,51600,0,0,17.1282,0,0,0
25-Nov-2025,58303.25,Put,50800,0,0,17.1282,0,0,0
25-Nov-2025,58303.25,Put,61400,0,0,17.1282,0,2,0
25-Nov-2025,58303.25,Call,61300,0,0,17.1282,0,0,0
25-Nov-2025,58303.25,Call,56100,0,0,17.1282,0,47,0
25-Nov-2025,58303.25,Call,61600,0,0,17.1282,0,0,0
25-Nov-2025,58303.25,Put,61600,0,0,17.1282,0,2,0
25-Nov-2025,58303.25,Put,61300,0,0,17.1282,0,1,0
25-Nov-2025,58303.25,Put,49400,0,0,17.1282,0,4,0
25-Nov-2025,58303.25,Call,62700,0,0,17.1282,0,0,0
25-Nov-2025,58303.25,Call,61800,0,0,17.1282,0,0,0
25-Nov-2025,58303.25,Put,59300,0,0,17.1282,0,22,0
25-Nov-2025,58303.25,Put,59400,0,0,17.1282,0,25,0
25-Nov-2025,58303.25,Put,48900,0,0,17.1282,0,0,0
25-Nov-2025,58303.25,Put,48700,0,0,17.1282,0,0,0
25-Nov-2025,58303.25,Put,62700,0,0,17.1282,0,0,0
25-Nov-2025,58303.25,Put,58800,0,0,17.1282,0,153,0
25-Nov-2025,58303.25,Call,59800,0,0,17.1282,0,246,0
25-Nov-2025,58303.25,Call,59700,0,0,17.1282,0,0,0
25-Nov-2025,58303.25,Put,48500,0,0,17.1282,0,34,0
25-Nov-2025,58303.25,Put,49000,0,0,17.1282,0,598,0
25-Nov-2025,58303.25,Put,64000,0,0,17.1282,0,7,0
25-Nov-2025,58303.25,Put,53300,0,0,17.1282,0,1,0
25-Nov-2025,58303.25,Put,57100,0,0,17.1282,0,392,0
25-Nov-2025,58303.25,Put,52700,0,0,17.1282,0,0,0
25-Nov-2025,58303.25,Call,60200,0,0,17.1282,0,0,0
25-Nov-2025,58303.25,Call,64000,0,0,17.1282,0,0,0
25-Nov-2025,58303.25,Put,53400,0,0,17.1282,0,1,0
25-Nov-2025,58303.25,Put,60300,0,0,17.1282,0,19,0
25-Nov-2025,58303.25,Call,60300,0,0,17.1282,0,0,0
25-Nov-2025,58303.25,Put,61700,0,0,17.1282,0,1,0
25-Nov-2025,58303.25,Put,60200,0,0,17.1282,0,19,0
25-Nov-2025,58303.25,Call,60400,0,0,17.1282,0,0,0
25-Nov-2025,58303.25,Put,63000,0,0,17.1282,0,110,0
25-Nov-2025,58303.25,Put,49900,0,0,17.1282,0,0,0
25-Nov-2025,58303.25,Put,49700,0,0,17.1282,0,0,0
25-Nov-2025,58303.25,Put,55300,0,0,17.1282,0,51,0
25-Nov-2025,58303.25,Put,49300,0,0,17.1282,0,0,0
25-Nov-2025,58303.25,Put,51300,0,0,17.1282,0,0,0
25-Nov-2025,58303.25,Put,51900,0,0,17.1282,0,0,0
25-Nov-2025,58303.25,Put,60400,0,0,17.1282,0,19,0
25-Nov-2025,58303.25,Put,54800,0,0,17.1282,0,1,0
25-Nov-2025,58303.25,Put,56100,0,0,17.1282,0,208,0
25-Nov-2025,58303.25,Call,56400,0,0,17.1282,0,69,0
25-Nov-2025,58303.25,Put,60500,0,0,17.1282,0,11,0
25-Nov-2025,58303.25,Put,51700,0,0,17.1282,0,0,0
25-Nov-2025,58303.25,Call,56300,0,0,17.1282,0,86,0
25-Nov-2025,58303.25,Call,56600,0,0,17.1282,0,115,0
25-Nov-2025,58303.25,Call,60900,0,0,17.1282,0,0,0
25-Nov-2025,58303.25,Put,59100,0,0,17.1282,0,88,0
25-Nov-2025,58303.25,Call,62400,0,0,17.1282,0,0,0
25-Nov-2025,58303.25,Put,62200,0,0,17.1282,0,2,0
25-Nov-2025,58303.25,Call,62200,0,0,17.1282,0,0,0
25-Nov-2025,58303.25,Put,62600,0,0,17.1282,0,1,0
25-Nov-2025,58303.25,Put,50900,0,0,17.1282,0,1,0
25-Nov-2025,58303.25,Put,50700,0,0,17.1282,0,0,0
25-Nov-2025,58303.25,Put,50600,0,0,17.1282,0,0,0
25-Nov-2025,58303.25,Put,50400,0,0,17.1282,0,0,0
25-Nov-2025,58303.25,Put,60100,0,0,17.1282,0,35,0
25-Nov-2025,58303.25,Put,51800,0,0,17.1282,0,0,0
25-Nov-2025,58303.25,Put,51100,0,0,17.1282,0,0,0
25-Nov-2025,58303.25,Put,49100,0,0,17.1282,0,0,0
25-Nov-2025,58303.25,Put,61200,0,0,17.1282,0,2,0
25-Nov-2025,58303.25,Call,62900,0,0,17.1282,0,0,0
25-Nov-2025,58303.25,Call,46500,0,0,17.1282,0,0,0
25-Nov-2025,58303.25,Put,53600,0,0,17.1282,0,0,0
25-Nov-2025,58303.25,Call,52500,0,0,17.1282,0,17,0
25-Nov-2025,58303.25,Call,52400,0,0,17.1282,0,15,0
25-Nov-2025,58303.25,Call,52300,0,0,17.1282,0,16,0
25-Nov-2025,58303.25,Call,52200,0,0,17.1282,0,15,0
25-Nov-2025,58303.25,Call,52100,0,0,17.1282,0,21,0
25-Nov-2025,58303.25,Call,51900,0,0,17.1282,0,14,0
25-Nov-2025,58303.25,Call,51800,0,0,17.1282,0,15,0
25-Nov-2025,58303.25,Call,51700,0,0,17.1282,0,12,0
25-Nov-2025,58303.25,Call,51600,0,0,17.1282,0,10,0
25-Nov-2025,58303.25,Call,60100,0,0,17.1282,0,0,0
25-Nov-2025,58303.25,Put,53700,0,0,17.1282,0,0,0
25-Nov-2025,58303.25,Call,61100,0,0,17.1282,0,46,0
25-Nov-2025,58303.25,Put,60800,0,0,17.1282,0,5,0
25-Nov-2025,58303.25,Put,53900,0,0,17.1282,0,50,0
25-Nov-2025,58303.25,Put,49800,0,0,17.1282,0,0,0
25-Nov-2025,58303.25,Call,55900,0,0,17.1282,0,73,0
25-Nov-2025,58303.25,Call,56200,0,0,17.1282,0,115,0
25-Nov-2025,58303.25,Put,63500,0,0,17.1282,0,40,0
25-Nov-2025,58303.25,Put,61100,0,0,17.1282,0,1,0
25-Nov-2025,58303.25,Put,61500,0,0,17.1282,0,14,0
25-Nov-2025,58303.25,Put,60900,0,0,17.1282,0,4,0
25-Nov-2025,58303.25,Put,55200,0,0,17.1282,0,374,0
25-Nov-2025,58303.25,Call,63500,0,0,17.1282,0,0,0
25-Nov-2025,58303.25,Put,54900,0,0,17.1282,0,112,0
25-Nov-2025,58303.25,Call,52700,0,0,17.1282,0,15,0
25-Nov-2025,58303.25,Call,52600,0,0,17.1282,0,19,0
30-Dec-2025,58303.25,Call,59200,0,0,17.1282,0,0,0
30-Dec-2025,58303.25,Call,59100,0,0,17.1282,0,20,0
30-Dec-2025,58303.25,Call,58900,0,0,17.1282,0,10,0
30-Dec-2025,58303.25,Call,58800,0,0,17.1282,0,0,0
30-Dec-2025,58303.25,Call,58700,0,0,17.1282,0,18,0
30-Dec-2025,58303.25,Call,58400,0,0,17.1282,0,4,0
30-Dec-2025,58303.25,Call,58300,0,0,17.1282,0,14,0
30-Dec-2025,58303.25,Call,51300,0,0,17.1282,0,0,0
30-Dec-2025,58303.25,Call,50800,0,0,17.1282,0,1,0
30-Dec-2025,58303.25,Call,50700,0,0,17.1282,0,0,0
30-Dec-2025,58303.25,Call,50400,0,0,17.1282,0,0,0
30-Dec-2025,58303.25,Put,50000,0,0,17.1282,0,130,0
30-Dec-2025,58303.25,Call,50000,0,0,17.1282,0,90,0
30-Dec-2025,58303.25,Call,49900,0,0,17.1282,0,0,0
30-Dec-2025,58303.25,Call,60100,0,0,17.1282,0,0,0
30-Dec-2025,58303.25,Call,49700,0,0,17.1282,0,0,0
30-Dec-2025,58303.25,Call,49600,0,0,17.1282,0,0,0
30-Dec-2025,58303.25,Put,47000,0,0,17.1282,0,20,0
30-Dec-2025,58303.25,Call,57400,0,0,17.1282,0,11,0
30-Dec-2025,58303.25,Call,56800,0,0,17.1282,0,10,0
30-Dec-2025,58303.25,Call,56700,0,0,17.1282,0,11,0
30-Dec-2025,58303.25,Call,56500,0,0,17.1282,0,96,0
30-Dec-2025,58303.25,Call,56400,0,0,17.1282,0,16,0
30-Dec-2025,58303.25,Call,56300,0,0,17.1282,0,2,0
30-Dec-2025,58303.25,Put,55800,0,0,17.1282,0,0,0
30-Dec-2025,58303.25,Put,55700,0,0,17.1282,0,6,0
30-Dec-2025,58303.25,Call,60600,0,0,17.1282,0,0,0
30-Dec-2025,58303.25,Call,61600,0,0,17.1282,0,0,0
30-Dec-2025,58303.25,Call,61400,0,0,17.1282,0,0,0
30-Dec-2025,58303.25,Put,65000,0,0,17.1282,0,0,0
30-Dec-2025,58303.25,Call,65000,0,0,17.1282,0,0,0
30-Dec-2025,58303.25,Call,62400,0,0,17.1282,0,0,0
25-Nov-2025,58303.25,Put,55100,0,0,17.1282,0,62,0
25-Nov-2025,58303.25,Put,51400,0,0,17.1282,0,0,0
25-Nov-2025,58303.25,Put,49500,0,0,17.1282,0,143,0
25-Nov-2025,58303.25,Put,59800,0,0,17.1282,0,21,0
25-Nov-2025,58303.25,Call,62600,0,0,17.1282,0,0,0
25-Nov-2025,58303.25,Call,53200,0,0,17.1282,0,17,0
25-Nov-2025,58303.25,Put,59200,0,0,17.1282,0,22,0
25-Nov-2025,58303.25,Call,59200,0,0,17.1282,0,93,0
25-Nov-2025,58303.25,Call,57300,0,0,17.1282,0,146,0
25-Nov-2025,58303.25,Put,58900,0,0,17.1282,0,72,0
25-Nov-2025,58303.25,Put,65000,0,0,17.1282,0,26,0
25-Nov-2025,58303.25,Call,60800,0,0,17.1282,0,0,0
30-Dec-2025,58303.25,Call,53100,0,0,17.1282,0,1,0
30-Dec-2025,58303.25,Put,51500,0,0,17.1282,0,7,0
30-Dec-2025,58303.25,Call,59400,0,0,17.1282,0,0,0
30-Dec-2025,58303.25,Call,53500,0,0,17.1282,0,8,0
30-Dec-2025,58303.25,Call,51700,0,0,17.1282,0,0,0
30-Dec-2025,58303.25,Call,62000,0,0,17.1282,0,0,0
30-Dec-2025,58303.25,Call,53200,0,0,17.1282,0,0,0
30-Dec-2025,58303.25,Call,53700,0,0,17.1282,0,0,0
30-Dec-2025,58303.25,Call,53900,0,0,17.1282,0,1,0
30-Dec-2025,58303.25,Call,51600,0,0,17.1282,0,0,0
30-Dec-2025,58303.25,Call,59600,0,0,17.1282,0,0,0
30-Dec-2025,58303.25,Call,52200,0,0,17.1282,0,0,0
30-Dec-2025,58303.25,Call,52400,0,0,17.1282,0,0,0
30-Dec-2025,58303.25,Call,53600,0,0,17.1282,0,0,0
30-Dec-2025,58303.25,Call,52700,0,0,17.1282,0,0,0
30-Dec-2025,58303.25,Call,52000,0,0,17.1282,0,9,0
30-Dec-2025,58303.25,Call,53000,0,0,17.1282,0,2,0
30-Dec-2025,58303.25,Call,54200,0,0,17.1282,0,2,0
30-Dec-2025,58303.25,Call,52300,0,0,17.1282,0,0,0
30-Dec-2025,58303.25,Call,59300,0,0,17.1282,0,0,0
30-Dec-2025,58303.25,Call,55200,0,0,17.1282,0,2,0
30-Dec-2025,58303.25,Call,53800,0,0,17.1282,0,2,0
30-Dec-2025,58303.25,Call,55900,0,0,17.1282,0,5,0
30-Dec-2025,58303.25,Call,55100,0,0,17.1282,0,0,0
30-Dec-2025,58303.25,Call,54400,0,0,17.1282,0,2,0
30-Dec-2025,58303.25,Call,55300,0,0,17.1282,0,5,0
30-Dec-2025,58303.25,Call,54700,0,0,17.1282,0,3,0
30-Dec-2025,58303.25,Call,55600,0,0,17.1282,0,2,0
30-Dec-2025,58303.25,Put,53400,0,0,17.1282,0,0,0
30-Dec-2025,58303.25,Call,54500,0,0,17.1282,0,7,0
30-Dec-2025,58303.25,Call,54300,0,0,17.1282,0,1,0
30-Dec-2025,58303.25,Put,53300,0,0,17.1282,0,0,0
30-Dec-2025,58303.25,Call,54800,0,0,17.1282,0,2,0
30-Dec-2025,58303.25,Call,46500,0,0,17.1282,0,0,0
30-Dec-2025,58303.25,Call,62100,0,0,17.1282,0,0,0
30-Dec-2025,58303.25,Put,61900,0,0,17.1282,0,0,0
30-Dec-2025,58303.25,Put,62100,0,0,17.1282,0,0,0
30-Dec-2025,58303.25,Call,60400,0,0,17.1282,0,0,0
30-Dec-2025,58303.25,Call,62300,0,0,17.1282,0,0,0
30-Dec-2025,58303.25,Put,50500,0,0,17.1282,0,14,0
30-Dec-2025,58303.25,Call,51200,0,0,17.1282,0,1,0
30-Dec-2025,58303.25,Put,54300,0,0,17.1282,0,0,0
30-Dec-2025,58303.25,Call,61900,0,0,17.1282,0,0,0
30-Dec-2025,58303.25,Put,62200,0,0,17.1282,0,0,0
30-Dec-2025,58303.25,Call,50900,0,0,17.1282,0,0,0
30-Dec-2025,58303.25,Call,50200,0,0,17.1282,0,0,0
30-Dec-2025,58303.25,Call,50500,0,0,17.1282,0,0,0
30-Dec-2025,58303.25,Call,62200,0,0,17.1282,0,0,0
30-Dec-2025,58303.25,Put,61100,0,0,17.1282,0,2,0
30-Dec-2025,58303.25,Call,51100,0,0,17.1282,0,0,0
30-Dec-2025,58303.25,Call,50300,0,0,17.1282,0,0,0
30-Dec-2025,58303.25,Put,62300,0,0,17.1282,0,0,0
30-Dec-2025,58303.25,Call,61300,0,0,17.1282,0,0,0
30-Dec-2025,58303.25,Call,49800,0,0,17.1282,0,0,0
30-Dec-2025,58303.25,Call,49000,0,0,17.1282,0,0,0
30-Dec-2025,58303.25,Call,47000,0,0,17.1282,0,0,0
30-Dec-2025,58303.25,Call,48500,0,0,17.1282,0,0,0
30-Dec-2025,58303.25,Call,50100,0,0,17.1282,0,0,0
30-Dec-2025,58303.25,Call,50600,0,0,17.1282,0,0,0
30-Dec-2025,58303.25,Put,55600,0,0,17.1282,0,0,0
30-Dec-2025,58303.25,Put,46500,0,0,17.1282,0,37,0
30-Dec-2025,58303.25,Call,62700,0,0,17.1282,0,0,0
30-Dec-2025,58303.25,Call,47500,0,0,17.1282,0,0,0
30-Dec-2025,58303.25,Put,56700,0,0,17.1282,0,34,0
30-Dec-2025,58303.25,Call,62600,0,0,17.1282,0,0,0
30-Dec-2025,58303.25,Call,61700,0,0,17.1282,0,0,0
30-Dec-2025,58303.25,Put,62700,0,0,17.1282,0,0,0
30-Dec-2025,58303.25,Put,60100,0,0,17.1282,0,5,0
30-Dec-2025,58303.25,Put,49500,0,0,17.1282,0,27,0
30-Dec-2025,58303.25,Call,59900,0,0,17.1282,0,0,0
30-Dec-2025,58303.25,Put,61700,0,0,17.1282,0,0,0
30-Dec-2025,58303.25,Call,60200,0,0,17.1282,0,0,0
30-Dec-2025,58303.25,Put,60200,0,0,17.1282,0,5,0
30-Dec-2025,58303.25,Call,59700,0,0,17.1282,0,0,0
30-Dec-2025,58303.25,Call,60300,0,0,17.1282,0,0,0
30-Dec-2025,58303.25,Put,56900,0,0,17.1282,0,28,0
30-Dec-2025,58303.25,Call,62500,0,0,17.1282,0,1,0
30-Dec-2025,58303.25,Put,47500,0,0,17.1282,0,50,0
30-Dec-2025,58303.25,Call,60800,0,0,17.1282,0,0,0
30-Dec-2025,58303.25,Call,63000,0,0,17.1282,0,1,0
30-Dec-2025,58303.25,Put,48500,0,0,17.1282,0,130,0
30-Dec-2025,58303.25,Call,60900,0,0,17.1282,0,0,0
30-Dec-2025,58303.25,Call,55800,0,0,17.1282,0,3,0
30-Dec-2025,58303.25,Call,55700,0,0,17.1282,0,3,0
30-Dec-2025,58303.25,Call,49500,0,0,17.1282,0,0,0
30-Dec-2025,58303.25,Call,48000,0,0,17.1282,0,47,0
30-Dec-2025,58303.25,Call,61000,0,0,17.1282,0,0,0
30-Dec-2025,58303.25,Put,55400,0,0,17.1282,0,0,0
30-Dec-2025,58303.25,Call,55400,0,0,17.1282,0,2,0
30-Dec-2025,58303.25,Put,55300,0,0,17.1282,0,0,0
30-Dec-2025,58303.25,Put,55200,0,0,17.1282,0,0,0
30-Dec-2025,58303.25,Put,55100,0,0,17.1282,0,0,0
30-Dec-2025,58303.25,Put,53600,0,0,17.1282,0,0,0
30-Dec-2025,58303.25,Call,53400,0,0,17.1282,0,1,0
30-Dec-2025,58303.25,Put,54400,0,0,17.1282,0,0,0
30-Dec-2025,58303.25,Put,62500,0,0,17.1282,0,12,0
30-Dec-2025,58303.25,Put,60800,0,0,17.1282,0,10,0
30-Dec-2025,58303.25,Put,59300,0,0,17.1282,0,7,0
30-Dec-2025,58303.25,Put,52300,0,0,17.1282,0,1,0
30-Dec-2025,58303.25,Put,56100,0,0,17.1282,0,0,0
30-Dec-2025,58303.25,Put,52800,0,0,17.1282,0,0,0
30-Dec-2025,58303.25,Put,52700,0,0,17.1282,0,0,0
30-Dec-2025,58303.25,Put,52600,0,0,17.1282,0,0,0
30-Dec-2025,58303.25,Put,51900,0,0,17.1282,0,0,0
30-Dec-2025,58303.25,Put,51800,0,0,17.1282,0,0,0
30-Dec-2025,58303.25,Put,63000,0,0,17.1282,0,9,0
30-Dec-2025,58303.25,Put,61500,0,0,17.1282,0,5,0
30-Dec-2025,58303.25,Put,62000,0,0,17.1282,0,7,0
30-Dec-2025,58303.25,Put,61000,0,0,17.1282,0,20,0
30-Dec-2025,58303.25,Put,60500,0,0,17.1282,0,8,0
30-Dec-2025,58303.25,Put,58900,0,0,17.1282,0,11,0
30-Dec-2025,58303.25,Put,60300,0,0,17.1282,0,6,0
30-Dec-2025,58303.25,Put,59700,0,0,17.1282,0,4,0
30-Dec-2025,58303.25,Call,59800,0,0,17.1282,0,0,0
30-Dec-2025,58303.25,Call,61200,0,0,17.1282,0,0,0
30-Dec-2025,58303.25,Put,49000,0,0,17.1282,0,57,0
30-Dec-2025,58303.25,Call,54000,0,0,17.1282,0,462,0
30-Dec-2025,58303.25,Put,55900,0,0,17.1282,0,0,0
30-Dec-2025,58303.25,Call,58200,0,0,17.1282,0,24,0
30-Dec-2025,58303.25,Call,58100,0,0,17.1282,0,8,0
30-Dec-2025,58303.25,Call,57900,0,0,17.1282,0,19,0
30-Dec-2025,58303.25,Call,57800,0,0,17.1282,0,12,0
30-Dec-2025,58303.25,Call,57600,0,0,17.1282,0,31,0
30-Dec-2025,58303.25,Put,52400,0,0,17.1282,0,0,0
30-Dec-2025,58303.25,Put,63500,0,0,17.1282,0,8,0
30-Dec-2025,58303.25,Call,61100,0,0,17.1282,0,0,0
30-Dec-2025,58303.25,Call,60700,0,0,17.1282,0,0,0
30-Dec-2025,58303.25,Call,63500,0,0,17.1282,0,0,0
30-Dec-2025,58303.25,Put,64500,0,0,17.1282,0,10,0
30-Dec-2025,58303.25,Put,54700,0,0,17.1282,0,0,0
30-Dec-2025,58303.25,Put,55500,0,0,17.1282,0,2066.71428571,0
30-Dec-2025,58303.25,Call,55500,0,0,17.1282,0,867,0
30-Dec-2025,58303.25,Put,53500,0,0,17.1282,0,839,0
30-Dec-2025,58303.25,Put,48000,0,0,17.1282,0,454,0
30-Dec-2025,58303.25,Put,61600,0,0,17.1282,0,3,0
30-Dec-2025,58303.25,Put,61400,0,0,17.1282,0,3,0
30-Dec-2025,58303.25,Put,61300,0,0,17.1282,0,3,0
30-Dec-2025,58303.25,Put,52100,0,0,17.1282,0,0,0
30-Dec-2025,58303.25,Put,64000,0,0,17.1282,0,5,0
30-Dec-2025,58303.25,Put,56800,0,0,17.1282,0,50,0
30-Dec-2025,58303.25,Put,62800,0,0,17.1282,0,0,0
30-Dec-2025,58303.25,Call,62800,0,0,17.1282,0,0,0
30-Dec-2025,58303.25,Put,65500,0,0,17.1282,0,0,0
30-Dec-2025,58303.25,Call,65500,0,0,17.1282,0,0,0
30-Dec-2025,58303.25,Put,62900,0,0,17.1282,0,0,0
30-Dec-2025,58303.25,Call,62900,0,0,17.1282,0,0,0
30-Dec-2025,58303.25,Call,51000,0,0,17.1282,0,118.428571429,0
30-Dec-2025,58303.25,Put,54200,0,0,17.1282,0,0,0
30-Dec-2025,58303.25,Call,54100,0,0,17.1282,0,0,0
30-Dec-2025,58303.25,Put,53900,0,0,17.1282,0,0,0
30-Dec-2025,58303.25,Call,61500,0,0,17.1282,0,2,0
30-Dec-2025,58303.25,Call,53300,0,0,17.1282,0,0,0
30-Dec-2025,58303.25,Call,52900,0,0,17.1282,0,0,0
30-Dec-2025,58303.25,Call,52800,0,0,17.1282,0,0,0
30-Dec-2025,58303.25,Call,52600,0,0,17.1282,0,0,0
30-Dec-2025,58303.25,Call,52100,0,0,17.1282,0,0,0
30-Dec-2025,58303.25,Call,51900,0,0,17.1282,0,0,0
30-Dec-2025,58303.25,Call,51800,0,0,17.1282,0,0,0
30-Dec-2025,58303.25,Call,51500,0,0,17.1282,0,1,0
30-Dec-2025,58303.25,Call,51400,0,0,17.1282,0,0,0
30-Dec-2025,58303.25,Put,62400,0,0,17.1282,0,0,0
30-Dec-2025,58303.25,Put,53800,0,0,17.1282,0,0,0
30-Dec-2025,58303.25,Put,53700,0,0,17.1282,0,0,0
30-Dec-2025,58303.25,Put,52200,0,0,17.1282,0,0,0
30-Dec-2025,58303.25,Put,54900,0,0,17.1282,0,0,0
30-Dec-2025,58303.25,Call,54900,0,0,17.1282,0,1,0
30-Dec-2025,58303.25,Put,54800,0,0,17.1282,0,0,0
30-Dec-2025,58303.25,Put,54600,0,0,17.1282,0,0,0
30-Dec-2025,58303.25,Call,54600,0,0,17.1282,0,3,0
30-Dec-2025,58303.25,Call,60500,0,0,17.1282,0,0,0
30-Dec-2025,58303.25,Call,57700,0,0,17.1282,0,73,0
30-Dec-2025,58303.25,Call,57300,0,0,17.1282,0,9,0
30-Dec-2025,58303.25,Call,57200,0,0,17.1282,0,16,0
30-Dec-2025,58303.25,Call,57100,0,0,17.1282,0,11,0
30-Dec-2025,58303.25,Call,56900,0,0,17.1282,0,9,0
30-Dec-2025,58303.25,Call,56600,0,0,17.1282,0,2,0
30-Dec-2025,58303.25,Call,56200,0,0,17.1282,0,3,0
30-Dec-2025,58303.25,Put,43500,0,0,17.1282,0,37.8571428571,0
30-Dec-2025,58303.25,Put,52900,0,0,17.1282,0,0,0
30-Dec-2025,58303.25,Put,57900,0,0,17.1282,0,37,0
30-Dec-2025,58303.25,Put,57800,0,0,17.1282,0,40,0
30-Dec-2025,58303.25,Put,54100,0,0,17.1282,0,0,0
30-Dec-2025,58303.25,Call,52500,0,0,17.1282,0,4,0
30-Dec-2025,58303.25,Put,56600,0,0,17.1282,0,319,0
30-Dec-2025,58303.25,Put,56200,0,0,17.1282,0,0,0
30-Dec-2025,58303.25,Put,60900,0,0,17.1282,0,2,0
30-Dec-2025,58303.25,Put,62600,0,0,17.1282,0,0,0
30-Dec-2025,58303.25,Put,56400,0,0,17.1282,0,0,0
30-Dec-2025,58303.25,Put,57200,0,0,17.1282,0,20,0
30-Dec-2025,58303.25,Put,59200,0,0,17.1282,0,1,0
30-Dec-2025,58303.25,Put,57400,0,0,17.1282,0,38,0
30-Dec-2025,58303.25,Put,56300,0,0,17.1282,0,0,0
30-Dec-2025,58303.25,Put,57600,0,0,17.1282,0,52,0
30-Dec-2025,58303.25,Put,57300,0,0,17.1282,0,33,0
30-Dec-2025,58303.25,Put,57700,0,0,17.1282,0,28,0
30-Dec-2025,58303.25,Put,58600,0,0,17.1282,0,13,0
30-Dec-2025,58303.25,Put,56500,0,0,17.1282,0,0,0
30-Dec-2025,58303.25,Put,58700,0,0,17.1282,0,24,0
30-Dec-2025,58303.25,Put,58800,0,0,17.1282,0,9,0
30-Dec-2025,58303.25,Call,61800,0,0,17.1282,0,0,0
30-Dec-2025,58303.25,Put,61200,0,0,17.1282,0,2,0
31-Mar-2026,58303.25,Call,61500,0,0,17.1282,0,0,0
31-Mar-2026,58303.25,Call,66000,0,0,17.1282,0,0,0
30-Dec-2025,58303.25,Put,61800,0,0,17.1282,0,0,0
30-Dec-2025,58303.25,Put,59400,0,0,17.1282,0,5,0
31-Mar-2026,58303.25,Call,63000,0,0,17.1282,0,0,0
31-Mar-2026,58303.25,Put,60000,0,0,17.1282,0,122,0
31-Mar-2026,58303.25,Call,64500,0,0,17.1282,0,0,0
30-Dec-2025,58303.25,Put,59100,0,0,17.1282,0,6,0
31-Mar-2026,58303.25,Put,49500,0,0,17.1282,0,0,0
31-Mar-2026,58303.25,Put,55500,0,0,17.1282,0,0,0
31-Mar-2026,58303.25,Put,48000,0,0,17.1282,0,0,0
31-Mar-2026,58303.25,Put,52500,0,0,17.1282,0,0,0
31-Mar-2026,58303.25,Put,51000,0,0,17.1282,0,0,0
30-Jun-2026,58303.25,Put,60000,0,0,17.1282,0,0,0
30-Jun-2026,58303.25,Put,57000,0,0,17.1282,0,0,0
30-Jun-2026,58303.25,Put,54000,0,0,17.1282,0,0,0
31-Mar-2026,58303.25,Call,57000,0,0,17.1282,0,495,0
30-Jun-2026,58303.25,Put,51000,0,0,17.1282,0,0,0
29-Sep-2026,58303.25,Put,57000,0,0,17.1282,0,0,0
