28-Oct-2025,58486.5,Call,58500,306.3,9.69,17.1282,13905,39252,349833
28-Oct-2025,58486.5,Put,58500,285.3,11.73,17.1282,28271,31493,197176
28-Oct-2025,58486.5,Put,58000,120.3,12.19,17.1282,17761,44594,175361
28-Oct-2025,58486.5,Call,58400,362,9.63,17.1282,3155,10007,147938
28-Oct-2025,58486.5,Call,58300,425,9.51,17.1282,2962,11214,134475
28-Oct-2025,58486.5,Call,58600,257.6,9.74,17.1282,6485,11475,119802
28-Oct-2025,58486.5,Call,58200,494.3,9.45,17.1282,-5748,11083,105430
28-Oct-2025,58486.5,Call,60000,19.5,12.71,17.1282,-1385,36366,105382
28-Oct-2025,58486.5,Call,59500,44.2,11.17,17.1282,559,20708,101651
28-Oct-2025,58486.5,Put,58400,241,11.76,17.1282,12150,12844,101151
28-Oct-2025,58486.5,Put,57000,32.5,15.7,17.1282,1095,58422,98594
28-Oct-2025,58486.5,Put,56000,19,21.04,17.1282,3745,46588,87146
28-Oct-2025,58486.5,Put,58300,203.1,11.76,17.1282,12837,14954,84545
28-Oct-2025,58486.5,Put,57500,54.75,13.48,17.1282,2684,28919,83558
28-Oct-2025,58486.5,Call,58700,215.4,9.82,17.1282,3521,8077,76521
28-Oct-2025,58486.5,Put,58200,170.4,11.91,17.1282,7244,12949,75865
28-Oct-2025,58486.5,Call,58800,177.65,9.91,17.1282,5105,10974,73345
28-Oct-2025,58486.5,Put,55000,14.2,26.58,17.1282,-2164,51659,64785
28-Oct-2025,58486.5,Put,56500,23.5,18.28,17.1282,3433,25308,62115
28-Oct-2025,58486.5,Put,55500,16.05,23.82,17.1282,1786,32104,61591
28-Oct-2025,58486.5,Call,58100,565.15,9.36,17.1282,-7138,5941,57666
28-Oct-2025,58486.5,Call,60500,10.45,14.46,17.1282,-608,17096,55470
28-Oct-2025,58486.5,Put,58600,334.5,11.83,17.1282,6523,6844,54897
28-Oct-2025,58486.5,Call,59200,79.4,10.51,17.1282,226,4784,51655
28-Oct-2025,58486.5,Put,54500,12.5,29.27,17.1282,-2416,23503,50138
28-Oct-2025,58486.5,Call,58900,146.7,10.06,17.1282,2245,5976,48672
28-Oct-2025,58486.5,Call,59100,98.05,10.34,17.1282,2059,6163,47573
28-Oct-2025,58486.5,Put,58100,142.75,12,17.1282,4157,9828,46992
28-Oct-2025,58486.5,Put,57800,85.8,12.57,17.1282,2655,7320,39960
28-Oct-2025,58486.5,Put,57900,101,12.37,17.1282,3107,8690,39775
28-Oct-2025,58486.5,Call,61000,7.2,16.53,17.1282,2141,16951,36182
28-Oct-2025,58486.5,Call,59300,65,10.71,17.1282,1438,4172,35715
28-Oct-2025,58486.5,Put,57700,72.9,12.86,17.1282,2553,7204,33377
28-Oct-2025,58486.5,Call,59400,53.6,10.91,17.1282,707,3620,30066
28-Oct-2025,58486.5,Put,57400,48,13.88,17.1282,-1226,11326,29628
28-Oct-2025,58486.5,Put,53000,9.2,37.44,17.1282,-2415,18372,25286
28-Oct-2025,58486.5,Put,57600,63.3,13.2,17.1282,181,5147,24303
28-Oct-2025,58486.5,Put,57200,39.15,14.8,17.1282,-1076,8128,22410
28-Oct-2025,58486.5,Call,59600,36.55,11.41,17.1282,-107,2676,21964
28-Oct-2025,58486.5,Call,57900,723.45,9.09,17.1282,-2981,9234,21435
28-Oct-2025,58486.5,Put,53500,10.1,34.67,17.1282,-3822,10343,21327
28-Oct-2025,58486.5,Call,57500,1074.4,0,17.1282,-3920,17143,20927
28-Oct-2025,58486.5,Call,59700,30.45,11.69,17.1282,-296,2467,20699
28-Oct-2025,58486.5,Put,57300,43.85,14.4,17.1282,500,5998,20592
28-Oct-2025,58486.5,Call,57800,800.7,8.25,17.1282,264,7570,20387
28-Oct-2025,58486.5,Put,58700,392.3,11.97,17.1282,2477,2785,19823
28-Oct-2025,58486.5,-,0,58535,0,17.1282,225,47211,18746
28-Oct-2025,58486.5,Call,59800,25.9,11.95,17.1282,-26,4097,17044
28-Oct-2025,58486.5,Put,59000,598.4,12.75,17.1282,1990,4631,17025
25-Nov-2025,58486.5,Call,59000,693.05,9.49,17.1282,610,9669,16627
28-Oct-2025,58486.5,Put,56800,28.9,16.82,17.1282,720,7737,16384
28-Oct-2025,58486.5,Put,52000,7.45,42.48,17.1282,-2500,12587,15719
28-Oct-2025,58486.5,Call,60700,9.45,15.45,17.1282,-144,1553,14806
28-Oct-2025,58486.5,Put,56900,30.25,16.23,17.1282,1693,7023,14790
28-Oct-2025,58486.5,Put,57100,35.95,15.3,17.1282,989,6574,14764
28-Oct-2025,58486.5,Put,56700,27.35,17.34,17.1282,1131,7160,14629
25-Nov-2025,58486.5,Put,57000,257.85,13.61,17.1282,6800,16685,14500
28-Oct-2025,58486.5,Put,56400,23,18.95,17.1282,-1295,3982,14455
25-Nov-2025,58486.5,Call,58500,966.25,9.39,17.1282,2691,7263,13569
25-Nov-2025,58486.5,Put,58500,673.35,13,17.1282,4347,6925,12863
25-Nov-2025,58486.5,Put,58000,497.95,13.09,17.1282,3667,10533,12713
28-Oct-2025,58486.5,Call,60300,12.7,13.65,17.1282,1568,2764,12543
28-Oct-2025,58486.5,Call,59900,22.35,12.28,17.1282,900,2063,11461
28-Oct-2025,58486.5,Put,56200,20.8,19.96,17.1282,1466,6460,11306
25-Nov-2025,58486.5,-,0,58805,0,17.1282,6136,15085,11159
28-Oct-2025,58486.5,Call,63500,3.6,27.45,17.1282,-775,12055,11095
28-Oct-2025,58486.5,Put,58800,455.55,12.12,17.1282,1498,1731,10800
25-Nov-2025,58486.5,Call,60000,311.65,9.63,17.1282,489,9780,10516
28-Oct-2025,58486.5,Put,56300,21.75,19.46,17.1282,-683,5128,10242
28-Oct-2025,58486.5,Put,50000,5.65,52.98,17.1282,1395,16320,10193
28-Oct-2025,58486.5,Call,60400,11.3,14.06,17.1282,415,2761,9078
28-Oct-2025,58486.5,Call,60200,14.65,13.45,17.1282,254,1680,9001
28-Oct-2025,58486.5,Call,57700,905.85,7.87,17.1282,-1986,2999,8548
28-Oct-2025,58486.5,Call,60100,16.65,12.98,17.1282,485,1253,8537
28-Oct-2025,58486.5,Call,62500,4.8,23.42,17.1282,-1079,1027,8286
28-Oct-2025,58486.5,Put,56100,20.15,20.62,17.1282,-493,4595,8256
25-Nov-2025,58486.5,Call,58000,1278.05,9.27,17.1282,549,8454,8138
28-Oct-2025,58486.5,Put,55900,19.2,21.77,17.1282,-447,9645,7937
28-Oct-2025,58486.5,Put,52500,8.2,39.91,17.1282,-217,5630,7250
25-Nov-2025,58486.5,Put,59000,896,12.88,17.1282,2689,4005,6770
28-Oct-2025,58486.5,Put,46000,2.6,72.1,17.1282,-367,16934,6707
28-Oct-2025,58486.5,Put,55800,18.6,22.33,17.1282,-16,4991,6475
28-Oct-2025,58486.5,Call,57600,986.45,7.57,17.1282,-2059,2069,6218
25-Nov-2025,58486.5,Call,57000,2020,6.23,17.1282,3277,10246,6143
25-Nov-2025,58486.5,Put,56000,137.9,14.53,17.1282,650,9263,6110
25-Nov-2025,58486.5,Put,56500,190,14.06,17.1282,1798,5131,6064
28-Oct-2025,58486.5,Call,60600,9.7,15.04,17.1282,-105,824,5882
28-Oct-2025,58486.5,Call,64000,3.6,29.69,17.1282,-251,2795,5830
28-Oct-2025,58486.5,Put,54700,14.6,28.65,17.1282,647,6896,5639
28-Oct-2025,58486.5,Put,54800,13.5,27.68,17.1282,538,5875,5600
25-Nov-2025,58486.5,Put,57500,364.75,13.41,17.1282,1793,5248,5509
28-Oct-2025,58486.5,Call,60800,8.65,15.9,17.1282,-292,924,5333
28-Oct-2025,58486.5,Call,63000,4.1,25.44,17.1282,-262,4803,5269
28-Oct-2025,58486.5,Put,55200,15.75,25.72,17.1282,343,5592,5208
25-Nov-2025,58486.5,Call,62000,63.6,11.14,17.1282,826,3340,5204
28-Oct-2025,58486.5,Put,55400,16.5,24.65,17.1282,-626,4176,4967
28-Oct-2025,58486.5,Put,55300,16.5,25.22,17.1282,-435,6012,4931
25-Nov-2025,58486.5,Call,59500,471.3,9.49,17.1282,277,2946,4794
25-Nov-2025,58486.5,Call,61000,131,10.1,17.1282,762,3471,4793
28-Oct-2025,58486.5,Call,65000,3.7,34.64,17.1282,1315,3448,4783
28-Oct-2025,58486.5,Put,48000,3.75,62.34,17.1282,25,5341,4311
28-Oct-2025,58486.5,Put,55700,18.1,22.94,17.1282,-214,4122,4232
28-Oct-2025,58486.5,Put,54900,14.6,27.34,17.1282,-746,4232,4040
25-Nov-2025,58486.5,Put,55000,83.05,15.86,17.1282,404,7269,3740
28-Oct-2025,58486.5,Put,58900,524,12.42,17.1282,658,852,3580
25-Nov-2025,58486.5,Put,55500,105.85,15.16,17.1282,-445,3351,3300
28-Oct-2025,58486.5,Call,60900,7.9,16.3,17.1282,133,718,3293
25-Nov-2025,58486.5,Call,60500,199.55,9.78,17.1282,281,2776,3036
25-Nov-2025,58486.5,Put,54000,54.85,17.52,17.1282,-38,5870,2992
25-Nov-2025,58486.5,Call,63000,35.15,12.32,17.1282,465,2757,2632
25-Nov-2025,58486.5,Call,58200,1156.1,9.38,17.1282,825,1436,2627
28-Oct-2025,58486.5,Call,57100,1456.95,0,17.1282,-678,2053,2625
28-Oct-2025,58486.5,Put,54400,12.8,30.15,17.1282,-35,2051,2551
25-Nov-2025,58486.5,Put,58300,603,13.12,17.1282,1032,1442,2309
28-Oct-2025,58486.5,Call,61200,7.35,17.71,17.1282,-8,585,2272
28-Oct-2025,58486.5,Call,61300,6.45,18.18,17.1282,205,501,2203
28-Oct-2025,58486.5,Put,54600,13.55,28.99,17.1282,-230,3238,2157
25-Nov-2025,58486.5,Put,53000,39.8,19.29,17.1282,-195,3056,2108
25-Nov-2025,58486.5,Call,61500,89.5,10.6,17.1282,95,1194,2029
25-Nov-2025,58486.5,Call,58400,1023.3,9.43,17.1282,352,608,1990
28-Oct-2025,58486.5,Call,56400,2168,15.13,17.1282,-338,2671,1890
28-Oct-2025,58486.5,Call,57400,1162.3,0,17.1282,-396,7289,1877
25-Nov-2025,58486.5,Call,58300,1080.9,9.27,17.1282,98,599,1818
25-Nov-2025,58486.5,Call,57500,1641.15,8.57,17.1282,21,2655,1739
25-Nov-2025,58486.5,Put,58400,634.2,13,17.1282,680,836,1710
28-Oct-2025,58486.5,Put,49000,4.25,57.71,17.1282,5,1705,1707
25-Nov-2025,58486.5,Put,54500,65.55,16.62,17.1282,-356,3201,1680
30-Dec-2025,58486.5,Put,57000,462,13.92,17.1282,538,3265,1670
28-Oct-2025,58486.5,Put,54100,11.8,31.56,17.1282,16,1063,1667
28-Oct-2025,58486.5,Put,54200,12.3,31.17,17.1282,-228,1965,1606
25-Nov-2025,58486.5,Call,58600,898.65,9.53,17.1282,215,501,1601
28-Oct-2025,58486.5,Call,56500,2040,0,17.1282,-524,10347,1574
25-Nov-2025,58486.5,Put,58200,567,13.15,17.1282,442,905,1539
30-Dec-2025,58486.5,Call,60000,700,8.7,17.1282,-92,3683,1455
28-Oct-2025,58486.5,Put,53900,11.55,32.89,17.1282,316,1721,1438
25-Nov-2025,58486.5,Put,58600,714.5,12.92,17.1282,323,436,1418
28-Oct-2025,58486.5,Call,56000,2529.9,0,17.1282,-703,15786,1396
28-Oct-2025,58486.5,Call,57300,1264.75,0,17.1282,-403,2202,1216
25-Nov-2025,58486.5,Call,58700,845.8,9.4,17.1282,54,772,1191
25-Nov-2025,58486.5,Call,58800,793.8,9.47,17.1282,275,475,1181
30-Dec-2025,58486.5,Put,55000,194.9,15.17,17.1282,166,1798,1181
30-Dec-2025,58486.5,-,0,59090,0,17.1282,461,3553,1156
28-Oct-2025,58486.5,Put,47000,3.7,68.14,17.1282,160,1709,1153
25-Nov-2025,58486.5,Call,59100,646.35,9.56,17.1282,90,527,1122
28-Oct-2025,58486.5,Put,54300,12.65,30.55,17.1282,-207,1680,1097
25-Nov-2025,58486.5,Call,62500,47.2,11.77,17.1282,143,1157,1091
25-Nov-2025,58486.5,Call,58100,1221.2,9.66,17.1282,-136,466,1081
25-Nov-2025,58486.5,Put,51000,29.75,23.88,17.1282,564,782,1053
28-Oct-2025,58486.5,Put,46500,2.65,69.26,17.1282,12,1401,1047
30-Dec-2025,58486.5,Call,58500,1454.25,8.15,17.1282,-243,1554,999
28-Oct-2025,58486.5,Call,64500,3.45,32.03,17.1282,22,590,982
28-Oct-2025,58486.5,Call,61700,6.1,19.9,17.1282,-7,405,972
25-Nov-2025,58486.5,Put,60000,1517.5,13.57,17.1282,292,1328,969
28-Oct-2025,58486.5,Call,65500,3.6,36.52,17.1282,206,289,954
28-Oct-2025,58486.5,Call,61100,7.65,17.19,17.1282,49,434,947
28-Oct-2025,58486.5,Put,61000,2498.6,25.54,17.1282,570,914,943
25-Nov-2025,58486.5,Call,59300,557.95,9.65,17.1282,464,642,934
30-Dec-2025,58486.5,Put,60000,1623.65,13.96,17.1282,592,735,934
28-Oct-2025,58486.5,Put,60000,1504.2,16.85,17.1282,-160,3186,925
28-Oct-2025,58486.5,Call,57200,1358.15,0,17.1282,-329,3545,914
28-Oct-2025,58486.5,Call,61400,6.95,18.62,17.1282,95,357,911
28-Oct-2025,58486.5,Put,59500,1029.8,15.02,17.1282,118,385,852
30-Dec-2025,58486.5,Put,58500,876.85,13.62,17.1282,324,1195,849
25-Nov-2025,58486.5,Call,58900,740,9.49,17.1282,115,488,846
28-Oct-2025,58486.5,Put,59100,677.2,12.96,17.1282,151,211,845
28-Oct-2025,58486.5,Put,53300,11.05,36.31,17.1282,80,767,844
30-Dec-2025,58486.5,Put,56000,296.9,14.44,17.1282,129,1532,800
25-Nov-2025,58486.5,Put,57800,438.3,13.23,17.1282,107,514,784
25-Nov-2025,58486.5,Put,58700,758,12.95,17.1282,124,447,776
25-Nov-2025,58486.5,Put,58800,801.05,12.97,17.1282,192,345,770
25-Nov-2025,58486.5,Put,58100,533.95,13.18,17.1282,58,912,761
30-Dec-2025,58486.5,Put,58000,708.8,13.66,17.1282,164,957,755
28-Oct-2025,58486.5,Put,49500,5.05,55.22,17.1282,8,1043,730
28-Oct-2025,58486.5,Put,59200,755.8,13.23,17.1282,134,210,723
28-Oct-2025,58486.5,Call,56800,1788.3,16.37,17.1282,-266,2719,718
25-Nov-2025,58486.5,Put,57300,316.5,13.51,17.1282,122,558,696
28-Oct-2025,58486.5,Put,53700,10.9,33.73,17.1282,-202,1274,694
25-Nov-2025,58486.5,Put,57700,410.85,13.26,17.1282,50,675,680
25-Nov-2025,58486.5,Put,53500,45.65,18.34,17.1282,64,2372,660
30-Dec-2025,58486.5,Call,59000,1160,8.52,17.1282,305,545,651
25-Nov-2025,58486.5,Call,65000,16.5,15.07,17.1282,402,781,643
25-Nov-2025,58486.5,Put,52000,32,21.09,17.1282,152,1757,605
25-Nov-2025,58486.5,Put,52500,33.3,20.07,17.1282,112,914,603
30-Dec-2025,58486.5,Put,59000,1100,13.65,17.1282,281,463,569
25-Nov-2025,58486.5,Put,50000,21.75,25.59,17.1282,151,1626,560
25-Nov-2025,58486.5,Call,59800,369,9.9,17.1282,90,336,544
25-Nov-2025,58486.5,Put,48000,18.5,30.13,17.1282,196,1495,517
28-Oct-2025,58486.5,Call,61600,5.85,19.55,17.1282,66,163,513
25-Nov-2025,58486.5,Put,57200,292.4,13.51,17.1282,10,526,507
28-Oct-2025,58486.5,Put,53800,10.95,33.14,17.1282,-123,795,497
28-Oct-2025,58486.5,Put,50500,6.2,50.36,17.1282,-46,969,496
28-Oct-2025,58486.5,Put,52900,9.55,38.34,17.1282,145,378,484
25-Nov-2025,58486.5,Put,62000,3226.65,17.46,17.1282,279,502,484
28-Oct-2025,58486.5,Call,55000,3516,0,17.1282,-252,15200,480
28-Oct-2025,58486.5,Call,55500,3024.6,0,17.1282,-205,6894,478
25-Nov-2025,58486.5,Put,57900,467.6,13.23,17.1282,176,513,469
25-Nov-2025,58486.5,Put,54600,69.6,16.48,17.1282,68,379,465
28-Oct-2025,58486.5,Put,53200,9.6,36.25,17.1282,-42,627,462
25-Nov-2025,58486.5,Call,57800,1408.9,9.1,17.1282,6,279,456
25-Nov-2025,58486.5,Put,59500,1172.4,13.08,17.1282,175,470,420
28-Oct-2025,58486.5,Call,56700,1838,0,17.1282,-175,2714,418
30-Dec-2025,58486.5,Put,57500,575,13.79,17.1282,-79,640,394
28-Oct-2025,58486.5,Put,53100,10.25,37.19,17.1282,-168,292,386
28-Oct-2025,58486.5,Put,53600,10.25,33.93,17.1282,112,1054,383
28-Oct-2025,58486.5,Put,53400,10.75,35.55,17.1282,64,522,378
30-Dec-2025,58486.5,Call,58000,1763.15,7.44,17.1282,63,641,373
25-Nov-2025,58486.5,Put,56900,244.35,13.66,17.1282,125,308,367
25-Nov-2025,58486.5,Put,56600,199,13.89,17.1282,6,384,367
30-Dec-2025,58486.5,Put,55500,235,14.68,17.1282,85,2151.71428571,364
25-Nov-2025,58486.5,Put,57600,380.8,13.22,17.1282,76,402,357
25-Nov-2025,58486.5,Put,47000,17,32.44,17.1282,306,471,354
25-Nov-2025,58486.5,Put,55200,91.35,15.56,17.1282,-64,310,349
28-Oct-2025,58486.5,Put,48500,4.15,59.99,17.1282,-54,752,347
28-Oct-2025,58486.5,Put,47500,3.45,64.78,17.1282,2,1333,344
25-Nov-2025,58486.5,Put,57100,277.2,13.56,17.1282,56,448,325
25-Nov-2025,58486.5,Put,56800,229.7,13.81,17.1282,61,790,323
25-Nov-2025,58486.5,Call,59400,509.05,9.92,17.1282,19,261,319
28-Oct-2025,58486.5,Put,51300,6.55,46.22,17.1282,-9,174,315
28-Oct-2025,58486.5,Call,62200,5.5,22.23,17.1282,101,215,308
25-Nov-2025,58486.5,Call,56500,2444,0,17.1282,-16,1228,306
25-Nov-2025,58486.5,Call,57900,1370.2,9.77,17.1282,-96,328,304
25-Nov-2025,58486.5,Call,56000,2900,0,17.1282,48,3197,300
28-Oct-2025,58486.5,Call,56600,1955,0,17.1282,-89,2157,291
28-Oct-2025,58486.5,Put,52800,10.2,39.04,17.1282,20,613,286
30-Dec-2025,58486.5,Put,54000,128.9,15.87,17.1282,53,4261,276
28-Oct-2025,58486.5,Call,54000,4535,35.94,17.1282,-155,5810,272
28-Oct-2025,58486.5,Put,52400,8.45,40.99,17.1282,-60,194,269
25-Nov-2025,58486.5,Put,58900,843.85,12.84,17.1282,105,177,260
28-Oct-2025,58486.5,Put,63000,4479.6,34.27,17.1282,-90,897,259
25-Nov-2025,58486.5,Call,60300,241,10,17.1282,81,81,251
28-Oct-2025,58486.5,Call,61900,6.2,21,17.1282,20,96,235
25-Nov-2025,58486.5,Put,56300,168.2,14.25,17.1282,-25,188,232
28-Oct-2025,58486.5,Call,55300,3224.65,0,17.1282,-68,2376,228
25-Nov-2025,58486.5,Call,59900,334.8,9.59,17.1282,23,179,226
31-Mar-2026,58486.5,Put,57000,670.85,13.88,17.1282,-8,3901,220
30-Dec-2025,58486.5,Call,59500,900,8.7,17.1282,-14,422,219
25-Nov-2025,58486.5,Put,56700,215.3,13.82,17.1282,50,435,214
25-Nov-2025,58486.5,Put,56100,148.45,14.44,17.1282,5,213,205
25-Nov-2025,58486.5,Call,55000,3861,0,17.1282,78,1738,201
30-Dec-2025,58486.5,Put,51000,57.9,19.53,17.1282,-58,1265.57142857,198
28-Oct-2025,58486.5,Call,55400,3127.7,0,17.1282,-107,1152,197
30-Dec-2025,58486.5,Put,52500,68.1,17.01,17.1282,-32,2311.28571429,197
25-Nov-2025,58486.5,Call,59200,595.4,9.91,17.1282,123,216,195
28-Oct-2025,58486.5,Call,62800,3.7,24.1,17.1282,65,65,187
30-Dec-2025,58486.5,Call,57000,2501,0,17.1282,-33,3233,187
25-Nov-2025,58486.5,Call,59600,430.75,9.64,17.1282,83,83,182
28-Oct-2025,58486.5,Call,62400,5.3,23.15,17.1282,-71,25,181
25-Nov-2025,58486.5,Put,57400,340,13.41,17.1282,17,274,178
28-Oct-2025,58486.5,Put,52600,9.25,39.78,17.1282,23,213,172
25-Nov-2025,58486.5,Put,51500,31.05,22.59,17.1282,70,257,171
25-Nov-2025,58486.5,Put,54700,72.75,16.33,17.1282,1,339,170
28-Oct-2025,58486.5,Call,61800,7.2,20.89,17.1282,-32,144,169
30-Dec-2025,58486.5,Put,53000,94.5,16.98,17.1282,-5,538,167
25-Nov-2025,58486.5,Put,55600,112.75,15.05,17.1282,-36,535,163
25-Nov-2025,58486.5,Call,57600,1550,8.76,17.1282,-13,200,155
28-Oct-2025,58486.5,Put,52300,7.7,40.69,17.1282,2,200,148
28-Oct-2025,58486.5,Put,59400,930,13.6,17.1282,45,53,145
25-Nov-2025,58486.5,Put,59100,944.55,12.85,17.1282,29,117,145
30-Dec-2025,58486.5,Call,64500,57.55,11.03,17.1282,4,308,141
25-Nov-2025,58486.5,Put,63000,4186.8,19.51,17.1282,115,225,140
25-Nov-2025,58486.5,Put,56400,178,14.05,17.1282,19,216,137
25-Nov-2025,58486.5,Call,59700,412.6,9.92,17.1282,63,63,137
28-Oct-2025,58486.5,Call,54500,4030,0,17.1282,-88,5765,135
25-Nov-2025,58486.5,Call,57700,1470.6,9.2,17.1282,3,282,134
28-Oct-2025,58486.5,Call,56900,1660.2,0,17.1282,-9,2674,128
28-Oct-2025,58486.5,Call,62300,5.4,22.69,17.1282,-10,52,125
28-Oct-2025,58486.5,Put,51700,6.25,44.41,17.1282,3,69,125
25-Nov-2025,58486.5,Call,55500,3351,0,17.1282,16,1333,124
25-Nov-2025,58486.5,Call,53000,5800,0,17.1282,-54,236,121
25-Nov-2025,58486.5,Call,54000,4800,0,17.1282,34,1047,121
25-Nov-2025,58486.5,Call,52000,6736.8,0,17.1282,96,351,117
25-Nov-2025,58486.5,Put,61000,2306,14.59,17.1282,-4,101,117
25-Nov-2025,58486.5,Call,61100,120.2,10.24,17.1282,53,99,115
28-Oct-2025,58486.5,Put,52100,7.4,41.7,17.1282,-3,152,111
28-Oct-2025,58486.5,Put,62000,3504.5,33.22,17.1282,-36,437,110
25-Nov-2025,58486.5,Call,50000,8721.95,0,17.1282,70,876,110
25-Nov-2025,58486.5,Put,46000,13.1,34.09,17.1282,15,305,109
28-Oct-2025,58486.5,Call,56100,2491.15,22.1,17.1282,-73,1324,107
28-Oct-2025,58486.5,Call,48000,10530,0,17.1282,-96,1851,103
25-Nov-2025,58486.5,Put,55900,134.6,14.74,17.1282,5,223,101
28-Oct-2025,58486.5,Call,55200,3327.8,19.95,17.1282,-40,795,100
25-Nov-2025,58486.5,Put,55800,128.85,14.91,17.1282,8,297,100
28-Oct-2025,58486.5,Put,59300,821.4,12.13,17.1282,23,64,99
25-Nov-2025,58486.5,Call,48000,10672,0,17.1282,89,322,95
28-Oct-2025,58486.5,Call,50000,8520,0,17.1282,-90,2719,92
28-Oct-2025,58486.5,Put,51600,5.65,43.34,17.1282,-7,103,91
31-Mar-2026,58486.5,Call,60000,1739.75,7.5,17.1282,30,1120,91
28-Oct-2025,58486.5,Call,53000,5489.65,0,17.1282,-41,953,90
25-Nov-2025,58486.5,Call,64500,19,14.12,17.1282,46,117,85
28-Oct-2025,58486.5,Call,52000,6535,42.07,17.1282,-80,1297,83
25-Nov-2025,58486.5,Put,55400,103.4,15.39,17.1282,1,170,81
25-Nov-2025,58486.5,Put,56200,154.85,14.26,17.1282,-4,252,80
30-Dec-2025,58486.5,Call,57500,2130,6.25,17.1282,11,252,80
25-Nov-2025,58486.5,Call,61400,94.4,10.52,17.1282,71,71,78
30-Dec-2025,58486.5,Put,54500,152.95,15.36,17.1282,-18,1400,75
30-Dec-2025,58486.5,Put,56600,390.4,14.17,17.1282,8,327,74
28-Oct-2025,58486.5,Call,55700,2883,23.69,17.1282,-17,2734,72
28-Oct-2025,58486.5,Put,52700,9.15,39.11,17.1282,-41,377,71
25-Nov-2025,58486.5,Put,55700,121.95,15.03,17.1282,8,131,71
28-Oct-2025,58486.5,Call,62600,6,24.54,17.1282,-21,24,69
25-Nov-2025,58486.5,Put,59200,982.5,12.64,17.1282,44,66,67
28-Oct-2025,58486.5,Call,55800,2761.5,13.97,17.1282,-47,1411,64
31-Mar-2026,58486.5,Put,54000,272.7,14.93,17.1282,1,218,61
28-Oct-2025,58486.5,Call,55900,2665.8,17.48,17.1282,-20,1051,60
30-Dec-2025,58486.5,Put,58200,777.75,13.56,17.1282,12,42,59
28-Oct-2025,58486.5,Put,52200,6.25,40.27,17.1282,-9,128,57
25-Nov-2025,58486.5,Call,57400,1712.75,8.87,17.1282,-3,221,57
28-Oct-2025,58486.5,Call,54600,3925,0,17.1282,-13,839,56
28-Oct-2025,58486.5,Call,55600,2944.2,0,17.1282,-3,2410,55
25-Nov-2025,58486.5,Put,54900,78.85,15.99,17.1282,-3,109,53
28-Oct-2025,58486.5,Put,50300,6,51.43,17.1282,-9,80,51
28-Oct-2025,58486.5,Call,53500,5026.05,0,17.1282,-38,598,51
28-Oct-2025,58486.5,Put,50100,5,51.58,17.1282,-1,102,50
25-Nov-2025,58486.5,Call,57100,1971.3,8.65,17.1282,-17,152,49
28-Oct-2025,58486.5,Put,49700,5.55,53.48,17.1282,0,78,48
25-Nov-2025,58486.5,Put,49000,21.65,28.2,17.1282,12,610,47
25-Nov-2025,58486.5,Call,57200,1873,8.34,17.1282,9,270,46
25-Nov-2025,58486.5,Put,65000,6136.95,24.68,17.1282,42,68,45
28-Oct-2025,58486.5,Put,49600,5.4,55.02,17.1282,27,112,43
28-Oct-2025,58486.5,Call,55100,3464.5,22,17.1282,-17,842,41
28-Oct-2025,58486.5,Call,51000,7545,0,17.1282,-31,746,41
28-Oct-2025,58486.5,Put,51900,7.15,42.74,17.1282,-21,128,41
25-Nov-2025,58486.5,Call,56400,2570,0,17.1282,16,85,41
30-Dec-2025,58486.5,Call,56000,3352.3,0,17.1282,11,554,41
28-Oct-2025,58486.5,Put,49900,4.55,52.24,17.1282,9,68,39
25-Nov-2025,58486.5,Call,56700,2277.85,0,17.1282,-17,223,39
31-Mar-2026,58486.5,Put,60000,1663.95,14.06,17.1282,21,143,39
25-Nov-2025,58486.5,Call,53500,5288.4,0,17.1282,33,229,38
30-Dec-2025,58486.5,Put,61000,2281.05,14.57,17.1282,13,33,37
25-Nov-2025,58486.5,Call,54500,4335,0,17.1282,24,334,36
25-Nov-2025,58486.5,Put,49500,22.8,26.9,17.1282,-14,129,36
30-Dec-2025,58486.5,Call,64000,74,10.69,17.1282,25,30,36
28-Oct-2025,58486.5,Call,62100,5.5,21.71,17.1282,-5,93,33
25-Nov-2025,58486.5,Call,54200,4625,0,17.1282,27,39,32
28-Oct-2025,58486.5,Put,51100,4.3,44.93,17.1282,-26,83,31
28-Oct-2025,58486.5,Put,51400,7.2,45.8,17.1282,-2,182,31
28-Oct-2025,58486.5,Call,53700,4720.3,0,17.1282,-29,113,30
25-Nov-2025,58486.5,Put,59300,1049.5,12.82,17.1282,18,40,30
30-Dec-2025,58486.5,Call,55000,4215,0,17.1282,25,163,30
28-Oct-2025,58486.5,Call,62900,5.05,25.51,17.1282,1,17,28
28-Oct-2025,58486.5,Put,50600,5.6,49.24,17.1282,-4,64,27
25-Nov-2025,58486.5,Call,57300,1818,9.22,17.1282,-8,138,27
25-Nov-2025,58486.5,Put,55100,91.55,15.9,17.1282,-1,61,27
30-Dec-2025,58486.5,Put,53500,107,16.32,17.1282,-15,824,27
28-Oct-2025,58486.5,Put,63500,4945,33.37,17.1282,-23,207,25
28-Oct-2025,58486.5,Put,59700,1175.4,12.79,17.1282,16,22,25
28-Oct-2025,58486.5,Put,51200,6.35,46.33,17.1282,-3,107,25
28-Oct-2025,58486.5,Put,49100,4.05,56.29,17.1282,18,86,25
30-Dec-2025,58486.5,Put,52000,66,17.89,17.1282,11,46,25
30-Dec-2025,58486.5,Put,58300,837.8,13.83,17.1282,13,25,24
25-Nov-2025,58486.5,Put,60500,1879.65,13.69,17.1282,6,17,23
30-Dec-2025,58486.5,Call,55500,3799.7,0,17.1282,-16,851,23
28-Oct-2025,58486.5,Call,54400,4063.8,0,17.1282,-6,423,22
28-Oct-2025,58486.5,Put,48900,4.85,58.57,17.1282,10,37,22
28-Oct-2025,58486.5,Put,50700,6.7,49.65,17.1282,-11,42,22
28-Oct-2025,58486.5,Put,49800,5.55,52.89,17.1282,0,106,22
30-Dec-2025,58486.5,Put,48500,35,22.86,17.1282,-16,114,22
30-Dec-2025,58486.5,Put,58100,750.55,13.64,17.1282,0,46,21
30-Dec-2025,58486.5,Call,59100,1123.45,8.62,17.1282,6,26,21
28-Oct-2025,58486.5,Put,48700,4.5,59.3,17.1282,8,74,20
28-Oct-2025,58486.5,Call,62700,6.3,25.21,17.1282,1,44,19
28-Oct-2025,58486.5,Call,54900,3644.85,0,17.1282,-6,1100,18
30-Dec-2025,58486.5,Call,62000,218.15,9.53,17.1282,16,16,18
28-Oct-2025,58486.5,Put,51800,6.9,43.16,17.1282,-1,162,17
25-Nov-2025,58486.5,Put,59600,1221.4,12.8,17.1282,13,36,17
30-Dec-2025,58486.5,Put,60500,1935.15,14.21,17.1282,8,16,17
31-Mar-2026,58486.5,Put,58500,1100,14.02,17.1282,11,61,17
31-Mar-2026,58486.5,Call,57000,3600,0,17.1282,-7,488,16
30-Dec-2025,58486.5,Put,51500,55,18.33,17.1282,11,18,16
25-Nov-2025,58486.5,Call,51000,7750,0,17.1282,8,140,15
25-Nov-2025,58486.5,Put,50500,22.5,24.17,17.1282,-11,33,15
30-Dec-2025,58486.5,Call,50000,8920,0,17.1282,2,92,15
25-Nov-2025,58486.5,Call,56800,2243.75,8.7,17.1282,-1,138,14
30-Dec-2025,58486.5,Put,58400,833,13.39,17.1282,2,17,14
30-Dec-2025,58486.5,Call,54000,5146.4,0,17.1282,-8,454,14
28-Oct-2025,58486.5,Call,49000,9568.2,66.92,17.1282,-12,480,13
25-Nov-2025,58486.5,Call,55400,3456.35,0,17.1282,-1,139,13
28-Oct-2025,58486.5,Put,59800,1296.9,15.28,17.1282,10,16,12
28-Oct-2025,58486.5,Call,54700,3830,0,17.1282,-8,689,12
25-Nov-2025,58486.5,Put,48500,18.9,28.87,17.1282,2,36,12
28-Oct-2025,58486.5,Call,54800,3692.65,0,17.1282,-5,1293,10
28-Oct-2025,58486.5,Put,50200,4.8,50.77,17.1282,2,146,10
28-Oct-2025,58486.5,Put,50900,6,45.92,17.1282,0,128,8
30-Dec-2025,58486.5,Put,59500,1322.35,13.55,17.1282,4,32,8
30-Dec-2025,58486.5,Put,47000,22,24.26,17.1282,2,22,8
28-Oct-2025,58486.5,Put,59900,1402.9,16.58,17.1282,0,24,7
28-Oct-2025,58486.5,Call,54200,4294.3,0,17.1282,0,412,7
28-Oct-2025,58486.5,Put,48800,5.5,59.97,17.1282,2,279,7
25-Nov-2025,58486.5,Put,46500,11.3,32.19,17.1282,4,20,7
25-Nov-2025,58486.5,Call,50500,8211.4,0,17.1282,1,10,7
30-Dec-2025,58486.5,Put,50500,45,19.71,17.1282,6,20,7
30-Dec-2025,58486.5,Put,57200,516.25,14.01,17.1282,-1,19,7
31-Mar-2026,58486.5,Call,58500,2550,4.8,17.1282,-1,159,7
28-Oct-2025,58486.5,Put,60500,1995,23.67,17.1282,0,16,6
25-Nov-2025,58486.5,Put,54100,53.75,17.1,17.1282,-3,122,6
25-Nov-2025,58486.5,Call,56100,2819,0,17.1282,0,47,6
30-Dec-2025,58486.5,Call,48000,10789,0,17.1282,3,50,6
30-Dec-2025,58486.5,Put,57900,673.9,13.52,17.1282,2,39,6
30-Dec-2025,58486.5,Put,57100,480,13.87,17.1282,-3,49,6
28-Oct-2025,58486.5,Call,52500,6050,0,17.1282,-3,167,5
28-Oct-2025,58486.5,Call,53900,4663.45,29.33,17.1282,0,187,5
25-Nov-2025,58486.5,Call,55700,3156.7,0,17.1282,2,23,5
25-Nov-2025,58486.5,Call,55900,2972.3,0,17.1282,-1,72,5
25-Nov-2025,58486.5,Put,59800,1380,13.32,17.1282,2,23,5
25-Nov-2025,58486.5,Put,59400,1130.6,13.18,17.1282,1,26,5
28-Oct-2025,58486.5,Call,54100,4331.25,0,17.1282,-2,234,4
28-Oct-2025,58486.5,Call,54300,4201.15,0,17.1282,0,337,4
25-Nov-2025,58486.5,Call,49000,9745.9,0,17.1282,3,6,4
25-Nov-2025,58486.5,Call,54300,4535,0,17.1282,0,16,4
25-Nov-2025,58486.5,Call,56600,2412.2,7.66,17.1282,-2,113,4
30-Dec-2025,58486.5,Put,56700,396.75,13.97,17.1282,0,34,4
30-Dec-2025,58486.5,Put,53900,126.85,16.04,17.1282,0,0,4
30-Dec-2025,58486.5,Put,53700,127.5,16.52,17.1282,0,0,4
30-Dec-2025,58486.5,Call,56500,2899,0,17.1282,-1,95,4
28-Oct-2025,58486.5,Call,50500,8020,0,17.1282,-2,82,3
28-Oct-2025,58486.5,Call,51500,6975,0,17.1282,0,37,3
28-Oct-2025,58486.5,Call,46500,12030,0,17.1282,-2,31,3
28-Oct-2025,58486.5,Put,49200,5.35,57.37,17.1282,0,44,3
25-Nov-2025,58486.5,Put,59700,1285.1,12.84,17.1282,0,23,3
28-Oct-2025,58486.5,Call,47000,11510,0,17.1282,-2,330,3
25-Nov-2025,58486.5,Call,56200,2670.2,0,17.1282,0,115,3
30-Dec-2025,58486.5,Call,57600,1993.65,5.46,17.1282,0,31,3
30-Dec-2025,58486.5,Call,58800,1267.75,8.26,17.1282,1,1,3
25-Nov-2025,58486.5,Call,51500,7175,0,17.1282,0,23,2
25-Nov-2025,58486.5,Call,52500,6150,0,17.1282,0,17,2
25-Nov-2025,58486.5,Put,47500,15,30.65,17.1282,1,33,2
30-Dec-2025,58486.5,Put,53800,118,16,17.1282,1,1,2
30-Dec-2025,58486.5,Put,53600,110,16.2,17.1282,1,1,2
30-Dec-2025,58486.5,Call,56100,3000,0,17.1282,0,6,2
30-Dec-2025,58486.5,Call,52000,6989.05,0,17.1282,1,10,2
30-Dec-2025,58486.5,Put,50000,45,20.71,17.1282,0,130,2
30-Dec-2025,58486.5,Call,58600,1429,8.62,17.1282,0,16,2
28-Oct-2025,58486.5,Put,59600,1120,14.98,17.1282,0,10,1
28-Oct-2025,58486.5,Call,53800,4700,0,17.1282,0,91,1
25-Nov-2025,58486.5,Call,55800,3080,0,17.1282,0,43,1
25-Nov-2025,58486.5,Call,55600,3289.8,0,17.1282,0,69,1
25-Nov-2025,58486.5,Call,55100,3327.4,0,17.1282,0,27,1
25-Nov-2025,58486.5,Put,60300,1715.8,13.35,17.1282,0,19,1
30-Dec-2025,58486.5,Put,54100,139.05,15.93,17.1282,0,0,1
30-Dec-2025,58486.5,Call,51000,7825,0,17.1282,0,118.428571429,1
30-Dec-2025,58486.5,Call,58100,1500,4.3,17.1282,0,8,1
30-Dec-2025,58486.5,Call,50500,8425,0,17.1282,0,0,1
30-Dec-2025,58486.5,Call,58200,1420,4.49,17.1282,0,24,1
28-Oct-2025,58486.5,Put,61900,0,0,17.1282,0,0,0
28-Oct-2025,58486.5,Call,50300,0,0,17.1282,0,5,0
28-Oct-2025,58486.5,Put,62500,0,0,17.1282,0,1,0
28-Oct-2025,58486.5,Put,64000,0,0,17.1282,0,0,0
28-Oct-2025,58486.5,Put,62100,0,0,17.1282,0,0,0
28-Oct-2025,58486.5,Put,62200,0,0,17.1282,0,0,0
28-Oct-2025,58486.5,Put,61700,0,0,17.1282,0,0,0
28-Oct-2025,58486.5,Call,50200,0,0,17.1282,0,3,0
28-Oct-2025,58486.5,Put,61800,0,0,17.1282,0,0,0
28-Oct-2025,58486.5,Put,60400,0,0,17.1282,0,6,0
28-Oct-2025,58486.5,Put,64500,0,0,17.1282,0,0,0
28-Oct-2025,58486.5,Call,47500,0,0,17.1282,0,1,0
28-Oct-2025,58486.5,Call,46000,0,0,17.1282,0,20,0
28-Oct-2025,58486.5,Call,50100,0,0,17.1282,0,45,0
28-Oct-2025,58486.5,Put,60800,0,0,17.1282,0,3,0
28-Oct-2025,58486.5,Call,50400,0,0,17.1282,0,5,0
28-Oct-2025,58486.5,Put,61400,0,0,17.1282,0,0,0
28-Oct-2025,58486.5,Put,61600,0,0,17.1282,0,0,0
28-Oct-2025,58486.5,Put,50400,0,0,17.1282,0,86,0
28-Oct-2025,58486.5,Put,61300,0,0,17.1282,0,0,0
28-Oct-2025,58486.5,Call,51600,0,0,17.1282,0,18,0
28-Oct-2025,58486.5,Call,51800,0,0,17.1282,0,20,0
28-Oct-2025,58486.5,Call,52300,0,0,17.1282,0,14,0
28-Oct-2025,58486.5,Call,52200,0,0,17.1282,0,11,0
28-Oct-2025,58486.5,Call,52100,0,0,17.1282,0,12,0
28-Oct-2025,58486.5,Call,52800,0,0,17.1282,0,15,0
28-Oct-2025,58486.5,Call,52900,0,0,17.1282,0,40,0
28-Oct-2025,58486.5,Call,52700,0,0,17.1282,0,5,0
28-Oct-2025,58486.5,Call,51900,0,0,17.1282,0,14,0
28-Oct-2025,58486.5,Call,51700,0,0,17.1282,0,18,0
28-Oct-2025,58486.5,Call,52400,0,0,17.1282,0,9,0
28-Oct-2025,58486.5,Call,52600,0,0,17.1282,0,13,0
28-Oct-2025,58486.5,Call,48500,0,0,17.1282,0,25,0
28-Oct-2025,58486.5,Call,53100,0,0,17.1282,0,8,0
28-Oct-2025,58486.5,Put,62400,0,0,17.1282,0,0,0
28-Oct-2025,58486.5,Put,65000,0,0,17.1282,0,2,0
28-Oct-2025,58486.5,Put,62300,0,0,17.1282,0,0,0
28-Oct-2025,58486.5,Put,60600,0,0,17.1282,0,16,0
28-Oct-2025,58486.5,Put,60900,0,0,17.1282,0,3,0
28-Oct-2025,58486.5,Put,61500,0,0,17.1282,0,5,0
28-Oct-2025,58486.5,Call,53300,0,0,17.1282,0,17,0
28-Oct-2025,58486.5,Call,53200,0,0,17.1282,0,10,0
28-Oct-2025,58486.5,Call,53400,0,0,17.1282,0,148,0
28-Oct-2025,58486.5,Call,53600,0,0,17.1282,0,70,0
28-Oct-2025,58486.5,Put,60100,0,0,17.1282,0,16,0
28-Oct-2025,58486.5,Put,60200,0,0,17.1282,0,6,0
28-Oct-2025,58486.5,Call,51300,0,0,17.1282,0,11,0
28-Oct-2025,58486.5,Call,49900,0,0,17.1282,0,1,0
28-Oct-2025,58486.5,Put,49300,0,0,17.1282,0,58,0
28-Oct-2025,58486.5,Put,65500,0,0,17.1282,0,0,0
28-Oct-2025,58486.5,Put,62600,0,0,17.1282,0,0,0
28-Oct-2025,58486.5,Put,62700,0,0,17.1282,0,0,0
28-Oct-2025,58486.5,Put,61100,0,0,17.1282,0,0,0
28-Oct-2025,58486.5,Call,49600,0,0,17.1282,0,0,0
28-Oct-2025,58486.5,Call,50800,0,0,17.1282,0,6,0
28-Oct-2025,58486.5,Call,50700,0,0,17.1282,0,7,0
28-Oct-2025,58486.5,Call,50600,0,0,17.1282,0,5,0
28-Oct-2025,58486.5,Call,49200,0,0,17.1282,0,0,0
28-Oct-2025,58486.5,Put,60700,0,0,17.1282,0,4,0
28-Oct-2025,58486.5,Put,49400,0,0,17.1282,0,38,0
28-Oct-2025,58486.5,Call,51400,0,0,17.1282,0,12,0
28-Oct-2025,58486.5,Call,49300,0,0,17.1282,0,0,0
28-Oct-2025,58486.5,Put,60300,0,0,17.1282,0,4,0
28-Oct-2025,58486.5,Call,51100,0,0,17.1282,0,6,0
28-Oct-2025,58486.5,Call,49700,0,0,17.1282,0,1,0
28-Oct-2025,58486.5,Call,48800,0,0,17.1282,0,2,0
28-Oct-2025,58486.5,Call,49400,0,0,17.1282,0,0,0
28-Oct-2025,58486.5,Call,49100,0,0,17.1282,0,0,0
28-Oct-2025,58486.5,Call,51200,0,0,17.1282,0,10,0
28-Oct-2025,58486.5,Call,48900,0,0,17.1282,0,0,0
28-Oct-2025,58486.5,Call,49500,0,0,17.1282,0,8,0
25-Nov-2025,58486.5,Call,51400,0,0,17.1282,0,9,0
25-Nov-2025,58486.5,Call,47000,0,0,17.1282,0,0,0
25-Nov-2025,58486.5,Call,49700,0,0,17.1282,0,0,0
25-Nov-2025,58486.5,Call,49600,0,0,17.1282,0,0,0
25-Nov-2025,58486.5,Call,56900,0,0,17.1282,0,70,0
25-Nov-2025,58486.5,Call,52900,0,0,17.1282,0,13,0
25-Nov-2025,58486.5,Call,52800,0,0,17.1282,0,14,0
25-Nov-2025,58486.5,Call,61200,0,0,17.1282,0,0,0
25-Nov-2025,58486.5,Call,62800,0,0,17.1282,0,0,0
25-Nov-2025,58486.5,Call,55300,0,0,17.1282,0,33,0
25-Nov-2025,58486.5,Call,55200,0,0,17.1282,0,23,0
25-Nov-2025,58486.5,Call,53100,0,0,17.1282,0,13,0
25-Nov-2025,58486.5,Put,65500,0,0,17.1282,0,0,0
25-Nov-2025,58486.5,Call,65500,0,0,17.1282,0,0,0
25-Nov-2025,58486.5,Put,62900,0,0,17.1282,0,0,0
25-Nov-2025,58486.5,Call,49900,0,0,17.1282,0,1,0
25-Nov-2025,58486.5,Call,49800,0,0,17.1282,0,0,0
25-Nov-2025,58486.5,Put,62800,0,0,17.1282,0,0,0
25-Nov-2025,58486.5,Put,51200,0,0,17.1282,0,0,0
25-Nov-2025,58486.5,Put,52700,0,0,17.1282,0,0,0
25-Nov-2025,58486.5,Put,52600,0,0,17.1282,0,0,0
25-Nov-2025,58486.5,Put,63500,0,0,17.1282,0,40,0
25-Nov-2025,58486.5,Put,60800,0,0,17.1282,0,5,0
25-Nov-2025,58486.5,Call,60800,0,0,17.1282,0,0,0
25-Nov-2025,58486.5,Put,61100,0,0,17.1282,0,1,0
28-Oct-2025,58486.5,Call,48700,0,0,17.1282,0,0,0
28-Oct-2025,58486.5,Call,49800,0,0,17.1282,0,1,0
28-Oct-2025,58486.5,Put,61200,0,0,17.1282,0,0,0
28-Oct-2025,58486.5,Call,50900,0,0,17.1282,0,6,0
28-Oct-2025,58486.5,Put,50800,0,0,17.1282,0,61,0
25-Nov-2025,58486.5,Put,50800,0,0,17.1282,0,0,0
25-Nov-2025,58486.5,Put,48800,0,0,17.1282,0,0,0
25-Nov-2025,58486.5,Put,60600,0,0,17.1282,0,17,0
25-Nov-2025,58486.5,Call,60600,0,0,17.1282,0,0,0
25-Nov-2025,58486.5,Call,54100,0,0,17.1282,0,18,0
25-Nov-2025,58486.5,Put,53800,0,0,17.1282,0,3,0
25-Nov-2025,58486.5,Put,53100,0,0,17.1282,0,0,0
25-Nov-2025,58486.5,Call,46000,0,0,17.1282,0,1,0
25-Nov-2025,58486.5,Put,61700,0,0,17.1282,0,1,0
25-Nov-2025,58486.5,Call,61800,0,0,17.1282,0,0,0
25-Nov-2025,58486.5,Put,64500,0,0,17.1282,0,15,0
25-Nov-2025,58486.5,Put,61200,0,0,17.1282,0,2,0
25-Nov-2025,58486.5,Put,51600,0,0,17.1282,0,0,0
25-Nov-2025,58486.5,Call,49500,0,0,17.1282,0,2,0
25-Nov-2025,58486.5,Call,49400,0,0,17.1282,0,0,0
25-Nov-2025,58486.5,Call,49300,0,0,17.1282,0,0,0
25-Nov-2025,58486.5,Call,49200,0,0,17.1282,0,0,0
25-Nov-2025,58486.5,Call,49100,0,0,17.1282,0,0,0
25-Nov-2025,58486.5,Call,48900,0,0,17.1282,0,0,0
25-Nov-2025,58486.5,Call,48800,0,0,17.1282,0,0,0
25-Nov-2025,58486.5,Call,48500,0,0,17.1282,0,0,0
25-Nov-2025,58486.5,Call,47500,0,0,17.1282,0,0,0
25-Nov-2025,58486.5,Call,50100,0,0,17.1282,0,0,0
25-Nov-2025,58486.5,Put,49200,0,0,17.1282,0,0,0
25-Nov-2025,58486.5,Call,50200,0,0,17.1282,0,1,0
25-Nov-2025,58486.5,Call,51300,0,0,17.1282,0,8,0
25-Nov-2025,58486.5,Call,51200,0,0,17.1282,0,7,0
25-Nov-2025,58486.5,Call,51100,0,0,17.1282,0,8,0
25-Nov-2025,58486.5,Call,50900,0,0,17.1282,0,7,0
25-Nov-2025,58486.5,Call,50800,0,0,17.1282,0,1,0
25-Nov-2025,58486.5,Call,50700,0,0,17.1282,0,2,0
25-Nov-2025,58486.5,Call,50600,0,0,17.1282,0,1,0
25-Nov-2025,58486.5,Call,50400,0,0,17.1282,0,1,0
25-Nov-2025,58486.5,Call,50300,0,0,17.1282,0,2,0
25-Nov-2025,58486.5,Call,54800,0,0,17.1282,0,21,0
25-Nov-2025,58486.5,Put,54400,0,0,17.1282,0,1,0
25-Nov-2025,58486.5,Call,54400,0,0,17.1282,0,16,0
25-Nov-2025,58486.5,Call,53900,0,0,17.1282,0,19,0
25-Nov-2025,58486.5,Call,53800,0,0,17.1282,0,26,0
25-Nov-2025,58486.5,Call,53700,0,0,17.1282,0,17,0
25-Nov-2025,58486.5,Call,53600,0,0,17.1282,0,19,0
25-Nov-2025,58486.5,Call,53400,0,0,17.1282,0,16,0
25-Nov-2025,58486.5,Call,53300,0,0,17.1282,0,12,0
25-Nov-2025,58486.5,Put,53200,0,0,17.1282,0,0,0
25-Nov-2025,58486.5,Put,54200,0,0,17.1282,0,0,0
25-Nov-2025,58486.5,Call,48700,0,0,17.1282,0,0,0
25-Nov-2025,58486.5,Put,54300,0,0,17.1282,0,50,0
25-Nov-2025,58486.5,Put,49900,0,0,17.1282,0,0,0
25-Nov-2025,58486.5,Put,52100,0,0,17.1282,0,0,0
25-Nov-2025,58486.5,Call,54900,0,0,17.1282,0,50,0
25-Nov-2025,58486.5,Call,54600,0,0,17.1282,0,21,0
25-Nov-2025,58486.5,Call,54700,0,0,17.1282,0,22,0
25-Nov-2025,58486.5,Put,54800,0,0,17.1282,0,1,0
25-Nov-2025,58486.5,Put,51300,0,0,17.1282,0,0,0
25-Nov-2025,58486.5,Put,49700,0,0,17.1282,0,0,0
25-Nov-2025,58486.5,Put,51900,0,0,17.1282,0,0,0
25-Nov-2025,58486.5,Put,52400,0,0,17.1282,0,0,0
25-Nov-2025,58486.5,Put,55300,0,0,17.1282,0,51,0
25-Nov-2025,58486.5,Put,59900,0,0,17.1282,0,22,0
25-Nov-2025,58486.5,Call,62900,0,0,17.1282,0,0,0
25-Nov-2025,58486.5,Call,60700,0,0,17.1282,0,0,0
25-Nov-2025,58486.5,Put,60700,0,0,17.1282,0,14,0
25-Nov-2025,58486.5,Put,50900,0,0,17.1282,0,1,0
25-Nov-2025,58486.5,Call,61900,0,0,17.1282,0,0,0
25-Nov-2025,58486.5,Call,62100,0,0,17.1282,0,0,0
25-Nov-2025,58486.5,Put,61400,0,0,17.1282,0,2,0
25-Nov-2025,58486.5,Put,61300,0,0,17.1282,0,1,0
25-Nov-2025,58486.5,Call,61300,0,0,17.1282,0,0,0
25-Nov-2025,58486.5,Call,60100,0,0,17.1282,0,0,0
25-Nov-2025,58486.5,Put,53400,0,0,17.1282,0,1,0
25-Nov-2025,58486.5,Put,53300,0,0,17.1282,0,1,0
25-Nov-2025,58486.5,Put,48900,0,0,17.1282,0,0,0
25-Nov-2025,58486.5,Put,48700,0,0,17.1282,0,0,0
25-Nov-2025,58486.5,Put,61500,0,0,17.1282,0,14,0
25-Nov-2025,58486.5,Put,52300,0,0,17.1282,0,0,0
25-Nov-2025,58486.5,Put,52200,0,0,17.1282,0,0,0
25-Nov-2025,58486.5,Put,51400,0,0,17.1282,0,0,0
25-Nov-2025,58486.5,Put,53700,0,0,17.1282,0,0,0
25-Nov-2025,58486.5,Put,53600,0,0,17.1282,0,0,0
25-Nov-2025,58486.5,Call,52400,0,0,17.1282,0,15,0
25-Nov-2025,58486.5,Call,52300,0,0,17.1282,0,16,0
25-Nov-2025,58486.5,Call,52200,0,0,17.1282,0,15,0
25-Nov-2025,58486.5,Call,52100,0,0,17.1282,0,21,0
25-Nov-2025,58486.5,Call,51900,0,0,17.1282,0,14,0
25-Nov-2025,58486.5,Call,51800,0,0,17.1282,0,15,0
25-Nov-2025,58486.5,Call,51700,0,0,17.1282,0,12,0
25-Nov-2025,58486.5,Call,51600,0,0,17.1282,0,10,0
25-Nov-2025,58486.5,Call,60400,0,0,17.1282,0,0,0
25-Nov-2025,58486.5,Put,60400,0,0,17.1282,0,19,0
25-Nov-2025,58486.5,Call,52700,0,0,17.1282,0,15,0
25-Nov-2025,58486.5,Call,52600,0,0,17.1282,0,19,0
25-Nov-2025,58486.5,Call,56300,0,0,17.1282,0,86,0
25-Nov-2025,58486.5,Put,50400,0,0,17.1282,0,0,0
25-Nov-2025,58486.5,Put,50700,0,0,17.1282,0,0,0
25-Nov-2025,58486.5,Put,50600,0,0,17.1282,0,0,0
25-Nov-2025,58486.5,Put,60200,0,0,17.1282,0,19,0
25-Nov-2025,58486.5,Call,60200,0,0,17.1282,0,0,0
25-Nov-2025,58486.5,Put,51800,0,0,17.1282,0,0,0
25-Nov-2025,58486.5,Put,51100,0,0,17.1282,0,0,0
25-Nov-2025,58486.5,Put,61800,0,0,17.1282,0,1,0
25-Nov-2025,58486.5,Call,61700,0,0,17.1282,0,0,0
25-Nov-2025,58486.5,Put,60100,0,0,17.1282,0,35,0
25-Nov-2025,58486.5,Put,62400,0,0,17.1282,0,1,0
25-Nov-2025,58486.5,Put,62300,0,0,17.1282,0,1,0
25-Nov-2025,58486.5,Call,62300,0,0,17.1282,0,0,0
25-Nov-2025,58486.5,Put,62100,0,0,17.1282,0,1,0
25-Nov-2025,58486.5,Put,50300,0,0,17.1282,0,8,0
25-Nov-2025,58486.5,Put,49600,0,0,17.1282,0,0,0
25-Nov-2025,58486.5,Put,60900,0,0,17.1282,0,4,0
25-Nov-2025,58486.5,Call,60900,0,0,17.1282,0,0,0
25-Nov-2025,58486.5,Put,61900,0,0,17.1282,0,1,0
25-Nov-2025,58486.5,Call,63500,0,0,17.1282,0,0,0
30-Dec-2025,58486.5,Put,49700,0,0,17.1282,0,0,0
30-Dec-2025,58486.5,Put,49600,0,0,17.1282,0,0,0
30-Dec-2025,58486.5,Call,62500,0,0,17.1282,0,1,0
30-Dec-2025,58486.5,Put,60300,0,0,17.1282,0,6,0
30-Dec-2025,58486.5,Call,60300,0,0,17.1282,0,0,0
30-Dec-2025,58486.5,Put,60200,0,0,17.1282,0,5,0
30-Dec-2025,58486.5,Call,60200,0,0,17.1282,0,0,0
30-Dec-2025,58486.5,Put,60100,0,0,17.1282,0,5,0
30-Dec-2025,58486.5,Call,62600,0,0,17.1282,0,0,0
30-Dec-2025,58486.5,Call,62700,0,0,17.1282,0,0,0
30-Dec-2025,58486.5,Put,62700,0,0,17.1282,0,0,0
30-Dec-2025,58486.5,Put,61500,0,0,17.1282,0,5,0
30-Dec-2025,58486.5,Put,62000,0,0,17.1282,0,7,0
30-Dec-2025,58486.5,Put,58900,0,0,17.1282,0,11,0
30-Dec-2025,58486.5,Put,58800,0,0,17.1282,0,9,0
30-Dec-2025,58486.5,Put,58700,0,0,17.1282,0,24,0
30-Dec-2025,58486.5,Put,58600,0,0,17.1282,0,13,0
30-Dec-2025,58486.5,Put,52900,0,0,17.1282,0,0,0
30-Dec-2025,58486.5,Put,59400,0,0,17.1282,0,5,0
25-Nov-2025,58486.5,Put,52800,0,0,17.1282,0,0,0
25-Nov-2025,58486.5,Put,53900,0,0,17.1282,0,50,0
25-Nov-2025,58486.5,Call,62600,0,0,17.1282,0,0,0
25-Nov-2025,58486.5,Put,51700,0,0,17.1282,0,0,0
25-Nov-2025,58486.5,Put,62600,0,0,17.1282,0,1,0
25-Nov-2025,58486.5,Put,49400,0,0,17.1282,0,4,0
25-Nov-2025,58486.5,Call,62700,0,0,17.1282,0,0,0
25-Nov-2025,58486.5,Put,62700,0,0,17.1282,0,0,0
25-Nov-2025,58486.5,Put,50200,0,0,17.1282,0,0,0
25-Nov-2025,58486.5,Put,50100,0,0,17.1282,0,0,0
25-Nov-2025,58486.5,Call,46500,0,0,17.1282,0,0,0
25-Nov-2025,58486.5,Put,62500,0,0,17.1282,0,11,0
25-Nov-2025,58486.5,Call,53200,0,0,17.1282,0,17,0
25-Nov-2025,58486.5,Put,49300,0,0,17.1282,0,0,0
25-Nov-2025,58486.5,Put,52900,0,0,17.1282,0,0,0
25-Nov-2025,58486.5,Put,49800,0,0,17.1282,0,0,0
25-Nov-2025,58486.5,Put,49100,0,0,17.1282,0,0,0
25-Nov-2025,58486.5,Call,62400,0,0,17.1282,0,0,0
25-Nov-2025,58486.5,Put,62200,0,0,17.1282,0,2,0
25-Nov-2025,58486.5,Call,62200,0,0,17.1282,0,0,0
25-Nov-2025,58486.5,Put,64000,0,0,17.1282,0,7,0
25-Nov-2025,58486.5,Call,64000,0,0,17.1282,0,0,0
25-Nov-2025,58486.5,Put,61600,0,0,17.1282,0,2,0
25-Nov-2025,58486.5,Call,61600,0,0,17.1282,0,0,0
30-Dec-2025,58486.5,Put,51200,0,0,17.1282,0,0,0
30-Dec-2025,58486.5,Put,50100,0,0,17.1282,0,0,0
30-Dec-2025,58486.5,Put,50400,0,0,17.1282,0,0,0
30-Dec-2025,58486.5,Put,59700,0,0,17.1282,0,4,0
30-Dec-2025,58486.5,Call,59700,0,0,17.1282,0,0,0
30-Dec-2025,58486.5,Call,59900,0,0,17.1282,0,0,0
30-Dec-2025,58486.5,Put,56900,0,0,17.1282,0,28,0
30-Dec-2025,58486.5,Call,59800,0,0,17.1282,0,0,0
30-Dec-2025,58486.5,Call,60700,0,0,17.1282,0,0,0
30-Dec-2025,58486.5,Call,60800,0,0,17.1282,0,0,0
30-Dec-2025,58486.5,Put,62400,0,0,17.1282,0,0,0
30-Dec-2025,58486.5,Call,60100,0,0,17.1282,0,0,0
30-Dec-2025,58486.5,Put,54900,0,0,17.1282,0,0,0
30-Dec-2025,58486.5,Put,59900,0,0,17.1282,0,2,0
30-Dec-2025,58486.5,Put,51600,0,0,17.1282,0,0,0
30-Dec-2025,58486.5,Call,50600,0,0,17.1282,0,0,0
30-Dec-2025,58486.5,Call,54900,0,0,17.1282,0,1,0
30-Dec-2025,58486.5,Put,51100,0,0,17.1282,0,0,0
30-Dec-2025,58486.5,Put,55100,0,0,17.1282,0,0,0
30-Dec-2025,58486.5,Put,55400,0,0,17.1282,0,0,0
30-Dec-2025,58486.5,Call,55400,0,0,17.1282,0,2,0
30-Dec-2025,58486.5,Call,55800,0,0,17.1282,0,3,0
30-Dec-2025,58486.5,Put,55300,0,0,17.1282,0,0,0
30-Dec-2025,58486.5,Put,60800,0,0,17.1282,0,10,0
30-Dec-2025,58486.5,Put,54600,0,0,17.1282,0,0,0
30-Dec-2025,58486.5,Put,55200,0,0,17.1282,0,0,0
30-Dec-2025,58486.5,Call,60600,0,0,17.1282,0,0,0
30-Dec-2025,58486.5,Put,49500,0,0,17.1282,0,27,0
30-Dec-2025,58486.5,Put,54800,0,0,17.1282,0,0,0
30-Dec-2025,58486.5,Call,55700,0,0,17.1282,0,3,0
30-Dec-2025,58486.5,Put,61800,0,0,17.1282,0,0,0
30-Dec-2025,58486.5,Call,60400,0,0,17.1282,0,0,0
30-Dec-2025,58486.5,Call,61800,0,0,17.1282,0,0,0
30-Dec-2025,58486.5,Call,61400,0,0,17.1282,0,0,0
30-Dec-2025,58486.5,Put,46500,0,0,17.1282,0,37,0
30-Dec-2025,58486.5,Call,61100,0,0,17.1282,0,0,0
30-Dec-2025,58486.5,Put,63500,0,0,17.1282,0,8,0
30-Dec-2025,58486.5,Call,63500,0,0,17.1282,0,0,0
30-Dec-2025,58486.5,Call,53400,0,0,17.1282,0,1,0
30-Dec-2025,58486.5,Call,53300,0,0,17.1282,0,0,0
30-Dec-2025,58486.5,Call,52900,0,0,17.1282,0,0,0
30-Dec-2025,58486.5,Call,52800,0,0,17.1282,0,0,0
30-Dec-2025,58486.5,Call,52600,0,0,17.1282,0,0,0
30-Dec-2025,58486.5,Call,52100,0,0,17.1282,0,0,0
30-Dec-2025,58486.5,Call,51900,0,0,17.1282,0,0,0
30-Dec-2025,58486.5,Call,51800,0,0,17.1282,0,0,0
30-Dec-2025,58486.5,Call,51500,0,0,17.1282,0,1,0
30-Dec-2025,58486.5,Call,60900,0,0,17.1282,0,0,0
30-Dec-2025,58486.5,Call,49500,0,0,17.1282,0,0,0
30-Dec-2025,58486.5,Call,61000,0,0,17.1282,0,0,0
30-Dec-2025,58486.5,Call,60500,0,0,17.1282,0,0,0
30-Dec-2025,58486.5,Call,57700,0,0,17.1282,0,73,0
30-Dec-2025,58486.5,Call,57300,0,0,17.1282,0,9,0
30-Dec-2025,58486.5,Call,57200,0,0,17.1282,0,16,0
30-Dec-2025,58486.5,Call,57100,0,0,17.1282,0,11,0
30-Dec-2025,58486.5,Call,56900,0,0,17.1282,0,9,0
30-Dec-2025,58486.5,Call,56600,0,0,17.1282,0,2,0
30-Dec-2025,58486.5,Call,56200,0,0,17.1282,0,3,0
30-Dec-2025,58486.5,Put,43500,0,0,17.1282,0,37.8571428571,0
30-Dec-2025,58486.5,Put,59100,0,0,17.1282,0,6,0
30-Dec-2025,58486.5,Put,52100,0,0,17.1282,0,0,0
30-Dec-2025,58486.5,Put,62300,0,0,17.1282,0,0,0
30-Dec-2025,58486.5,Call,62300,0,0,17.1282,0,0,0
30-Dec-2025,58486.5,Put,62200,0,0,17.1282,0,0,0
30-Dec-2025,58486.5,Call,62200,0,0,17.1282,0,0,0
30-Dec-2025,58486.5,Put,62100,0,0,17.1282,0,0,0
30-Dec-2025,58486.5,Call,62100,0,0,17.1282,0,0,0
30-Dec-2025,58486.5,Put,61900,0,0,17.1282,0,0,0
30-Dec-2025,58486.5,Call,61900,0,0,17.1282,0,0,0
30-Dec-2025,58486.5,Put,56800,0,0,17.1282,0,50,0
30-Dec-2025,58486.5,Put,65000,0,0,17.1282,0,0,0
30-Dec-2025,58486.5,Call,65000,0,0,17.1282,0,0,0
30-Dec-2025,58486.5,Call,62400,0,0,17.1282,0,0,0
30-Dec-2025,58486.5,Put,55800,0,0,17.1282,0,0,0
30-Dec-2025,58486.5,Put,55700,0,0,17.1282,0,6,0
30-Dec-2025,58486.5,Put,50700,0,0,17.1282,0,0,0
30-Dec-2025,58486.5,Put,57800,0,0,17.1282,0,40,0
30-Dec-2025,58486.5,Put,57300,0,0,17.1282,0,33,0
30-Dec-2025,58486.5,Put,56500,0,0,17.1282,0,0,0
30-Dec-2025,58486.5,Put,56400,0,0,17.1282,0,0,0
30-Dec-2025,58486.5,Put,56300,0,0,17.1282,0,0,0
30-Dec-2025,58486.5,Put,54700,0,0,17.1282,0,0,0
30-Dec-2025,58486.5,Put,62500,0,0,17.1282,0,12,0
30-Dec-2025,58486.5,Put,57700,0,0,17.1282,0,28,0
30-Dec-2025,58486.5,Put,57600,0,0,17.1282,0,52,0
30-Dec-2025,58486.5,Put,57400,0,0,17.1282,0,38,0
30-Dec-2025,58486.5,Put,59200,0,0,17.1282,0,1,0
30-Dec-2025,58486.5,Put,63000,0,0,17.1282,0,9,0
30-Dec-2025,58486.5,Call,61300,0,0,17.1282,0,0,0
30-Dec-2025,58486.5,Put,52400,0,0,17.1282,0,0,0
30-Dec-2025,58486.5,Call,53700,0,0,17.1282,0,0,0
30-Dec-2025,58486.5,Call,53600,0,0,17.1282,0,0,0
30-Dec-2025,58486.5,Call,53500,0,0,17.1282,0,8,0
30-Dec-2025,58486.5,Call,53200,0,0,17.1282,0,0,0
30-Dec-2025,58486.5,Call,53100,0,0,17.1282,0,1,0
30-Dec-2025,58486.5,Call,53000,0,0,17.1282,0,2,0
30-Dec-2025,58486.5,Call,52700,0,0,17.1282,0,0,0
30-Dec-2025,58486.5,Call,52400,0,0,17.1282,0,0,0
30-Dec-2025,58486.5,Call,52300,0,0,17.1282,0,0,0
30-Dec-2025,58486.5,Call,52200,0,0,17.1282,0,0,0
30-Dec-2025,58486.5,Call,57900,0,0,17.1282,0,19,0
30-Dec-2025,58486.5,Call,57800,0,0,17.1282,0,12,0
30-Dec-2025,58486.5,Call,57400,0,0,17.1282,0,11,0
30-Dec-2025,58486.5,Call,56800,0,0,17.1282,0,10,0
30-Dec-2025,58486.5,Call,56700,0,0,17.1282,0,11,0
30-Dec-2025,58486.5,Call,56400,0,0,17.1282,0,16,0
30-Dec-2025,58486.5,Call,56300,0,0,17.1282,0,2,0
30-Dec-2025,58486.5,Call,55900,0,0,17.1282,0,5,0
30-Dec-2025,58486.5,Call,55600,0,0,17.1282,0,2,0
30-Dec-2025,58486.5,Call,55300,0,0,17.1282,0,5,0
30-Dec-2025,58486.5,Call,55200,0,0,17.1282,0,2,0
30-Dec-2025,58486.5,Call,55100,0,0,17.1282,0,0,0
30-Dec-2025,58486.5,Put,61700,0,0,17.1282,0,0,0
30-Dec-2025,58486.5,Call,61700,0,0,17.1282,0,0,0
30-Dec-2025,58486.5,Put,59300,0,0,17.1282,0,7,0
30-Dec-2025,58486.5,Call,61200,0,0,17.1282,0,0,0
30-Dec-2025,58486.5,Put,61100,0,0,17.1282,0,2,0
30-Dec-2025,58486.5,Put,64000,0,0,17.1282,0,5,0
30-Dec-2025,58486.5,Put,61600,0,0,17.1282,0,3,0
30-Dec-2025,58486.5,Put,61400,0,0,17.1282,0,3,0
30-Dec-2025,58486.5,Put,61300,0,0,17.1282,0,3,0
30-Dec-2025,58486.5,Call,61500,0,0,17.1282,0,2,0
30-Dec-2025,58486.5,Put,51800,0,0,17.1282,0,0,0
30-Dec-2025,58486.5,Put,51700,0,0,17.1282,0,0,0
30-Dec-2025,58486.5,Put,51400,0,0,17.1282,0,0,0
30-Dec-2025,58486.5,Put,51300,0,0,17.1282,0,0,0
30-Dec-2025,58486.5,Put,47500,0,0,17.1282,0,50,0
30-Dec-2025,58486.5,Put,62600,0,0,17.1282,0,0,0
30-Dec-2025,58486.5,Call,54800,0,0,17.1282,0,2,0
30-Dec-2025,58486.5,Call,54700,0,0,17.1282,0,3,0
30-Dec-2025,58486.5,Call,54500,0,0,17.1282,0,7,0
30-Dec-2025,58486.5,Call,54400,0,0,17.1282,0,2,0
30-Dec-2025,58486.5,Call,54300,0,0,17.1282,0,1,0
30-Dec-2025,58486.5,Call,46500,0,0,17.1282,0,0,0
30-Dec-2025,58486.5,Call,59600,0,0,17.1282,0,0,0
30-Dec-2025,58486.5,Call,50300,0,0,17.1282,0,0,0
30-Dec-2025,58486.5,Call,50200,0,0,17.1282,0,0,0
30-Dec-2025,58486.5,Call,50100,0,0,17.1282,0,0,0
30-Dec-2025,58486.5,Call,49800,0,0,17.1282,0,0,0
30-Dec-2025,58486.5,Call,49000,0,0,17.1282,0,0,0
30-Dec-2025,58486.5,Call,48500,0,0,17.1282,0,0,0
30-Dec-2025,58486.5,Call,47500,0,0,17.1282,0,0,0
30-Dec-2025,58486.5,Call,47000,0,0,17.1282,0,0,0
30-Dec-2025,58486.5,Call,51400,0,0,17.1282,0,0,0
30-Dec-2025,58486.5,Call,51200,0,0,17.1282,0,1,0
30-Dec-2025,58486.5,Call,51100,0,0,17.1282,0,0,0
30-Dec-2025,58486.5,Call,50900,0,0,17.1282,0,0,0
30-Dec-2025,58486.5,Call,54600,0,0,17.1282,0,3,0
30-Dec-2025,58486.5,Put,54400,0,0,17.1282,0,0,0
30-Dec-2025,58486.5,Put,54300,0,0,17.1282,0,0,0
30-Dec-2025,58486.5,Put,54200,0,0,17.1282,0,0,0
30-Dec-2025,58486.5,Call,54100,0,0,17.1282,0,0,0
30-Dec-2025,58486.5,Put,53400,0,0,17.1282,0,0,0
30-Dec-2025,58486.5,Put,53300,0,0,17.1282,0,0,0
30-Dec-2025,58486.5,Call,61600,0,0,17.1282,0,0,0
30-Dec-2025,58486.5,Put,61200,0,0,17.1282,0,2,0
30-Dec-2025,58486.5,Put,55600,0,0,17.1282,0,0,0
30-Dec-2025,58486.5,Call,65500,0,0,17.1282,0,0,0
30-Dec-2025,58486.5,Put,62900,0,0,17.1282,0,0,0
30-Dec-2025,58486.5,Put,49000,0,0,17.1282,0,57,0
30-Dec-2025,58486.5,Put,62800,0,0,17.1282,0,0,0
30-Dec-2025,58486.5,Call,63000,0,0,17.1282,0,1,0
30-Dec-2025,58486.5,Put,48000,0,0,17.1282,0,454,0
30-Dec-2025,58486.5,Call,62800,0,0,17.1282,0,0,0
30-Dec-2025,58486.5,Put,60900,0,0,17.1282,0,2,0
30-Dec-2025,58486.5,Put,49900,0,0,17.1282,0,0,0
30-Dec-2025,58486.5,Put,52200,0,0,17.1282,0,0,0
30-Dec-2025,58486.5,Put,53200,0,0,17.1282,0,5,0
30-Dec-2025,58486.5,Call,62900,0,0,17.1282,0,0,0
30-Dec-2025,58486.5,Put,56100,0,0,17.1282,0,0,0
30-Dec-2025,58486.5,Put,56200,0,0,17.1282,0,0,0
30-Dec-2025,58486.5,Put,51900,0,0,17.1282,0,0,0
30-Dec-2025,58486.5,Put,52300,0,0,17.1282,0,1,0
30-Dec-2025,58486.5,Put,52600,0,0,17.1282,0,0,0
30-Dec-2025,58486.5,Put,50200,0,0,17.1282,0,0,0
30-Dec-2025,58486.5,Put,64500,0,0,17.1282,0,10,0
30-Dec-2025,58486.5,Put,65500,0,0,17.1282,0,0,0
30-Dec-2025,58486.5,Put,52700,0,0,17.1282,0,0,0
30-Dec-2025,58486.5,Put,53100,0,0,17.1282,0,1,0
30-Dec-2025,58486.5,Call,52500,0,0,17.1282,0,4,0
30-Dec-2025,58486.5,Put,52800,0,0,17.1282,0,0,0
30-Dec-2025,58486.5,Put,50800,0,0,17.1282,0,0,0
30-Dec-2025,58486.5,Put,50900,0,0,17.1282,0,0,0
30-Dec-2025,58486.5,Put,49800,0,0,17.1282,0,0,0
30-Dec-2025,58486.5,Put,50600,0,0,17.1282,0,0,0
30-Dec-2025,58486.5,Put,50300,0,0,17.1282,0,0,0
31-Mar-2026,58486.5,Call,66000,0,0,17.1282,0,0,0
31-Mar-2026,58486.5,Put,52500,0,0,17.1282,0,0,0
30-Dec-2025,58486.5,Call,59400,0,0,17.1282,0,0,0
30-Dec-2025,58486.5,Call,59300,0,0,17.1282,0,0,0
30-Dec-2025,58486.5,Call,59200,0,0,17.1282,0,0,0
30-Dec-2025,58486.5,Call,58900,0,0,17.1282,0,10,0
30-Dec-2025,58486.5,Call,58700,0,0,17.1282,0,18,0
30-Dec-2025,58486.5,Call,58400,0,0,17.1282,0,4,0
30-Dec-2025,58486.5,Call,58300,0,0,17.1282,0,14,0
30-Dec-2025,58486.5,Call,51700,0,0,17.1282,0,0,0
30-Dec-2025,58486.5,Call,51600,0,0,17.1282,0,0,0
30-Dec-2025,58486.5,Call,51300,0,0,17.1282,0,0,0
30-Dec-2025,58486.5,Call,50800,0,0,17.1282,0,1,0
30-Dec-2025,58486.5,Call,50700,0,0,17.1282,0,0,0
30-Dec-2025,58486.5,Call,50400,0,0,17.1282,0,0,0
30-Dec-2025,58486.5,Call,49900,0,0,17.1282,0,0,0
30-Dec-2025,58486.5,Call,49700,0,0,17.1282,0,0,0
30-Dec-2025,58486.5,Call,49600,0,0,17.1282,0,0,0
30-Dec-2025,58486.5,Call,54200,0,0,17.1282,0,2,0
30-Dec-2025,58486.5,Call,53900,0,0,17.1282,0,1,0
30-Dec-2025,58486.5,Call,53800,0,0,17.1282,0,2,0
30-Dec-2025,58486.5,Put,55900,0,0,17.1282,0,0,0
31-Mar-2026,58486.5,Put,49500,0,0,17.1282,0,0,0
31-Mar-2026,58486.5,Put,48000,0,0,17.1282,0,0,0
31-Mar-2026,58486.5,Put,55500,0,0,17.1282,0,0,0
31-Mar-2026,58486.5,Put,51000,0,0,17.1282,0,0,0
31-Mar-2026,58486.5,Call,64500,0,0,17.1282,0,0,0
31-Mar-2026,58486.5,Call,63000,0,0,17.1282,0,0,0
31-Mar-2026,58486.5,Call,61500,0,0,17.1282,0,0,0
30-Jun-2026,58486.5,Put,57000,0,0,17.1282,0,0,0
29-Sep-2026,58486.5,Put,57000,0,0,17.1282,0,0,0
30-Jun-2026,58486.5,Put,51000,0,0,17.1282,0,0,0
30-Jun-2026,58486.5,Put,60000,0,0,17.1282,0,0,0
30-Jun-2026,58486.5,Put,54000,0,0,17.1282,0,0,0
