28-Oct-2025,1302.4,Call,1300,19.2,26.67,38.398,-467,913,19981
28-Oct-2025,1302.4,Call,1320,10.4,27.3,38.398,599,1169,13852
28-Oct-2025,1302.4,-,0,1306.1,0,38.398,-3443,16492,13832
25-Nov-2025,1302.4,-,0,1299.5,0,38.398,4138,9042,10066
28-Oct-2025,1302.4,Call,1340,5.1,27.42,38.398,624,990,8329
28-Oct-2025,1302.4,Call,1280,31.7,26.97,38.398,-845,313,5853
28-Oct-2025,1302.4,Put,1300,13.55,26.14,38.398,507,685,4375
28-Oct-2025,1302.4,Put,1280,6.4,26.78,38.398,614,804,4012
28-Oct-2025,1302.4,Put,1260,3.1,28.47,38.398,380,645,3443
28-Oct-2025,1302.4,Call,1260,49.45,31.16,38.398,-791,354,3159
28-Oct-2025,1302.4,Call,1360,2.35,29.13,38.398,283,593,2924
25-Nov-2025,1302.4,Call,1300,50.2,27,38.398,247,738,2845
28-Oct-2025,1302.4,Put,1240,1.55,30.91,38.398,278,691,2724
28-Oct-2025,1302.4,Call,1400,0.95,35.64,38.398,203,601,1949
28-Oct-2025,1302.4,Put,1200,0.9,40.79,38.398,6,799,1698
28-Oct-2025,1302.4,Put,1220,0.9,34.3,38.398,-211,366,1487
28-Oct-2025,1302.4,Call,1380,1.3,31.61,38.398,252,375,1372
28-Oct-2025,1302.4,Call,1240,67.55,34.03,38.398,-195,437,940
28-Oct-2025,1302.4,Put,1320,25.7,26.42,38.398,208,222,839
25-Nov-2025,1302.4,Call,1400,15.4,28.84,38.398,255,299,747
28-Oct-2025,1302.4,Call,1220,85.85,37.6,38.398,-306,416,627
25-Nov-2025,1302.4,Put,1300,49.6,36.69,38.398,186,337,505
28-Oct-2025,1302.4,Call,1440,0.6,43.11,38.398,110,204,438
28-Oct-2025,1302.4,Put,1180,0.85,46.23,38.398,-7,268,437
25-Nov-2025,1302.4,Call,1320,40.1,27.33,38.398,147,172,422
28-Oct-2025,1302.4,Call,1200,106.3,41.91,38.398,-120,336,312
25-Nov-2025,1302.4,Call,1440,10.15,30.01,38.398,114,116,298
30-Dec-2025,1302.4,-,0,1292.5,0,38.398,3,271,295
25-Nov-2025,1302.4,Call,1280,59.5,25.32,38.398,31,51,284
25-Nov-2025,1302.4,Call,1340,32.1,27.67,38.398,23,76,257
25-Nov-2025,1302.4,Call,1360,26,28.03,38.398,37,112,247
28-Oct-2025,1302.4,Put,1160,0.65,51.23,38.398,-31,245,233
25-Nov-2025,1302.4,Put,1200,14.65,35.52,38.398,74,218,220
25-Nov-2025,1302.4,Call,1240,83.95,23.15,38.398,-23,116,161
25-Nov-2025,1302.4,Put,1240,24.7,35.21,38.398,20,81,149
25-Nov-2025,1302.4,Call,1260,70.6,24.57,38.398,-11,40,146
28-Oct-2025,1302.4,Call,1480,0.25,46.76,38.398,3,28,112
25-Nov-2025,1302.4,Put,1280,40.5,35.76,38.398,38,48,107
28-Oct-2025,1302.4,Put,1140,0.75,57.68,38.398,-10,322,105
25-Nov-2025,1302.4,Call,1200,112.1,15.88,38.398,55,76,100
28-Oct-2025,1302.4,Put,1340,40.6,24.61,38.398,3,27,97
25-Nov-2025,1302.4,Put,1160,8.5,35.64,38.398,10,74,75
28-Oct-2025,1302.4,Put,1360,58.15,27.27,38.398,-1,19,67
25-Nov-2025,1302.4,Put,1260,32,35.37,38.398,15,41,57
25-Nov-2025,1302.4,Put,1180,10.2,34.56,38.398,0,32,51
28-Oct-2025,1302.4,Put,1400,96.95,31.47,38.398,-14,12,47
25-Nov-2025,1302.4,Put,1400,117,39.34,38.398,34,42,46
28-Oct-2025,1302.4,Put,1100,0.3,63.44,38.398,-26,138,42
28-Oct-2025,1302.4,Put,1120,0.45,60.38,38.398,-23,82,35
25-Nov-2025,1302.4,Put,1100,3.4,37.56,38.398,0,68,34
25-Nov-2025,1302.4,Call,1380,20.25,28.71,38.398,16,16,28
25-Nov-2025,1302.4,Put,1140,6.15,36.31,38.398,8,17,22
28-Oct-2025,1302.4,Put,1080,0.4,70.71,38.398,-6,89,19
30-Dec-2025,1302.4,Put,1280,60.9,36.88,38.398,15,15,19
25-Nov-2025,1302.4,Put,1220,19.25,35.14,38.398,5,15,18
25-Nov-2025,1302.4,Call,1480,6.5,31.83,38.398,1,1,12
30-Dec-2025,1302.4,Call,1280,72.65,21.49,38.398,11,11,12
28-Oct-2025,1302.4,Call,1180,124.35,80.1,38.398,-1,57,11
25-Nov-2025,1302.4,Put,1360,86,37.46,38.398,-1,3,10
28-Oct-2025,1302.4,Call,1160,144,50.79,38.398,1,82,10
25-Nov-2025,1302.4,Put,1340,74,36.36,38.398,7,11,9
28-Oct-2025,1302.4,Call,1120,183.75,54.04,38.398,4,28,8
30-Dec-2025,1302.4,Put,1200,25.5,33.11,38.398,5,14,8
28-Oct-2025,1302.4,Call,1140,162.7,54.81,38.398,-5,40,6
25-Nov-2025,1302.4,Put,1120,4.35,36.45,38.398,1,6,4
30-Dec-2025,1302.4,Put,1160,14.95,31.97,38.398,1,2,4
28-Oct-2025,1302.4,Call,1080,208.75,0,38.398,2,27,3
25-Nov-2025,1302.4,Put,1380,101.5,39.01,38.398,0,0,3
28-Oct-2025,1302.4,Put,1000,0.1,82.22,38.398,0,39,2
25-Nov-2025,1302.4,Put,1320,59.05,35.3,38.398,0,3,2
25-Nov-2025,1302.4,Put,1080,3,39.63,38.398,0,2,2
28-Oct-2025,1302.4,Call,1100,206.6,0,38.398,0,22,1
28-Oct-2025,1302.4,Put,960,0.1,93.79,38.398,0,16,1
25-Nov-2025,1302.4,Call,1220,89,0,38.398,0,24,1
25-Nov-2025,1302.4,Put,1460,165,41.56,0,0,0,1
30-Dec-2025,1302.4,Call,1320,55.1,23.53,38.398,0,0,1
30-Dec-2025,1302.4,Put,1240,38,33.35,38.398,0,1,1
30-Dec-2025,1302.4,Put,1120,9,32.07,38.398,0,0,1
28-Oct-2025,1302.4,Call,1040,0,0,38.398,0,0,0
28-Oct-2025,1302.4,Call,1000,0,0,38.398,0,0,0
28-Oct-2025,1302.4,Put,1380,0,0,38.398,0,0,0
28-Oct-2025,1302.4,Put,1480,0,0,38.398,0,3,0
28-Oct-2025,1302.4,Put,1020,0,0,38.398,0,6,0
28-Oct-2025,1302.4,Put,1440,0,0,38.398,0,0,0
28-Oct-2025,1302.4,Put,1040,0,0,38.398,0,93,0
28-Oct-2025,1302.4,Put,1060,0,0,38.398,0,117,0
28-Oct-2025,1302.4,Call,1420,0,0,38.398,0,0,0
28-Oct-2025,1302.4,Call,1460,0,0,0,0,0,0
28-Oct-2025,1302.4,Put,1420,0,0,38.398,0,0,0
28-Oct-2025,1302.4,Put,1460,0,0,0,0,0,0
28-Oct-2025,1302.4,Put,920,0,0,38.398,0,11,0
28-Oct-2025,1302.4,Put,980,0,0,38.398,0,12,0
25-Nov-2025,1302.4,Call,1040,0,0,38.398,0,0,0
28-Oct-2025,1302.4,Call,1060,0,0,38.398,0,6,0
25-Nov-2025,1302.4,Call,1160,0,0,38.398,0,0,0
25-Nov-2025,1302.4,Call,1080,0,0,38.398,0,0,0
25-Nov-2025,1302.4,Call,1000,0,0,38.398,0,0,0
25-Nov-2025,1302.4,Call,1120,0,0,38.398,0,0,0
25-Nov-2025,1302.4,Call,1180,0,0,38.398,0,8,0
25-Nov-2025,1302.4,Put,1480,0,0,38.398,0,5,0
25-Nov-2025,1302.4,Call,1100,0,0,38.398,0,0,0
25-Nov-2025,1302.4,Put,1000,0,0,38.398,0,0,0
25-Nov-2025,1302.4,Put,1440,0,0,38.398,0,3,0
25-Nov-2025,1302.4,Call,1140,0,0,38.398,0,0,0
25-Nov-2025,1302.4,Put,1040,0,0,38.398,0,0,0
25-Nov-2025,1302.4,Put,1420,0,0,0,0,0,0
25-Nov-2025,1302.4,Call,1420,0,0,0,0,0,0
30-Dec-2025,1302.4,Put,1080,0,0,38.398,0,0,0
25-Nov-2025,1302.4,Call,1460,0,0,0,0,0,0
30-Dec-2025,1302.4,Call,1440,0,0,38.398,0,0,0
30-Dec-2025,1302.4,Call,1400,0,0,38.398,0,0,0
30-Dec-2025,1302.4,Put,1320,0,0,38.398,0,0,0
30-Dec-2025,1302.4,Put,1360,0,0,0,0,0,0
30-Dec-2025,1302.4,Put,1040,0,0,38.398,0,0,0
30-Dec-2025,1302.4,Call,1240,0,0,38.398,0,0,0
30-Dec-2025,1302.4,Call,1360,0,0,38.398,0,0,0
