28-Oct-2025,1300.4,Call,1300,18.65,29.14,38.398,-400,980,19571
28-Oct-2025,1300.4,Call,1320,10.05,29.13,38.398,669,1239,13304
28-Oct-2025,1300.4,-,0,1303,0,38.398,-2757,17178,12669
25-Nov-2025,1300.4,-,0,1296,0,38.398,3425,8329,9037
28-Oct-2025,1300.4,Call,1340,5.1,29.31,38.398,618,984,7812
28-Oct-2025,1300.4,Call,1280,30.85,28.61,38.398,-827,331,5783
28-Oct-2025,1300.4,Put,1300,15.35,27.87,38.398,513,691,3843
28-Oct-2025,1300.4,Put,1280,8.3,28.43,38.398,558,748,3660
28-Oct-2025,1300.1,Put,1260,4.1,30.03,38.398,361,626,3269
28-Oct-2025,1300.4,Call,1260,47,30.87,38.398,-776,369,3077
28-Oct-2025,1300.4,Call,1360,2.4,30.11,38.398,301,611,2802
25-Nov-2025,1300.1,Call,1300,47.35,26.41,38.398,116,607,2580
28-Oct-2025,1300.4,Put,1240,2.25,32.79,38.398,271,684,2434
28-Oct-2025,1300.4,Call,1400,0.95,35.93,38.398,221,619,1880
28-Oct-2025,1300.1,Put,1200,1.25,42.27,38.398,-3,790,1628
28-Oct-2025,1300.4,Put,1220,1.45,36.72,38.398,-186,391,1409
28-Oct-2025,1300.1,Call,1380,1.35,32.33,38.398,240,363,1325
28-Oct-2025,1300.4,Call,1240,66,37,38.398,-192,440,909
28-Oct-2025,1300.4,Put,1320,27.85,27.82,38.398,235,249,778
25-Nov-2025,1300.4,Call,1400,15.7,28.96,38.398,151,195,594
28-Oct-2025,1300.1,Call,1220,84.05,40.73,38.398,-261,461,484
28-Oct-2025,1300.4,Call,1440,0.6,43.05,38.398,112,206,433
28-Oct-2025,1300.4,Put,1180,0.95,46.74,38.398,-6,269,426
25-Nov-2025,1300.4,Call,1320,39,27.21,38.398,142,167,388
25-Nov-2025,1300.4,Put,1300,51.2,36.88,38.398,83,234,333
28-Oct-2025,1300.4,Call,1200,103.6,47.02,38.398,-117,339,301
30-Dec-2025,1300.4,-,0,1293,0,38.398,-7,261,268
25-Nov-2025,1300.4,Call,1280,58.3,26.02,38.398,37,57,267
25-Nov-2025,1300.4,Call,1440,10,30.29,38.398,127,129,245
25-Nov-2025,1300.4,Call,1340,31,27.42,38.398,22,75,239
25-Nov-2025,1300.4,Call,1360,25,28.09,38.398,33,108,233
28-Oct-2025,1300.4,Put,1160,0.85,52.37,38.398,-31,245,230
25-Nov-2025,1300.4,Put,1200,14.2,34.88,38.398,71,215,207
25-Nov-2025,1300.4,Call,1240,82.05,23,38.398,-24,115,159
25-Nov-2025,1300.1,Call,1260,70.55,25.56,38.398,-10,41,136
25-Nov-2025,1300.4,Put,1240,25,34.91,38.398,23,84,133
28-Oct-2025,1300.4,Call,1480,0.45,50.53,38.398,2,27,109
25-Nov-2025,1300.4,Put,1280,41,35.48,38.398,32,42,104
28-Oct-2025,1300.4,Put,1140,0.75,58.92,38.398,-6,326,88
28-Oct-2025,1300.4,Put,1340,41.4,29.28,38.398,6,30,82
25-Nov-2025,1300.4,Put,1160,8.1,35.67,38.398,11,75,74
28-Oct-2025,1300.4,Put,1360,57,0,38.398,0,20,57
25-Nov-2025,1300.1,Put,1260,32,35.42,38.398,14,40,53
25-Nov-2025,1300.4,Put,1180,10.2,34.59,38.398,0,32,51
25-Nov-2025,1300.4,Put,1400,116,39.44,38.398,33,41,45
28-Oct-2025,1300.4,Put,1400,96,0,38.398,-14,12,43
28-Oct-2025,1300.4,Put,1100,0.35,63.49,38.398,-26,138,40
25-Nov-2025,1300.1,Put,1100,3.4,37.58,38.398,0,68,34
28-Oct-2025,1300.4,Put,1120,0.65,62.81,38.398,-11,94,27
25-Nov-2025,1300.4,Call,1380,19.6,29.04,38.398,12,12,22
25-Nov-2025,1300.4,Put,1140,6.15,36.34,38.398,8,17,22
28-Oct-2025,1300.4,Put,1080,0.4,70.76,38.398,-6,89,19
30-Dec-2025,1300.4,Put,1280,60.9,36.92,38.398,15,15,19
25-Nov-2025,1300.4,Call,1200,103.9,0,38.398,1,22,15
25-Nov-2025,1300.4,Put,1220,18.7,34.75,38.398,4,14,14
30-Dec-2025,1300.4,Call,1280,72.65,21.42,38.398,11,11,12
28-Oct-2025,1300.4,Call,1180,130.95,79.58,38.398,0,58,10
25-Nov-2025,1300.4,Put,1360,86,37.54,38.398,-1,3,10
25-Nov-2025,1300.4,Call,1480,6.6,31.8,38.398,1,1,10
25-Nov-2025,1300.4,Put,1340,72,36.43,38.398,6,10,8
30-Dec-2025,1300.4,Put,1200,25.5,33.13,38.398,5,14,8
28-Oct-2025,1300.4,Call,1160,144,58.86,38.398,1,82,6
28-Oct-2025,1300.4,Call,1140,159,0,38.398,0,45,5
28-Oct-2025,1300.4,Call,1120,182,0,38.398,2,26,4
25-Nov-2025,1300.4,Put,1120,4.35,36.48,38.398,1,6,4
30-Dec-2025,1300.4,Put,1160,14.95,31.99,38.398,1,2,4
28-Oct-2025,1300.4,Call,1080,208.75,0,38.398,2,27,3
25-Nov-2025,1300.4,Put,1380,101.5,39.09,38.398,0,0,3
25-Nov-2025,1300.4,Put,1080,3,39.66,38.398,0,2,2
28-Oct-2025,1300.4,Put,960,0.1,93.83,38.398,0,16,1
28-Oct-2025,1300.4,Put,1000,0.1,82.26,38.398,0,39,1
25-Nov-2025,1300.4,Put,1460,165,41.7,0,0,0,1
25-Nov-2025,1300.4,Put,1320,62.35,37.48,38.398,0,3,1
25-Nov-2025,1300.4,Call,1220,89,0,38.398,0,24,1
30-Dec-2025,1300.4,Put,1240,38,33.38,38.398,0,1,1
30-Dec-2025,1300.4,Call,1320,55.1,23.49,38.398,0,0,1
30-Dec-2025,1300.4,Put,1120,9,32.09,38.398,0,0,1
28-Oct-2025,1300.4,Put,920,0,0,38.398,0,11,0
28-Oct-2025,1300.4,Put,1040,0,0,38.398,0,93,0
28-Oct-2025,1300.4,Put,1440,0,0,38.398,0,0,0
28-Oct-2025,1300.4,Put,1480,0,0,38.398,0,3,0
28-Oct-2025,1300.4,Put,980,0,0,38.398,0,12,0
28-Oct-2025,1300.4,Call,1060,0,0,38.398,0,6,0
28-Oct-2025,1300.4,Put,1380,0,0,38.398,0,0,0
28-Oct-2025,1300.4,Put,1020,0,0,38.398,0,6,0
28-Oct-2025,1300.4,Put,1060,0,0,38.398,0,117,0
28-Oct-2025,1300.4,Call,1100,0,0,38.398,0,22,0
28-Oct-2025,1300.4,Put,1420,0,0,38.398,0,0,0
28-Oct-2025,1300.4,Call,1420,0,0,38.398,0,0,0
28-Oct-2025,1300.4,Put,1460,0,0,0,0,0,0
25-Nov-2025,1300.4,Call,1180,0,0,38.398,0,8,0
28-Oct-2025,1300.4,Call,1460,0,0,0,0,0,0
28-Oct-2025,1300.4,Call,1000,0,0,38.398,0,0,0
28-Oct-2025,1300.4,Call,1040,0,0,38.398,0,0,0
25-Nov-2025,1300.4,Call,1100,0,0,38.398,0,0,0
25-Nov-2025,1300.4,Put,1420,0,0,0,0,0,0
25-Nov-2025,1300.4,Call,1160,0,0,38.398,0,0,0
25-Nov-2025,1300.4,Put,1000,0,0,38.398,0,0,0
25-Nov-2025,1300.4,Call,1420,0,0,0,0,0,0
25-Nov-2025,1300.4,Call,1000,0,0,38.398,0,0,0
25-Nov-2025,1300.4,Call,1040,0,0,38.398,0,0,0
25-Nov-2025,1300.4,Call,1460,0,0,0,0,0,0
25-Nov-2025,1300.4,Call,1080,0,0,38.398,0,0,0
25-Nov-2025,1300.4,Call,1120,0,0,38.398,0,0,0
25-Nov-2025,1300.4,Put,1440,0,0,38.398,0,3,0
25-Nov-2025,1300.4,Put,1040,0,0,38.398,0,0,0
25-Nov-2025,1300.4,Call,1140,0,0,38.398,0,0,0
30-Dec-2025,1300.4,Call,1440,0,0,38.398,0,0,0
30-Dec-2025,1300.4,Put,1320,0,0,38.398,0,0,0
30-Dec-2025,1300.4,Call,1240,0,0,38.398,0,0,0
30-Dec-2025,1300.4,Put,1080,0,0,38.398,0,0,0
30-Dec-2025,1300.4,Put,1360,0,0,0,0,0,0
30-Dec-2025,1300.4,Put,1040,0,0,38.398,0,0,0
30-Dec-2025,1300.4,Call,1360,0,0,38.398,0,0,0
30-Dec-2025,1300.4,Call,1400,0,0,38.398,0,0,0
25-Nov-2025,1300.4,Put,1480,0,0,38.398,0,5,0
