28-Oct-2025,334.95,-,0,334.95,0,33.1913,275,20183,5418
25-Nov-2025,334.95,-,0,336.4,0,33.1913,2543,4239,3932
28-Oct-2025,334.95,Call,340,2.35,27.84,33.1913,145,974,2571
28-Oct-2025,334.95,Put,330,2.3,28.88,33.1913,-22,396,1998
28-Oct-2025,334.95,Call,335,4.25,27.17,33.1913,268,973,1602
28-Oct-2025,334.95,Call,350,0.7,30.87,33.1913,85,1231,1547
28-Oct-2025,334.95,Call,345,1.25,29.7,33.1913,-12,723,1085
28-Oct-2025,334.95,Put,335,4.4,29.14,33.1913,23,416,1066
28-Oct-2025,334.95,Put,340,7.4,31.06,33.1913,-69,392,778
28-Oct-2025,334.95,Put,325,1.05,28.5,33.1913,-57,481,685
28-Oct-2025,335.15,Call,355,0.4,32.94,33.1913,-146,421,585
28-Oct-2025,334.95,Call,360,0.3,35.43,33.1913,17,691,541
28-Oct-2025,334.95,Call,370,0.05,39.78,33.1913,-227,355,536
28-Oct-2025,335.15,Call,330,7.1,26.33,33.1913,43,289,444
28-Oct-2025,334.95,Put,320,0.45,29.22,33.1913,79,604,433
28-Oct-2025,335.15,Call,365,0.15,39.25,33.1913,-20,259,298
25-Nov-2025,334.95,Call,340,9.15,25.22,33.1913,40,185,265
25-Nov-2025,335.15,Call,360,3.3,26.46,33.1913,90,302,261
28-Oct-2025,334.95,Call,380,0.05,44.58,33.1913,-73,366,248
28-Oct-2025,334.95,Call,320,15.3,19.71,33.1913,-5,107,232
25-Nov-2025,334.95,Call,350,5.55,25.72,33.1913,22,266,220
25-Nov-2025,334.95,Call,370,1.9,27.14,33.1913,45,82,206
25-Nov-2025,334.95,Call,330,14.1,24.59,33.1913,55,97,177
28-Oct-2025,334.95,Put,345,11.1,32.9,33.1913,-6,186,161
25-Nov-2025,334.95,Put,320,5,30.13,33.1913,59,170,140
28-Oct-2025,334.95,Put,315,0.25,32.14,33.1913,0,237,138
28-Oct-2025,334.95,Call,325,10.95,25.4,33.1913,-2,58,132
25-Nov-2025,334.95,Put,330,7.85,28.46,33.1913,47,151,116
25-Nov-2025,334.95,Put,315,3.3,28.71,33.1913,62,111,114
28-Oct-2025,334.95,Put,350,15.7,37.39,33.1913,-5,107,110
30-Dec-2025,334.95,-,0,337,0,33.1913,0,121,93
25-Nov-2025,334.95,Call,335,11.55,24.65,33.1913,35,50,82
25-Nov-2025,334.95,Call,380,1.25,28.62,33.1913,-14,92,78
25-Nov-2025,334.95,Put,300,1.2,30.29,33.1913,7,130,74
28-Oct-2025,334.95,Put,310,0.1,35.3,33.1913,1,284,66
28-Oct-2025,334.95,Put,300,0.05,40.64,33.1913,-28,437,49
25-Nov-2025,334.95,Put,335,10.15,28.72,33.1913,25,37,47
25-Nov-2025,334.95,Put,340,13.55,30.85,33.1913,15,82,47
28-Oct-2025,334.95,Put,355,20.8,42.24,33.1913,5,35,36
28-Oct-2025,334.95,Call,390,0.05,52.54,33.1913,-10,583,29
25-Nov-2025,334.95,Call,345,7.25,24.31,33.1913,9,32,28
25-Nov-2025,334.95,Put,310,2.5,29.43,33.1913,7,88,18
25-Nov-2025,334.95,Put,325,6.45,29.74,33.1913,9,12,16
28-Oct-2025,334.95,Put,360,29.1,81.42,33.1913,0,38,14
25-Nov-2025,334.95,Call,320,20.25,22.39,33.1913,10,28,13
28-Oct-2025,334.95,Call,375,0.05,40.45,33.1913,-4,66,9
28-Oct-2025,334.95,Call,300,35,0,33.1913,-3,46,7
25-Nov-2025,334.95,Put,350,20,31.98,33.1913,4,328,6
28-Oct-2025,335.15,Call,310,24.4,0,33.1913,-1,64,5
25-Nov-2025,334.95,Call,325,15.25,18.3,33.1913,2,3,5
25-Nov-2025,334.95,Put,305,1.7,29.26,33.1913,4,5,5
28-Oct-2025,334.95,Put,305,0.1,38.85,33.1913,-3,124,4
25-Nov-2025,334.95,Call,355,3.5,23.67,33.1913,2,2,4
30-Dec-2025,334.95,Put,330,13.15,31.87,33.1913,2,3,3
25-Nov-2025,334.95,Call,280,54.8,0,33.1913,0,9,3
28-Oct-2025,334.95,Call,280,53.4,0,33.1913,0,42,2
28-Oct-2025,334.95,Put,390,53.05,0,33.1913,0,14,1
28-Oct-2025,334.95,Put,370,37,77.71,33.1913,0,68,1
25-Nov-2025,334.95,Put,390,51.7,0,33.1913,0,0,1
25-Nov-2025,334.95,Call,300,36,0,33.1913,0,35,1
30-Dec-2025,334.95,Put,310,5.5,29.91,33.1913,0,2,1
28-Oct-2025,334.95,Call,260,0,0,33.1913,0,10,0
28-Oct-2025,334.95,Call,290,0,0,33.1913,0,14,0
28-Oct-2025,334.95,Put,365,0,0,33.1913,0,146,0
28-Oct-2025,334.95,Put,380,0,0,33.1913,0,44,0
28-Oct-2025,334.95,Put,280,0,0,33.1913,0,0,0
28-Oct-2025,334.95,Call,295,0,0,33.1913,0,5,0
28-Oct-2025,334.95,Put,260,0,0,33.1913,0,40,0
28-Oct-2025,334.95,Put,285,0,0,33.1913,0,41,0
28-Oct-2025,334.95,Put,295,0,0,33.1913,0,104,0
25-Nov-2025,334.95,Put,355,0,0,33.1913,0,0,0
25-Nov-2025,334.95,Call,365,0,0,33.1913,0,3,0
28-Oct-2025,334.95,Call,400,0,0,33.1913,0,17,0
25-Nov-2025,334.95,Put,345,0,0,33.1913,0,4,0
28-Oct-2025,334.95,Call,315,0,0,33.1913,0,40,0
25-Nov-2025,334.95,Put,280,0,0,33.1913,0,0,0
28-Oct-2025,334.95,Call,270,0,0,33.1913,0,12,0
25-Nov-2025,334.95,Put,365,0,0,33.1913,0,0,0
25-Nov-2025,334.95,Call,375,0,0,33.1913,0,4,0
28-Oct-2025,334.95,Put,400,0,0,33.1913,0,4,0
25-Nov-2025,334.95,Put,370,0,0,33.1913,0,0,0
30-Dec-2025,334.95,Call,360,0,0,33.1913,0,0,0
25-Nov-2025,334.95,Put,400,0,0,33.1913,0,0,0
25-Nov-2025,334.95,Put,375,0,0,33.1913,0,0,0
30-Dec-2025,334.95,Call,380,0,0,33.1913,0,0,0
30-Dec-2025,334.95,Put,360,0,0,33.1913,0,0,0
30-Dec-2025,334.95,Call,340,0,0,33.1913,0,0,0
30-Dec-2025,334.95,Put,350,0,0,33.1913,0,0,0
30-Dec-2025,334.95,Put,320,0,0,33.1913,0,0,0
25-Nov-2025,334.95,Call,305,0,0,33.1913,0,0,0
25-Nov-2025,334.95,Call,290,0,0,33.1913,0,9,0
28-Oct-2025,334.95,Put,375,0,0,33.1913,0,16,0
28-Oct-2025,334.95,Put,290,0,0,33.1913,0,97,0
25-Nov-2025,334.95,Call,315,0,0,33.1913,0,0,0
28-Oct-2025,335.15,Call,305,0,0,33.1913,0,19,0
25-Nov-2025,334.95,Put,290,0,0,33.1913,0,0,0
30-Dec-2025,334.95,Put,340,0,0,33.1913,0,0,0
25-Nov-2025,334.95,Call,390,0,0,33.1913,0,0,0
25-Nov-2025,334.95,Call,400,0,0,33.1913,0,0,0
25-Nov-2025,334.95,Put,360,0,0,33.1913,0,15,0
30-Dec-2025,334.95,Call,350,0,0,33.1913,0,0,0
25-Nov-2025,334.95,Call,310,0,0,33.1913,0,0,0
30-Dec-2025,334.95,Call,370,0,0,33.1913,0,0,0
25-Nov-2025,334.95,Put,380,0,0,33.1913,0,0,0
30-Dec-2025,334.95,Call,330,0,0,33.1913,0,0,0
30-Dec-2025,334.95,Put,300,0,0,33.1913,0,0,0
