28-Oct-2025,6975,Call,7000,56.15,19.19,27.8308,66,1718,2365
28-Oct-2025,6975,Call,7100,25.35,20.28,27.8308,45,1255,1725
28-Oct-2025,6975,-,0,6992.5,0,27.8308,46,18503,1690
25-Nov-2025,6975,-,0,7027,0,27.8308,1144,2348,1603
28-Oct-2025,6975,Call,7200,11.35,22.29,27.8308,-26,969,978
28-Oct-2025,6975,Put,6900,27.7,18.92,27.8308,13,387,889
28-Oct-2025,6975,Put,7000,66.6,19.47,27.8308,-87,426,889
28-Oct-2025,6975,Put,6950,43.4,18.27,27.8308,125,371,879
28-Oct-2025,6975,Call,7050,38.6,19.54,27.8308,57,649,775
28-Oct-2025,6975,Call,7150,16.2,21.34,27.8308,8,323,630
28-Oct-2025,6975,Call,7300,5.7,25.02,27.8308,-39,365,390
28-Oct-2025,6975,Put,6800,11.75,20.66,27.8308,27,575,374
28-Oct-2025,6975,Put,6700,6,24.11,27.8308,20,492,293
28-Oct-2025,6975,Call,6950,83.8,19.81,27.8308,-5,117,288
28-Oct-2025,6975,Call,7400,3.55,28.04,27.8308,-16,341,283
28-Oct-2025,6975,Call,7500,2.25,30.85,27.8308,-4,1144,262
28-Oct-2025,6975,Put,6850,16.95,19.65,27.8308,16,263,254
28-Oct-2025,6975,Put,6750,7.85,22.77,27.8308,-8,204,245
28-Oct-2025,6975,Put,7050,98.3,18.79,27.8308,-10,126,201
28-Oct-2025,6975,Put,7100,135.4,22.89,27.8308,-53,251,193
28-Oct-2025,6975,Call,6900,117.2,18.02,27.8308,-5,291,182
25-Nov-2025,6975,Call,7500,54.05,23.88,27.8308,42,184,174
28-Oct-2025,6975,Call,7250,7.55,23.34,27.8308,-9,295,159
28-Oct-2025,6975,Put,6600,4.2,28.47,27.8308,-39,345,159
25-Nov-2025,6975,Call,7000,205,22.32,27.8308,5,115,133
28-Oct-2025,6975,Put,6500,2.85,32.32,27.8308,-28,867,131
25-Nov-2025,6975,Put,6300,15.2,24.89,27.8308,84,181,113
28-Oct-2025,6975,Call,7700,0.9,35.24,27.8308,-8,786,99
25-Nov-2025,6975,Put,7000,175,23.13,27.8308,17,96,87
25-Nov-2025,6975,Call,7100,159.85,22.34,27.8308,12,49,72
25-Nov-2025,6975,Put,6500,33.9,24.15,27.8308,29,167,65
28-Oct-2025,6975,Call,7350,4,25.81,27.8308,-16,62,53
25-Nov-2025,6975,Put,6400,23,24.53,27.8308,11,94,45
28-Oct-2025,6975,Put,6300,0.25,32.35,27.8308,-10,202,41
25-Nov-2025,6975,Put,7100,224,22.74,27.8308,3,37,37
28-Oct-2025,6975,Put,6400,1.1,33.13,27.8308,-9,431,28
28-Oct-2025,6975,Call,7800,1,39.77,27.8308,-4,245,28
28-Oct-2025,6975,Put,6650,6,27.34,27.8308,-5,57,26
25-Nov-2025,6975,Call,7200,120.65,22.54,27.8308,5,62,25
25-Nov-2025,6975,Call,7300,93,23.06,27.8308,5,31,25
25-Nov-2025,6975,Call,7600,41,24.55,27.8308,1,12,23
28-Oct-2025,6975,Put,6000,0.05,40.12,27.8308,-2,362,22
25-Nov-2025,6975,Put,6700,72.45,23.98,27.8308,1,78,22
28-Oct-2025,6975,Put,6100,0.05,36.04,27.8308,0,468,21
28-Oct-2025,6975,Call,6800,193,19.93,27.8308,-1,172,19
28-Oct-2025,6975,Call,7600,1.2,32.3,27.8308,-7,392,19
30-Dec-2025,6975,-,0,7051.5,0,27.8308,0,109,18
28-Oct-2025,6975,Put,6200,0.05,32.01,27.8308,0,971,17
28-Oct-2025,6975,Call,7450,2.7,29.08,27.8308,-1,49,17
28-Oct-2025,6975,Put,7200,229.3,23.28,27.8308,-1,201,17
25-Nov-2025,6975,Put,6850,111.4,23,27.8308,9,25,17
25-Nov-2025,6975,Put,6900,135,23.59,27.8308,4,106,17
28-Oct-2025,6975,Call,6700,290,25.19,27.8308,0,77,16
28-Oct-2025,6975,Call,6500,492,41.01,27.8308,-4,91,14
25-Nov-2025,6975,Call,6500,557,22.03,27.8308,13,27,14
28-Oct-2025,6975,Call,8000,0.3,41.83,27.8308,-6,231,12
28-Oct-2025,6975,Call,7900,0.3,38.34,27.8308,0,187,8
28-Oct-2025,6975,Put,6450,1.4,31.58,27.8308,-2,76,8
28-Oct-2025,6975,Put,6550,2.95,29.59,27.8308,-3,94,7
25-Nov-2025,6975,Call,6950,230,22.11,27.8308,3,7,7
28-Oct-2025,6975,Put,5800,0.3,56.29,27.8308,0,23,6
25-Nov-2025,6975,Put,6600,48.2,24.36,27.8308,4,11,6
25-Nov-2025,6975,Call,8000,11.9,25.85,27.8308,0,73,4
25-Nov-2025,6975,Call,7550,46.1,24.44,27.8308,0,9,4
28-Oct-2025,6975,Put,6150,0.3,39.86,27.8308,0,4,3
28-Oct-2025,6975,Call,6000,960,0,27.8308,-2,159,3
25-Nov-2025,6975,Put,6800,96.5,23.28,27.8308,2,9,3
28-Oct-2025,6975,Call,6600,376,0,27.8308,0,66,1
28-Oct-2025,6975,Put,6250,1.15,41.13,27.8308,0,19,1
28-Oct-2025,6975,Call,7550,2.8,34.17,27.8308,0,73,1
28-Oct-2025,6975,Put,7300,315,0,27.8308,0,11,1
28-Oct-2025,6975,Call,6400,600,55.27,27.8308,0,19,1
25-Nov-2025,6975,Call,7050,183,0,27.8308,0,19,1
28-Oct-2025,6975,Call,6550,0,0,27.8308,0,2,0
28-Oct-2025,6975,Put,5950,0,0,27.8308,0,10,0
28-Oct-2025,6975,Put,5700,0,0,27.8308,0,1,0
28-Oct-2025,6975,Put,7250,0,0,27.8308,0,6,0
28-Oct-2025,6975,Call,5300,0,0,27.8308,0,5,0
28-Oct-2025,6975,Put,7150,0,0,27.8308,0,12,0
28-Oct-2025,6975,Put,5850,0,0,27.8308,0,43,0
28-Oct-2025,6975,Put,7350,0,0,27.8308,0,3,0
28-Oct-2025,6975,Put,5900,0,0,27.8308,0,31,0
28-Oct-2025,6975,Put,7400,0,0,27.8308,0,114,0
28-Oct-2025,6975,Put,7550,0,0,27.8308,0,0,0
28-Oct-2025,6975,Put,7900,0,0,27.8308,0,0,0
28-Oct-2025,6975,Put,7500,0,0,27.8308,0,294,0
28-Oct-2025,6975,Call,6650,0,0,27.8308,0,0,0
28-Oct-2025,6975,Put,6350,0,0,27.8308,0,9,0
28-Oct-2025,6975,Put,7450,0,0,27.8308,0,1,0
28-Oct-2025,6975,Put,6050,0,0,27.8308,0,65,0
28-Oct-2025,6975,Put,7600,0,0,27.8308,0,0,0
28-Oct-2025,6975,Put,7700,0,0,27.8308,0,0,0
28-Oct-2025,6975,Call,6850,0,0,27.8308,0,27,0
28-Oct-2025,6975,Call,6450,0,0,27.8308,0,0,0
28-Oct-2025,6975,Call,6350,0,0,27.8308,0,0,0
28-Oct-2025,6975,Put,7650,0,0,27.8308,0,0,0
28-Oct-2025,6975,Call,5500,0,0,27.8308,0,6,0
28-Oct-2025,6975,Put,8000,0,0,27.8308,0,0,0
28-Oct-2025,6975,Call,5400,0,0,27.8308,0,19,0
28-Oct-2025,6975,Call,6750,0,0,27.8308,0,10,0
28-Oct-2025,6975,Call,7650,0,0,27.8308,0,0,0
28-Oct-2025,6975,Call,6100,0,0,27.8308,0,3,0
28-Oct-2025,6975,Call,5900,0,0,27.8308,0,0,0
28-Oct-2025,6975,Call,6200,0,0,27.8308,0,25,0
28-Oct-2025,6975,Call,6300,0,0,27.8308,0,17,0
28-Oct-2025,6975,Call,5700,0,0,27.8308,0,3,0
28-Oct-2025,6975,Call,5600,0,0,27.8308,0,9,0
28-Oct-2025,6975,Put,7800,0,0,27.8308,0,0,0
25-Nov-2025,6975,Put,7250,0,0,27.8308,0,0,0
25-Nov-2025,6975,Call,7350,0,0,27.8308,0,1,0
25-Nov-2025,6975,Call,7150,0,0,27.8308,0,3,0
25-Nov-2025,6975,Call,6800,0,0,27.8308,0,47,0
25-Nov-2025,6975,Put,7350,0,0,27.8308,0,0,0
25-Nov-2025,6975,Call,6700,0,0,27.8308,0,0,0
25-Nov-2025,6975,Put,7150,0,0,27.8308,0,0,0
25-Nov-2025,6975,Call,6900,0,0,27.8308,0,54,0
25-Nov-2025,6975,Put,7550,0,0,27.8308,0,0,0
25-Nov-2025,6975,Put,7500,0,0,27.8308,0,0,0
25-Nov-2025,6975,Put,6100,0,0,27.8308,0,0,0
25-Nov-2025,6975,Call,6100,0,0,27.8308,0,0,0
25-Nov-2025,6975,Call,6300,0,0,27.8308,0,2,0
25-Nov-2025,6975,Call,6000,0,0,27.8308,0,1,0
25-Nov-2025,6975,Call,5900,0,0,27.8308,0,1,0
25-Nov-2025,6975,Call,6200,0,0,27.8308,0,0,0
25-Nov-2025,6975,Put,7600,0,0,27.8308,0,0,0
25-Nov-2025,6975,Call,7250,0,0,27.8308,0,2,0
25-Nov-2025,6975,Put,6450,0,0,27.8308,0,0,0
25-Nov-2025,6975,Put,6650,0,0,27.8308,0,3,0
25-Nov-2025,6975,Put,6950,0,0,27.8308,0,1,0
25-Nov-2025,6975,Put,6750,0,0,27.8308,0,1,0
25-Nov-2025,6975,Put,6000,0,0,27.8308,0,0,0
25-Nov-2025,6975,Put,8000,0,0,27.8308,0,0,0
25-Nov-2025,6975,Put,7800,0,0,27.8308,0,0,0
25-Nov-2025,6975,Call,7700,0,0,27.8308,0,7,0
25-Nov-2025,6975,Call,6850,0,0,27.8308,0,0,0
25-Nov-2025,6975,Call,7800,0,0,27.8308,0,0,0
25-Nov-2025,6975,Put,7400,0,0,27.8308,0,0,0
25-Nov-2025,6975,Put,6550,0,0,27.8308,0,1,0
25-Nov-2025,6975,Put,6200,0,0,27.8308,0,1,0
25-Nov-2025,6975,Call,7450,0,0,27.8308,0,0,0
25-Nov-2025,6975,Put,7450,0,0,27.8308,0,0,0
25-Nov-2025,6975,Put,6350,0,0,27.8308,0,0,0
30-Dec-2025,6975,Call,6900,0,0,27.8308,0,0,0
25-Nov-2025,6975,Call,6450,0,0,27.8308,0,0,0
25-Nov-2025,6975,Call,6750,0,0,27.8308,0,0,0
25-Nov-2025,6975,Put,7900,0,0,27.8308,0,0,0
25-Nov-2025,6975,Put,5900,0,0,27.8308,0,20,0
25-Nov-2025,6975,Put,7050,0,0,27.8308,0,0,0
25-Nov-2025,6975,Call,7650,0,0,27.8308,0,0,0
25-Nov-2025,6975,Put,7700,0,0,27.8308,0,0,0
25-Nov-2025,6975,Call,6350,0,0,27.8308,0,0,0
25-Nov-2025,6975,Put,7650,0,0,27.8308,0,0,0
30-Dec-2025,6975,Put,6500,0,0,27.8308,0,0,0
30-Dec-2025,6975,Call,7500,0,0,27.8308,0,0,0
25-Nov-2025,6975,Put,7200,0,0,27.8308,0,0,0
30-Dec-2025,6975,Put,6900,0,0,27.8308,0,0,0
25-Nov-2025,6975,Call,6600,0,0,27.8308,0,0,0
30-Dec-2025,6975,Put,7100,0,0,27.8308,0,0,0
30-Dec-2025,6975,Call,7200,0,0,27.8308,0,0,0
30-Dec-2025,6975,Put,6800,0,0,27.8308,0,0,0
30-Dec-2025,6975,Put,6600,0,0,27.8308,0,0,0
30-Dec-2025,6975,Call,6800,0,0,27.8308,0,0,0
30-Dec-2025,6975,Put,7200,0,0,27.8308,0,0,0
30-Dec-2025,6975,Put,7400,0,0,27.8308,0,0,0
30-Dec-2025,6975,Call,7100,0,0,27.8308,0,0,0
25-Nov-2025,6975,Call,6400,0,0,27.8308,0,0,0
30-Dec-2025,6975,Call,7600,0,0,27.8308,0,0,0
30-Dec-2025,6975,Put,7000,0,0,27.8308,0,0,0
30-Dec-2025,6975,Call,7000,0,0,27.8308,0,0,0
30-Dec-2025,6975,Put,6700,0,0,27.8308,0,0,0
25-Nov-2025,6975,Call,6650,0,0,27.8308,0,0,0
30-Dec-2025,6975,Call,7400,0,0,27.8308,0,0,0
25-Nov-2025,6975,Put,7300,0,0,27.8308,0,0,0
30-Dec-2025,6975,Call,7300,0,0,27.8308,0,0,0
25-Nov-2025,6975,Call,7900,0,0,27.8308,0,44,0
30-Dec-2025,6975,Put,7300,0,0,27.8308,0,0,0
25-Nov-2025,6975,Call,7400,0,0,27.8308,0,0,0
25-Nov-2025,6975,Call,6550,0,0,27.8308,0,0,0
