28-Oct-2025,2901,-,0,2909.5,0,25.3998,-564,55966,5590
25-Nov-2025,2901,-,0,2926.1,0,25.3998,4519,7606,5057
28-Oct-2025,2901,Call,2900,31.9,21.26,25.3998,-140,1002,1995
28-Oct-2025,2901,Call,2920,25,21.91,25.3998,30,228,571
28-Oct-2025,2901,Call,2940,15.65,22.45,25.3998,-4,247,511
28-Oct-2025,2901,Call,2960,12.1,23.2,25.3998,83,990,441
28-Oct-2025,2901,Call,3000,5.55,23.87,25.3998,13,441,382
25-Nov-2025,2901,Call,3000,50.4,23.27,25.3998,116,648,355
28-Oct-2025,2901,Put,2840,6.1,20.94,25.3998,0,146,343
28-Oct-2025,2901,Call,2880,46.75,21.98,25.3998,-45,147,330
28-Oct-2025,2901,Put,2880,15.55,20.32,25.3998,69,142,323
28-Oct-2025,2901,Put,2900,24.2,20.04,25.3998,39,313,310
28-Oct-2025,2901,Put,2800,2.9,22.83,25.3998,-73,390,269
28-Oct-2025,2901,Call,2860,61.1,21.92,25.3998,-63,155,268
28-Oct-2025,2901,Put,2860,9.75,20.13,25.3998,17,181,255
25-Nov-2025,2901,Call,2900,94.35,23.19,25.3998,88,173,242
28-Oct-2025,2901,Call,3100,0.9,27.52,25.3998,0,463,175
28-Oct-2025,2901,Call,2840,77.25,24.63,25.3998,-42,242,173
28-Oct-2025,2901,Put,2760,2,26.22,25.3998,-49,286,171
28-Oct-2025,2901,Call,2800,111.35,30.14,25.3998,-63,272,163
28-Oct-2025,2901,Call,2980,8,23.02,25.3998,73,265,140
28-Oct-2025,2901,Put,2700,1,32.58,25.3998,-61,438,129
25-Nov-2025,2901,Put,2900,65.45,23.17,25.3998,70,81,124
25-Nov-2025,2901,Call,3100,25.4,23.29,25.3998,58,62,83
28-Oct-2025,2901,Put,2740,1.65,28.57,25.3998,-16,337,75
28-Oct-2025,2901,Put,2780,2.1,24.01,25.3998,-14,257,73
28-Oct-2025,2901,Put,2940,44.6,19.75,25.3998,8,41,56
25-Nov-2025,2901,Call,3200,11.8,24.02,25.3998,34,36,53
28-Oct-2025,2901,Put,2820,4,22.19,25.3998,14,112,44
25-Nov-2025,2901,Put,2800,31.25,23.59,25.3998,12,90,43
28-Oct-2025,2901,Call,2780,133,27.66,25.3998,-15,124,30
28-Oct-2025,2901,Call,2760,159.65,41.95,25.3998,-17,129,29
28-Oct-2025,2901,Call,3060,1.95,26.26,25.3998,-2,661,27
25-Nov-2025,2901,Call,2940,74.1,22.31,25.3998,11,29,27
28-Oct-2025,2901,Call,3200,0.15,30.95,25.3998,0,110,21
28-Oct-2025,2901,Put,2960,59.4,20.03,25.3998,-9,32,21
28-Oct-2025,2901,Call,2820,91.6,18.07,25.3998,-3,87,20
28-Oct-2025,2901,Call,3040,2.55,25.16,25.3998,-1,136,20
25-Nov-2025,2901,Put,3000,123.15,24.24,25.3998,14,17,18
25-Nov-2025,2901,Put,2780,27,23.89,25.3998,6,55,18
25-Nov-2025,2901,Call,3160,17.05,24.07,25.3998,15,16,17
28-Oct-2025,2901,Put,3000,94.45,22.08,25.3998,-7,14,14
25-Nov-2025,2901,Put,2680,10.45,24.16,25.3998,-10,110,12
25-Nov-2025,2901,Call,3060,36,23.78,25.3998,5,20,12
25-Nov-2025,2901,Put,2820,37.5,23.79,25.3998,8,11,11
30-Dec-2025,2901,-,0,2946,0,25.3998,0,59,9
25-Nov-2025,2901,Call,3020,45.4,23.07,25.3998,8,8,9
30-Dec-2025,2901,Call,3120,40.45,19.43,25.3998,7,7,8
25-Nov-2025,2901,Put,2840,42.5,23.34,25.3998,2,13,7
30-Dec-2025,2901,Put,2800,45.95,21.94,25.3998,1,1,6
25-Nov-2025,2901,Call,2800,160.95,23.08,25.3998,-1,13,6
28-Oct-2025,2901,Put,2920,32.2,22.32,25.3998,1,30,4
28-Oct-2025,2901,Call,3020,3.8,24.33,25.3998,-2,81,4
25-Nov-2025,2901,Call,2960,61.5,21.25,25.3998,0,10,4
28-Oct-2025,2901,Put,2600,1.5,49.14,25.3998,-1,297,3
28-Oct-2025,2901,Put,2520,0.1,43.66,25.3998,0,55,2
25-Nov-2025,2901,Put,2700,13.5,24.48,25.3998,1,35,2
28-Oct-2025,2901,Call,3280,1.1,48.47,25.3998,0,15,1
28-Oct-2025,2901,Put,2620,2.15,49.23,25.3998,0,69,1
28-Oct-2025,2901,Call,3240,0.5,39.67,25.3998,0,30,1
28-Oct-2025,2901,Call,2740,172.1,32.08,25.3998,0,78,1
25-Nov-2025,2901,Call,3240,10.05,25.13,25.3998,0,0,1
28-Oct-2025,2901,Put,2720,1.5,0,25.3998,0,78,1
25-Nov-2025,2901,Call,2880,105,22.09,25.3998,0,0,1
25-Nov-2025,2901,Call,3040,36.2,22.05,25.3998,0,38,1
25-Nov-2025,2901,Put,3100,190,22.67,25.3998,0,0,1
30-Dec-2025,2901,Put,2760,33,21.28,25.3998,0,0,1
28-Oct-2025,2901,Put,2500,0,0,25.3998,0,5,0
28-Oct-2025,2901,Put,3100,0,0,25.3998,0,40,0
28-Oct-2025,2901,Put,2480,0,0,25.3998,0,34,0
28-Oct-2025,2901,Put,2400,0,0,25.3998,0,1,0
28-Oct-2025,2901,Put,3200,0,0,25.3998,0,0,0
28-Oct-2025,2901,Call,2360,0,0,25.3998,0,0,0
28-Oct-2025,2901,Put,2640,0,0,25.3998,0,147,0
28-Oct-2025,2901,Call,2580,0,0,25.3998,0,0,0
28-Oct-2025,2901,Call,2620,0,0,25.3998,0,0,0
28-Oct-2025,2901,Call,2700,0,0,25.3998,0,149,0
28-Oct-2025,2901,Call,2660,0,0,25.3998,0,9,0
28-Oct-2025,2901,Put,2680,0,0,25.3998,0,247,0
28-Oct-2025,2901,Put,2980,0,0,25.3998,0,8,0
28-Oct-2025,2901,Put,3020,0,0,25.3998,0,0,0
28-Oct-2025,2901,Put,2660,0,0,25.3998,0,118,0
28-Oct-2025,2901,Call,2400,0,0,25.3998,0,0,0
28-Oct-2025,2901,Put,2440,0,0,25.3998,0,0,0
28-Oct-2025,2901,Put,3280,0,0,25.3998,0,0,0
28-Oct-2025,2901,Put,3160,0,0,25.3998,0,0,0
28-Oct-2025,2901,Put,3120,0,0,25.3998,0,0,0
28-Oct-2025,2901,Put,3240,0,0,25.3998,0,0,0
28-Oct-2025,2901,Put,3060,0,0,25.3998,0,0,0
28-Oct-2025,2901,Call,2440,0,0,25.3998,0,0,0
28-Oct-2025,2901,Call,2480,0,0,25.3998,0,2,0
28-Oct-2025,2901,Put,2540,0,0,25.3998,0,43,0
28-Oct-2025,2901,Put,2560,0,0,25.3998,0,81,0
28-Oct-2025,2901,Call,2560,0,0,25.3998,0,0,0
28-Oct-2025,2901,Call,2680,0,0,25.3998,0,7,0
28-Oct-2025,2901,Call,2720,0,0,25.3998,0,10,0
28-Oct-2025,2901,Call,2640,0,0,25.3998,0,27,0
28-Oct-2025,2901,Call,2600,0,0,25.3998,0,6,0
28-Oct-2025,2901,Put,3040,0,0,25.3998,0,14,0
28-Oct-2025,2901,Call,2520,0,0,25.3998,0,0,0
28-Oct-2025,2901,Put,2360,0,0,25.3998,0,0,0
28-Oct-2025,2901,Put,3080,0,0,25.3998,0,0,0
25-Nov-2025,2901,Call,2360,0,0,25.3998,0,0,0
25-Nov-2025,2901,Call,2400,0,0,25.3998,0,0,0
28-Oct-2025,2901,Call,3120,0,0,25.3998,0,8,0
25-Nov-2025,2901,Call,2440,0,0,25.3998,0,0,0
28-Oct-2025,2901,Call,2540,0,0,25.3998,0,0,0
28-Oct-2025,2901,Put,2580,0,0,25.3998,0,163,0
28-Oct-2025,2901,Call,3080,0,0,25.3998,0,167,0
25-Nov-2025,2901,Put,3280,0,0,25.3998,0,0,0
28-Oct-2025,2901,Call,3160,0,0,25.3998,0,39,0
25-Nov-2025,2901,Put,3200,0,0,25.3998,0,0,0
25-Nov-2025,2901,Call,2480,0,0,25.3998,0,0,0
25-Nov-2025,2901,Put,3120,0,0,25.3998,0,0,0
25-Nov-2025,2901,Put,3160,0,0,25.3998,0,0,0
25-Nov-2025,2901,Put,2400,0,0,25.3998,0,3,0
25-Nov-2025,2901,Call,2920,0,0,25.3998,0,0,0
25-Nov-2025,2901,Put,2600,0,0,25.3998,0,0,0
25-Nov-2025,2901,Call,2720,0,0,25.3998,0,0,0
25-Nov-2025,2901,Put,2480,0,0,25.3998,0,0,0
25-Nov-2025,2901,Call,3080,0,0,25.3998,0,0,0
25-Nov-2025,2901,Put,2360,0,0,25.3998,0,0,0
25-Nov-2025,2901,Put,2440,0,0,25.3998,0,0,0
25-Nov-2025,2901,Call,2520,0,0,25.3998,0,0,0
25-Nov-2025,2901,Call,2560,0,0,25.3998,0,0,0
25-Nov-2025,2901,Call,2600,0,0,25.3998,0,0,0
25-Nov-2025,2901,Call,2640,0,0,25.3998,0,0,0
25-Nov-2025,2901,Call,2680,0,0,25.3998,0,0,0
25-Nov-2025,2901,Put,2880,0,0,25.3998,0,0,0
25-Nov-2025,2901,Put,2920,0,0,25.3998,0,0,0
25-Nov-2025,2901,Put,2960,0,0,25.3998,0,0,0
25-Nov-2025,2901,Put,3040,0,0,25.3998,0,0,0
25-Nov-2025,2901,Put,3080,0,0,25.3998,0,0,0
25-Nov-2025,2901,Put,2760,0,0,25.3998,0,0,0
25-Nov-2025,2901,Call,2540,0,0,25.3998,0,0,0
25-Nov-2025,2901,Call,2580,0,0,25.3998,0,0,0
25-Nov-2025,2901,Call,2620,0,0,25.3998,0,0,0
25-Nov-2025,2901,Call,2660,0,0,25.3998,0,0,0
25-Nov-2025,2901,Put,2860,0,0,25.3998,0,1,0
25-Nov-2025,2901,Put,2940,0,0,25.3998,0,0,0
25-Nov-2025,2901,Put,2980,0,0,25.3998,0,0,0
25-Nov-2025,2901,Call,2780,0,0,25.3998,0,0,0
25-Nov-2025,2901,Put,2640,0,0,25.3998,0,0,0
25-Nov-2025,2901,Call,3120,0,0,25.3998,0,7,0
25-Nov-2025,2901,Call,2840,0,0,25.3998,0,0,0
25-Nov-2025,2901,Call,2760,0,0,25.3998,0,0,0
25-Nov-2025,2901,Call,2860,0,0,25.3998,0,0,0
25-Nov-2025,2901,Put,2720,0,0,25.3998,0,0,0
25-Nov-2025,2901,Put,2540,0,0,25.3998,0,0,0
25-Nov-2025,2901,Put,2660,0,0,25.3998,0,0,0
25-Nov-2025,2901,Put,3020,0,0,25.3998,0,0,0
25-Nov-2025,2901,Put,2740,0,0,25.3998,0,0,0
25-Nov-2025,2901,Call,2740,0,0,25.3998,0,0,0
25-Nov-2025,2901,Put,2520,0,0,25.3998,0,0,0
25-Nov-2025,2901,Put,2560,0,0,25.3998,0,0,0
25-Nov-2025,2901,Call,2820,0,0,25.3998,0,5,0
25-Nov-2025,2901,Put,2580,0,0,25.3998,0,0,0
30-Dec-2025,2901,Call,2920,0,0,25.3998,0,0,0
30-Dec-2025,2901,Call,3200,0,0,0,0,0,0
30-Dec-2025,2901,Put,2720,0,0,25.3998,0,0,0
30-Dec-2025,2901,Call,3080,0,0,25.3998,0,0,0
30-Dec-2025,2901,Call,2960,0,0,25.3998,0,0,0
30-Dec-2025,2901,Call,2840,0,0,25.3998,0,0,0
25-Nov-2025,2901,Call,3280,0,0,25.3998,0,0,0
30-Dec-2025,2901,Put,2880,0,0,25.3998,0,0,0
30-Dec-2025,2901,Put,2840,0,0,25.3998,0,0,0
25-Nov-2025,2901,Call,2980,0,0,25.3998,0,0,0
25-Nov-2025,2901,Put,2620,0,0,25.3998,0,0,0
25-Nov-2025,2901,Put,3240,0,0,25.3998,0,0,0
30-Dec-2025,2901,Put,2920,0,0,25.3998,0,0,0
30-Dec-2025,2901,Call,3000,0,0,25.3998,0,0,0
30-Dec-2025,2901,Call,2880,0,0,25.3998,0,0,0
30-Dec-2025,2901,Put,3000,0,0,25.3998,0,0,0
30-Dec-2025,2901,Put,3040,0,0,0,0,0,0
30-Dec-2025,2901,Put,2400,0,0,25.3998,0,0,0
25-Nov-2025,2901,Put,3060,0,0,25.3998,0,0,0
30-Dec-2025,2901,Put,2480,0,0,25.3998,0,0,0
30-Dec-2025,2901,Put,2520,0,0,25.3998,0,0,0
30-Dec-2025,2901,Call,3280,0,0,0,0,0,0
30-Dec-2025,2901,Put,2560,0,0,0,0,0,0
30-Dec-2025,2901,Put,2960,0,0,25.3998,0,0,0
30-Dec-2025,2901,Call,3040,0,0,25.3998,0,0,0
25-Nov-2025,2901,Call,2700,0,0,25.3998,0,0,0
