28-Oct-2025,2899,-,0,2910,0,25.3998,65,56595,1354
25-Nov-2025,2899,-,0,2927,0,25.3998,679,3766,1009
28-Oct-2025,2899,Call,2900,31,20.19,25.3998,-58,1084,991
28-Oct-2025,2899,Call,2880,40.15,20.03,25.3998,-24,168,227
28-Oct-2025,2899,Put,2800,2.7,22.19,25.3998,-50,413,203
28-Oct-2025,2899,Put,2880,15.6,19.79,25.3998,47,120,178
28-Oct-2025,2899,Put,2840,6.2,20.08,25.3998,14,160,157
28-Oct-2025,2899,Call,2960,10.15,21.72,25.3998,14,921,154
28-Oct-2025,2899,Call,2860,55,19.93,25.3998,-26,192,150
28-Oct-2025,2899,Call,2920,22.1,20.11,25.3998,-30,168,146
28-Oct-2025,2899,Call,3000,5,23.57,25.3998,-5,423,144
28-Oct-2025,2899,Put,2860,10,19.86,25.3998,11,175,126
25-Nov-2025,2899,Call,2900,91.9,22.49,25.3998,45,130,123
25-Nov-2025,2899,Call,3000,49.75,22.86,25.3998,21,553,115
28-Oct-2025,2899,Call,2940,14.4,20.19,25.3998,25,276,103
28-Oct-2025,2899,Call,2800,107.25,21.22,25.3998,-39,296,101
28-Oct-2025,2899,Put,2900,24.2,19.32,25.3998,27,301,86
28-Oct-2025,2899,Call,2840,70.05,20.32,25.3998,-31,253,83
28-Oct-2025,2899,Put,2760,1.45,25.21,25.3998,-23,312,65
25-Nov-2025,2899,Put,2900,67.5,23.09,25.3998,23,34,33
28-Oct-2025,2899,Put,2780,1.85,23.57,25.3998,-4,267,30
28-Oct-2025,2899,Call,2760,143.85,28.25,25.3998,-15,131,24
28-Oct-2025,2899,Call,3100,0.95,28.33,25.3998,0,463,23
28-Oct-2025,2899,Call,2980,6.2,22.43,25.3998,-1,191,22
28-Oct-2025,2899,Put,2820,4.2,21.08,25.3998,5,103,22
28-Oct-2025,2899,Call,3200,0.15,31.81,25.3998,0,110,21
25-Nov-2025,2899,Call,2940,70.3,22.41,25.3998,10,28,16
25-Nov-2025,2899,Call,3100,24.9,23.37,25.3998,10,14,13
25-Nov-2025,2899,Put,2680,10.45,23.6,25.3998,-10,110,12
28-Oct-2025,2899,Call,2780,122.5,21.45,25.3998,-7,132,11
28-Oct-2025,2899,Put,2940,52.35,21.36,25.3998,0,33,10
28-Oct-2025,2899,Put,3000,104.7,26.05,25.3998,-6,15,10
28-Oct-2025,2899,Put,2960,66.45,20.45,25.3998,-5,36,9
25-Nov-2025,2899,Call,3060,31.45,23.03,25.3998,2,17,9
28-Oct-2025,2899,Call,3060,1.8,26.59,25.3998,-2,661,8
25-Nov-2025,2899,Put,2820,37.1,22.79,25.3998,7,10,8
25-Nov-2025,2899,Call,3200,12.25,24.16,25.3998,5,7,7
25-Nov-2025,2899,Put,3000,125.05,23.68,25.3998,3,6,6
25-Nov-2025,2899,Call,3160,13.7,23.04,25.3998,2,3,6
28-Oct-2025,2899,Call,2820,84.95,20.08,25.3998,-1,89,5
25-Nov-2025,2899,Call,2800,154,22.88,25.3998,-1,13,5
25-Nov-2025,2899,Put,2800,30.4,22.52,25.3998,-1,77,5
28-Oct-2025,2899,Call,3040,2.25,25.53,25.3998,1,138,4
25-Nov-2025,2899,Call,2960,61.5,22.36,25.3998,0,10,4
25-Nov-2025,2899,Put,2780,26.5,22.97,25.3998,0,49,2
28-Oct-2025,2899,Call,3280,1.1,49.5,25.3998,0,15,1
28-Oct-2025,2899,Put,2740,1.95,29.44,25.3998,0,353,1
28-Oct-2025,2899,Put,2600,1,45.13,25.3998,0,298,1
28-Oct-2025,2899,Call,3020,3.05,24.35,25.3998,0,83,1
25-Nov-2025,2899,Put,2840,44,22.95,25.3998,0,11,1
25-Nov-2025,2899,Call,3040,36.2,22.9,25.3998,0,38,1
30-Dec-2025,2899,-,0,0,0,25.3998,0,59,0
28-Oct-2025,2899,Put,3080,0,0,25.3998,0,0,0
28-Oct-2025,2899,Put,3100,0,0,25.3998,0,40,0
28-Oct-2025,2899,Put,2680,0,0,25.3998,0,247,0
28-Oct-2025,2899,Put,2480,0,0,25.3998,0,34,0
28-Oct-2025,2899,Call,2400,0,0,25.3998,0,0,0
28-Oct-2025,2899,Put,3160,0,0,25.3998,0,0,0
28-Oct-2025,2899,Put,2520,0,0,25.3998,0,55,0
28-Oct-2025,2899,Put,2500,0,0,25.3998,0,5,0
28-Oct-2025,2899,Call,3160,0,0,25.3998,0,39,0
28-Oct-2025,2899,Call,2440,0,0,25.3998,0,0,0
28-Oct-2025,2899,Call,2480,0,0,25.3998,0,2,0
28-Oct-2025,2899,Put,2660,0,0,25.3998,0,118,0
28-Oct-2025,2899,Put,3200,0,0,25.3998,0,0,0
28-Oct-2025,2899,Put,3280,0,0,25.3998,0,0,0
28-Oct-2025,2899,Put,2400,0,0,25.3998,0,1,0
28-Oct-2025,2899,Put,3040,0,0,25.3998,0,14,0
28-Oct-2025,2899,Put,2700,0,0,25.3998,0,499,0
28-Oct-2025,2899,Put,2720,0,0,25.3998,0,78,0
28-Oct-2025,2899,Call,3240,0,0,25.3998,0,30,0
28-Oct-2025,2899,Call,2600,0,0,25.3998,0,6,0
28-Oct-2025,2899,Put,3120,0,0,25.3998,0,0,0
28-Oct-2025,2899,Put,2560,0,0,25.3998,0,81,0
28-Oct-2025,2899,Call,2520,0,0,25.3998,0,0,0
28-Oct-2025,2899,Put,2440,0,0,25.3998,0,0,0
28-Oct-2025,2899,Call,2740,0,0,25.3998,0,78,0
28-Oct-2025,2899,Call,2700,0,0,25.3998,0,149,0
28-Oct-2025,2899,Call,2560,0,0,25.3998,0,0,0
28-Oct-2025,2899,Call,2580,0,0,25.3998,0,0,0
28-Oct-2025,2899,Put,3020,0,0,25.3998,0,0,0
28-Oct-2025,2899,Put,2980,0,0,25.3998,0,8,0
28-Oct-2025,2899,Call,2640,0,0,25.3998,0,27,0
28-Oct-2025,2899,Call,2660,0,0,25.3998,0,9,0
28-Oct-2025,2899,Call,2620,0,0,25.3998,0,0,0
28-Oct-2025,2899,Call,2680,0,0,25.3998,0,7,0
28-Oct-2025,2899,Call,3120,0,0,25.3998,0,8,0
28-Oct-2025,2899,Put,2920,0,0,25.3998,0,29,0
28-Oct-2025,2899,Call,2540,0,0,25.3998,0,0,0
28-Oct-2025,2899,Put,2580,0,0,25.3998,0,163,0
28-Oct-2025,2899,Put,2640,0,0,25.3998,0,147,0
28-Oct-2025,2899,Put,2540,0,0,25.3998,0,43,0
28-Oct-2025,2899,Call,3080,0,0,25.3998,0,167,0
28-Oct-2025,2899,Put,2360,0,0,25.3998,0,0,0
28-Oct-2025,2899,Put,3060,0,0,25.3998,0,0,0
28-Oct-2025,2899,Put,3240,0,0,25.3998,0,0,0
28-Oct-2025,2899,Put,2620,0,0,25.3998,0,69,0
28-Oct-2025,2899,Call,2360,0,0,25.3998,0,0,0
28-Oct-2025,2899,Call,2720,0,0,25.3998,0,10,0
25-Nov-2025,2899,Put,3120,0,0,25.3998,0,0,0
25-Nov-2025,2899,Put,2720,0,0,25.3998,0,0,0
25-Nov-2025,2899,Put,2760,0,0,25.3998,0,0,0
25-Nov-2025,2899,Call,3020,0,0,25.3998,0,0,0
25-Nov-2025,2899,Put,2580,0,0,25.3998,0,0,0
25-Nov-2025,2899,Put,2620,0,0,25.3998,0,0,0
25-Nov-2025,2899,Put,2660,0,0,25.3998,0,0,0
25-Nov-2025,2899,Put,2700,0,0,25.3998,0,34,0
25-Nov-2025,2899,Call,2740,0,0,25.3998,0,0,0
25-Nov-2025,2899,Put,2740,0,0,25.3998,0,0,0
25-Nov-2025,2899,Call,2980,0,0,25.3998,0,0,0
25-Nov-2025,2899,Put,2640,0,0,25.3998,0,0,0
25-Nov-2025,2899,Call,2560,0,0,25.3998,0,0,0
25-Nov-2025,2899,Call,2640,0,0,25.3998,0,0,0
25-Nov-2025,2899,Call,2680,0,0,25.3998,0,0,0
25-Nov-2025,2899,Put,2520,0,0,25.3998,0,0,0
25-Nov-2025,2899,Call,2580,0,0,25.3998,0,0,0
25-Nov-2025,2899,Call,2620,0,0,25.3998,0,0,0
25-Nov-2025,2899,Put,2960,0,0,25.3998,0,0,0
25-Nov-2025,2899,Put,3040,0,0,25.3998,0,0,0
25-Nov-2025,2899,Call,2720,0,0,25.3998,0,0,0
25-Nov-2025,2899,Put,2560,0,0,25.3998,0,0,0
25-Nov-2025,2899,Put,3060,0,0,25.3998,0,0,0
25-Nov-2025,2899,Call,2520,0,0,25.3998,0,0,0
25-Nov-2025,2899,Call,2700,0,0,25.3998,0,0,0
25-Nov-2025,2899,Put,2980,0,0,25.3998,0,0,0
25-Nov-2025,2899,Call,3240,0,0,25.3998,0,0,0
25-Nov-2025,2899,Call,2840,0,0,25.3998,0,0,0
25-Nov-2025,2899,Call,3120,0,0,25.3998,0,7,0
25-Nov-2025,2899,Call,3080,0,0,25.3998,0,0,0
25-Nov-2025,2899,Call,2440,0,0,25.3998,0,0,0
25-Nov-2025,2899,Put,2880,0,0,25.3998,0,0,0
25-Nov-2025,2899,Call,2860,0,0,25.3998,0,0,0
25-Nov-2025,2899,Call,2600,0,0,25.3998,0,0,0
25-Nov-2025,2899,Put,2860,0,0,25.3998,0,1,0
25-Nov-2025,2899,Call,2760,0,0,25.3998,0,0,0
25-Nov-2025,2899,Put,3240,0,0,25.3998,0,0,0
25-Nov-2025,2899,Call,2400,0,0,25.3998,0,0,0
25-Nov-2025,2899,Put,3100,0,0,25.3998,0,0,0
25-Nov-2025,2899,Put,2440,0,0,25.3998,0,0,0
30-Dec-2025,2899,Call,2960,0,0,25.3998,0,0,0
25-Nov-2025,2899,Call,2540,0,0,25.3998,0,0,0
25-Nov-2025,2899,Put,2480,0,0,25.3998,0,0,0
30-Dec-2025,2899,Call,2840,0,0,25.3998,0,0,0
25-Nov-2025,2899,Put,3080,0,0,25.3998,0,0,0
25-Nov-2025,2899,Call,2820,0,0,25.3998,0,5,0
25-Nov-2025,2899,Call,2920,0,0,25.3998,0,0,0
25-Nov-2025,2899,Put,2600,0,0,25.3998,0,0,0
25-Nov-2025,2899,Put,3160,0,0,25.3998,0,0,0
25-Nov-2025,2899,Put,2400,0,0,25.3998,0,3,0
25-Nov-2025,2899,Put,3020,0,0,25.3998,0,0,0
25-Nov-2025,2899,Put,2920,0,0,25.3998,0,0,0
25-Nov-2025,2899,Put,3280,0,0,25.3998,0,0,0
25-Nov-2025,2899,Call,2360,0,0,25.3998,0,0,0
30-Dec-2025,2899,Call,3080,0,0,25.3998,0,0,0
30-Dec-2025,2899,Put,2560,0,0,0,0,0,0
25-Nov-2025,2899,Put,2540,0,0,25.3998,0,0,0
25-Nov-2025,2899,Put,2360,0,0,25.3998,0,0,0
30-Dec-2025,2899,Put,2880,0,0,25.3998,0,0,0
30-Dec-2025,2899,Put,2400,0,0,25.3998,0,0,0
25-Nov-2025,2899,Call,2780,0,0,25.3998,0,0,0
30-Dec-2025,2899,Put,2840,0,0,25.3998,0,0,0
30-Dec-2025,2899,Put,3000,0,0,25.3998,0,0,0
30-Dec-2025,2899,Call,2880,0,0,25.3998,0,0,0
25-Nov-2025,2899,Call,2480,0,0,25.3998,0,0,0
30-Dec-2025,2899,Call,2920,0,0,25.3998,0,0,0
25-Nov-2025,2899,Call,3280,0,0,25.3998,0,0,0
30-Dec-2025,2899,Call,3000,0,0,25.3998,0,0,0
30-Dec-2025,2899,Put,2760,0,0,25.3998,0,0,0
30-Dec-2025,2899,Put,2800,0,0,25.3998,0,0,0
25-Nov-2025,2899,Put,2940,0,0,25.3998,0,0,0
30-Dec-2025,2899,Call,3040,0,0,25.3998,0,0,0
30-Dec-2025,2899,Put,2960,0,0,25.3998,0,0,0
25-Nov-2025,2899,Call,2660,0,0,25.3998,0,0,0
25-Nov-2025,2899,Put,3200,0,0,25.3998,0,0,0
30-Dec-2025,2899,Put,2720,0,0,25.3998,0,0,0
30-Dec-2025,2899,Put,2480,0,0,25.3998,0,0,0
25-Nov-2025,2899,Call,2880,0,0,25.3998,0,0,0
30-Dec-2025,2899,Call,3120,0,0,25.3998,0,0,0
30-Dec-2025,2899,Put,2920,0,0,25.3998,0,0,0
30-Dec-2025,2899,Put,2520,0,0,25.3998,0,0,0
