28-Oct-2025,1009.9,-,0,1009.9,0,21.0831,15029,183470,51331
25-Nov-2025,1009.9,-,0,1015.4,0,21.0831,38287,56400,47144
28-Oct-2025,1009.9,Call,1020,3.5,14.74,21.0831,-598,3615,20376
28-Oct-2025,1009.9,Put,1000,3.55,17.03,21.0831,-284,2004,13014
28-Oct-2025,1009.9,Call,1010,6.95,13.37,21.0831,-1114,1625,12502
28-Oct-2025,1009.9,Put,1010,7.35,16.63,21.0831,187,1301,11341
28-Oct-2025,1009.9,Call,1030,1.7,16.04,21.0831,-276,1276,9086
28-Oct-2025,1009.9,Call,1015,4.85,13.76,21.0831,-51,932,8004
28-Oct-2025,1009.9,Call,1000,13.2,12.42,21.0831,-772,2050,6386
28-Oct-2025,1009.9,Call,1040,0.95,18.07,21.0831,-486,1195,5895
28-Oct-2025,1009.9,Call,1025,2.45,15.47,21.0831,-79,514,5875
28-Oct-2025,1009.9,Put,1020,13.7,18.15,21.0831,215,648,4798
28-Oct-2025,1009.9,Put,990,1.9,18.57,21.0831,-9,1727,4772
28-Oct-2025,1009.9,Put,1015,10.25,17.32,21.0831,235,484,4700
28-Oct-2025,1009.9,Put,1005,5.15,16.24,21.0831,-60,462,4599
28-Oct-2025,1009.9,Call,1035,1.2,17.31,21.0831,19,393,4166
28-Oct-2025,1009.9,Put,995,2.65,17.55,21.0831,-156,454,3730
28-Oct-2025,1009.9,Call,1050,0.65,20.51,21.0831,-82,1943,3261
28-Oct-2025,1009.9,Call,1005,9.7,12.79,21.0831,-339,458,3198
25-Nov-2025,1009.9,Call,1050,6.75,14.67,21.0831,383,1170,2866
28-Oct-2025,1009.9,Put,980,1.1,20.49,21.0831,-290,1759,2818
25-Nov-2025,1009.9,Call,1020,17.1,14.36,21.0831,328,1105,2355
28-Oct-2025,1009.9,Put,985,1.45,19.5,21.0831,-64,425,1975
28-Oct-2025,1009.9,Put,970,0.8,23.86,21.0831,-466,1730,1764
25-Nov-2025,1009.9,Put,1000,12.9,17.47,21.0831,73,1243,1706
25-Nov-2025,1009.9,Call,1000,28.6,14.51,21.0831,22,1201,1539
25-Nov-2025,1009.9,Put,1020,21.4,16.86,21.0831,298,612,1249
28-Oct-2025,1009.9,Put,950,0.45,29.68,21.0831,-342,1545,1134
28-Oct-2025,1009.9,Call,990,21.35,11.46,21.0831,-235,840,1066
28-Oct-2025,1009.9,Put,960,0.55,26.44,21.0831,-220,1217,1058
25-Nov-2025,1009.9,Call,1100,1.85,17.9,21.0831,35,1060,1001
25-Nov-2025,1009.9,Call,1010,22.35,14.57,21.0831,43,456,970
28-Oct-2025,1009.9,Call,1060,0.45,22.63,21.0831,-143,937,875
28-Oct-2025,1009.9,Call,1100,0.15,31.62,21.0831,-194,1123,864
25-Nov-2025,1009.9,Call,1070,3.65,15.55,21.0831,136,459,771
28-Oct-2025,1009.9,Call,1045,0.75,19.43,21.0831,-100,147,746
28-Oct-2025,1009.9,Put,1025,17.7,20.35,21.0831,73,145,742
25-Nov-2025,1009.9,Put,980,8,18.79,21.0831,217,1126,733
28-Oct-2025,1009.9,Put,940,0.45,33.19,21.0831,-79,945,731
25-Nov-2025,1009.9,Call,1030,12.35,14.37,21.0831,154,372,720
28-Oct-2025,1009.9,Put,975,0.95,21.83,21.0831,-71,442,706
25-Nov-2025,1009.9,Put,960,5.2,20.22,21.0831,421,988,703
25-Nov-2025,1009.9,Put,1010,16.9,17.56,21.0831,159,432,672
28-Oct-2025,1009.9,Put,1030,22.7,20.13,21.0831,112,205,635
28-Oct-2025,1009.9,Call,980,30.1,0,21.0831,-251,665,586
25-Nov-2025,1009.9,Call,1025,14.25,14.25,21.0831,240,314,575
28-Oct-2025,1009.9,Call,1070,0.25,24.27,21.0831,-106,697,543
28-Oct-2025,1009.9,Call,995,17.1,10.06,21.0831,-70,1095,539
25-Nov-2025,1009.9,Call,1040,9.25,14.37,21.0831,78,273,517
25-Nov-2025,1009.9,Call,1060,4.85,15.03,21.0831,139,355,493
28-Oct-2025,1009.9,Put,965,0.65,24.68,21.0831,-54,449,489
28-Oct-2025,1009.9,Call,970,40,0,21.0831,-301,403,451
25-Nov-2025,1009.9,Put,990,10.3,18.24,21.0831,49,548,436
25-Nov-2025,1009.9,Call,1015,19.55,14.41,21.0831,126,179,432
28-Oct-2025,1009.9,Put,900,0.1,37.3,21.0831,-89,1071,406
25-Nov-2025,1009.9,Put,1025,23.85,16.93,21.0831,271,277,377
25-Nov-2025,1009.9,Put,950,4.1,20.95,21.0831,51,1110,360
25-Nov-2025,1009.9,Put,1015,18.75,17.18,21.0831,65,111,334
28-Oct-2025,1009.9,Put,955,0.5,27.61,21.0831,-128,332,325
28-Oct-2025,1009.9,Call,1055,0.5,21.7,21.0831,-57,88,303
30-Dec-2025,1009.9,-,0,1020.9,0,21.0831,43,4375,273
28-Oct-2025,1009.9,Put,930,0.35,35.74,21.0831,-19,857,270
25-Nov-2025,1009.9,Put,970,6.45,19.47,21.0831,50,308,228
28-Oct-2025,1009.9,Call,1065,0.35,23.88,21.0831,65,204,227
25-Nov-2025,1009.9,Call,1080,2.9,16.22,21.0831,34,108,227
25-Nov-2025,1009.9,Put,920,2.15,23.34,21.0831,6,512,217
25-Nov-2025,1009.9,Call,960,59.9,15.22,21.0831,-58,154,216
28-Oct-2025,1009.9,Put,945,0.35,29.86,21.0831,-87,293,206
25-Nov-2025,1009.9,Call,1120,1.2,19.1,21.0831,119,150,191
28-Oct-2025,1009.9,Call,1080,0.15,25.61,21.0831,51,515,186
25-Nov-2025,1009.9,Put,1040,33.2,17.22,21.0831,37,251,156
28-Oct-2025,1009.9,Call,985,25.3,0,21.0831,-28,210,152
25-Nov-2025,1009.9,Call,1065,4.25,15.28,21.0831,48,89,147
25-Nov-2025,1009.9,Call,1005,25.15,14.59,21.0831,-36,77,146
28-Oct-2025,1009.9,Call,960,50.25,0,21.0831,-104,700,145
25-Nov-2025,1009.9,Call,950,69,14.39,21.0831,-74,57,141
25-Nov-2025,1009.9,Call,1045,7.9,14.69,21.0831,59,87,134
25-Nov-2025,1009.9,Put,1030,26.65,16.88,21.0831,35,49,132
28-Oct-2025,1009.9,Call,950,60.4,0,21.0831,-82,441,121
25-Nov-2025,1009.9,Put,900,1.45,24.9,21.0831,20,401,116
25-Nov-2025,1009.9,Call,1090,2.25,17.08,21.0831,31,104,116
25-Nov-2025,1009.9,Put,940,3.2,21.56,21.0831,26,265,114
25-Nov-2025,1009.9,Put,965,5.75,19.83,21.0831,44,143,107
25-Nov-2025,1009.9,Put,995,11.7,17.71,21.0831,16,121,106
25-Nov-2025,1009.9,Call,990,35.5,15.32,21.0831,15,108,105
25-Nov-2025,1009.9,Put,930,2.55,22.41,21.0831,8,158,104
28-Oct-2025,1009.9,Put,1035,27.45,24.45,21.0831,25,61,99
25-Nov-2025,1009.9,Put,985,9.1,18.5,21.0831,35,86,95
28-Oct-2025,1009.9,Put,1040,31.45,24.09,21.0831,25,82,94
25-Nov-2025,1009.9,Call,1055,5.75,14.95,21.0831,30,72,92
28-Oct-2025,1009.9,Put,920,0.25,37.71,21.0831,-54,544,92
25-Nov-2025,1009.9,Call,980,43.4,15.76,21.0831,-19,182,89
25-Nov-2025,1009.9,Put,1050,40.85,15.43,21.0831,36,70,81
25-Nov-2025,1009.9,Put,955,4.55,20.6,21.0831,28,132,72
28-Oct-2025,1009.9,Put,935,0.35,33.79,21.0831,-17,129,70
25-Nov-2025,1009.9,Put,975,7.25,18.96,21.0831,40,86,68
25-Nov-2025,1009.9,Call,1035,10.55,14.48,21.0831,16,49,67
25-Nov-2025,1009.9,Call,995,34,16.83,21.0831,-20,91,64
28-Oct-2025,1009.9,Put,1050,37.15,0,21.0831,-11,69,63
25-Nov-2025,1009.9,Put,1005,14.9,17.45,21.0831,6,97,62
28-Oct-2025,1009.9,Call,975,35.25,0,21.0831,-13,130,58
25-Nov-2025,1009.9,Put,1100,85,22.29,21.0831,40,87,54
25-Nov-2025,1009.9,Put,925,2.3,22.73,21.0831,-6,43,50
25-Nov-2025,1009.9,Put,1060,49.5,18.93,21.0831,43,46,49
25-Nov-2025,1009.9,Call,1110,1.5,18.36,21.0831,-4,83,49
28-Oct-2025,1009.9,Put,1100,83.25,0,21.0831,-33,85,45
25-Nov-2025,1009.9,Put,910,1.75,24.02,21.0831,5,152,41
28-Oct-2025,1009.9,Call,900,112.45,62.93,21.0831,-10,371,37
28-Oct-2025,1009.9,Call,1120,0.05,32.96,21.0831,-20,361,35
28-Oct-2025,1009.9,Put,910,0.2,40.21,21.0831,-26,399,35
25-Nov-2025,1009.9,Put,915,1.9,23.51,21.0831,0,24,35
28-Oct-2025,1009.9,Put,880,0.05,43.77,21.0831,-26,365,30
25-Nov-2025,1009.9,Put,890,1.15,25.55,21.0831,-20,33,30
25-Nov-2025,1009.9,Put,935,2.9,21.92,21.0831,11,123,29
30-Dec-2025,1009.9,Call,1000,40.2,14.63,21.0831,3,43,28
30-Dec-2025,1009.9,Put,950,7,18.96,21.0831,7,45,27
25-Nov-2025,1009.9,Put,945,3.65,21.3,21.0831,5,114,24
25-Nov-2025,1009.9,Call,970,51.75,21.19,21.0831,0,94,23
28-Oct-2025,1009.9,Put,1045,28.6,0,21.0831,-2,8,20
28-Oct-2025,1009.9,Put,850,0.05,53.61,21.0831,-9,241,18
28-Oct-2025,1009.9,Put,915,0.25,39.59,21.0831,-9,104,18
30-Dec-2025,1009.9,Put,980,12,17.67,21.0831,2,14,18
28-Oct-2025,1009.9,Put,925,0.3,36.82,21.0831,-10,98,17
28-Oct-2025,1009.9,Put,800,0.05,70.5,21.0831,-9,35,15
28-Oct-2025,1009.9,Put,1055,38.15,0,21.0831,3,9,15
25-Nov-2025,1009.9,Put,1035,29.05,16.32,21.0831,11,11,15
28-Oct-2025,1009.9,Call,1090,0.25,30.78,21.0831,-1,66,11
28-Oct-2025,1009.9,Call,940,72.25,41.95,21.0831,-7,372,11
25-Nov-2025,1009.9,Call,900,118,19.91,21.0831,8,62,11
28-Oct-2025,1009.9,Put,870,0.05,47.03,21.0831,-1,386,10
25-Nov-2025,1009.9,Put,880,1,26.63,21.0831,-7,95,10
30-Dec-2025,1009.9,Call,1040,22,15.61,21.0831,2,23,10
30-Dec-2025,1009.9,Put,1000,17.5,17.15,21.0831,3,11,10
28-Oct-2025,1009.9,Put,895,0.1,41.98,21.0831,-7,43,9
28-Oct-2025,1009.9,Put,890,0.1,43.7,21.0831,-3,242,7
28-Oct-2025,1009.9,Call,1110,0.15,34.53,21.0831,2,12,7
28-Oct-2025,1009.9,Put,1060,43.3,0,21.0831,-4,10,7
28-Oct-2025,1009.9,Put,860,0.05,50.3,21.0831,-3,81,6
25-Nov-2025,1009.9,Call,975,47.35,15.08,21.0831,-3,9,6
28-Oct-2025,1009.9,Call,955,63.85,59.71,21.0831,-3,251,5
25-Nov-2025,1009.9,Put,1055,45.4,12.04,21.0831,4,4,5
28-Oct-2025,1009.9,Put,840,0.05,56.93,21.0831,1,44,3
25-Nov-2025,1009.9,Put,850,0.6,29.34,21.0831,0,30,3
30-Dec-2025,1009.9,Call,1100,5.25,15.02,21.0831,2,2,3
28-Oct-2025,1009.9,Call,930,86.8,68.66,21.0831,-1,95,2
25-Nov-2025,1009.9,Put,1070,50.85,0,21.0831,1,3,2
30-Dec-2025,1009.9,Call,1030,24,14.22,21.0831,1,17,2
28-Oct-2025,1009.9,Call,920,89,0,21.0831,0,119,1
28-Oct-2025,1009.9,Call,820,189,0,21.0831,0,15,1
25-Nov-2025,1009.9,Put,800,0.45,36.21,21.0831,0,33,1
25-Nov-2025,1009.9,Call,1130,1.1,20,0,0,0,1
25-Nov-2025,1009.9,Call,940,85,27.5,21.0831,0,2,1
30-Dec-2025,1009.9,Call,1060,13,14.48,21.0831,0,20,1
28-Oct-2025,1009.9,Put,1065,0,0,21.0831,0,0,0
28-Oct-2025,1009.9,Call,965,0,0,21.0831,0,393,0
28-Oct-2025,1009.9,Put,1120,0,0,21.0831,0,0,0
28-Oct-2025,1009.9,Put,1070,0,0,21.0831,0,0,0
28-Oct-2025,1009.9,Put,1110,0,0,21.0831,0,0,0
28-Oct-2025,1009.9,Call,890,0,0,21.0831,0,0,0
28-Oct-2025,1009.9,Call,910,0,0,21.0831,0,37,0
28-Oct-2025,1009.9,Call,850,0,0,21.0831,0,14,0
28-Oct-2025,1009.9,Call,870,0,0,21.0831,0,0,0
28-Oct-2025,1009.9,Call,905,0,0,21.0831,0,1,0
28-Oct-2025,1009.9,Put,905,0,0,21.0831,0,74,0
28-Oct-2025,1009.9,Call,915,0,0,21.0831,0,1,0
28-Oct-2025,1009.9,Call,935,0,0,21.0831,0,22,0
28-Oct-2025,1009.9,Call,925,0,0,21.0831,0,19,0
28-Oct-2025,1009.9,Call,945,0,0,21.0831,0,62,0
28-Oct-2025,1009.9,Call,1130,0,0,0,0,0,0
28-Oct-2025,1009.9,Put,1130,0,0,0,0,0,0
28-Oct-2025,1009.9,Put,1090,0,0,21.0831,0,0,0
28-Oct-2025,1009.9,Call,880,0,0,21.0831,0,12,0
28-Oct-2025,1009.9,Put,820,0,0,21.0831,0,21,0
28-Oct-2025,1009.9,Call,840,0,0,21.0831,0,14,0
28-Oct-2025,1009.9,Call,860,0,0,21.0831,0,2,0
25-Nov-2025,1009.9,Put,1110,0,0,21.0831,0,0,0
25-Nov-2025,1009.9,Put,905,0,0,21.0831,0,0,0
25-Nov-2025,1009.9,Put,1090,0,0,21.0831,0,0,0
25-Nov-2025,1009.9,Call,860,0,0,21.0831,0,0,0
25-Nov-2025,1009.9,Call,880,0,0,21.0831,0,0,0
25-Nov-2025,1009.9,Call,870,0,0,21.0831,0,0,0
25-Nov-2025,1009.9,Put,860,0,0,21.0831,0,0,0
30-Dec-2025,1009.9,Put,840,0,0,21.0831,0,0,0
30-Dec-2025,1009.9,Put,900,0,0,21.0831,0,2,0
30-Dec-2025,1009.9,Call,1120,0,0,21.0831,0,0,0
30-Dec-2025,1009.9,Call,1020,0,0,21.0831,0,0,0
25-Nov-2025,1009.9,Put,870,0,0,21.0831,0,0,0
25-Nov-2025,1009.9,Put,1130,0,0,0,0,0,0
25-Nov-2025,1009.9,Put,1080,0,0,21.0831,0,0,0
25-Nov-2025,1009.9,Call,850,0,0,21.0831,0,0,0
25-Nov-2025,1009.9,Call,890,0,0,21.0831,0,0,0
25-Nov-2025,1009.9,Call,945,0,0,21.0831,0,0,0
25-Nov-2025,1009.9,Put,1065,0,0,21.0831,0,0,0
25-Nov-2025,1009.9,Call,955,0,0,21.0831,0,8,0
25-Nov-2025,1009.9,Call,920,0,0,21.0831,0,5,0
25-Nov-2025,1009.9,Call,965,0,0,21.0831,0,0,0
25-Nov-2025,1009.9,Put,1045,0,0,21.0831,0,0,0
30-Dec-2025,1009.9,Put,1060,0,0,21.0831,0,0,0
25-Nov-2025,1009.9,Call,925,0,0,21.0831,0,0,0
28-Oct-2025,1009.9,Put,1080,0,0,21.0831,0,2,0
25-Nov-2025,1009.9,Call,915,0,0,21.0831,0,0,0
30-Dec-2025,1009.9,Call,1070,0,0,0,0,0,0
25-Nov-2025,1009.9,Put,1120,0,0,21.0831,0,0,0
25-Nov-2025,1009.9,Call,985,0,0,21.0831,0,0,0
30-Dec-2025,1009.9,Put,1040,0,0,21.0831,0,0,0
30-Dec-2025,1009.9,Call,1050,0,0,21.0831,0,0,0
25-Nov-2025,1009.9,Call,905,0,0,21.0831,0,0,0
25-Nov-2025,1009.9,Call,930,0,0,21.0831,0,0,0
25-Nov-2025,1009.9,Call,935,0,0,21.0831,0,0,0
25-Nov-2025,1009.9,Call,910,0,0,21.0831,0,3,0
30-Dec-2025,1009.9,Call,930,0,0,21.0831,0,1,0
30-Dec-2025,1009.9,Put,920,0,0,21.0831,0,0,0
30-Dec-2025,1009.9,Put,960,0,0,21.0831,0,0,0
30-Dec-2025,1009.9,Put,940,0,0,21.0831,0,0,0
30-Dec-2025,1009.9,Put,930,0,0,21.0831,0,0,0
30-Dec-2025,1009.9,Call,1080,0,0,21.0831,0,0,0
30-Dec-2025,1009.9,Put,1020,0,0,21.0831,0,0,0
30-Dec-2025,1009.9,Put,910,0,0,21.0831,0,2,0
30-Dec-2025,1009.9,Put,1030,0,0,21.0831,0,0,0
30-Dec-2025,1009.9,Put,970,0,0,21.0831,0,0,0
30-Dec-2025,1009.9,Put,1050,0,0,21.0831,0,0,0
30-Dec-2025,1009.9,Put,990,0,0,21.0831,0,0,0
30-Dec-2025,1009.9,Call,980,0,0,21.0831,0,1,0
30-Dec-2025,1009.9,Call,1010,0,0,21.0831,0,0,0
30-Dec-2025,1009.9,Put,1010,0,0,21.0831,0,0,0
