28-Oct-2025,5648.5,-,0,5651,0,30.509,575,29921,2104
25-Nov-2025,5648.5,-,0,5663.5,0,30.509,1047,4735,1689
28-Oct-2025,5648.5,Call,5700,46,24.27,30.509,162,1565,1386
28-Oct-2025,5648.5,Call,5650,62.95,23.66,30.509,105,924,1145
28-Oct-2025,5648.5,Call,5600,91.6,23.07,30.509,-51,1510,1144
28-Oct-2025,5648.5,Call,5800,18.9,25.65,30.509,-30,916,882
28-Oct-2025,5648.5,Call,5750,29.75,25.29,30.509,-170,486,707
28-Oct-2025,5648.5,Put,5600,45.15,25.82,30.509,-72,1065,639
28-Oct-2025,5648.5,Put,5500,18.5,26.97,30.509,-22,1016,570
28-Oct-2025,5648.5,Call,5900,9.2,28.23,30.509,0,1035,433
28-Oct-2025,5648.5,Put,5550,29.35,26.01,30.509,29,613,350
28-Oct-2025,5648.5,Put,5400,8.65,30.08,30.509,-17,1475,338
28-Oct-2025,5648.5,Call,6000,5,32.1,30.509,24,1736,309
28-Oct-2025,5648.5,Put,5650,68.85,26.37,30.509,16,486,302
25-Nov-2025,5648.5,Call,6000,63.9,25.21,30.509,58,524,302
28-Oct-2025,5648.5,Call,5500,166.2,21.45,30.509,67,776,294
28-Oct-2025,5648.5,Call,6300,0.45,37.77,30.509,0,1113,261
25-Nov-2025,5648.5,Call,5700,156.1,23.43,30.509,55,199,242
28-Oct-2025,5648.5,Put,5700,95.6,27.28,30.509,34,573,188
28-Oct-2025,5648.5,Call,5850,12.4,26.86,30.509,-5,568,180
28-Oct-2025,5648.5,Put,5300,5.45,34.76,30.509,17,787,176
28-Oct-2025,5648.5,Call,5550,124.2,22.32,30.509,-3,623,145
25-Nov-2025,5648.5,Put,5500,98.7,26.89,30.509,11,259,129
28-Oct-2025,5648.5,Call,6100,2.9,34.78,30.509,-4,612,108
25-Nov-2025,5648.5,Put,5200,30,27.32,30.509,71,219,91
28-Oct-2025,5648.5,Call,5950,6.7,30.3,30.509,-4,106,86
25-Nov-2025,5648.5,Put,5600,136.95,26.82,30.509,11,61,76
25-Nov-2025,5648.5,Put,5700,190.75,27.79,30.509,6,62,75
28-Oct-2025,5648.5,Put,5450,12.4,28.07,30.509,-21,493,70
28-Oct-2025,5648.5,Put,5350,7.2,32.71,30.509,-9,268,59
28-Oct-2025,5648.5,Put,5100,2.6,44.6,30.509,-2,458,53
25-Nov-2025,5648.5,Call,5600,205,22.87,30.509,16,112,48
28-Oct-2025,5648.5,Put,5750,137.35,29.48,30.509,-1,61,47
28-Oct-2025,5648.5,Put,5200,3.8,39.95,30.509,-10,532,46
28-Oct-2025,5648.5,Put,5250,4.7,37.65,30.509,3,250,40
28-Oct-2025,5648.5,Call,5450,220.4,32.66,30.509,-18,211,32
25-Nov-2025,5648.5,Call,6300,23.25,26.56,30.509,14,23,26
25-Nov-2025,5648.5,Put,5750,218.95,27.99,30.509,4,21,23
25-Nov-2025,5648.5,Put,5000,12,28.13,30.509,0,104,21
25-Nov-2025,5648.5,Call,5800,115.95,23.84,30.509,6,47,21
25-Nov-2025,5648.5,Put,5550,121.1,27.54,30.509,0,38,17
28-Oct-2025,5648.5,Put,5000,1.15,46.12,30.509,-1,1054,15
28-Oct-2025,5648.5,Call,6050,3.6,33.15,30.509,-4,137,13
28-Oct-2025,5648.5,Call,5350,300.95,17.45,30.509,-1,124,12
28-Oct-2025,5648.5,Call,5400,255,24.91,30.509,-3,445,10
28-Oct-2025,5648.5,Call,6200,1.2,35.92,30.509,0,612,10
30-Dec-2025,5648.5,-,0,5667,0,30.509,3,164,8
25-Nov-2025,5648.5,Call,5650,174.1,22.38,30.509,5,19,8
25-Nov-2025,5648.5,Put,5300,46.2,27.13,30.509,0,79,7
28-Oct-2025,5648.5,Put,5050,2.15,46.81,30.509,-3,113,5
28-Oct-2025,5648.5,Call,5300,333.45,0,30.509,0,149,4
25-Nov-2025,5648.5,Call,5500,265.6,22.51,30.509,0,57,3
25-Nov-2025,5648.5,Call,5750,134.25,23.55,30.509,0,48,3
28-Oct-2025,5648.5,Put,5150,3,41.98,30.509,0,181,2
25-Nov-2025,5648.5,Put,5050,15.9,28.2,30.509,0,10,2
25-Nov-2025,5648.5,Put,5650,160,26.9,30.509,0,4,1
25-Nov-2025,5648.5,Put,5400,72.05,27.62,30.509,0,60,1
25-Nov-2025,5648.5,Call,6100,47.8,26.04,30.509,0,28,1
28-Oct-2025,5648.5,Put,6050,0,0,30.509,0,0,0
28-Oct-2025,5648.5,Call,5100,0,0,30.509,0,54,0
28-Oct-2025,5648.5,Put,4900,0,0,30.509,0,310,0
28-Oct-2025,5648.5,Put,4600,0,0,30.509,0,25,0
28-Oct-2025,5648.5,Put,4500,0,0,30.509,0,160,0
28-Oct-2025,5648.5,Put,4750,0,0,30.509,0,2,0
28-Oct-2025,5648.5,Put,4850,0,0,30.509,0,183,0
28-Oct-2025,5648.5,Call,5200,0,0,30.509,0,76,0
28-Oct-2025,5648.5,Put,6000,0,0,30.509,0,38,0
28-Oct-2025,5648.5,Put,6300,0,0,30.509,0,0,0
28-Oct-2025,5648.5,Put,4400,0,0,30.509,0,12,0
28-Oct-2025,5648.5,Put,6200,0,0,30.509,0,0,0
28-Oct-2025,5648.5,Call,4400,0,0,30.509,0,25,0
28-Oct-2025,5648.5,Put,4950,0,0,30.509,0,98,0
28-Oct-2025,5648.5,Call,4600,0,0,30.509,0,1,0
28-Oct-2025,5648.5,Put,5800,0,0,30.509,0,71,0
28-Oct-2025,5648.5,Put,6100,0,0,30.509,0,0,0
28-Oct-2025,5648.5,Put,5900,0,0,30.509,0,0,0
28-Oct-2025,5648.5,Call,6400,0,0,30.509,0,75,0
28-Oct-2025,5648.5,Put,6400,0,0,30.509,0,0,0
28-Oct-2025,5648.5,Call,5050,0,0,30.509,0,16,0
28-Oct-2025,5648.5,Call,5150,0,0,30.509,0,41,0
28-Oct-2025,5648.5,Call,5250,0,0,30.509,0,38,0
28-Oct-2025,5648.5,Put,4700,0,0,30.509,0,176,0
28-Oct-2025,5648.5,Call,4900,0,0,30.509,0,38,0
28-Oct-2025,5648.5,Call,4700,0,0,30.509,0,37,0
28-Oct-2025,5648.5,Call,4800,0,0,30.509,0,22,0
28-Oct-2025,5648.5,Call,4850,0,0,30.509,0,2,0
28-Oct-2025,5648.5,Call,4950,0,0,30.509,0,2,0
28-Oct-2025,5648.5,Call,6150,0,0,30.509,0,17,0
28-Oct-2025,5648.5,Put,6150,0,0,30.509,0,0,0
28-Oct-2025,5648.5,Put,4800,0,0,30.509,0,372,0
28-Oct-2025,5648.5,Call,4500,0,0,30.509,0,10,0
28-Oct-2025,5648.5,Put,5850,0,0,30.509,0,21,0
28-Oct-2025,5648.5,Put,5950,0,0,30.509,0,0,0
25-Nov-2025,5648.5,Call,5550,0,0,30.509,0,14,0
25-Nov-2025,5648.5,Put,6150,0,0,30.509,0,0,0
25-Nov-2025,5648.5,Call,6200,0,0,30.509,0,23,0
25-Nov-2025,5648.5,Call,4800,0,0,30.509,0,0,0
25-Nov-2025,5648.5,Put,6200,0,0,30.509,0,0,0
25-Nov-2025,5648.5,Put,5150,0,0,30.509,0,0,0
25-Nov-2025,5648.5,Call,4950,0,0,30.509,0,0,0
25-Nov-2025,5648.5,Put,4800,0,0,30.509,0,3,0
25-Nov-2025,5648.5,Put,6300,0,0,30.509,0,0,0
25-Nov-2025,5648.5,Call,5250,0,0,30.509,0,0,0
25-Nov-2025,5648.5,Put,6000,0,0,30.509,0,12,0
25-Nov-2025,5648.5,Call,4600,0,0,30.509,0,5,0
25-Nov-2025,5648.5,Put,5250,0,0,30.509,0,15,0
25-Nov-2025,5648.5,Put,5800,0,0,30.509,0,0,0
25-Nov-2025,5648.5,Call,5400,0,0,30.509,0,5,0
25-Nov-2025,5648.5,Put,5850,0,0,30.509,0,0,0
25-Nov-2025,5648.5,Put,6050,0,0,30.509,0,0,0
30-Dec-2025,5648.5,Call,5700,0,0,30.509,0,0,0
30-Dec-2025,5648.5,Put,5500,0,0,30.509,0,0,0
25-Nov-2025,5648.5,Call,5850,0,0,30.509,0,0,0
25-Nov-2025,5648.5,Put,4900,0,0,30.509,0,0,0
28-Oct-2025,5648.5,Call,5000,0,0,30.509,0,113,0
25-Nov-2025,5648.5,Put,4950,0,0,30.509,0,0,0
30-Dec-2025,5648.5,Put,5600,0,0,30.509,0,0,0
25-Nov-2025,5648.5,Call,5450,0,0,30.509,0,0,0
25-Nov-2025,5648.5,Call,5900,0,0,30.509,0,1,0
30-Dec-2025,5648.5,Put,5700,0,0,30.509,0,0,0
25-Nov-2025,5648.5,Put,4700,0,0,30.509,0,0,0
25-Nov-2025,5648.5,Call,5150,0,0,30.509,0,0,0
30-Dec-2025,5648.5,Call,6100,0,0,30.509,0,0,0
25-Nov-2025,5648.5,Put,6100,0,0,30.509,0,0,0
25-Nov-2025,5648.5,Call,5300,0,0,30.509,0,0,0
25-Nov-2025,5648.5,Call,5050,0,0,30.509,0,0,0
25-Nov-2025,5648.5,Call,5100,0,0,30.509,0,0,0
30-Dec-2025,5648.5,Call,5500,0,0,30.509,0,0,0
30-Dec-2025,5648.5,Call,5900,0,0,30.509,0,0,0
25-Nov-2025,5648.5,Put,5900,0,0,30.509,0,0,0
25-Nov-2025,5648.5,Call,6400,0,0,30.509,0,13,0
30-Dec-2025,5648.5,Put,5300,0,0,30.509,0,0,0
25-Nov-2025,5648.5,Put,5450,0,0,30.509,0,6,0
30-Dec-2025,5648.5,Put,5900,0,0,30.509,0,0,0
30-Dec-2025,5648.5,Put,5800,0,0,30.509,0,0,0
25-Nov-2025,5648.5,Call,4900,0,0,30.509,0,0,0
30-Dec-2025,5648.5,Call,6200,0,0,30.509,0,0,0
25-Nov-2025,5648.5,Put,4600,0,0,30.509,0,0,0
25-Nov-2025,5648.5,Call,4700,0,0,30.509,0,0,0
30-Dec-2025,5648.5,Put,4600,0,0,0,0,0,0
25-Nov-2025,5648.5,Call,5000,0,0,30.509,0,4,0
30-Dec-2025,5648.5,Put,5200,0,0,30.509,0,0,0
25-Nov-2025,5648.5,Put,5950,0,0,30.509,0,0,0
25-Nov-2025,5648.5,Put,5350,0,0,30.509,0,0,0
25-Nov-2025,5648.5,Put,5100,0,0,30.509,0,38,0
25-Nov-2025,5648.5,Call,5200,0,0,30.509,0,3,0
25-Nov-2025,5648.5,Call,6050,0,0,30.509,0,1,0
30-Dec-2025,5648.5,Call,5600,0,0,30.509,0,2,0
25-Nov-2025,5648.5,Put,6400,0,0,30.509,0,0,0
25-Nov-2025,5648.5,Call,6150,0,0,30.509,0,1,0
25-Nov-2025,5648.5,Call,5950,0,0,30.509,0,1,0
30-Dec-2025,5648.5,Put,5400,0,0,30.509,0,0,0
25-Nov-2025,5648.5,Call,5350,0,0,30.509,0,0,0
30-Dec-2025,5648.5,Call,5800,0,0,30.509,0,0,0
30-Dec-2025,5648.5,Put,6000,0,0,30.509,0,0,0
30-Dec-2025,5648.5,Call,6000,0,0,30.509,0,0,0
