28-Oct-2025,5660,-,0,5659.5,0,30.509,645,29991,2306
25-Nov-2025,5660,-,0,5670,0,30.509,1155,4843,1831
28-Oct-2025,5660,Call,5700,47.3,24.27,30.509,141,1544,1706
28-Oct-2025,5660,Call,5600,96.7,22.96,30.509,-61,1500,1296
28-Oct-2025,5660,Call,5650,69.75,23.05,30.509,50,869,1274
28-Oct-2025,5660,Call,5800,20.85,25.6,30.509,-36,910,952
28-Oct-2025,5660,Call,5750,31.9,24.68,30.509,-171,485,762
28-Oct-2025,5660,Put,5600,39.05,24.99,30.509,-60,1077,728
28-Oct-2025,5660,Put,5500,15.55,26.85,30.509,-9,1029,654
28-Oct-2025,5660,Call,5900,9.6,28,30.509,0,1035,447
28-Oct-2025,5660,Put,5550,25.55,25.61,30.509,9,593,424
28-Oct-2025,5660,Call,6000,5.7,31.81,30.509,13,1725,378
28-Oct-2025,5660,Put,5400,7.65,30.03,30.509,-15,1477,372
28-Oct-2025,5660,Put,5650,59.7,25.23,30.509,19,489,333
25-Nov-2025,5660,Call,6000,66.25,25.08,30.509,63,529,322
28-Oct-2025,5660,Call,5500,171.15,23.17,30.509,58,767,320
28-Oct-2025,5660,Call,6300,0.85,38.57,30.509,0,1113,303
28-Oct-2025,5660,Put,5750,122.2,26.87,30.509,226,288,289
25-Nov-2025,5660,Call,5700,163.5,23.56,30.509,53,197,287
28-Oct-2025,5660,Put,5700,89.2,25.37,30.509,33,572,215
28-Oct-2025,5660,Call,5850,14.85,26.92,30.509,-2,571,202
28-Oct-2025,5660,Put,5300,4.65,34.68,30.509,16,786,187
28-Oct-2025,5660,Call,5550,135,23.1,30.509,-17,609,186
25-Nov-2025,5660,Put,5500,96.45,27.28,30.509,11,259,131
28-Oct-2025,5660,Call,6100,3.25,34.89,30.509,3,619,121
25-Nov-2025,5660,Put,5200,28.5,27.4,30.509,70,218,96
28-Oct-2025,5660,Call,5950,7.45,29.89,30.509,-2,108,92
25-Nov-2025,5660,Put,5700,183.3,27.84,30.509,12,68,87
28-Oct-2025,5660,Put,5450,10.45,28.1,30.509,-33,481,85
25-Nov-2025,5660,Put,5600,134.05,27.26,30.509,13,63,84
28-Oct-2025,5660,Put,5350,5.85,32.29,30.509,-19,258,79
28-Oct-2025,5660,Put,5100,2.8,46.07,30.509,-3,457,66
28-Oct-2025,5660,Put,5200,3.55,40.44,30.509,-13,529,52
25-Nov-2025,5660,Call,5600,211.6,22.51,30.509,13,109,50
28-Oct-2025,5660,Put,5250,4,37.5,30.509,3,250,43
28-Oct-2025,5660,Call,5450,220.4,22.95,30.509,-17,212,33
28-Oct-2025,5660,Call,6200,1.5,35.06,30.509,0,612,30
25-Nov-2025,5660,Call,6300,23.25,26.06,30.509,14,23,26
25-Nov-2025,5660,Put,5750,218.95,29.1,30.509,4,21,23
25-Nov-2025,5660,Put,5000,11.3,28.18,30.509,2,106,22
25-Nov-2025,5660,Call,5800,115.95,22.92,30.509,6,47,21
25-Nov-2025,5660,Put,5550,121.1,28.36,30.509,0,38,17
28-Oct-2025,5660,Put,5000,1.15,46.95,30.509,-1,1054,15
28-Oct-2025,5660,Call,6050,3.6,32.13,30.509,-4,137,13
28-Oct-2025,5660,Call,5350,300.95,0,30.509,-1,124,12
28-Oct-2025,5660,Call,5400,255,0,30.509,-3,445,10
25-Nov-2025,5660,Call,5650,189.75,23.49,30.509,4,18,10
30-Dec-2025,5660,-,0,5667,0,30.509,3,164,8
25-Nov-2025,5660,Put,5300,44.35,27.29,30.509,3,82,8
25-Nov-2025,5660,Put,5050,14.1,27.84,30.509,2,12,6
28-Oct-2025,5660,Put,5050,2.15,47.71,30.509,-3,113,5
28-Oct-2025,5660,Call,5300,333.45,0,30.509,0,149,4
25-Nov-2025,5660,Call,5750,134.25,22.55,30.509,0,48,3
25-Nov-2025,5660,Call,5500,265.6,20.67,30.509,0,57,3
28-Oct-2025,5660,Put,5150,3,42.93,30.509,0,181,2
28-Oct-2025,5660,Put,4500,0.1,63.49,30.509,0,160,2
25-Nov-2025,5660,Put,5800,244.25,28.67,30.509,0,0,2
25-Nov-2025,5660,Put,5100,18.85,28.03,30.509,0,38,1
25-Nov-2025,5660,Put,5400,72.05,28.28,30.509,0,60,1
25-Nov-2025,5660,Call,6100,47.8,25.43,30.509,0,28,1
25-Nov-2025,5660,Put,5650,160,27.85,30.509,0,4,1
25-Nov-2025,5660,Call,5550,242,22.42,30.509,0,14,1
28-Oct-2025,5660,Call,6150,0,0,30.509,0,17,0
28-Oct-2025,5660,Put,6150,0,0,30.509,0,0,0
28-Oct-2025,5660,Call,4700,0,0,30.509,0,37,0
28-Oct-2025,5660,Call,4800,0,0,30.509,0,22,0
28-Oct-2025,5660,Call,4850,0,0,30.509,0,2,0
28-Oct-2025,5660,Call,4950,0,0,30.509,0,2,0
28-Oct-2025,5660,Call,4400,0,0,30.509,0,25,0
28-Oct-2025,5660,Put,4400,0,0,30.509,0,12,0
28-Oct-2025,5660,Put,6200,0,0,30.509,0,0,0
28-Oct-2025,5660,Put,6300,0,0,30.509,0,0,0
28-Oct-2025,5660,Put,6000,0,0,30.509,0,38,0
28-Oct-2025,5660,Put,4900,0,0,30.509,0,310,0
28-Oct-2025,5660,Put,6050,0,0,30.509,0,0,0
28-Oct-2025,5660,Call,5100,0,0,30.509,0,54,0
28-Oct-2025,5660,Put,5950,0,0,30.509,0,0,0
28-Oct-2025,5660,Call,5000,0,0,30.509,0,113,0
28-Oct-2025,5660,Put,5850,0,0,30.509,0,21,0
28-Oct-2025,5660,Call,4500,0,0,30.509,0,10,0
28-Oct-2025,5660,Put,4800,0,0,30.509,0,372,0
28-Oct-2025,5660,Call,5200,0,0,30.509,0,76,0
28-Oct-2025,5660,Put,4850,0,0,30.509,0,183,0
28-Oct-2025,5660,Put,4750,0,0,30.509,0,2,0
28-Oct-2025,5660,Put,4600,0,0,30.509,0,25,0
28-Oct-2025,5660,Call,4900,0,0,30.509,0,38,0
28-Oct-2025,5660,Call,5050,0,0,30.509,0,16,0
28-Oct-2025,5660,Call,5150,0,0,30.509,0,41,0
28-Oct-2025,5660,Call,5250,0,0,30.509,0,38,0
28-Oct-2025,5660,Put,6400,0,0,30.509,0,0,0
28-Oct-2025,5660,Call,6400,0,0,30.509,0,75,0
28-Oct-2025,5660,Put,4700,0,0,30.509,0,176,0
28-Oct-2025,5660,Put,6100,0,0,30.509,0,0,0
28-Oct-2025,5660,Put,5900,0,0,30.509,0,0,0
28-Oct-2025,5660,Put,5800,0,0,30.509,0,71,0
28-Oct-2025,5660,Put,4950,0,0,30.509,0,98,0
28-Oct-2025,5660,Call,4600,0,0,30.509,0,1,0
25-Nov-2025,5660,Put,6400,0,0,30.509,0,0,0
25-Nov-2025,5660,Call,6400,0,0,30.509,0,13,0
25-Nov-2025,5660,Put,5350,0,0,30.509,0,0,0
25-Nov-2025,5660,Call,5450,0,0,30.509,0,0,0
25-Nov-2025,5660,Call,5850,0,0,30.509,0,0,0
25-Nov-2025,5660,Put,4600,0,0,30.509,0,0,0
25-Nov-2025,5660,Put,5150,0,0,30.509,0,0,0
25-Nov-2025,5660,Call,4950,0,0,30.509,0,0,0
25-Nov-2025,5660,Call,5050,0,0,30.509,0,0,0
25-Nov-2025,5660,Call,4700,0,0,30.509,0,0,0
25-Nov-2025,5660,Call,4800,0,0,30.509,0,0,0
25-Nov-2025,5660,Call,4900,0,0,30.509,0,0,0
25-Nov-2025,5660,Call,5000,0,0,30.509,0,4,0
25-Nov-2025,5660,Call,5100,0,0,30.509,0,0,0
25-Nov-2025,5660,Put,6000,0,0,30.509,0,12,0
25-Nov-2025,5660,Call,6150,0,0,30.509,0,1,0
25-Nov-2025,5660,Call,4600,0,0,30.509,0,5,0
25-Nov-2025,5660,Put,6200,0,0,30.509,0,0,0
25-Nov-2025,5660,Put,6300,0,0,30.509,0,0,0
25-Nov-2025,5660,Call,5150,0,0,30.509,0,0,0
25-Nov-2025,5660,Call,5350,0,0,30.509,0,0,0
25-Nov-2025,5660,Put,4950,0,0,30.509,0,0,0
25-Nov-2025,5660,Call,5950,0,0,30.509,0,1,0
25-Nov-2025,5660,Put,6050,0,0,30.509,0,0,0
25-Nov-2025,5660,Put,4900,0,0,30.509,0,0,0
25-Nov-2025,5660,Put,5900,0,0,30.509,0,0,0
25-Nov-2025,5660,Put,6100,0,0,30.509,0,0,0
25-Nov-2025,5660,Call,5900,0,0,30.509,0,1,0
25-Nov-2025,5660,Call,5200,0,0,30.509,0,3,0
25-Nov-2025,5660,Put,5450,0,0,30.509,0,6,0
25-Nov-2025,5660,Call,5400,0,0,30.509,0,5,0
25-Nov-2025,5660,Call,6200,0,0,30.509,0,23,0
25-Nov-2025,5660,Call,5250,0,0,30.509,0,0,0
25-Nov-2025,5660,Put,5250,0,0,30.509,0,15,0
25-Nov-2025,5660,Put,5850,0,0,30.509,0,0,0
25-Nov-2025,5660,Put,5950,0,0,30.509,0,0,0
25-Nov-2025,5660,Put,6150,0,0,30.509,0,0,0
25-Nov-2025,5660,Put,4700,0,0,30.509,0,0,0
25-Nov-2025,5660,Call,6050,0,0,30.509,0,1,0
25-Nov-2025,5660,Put,4800,0,0,30.509,0,3,0
25-Nov-2025,5660,Call,5300,0,0,30.509,0,0,0
30-Dec-2025,5660,Put,6000,0,0,30.509,0,0,0
30-Dec-2025,5660,Call,6200,0,0,30.509,0,0,0
30-Dec-2025,5660,Put,5500,0,0,30.509,0,0,0
30-Dec-2025,5660,Put,5300,0,0,30.509,0,0,0
30-Dec-2025,5660,Call,6000,0,0,30.509,0,0,0
30-Dec-2025,5660,Put,5200,0,0,30.509,0,0,0
30-Dec-2025,5660,Call,5500,0,0,30.509,0,0,0
30-Dec-2025,5660,Call,5600,0,0,30.509,0,2,0
30-Dec-2025,5660,Put,5600,0,0,30.509,0,0,0
30-Dec-2025,5660,Call,5700,0,0,30.509,0,0,0
30-Dec-2025,5660,Put,5400,0,0,30.509,0,0,0
30-Dec-2025,5660,Call,5900,0,0,30.509,0,0,0
30-Dec-2025,5660,Call,6100,0,0,30.509,0,0,0
30-Dec-2025,5660,Put,5800,0,0,30.509,0,0,0
30-Dec-2025,5660,Put,5900,0,0,30.509,0,0,0
30-Dec-2025,5660,Put,5700,0,0,30.509,0,0,0
30-Dec-2025,5660,Put,4600,0,0,0,0,0,0
30-Dec-2025,5660,Call,5800,0,0,30.509,0,0,0
