28-Oct-2025,5626,-,0,5622.5,0,30.509,132,29478,11782
25-Nov-2025,5626,-,0,5637.5,0,30.509,7508,11196,10719
28-Oct-2025,5626,Call,5700,27.75,20.9,30.509,259,1662,5821
28-Oct-2025,5626,Call,5650,43.75,19.81,30.509,269,1088,4555
28-Oct-2025,5626,Call,5600,67.65,18.53,30.509,-210,1351,2727
28-Oct-2025,5626,Call,5800,10.05,21.97,30.509,-89,857,2558
28-Oct-2025,5626,Put,5600,44,23.81,30.509,-92,1045,2371
28-Oct-2025,5626,Call,6000,2.8,29.02,30.509,235,1947,2182
28-Oct-2025,5626,Call,5750,16.4,20.9,30.509,-110,546,1954
28-Oct-2025,5626,Call,5900,4.55,25.18,30.509,-115,920,1776
28-Oct-2025,5626,Put,5500,17.65,24.13,30.509,-9,1029,1721
28-Oct-2025,5626,Put,5550,28,23.89,30.509,-67,517,1235
28-Oct-2025,5626,Put,5300,5.2,33.51,30.509,-54,716,1091
28-Oct-2025,5626,Call,5850,6.7,23.54,30.509,-54,519,1050
28-Oct-2025,5626,Put,5650,71,23.12,30.509,-34,436,1020
28-Oct-2025,5626,Put,5400,8.45,28.77,30.509,13,1505,971
25-Nov-2025,5626,Call,5700,142.15,22.09,30.509,173,317,853
25-Nov-2025,5626,Call,6000,54,24.14,30.509,196,662,744
28-Oct-2025,5626,Call,5500,137.95,18.73,30.509,-50,659,699
28-Oct-2025,5626,Put,5200,3.55,38.64,30.509,94,636,659
28-Oct-2025,5626,Put,5700,106.9,24.37,30.509,-12,527,642
28-Oct-2025,5626,Call,5950,3.5,27.11,30.509,14,124,619
28-Oct-2025,5626,Put,5350,6.35,31.4,30.509,-40,237,598
28-Oct-2025,5626,Call,6100,1.65,32.41,30.509,16,632,578
25-Nov-2025,5626,Put,5500,106.15,27.16,30.509,135,383,536
28-Oct-2025,5626,Put,5450,11.65,26.18,30.509,65,579,529
28-Oct-2025,5626,Put,5750,144.5,24.89,30.509,127,189,499
28-Oct-2025,5626,Call,5550,100.7,17.83,30.509,-24,602,490
28-Oct-2025,5626,Call,6300,0.25,34.71,30.509,-3,1110,438
28-Oct-2025,5626,Put,5100,2.3,43.98,30.509,-72,388,424
25-Nov-2025,5626,Put,5700,201.65,28.48,30.509,106,162,338
28-Oct-2025,5626,Put,5250,4.2,35.96,30.509,-45,202,302
25-Nov-2025,5626,Put,5600,148,27.43,30.509,28,78,257
28-Oct-2025,5626,Call,6200,0.65,33.6,30.509,-45,567,233
28-Oct-2025,5626,Put,4800,0.3,49.84,30.509,-36,336,231
25-Nov-2025,5626,Call,5800,103.2,22.66,30.509,93,134,227
28-Oct-2025,5626,Put,5000,0.95,44.57,30.509,-40,1015,175
25-Nov-2025,5626,Call,5600,191.1,21.44,30.509,32,128,172
25-Nov-2025,5626,Put,5200,31.3,27.42,30.509,74,222,134
25-Nov-2025,5626,Put,5550,124.25,27.6,30.509,28,66,124
25-Nov-2025,5626,Put,5000,13,28.34,30.509,16,120,115
25-Nov-2025,5626,Call,6300,21.2,26.16,30.509,50,59,115
25-Nov-2025,5626,Call,5650,161.3,21.71,30.509,32,46,115
25-Nov-2025,5626,Put,5300,49.5,26.7,30.509,53,132,99
25-Nov-2025,5626,Call,5750,122.45,22.3,30.509,66,114,99
25-Nov-2025,5626,Call,5900,74.75,23.65,30.509,55,56,94
25-Nov-2025,5626,Call,5500,242.55,20.33,30.509,52,109,94
28-Oct-2025,5626,Call,5450,182.7,0,30.509,-52,177,92
28-Oct-2025,5626,Call,5400,238,0,30.509,-29,419,81
28-Oct-2025,5626,Call,6050,2.4,31.35,30.509,-6,135,80
25-Nov-2025,5626,Put,5400,68.2,26.55,30.509,37,97,73
25-Nov-2025,5626,Put,5750,226.7,28.55,30.509,18,35,71
28-Oct-2025,5626,Put,4950,0.7,46.06,30.509,-48,50,59
25-Nov-2025,5626,Put,5350,56.75,26.77,30.509,43,43,58
25-Nov-2025,5626,Put,5800,262.55,29.05,30.509,27,27,57
25-Nov-2025,5626,Call,6100,41.2,24.93,30.509,31,59,56
28-Oct-2025,5626,Put,4700,0.1,51.32,30.509,-6,170,51
25-Nov-2025,5626,Put,5100,19.15,27.43,30.509,7,45,37
28-Oct-2025,5626,Call,5200,433.25,0,30.509,0,76,35
25-Nov-2025,5626,Put,5250,39,27.34,30.509,21,36,34
30-Dec-2025,5626,-,0,5655,0,30.509,7,168,33
28-Oct-2025,5626,Put,4500,0.1,62.51,30.509,0,160,31
28-Oct-2025,5626,Put,4850,0.2,45.93,30.509,-5,178,31
25-Nov-2025,5626,Call,5550,233.15,23.34,30.509,15,29,28
25-Nov-2025,5626,Put,5050,16.75,28.32,30.509,17,27,26
25-Nov-2025,5626,Put,5650,169.6,27.83,30.509,11,15,25
25-Nov-2025,5626,Call,5950,64.75,23.56,30.509,15,16,25
28-Oct-2025,5626,Call,4700,945,73.15,30.509,0,37,23
25-Nov-2025,5626,Call,4700,960,0,30.509,11,11,23
25-Nov-2025,5626,Call,6200,28,25.5,30.509,7,30,21
28-Oct-2025,5626,Put,4900,0.4,46.22,30.509,-5,305,20
28-Oct-2025,5626,Call,5300,325,0,30.509,-7,142,20
28-Oct-2025,5626,Call,5350,297.55,28.49,30.509,-5,120,18
25-Nov-2025,5626,Put,5450,85.45,27.05,30.509,11,17,18
28-Oct-2025,5626,Call,5100,530,0,30.509,0,54,17
28-Oct-2025,5626,Put,5800,186.45,23.42,30.509,-7,64,17
28-Oct-2025,5626,Put,5050,1.7,44.76,30.509,-5,111,16
25-Nov-2025,5626,Call,5100,565.3,0,30.509,15,15,16
28-Oct-2025,5626,Put,5150,3.25,42.06,30.509,-5,176,15
28-Oct-2025,5626,Call,6400,0.15,37.26,30.509,-7,68,15
25-Nov-2025,5626,Call,6050,49.2,24.75,30.509,8,9,14
25-Nov-2025,5626,Call,6400,14.2,26.36,30.509,6,19,13
25-Nov-2025,5626,Call,5850,87.95,23.75,30.509,9,9,12
28-Oct-2025,5626,Put,4600,0.3,62.76,30.509,-3,22,10
28-Oct-2025,5626,Put,6000,365,37.26,30.509,-6,32,7
25-Nov-2025,5626,Put,4800,6,30.52,30.509,0,3,5
25-Nov-2025,5626,Put,6000,391.5,28.71,30.509,1,13,3
25-Nov-2025,5626,Put,5950,372.55,0,30.509,0,0,3
28-Oct-2025,5626,Put,4400,0.15,70.6,30.509,0,12,2
28-Oct-2025,5626,Call,4800,845,65.26,30.509,0,22,1
25-Nov-2025,5626,Call,5200,495,21.09,30.509,0,3,1
25-Nov-2025,5626,Put,5900,334.85,0,30.509,0,0,1
25-Nov-2025,5626,Call,4900,770,0,30.509,0,0,1
30-Dec-2025,5626,Put,5200,72,27.53,30.509,0,0,1
28-Oct-2025,5626,Call,4500,0,0,30.509,0,10,0
28-Oct-2025,5626,Call,6150,0,0,30.509,0,17,0
28-Oct-2025,5626,Put,6150,0,0,30.509,0,0,0
28-Oct-2025,5626,Call,4850,0,0,30.509,0,2,0
28-Oct-2025,5626,Call,4950,0,0,30.509,0,2,0
28-Oct-2025,5626,Put,6200,0,0,30.509,0,0,0
28-Oct-2025,5626,Put,6300,0,0,30.509,0,0,0
28-Oct-2025,5626,Put,6050,0,0,30.509,0,0,0
28-Oct-2025,5626,Put,5950,0,0,30.509,0,0,0
28-Oct-2025,5626,Call,5000,0,0,30.509,0,113,0
28-Oct-2025,5626,Put,5850,0,0,30.509,0,21,0
28-Oct-2025,5626,Put,4750,0,0,30.509,0,2,0
28-Oct-2025,5626,Call,4900,0,0,30.509,0,38,0
28-Oct-2025,5626,Call,5050,0,0,30.509,0,16,0
28-Oct-2025,5626,Call,5150,0,0,30.509,0,41,0
25-Nov-2025,5626,Put,4600,0,0,30.509,0,0,0
25-Nov-2025,5626,Call,4800,0,0,30.509,0,0,0
25-Nov-2025,5626,Put,6300,0,0,30.509,0,0,0
25-Nov-2025,5626,Put,5150,0,0,30.509,0,0,0
25-Nov-2025,5626,Call,4950,0,0,30.509,0,0,0
25-Nov-2025,5626,Put,4950,0,0,30.509,0,0,0
25-Nov-2025,5626,Call,5350,0,0,30.509,0,0,0
25-Nov-2025,5626,Put,6200,0,0,30.509,0,0,0
25-Nov-2025,5626,Call,5400,0,0,30.509,0,5,0
25-Nov-2025,5626,Put,5850,0,0,30.509,0,0,0
30-Dec-2025,5626,Put,5100,0,0,30.509,0,0,0
30-Dec-2025,5626,Put,5700,0,0,30.509,0,0,0
28-Oct-2025,5626,Call,4400,0,0,30.509,0,25,0
30-Dec-2025,5626,Call,6200,0,0,30.509,0,0,0
30-Dec-2025,5626,Put,6000,0,0,30.509,0,0,0
28-Oct-2025,5626,Put,6100,0,0,30.509,0,0,0
30-Dec-2025,5626,Call,5800,0,0,30.509,0,0,0
30-Dec-2025,5626,Call,5500,0,0,30.509,0,0,0
25-Nov-2025,5626,Put,4700,0,0,30.509,0,0,0
28-Oct-2025,5626,Call,5250,0,0,30.509,0,38,0
28-Oct-2025,5626,Call,4600,0,0,30.509,0,1,0
25-Nov-2025,5626,Call,5050,0,0,30.509,0,0,0
28-Oct-2025,5626,Put,6400,0,0,30.509,0,0,0
30-Dec-2025,5626,Put,5800,0,0,30.509,0,0,0
30-Dec-2025,5626,Put,5900,0,0,30.509,0,0,0
25-Nov-2025,5626,Call,5150,0,0,30.509,0,0,0
25-Nov-2025,5626,Put,6100,0,0,30.509,0,0,0
25-Nov-2025,5626,Call,4600,0,0,30.509,0,5,0
30-Dec-2025,5626,Put,5500,0,0,30.509,0,0,0
25-Nov-2025,5626,Put,6150,0,0,30.509,0,0,0
25-Nov-2025,5626,Call,5000,0,0,30.509,0,4,0
25-Nov-2025,5626,Call,5300,0,0,30.509,0,0,0
30-Dec-2025,5626,Put,5400,0,0,30.509,0,0,0
28-Oct-2025,5626,Put,5900,0,0,30.509,0,0,0
25-Nov-2025,5626,Put,4900,0,0,30.509,0,0,0
30-Dec-2025,5626,Call,5600,0,0,30.509,0,2,0
25-Nov-2025,5626,Put,6050,0,0,30.509,0,0,0
30-Dec-2025,5626,Put,5300,0,0,30.509,0,0,0
25-Nov-2025,5626,Put,6400,0,0,30.509,0,0,0
25-Nov-2025,5626,Call,5250,0,0,30.509,0,0,0
30-Dec-2025,5626,Call,5700,0,0,30.509,0,0,0
30-Dec-2025,5626,Call,6100,0,0,30.509,0,0,0
30-Dec-2025,5626,Put,5600,0,0,30.509,0,0,0
25-Nov-2025,5626,Call,5450,0,0,30.509,0,0,0
25-Nov-2025,5626,Call,6150,0,0,30.509,0,1,0
30-Dec-2025,5626,Put,4600,0,0,0,0,0,0
30-Dec-2025,5626,Call,6000,0,0,30.509,0,0,0
30-Dec-2025,5626,Call,5900,0,0,30.509,0,0,0
