28-Oct-2025,795.6,-,0,795.7,0,32.9626,121,38718,2431
28-Oct-2025,795.6,Call,800,6.8,22.69,32.9626,77,2571,2053
25-Nov-2025,795.6,-,0,800,0,32.9626,925,9474,1648
28-Oct-2025,795.6,Call,790,11.85,19.93,32.9626,-39,949,1091
28-Oct-2025,795.6,Put,780,3.45,26.15,32.9626,97,936,956
28-Oct-2025,795.6,Call,810,3.55,22.57,32.9626,-18,920,783
28-Oct-2025,795.6,Call,780,18.95,21.61,32.9626,-123,1257,738
28-Oct-2025,795.6,Put,790,6.35,26.37,32.9626,118,521,559
28-Oct-2025,795.6,Put,770,1.9,28.02,32.9626,21,760,550
28-Oct-2025,795.6,Call,820,1.75,24.34,32.9626,10,595,420
28-Oct-2025,795.6,Put,760,1.15,30.18,32.9626,-7,729,290
28-Oct-2025,795.6,Put,750,0.85,33.63,32.9626,-33,1171,257
28-Oct-2025,795.6,Call,770,27.45,0,32.9626,-28,708,193
28-Oct-2025,795.6,Call,830,0.9,25.11,32.9626,8,506,190
28-Oct-2025,795.6,Put,800,11.25,27.44,32.9626,-5,143,167
25-Nov-2025,795.6,Call,800,25,24.21,32.9626,23,250,135
28-Oct-2025,795.6,Put,740,0.55,36.77,32.9626,-13,415,114
28-Oct-2025,795.6,Call,840,0.5,27.22,32.9626,17,555,90
28-Oct-2025,795.6,Call,850,0.4,29.96,32.9626,16,296,70
28-Oct-2025,795.6,Call,760,36.8,0,32.9626,-17,479,59
25-Nov-2025,795.6,Call,790,29.65,24.58,32.9626,-4,53,51
28-Oct-2025,795.6,Put,700,0.2,49.59,32.9626,-1,816,46
25-Nov-2025,795.6,Put,780,15.7,27.08,32.9626,6,88,41
28-Oct-2025,795.6,Put,810,18.25,29.5,32.9626,10,42,37
25-Nov-2025,795.6,Put,750,7.25,27.54,32.9626,15,86,37
25-Nov-2025,795.6,Call,820,16.7,24.87,32.9626,-1,92,36
28-Oct-2025,795.6,Call,750,45.95,0,32.9626,-3,550,34
25-Nov-2025,795.6,Call,850,8.35,25.57,32.9626,1,93,28
30-Dec-2025,795.6,-,0,801.6,0,32.9626,-2,132,26
28-Oct-2025,795.6,Call,700,93.85,0,32.9626,-6,109,26
28-Oct-2025,795.6,Put,720,0.35,42.5,32.9626,-2,429,24
25-Nov-2025,795.6,Put,800,25.4,27.89,32.9626,4,218,24
25-Nov-2025,795.6,Call,780,36,23.52,32.9626,-7,84,24
25-Nov-2025,795.6,Put,790,19.9,27.29,32.9626,10,25,20
25-Nov-2025,795.6,Put,730,4.15,27.93,32.9626,-1,150,19
28-Oct-2025,795.6,Put,730,0.45,40.12,32.9626,-8,398,17
28-Oct-2025,795.6,Put,830,37.45,39.32,32.9626,8,25,16
25-Nov-2025,795.6,Put,760,9.4,27.05,32.9626,0,79,16
25-Nov-2025,795.6,Call,810,20.75,24.51,32.9626,4,34,15
25-Nov-2025,795.6,Call,830,13,25.03,32.9626,4,41,13
25-Nov-2025,795.6,Call,840,10.6,25.68,32.9626,2,25,12
28-Oct-2025,795.6,Put,820,27.65,32.69,32.9626,-2,39,11
28-Oct-2025,795.6,Put,710,0.25,46.24,32.9626,-2,229,11
25-Nov-2025,795.6,Put,740,5.55,27.63,32.9626,-1,78,11
28-Oct-2025,795.6,Call,860,0.2,31.43,32.9626,0,652,10
25-Nov-2025,795.6,Call,770,42,23.98,32.9626,-4,28,7
25-Nov-2025,795.6,Call,900,2.5,27.19,32.9626,4,48,7
25-Nov-2025,795.6,Put,810,30.3,27.71,32.9626,2,6,6
28-Oct-2025,795.6,Call,730,64.75,0,32.9626,-2,130,5
28-Oct-2025,795.6,Call,880,0.05,33.08,32.9626,-4,477,5
25-Nov-2025,795.6,Put,720,3.1,28.58,32.9626,-3,39,4
25-Nov-2025,795.6,Call,760,48.9,23.44,32.9626,-1,46,4
28-Oct-2025,795.6,Put,680,0.05,50.42,32.9626,0,375,3
25-Nov-2025,795.6,Call,880,4.1,26.01,32.9626,2,33,3
28-Oct-2025,795.6,Put,850,61.9,70.32,32.9626,0,47,2
28-Oct-2025,795.6,Put,900,106,86.67,32.9626,-1,4,2
25-Nov-2025,795.6,Put,700,2.75,32.71,32.9626,0,219,2
25-Nov-2025,795.6,Put,680,0.65,30.8,32.9626,0,53,2
28-Oct-2025,795.6,Call,720,74.9,0,32.9626,0,73,2
25-Nov-2025,795.6,Put,770,12.55,27.23,32.9626,0,46,1
25-Nov-2025,795.6,Call,740,65,23.09,32.9626,0,0,1
25-Nov-2025,795.6,Put,900,100,29.06,32.9626,0,0,1
28-Oct-2025,795.6,Call,600,0,0,32.9626,0,2,0
28-Oct-2025,795.6,Call,620,0,0,32.9626,0,1,0
28-Oct-2025,795.6,Put,690,0,0,32.9626,0,294,0
28-Oct-2025,795.6,Call,690,0,0,32.9626,0,18,0
28-Oct-2025,795.6,Put,880,0,0,32.9626,0,0,0
28-Oct-2025,795.6,Call,650,0,0,32.9626,0,15,0
28-Oct-2025,795.6,Call,670,0,0,32.9626,0,15,0
28-Oct-2025,795.6,Put,650,0,0,32.9626,0,114,0
28-Oct-2025,795.6,Call,640,0,0,32.9626,0,0,0
28-Oct-2025,795.6,Call,740,0,0,32.9626,0,94,0
28-Oct-2025,795.6,Put,860,0,0,32.9626,0,15,0
28-Oct-2025,795.6,Put,600,0,0,32.9626,0,33,0
28-Oct-2025,795.6,Put,840,0,0,32.9626,0,35,0
28-Oct-2025,795.6,Put,670,0,0,32.9626,0,83,0
28-Oct-2025,795.6,Call,870,0,0,32.9626,0,0,0
28-Oct-2025,795.6,Call,710,0,0,32.9626,0,37,0
25-Nov-2025,795.6,Put,710,0,0,32.9626,0,68,0
25-Nov-2025,795.6,Put,660,0,0,32.9626,0,15,0
28-Oct-2025,795.6,Call,680,0,0,32.9626,0,15,0
25-Nov-2025,795.6,Call,730,0,0,32.9626,0,0,0
25-Nov-2025,795.6,Put,850,0,0,32.9626,0,3,0
28-Oct-2025,795.6,Call,900,0,0,32.9626,0,53,0
28-Oct-2025,795.6,Put,870,0,0,32.9626,0,0,0
25-Nov-2025,795.6,Call,700,0,0,32.9626,0,3,0
28-Oct-2025,795.6,Call,660,0,0,32.9626,0,23,0
30-Dec-2025,795.6,Call,860,0,0,32.9626,0,0,0
30-Dec-2025,795.6,Call,780,0,0,32.9626,0,0,0
28-Oct-2025,795.6,Put,660,0,0,32.9626,0,24,0
30-Dec-2025,795.6,Put,680,0,0,32.9626,0,0,0
30-Dec-2025,795.6,Put,720,0,0,32.9626,0,0,0
25-Nov-2025,795.6,Call,680,0,0,32.9626,0,3,0
30-Dec-2025,795.6,Put,760,0,0,32.9626,0,0,0
30-Dec-2025,795.6,Put,640,0,0,32.9626,0,0,0
30-Dec-2025,795.6,Call,800,0,0,32.9626,0,0,0
30-Dec-2025,795.6,Call,880,0,0,32.9626,0,0,0
25-Nov-2025,795.6,Put,830,0,0,32.9626,0,0,0
28-Oct-2025,795.6,Put,640,0,0,32.9626,0,0,0
30-Dec-2025,795.6,Put,800,0,0,32.9626,0,0,0
30-Dec-2025,795.6,Call,840,0,0,32.9626,0,0,0
25-Nov-2025,795.6,Put,840,0,0,32.9626,0,0,0
30-Dec-2025,795.6,Put,820,0,0,32.9626,0,0,0
25-Nov-2025,795.6,Put,870,0,0,32.9626,0,0,0
30-Dec-2025,795.6,Call,820,0,0,32.9626,0,4,0
25-Nov-2025,795.6,Put,690,0,0,32.9626,0,10,0
25-Nov-2025,795.6,Call,860,0,0,32.9626,0,22,0
25-Nov-2025,795.6,Put,820,0,0,32.9626,0,37,0
25-Nov-2025,795.6,Call,750,0,0,32.9626,0,15,0
25-Nov-2025,795.6,Put,880,0,0,32.9626,0,0,0
25-Nov-2025,795.6,Call,640,0,0,32.9626,0,0,0
25-Nov-2025,795.6,Call,710,0,0,32.9626,0,0,0
25-Nov-2025,795.6,Call,690,0,0,32.9626,0,1,0
25-Nov-2025,795.6,Call,720,0,0,32.9626,0,4,0
25-Nov-2025,795.6,Put,640,0,0,32.9626,0,0,0
25-Nov-2025,795.6,Call,660,0,0,32.9626,0,0,0
30-Dec-2025,795.6,Put,700,0,0,32.9626,0,0,0
25-Nov-2025,795.6,Call,870,0,0,32.9626,0,0,0
28-Oct-2025,795.6,Put,620,0,0,32.9626,0,18,0
25-Nov-2025,795.6,Put,860,0,0,32.9626,0,0,0
30-Dec-2025,795.6,Put,740,0,0,32.9626,0,0,0
30-Dec-2025,795.6,Put,780,0,0,32.9626,0,3,0
