28-Oct-2025,796.2,-,0,797.5,0,32.9626,-1362,37235,8480
25-Nov-2025,796.2,-,0,801.85,0,32.9626,5973,14522,7122
28-Oct-2025,796.2,Call,800,6.65,20.54,32.9626,-247,2247,4266
28-Oct-2025,796.2,Put,780,2.4,23.06,32.9626,188,1027,2315
28-Oct-2025,796.2,Call,810,3.25,21.06,32.9626,1,939,2039
28-Oct-2025,796.2,Call,790,11.8,19.89,32.9626,-137,851,1760
28-Oct-2025,796.2,Put,790,5,22.04,32.9626,272,675,1441
28-Oct-2025,796.2,Call,820,1.5,21.88,32.9626,82,667,1368
28-Oct-2025,796.2,Put,770,1.3,24.69,32.9626,118,857,1255
28-Oct-2025,796.2,Call,780,19.4,19.94,32.9626,-260,1120,1137
28-Oct-2025,796.2,Put,760,0.85,28.56,32.9626,-41,695,806
28-Oct-2025,796.2,Put,750,0.7,32.55,32.9626,-66,1138,614
28-Oct-2025,796.2,Put,800,9.35,22.28,32.9626,70,218,564
28-Oct-2025,796.2,Call,830,0.7,23.11,32.9626,-1,497,412
28-Oct-2025,796.2,Put,730,0.45,41.62,32.9626,-27,379,345
28-Oct-2025,796.2,Call,770,28.2,20.23,32.9626,-63,673,322
25-Nov-2025,796.2,Call,800,25.15,24.34,32.9626,52,279,295
28-Oct-2025,796.2,Put,740,0.55,36.28,32.9626,-19,409,278
28-Oct-2025,796.2,Call,840,0.4,25.87,32.9626,23,561,178
25-Nov-2025,796.2,Put,790,18.5,26.94,32.9626,42,57,153
28-Oct-2025,796.2,Call,860,0.15,29.5,32.9626,2,654,147
28-Oct-2025,796.2,Call,850,0.3,28.45,32.9626,3,283,125
25-Nov-2025,796.2,Put,750,6.65,26.84,32.9626,50,121,120
28-Oct-2025,796.2,Call,760,38.1,0,32.9626,-48,448,111
28-Oct-2025,796.2,Put,700,0.25,51.81,32.9626,-73,744,106
25-Nov-2025,796.2,Put,780,14.95,26.32,32.9626,29,111,104
25-Nov-2025,796.2,Put,800,23.5,26.49,32.9626,24,238,101
25-Nov-2025,796.2,Call,850,8.4,25.27,32.9626,33,125,91
25-Nov-2025,796.2,Call,820,16.8,24.57,32.9626,14,107,90
25-Nov-2025,796.2,Call,790,30.25,24.43,32.9626,-5,52,87
28-Oct-2025,796.2,Put,720,0.35,44.25,32.9626,-27,404,85
28-Oct-2025,796.2,Call,750,48,0,32.9626,-16,537,83
28-Oct-2025,796.2,Put,810,15.95,23.77,32.9626,13,45,82
30-Dec-2025,796.2,-,0,806,0,32.9626,10,144,64
25-Nov-2025,796.2,Call,810,20.8,24.22,32.9626,29,59,57
28-Oct-2025,796.2,Put,680,0.05,50.97,32.9626,0,375,54
25-Nov-2025,796.2,Put,770,11.4,26.86,32.9626,28,74,46
25-Nov-2025,796.2,Put,740,5.2,27.43,32.9626,2,81,46
25-Nov-2025,796.2,Call,780,36.4,23.24,32.9626,-11,80,43
25-Nov-2025,796.2,Put,760,8.9,26.73,32.9626,17,96,41
25-Nov-2025,796.2,Call,830,13.45,24.59,32.9626,31,68,40
25-Nov-2025,796.2,Put,730,3.9,27.79,32.9626,3,154,33
25-Nov-2025,796.2,Call,840,10.5,24.88,32.9626,13,36,31
28-Oct-2025,796.2,Call,730,67.5,0,32.9626,-8,124,30
25-Nov-2025,796.2,Put,700,1.6,29.58,32.9626,-1,218,30
25-Nov-2025,796.2,Put,820,34.5,26.7,32.9626,3,40,30
28-Oct-2025,796.2,Call,700,94.85,0,32.9626,-10,105,27
28-Oct-2025,796.2,Put,830,34.05,30.16,32.9626,5,22,27
28-Oct-2025,796.2,Put,820,25.25,28.37,32.9626,-4,37,26
25-Nov-2025,796.2,Call,900,2.4,26.57,32.9626,5,49,26
25-Nov-2025,796.2,Put,710,2.1,28.49,32.9626,-8,60,24
28-Oct-2025,796.2,Put,710,0.25,46.91,32.9626,-12,219,23
25-Nov-2025,796.2,Call,880,4,26.01,32.9626,8,39,17
25-Nov-2025,796.2,Call,760,50.15,23.47,32.9626,-3,44,16
25-Nov-2025,796.2,Put,720,2.75,27.79,32.9626,-5,37,12
25-Nov-2025,796.2,Call,770,40.5,20.5,32.9626,-4,28,11
28-Oct-2025,796.2,Call,880,0.05,32.51,32.9626,-5,476,10
28-Oct-2025,796.2,Call,740,57.45,0,32.9626,-3,91,8
28-Oct-2025,796.2,Put,840,45.3,42.46,32.9626,0,35,8
25-Nov-2025,796.2,Put,810,29,26.99,32.9626,3,7,8
25-Nov-2025,796.2,Put,850,57.5,29.69,32.9626,-1,2,8
28-Oct-2025,796.2,Put,690,0.15,53.02,32.9626,-2,292,5
28-Oct-2025,796.2,Call,720,74.75,0,32.9626,-2,71,4
28-Oct-2025,796.2,Put,850,55.9,51.61,32.9626,-1,46,4
30-Dec-2025,796.2,Put,780,20,24.74,32.9626,0,3,4
28-Oct-2025,796.2,Put,900,105.6,79,32.9626,-1,4,3
25-Nov-2025,796.2,Put,900,101,33.89,32.9626,2,2,3
25-Nov-2025,796.2,Call,860,6.6,25.52,32.9626,1,23,3
25-Nov-2025,796.2,Put,680,0.65,28.86,32.9626,1,54,2
28-Oct-2025,796.2,Put,600,0.1,92.62,32.9626,0,33,1
25-Nov-2025,796.2,Call,740,65,19.63,32.9626,0,0,1
28-Oct-2025,796.2,Call,870,0,0,32.9626,0,0,0
28-Oct-2025,796.2,Put,860,0,0,32.9626,0,15,0
28-Oct-2025,796.2,Put,660,0,0,32.9626,0,24,0
28-Oct-2025,796.2,Put,870,0,0,32.9626,0,0,0
28-Oct-2025,796.2,Call,680,0,0,32.9626,0,15,0
28-Oct-2025,796.2,Call,660,0,0,32.9626,0,23,0
28-Oct-2025,796.2,Put,620,0,0,32.9626,0,18,0
28-Oct-2025,796.2,Put,640,0,0,32.9626,0,0,0
28-Oct-2025,796.2,Call,710,0,0,32.9626,0,37,0
28-Oct-2025,796.2,Call,690,0,0,32.9626,0,18,0
28-Oct-2025,796.2,Call,620,0,0,32.9626,0,1,0
28-Oct-2025,796.2,Put,650,0,0,32.9626,0,114,0
28-Oct-2025,796.2,Call,640,0,0,32.9626,0,0,0
28-Oct-2025,796.2,Call,600,0,0,32.9626,0,2,0
28-Oct-2025,796.2,Put,670,0,0,32.9626,0,83,0
28-Oct-2025,796.2,Put,880,0,0,32.9626,0,0,0
28-Oct-2025,796.2,Call,900,0,0,32.9626,0,53,0
25-Nov-2025,796.2,Call,870,0,0,32.9626,0,0,0
28-Oct-2025,796.2,Call,670,0,0,32.9626,0,15,0
28-Oct-2025,796.2,Call,650,0,0,32.9626,0,15,0
25-Nov-2025,796.2,Call,690,0,0,32.9626,0,1,0
25-Nov-2025,796.2,Put,860,0,0,32.9626,0,0,0
25-Nov-2025,796.2,Call,710,0,0,32.9626,0,0,0
25-Nov-2025,796.2,Call,750,0,0,32.9626,0,15,0
25-Nov-2025,796.2,Put,830,0,0,32.9626,0,0,0
25-Nov-2025,796.2,Put,640,0,0,32.9626,0,0,0
25-Nov-2025,796.2,Put,660,0,0,32.9626,0,15,0
25-Nov-2025,796.2,Put,880,0,0,32.9626,0,0,0
25-Nov-2025,796.2,Call,730,0,0,32.9626,0,0,0
25-Nov-2025,796.2,Put,840,0,0,32.9626,0,0,0
25-Nov-2025,796.2,Put,870,0,0,32.9626,0,0,0
25-Nov-2025,796.2,Call,660,0,0,32.9626,0,0,0
25-Nov-2025,796.2,Call,700,0,0,32.9626,0,3,0
25-Nov-2025,796.2,Call,680,0,0,32.9626,0,3,0
25-Nov-2025,796.2,Call,720,0,0,32.9626,0,4,0
25-Nov-2025,796.2,Put,690,0,0,32.9626,0,10,0
25-Nov-2025,796.2,Call,640,0,0,32.9626,0,0,0
30-Dec-2025,796.2,Put,740,0,0,32.9626,0,0,0
30-Dec-2025,796.2,Call,860,0,0,32.9626,0,0,0
30-Dec-2025,796.2,Call,880,0,0,32.9626,0,0,0
30-Dec-2025,796.2,Put,840,0,0,0,0,0,0
30-Dec-2025,796.2,Put,680,0,0,32.9626,0,0,0
30-Dec-2025,796.2,Put,640,0,0,32.9626,0,0,0
30-Dec-2025,796.2,Call,820,0,0,32.9626,0,4,0
30-Dec-2025,796.2,Call,840,0,0,32.9626,0,0,0
30-Dec-2025,796.2,Put,820,0,0,32.9626,0,0,0
30-Dec-2025,796.2,Put,760,0,0,32.9626,0,0,0
30-Dec-2025,796.2,Call,780,0,0,32.9626,0,0,0
30-Dec-2025,796.2,Call,800,0,0,32.9626,0,0,0
30-Dec-2025,796.2,Put,700,0,0,32.9626,0,0,0
30-Dec-2025,796.2,Put,720,0,0,32.9626,0,0,0
30-Dec-2025,796.2,Put,800,0,0,32.9626,0,0,0
