28-Oct-2025,1541.3,Call,1560,7.75,20.15,29.2803,4172,39267,111767
28-Oct-2025,1541.3,Call,1540,11.15,13.16,29.2803,3129,11102,91557
28-Oct-2025,1541.3,Call,1520,18.3,0,29.2803,-2110,4798,67088
28-Oct-2025,1541.3,-,0,1524.3,0,29.2803,-12685,95717,62399
28-Oct-2025,1541.3,Call,1500,30.75,0,29.2803,-13114,5952,59098
28-Oct-2025,1541.3,Call,1600,3,26.23,29.2803,-953,5322,44157
28-Oct-2025,1541.3,Call,1580,4.85,23.71,29.2803,3116,9251,39844
25-Nov-2025,1541.3,-,0,1523,0,29.2803,11845,79682,37183
28-Oct-2025,1541.3,Put,1500,7.05,31.35,29.2803,1658,6251,34219
28-Oct-2025,1541.3,Call,1480,47.2,0,29.2803,-7390,3830,24906
28-Oct-2025,1541.3,Put,1480,3.65,31.36,29.2803,1123,4171,23224
28-Oct-2025,1541.3,Put,1520,14.3,34.13,29.2803,2565,3831,22104
28-Oct-2025,1541.3,Put,1460,2.15,33.4,29.2803,605,4544,22022
28-Oct-2025,1541.3,Call,1620,1.9,29,29.2803,1226,3479,14477
28-Oct-2025,1541.3,Call,1460,65.6,0,29.2803,-5286,4852,13838
25-Nov-2025,1541.3,Call,1600,16,17.95,29.2803,-834,4478,13030
25-Nov-2025,1541.3,Call,1500,53.65,0,29.2803,-2771,3673,10691
28-Oct-2025,1541.3,Put,1440,1.4,36.42,29.2803,-649,4721,10294
28-Oct-2025,1541.3,Put,1420,1,39.75,29.2803,-1215,4544,10202
28-Oct-2025,1541.3,Put,1540,27.45,40.21,29.2803,894,1501,10106
25-Nov-2025,1541.3,Call,1540,34.05,14.19,29.2803,1524,2666,9369
28-Oct-2025,1541.3,Call,1640,1.3,31.75,29.2803,992,2628,9173
28-Oct-2025,1541.3,Put,1400,0.75,43.25,29.2803,-777,4768,8707
25-Nov-2025,1541.3,Call,1520,43.1,11.39,29.2803,33,1405,7915
25-Nov-2025,1541.3,Call,1560,26.5,15.61,29.2803,1042,2544,7065
28-Oct-2025,1541.3,Put,1380,0.45,45.21,29.2803,-627,2102,4899
25-Nov-2025,1541.3,Put,1400,6.85,28.53,29.2803,-525,1441,4481
28-Oct-2025,1541.3,Call,1440,85.5,0,29.2803,-1764,3018,4175
28-Oct-2025,1541.3,Call,1660,0.75,33.25,29.2803,698,2237,4165
25-Nov-2025,1541.3,Put,1500,30.3,29.1,29.2803,786,2081,4090
28-Oct-2025,1541.3,Call,1700,0.35,38.57,29.2803,421,2048,3751
25-Nov-2025,1541.3,Call,1580,20.45,16.73,29.2803,501,1000,3385
25-Nov-2025,1541.3,Call,1620,12.3,18.77,29.2803,714,1115,3345
25-Nov-2025,1541.3,Put,1440,12.4,28.11,29.2803,259,1516,3069
25-Nov-2025,1541.3,Put,1460,16.75,27.94,29.2803,-13,1035,3067
25-Nov-2025,1541.3,Call,1480,66,0,29.2803,-874,1039,3030
25-Nov-2025,1541.3,Call,1460,80,0,29.2803,-1035,1087,2956
28-Oct-2025,1541.3,Put,1360,0.35,47.87,29.2803,-1227,1463,2507
28-Oct-2025,1541.3,Put,1560,43.9,48.11,29.2803,289,915,2235
28-Oct-2025,1541.3,Put,1300,0.2,61.49,29.2803,-640,3076,2080
25-Nov-2025,1541.3,Put,1420,9.3,28.25,29.2803,353,938,2017
28-Oct-2025,1541.3,Put,1340,0.2,50.57,29.2803,-577,2278,2009
30-Dec-2025,1541.3,-,0,1523.5,0,29.2803,44,2682,1913
25-Nov-2025,1541.3,Call,1440,95.75,0,29.2803,-601,1151,1847
28-Oct-2025,1541.3,Call,1680,0.55,35.71,29.2803,172,758,1752
25-Nov-2025,1541.3,Put,1520,39.4,30,29.2803,686,794,1678
25-Nov-2025,1541.3,Put,1480,22.5,28.32,29.2803,38,665,1665
25-Nov-2025,1541.3,Call,1640,9.2,19.54,29.2803,284,696,1525
28-Oct-2025,1541.3,Call,1420,104.6,0,29.2803,-361,1410,1484
25-Nov-2025,1541.3,Call,1680,5.4,20.97,29.2803,223,471,1471
25-Nov-2025,1541.3,Put,1380,5.05,29.08,29.2803,-81,597,1418
25-Nov-2025,1541.3,Put,1300,1.85,32.69,29.2803,-362,1008,1368
28-Oct-2025,1541.3,Put,1580,61,55.36,29.2803,539,716,1300
25-Nov-2025,1541.3,Call,1660,6.95,20.19,29.2803,115,285,1219
25-Nov-2025,1541.3,Put,1540,50.5,31.37,29.2803,385,443,1113
25-Nov-2025,1541.3,Put,1360,3.9,29.83,29.2803,-346,392,1112
28-Oct-2025,1541.3,Call,1400,123.05,0,29.2803,-183,1186,1091
25-Nov-2025,1541.3,Call,1760,2.05,24.04,29.2803,301,518,1055
25-Nov-2025,1541.3,Call,1720,3.3,22.56,29.2803,194,301,904
28-Oct-2025,1541.3,Put,1320,0.2,55.34,29.2803,-342,744,821
25-Nov-2025,1541.3,Put,1600,91.4,36.17,29.2803,173,631,814
25-Nov-2025,1541.3,Put,1340,2.95,30.64,29.2803,-128,348,698
25-Nov-2025,1541.3,Call,1400,128.55,0,29.2803,-509,533,695
28-Oct-2025,1541.3,Call,1720,0.2,38.84,29.2803,38,287,569
28-Oct-2025,1541.3,Put,1600,78.45,64.02,29.2803,-228,542,559
28-Oct-2025,1541.3,Put,1280,0.1,61.35,29.2803,-137,858,491
25-Nov-2025,1541.3,Put,1320,2.35,31.44,29.2803,-199,227,468
25-Nov-2025,1541.3,Put,1560,62.85,33.06,29.2803,121,235,452
30-Dec-2025,1541.3,Call,1600,28,15.41,29.2803,2,376,449
28-Oct-2025,1541.3,Put,1240,0.1,67.85,29.2803,-270,367,432
28-Oct-2025,1541.3,Call,1760,0.25,47.13,29.2803,14,552,349
25-Nov-2025,1541.3,Put,1580,75.8,34.69,29.2803,33,107,289
25-Nov-2025,1541.3,Call,1420,108.65,0,29.2803,-104,145,272
25-Nov-2025,1541.3,Call,1300,224.2,0,29.2803,-156,123,256
25-Nov-2025,1541.3,Put,1280,1.45,33.29,29.2803,-75,255,215
25-Nov-2025,1541.3,Put,1720,200.45,49.8,29.2803,172,250,209
25-Nov-2025,1541.3,Put,1240,1,35.99,29.2803,-41,185,205
28-Oct-2025,1541.3,Call,1800,0.15,51.01,29.2803,-6,336,196
28-Oct-2025,1541.3,Put,1200,0.1,77.12,29.2803,-39,647,173
30-Dec-2025,1541.3,Call,1520,57,10.07,29.2803,6,131,170
28-Oct-2025,1541.3,Put,1700,177,95.98,29.2803,-151,198,169
30-Dec-2025,1541.3,Put,1400,14.55,26.99,29.2803,-23,109,130
25-Nov-2025,1541.3,Call,1360,166.2,0,29.2803,-37,120,129
25-Nov-2025,1541.3,Put,1760,237.8,53.86,29.2803,92,186,123
28-Oct-2025,1541.3,Put,1620,98.55,68.39,29.2803,-36,55,121
25-Nov-2025,1541.3,Put,1200,0.9,39.9,29.2803,-11,117,114
30-Dec-2025,1541.3,Call,1480,78,0,29.2803,-38,71,74
28-Oct-2025,1541.3,Put,1800,277,127.94,29.2803,-62,276,64
28-Oct-2025,1541.3,Put,1720,197.45,103.67,29.2803,-39,63,55
28-Oct-2025,1541.3,Put,1760,236,113.6,29.2803,-2,437,32
25-Nov-2025,1541.3,Call,1340,185.3,0,29.2803,15,52,32
28-Oct-2025,1541.3,Call,1360,162.05,0,29.2803,-7,204,31
30-Dec-2025,1541.3,Call,1640,18.25,16.5,29.2803,8,43,30
30-Dec-2025,1541.3,Put,1520,55,29.38,29.2803,10,88,30
30-Dec-2025,1541.3,Put,1440,24.3,27.63,29.2803,7,23,28
25-Nov-2025,1541.3,Put,1620,108,37.4,29.2803,17,26,27
28-Oct-2025,1541.3,Call,1380,143,0,29.2803,-6,318,25
25-Nov-2025,1541.3,Put,1640,125,40.56,29.2803,11,47,22
28-Oct-2025,1541.3,Call,1300,220.4,0,29.2803,-1,117,21
28-Oct-2025,1541.3,Put,1680,155,85.13,29.2803,-10,10,20
30-Dec-2025,1541.3,Put,1360,8.55,26.73,29.2803,-6,14,20
28-Oct-2025,1541.3,Call,1340,179.1,0,29.2803,-3,97,19
30-Dec-2025,1541.3,Call,1680,13,18.06,29.2803,5,33,19
30-Dec-2025,1541.3,Put,1320,6,28.22,29.2803,-12,54,18
25-Nov-2025,1541.3,Put,1680,160,43.32,29.2803,13,19,15
28-Oct-2025,1541.3,Put,1640,117.75,75.22,29.2803,-5,48,14
30-Dec-2025,1541.3,Put,1480,34.6,27.09,29.2803,8,8,12
28-Oct-2025,1541.3,Put,1660,137.95,83.3,29.2803,-1,47,9
28-Oct-2025,1541.3,Call,1280,246.5,0,29.2803,-3,50,6
30-Dec-2025,1541.3,Put,1280,3.6,28.68,29.2803,-2,82,6
25-Nov-2025,1541.3,Put,1660,158,50.59,29.2803,0,0,1
28-Oct-2025,1541.3,Call,1240,0,0,29.2803,0,2,0
28-Oct-2025,1541.3,Call,1200,0,0,29.2803,0,3,0
28-Oct-2025,1541.3,Call,1320,0,0,29.2803,0,153,0
25-Nov-2025,1541.3,Call,1200,0,0,29.2803,0,0,0
25-Nov-2025,1541.3,Call,1320,0,0,29.2803,0,2,0
25-Nov-2025,1541.3,Call,1240,0,0,29.2803,0,0,0
25-Nov-2025,1541.3,Call,1280,0,0,29.2803,0,0,0
25-Nov-2025,1541.3,Call,1380,0,0,29.2803,0,0,0
30-Dec-2025,1541.3,Put,1560,0,0,29.2803,0,0,0
30-Dec-2025,1541.3,Call,1560,0,0,29.2803,0,0,0
30-Dec-2025,1541.3,Put,1600,0,0,29.2803,0,0,0
30-Dec-2025,1541.3,Call,1760,0,0,29.2803,0,0,0
30-Dec-2025,1541.3,Call,1400,0,0,29.2803,0,0,0
30-Dec-2025,1541.3,Put,1760,0,0,29.2803,0,0,0
30-Dec-2025,1541.3,Put,1680,0,0,29.2803,0,0,0
30-Dec-2025,1541.3,Put,1200,0,0,29.2803,0,0,0
