28-Oct-2025,2236.6,-,0,2238.4,0,27.4327,4534,77475,18690
25-Nov-2025,2236.6,-,0,2251.7,0,27.4327,10492,15452,12817
28-Oct-2025,2236.6,Call,2240,29.2,27.88,27.4327,38,1967,7135
28-Oct-2025,2236.6,Call,2300,9.25,28.72,27.4327,-78,1802,5931
28-Oct-2025,2236.6,Call,2260,20.5,28.27,27.4327,69,1798,5529
28-Oct-2025,2236.6,Put,2200,16,30.18,27.4327,377,2050,4976
28-Oct-2025,2236.6,Call,2220,40.05,27.68,27.4327,-148,1049,4413
28-Oct-2025,2236.6,Call,2280,14.05,28.24,27.4327,88,1240,3939
28-Oct-2025,2236.6,Call,2200,52.3,26.15,27.4327,-225,1643,3605
28-Oct-2025,2236.6,Put,2220,22.2,31.14,27.4327,387,873,3349
28-Oct-2025,2236.6,Put,2240,31.35,31.39,27.4327,498,803,2326
28-Oct-2025,2236.6,Put,2180,11,30.98,27.4327,232,1065,2202
28-Oct-2025,2236.6,Put,2100,2.6,35.88,27.4327,58,3761,2038
28-Oct-2025,2236.6,Put,2160,7.7,31.96,27.4327,133,1411,1962
28-Oct-2025,2236.6,Put,2140,5.3,33.37,27.4327,60,1953,1470
28-Oct-2025,2236.6,Put,2120,3.9,34.6,27.4327,333,1898,1402
28-Oct-2025,2236.6,Call,2320,5.3,28.75,27.4327,138,716,1327
28-Oct-2025,2236.6,Call,2340,3.45,29,27.4327,34,1018,992
28-Oct-2025,2236.6,Put,2080,1.9,37.64,27.4327,-187,920,898
25-Nov-2025,2236.6,Call,2300,37.25,20.67,27.4327,83,455,809
28-Oct-2025,2236.6,Put,2260,45.75,30.53,27.4327,32,254,755
25-Nov-2025,2236.6,Call,2240,62.5,20.86,27.4327,209,374,727
28-Oct-2025,2236.6,Put,2060,1.35,38.97,27.4327,-49,1411,686
28-Oct-2025,2236.6,Call,2180,63.7,24.72,27.4327,-37,761,664
25-Nov-2025,2236.6,Put,2200,38.9,23.87,27.4327,197,421,646
25-Nov-2025,2236.6,Call,2200,85.8,20.58,27.4327,-86,396,515
28-Oct-2025,2236.6,Call,2160,84,28.42,27.4327,-126,935,500
25-Nov-2025,2236.6,Put,2240,55.05,23.37,27.4327,239,304,499
25-Nov-2025,2236.6,Call,2400,13.5,21.71,27.4327,121,298,411
28-Oct-2025,2236.6,Put,2040,1,40.55,27.4327,-44,1489,402
28-Oct-2025,2236.6,Call,2360,2.1,30.06,27.4327,46,475,397
28-Oct-2025,2236.6,Call,2140,103.45,28.6,27.4327,-62,1063,381
25-Nov-2025,2236.6,Put,2100,14.3,24.73,27.4327,141,495,367
28-Oct-2025,2236.6,Put,2000,0.85,47.77,27.4327,-53,1497,345
28-Oct-2025,2236.6,Call,2400,1.3,33.5,27.4327,-38,359,335
25-Nov-2025,2236.6,Put,2000,5.1,26.92,27.4327,107,467,306
25-Nov-2025,2236.6,Put,2160,26,23.88,27.4327,77,200,280
28-Oct-2025,2236.6,Put,2020,0.75,43.79,27.4327,-23,1016,261
25-Nov-2025,2236.6,Call,2220,73.5,20.38,27.4327,65,139,249
28-Oct-2025,2236.6,Call,2380,1.55,30.8,27.4327,28,663,221
25-Nov-2025,2236.6,Call,2260,52,20.96,27.4327,37,123,184
25-Nov-2025,2236.6,Call,2440,9.35,22.04,27.4327,79,167,170
28-Oct-2025,2236.6,Call,2100,137,0,27.4327,-65,2104,168
28-Oct-2025,2236.6,Put,2280,57.9,33.59,27.4327,34,97,168
25-Nov-2025,2236.6,Call,2280,45.65,20.98,27.4327,13,93,121
25-Nov-2025,2236.6,Call,2340,24.8,21.3,27.4327,23,76,121
25-Nov-2025,2236.6,Put,2220,46.35,23.84,27.4327,51,97,107
28-Oct-2025,2236.6,Put,1900,0.55,61.19,27.4327,-69,1473,95
28-Oct-2025,2236.6,Put,2300,75,34.33,27.4327,23,72,94
25-Nov-2025,2236.6,Put,2180,31.8,23.71,27.4327,33,52,93
25-Nov-2025,2236.6,Call,2480,6.7,23.27,27.4327,17,66,90
30-Dec-2025,2236.6,-,0,2259.5,0,27.4327,15,2450,89
25-Nov-2025,2236.6,Put,2060,9.3,25.08,27.4327,27,154,75
28-Oct-2025,2236.6,Call,2420,1.2,35.73,27.4327,63,63,74
28-Oct-2025,2236.6,Put,1980,0.5,49.61,27.4327,-13,611,70
28-Oct-2025,2236.6,Call,2080,155.4,0,27.4327,-19,630,69
28-Oct-2025,2236.6,Call,2060,175,0,27.4327,14,561,64
25-Nov-2025,2236.6,Put,2140,21.1,24.38,27.4327,26,67,64
28-Oct-2025,2236.6,Call,2000,233,0,27.4327,-37,688,60
28-Oct-2025,2236.6,Put,2340,111.1,38.65,27.4327,24,40,60
25-Nov-2025,2236.6,Call,2380,17,21.69,27.4327,17,101,60
28-Oct-2025,2236.6,Call,2040,198.5,0,27.4327,-38,390,58
25-Nov-2025,2236.6,Call,2100,159.3,19.91,27.4327,43,121,56
25-Nov-2025,2236.6,Put,2080,11.25,24.36,27.4327,35,85,56
28-Oct-2025,2236.6,Put,2320,91.35,35.35,27.4327,21,39,53
28-Oct-2025,2236.6,Put,1920,0.5,58.41,27.4327,-37,162,51
28-Oct-2025,2236.6,Call,2120,116.6,0,27.4327,-7,919,51
25-Nov-2025,2236.6,Put,2300,89.3,23.54,27.4327,23,47,49
25-Nov-2025,2236.6,Call,2360,20.3,21.79,27.4327,16,67,49
25-Nov-2025,2236.6,Put,2040,7.4,25.51,27.4327,20,24,46
28-Oct-2025,2236.6,Put,1960,0.55,50.89,27.4327,-17,319,40
25-Nov-2025,2236.6,Call,2320,31.05,21,27.4327,9,39,30
28-Oct-2025,2236.6,Put,1940,0.55,54.95,27.4327,-15,264,28
25-Nov-2025,2236.6,Call,2420,11.15,22.18,27.4327,23,23,27
28-Oct-2025,2236.6,Call,2020,214.5,0,27.4327,-8,635,14
25-Nov-2025,2236.6,Call,2180,101,20.88,27.4327,5,65,14
25-Nov-2025,2236.6,Put,2280,83.25,26.32,27.4327,6,7,14
28-Oct-2025,2236.6,Put,1800,0.35,74.6,27.4327,8,194,13
25-Nov-2025,2236.6,Put,1840,1.45,32.96,27.4327,-1,20,9
28-Oct-2025,2236.6,Call,2440,1.05,37.96,27.4327,-4,8,8
28-Oct-2025,2236.6,Put,1860,0.4,65.5,27.4327,-1,159,6
25-Nov-2025,2236.6,Call,2160,106,16.02,27.4327,0,9,5
25-Nov-2025,2236.6,Call,2000,251,0,27.4327,2,21,5
25-Nov-2025,2236.6,Call,2140,125.85,18.26,27.4327,1,37,4
25-Nov-2025,2236.6,Put,2360,130.6,24.48,27.4327,1,1,4
25-Nov-2025,2236.6,Put,1880,2,31.52,27.4327,0,3,3
25-Nov-2025,2236.6,Call,2120,139.5,15.58,27.4327,0,5,3
28-Oct-2025,2236.6,Call,1880,358,0,27.4327,0,15,2
25-Nov-2025,2236.6,Call,1880,357,0,27.4327,1,2,2
25-Nov-2025,2236.6,Put,1960,3.5,28.12,27.4327,1,17,2
28-Oct-2025,2236.6,Put,1840,0.45,69.88,27.4327,0,77,1
28-Oct-2025,2236.6,Call,1840,385,0,27.4327,0,6,1
28-Oct-2025,2236.6,Call,1900,338,0,27.4327,0,259,1
25-Nov-2025,2236.6,Put,1900,2.85,31.88,27.4327,0,7,1
25-Nov-2025,2236.6,Call,2040,219.85,23.72,27.4327,0,3,1
25-Nov-2025,2236.6,Call,1920,320,0,27.4327,0,1,1
28-Oct-2025,2236.6,Put,1820,0,0,27.4327,0,45,0
28-Oct-2025,2236.6,Put,2360,0,0,27.4327,0,8,0
28-Oct-2025,2236.6,Put,2380,0,0,27.4327,0,0,0
28-Oct-2025,2236.6,Call,2480,0,0,27.4327,0,0,0
28-Oct-2025,2236.6,Put,2480,0,0,27.4327,0,0,0
28-Oct-2025,2236.6,Put,1720,0,0,27.4327,0,20,0
28-Oct-2025,2236.6,Call,1960,0,0,27.4327,0,181,0
28-Oct-2025,2236.6,Call,1980,0,0,27.4327,0,132,0
28-Oct-2025,2236.6,Call,1940,0,0,27.4327,0,73,0
28-Oct-2025,2236.6,Call,1800,0,0,27.4327,0,3,0
28-Oct-2025,2236.6,Put,1780,0,0,27.4327,0,33,0
28-Oct-2025,2236.6,Put,2440,0,0,27.4327,0,0,0
28-Oct-2025,2236.6,Call,1860,0,0,27.4327,0,0,0
28-Oct-2025,2236.6,Put,2400,0,0,27.4327,0,0,0
28-Oct-2025,2236.6,Put,2420,0,0,27.4327,0,0,0
28-Oct-2025,2236.6,Call,1920,0,0,27.4327,0,41,0
25-Nov-2025,2236.6,Put,2480,0,0,27.4327,0,0,0
25-Nov-2025,2236.6,Call,2020,0,0,27.4327,0,2,0
25-Nov-2025,2236.6,Call,2060,0,0,27.4327,0,7,0
25-Nov-2025,2236.6,Put,2320,0,0,27.4327,0,0,0
25-Nov-2025,2236.6,Put,1920,0,0,27.4327,0,0,0
25-Nov-2025,2236.6,Call,2080,0,0,27.4327,0,5,0
25-Nov-2025,2236.6,Put,2400,0,0,27.4327,0,0,0
25-Nov-2025,2236.6,Call,1960,0,0,27.4327,0,1,0
25-Nov-2025,2236.6,Put,1980,0,0,27.4327,0,0,0
25-Nov-2025,2236.6,Call,1840,0,0,27.4327,0,0,0
25-Nov-2025,2236.6,Put,2120,0,0,27.4327,0,4,0
30-Dec-2025,2236.6,Put,2280,0,0,27.4327,0,0,0
25-Nov-2025,2236.6,Put,2420,0,0,27.4327,0,0,0
25-Nov-2025,2236.6,Call,1940,0,0,27.4327,0,2,0
25-Nov-2025,2236.6,Put,1800,0,0,27.4327,0,0,0
28-Oct-2025,2236.6,Put,1880,0,0,27.4327,0,143,0
25-Nov-2025,2236.6,Put,1940,0,0,27.4327,0,0,0
25-Nov-2025,2236.6,Call,1860,0,0,27.4327,0,0,0
30-Dec-2025,2236.6,Call,2360,0,0,27.4327,0,0,0
25-Nov-2025,2236.6,Put,2340,0,0,27.4327,0,0,0
25-Nov-2025,2236.6,Put,2020,0,0,27.4327,0,0,0
25-Nov-2025,2236.6,Call,1980,0,0,27.4327,0,0,0
30-Dec-2025,2236.6,Call,2240,0,0,27.4327,0,2,0
25-Nov-2025,2236.6,Call,1800,0,0,27.4327,0,0,0
25-Nov-2025,2236.6,Put,1860,0,0,27.4327,0,0,0
30-Dec-2025,2236.6,Put,1760,0,0,27.4327,0,0,0
25-Nov-2025,2236.6,Put,2260,0,0,27.4327,0,0,0
25-Nov-2025,2236.6,Put,2440,0,0,27.4327,0,0,0
25-Nov-2025,2236.6,Call,1900,0,0,27.4327,0,3,0
30-Dec-2025,2236.6,Put,2320,0,0,27.4327,0,0,0
30-Dec-2025,2236.6,Put,1920,0,0,27.4327,0,0,0
30-Dec-2025,2236.6,Put,1960,0,0,27.4327,0,0,0
30-Dec-2025,2236.6,Put,1880,0,0,27.4327,0,0,0
25-Nov-2025,2236.6,Put,2380,0,0,27.4327,0,0,0
30-Dec-2025,2236.6,Call,2200,0,0,27.4327,0,1,0
30-Dec-2025,2236.6,Put,2240,0,0,27.4327,0,0,0
30-Dec-2025,2236.6,Put,2000,0,0,27.4327,0,11,0
30-Dec-2025,2236.6,Call,2280,0,0,27.4327,0,0,0
30-Dec-2025,2236.6,Call,2320,0,0,27.4327,0,0,0
30-Dec-2025,2236.6,Put,2160,0,0,27.4327,0,0,0
30-Dec-2025,2236.6,Put,2200,0,0,27.4327,0,0,0
30-Dec-2025,2236.6,Put,1840,0,0,27.4327,0,0,0
30-Dec-2025,2236.6,Call,2400,0,0,27.4327,0,0,0
30-Dec-2025,2236.6,Put,2040,0,0,27.4327,0,0,0
30-Dec-2025,2236.6,Put,2120,0,0,27.4327,0,0,0
