28-Oct-2025,2230.7,-,0,2230.3,0,27.4327,6380,79321,25358
25-Nov-2025,2230.7,-,0,2243.1,0,27.4327,15004,19964,17966
28-Oct-2025,2230.7,Call,2240,25.65,27.88,27.4327,-6,1923,8685
28-Oct-2025,2230.7,Call,2300,8.2,28.95,27.4327,-101,1779,7246
28-Oct-2025,2230.7,Call,2260,18.15,28.52,27.4327,-45,1684,6682
28-Oct-2025,2230.7,Put,2200,18.05,31.43,27.4327,431,2104,6513
28-Oct-2025,2230.7,Call,2220,36.3,27.87,27.4327,-165,1032,5128
28-Oct-2025,2230.7,Call,2280,12.55,28.6,27.4327,158,1310,4812
28-Oct-2025,2230.7,Put,2220,26.15,31.61,27.4327,427,913,4517
28-Oct-2025,2230.7,Call,2200,48,27.73,27.4327,-229,1639,4104
28-Oct-2025,2230.7,Put,2240,35.45,30.89,27.4327,426,731,3255
28-Oct-2025,2230.7,Put,2180,12.5,32,27.4327,233,1066,2729
28-Oct-2025,2230.7,Put,2100,3,36.42,27.4327,8,3711,2407
28-Oct-2025,2230.7,Put,2160,8.75,33.37,27.4327,103,1381,2401
28-Oct-2025,2230.7,Put,2140,6.25,34,27.4327,30,1923,1760
28-Oct-2025,2230.7,Put,2120,4.35,35.23,27.4327,264,1829,1641
28-Oct-2025,2230.7,Call,2320,5.1,29.05,27.4327,126,704,1585
28-Oct-2025,2230.7,Call,2340,3.25,29.51,27.4327,49,1033,1186
28-Oct-2025,2230.7,Put,2260,48.1,32.84,27.4327,126,348,1170
28-Oct-2025,2230.7,Put,2080,2.15,37.72,27.4327,-252,855,1066
25-Nov-2025,2230.7,Call,2300,35.35,20.56,27.4327,126,498,970
25-Nov-2025,2230.7,Call,2240,59.9,20.08,27.4327,290,455,959
25-Nov-2025,2230.7,Put,2240,56.2,23.61,27.4327,271,336,865
25-Nov-2025,2230.7,Put,2200,39.05,23.25,27.4327,209,433,861
28-Oct-2025,2230.7,Put,2060,1.5,38.89,27.4327,-62,1398,771
28-Oct-2025,2230.7,Call,2180,62.55,26.55,27.4327,-36,762,737
25-Nov-2025,2230.7,Call,2400,12.9,21.58,27.4327,99,276,623
28-Oct-2025,2230.7,Call,2160,78.8,26.65,27.4327,-144,917,580
25-Nov-2025,2230.7,Call,2200,82.7,19.83,27.4327,-76,406,578
25-Nov-2025,2230.7,Put,2100,13.75,23.95,27.4327,118,472,513
28-Oct-2025,2230.7,Call,2360,2.1,30.03,27.4327,54,483,502
28-Oct-2025,2230.7,Put,2040,1.1,40.57,27.4327,-68,1465,492
28-Oct-2025,2230.7,Put,2000,0.9,46.16,27.4327,-59,1491,445
28-Oct-2025,2230.7,Call,2140,96.55,22.67,27.4327,-63,1062,427
25-Nov-2025,2230.7,Put,2000,4.9,26.21,27.4327,112,472,427
28-Oct-2025,2230.7,Call,2400,1.1,33.4,27.4327,-44,353,422
28-Oct-2025,2230.7,Put,2020,0.9,42.93,27.4327,-10,1029,374
25-Nov-2025,2230.7,Put,2160,28.1,23.84,27.4327,76,199,303
28-Oct-2025,2230.7,Call,2380,1.45,31.8,27.4327,-7,628,298
25-Nov-2025,2230.7,Call,2220,70.9,20.13,27.4327,80,154,280
25-Nov-2025,2230.7,Call,2260,50.5,20.39,27.4327,47,133,238
25-Nov-2025,2230.7,Call,2440,8.5,22.37,27.4327,109,197,220
28-Oct-2025,2230.7,Call,2100,133.2,0,27.4327,-68,2101,214
28-Oct-2025,2230.7,Put,2280,62,33.39,27.4327,41,104,212
25-Nov-2025,2230.7,Call,2340,23.9,21.06,27.4327,40,93,168
25-Nov-2025,2230.7,Put,2220,47.35,23.41,27.4327,53,99,154
25-Nov-2025,2230.7,Call,2280,42.35,20.34,27.4327,17,97,133
25-Nov-2025,2230.7,Put,2180,31.85,23.84,27.4327,38,57,133
28-Oct-2025,2230.7,Put,1900,0.5,59.34,27.4327,-69,1473,127
28-Oct-2025,2230.7,Put,2300,77.45,35.5,27.4327,29,78,122
30-Dec-2025,2230.7,-,0,2253,0,27.4327,19,2454,120
25-Nov-2025,2230.7,Call,2480,6,23.07,27.4327,32,81,99
28-Oct-2025,2230.7,Put,1980,0.7,47.95,27.4327,-19,605,93
25-Nov-2025,2230.7,Put,2060,8.9,24.97,27.4327,31,158,89
28-Oct-2025,2230.7,Call,2000,226.5,0,27.4327,-53,672,88
28-Oct-2025,2230.7,Call,2120,113.5,0,27.4327,-4,922,85
28-Oct-2025,2230.7,Call,2080,151.1,0,27.4327,-25,624,83
28-Oct-2025,2230.7,Call,2040,194.4,49.4,27.4327,-18,410,81
28-Oct-2025,2230.7,Call,2060,171,0,27.4327,6,553,80
28-Oct-2025,2230.7,Put,1920,0.55,56.63,27.4327,-50,149,79
28-Oct-2025,2230.7,Put,1960,0.6,50.36,27.4327,-35,301,79
25-Nov-2025,2230.7,Put,2140,21.8,23.45,27.4327,23,64,77
28-Oct-2025,2230.7,Call,2420,1.2,37.05,27.4327,63,63,74
25-Nov-2025,2230.7,Put,2300,95.5,24.79,27.4327,34,58,74
25-Nov-2025,2230.7,Call,2380,16,21.16,27.4327,16,100,74
28-Oct-2025,2230.7,Put,1940,0.55,53.19,27.4327,-21,258,68
25-Nov-2025,2230.7,Call,2360,19.85,20.73,27.4327,22,73,68
28-Oct-2025,2230.7,Put,2340,116.75,39.52,27.4327,27,43,67
25-Nov-2025,2230.7,Put,2080,11.05,24.33,27.4327,34,84,65
28-Oct-2025,2230.7,Put,2320,94.4,37.24,27.4327,20,38,64
25-Nov-2025,2230.7,Put,2040,7.65,25.29,27.4327,27,31,64
25-Nov-2025,2230.7,Call,2100,152.2,17.26,27.4327,43,121,57
25-Nov-2025,2230.7,Call,2320,27.5,20.59,27.4327,12,42,54
25-Nov-2025,2230.7,Call,2420,10.75,21.88,27.4327,28,28,36
25-Nov-2025,2230.7,Put,1900,2.25,30.07,27.4327,29,36,33
28-Oct-2025,2230.7,Call,2020,212,42.06,27.4327,-20,623,29
25-Nov-2025,2230.7,Call,2180,99.45,22.55,27.4327,6,66,18
25-Nov-2025,2230.7,Put,2360,139.25,25.86,27.4327,6,6,16
25-Nov-2025,2230.7,Put,2280,81,23.88,27.4327,7,8,16
28-Oct-2025,2230.7,Put,1800,0.35,73.57,27.4327,7,193,14
28-Oct-2025,2230.7,Put,1880,0.35,60.09,27.4327,-1,142,14
28-Oct-2025,2230.7,Call,2440,0.9,38.28,27.4327,-1,11,12
25-Nov-2025,2230.7,Call,2140,118.95,17.88,27.4327,8,44,12
28-Oct-2025,2230.7,Call,1960,283.45,91.75,27.4327,0,181,10
28-Oct-2025,2230.7,Put,1860,0.45,65.38,27.4327,-3,157,9
25-Nov-2025,2230.7,Put,1840,1.45,32.5,27.4327,-1,20,9
25-Nov-2025,2230.7,Call,2160,104,18.24,27.4327,2,11,8
25-Nov-2025,2230.7,Call,2000,254,29.01,27.4327,4,23,8
28-Oct-2025,2230.7,Put,1840,0.25,64.29,27.4327,-1,76,7
28-Oct-2025,2230.7,Put,1820,0.2,65.96,27.4327,0,45,4
28-Oct-2025,2230.7,Call,1900,339,96.29,27.4327,-1,258,3
25-Nov-2025,2230.7,Put,1880,2,31.04,27.4327,0,3,3
25-Nov-2025,2230.7,Call,2120,139.5,20.46,27.4327,0,5,3
28-Oct-2025,2230.7,Call,1880,358,98.21,27.4327,0,15,2
25-Nov-2025,2230.7,Put,1960,3.5,27.58,27.4327,1,17,2
25-Nov-2025,2230.7,Put,2020,6,25.55,27.4327,0,0,2
25-Nov-2025,2230.7,Call,1880,357,0,27.4327,1,2,2
28-Oct-2025,2230.7,Call,1940,282.7,0,27.4327,0,73,1
28-Oct-2025,2230.7,Call,1840,385,0,27.4327,0,6,1
25-Nov-2025,2230.7,Call,2040,219.85,29.59,27.4327,0,3,1
25-Nov-2025,2230.7,Put,2260,65.55,22.3,27.4327,0,0,1
25-Nov-2025,2230.7,Call,1920,320,0,27.4327,0,1,1
25-Nov-2025,2230.7,Call,1940,319.1,40.05,27.4327,0,2,1
28-Oct-2025,2230.7,Put,1720,0,0,27.4327,0,20,0
28-Oct-2025,2230.7,Put,2380,0,0,27.4327,0,0,0
28-Oct-2025,2230.7,Put,2360,0,0,27.4327,0,8,0
28-Oct-2025,2230.7,Call,2480,0,0,27.4327,0,0,0
28-Oct-2025,2230.7,Put,2480,0,0,27.4327,0,0,0
28-Oct-2025,2230.7,Call,1980,0,0,27.4327,0,132,0
28-Oct-2025,2230.7,Call,1800,0,0,27.4327,0,3,0
28-Oct-2025,2230.7,Put,1780,0,0,27.4327,0,33,0
28-Oct-2025,2230.7,Put,2440,0,0,27.4327,0,0,0
28-Oct-2025,2230.7,Call,1860,0,0,27.4327,0,0,0
28-Oct-2025,2230.7,Put,2400,0,0,27.4327,0,0,0
28-Oct-2025,2230.7,Call,1920,0,0,27.4327,0,41,0
28-Oct-2025,2230.7,Put,2420,0,0,27.4327,0,0,0
25-Nov-2025,2230.7,Put,2480,0,0,27.4327,0,0,0
25-Nov-2025,2230.7,Call,2060,0,0,27.4327,0,7,0
25-Nov-2025,2230.7,Put,2420,0,0,27.4327,0,0,0
25-Nov-2025,2230.7,Put,2320,0,0,27.4327,0,0,0
25-Nov-2025,2230.7,Call,2020,0,0,27.4327,0,2,0
25-Nov-2025,2230.7,Put,2400,0,0,27.4327,0,0,0
25-Nov-2025,2230.7,Call,1960,0,0,27.4327,0,1,0
25-Nov-2025,2230.7,Put,1920,0,0,27.4327,0,0,0
25-Nov-2025,2230.7,Put,2340,0,0,27.4327,0,0,0
25-Nov-2025,2230.7,Call,2080,0,0,27.4327,0,5,0
25-Nov-2025,2230.7,Put,1980,0,0,27.4327,0,0,0
25-Nov-2025,2230.7,Put,1940,0,0,27.4327,0,0,0
25-Nov-2025,2230.7,Call,1980,0,0,27.4327,0,0,0
25-Nov-2025,2230.7,Call,1840,0,0,27.4327,0,0,0
25-Nov-2025,2230.7,Put,2120,0,0,27.4327,0,4,0
25-Nov-2025,2230.7,Call,1860,0,0,27.4327,0,0,0
25-Nov-2025,2230.7,Call,1900,0,0,27.4327,0,3,0
25-Nov-2025,2230.7,Put,1800,0,0,27.4327,0,0,0
25-Nov-2025,2230.7,Put,1860,0,0,27.4327,0,0,0
30-Dec-2025,2230.7,Put,1960,0,0,27.4327,0,0,0
25-Nov-2025,2230.7,Put,2440,0,0,27.4327,0,0,0
25-Nov-2025,2230.7,Call,1800,0,0,27.4327,0,0,0
30-Dec-2025,2230.7,Put,1760,0,0,27.4327,0,0,0
30-Dec-2025,2230.7,Call,2200,0,0,27.4327,0,1,0
30-Dec-2025,2230.7,Call,2400,0,0,27.4327,0,0,0
30-Dec-2025,2230.7,Call,2320,0,0,27.4327,0,0,0
30-Dec-2025,2230.7,Put,2080,0,0,27.4327,0,0,0
30-Dec-2025,2230.7,Put,2200,0,0,27.4327,0,0,0
25-Nov-2025,2230.7,Put,2380,0,0,27.4327,0,0,0
30-Dec-2025,2230.7,Put,2320,0,0,27.4327,0,0,0
30-Dec-2025,2230.7,Put,2280,0,0,27.4327,0,0,0
30-Dec-2025,2230.7,Put,2240,0,0,27.4327,0,0,0
30-Dec-2025,2230.7,Put,2120,0,0,27.4327,0,0,0
30-Dec-2025,2230.7,Put,2160,0,0,27.4327,0,0,0
30-Dec-2025,2230.7,Put,1880,0,0,27.4327,0,0,0
30-Dec-2025,2230.7,Put,1840,0,0,27.4327,0,0,0
30-Dec-2025,2230.7,Call,2360,0,0,27.4327,0,0,0
30-Dec-2025,2230.7,Put,2000,0,0,27.4327,0,11,0
30-Dec-2025,2230.7,Put,2040,0,0,27.4327,0,0,0
30-Dec-2025,2230.7,Put,1920,0,0,27.4327,0,0,0
30-Dec-2025,2230.7,Call,2240,0,0,27.4327,0,2,0
30-Dec-2025,2230.7,Call,2280,0,0,27.4327,0,0,0
