28-Oct-2025,1953.1,-,0,1956.3,0,32.174,3,25003,527
28-Oct-2025,1953.1,Call,1960,20.05,23.09,32.174,6,945,517
28-Oct-2025,1953.1,Call,2000,7.3,24.31,32.174,-74,1406,458
28-Oct-2025,1953.1,Call,1940,30,22.94,32.174,-34,521,374
25-Nov-2025,1953.1,-,0,1968.2,0,32.174,143,1302,347
28-Oct-2025,1953.1,Call,2040,2.75,26.87,32.174,-1,973,234
28-Oct-2025,1953.1,Call,1980,12.1,23.81,32.174,0,677,184
28-Oct-2025,1953.1,Put,1940,14.1,23.47,32.174,5,438,157
25-Nov-2025,1953.1,Call,2000,44.95,24.87,32.174,73,243,131
28-Oct-2025,1953.1,Call,2020,4.3,25.53,32.174,13,443,127
28-Oct-2025,1953.1,Put,1960,23.2,24.17,32.174,-4,749,105
28-Oct-2025,1953.1,Call,2100,1.15,33.95,32.174,-12,571,69
28-Oct-2025,1953.1,Put,1860,1.85,28.96,32.174,5,222,58
28-Oct-2025,1953.1,Put,1900,4.75,25.46,32.174,-1,635,49
28-Oct-2025,1953.1,Call,1920,44.4,21.24,32.174,1,179,46
28-Oct-2025,1953.1,Put,1920,7.8,23.89,32.174,-4,395,42
25-Nov-2025,1953.1,Put,1900,30.9,26.17,32.174,2,71,37
28-Oct-2025,1953.1,Put,1820,1,34.08,32.174,-1,184,24
28-Oct-2025,1953.1,Put,1840,1.25,31.09,32.174,3,235,20
28-Oct-2025,1953.1,Put,2000,50,24.86,32.174,-2,345,19
28-Oct-2025,1953.1,Call,2140,0.75,37.86,32.174,-1,237,19
28-Oct-2025,1953.1,Call,1900,62,24.81,32.174,-3,252,19
28-Oct-2025,1953.1,Call,2060,2.05,29.2,32.174,0,391,17
28-Oct-2025,1953.1,Call,2160,0.55,39.31,32.174,-7,217,14
28-Oct-2025,1953.1,Put,1880,2.7,26.57,32.174,-2,201,12
28-Oct-2025,1953.1,Call,2080,1.55,31.48,32.174,-1,186,10
28-Oct-2025,1953.1,Put,1760,0.8,45.15,32.174,0,112,8
25-Nov-2025,1953.1,Call,1940,73.6,24.03,32.174,-2,63,7
25-Nov-2025,1953.1,Call,2200,7,27.04,32.174,0,71,7
25-Nov-2025,1953.1,Call,1960,63,24.16,32.174,1,39,7
25-Nov-2025,1953.1,Call,2040,31.65,24.78,32.174,2,22,6
28-Oct-2025,1953.1,Put,1780,0.75,40.62,32.174,-2,130,5
28-Oct-2025,1953.1,Call,2200,0.45,44.25,32.174,-2,412,5
28-Oct-2025,1953.1,Put,2320,364,76.81,32.174,0,28,4
25-Nov-2025,1953.1,Put,2320,351,36.16,32.174,3,4,4
25-Nov-2025,1953.1,Call,2100,18.05,25.48,32.174,-1,100,4
28-Oct-2025,1953.1,Put,2060,110.55,43.28,32.174,-2,43,3
28-Oct-2025,1953.1,Call,2260,0.3,41.86,32.174,0,180,3
28-Oct-2025,1953.1,Put,1560,0.1,68.81,32.174,0,28,2
25-Nov-2025,1953.1,Put,2000,78.9,27.32,32.174,0,26,2
30-Dec-2025,1953.1,-,0,1962.5,0,32.174,0,77,1
28-Oct-2025,1953.1,Put,1600,0.2,66.28,32.174,0,72,1
28-Oct-2025,1953.1,Put,1980,36.35,25.65,32.174,0,302,1
25-Nov-2025,1953.1,Put,1800,10.4,27.49,32.174,0,143,1
25-Nov-2025,1953.1,Call,2020,39,25.08,32.174,0,8,1
25-Nov-2025,1953.1,Call,1980,50,22.78,32.174,0,5,1
28-Oct-2025,1953.1,Call,2180,0,0,32.174,0,86,0
28-Oct-2025,1953.1,Put,2140,0,0,32.174,0,4,0
28-Oct-2025,1953.1,Put,2240,0,0,32.174,0,6,0
28-Oct-2025,1953.1,Put,2280,0,0,32.174,0,1,0
28-Oct-2025,1953.1,Put,2180,0,0,32.174,0,0,0
28-Oct-2025,1953.1,Call,2320,0,0,32.174,0,9,0
28-Oct-2025,1953.1,Call,2240,0,0,32.174,0,43,0
28-Oct-2025,1953.1,Call,1700,0,0,32.174,0,0,0
28-Oct-2025,1953.1,Call,1740,0,0,32.174,0,0,0
28-Oct-2025,1953.1,Call,1780,0,0,32.174,0,0,0
28-Oct-2025,1953.1,Call,1820,0,0,32.174,0,6,0
28-Oct-2025,1953.1,Call,1860,0,0,32.174,0,26,0
28-Oct-2025,1953.1,Put,2100,0,0,32.174,0,101,0
28-Oct-2025,1953.1,Put,1720,0,0,32.174,0,141,0
28-Oct-2025,1953.1,Put,1740,0,0,32.174,0,19,0
28-Oct-2025,1953.1,Call,1640,0,0,32.174,0,0,0
28-Oct-2025,1953.1,Call,1680,0,0,32.174,0,0,0
28-Oct-2025,1953.1,Call,1720,0,0,32.174,0,0,0
28-Oct-2025,1953.1,Call,1760,0,0,32.174,0,0,0
28-Oct-2025,1953.1,Call,1800,0,0,32.174,0,1,0
28-Oct-2025,1953.1,Put,2040,0,0,32.174,0,129,0
28-Oct-2025,1953.1,Put,2080,0,0,32.174,0,9,0
28-Oct-2025,1953.1,Put,2160,0,0,32.174,0,3,0
28-Oct-2025,1953.1,Put,2200,0,0,32.174,0,83,0
28-Oct-2025,1953.1,Put,2020,0,0,32.174,0,88,0
28-Oct-2025,1953.1,Call,2280,0,0,32.174,0,218,0
28-Oct-2025,1953.1,Call,1840,0,0,32.174,0,17,0
28-Oct-2025,1953.1,Call,1600,0,0,32.174,0,0,0
28-Oct-2025,1953.1,Put,1640,0,0,32.174,0,0,0
28-Oct-2025,1953.1,Call,2120,0,0,32.174,0,187,0
28-Oct-2025,1953.1,Put,1680,0,0,32.174,0,7,0
28-Oct-2025,1953.1,Put,1800,0,0,32.174,0,318,0
28-Oct-2025,1953.1,Put,1700,0,0,32.174,0,56,0
28-Oct-2025,1953.1,Call,1880,0,0,32.174,0,56,0
25-Nov-2025,1953.1,Put,2100,0,0,32.174,0,22,0
25-Nov-2025,1953.1,Put,2040,0,0,32.174,0,5,0
25-Nov-2025,1953.1,Call,2140,0,0,32.174,0,0,0
25-Nov-2025,1953.1,Put,1840,0,0,32.174,0,13,0
25-Nov-2025,1953.1,Put,1680,0,0,32.174,0,0,0
25-Nov-2025,1953.1,Put,1980,0,0,32.174,0,3,0
25-Nov-2025,1953.1,Put,2200,0,0,32.174,0,2,0
25-Nov-2025,1953.1,Put,1880,0,0,32.174,0,1,0
25-Nov-2025,1953.1,Call,1800,0,0,32.174,0,1,0
25-Nov-2025,1953.1,Put,1640,0,0,32.174,0,0,0
25-Nov-2025,1953.1,Put,2180,0,0,32.174,0,0,0
25-Nov-2025,1953.1,Put,2160,0,0,32.174,0,2,0
25-Nov-2025,1953.1,Put,1740,0,0,32.174,0,0,0
25-Nov-2025,1953.1,Put,2020,0,0,32.174,0,1,0
28-Oct-2025,1953.1,Put,2120,0,0,32.174,0,12,0
25-Nov-2025,1953.1,Put,2080,0,0,32.174,0,1,0
25-Nov-2025,1953.1,Call,2160,0,0,32.174,0,0,0
25-Nov-2025,1953.1,Call,2320,0,0,32.174,0,0,0
25-Nov-2025,1953.1,Put,1780,0,0,32.174,0,0,0
25-Nov-2025,1953.1,Call,1600,0,0,32.174,0,0,0
25-Nov-2025,1953.1,Call,2240,0,0,32.174,0,0,0
25-Nov-2025,1953.1,Call,2180,0,0,32.174,0,0,0
25-Nov-2025,1953.1,Put,2140,0,0,32.174,0,4,0
25-Nov-2025,1953.1,Put,1920,0,0,32.174,0,14,0
25-Nov-2025,1953.1,Put,2280,0,0,32.174,0,0,0
25-Nov-2025,1953.1,Put,1940,0,0,32.174,0,6,0
25-Nov-2025,1953.1,Put,1960,0,0,32.174,0,100,0
25-Nov-2025,1953.1,Call,2120,0,0,32.174,0,0,0
25-Nov-2025,1953.1,Call,2080,0,0,32.174,0,15,0
25-Nov-2025,1953.1,Call,1640,0,0,32.174,0,0,0
30-Dec-2025,1953.1,Call,2320,0,0,32.174,0,0,0
30-Dec-2025,1953.1,Call,2080,0,0,32.174,0,0,0
25-Nov-2025,1953.1,Call,1840,0,0,32.174,0,0,0
25-Nov-2025,1953.1,Put,1700,0,0,32.174,0,0,0
25-Nov-2025,1953.1,Put,2060,0,0,32.174,0,1,0
30-Dec-2025,1953.1,Call,2000,0,0,32.174,0,0,0
25-Nov-2025,1953.1,Put,1720,0,0,32.174,0,0,0
30-Dec-2025,1953.1,Put,1680,0,0,32.174,0,0,0
25-Nov-2025,1953.1,Call,2060,0,0,32.174,0,13,0
25-Nov-2025,1953.1,Put,1600,0,0,32.174,0,0,0
25-Nov-2025,1953.1,Put,1760,0,0,32.174,0,2,0
25-Nov-2025,1953.1,Call,1740,0,0,32.174,0,0,0
25-Nov-2025,1953.1,Call,1680,0,0,32.174,0,0,0
25-Nov-2025,1953.1,Call,1700,0,0,32.174,0,0,0
25-Nov-2025,1953.1,Call,1880,0,0,32.174,0,0,0
25-Nov-2025,1953.1,Put,2120,0,0,32.174,0,0,0
25-Nov-2025,1953.1,Call,1760,0,0,32.174,0,0,0
25-Nov-2025,1953.1,Call,1860,0,0,32.174,0,0,0
30-Dec-2025,1953.1,Put,1960,0,0,32.174,0,0,0
25-Nov-2025,1953.1,Call,1920,0,0,32.174,0,1,0
25-Nov-2025,1953.1,Call,1720,0,0,32.174,0,0,0
25-Nov-2025,1953.1,Put,1860,0,0,32.174,0,21,0
25-Nov-2025,1953.1,Put,1820,0,0,32.174,0,0,0
30-Dec-2025,1953.1,Put,1840,0,0,32.174,0,0,0
25-Nov-2025,1953.1,Put,2240,0,0,32.174,0,0,0
25-Nov-2025,1953.1,Call,2280,0,0,32.174,0,0,0
30-Dec-2025,1953.1,Call,2120,0,0,32.174,0,0,0
25-Nov-2025,1953.1,Call,1780,0,0,32.174,0,0,0
30-Dec-2025,1953.1,Put,1880,0,0,32.174,0,0,0
30-Dec-2025,1953.1,Put,2000,0,0,32.174,0,0,0
30-Dec-2025,1953.1,Call,1960,0,0,32.174,0,0,0
30-Dec-2025,1953.1,Put,1920,0,0,32.174,0,0,0
25-Nov-2025,1953.1,Call,1820,0,0,32.174,0,0,0
30-Dec-2025,1953.1,Put,1600,0,0,32.174,0,0,0
30-Dec-2025,1953.1,Put,2040,0,0,32.174,0,0,0
30-Dec-2025,1953.1,Call,2040,0,0,32.174,0,0,0
30-Dec-2025,1953.1,Call,1920,0,0,32.174,0,0,0
25-Nov-2025,1953.1,Call,1900,0,0,32.174,0,3,0
30-Dec-2025,1953.1,Call,2160,0,0,32.174,0,0,0
