28-Oct-2025,3629.2,-,0,3628.2,0,34.1877,4924,95563,19379
25-Nov-2025,3629.2,-,0,3650.1,0,34.1877,15766,21283,18482
28-Oct-2025,3629.2,Call,3650,26.8,20.79,34.1877,-418,2492,7489
28-Oct-2025,3629.2,Call,3700,11.65,20.66,34.1877,-233,4155,4952
28-Oct-2025,3629.2,Put,3600,24.25,22.53,34.1877,-81,1578,4452
28-Oct-2025,3629.2,Put,3550,11.7,24.04,34.1877,1033,2577,3772
28-Oct-2025,3629.2,Call,3600,52.5,20.28,34.1877,-567,2159,3488
28-Oct-2025,3629.2,Call,3750,5.55,22.31,34.1877,147,2965,3320
28-Oct-2025,3629.2,Put,3650,49.05,22.58,34.1877,-101,898,2271
28-Oct-2025,3629.2,Put,3500,5.4,25.75,34.1877,-53,1798,2146
28-Oct-2025,3629.2,Call,3800,3.3,25.41,34.1877,-68,1668,2066
28-Oct-2025,3629.2,Put,3450,3.35,29.18,34.1877,-128,1592,1428
28-Oct-2025,3629.2,Call,3550,90,21.6,34.1877,-136,872,1292
28-Oct-2025,3629.2,Put,3400,2.25,33.01,34.1877,-96,1294,792
25-Nov-2025,3629.2,Call,3700,89.4,24.51,34.1877,66,510,683
25-Nov-2025,3629.2,Call,3800,54.55,24.69,34.1877,132,598,630
28-Oct-2025,3629.2,Put,3750,127.4,25.38,34.1877,14,135,587
28-Oct-2025,3629.2,Call,3850,2.1,28.47,34.1877,62,650,578
28-Oct-2025,3629.2,Call,3500,133,17.95,34.1877,-126,1740,520
25-Nov-2025,3629.2,Call,4000,18.9,25.96,34.1877,108,680,486
25-Nov-2025,3629.2,Call,3600,138.9,24.53,34.1877,-20,457,463
28-Oct-2025,3629.2,Call,3900,1.55,31.66,34.1877,62,1201,445
28-Oct-2025,3629.2,Put,3350,1.8,37.26,34.1877,51,598,426
28-Oct-2025,3629.2,Call,4000,0.8,37.4,34.1877,-125,2100,395
28-Oct-2025,3629.2,Put,3700,81.25,22.46,34.1877,-1,487,376
25-Nov-2025,3629.2,Call,3650,112.2,24.4,34.1877,8,215,287
25-Nov-2025,3629.2,Put,3500,48.1,26,34.1877,77,693,271
25-Nov-2025,3629.2,Put,3600,81.75,25.54,34.1877,28,479,262
28-Oct-2025,3629.2,Put,3300,1.4,41.23,34.1877,4,990,260
25-Nov-2025,3629.2,Put,3400,27.3,26.74,34.1877,23,560,234
25-Nov-2025,3629.2,Put,3650,104.45,25.51,34.1877,123,158,203
25-Nov-2025,3629.2,Put,3800,196.45,26.23,34.1877,102,140,172
28-Oct-2025,3629.2,Put,3800,165,17.45,34.1877,-51,94,170
25-Nov-2025,3629.2,Call,3900,33.1,25.38,34.1877,11,234,164
28-Oct-2025,3629.2,Put,3200,0.8,48.28,34.1877,-47,491,128
28-Oct-2025,3629.2,Call,3950,0.9,33.44,34.1877,-43,548,126
25-Nov-2025,3629.2,Call,3500,203,24.08,34.1877,47,249,118
25-Nov-2025,3629.2,Call,3750,71,24.83,34.1877,31,80,114
25-Nov-2025,3629.2,Put,3700,134,26.01,34.1877,42,143,113
28-Oct-2025,3629.2,Call,3200,430,84.13,34.1877,-80,88,108
28-Oct-2025,3629.2,Call,3400,248,50.24,34.1877,-84,460,103
28-Oct-2025,3629.2,Call,3000,633.9,0,34.1877,-68,88,81
25-Nov-2025,3629.2,Call,3000,660,33.24,34.1877,63,67,80
28-Oct-2025,3629.2,Call,3450,190.1,32.44,34.1877,-32,696,79
25-Nov-2025,3629.2,Put,3300,14.45,27.73,34.1877,4,380,77
30-Dec-2025,3629.2,-,0,3675,0,34.1877,14,1830,71
25-Nov-2025,3629.2,Call,3850,43,25.11,34.1877,35,64,65
28-Oct-2025,3629.2,Call,4100,0.5,42.58,34.1877,-30,195,51
25-Nov-2025,3629.2,Call,4200,6.4,27.57,34.1877,6,67,51
25-Nov-2025,3629.2,Put,3200,8.3,29.19,34.1877,-10,412,48
25-Nov-2025,3629.2,Put,3550,64,25.94,34.1877,5,116,42
25-Nov-2025,3629.2,Put,3250,10.55,28.32,34.1877,36,36,41
28-Oct-2025,3629.2,Put,3250,1,44.47,34.1877,-3,269,40
28-Oct-2025,3629.2,Put,3100,0.25,51.32,34.1877,-9,302,38
28-Oct-2025,3629.2,Call,4200,0.3,47.18,34.1877,-11,381,36
28-Oct-2025,3629.2,Put,3150,0.6,52.08,34.1877,6,193,34
28-Oct-2025,3629.2,Put,2800,0.15,76.67,34.1877,-22,65,33
25-Nov-2025,3629.2,Put,3750,164.5,26.44,34.1877,15,31,33
25-Nov-2025,3629.2,Put,3450,37,25.72,34.1877,4,97,31
25-Nov-2025,3629.2,Call,3400,280,29.11,34.1877,6,59,19
25-Nov-2025,3629.2,Call,4100,10.85,26.54,34.1877,10,15,19
28-Oct-2025,3629.2,Call,3300,329,0,34.1877,-7,176,13
28-Oct-2025,3629.2,Put,2900,0.15,67.14,34.1877,-1,98,13
28-Oct-2025,3629.2,Put,3050,0.15,53.27,34.1877,-2,98,12
28-Oct-2025,3629.2,Put,2950,0.1,60.21,34.1877,0,133,12
25-Nov-2025,3629.2,Put,2800,2.4,40.94,34.1877,-7,15,12
28-Oct-2025,3629.2,Put,3000,0.25,60.81,34.1877,-2,513,6
25-Nov-2025,3629.2,Call,3550,183.65,27.83,34.1877,2,22,5
28-Oct-2025,3629.2,Put,3900,253,0,34.1877,-1,33,3
25-Nov-2025,3629.2,Put,3900,279.05,28.75,34.1877,1,3,2
25-Nov-2025,3629.2,Put,3100,4.85,31.37,34.1877,0,90,2
30-Dec-2025,3629.2,Put,3600,114.05,25.58,34.1877,-1,4,2
30-Dec-2025,3629.2,Call,3700,136,21.88,34.1877,0,2,1
25-Nov-2025,3629.2,Call,3450,240,23.94,34.1877,0,15,1
30-Dec-2025,3629.2,Call,3600,205.55,24.72,34.1877,0,4,1
25-Nov-2025,3629.2,Put,3000,3.15,33.87,34.1877,0,23,1
28-Oct-2025,3629.2,Put,4000,0,0,34.1877,0,56,0
28-Oct-2025,3629.2,Call,2800,0,0,34.1877,0,42,0
28-Oct-2025,3629.2,Call,2900,0,0,34.1877,0,7,0
28-Oct-2025,3629.2,Call,3100,0,0,34.1877,0,18,0
28-Oct-2025,3629.2,Put,2700,0,0,34.1877,0,10,0
28-Oct-2025,3629.2,Call,3150,0,0,34.1877,0,0,0
28-Oct-2025,3629.2,Call,3350,0,0,34.1877,0,213,0
28-Oct-2025,3629.2,Put,3850,0,0,34.1877,0,6,0
28-Oct-2025,3629.2,Put,3950,0,0,34.1877,0,0,0
28-Oct-2025,3629.2,Call,3250,0,0,34.1877,0,17,0
28-Oct-2025,3629.2,Call,2700,0,0,34.1877,0,11,0
28-Oct-2025,3629.2,Call,2950,0,0,34.1877,0,5,0
28-Oct-2025,3629.2,Call,3050,0,0,34.1877,0,6,0
25-Nov-2025,3629.2,Put,3850,0,0,34.1877,0,0,0
25-Nov-2025,3629.2,Call,3300,0,0,34.1877,0,31,0
25-Nov-2025,3629.2,Call,2900,0,0,34.1877,0,0,0
25-Nov-2025,3629.2,Call,3350,0,0,34.1877,0,8,0
30-Dec-2025,3629.2,Call,3500,0,0,34.1877,0,4,0
25-Nov-2025,3629.2,Call,3250,0,0,34.1877,0,0,0
28-Oct-2025,3629.2,Put,4100,0,0,34.1877,0,0,0
25-Nov-2025,3629.2,Call,3950,0,0,34.1877,0,0,0
25-Nov-2025,3629.2,Put,3950,0,0,34.1877,0,0,0
25-Nov-2025,3629.2,Put,3350,0,0,34.1877,0,0,0
30-Dec-2025,3629.2,Put,3400,0,0,34.1877,0,10,0
25-Nov-2025,3629.2,Put,2900,0,0,34.1877,0,0,0
25-Nov-2025,3629.2,Call,2800,0,0,34.1877,0,8,0
25-Nov-2025,3629.2,Call,3150,0,0,34.1877,0,0,0
30-Dec-2025,3629.2,Put,3800,0,0,34.1877,0,0,0
25-Nov-2025,3629.2,Call,3200,0,0,34.1877,0,2,0
30-Dec-2025,3629.2,Call,4000,0,0,34.1877,0,0,0
30-Dec-2025,3629.2,Call,3900,0,0,34.1877,0,0,0
30-Dec-2025,3629.2,Put,2800,0,0,34.1877,0,18,0
25-Nov-2025,3629.2,Put,3150,0,0,34.1877,0,0,0
30-Dec-2025,3629.2,Put,3000,0,0,34.1877,0,0,0
25-Nov-2025,3629.2,Put,4200,0,0,34.1877,0,0,0
30-Dec-2025,3629.2,Call,3300,0,0,34.1877,0,8,0
25-Nov-2025,3629.2,Put,4000,0,0,34.1877,0,0,0
25-Nov-2025,3629.2,Put,4100,0,0,34.1877,0,0,0
30-Dec-2025,3629.2,Put,3500,0,0,34.1877,0,3,0
30-Dec-2025,3629.2,Call,4200,0,0,34.1877,0,0,0
30-Dec-2025,3629.2,Call,3800,0,0,34.1877,0,0,0
25-Nov-2025,3629.2,Call,3100,0,0,34.1877,0,7,0
30-Dec-2025,3629.2,Put,3700,0,0,34.1877,0,0,0
