28-Oct-2025,129.79,-,0,130.09,0,45.1864,-1567,38296,6141
25-Nov-2025,129.79,-,0,130.74,0,45.1864,3952,8098,5226
28-Oct-2025,129.79,Call,130,1.85,30.62,45.1864,-71,842,1501
28-Oct-2025,129.79,Put,130,1.8,28.77,45.1864,-62,828,986
28-Oct-2025,129.79,Call,135,0.55,35.71,45.1864,-88,1778,959
28-Oct-2025,129.79,Call,132.5,1,32.85,45.1864,47,800,847
28-Oct-2025,129.79,Call,132,1.15,31.79,45.1864,-13,336,826
28-Oct-2025,129.79,Call,140,0.25,42.5,45.1864,-225,2422,757
28-Oct-2025,129.79,Put,129,1.35,29.82,45.1864,14,348,754
28-Oct-2025,129.79,Call,131,1.4,30.6,45.1864,30,252,727
28-Oct-2025,129.79,Call,133,0.85,32.71,45.1864,-20,309,494
28-Oct-2025,129.79,Put,128,1,30.31,45.1864,15,134,362
25-Nov-2025,129.79,Call,140,2.4,36.07,45.1864,153,534,354
28-Oct-2025,129.79,Put,120,0.1,39.64,45.1864,-72,595,353
28-Oct-2025,129.79,Put,125,0.35,31.58,45.1864,-60,840,300
28-Oct-2025,129.79,Call,137.5,0.3,38.28,45.1864,-106,433,295
28-Oct-2025,129.79,Call,145,0.15,50.32,45.1864,-103,828,293
25-Nov-2025,129.79,Call,135,3.8,35.54,45.1864,81,364,279
28-Oct-2025,129.79,Call,136,0.45,37.27,45.1864,62,365,272
30-Dec-2025,129.79,-,0,131.63,0,45.1864,203,510,251
25-Nov-2025,129.79,Call,130,6,34.8,45.1864,118,488,238
28-Oct-2025,129.79,Call,128,2.95,29.67,45.1864,0,158,195
28-Oct-2025,129.79,Put,131,2.4,31.26,45.1864,-6,276,187
28-Oct-2025,129.79,Call,129,2.35,29.2,45.1864,3,100,181
25-Nov-2025,129.79,Put,130,5.1,35.96,45.1864,104,318,176
28-Oct-2025,129.79,Call,150,0.1,62.82,45.1864,-73,635,169
28-Oct-2025,129.79,Put,127.5,0.8,29.52,45.1864,-27,198,166
25-Nov-2025,129.79,Put,120,1.6,36.11,45.1864,32,214,150
28-Oct-2025,129.79,Call,134,0.65,33.53,45.1864,-12,237,144
28-Oct-2025,129.79,Put,132,3.1,36.04,45.1864,-10,114,143
25-Nov-2025,129.79,Call,120,12.2,33.33,45.1864,110,125,133
28-Oct-2025,129.79,Call,137,0.35,38.15,45.1864,-30,256,132
28-Oct-2025,129.79,Call,138,0.3,40.04,45.1864,-30,184,99
28-Oct-2025,129.79,Call,139,0.2,39.33,45.1864,-30,110,96
25-Nov-2025,129.79,Put,125,2.95,35.92,45.1864,22,189,91
28-Oct-2025,129.79,Put,126,0.55,32.15,45.1864,-16,89,84
28-Oct-2025,129.79,Put,132.5,3.45,31.76,45.1864,-13,149,84
28-Oct-2025,129.79,Put,133,3.85,33.53,45.1864,-29,133,80
28-Oct-2025,129.79,Put,135,5.75,40.25,45.1864,-23,469,77
25-Nov-2025,129.79,Put,135,7.9,36.03,45.1864,38,180,69
28-Oct-2025,129.79,Put,124,0.2,32.53,45.1864,-13,70,68
28-Oct-2025,129.79,Put,127,0.7,30.3,45.1864,-14,77,66
28-Oct-2025,129.79,Call,127.5,3.3,29.82,45.1864,-15,115,66
28-Oct-2025,129.79,Call,126,4.5,28.9,45.1864,-2,38,63
28-Oct-2025,129.79,Call,142.5,0.1,43.7,45.1864,-36,228,61
28-Oct-2025,129.79,Call,125,5.4,33.54,45.1864,-15,186,61
25-Nov-2025,129.79,Call,150,0.9,37.82,45.1864,22,243,58
28-Oct-2025,129.79,Call,127,3.65,29.59,45.1864,-5,25,53
25-Nov-2025,129.79,Call,145,1.55,37.58,45.1864,18,112,53
28-Oct-2025,129.79,Put,137.5,7.9,41.53,45.1864,-16,230,52
28-Oct-2025,129.79,Call,142,0.15,45.77,45.1864,3,96,51
28-Oct-2025,129.79,Put,134,4.75,35.55,45.1864,-3,90,50
28-Oct-2025,129.79,Put,140,10.25,44.85,45.1864,-26,235,48
25-Nov-2025,129.79,Put,128,4.2,36.11,45.1864,35,44,42
25-Nov-2025,129.79,Put,118,1.3,37.2,45.1864,21,70,39
28-Oct-2025,129.79,Call,143,0.15,48.62,45.1864,3,174,35
28-Oct-2025,129.79,Put,117.5,0.05,42.77,45.1864,-23,56,33
28-Oct-2025,129.79,Call,148,0.1,57.92,45.1864,-30,82,31
28-Oct-2025,129.79,Call,146,0.1,52.89,45.1864,4,92,29
28-Oct-2025,129.79,Put,122,0.15,35.82,45.1864,-18,100,26
28-Oct-2025,129.79,Put,137,7.4,39.64,45.1864,-14,65,25
25-Nov-2025,129.79,Call,132,5.15,36.08,45.1864,15,153,25
28-Oct-2025,129.79,Put,123,0.2,34.49,45.1864,-9,74,21
28-Oct-2025,129.79,Put,138,8.5,46.46,45.1864,-3,32,20
28-Oct-2025,129.79,Call,124,6.3,31.42,45.1864,-7,20,19
28-Oct-2025,129.79,Call,141,0.15,42.86,45.1864,-3,52,19
25-Nov-2025,129.79,Call,131,5.3,34.09,45.1864,8,25,19
28-Oct-2025,129.79,Put,136,6.75,44.74,45.1864,-10,95,18
28-Oct-2025,129.79,Put,115,0.05,50.45,45.1864,-6,90,17
25-Nov-2025,129.79,Call,125,8.55,33.12,45.1864,5,51,16
25-Nov-2025,129.79,Put,122,2.05,35.74,45.1864,3,20,15
28-Oct-2025,129.79,Call,123,7.2,0,45.1864,-3,23,14
28-Oct-2025,129.79,Put,139,9.25,41.52,45.1864,-7,25,14
28-Oct-2025,129.79,Call,155,0.05,67.4,45.1864,-10,314,14
28-Oct-2025,129.79,Put,142,11.6,0,45.1864,0,28,13
25-Nov-2025,129.79,Put,117,1.15,37.52,45.1864,10,18,13
25-Nov-2025,129.79,Put,127,3.7,35.56,45.1864,5,15,13
28-Oct-2025,129.79,Put,122.5,0.2,36.4,45.1864,0,202,12
28-Oct-2025,129.79,Call,144,0.1,47.7,45.1864,7,101,12
25-Nov-2025,129.79,Put,121,1.85,36.23,45.1864,7,7,12
28-Oct-2025,129.79,Call,147.5,0.1,56.68,45.1864,7,112,10
28-Oct-2025,129.79,Put,141,10.35,0,45.1864,0,19,9
28-Oct-2025,129.79,Put,143,13,30.57,45.1864,7,23,9
28-Oct-2025,129.79,Put,142.5,11.8,0,45.1864,-2,41,9
25-Nov-2025,129.79,Put,110,0.5,40.66,45.1864,7,7,9
25-Nov-2025,129.79,Put,131,5.55,35.62,45.1864,6,12,9
25-Nov-2025,129.79,Put,140,11.5,37.34,45.1864,7,60,8
28-Oct-2025,129.79,Put,121,0.15,39.43,45.1864,-3,37,7
25-Nov-2025,129.79,Call,134,4.35,36.33,45.1864,1,7,7
25-Nov-2025,129.79,Call,133,4.6,35.32,45.1864,1,23,5
25-Nov-2025,129.79,Put,129,4.6,35.8,45.1864,4,16,5
28-Oct-2025,129.79,Call,110,19.95,0,45.1864,-2,4,4
25-Nov-2025,129.79,Put,145,15.45,37.71,45.1864,3,47,4
25-Nov-2025,129.79,Call,138,2.95,36.12,45.1864,0,5,4
25-Nov-2025,129.79,Call,110,21,33.45,45.1864,2,2,3
25-Nov-2025,129.79,Put,156,25.6,43.99,45.1864,1,1,3
25-Nov-2025,129.79,Call,152,0.85,39.7,45.1864,0,17,3
28-Oct-2025,129.79,Call,152.5,0.05,62.05,45.1864,0,35,2
28-Oct-2025,129.79,Put,145,15.15,54.75,45.1864,-1,114,2
28-Oct-2025,129.79,Call,152,0.15,72.32,45.1864,0,39,1
28-Oct-2025,129.79,Put,155,24.9,0,45.1864,0,18,1
25-Nov-2025,129.79,Call,154,0.65,39.28,45.1864,0,0,1
25-Nov-2025,129.79,Call,137,3.4,37.11,45.1864,0,4,1
25-Nov-2025,129.79,Call,139,2.9,37.8,45.1864,0,2,1
25-Nov-2025,129.79,Put,114,1,41.39,45.1864,0,0,1
25-Nov-2025,129.79,Put,132,6.05,35.42,45.1864,0,6,1
30-Dec-2025,129.79,Put,120,2.9,34.83,45.1864,0,3,1
30-Dec-2025,129.79,Call,140,4.5,33.57,45.1864,0,10,1
28-Oct-2025,129.79,Call,118,0,0,45.1864,0,4,0
28-Oct-2025,129.79,Call,122,0,0,45.1864,0,0,0
28-Oct-2025,129.79,Call,147,0,0,45.1864,0,76,0
28-Oct-2025,129.79,Put,144,0,0,45.1864,0,27,0
28-Oct-2025,129.79,Put,147,0,0,45.1864,0,0,0
28-Oct-2025,129.79,Put,146,0,0,45.1864,0,23,0
28-Oct-2025,129.79,Put,152,0,0,45.1864,0,0,0
28-Oct-2025,129.79,Put,148,0,0,45.1864,0,0,0
28-Oct-2025,129.79,Put,154,0,0,45.1864,0,0,0
28-Oct-2025,129.79,Put,108,0,0,45.1864,0,0,0
28-Oct-2025,129.79,Put,150,0,0,45.1864,0,102,0
28-Oct-2025,129.79,Call,119,0,0,45.1864,0,0,0
28-Oct-2025,129.79,Call,108,0,0,45.1864,0,0,0
28-Oct-2025,129.79,Put,152.5,0,0,45.1864,0,17,0
28-Oct-2025,129.79,Put,147.5,0,0,45.1864,0,21,0
28-Oct-2025,129.79,Put,119,0,0,45.1864,0,0,0
28-Oct-2025,129.79,Put,118,0,0,45.1864,0,6,0
28-Oct-2025,129.79,Put,116,0,0,45.1864,0,3,0
28-Oct-2025,129.79,Put,117,0,0,45.1864,0,0,0
28-Oct-2025,129.79,Call,117,0,0,45.1864,0,1,0
28-Oct-2025,129.79,Call,112,0,0,45.1864,0,0,0
28-Oct-2025,129.79,Call,154,0,0,45.1864,0,40,0
28-Oct-2025,129.79,Call,121,0,0,45.1864,0,11,0
28-Oct-2025,129.79,Call,120,0,0,45.1864,0,50,0
28-Oct-2025,129.79,Put,112,0,0,45.1864,0,0,0
28-Oct-2025,129.79,Put,112.5,0,0,45.1864,0,1,0
28-Oct-2025,129.79,Call,156,0,0,45.1864,0,0,0
28-Oct-2025,129.79,Put,100,0,0,45.1864,0,16,0
28-Oct-2025,129.79,Put,156,0,0,45.1864,0,0,0
28-Oct-2025,129.79,Put,110,0,0,45.1864,0,85,0
28-Oct-2025,129.79,Call,114,0,0,45.1864,0,10,0
28-Oct-2025,129.79,Call,122.5,0,0,45.1864,0,41,0
25-Nov-2025,129.79,Put,116,0,0,45.1864,0,0,0
28-Oct-2025,129.79,Put,114,0,0,45.1864,0,0,0
28-Oct-2025,129.79,Call,116,0,0,45.1864,0,4,0
25-Nov-2025,129.79,Put,108,0,0,45.1864,0,0,0
25-Nov-2025,129.79,Call,116,0,0,45.1864,0,0,0
25-Nov-2025,129.79,Call,112,0,0,45.1864,0,0,0
25-Nov-2025,129.79,Put,152,0,0,45.1864,0,0,0
25-Nov-2025,129.79,Call,114,0,0,45.1864,0,0,0
25-Nov-2025,129.79,Put,154,0,0,45.1864,0,0,0
25-Nov-2025,129.79,Call,147,0,0,45.1864,0,0,0
25-Nov-2025,129.79,Call,118,0,0,45.1864,0,0,0
25-Nov-2025,129.79,Call,108,0,0,45.1864,0,0,0
25-Nov-2025,129.79,Put,112,0,0,45.1864,0,0,0
25-Nov-2025,129.79,Put,147,0,0,45.1864,0,0,0
25-Nov-2025,129.79,Put,150,0,0,45.1864,0,8,0
25-Nov-2025,129.79,Call,146,0,0,45.1864,0,2,0
25-Nov-2025,129.79,Call,144,0,0,45.1864,0,0,0
25-Nov-2025,129.79,Call,119,0,0,45.1864,0,0,0
25-Nov-2025,129.79,Call,141,0,0,45.1864,0,0,0
25-Nov-2025,129.79,Call,143,0,0,45.1864,0,0,0
25-Nov-2025,129.79,Call,136,0,0,45.1864,0,0,0
25-Nov-2025,129.79,Call,117,0,0,45.1864,0,0,0
25-Nov-2025,129.79,Call,148,0,0,45.1864,0,0,0
25-Nov-2025,129.79,Call,156,0,0,45.1864,0,0,0
25-Nov-2025,129.79,Call,142,0,0,45.1864,0,0,0
25-Nov-2025,129.79,Call,126,0,0,45.1864,0,0,0
25-Nov-2025,129.79,Put,123,0,0,45.1864,0,0,0
25-Nov-2025,129.79,Call,122,0,0,45.1864,0,0,0
25-Nov-2025,129.79,Call,123,0,0,45.1864,0,1,0
25-Nov-2025,129.79,Call,124,0,0,45.1864,0,0,0
25-Nov-2025,129.79,Call,129,0,0,45.1864,0,3,0
25-Nov-2025,129.79,Call,127,0,0,45.1864,0,1,0
25-Nov-2025,129.79,Put,134,0,0,45.1864,0,1,0
25-Nov-2025,129.79,Put,124,0,0,45.1864,0,0,0
25-Nov-2025,129.79,Put,138,0,0,45.1864,0,0,0
25-Nov-2025,129.79,Put,139,0,0,45.1864,0,1,0
25-Nov-2025,129.79,Put,137,0,0,45.1864,0,0,0
25-Nov-2025,129.79,Put,136,0,0,45.1864,0,0,0
25-Nov-2025,129.79,Put,144,0,0,45.1864,0,0,0
25-Nov-2025,129.79,Put,146,0,0,45.1864,0,0,0
25-Nov-2025,129.79,Call,128,0,0,45.1864,0,0,0
25-Nov-2025,129.79,Put,142,0,0,45.1864,0,0,0
25-Nov-2025,129.79,Put,143,0,0,45.1864,0,0,0
25-Nov-2025,129.79,Put,148,0,0,45.1864,0,0,0
25-Nov-2025,129.79,Put,141,0,0,45.1864,0,0,0
25-Nov-2025,129.79,Call,121,0,0,45.1864,0,0,0
25-Nov-2025,129.79,Put,119,0,0,45.1864,0,0,0
25-Nov-2025,129.79,Put,126,0,0,45.1864,0,5,0
25-Nov-2025,129.79,Put,133,0,0,45.1864,0,0,0
30-Dec-2025,129.79,Put,126,0,0,45.1864,0,0,0
30-Dec-2025,129.79,Put,138,0,0,45.1864,0,0,0
30-Dec-2025,129.79,Call,136,0,0,45.1864,0,0,0
30-Dec-2025,129.79,Put,136,0,0,45.1864,0,0,0
30-Dec-2025,129.79,Put,108,0,0,45.1864,0,0,0
30-Dec-2025,129.79,Put,112,0,0,45.1864,0,0,0
30-Dec-2025,129.79,Call,112,0,0,45.1864,0,0,0
30-Dec-2025,129.79,Put,148,0,0,45.1864,0,0,0
30-Dec-2025,129.79,Put,146,0,0,45.1864,0,0,0
30-Dec-2025,129.79,Put,134,0,0,45.1864,0,0,0
30-Dec-2025,129.79,Put,142,0,0,45.1864,0,0,0
30-Dec-2025,129.79,Put,132,0,0,45.1864,0,0,0
30-Dec-2025,129.79,Call,118,0,0,45.1864,0,0,0
30-Dec-2025,129.79,Put,140,0,0,45.1864,0,0,0
30-Dec-2025,129.79,Put,152,0,0,45.1864,0,0,0
30-Dec-2025,129.79,Put,144,0,0,45.1864,0,0,0
30-Dec-2025,129.79,Call,124,0,0,45.1864,0,0,0
30-Dec-2025,129.79,Put,156,0,0,45.1864,0,0,0
30-Dec-2025,129.79,Put,116,0,0,45.1864,0,0,0
30-Dec-2025,129.79,Call,116,0,0,45.1864,0,0,0
30-Dec-2025,129.79,Call,138,0,0,45.1864,0,0,0
30-Dec-2025,129.79,Call,120,0,0,45.1864,0,0,0
30-Dec-2025,129.79,Put,130,0,0,45.1864,0,3,0
30-Dec-2025,129.79,Call,126,0,0,45.1864,0,0,0
30-Dec-2025,129.79,Call,144,0,0,45.1864,0,0,0
30-Dec-2025,129.79,Call,146,0,0,45.1864,0,6,0
30-Dec-2025,129.79,Call,142,0,0,45.1864,0,0,0
30-Dec-2025,129.79,Put,128,0,0,45.1864,0,0,0
30-Dec-2025,129.79,Put,124,0,0,45.1864,0,0,0
30-Dec-2025,129.79,Call,148,0,0,45.1864,0,0,0
30-Dec-2025,129.79,Call,152,0,0,45.1864,0,18,0
30-Dec-2025,129.79,Call,128,0,0,45.1864,0,0,0
30-Dec-2025,129.79,Call,156,0,0,45.1864,0,0,0
30-Dec-2025,129.79,Call,108,0,0,45.1864,0,0,0
30-Dec-2025,129.79,Put,118,0,0,45.1864,0,0,0
30-Dec-2025,129.79,Put,122,0,0,45.1864,0,1,0
30-Dec-2025,129.79,Call,132,0,0,45.1864,0,0,0
30-Dec-2025,129.79,Call,134,0,0,45.1864,0,0,0
30-Dec-2025,129.79,Call,130,0,0,45.1864,0,3,0
