28-Oct-2025,916.15,Call,920,5.1,14.48,26.1819,618,6306,23911
28-Oct-2025,916.15,-,0,915.8,0,26.1819,5798,111936,22322
25-Nov-2025,916.15,-,0,920.75,0,26.1819,14739,27545,18876
28-Oct-2025,916.15,Call,910,9.75,11.93,26.1819,-1435,3347,18060
28-Oct-2025,916.15,Call,915,7.15,13.23,26.1819,110,1706,13135
28-Oct-2025,916.15,Put,900,1.75,17.63,26.1819,683,5029,12085
28-Oct-2025,916.15,Put,910,4.5,17.97,26.1819,725,2654,11410
28-Oct-2025,916.15,Call,930,2.3,15.71,26.1819,-33,1986,9051
28-Oct-2025,916.15,Call,925,3.45,15.09,26.1819,268,915,8175
28-Oct-2025,916.15,Call,900,16.9,0,26.1819,-627,4935,7841
28-Oct-2025,916.15,Put,905,2.85,17.71,26.1819,183,1567,6229
28-Oct-2025,916.15,Put,890,0.75,18.8,26.1819,427,4659,5687
28-Oct-2025,916.15,Put,895,1.1,18.06,26.1819,257,1672,4792
28-Oct-2025,916.15,Call,905,12.95,9.24,26.1819,29,1124,4684
28-Oct-2025,916.15,Put,880,0.45,21.75,26.1819,164,5103,4661
28-Oct-2025,916.15,Put,915,6.7,18.84,26.1819,604,1093,4463
28-Oct-2025,916.15,Call,950,0.5,18.49,26.1819,-278,2353,4029
28-Oct-2025,916.15,Put,920,9.65,19.77,26.1819,464,1534,3624
28-Oct-2025,916.15,Call,940,1.05,16.85,26.1819,26,1885,3119
25-Nov-2025,916.15,Call,950,12.9,21.04,26.1819,618,3863,2438
28-Oct-2025,916.15,Call,935,1.5,16.42,26.1819,74,721,2324
28-Oct-2025,916.15,Call,890,25.7,0,26.1819,-262,5893,2231
28-Oct-2025,916.15,Put,885,0.5,19.83,26.1819,-114,1919,2158
28-Oct-2025,916.15,Call,960,0.25,20.76,26.1819,-30,2265,2085
25-Nov-2025,916.15,Call,920,24.1,19.91,26.1819,284,1420,2023
28-Oct-2025,916.15,Put,870,0.35,24.54,26.1819,-296,3018,1653
25-Nov-2025,916.15,Call,900,35.3,19.25,26.1819,-225,1699,1653
28-Oct-2025,916.15,Put,860,0.25,28.04,26.1819,-349,2585,1429
28-Oct-2025,916.15,Put,875,0.45,23.55,26.1819,118,1622,1201
25-Nov-2025,916.15,Put,900,14.35,22.5,26.1819,464,1601,1155
25-Nov-2025,916.15,Call,910,29.25,19.41,26.1819,92,536,1097
25-Nov-2025,916.15,Put,880,8.5,22.62,26.1819,333,1414,987
25-Nov-2025,916.15,Call,1000,4.2,22.63,26.1819,107,1870,986
28-Oct-2025,916.15,Call,880,35,0,26.1819,-191,6741,874
28-Oct-2025,916.15,Call,1000,0.1,30.67,26.1819,-189,1513,776
28-Oct-2025,916.15,Call,945,0.7,17.55,26.1819,98,230,755
28-Oct-2025,916.15,Call,895,20.9,0,26.1819,51,3261,692
25-Nov-2025,916.15,Put,850,4,24.4,26.1819,152,2183,677
25-Nov-2025,916.15,Put,920,22.7,22.82,26.1819,201,827,647
25-Nov-2025,916.15,Put,910,18.35,22.68,26.1819,246,473,596
28-Oct-2025,916.15,Put,840,0.1,33.9,26.1819,-4,2464,558
25-Nov-2025,916.15,Put,870,6.4,22.96,26.1819,-8,829,545
28-Oct-2025,916.15,Put,850,0.2,32.24,26.1819,-82,2304,526
25-Nov-2025,916.15,Call,915,26.7,19.4,26.1819,9,218,516
25-Nov-2025,916.15,Put,860,5.05,23.64,26.1819,145,1434,508
25-Nov-2025,916.15,Call,940,16.1,20.48,26.1819,125,438,496
25-Nov-2025,916.15,Call,930,19.6,20.01,26.1819,53,440,486
25-Nov-2025,916.15,Call,960,10.1,20.98,26.1819,36,1128,466
28-Oct-2025,916.15,Call,870,45.75,0,26.1819,-100,1854,431
28-Oct-2025,916.15,Call,970,0.15,22.13,26.1819,-21,612,431
28-Oct-2025,916.15,Call,980,0.15,26.7,26.1819,-61,741,397
28-Oct-2025,916.15,Call,885,30.55,0,26.1819,-17,3388,361
28-Oct-2025,916.15,Put,930,17.3,21.98,26.1819,91,172,355
30-Dec-2025,916.15,-,0,926.9,0,26.1819,50,959,352
28-Oct-2025,916.15,Put,820,0.15,43.43,26.1819,36,1798,344
25-Nov-2025,916.15,Put,890,10.7,22.51,26.1819,29,426,323
28-Oct-2025,916.15,Put,925,13.2,20.95,26.1819,36,112,281
28-Oct-2025,916.15,Put,830,0.15,35.97,26.1819,-84,1299,267
25-Nov-2025,916.15,Call,980,6.4,21.89,26.1819,47,339,267
25-Nov-2025,916.15,Call,1010,3.35,23.22,26.1819,61,231,264
28-Oct-2025,916.15,Put,800,0.1,47.4,26.1819,-44,2146,263
25-Nov-2025,916.15,Put,840,3.05,24.61,26.1819,1,681,239
25-Nov-2025,916.15,Put,800,1.35,28.53,26.1819,59,813,214
25-Nov-2025,916.15,Put,915,20.25,22.69,26.1819,89,120,181
25-Nov-2025,916.15,Put,820,2,26.67,26.1819,-15,541,175
28-Oct-2025,916.15,Call,860,56.4,0,26.1819,-32,902,174
25-Nov-2025,916.15,Call,990,5.25,22.21,26.1819,41,256,173
25-Nov-2025,916.15,Put,905,16,22.72,26.1819,43,130,165
25-Nov-2025,916.15,Call,925,22,20.2,26.1819,17,133,153
25-Nov-2025,916.15,Call,880,49.4,17.86,26.1819,-17,419,151
25-Nov-2025,916.15,Call,890,42.65,19.18,26.1819,-32,273,146
28-Oct-2025,916.15,Put,865,0.3,26.71,26.1819,-2,941,143
25-Nov-2025,916.15,Put,830,2.45,25.63,26.1819,40,388,139
28-Oct-2025,916.15,Put,780,0.05,51.21,26.1819,-54,401,137
25-Nov-2025,916.15,Call,970,8.3,21.46,26.1819,37,160,114
25-Nov-2025,916.15,Call,1030,2.15,24.35,26.1819,62,62,113
28-Oct-2025,916.15,Put,855,0.2,29.14,26.1819,-52,374,99
25-Nov-2025,916.15,Put,950,41.4,23.51,26.1819,69,164,96
25-Nov-2025,916.15,Call,905,32.15,19.99,26.1819,-10,47,87
25-Nov-2025,916.15,Call,800,122,0,26.1819,31,147,83
25-Nov-2025,916.15,Put,940,34.5,23.97,26.1819,36,84,81
28-Oct-2025,916.15,Put,845,0.25,34.34,26.1819,-40,239,76
28-Oct-2025,916.15,Put,740,0.05,66.07,26.1819,16,182,76
25-Nov-2025,916.15,Put,875,7.15,22.86,26.1819,-6,98,70
28-Oct-2025,916.15,Call,800,115.6,0,26.1819,-18,702,68
25-Nov-2025,916.15,Put,885,9.6,22.5,26.1819,28,118,68
25-Nov-2025,916.15,Call,1020,2.7,23.7,26.1819,45,45,67
25-Nov-2025,916.15,Call,860,65.55,17.42,26.1819,3,225,67
25-Nov-2025,916.15,Put,925,25,22.86,26.1819,24,50,66
28-Oct-2025,916.15,Put,950,34.55,29.67,26.1819,-14,138,64
28-Oct-2025,916.15,Call,990,0.15,29,26.1819,-16,138,64
28-Oct-2025,916.15,Put,810,0.15,45.78,26.1819,-16,661,61
25-Nov-2025,916.15,Put,845,3.55,24.72,26.1819,16,51,61
25-Nov-2025,916.15,Put,895,12.35,22.79,26.1819,32,83,60
25-Nov-2025,916.15,Put,930,28,23.21,26.1819,26,53,58
25-Nov-2025,916.15,Call,935,18.15,20.53,26.1819,38,97,55
25-Nov-2025,916.15,Call,850,75.15,15.47,26.1819,27,576,51
25-Nov-2025,916.15,Call,945,14.7,20.61,26.1819,21,87,51
28-Oct-2025,916.15,Call,850,66.25,0,26.1819,-17,288,43
25-Nov-2025,916.15,Put,855,4.35,23.9,26.1819,1,46,43
28-Oct-2025,916.15,Call,875,41.8,0,26.1819,-15,712,41
25-Nov-2025,916.15,Call,870,58.6,19.3,26.1819,6,127,41
28-Oct-2025,916.15,Call,830,85.95,0,26.1819,-18,484,40
25-Nov-2025,916.15,Put,865,5.5,23.21,26.1819,10,90,35
25-Nov-2025,916.15,Call,895,39.35,19.44,26.1819,-14,39,35
30-Dec-2025,916.15,Call,980,12.35,18.27,26.1819,24,143,35
25-Nov-2025,916.15,Put,1000,82.55,29.02,26.1819,31,32,33
28-Oct-2025,916.15,Put,790,0.1,51.25,26.1819,-8,226,30
30-Dec-2025,916.15,Call,950,20.5,17.32,26.1819,23,26,30
25-Nov-2025,916.15,Call,955,11.6,20.98,26.1819,22,22,29
28-Oct-2025,916.15,Put,815,0.1,41.67,26.1819,-3,152,27
28-Oct-2025,916.15,Call,840,76.4,0,26.1819,-23,245,27
30-Dec-2025,916.15,Call,920,33.7,16.69,26.1819,15,32,24
25-Nov-2025,916.15,Put,810,1.8,28.15,26.1819,2,645,23
28-Oct-2025,916.15,Put,760,0.1,62.95,26.1819,0,294,21
28-Oct-2025,916.15,Call,865,50.65,0,26.1819,-8,662,21
28-Oct-2025,916.15,Put,835,0.15,37.31,26.1819,-3,162,20
28-Oct-2025,916.15,Put,935,21,24.45,26.1819,7,56,19
28-Oct-2025,916.15,Put,825,0.15,39.83,26.1819,-8,311,18
28-Oct-2025,916.15,Put,945,28.9,24.25,26.1819,12,22,17
30-Dec-2025,916.15,Call,900,45.2,16.07,26.1819,2,106,15
25-Nov-2025,916.15,Call,820,102.6,0,26.1819,8,144,15
30-Dec-2025,916.15,Put,850,6.7,21.69,26.1819,10,87,15
30-Dec-2025,916.15,Put,900,18.95,21.34,26.1819,-2,30,14
28-Oct-2025,916.15,Put,750,0.05,62.31,26.1819,-7,185,13
25-Nov-2025,916.15,Call,830,94.35,0,26.1819,7,186,12
28-Oct-2025,916.15,Put,770,0.05,54.88,26.1819,-1,400,11
28-Oct-2025,916.15,Put,1000,86,63.01,26.1819,-3,10,11
25-Nov-2025,916.15,Call,965,9,21.66,26.1819,7,7,11
25-Nov-2025,916.15,Put,970,55.4,24.69,26.1819,4,64,11
25-Nov-2025,916.15,Put,960,48.25,24.74,26.1819,3,69,11
30-Dec-2025,916.15,Call,1000,7.85,18.11,26.1819,2,13,11
25-Nov-2025,916.15,Put,825,2.3,26.46,26.1819,1,35,10
25-Nov-2025,916.15,Put,780,0.85,29.98,26.1819,3,48,10
28-Oct-2025,916.15,Put,805,0.1,45.49,26.1819,-3,30,8
28-Oct-2025,916.15,Call,820,96,0,26.1819,-2,322,7
25-Nov-2025,916.15,Call,885,45.5,17.97,26.1819,0,32,7
28-Oct-2025,916.15,Call,750,166.75,0,26.1819,-1,194,6
28-Oct-2025,916.15,Put,940,25.6,26.82,26.1819,0,51,5
28-Oct-2025,916.15,Put,720,0.05,73.71,26.1819,0,19,5
25-Nov-2025,916.15,Call,840,84.8,15.56,26.1819,3,175,5
28-Oct-2025,916.15,Call,740,164.75,0,26.1819,-2,27,4
25-Nov-2025,916.15,Call,740,180,0,26.1819,0,10,3
30-Dec-2025,916.15,Call,880,58,14.25,26.1819,1,8,3
30-Dec-2025,916.15,Put,880,12.75,21.34,26.1819,0,24,2
30-Dec-2025,916.15,Call,910,38,15.6,26.1819,1,2,2
28-Oct-2025,916.15,Call,855,60,0,26.1819,0,211,1
25-Nov-2025,916.15,Put,980,64.2,26.05,26.1819,0,30,1
30-Dec-2025,916.15,Put,950,45,23.07,26.1819,0,0,1
30-Dec-2025,916.15,Put,830,2.5,19.25,26.1819,0,14,1
28-Oct-2025,916.15,Put,1010,0,0,26.1819,0,0,0
28-Oct-2025,916.15,Call,1010,0,0,26.1819,0,0,0
28-Oct-2025,916.15,Put,700,0,0,26.1819,0,98,0
28-Oct-2025,916.15,Call,770,0,0,26.1819,0,50,0
28-Oct-2025,916.15,Put,980,0,0,26.1819,0,44,0
28-Oct-2025,916.15,Call,805,0,0,26.1819,0,0,0
28-Oct-2025,916.15,Put,730,0,0,26.1819,0,5,0
28-Oct-2025,916.15,Call,790,0,0,26.1819,0,54,0
28-Oct-2025,916.15,Call,815,0,0,26.1819,0,0,0
28-Oct-2025,916.15,Call,825,0,0,26.1819,0,0,0
28-Oct-2025,916.15,Call,835,0,0,26.1819,0,82,0
28-Oct-2025,916.15,Call,845,0,0,26.1819,0,135,0
28-Oct-2025,916.15,Call,1030,0,0,26.1819,0,0,0
28-Oct-2025,916.15,Put,1030,0,0,26.1819,0,0,0
28-Oct-2025,916.15,Call,1020,0,0,26.1819,0,0,0
28-Oct-2025,916.15,Put,1020,0,0,26.1819,0,0,0
28-Oct-2025,916.15,Call,955,0,0,26.1819,0,0,0
28-Oct-2025,916.15,Put,955,0,0,26.1819,0,0,0
28-Oct-2025,916.15,Call,965,0,0,26.1819,0,0,0
28-Oct-2025,916.15,Put,965,0,0,26.1819,0,0,0
28-Oct-2025,916.15,Call,680,0,0,26.1819,0,11,0
28-Oct-2025,916.15,Call,700,0,0,26.1819,0,161,0
28-Oct-2025,916.15,Call,760,0,0,26.1819,0,40,0
28-Oct-2025,916.15,Call,780,0,0,26.1819,0,53,0
28-Oct-2025,916.15,Put,960,0,0,26.1819,0,17,0
28-Oct-2025,916.15,Call,810,0,0,26.1819,0,259,0
28-Oct-2025,916.15,Put,970,0,0,26.1819,0,0,0
28-Oct-2025,916.15,Put,990,0,0,26.1819,0,0,0
25-Nov-2025,916.15,Put,750,0,0,26.1819,0,0,0
25-Nov-2025,916.15,Put,770,0,0,26.1819,0,0,0
25-Nov-2025,916.15,Put,790,0,0,26.1819,0,42,0
25-Nov-2025,916.15,Put,1020,0,0,26.1819,0,0,0
25-Nov-2025,916.15,Put,955,0,0,26.1819,0,0,0
25-Nov-2025,916.15,Put,965,0,0,26.1819,0,0,0
25-Nov-2025,916.15,Put,1030,0,0,26.1819,0,0,0
25-Nov-2025,916.15,Call,810,0,0,26.1819,0,1,0
25-Nov-2025,916.15,Call,815,0,0,26.1819,0,0,0
25-Nov-2025,916.15,Put,815,0,0,26.1819,0,0,0
25-Nov-2025,916.15,Call,825,0,0,26.1819,0,0,0
25-Nov-2025,916.15,Call,835,0,0,26.1819,0,0,0
25-Nov-2025,916.15,Put,835,0,0,26.1819,0,0,0
25-Nov-2025,916.15,Call,845,0,0,26.1819,0,0,0
25-Nov-2025,916.15,Call,855,0,0,26.1819,0,11,0
25-Nov-2025,916.15,Call,865,0,0,26.1819,0,3,0
25-Nov-2025,916.15,Call,875,0,0,26.1819,0,4,0
25-Nov-2025,916.15,Put,935,0,0,26.1819,0,1,0
25-Nov-2025,916.15,Put,990,0,0,26.1819,0,0,0
25-Nov-2025,916.15,Put,945,0,0,26.1819,0,0,0
25-Nov-2025,916.15,Call,760,0,0,26.1819,0,0,0
25-Nov-2025,916.15,Put,760,0,0,26.1819,0,0,0
25-Nov-2025,916.15,Put,1010,0,0,26.1819,0,1,0
25-Nov-2025,916.15,Put,740,0,0,26.1819,0,5,0
25-Nov-2025,916.15,Call,750,0,0,26.1819,0,3,0
25-Nov-2025,916.15,Call,770,0,0,26.1819,0,0,0
30-Dec-2025,916.15,Put,780,0,0,26.1819,0,0,0
30-Dec-2025,916.15,Put,760,0,0,26.1819,0,0,0
30-Dec-2025,916.15,Put,860,0,0,26.1819,0,2,0
30-Dec-2025,916.15,Put,870,0,0,26.1819,0,0,0
30-Dec-2025,916.15,Put,910,0,0,26.1819,0,0,0
30-Dec-2025,916.15,Put,890,0,0,26.1819,0,0,0
25-Nov-2025,916.15,Call,780,0,0,26.1819,0,0,0
25-Nov-2025,916.15,Call,790,0,0,26.1819,0,0,0
25-Nov-2025,916.15,Call,805,0,0,26.1819,0,0,0
25-Nov-2025,916.15,Put,805,0,0,26.1819,0,0,0
30-Dec-2025,916.15,Put,930,0,0,26.1819,0,0,0
30-Dec-2025,916.15,Call,860,0,0,26.1819,0,1,0
30-Dec-2025,916.15,Put,840,0,0,26.1819,0,31,0
30-Dec-2025,916.15,Put,820,0,0,26.1819,0,0,0
30-Dec-2025,916.15,Put,740,0,0,26.1819,0,0,0
30-Dec-2025,916.15,Put,810,0,0,26.1819,0,0,0
30-Dec-2025,916.15,Put,960,0,0,0,0,0,0
30-Dec-2025,916.15,Put,800,0,0,26.1819,0,0,0
30-Dec-2025,916.15,Call,940,0,0,26.1819,0,0,0
30-Dec-2025,916.15,Put,920,0,0,26.1819,0,0,0
30-Dec-2025,916.15,Put,940,0,0,26.1819,0,0,0
30-Dec-2025,916.15,Call,960,0,0,26.1819,0,0,0
30-Dec-2025,916.15,Call,930,0,0,26.1819,0,0,0
30-Dec-2025,916.15,Call,1020,0,0,26.1819,0,0,0
30-Dec-2025,916.15,Call,970,0,0,0,0,0,0
