28-Oct-2025,3080,Call,3100,18.7,17.46,24.4696,-4176,11109,78275
28-Oct-2025,3080,-,0,3083.1,0,24.4696,-9961,142104,62629
25-Nov-2025,3080,-,0,3098.7,0,24.4696,32323,60169,48229
28-Oct-2025,3080,Call,3060,38.05,16.23,24.4696,-5677,2467,31971
28-Oct-2025,3080,Call,3200,4,24.31,24.4696,-1465,12738,31924
28-Oct-2025,3080,Call,3080,26,16.34,24.4696,-1945,4776,26036
28-Oct-2025,3080,Put,3000,4.55,21.54,24.4696,-2196,4524,21547
28-Oct-2025,3080,Call,3120,13.15,18.6,24.4696,444,2722,20334
28-Oct-2025,3080,Call,3140,8.8,19.64,24.4696,416,2568,18413
28-Oct-2025,3080,Call,3000,86.85,13.28,24.4696,-5444,5344,16955
28-Oct-2025,3080,Call,3040,51.65,15.99,24.4696,-3961,2420,16232
28-Oct-2025,3080,Call,3160,6.7,21.32,24.4696,221,2522,14124
28-Oct-2025,3080,Put,3040,10,19.26,24.4696,-112,2128,12676
28-Oct-2025,3080,Call,3180,4.9,22.91,24.4696,358,1680,12228
28-Oct-2025,3080,Put,3060,15.95,18.95,24.4696,-155,1681,12222
28-Oct-2025,3080,Put,3020,6.8,20.16,24.4696,-515,1502,12018
25-Nov-2025,3080,Call,3100,72,18.11,24.4696,981,3733,11730
25-Nov-2025,3080,Call,3200,34.15,18.81,24.4696,40,3729,10920
28-Oct-2025,3080,Call,3020,68.85,16.8,24.4696,-3347,1296,10786
28-Oct-2025,3080,Put,3080,24.3,18.95,24.4696,559,1675,10671
28-Oct-2025,3080,Put,2960,2.65,24.89,24.4696,-1573,2384,10353
28-Oct-2025,3080,Put,2980,3.5,23.11,24.4696,-459,2360,8912
28-Oct-2025,3080,Put,3100,36.25,20.14,24.4696,-1127,2553,8429
28-Oct-2025,3080,Put,2900,1.4,29.62,24.4696,-1367,4737,8196
28-Oct-2025,3080,Call,3220,2.75,25.06,24.4696,561,1624,6985
28-Oct-2025,3080,Call,3300,1.2,29.99,24.4696,-662,5044,6600
25-Nov-2025,3080,Call,3300,15.45,19.74,24.4696,804,1781,5574
28-Oct-2025,3080,Put,2940,2.2,26.55,24.4696,-313,1581,4724
25-Nov-2025,3080,Call,3000,129.75,18.07,24.4696,-569,2967,4457
28-Oct-2025,3080,Call,3240,2.2,26.07,24.4696,521,1692,4299
25-Nov-2025,3080,Put,3000,32.35,19.93,24.4696,835,3805,4273
25-Nov-2025,3080,Call,3240,25.05,19.25,24.4696,1500,1697,3428
28-Oct-2025,3080,Call,2960,120.55,26.14,24.4696,-1249,2275,3366
28-Oct-2025,3080,Put,2800,0.75,39.2,24.4696,-818,3314,3241
28-Oct-2025,3080,Put,2920,1.85,28.19,24.4696,-540,1636,2898
25-Nov-2025,3080,Call,3060,92.7,17.85,24.4696,250,856,2851
25-Nov-2025,3080,Put,3100,71,20.19,24.4696,1040,1573,2841
25-Nov-2025,3080,Put,2900,13,21.24,24.4696,78,1521,2820
25-Nov-2025,3080,Call,3400,7.5,21.33,24.4696,519,1782,2514
28-Oct-2025,3080,Call,3260,1.65,27.02,24.4696,208,1417,2474
28-Oct-2025,3080,Call,3280,1.4,28.62,24.4696,-142,753,2366
25-Nov-2025,3080,Call,3080,80,18.31,24.4696,507,743,2178
28-Oct-2025,3080,Put,2880,1.3,31.27,24.4696,-420,903,2028
25-Nov-2025,3080,Put,3060,53.2,20.08,24.4696,509,674,1925
28-Oct-2025,3080,Put,3120,50.65,21.1,24.4696,139,408,1921
28-Oct-2025,3080,Call,2980,105,16.53,24.4696,-685,765,1790
25-Nov-2025,3080,Call,3040,103.2,18.72,24.4696,-17,772,1664
25-Nov-2025,3080,Put,2800,5.55,22.9,24.4696,-12,1044,1612
28-Oct-2025,3080,Put,2860,0.95,32.63,24.4696,-272,937,1544
28-Oct-2025,3080,Call,3320,0.9,30.58,24.4696,-19,1549,1435
28-Oct-2025,3080,Put,2840,0.9,34.56,24.4696,-384,764,1366
25-Nov-2025,3080,Call,3140,52.9,18.38,24.4696,208,525,1360
28-Oct-2025,3080,Call,3340,0.75,32.12,24.4696,-88,1966,1345
30-Dec-2025,3080,-,0,3115.9,0,24.4696,132,2267,1273
25-Nov-2025,3080,Call,3160,47,19.17,24.4696,130,432,1188
28-Oct-2025,3080,Call,2900,182.05,0,24.4696,-770,1743,1171
25-Nov-2025,3080,Put,3080,62.7,19.94,24.4696,545,591,1157
28-Oct-2025,3080,Call,3400,0.7,37.12,24.4696,-378,3069,1054
28-Oct-2025,3080,Call,3360,0.65,33.53,24.4696,111,904,1051
25-Nov-2025,3080,Call,3120,61.8,18.42,24.4696,240,442,1028
25-Nov-2025,3080,Put,3200,134.8,20.59,24.4696,434,870,1004
25-Nov-2025,3080,Call,3180,39.25,18.7,24.4696,299,456,919
28-Oct-2025,3080,Put,2700,0.25,44.74,24.4696,-307,2395,911
28-Oct-2025,3080,Put,3200,123.7,28.07,24.4696,-368,1464,899
28-Oct-2025,3080,Put,2600,0.3,57.04,24.4696,-230,2269,858
28-Oct-2025,3080,Put,2820,0.7,36.38,24.4696,-147,389,834
25-Nov-2025,3080,Call,3320,13.3,20.24,24.4696,89,538,766
28-Oct-2025,3080,Put,2740,0.4,42.6,24.4696,-372,739,758
25-Nov-2025,3080,Call,3220,29,19.01,24.4696,317,454,734
25-Nov-2025,3080,Put,3040,44,19.96,24.4696,204,624,726
25-Nov-2025,3080,Put,2960,22.5,20.47,24.4696,-37,453,710
25-Nov-2025,3080,Put,2840,7.4,21.94,24.4696,39,451,674
25-Nov-2025,3080,Call,3020,116,18.49,24.4696,-46,278,662
25-Nov-2025,3080,Call,3520,3.7,23.64,24.4696,216,702,644
28-Oct-2025,3080,Put,3140,69.95,22.34,24.4696,140,414,623
25-Nov-2025,3080,Put,2860,9.1,21.76,24.4696,11,202,616
25-Nov-2025,3080,Call,3440,5.85,21.98,24.4696,188,243,564
28-Oct-2025,3080,Call,2940,141.2,25.58,24.4696,-178,882,557
25-Nov-2025,3080,Put,2980,26.9,20.15,24.4696,161,379,546
25-Nov-2025,3080,Call,2900,212.65,19.09,24.4696,-46,593,543
28-Oct-2025,3080,Put,2780,0.6,39.58,24.4696,-231,275,514
25-Nov-2025,3080,Put,2880,11.2,21.46,24.4696,-64,208,488
25-Nov-2025,3080,Put,2920,15.75,20.74,24.4696,63,229,458
28-Oct-2025,3080,Put,2760,0.55,41.96,24.4696,-281,557,438
28-Oct-2025,3080,Put,3300,220,32.04,24.4696,-240,1151,437
25-Nov-2025,3080,Put,2940,19.25,20.55,24.4696,58,212,432
25-Nov-2025,3080,Call,3260,21.1,19.45,24.4696,110,239,411
28-Oct-2025,3080,Put,2720,0.4,45.56,24.4696,-140,430,406
25-Nov-2025,3080,Put,3020,37.95,19.97,24.4696,63,284,390
25-Nov-2025,3080,Call,3280,18,19.65,24.4696,66,264,372
25-Nov-2025,3080,Call,3360,9.85,20.73,24.4696,106,147,363
28-Oct-2025,3080,Put,3160,85.7,22.54,24.4696,-5,322,308
28-Oct-2025,3080,Call,2920,168.25,25,24.4696,-151,1228,304
30-Dec-2025,3080,Put,3000,48,19.19,24.4696,119,275,294
25-Nov-2025,3080,Put,2700,2.75,25.62,24.4696,-40,395,292
25-Nov-2025,3080,Put,3400,304,24.87,24.4696,222,355,274
25-Nov-2025,3080,Put,2780,4.65,23.28,24.4696,-67,221,268
28-Oct-2025,3080,Put,3400,321.45,0,24.4696,-126,1507,261
25-Nov-2025,3080,Call,3480,4.7,22.8,24.4696,50,64,257
25-Nov-2025,3080,Put,3120,82.75,20.05,24.4696,88,217,241
25-Nov-2025,3080,Put,3300,217.25,22.97,24.4696,169,357,241
25-Nov-2025,3080,Call,3600,2.6,25.36,24.4696,42,318,233
25-Nov-2025,3080,Call,2960,162.05,19.65,24.4696,-18,414,231
25-Nov-2025,3080,Put,3140,94.35,20.03,24.4696,19,178,227
25-Nov-2025,3080,Put,2600,2.15,29.86,24.4696,-14,217,214
25-Nov-2025,3080,Put,2820,6.45,22.4,24.4696,-24,95,188
28-Oct-2025,3080,Call,2800,280.9,45.61,24.4696,-43,904,181
30-Dec-2025,3080,Call,3200,65.75,17.36,24.4696,39,187,181
25-Nov-2025,3080,Put,3680,577,35.97,24.4696,95,130,177
28-Oct-2025,3080,Put,2640,0.25,51.43,24.4696,-47,794,174
30-Dec-2025,3080,Call,3000,166.6,16.21,24.4696,-78,152,171
25-Nov-2025,3080,Put,3160,107.35,20.14,24.4696,97,102,165
28-Oct-2025,3080,Call,3600,0.25,49.71,24.4696,-62,734,158
25-Nov-2025,3080,Call,2980,146,18.18,24.4696,-11,188,148
28-Oct-2025,3080,Put,2660,0.25,49.19,24.4696,-50,497,147
28-Oct-2025,3080,Call,3380,0.75,35.87,24.4696,-36,188,135
25-Nov-2025,3080,Put,3240,166.8,20.8,24.4696,80,107,127
28-Oct-2025,3080,Put,3520,430,0,24.4696,-121,154,126
28-Oct-2025,3080,Put,3640,560,0,24.4696,0,674,114
28-Oct-2025,3080,Put,2680,0.2,45.85,24.4696,-29,770,108
25-Nov-2025,3080,Call,2880,238.1,20.31,24.4696,89,116,103
28-Oct-2025,3080,Call,3560,0.4,48.98,24.4696,-13,336,94
25-Nov-2025,3080,Put,2740,3.4,24.16,24.4696,-24,187,91
25-Nov-2025,3080,Put,3480,382,26.34,24.4696,86,91,89
28-Oct-2025,3080,Call,3640,0.25,52.87,24.4696,-28,240,87
25-Nov-2025,3080,Call,2800,302.4,20.84,24.4696,47,195,86
28-Oct-2025,3080,Call,2880,210.95,38.86,24.4696,-13,515,82
28-Oct-2025,3080,Put,3180,104.25,21.88,24.4696,-27,121,80
28-Oct-2025,3080,Put,3240,161.65,23.47,24.4696,-53,130,78
25-Nov-2025,3080,Put,2720,3,24.73,24.4696,-32,130,73
28-Oct-2025,3080,Call,3480,0.45,42.67,24.4696,-13,355,72
28-Oct-2025,3080,Put,2400,0.35,81.94,24.4696,-3,380,71
25-Nov-2025,3080,Put,3180,113.65,19.99,24.4696,45,61,68
30-Dec-2025,3080,Call,3280,44.7,18.09,24.4696,-18,138,66
28-Oct-2025,3080,Put,2480,0.15,66.28,24.4696,-16,170,63
28-Oct-2025,3080,Put,3600,510,0,24.4696,-14,1261,61
28-Oct-2025,3080,Call,3520,0.45,46.2,24.4696,-26,419,61
28-Oct-2025,3080,Call,2600,461,0,24.4696,-55,297,56
25-Nov-2025,3080,Put,2760,3.7,23.39,24.4696,-15,179,56
28-Oct-2025,3080,Put,3560,470,0,24.4696,-32,86,55
25-Nov-2025,3080,Call,3680,1.5,27.66,24.4696,28,87,55
28-Oct-2025,3080,Call,3440,0.4,38.5,24.4696,-19,211,53
25-Nov-2025,3080,Put,2660,2.55,27.35,24.4696,-3,34,49
25-Nov-2025,3080,Put,3560,445,17.84,24.4696,41,41,44
28-Oct-2025,3080,Put,2560,0.2,59.1,24.4696,-23,460,40
25-Nov-2025,3080,Call,2940,177.8,19.56,24.4696,-4,54,39
28-Oct-2025,3080,Put,3260,166.5,0,24.4696,4,62,37
28-Oct-2025,3080,Put,3480,453.45,130.27,24.4696,0,90,37
25-Nov-2025,3080,Put,3260,182.9,21.2,24.4696,21,23,32
30-Dec-2025,3080,Put,2800,12.3,20.76,24.4696,-11,69,31
28-Oct-2025,3080,Put,2520,0.25,65.06,24.4696,-13,354,27
28-Oct-2025,3080,Call,2860,223.85,32.81,24.4696,-21,240,27
30-Dec-2025,3080,Call,3520,11.55,19.67,24.4696,16,55,27
28-Oct-2025,3080,Call,3420,0.45,37.22,24.4696,-5,253,26
28-Oct-2025,3080,Put,3220,143.05,20.62,24.4696,-15,64,25
30-Dec-2025,3080,Call,3120,100.65,17.47,24.4696,23,27,25
28-Oct-2025,3080,Call,2840,251.1,45.45,24.4696,-10,134,20
25-Nov-2025,3080,Put,3520,412,26.62,24.4696,18,18,20
30-Dec-2025,3080,Call,3360,26.75,18.08,24.4696,18,54,19
25-Nov-2025,3080,Call,2860,259.5,22.64,24.4696,-2,15,16
28-Oct-2025,3080,Put,2440,0.2,72.75,24.4696,-3,30,14
25-Nov-2025,3080,Call,2920,205,20.93,24.4696,2,28,14
28-Oct-2025,3080,Call,2700,393.4,73.66,24.4696,-3,65,13
30-Dec-2025,3080,Put,2960,34.4,19.2,24.4696,2,36,13
30-Dec-2025,3080,Put,2840,14.05,19.56,24.4696,-3,39,11
28-Oct-2025,3080,Put,3280,202.2,0,24.4696,-4,42,8
30-Dec-2025,3080,Call,3440,17,18.71,24.4696,-1,34,7
28-Oct-2025,3080,Put,3320,232.5,26.73,24.4696,-5,23,6
25-Nov-2025,3080,Put,3320,226.4,22.59,24.4696,4,4,6
25-Nov-2025,3080,Put,3440,335,24.35,24.4696,2,13,6
25-Nov-2025,3080,Call,2840,233,0,24.4696,0,9,6
28-Oct-2025,3080,Put,3340,250,0,24.4696,-4,33,5
30-Dec-2025,3080,Put,3200,140,20.3,24.4696,4,4,5
30-Dec-2025,3080,Call,3240,52.75,17.31,24.4696,0,29,4
28-Oct-2025,3080,Put,3440,348.5,0,24.4696,-2,31,3
28-Oct-2025,3080,Call,2760,281,0,24.4696,0,60,2
25-Nov-2025,3080,Put,3360,261.65,23.17,24.4696,0,1,2
25-Nov-2025,3080,Put,3280,191,21.48,24.4696,0,6,1
25-Nov-2025,3080,Put,3220,138,19.04,24.4696,0,0,1
30-Dec-2025,3080,Call,3160,78,16.32,24.4696,0,2,1
28-Oct-2025,3080,Call,2820,0,0,24.4696,0,106,0
28-Oct-2025,3080,Call,2720,0,0,24.4696,0,18,0
28-Oct-2025,3080,Call,2560,0,0,24.4696,0,0,0
28-Oct-2025,3080,Call,2480,0,0,24.4696,0,2,0
28-Oct-2025,3080,Call,2520,0,0,24.4696,0,0,0
28-Oct-2025,3080,Put,3420,0,0,24.4696,0,14,0
28-Oct-2025,3080,Put,3360,0,0,24.4696,0,13,0
28-Oct-2025,3080,Call,2780,0,0,24.4696,0,9,0
28-Oct-2025,3080,Call,2740,0,0,24.4696,0,9,0
28-Oct-2025,3080,Call,2440,0,0,24.4696,0,0,0
28-Oct-2025,3080,Call,2660,0,0,24.4696,0,0,0
25-Nov-2025,3080,Put,2680,0,0,24.4696,0,30,0
25-Nov-2025,3080,Call,2820,0,0,24.4696,0,0,0
25-Nov-2025,3080,Call,2700,0,0,24.4696,0,0,0
28-Oct-2025,3080,Call,2680,0,0,24.4696,0,0,0
25-Nov-2025,3080,Call,2660,0,0,24.4696,0,0,0
28-Oct-2025,3080,Call,2640,0,0,24.4696,0,1,0
25-Nov-2025,3080,Call,2740,0,0,24.4696,0,0,0
25-Nov-2025,3080,Call,2780,0,0,24.4696,0,0,0
25-Nov-2025,3080,Call,2480,0,0,24.4696,0,0,0
25-Nov-2025,3080,Call,2520,0,0,24.4696,0,0,0
25-Nov-2025,3080,Call,2560,0,0,24.4696,0,0,0
25-Nov-2025,3080,Call,2440,0,0,24.4696,0,0,0
25-Nov-2025,3080,Call,2600,0,0,24.4696,0,1,0
25-Nov-2025,3080,Put,2520,0,0,24.4696,0,0,0
25-Nov-2025,3080,Call,2680,0,0,24.4696,0,0,0
25-Nov-2025,3080,Put,2640,0,0,24.4696,0,0,0
25-Nov-2025,3080,Call,2720,0,0,24.4696,0,0,0
25-Nov-2025,3080,Call,2760,0,0,24.4696,0,0,0
25-Nov-2025,3080,Call,3560,0,0,24.4696,0,0,0
25-Nov-2025,3080,Put,2560,0,0,24.4696,0,0,0
25-Nov-2025,3080,Call,2640,0,0,24.4696,0,0,0
25-Nov-2025,3080,Put,2480,0,0,24.4696,0,0,0
25-Nov-2025,3080,Put,2440,0,0,24.4696,0,0,0
30-Dec-2025,3080,Put,3080,0,0,24.4696,0,0,0
30-Dec-2025,3080,Put,3040,0,0,24.4696,0,0,0
30-Dec-2025,3080,Call,3040,0,0,24.4696,0,0,0
30-Dec-2025,3080,Put,2880,0,0,24.4696,0,0,0
30-Dec-2025,3080,Put,3120,0,0,24.4696,0,0,0
30-Dec-2025,3080,Put,3240,0,0,0,0,0,0
30-Dec-2025,3080,Put,2560,0,0,24.4696,0,0,0
30-Dec-2025,3080,Put,3280,0,0,0,0,0,0
30-Dec-2025,3080,Call,3080,0,0,24.4696,0,0,0
30-Dec-2025,3080,Put,3160,0,0,24.4696,0,0,0
30-Dec-2025,3080,Put,2680,0,0,24.4696,0,0,0
30-Dec-2025,3080,Call,3320,0,0,24.4696,0,11,0
30-Dec-2025,3080,Put,2920,0,0,24.4696,0,0,0
30-Dec-2025,3080,Put,2640,0,0,24.4696,0,0,0
