28-Oct-2025,12306,-,0,12331,0,25.2463,444,44345,4515
25-Nov-2025,12306,-,0,12397,0,25.2463,3147,6219,4185
28-Oct-2025,12306,Call,12400,75.95,18.37,25.2463,90,1252,3791
28-Oct-2025,12306,Call,12500,44.4,18.65,25.2463,-70,1870,3290
28-Oct-2025,12306,Call,13000,5.35,25.38,25.2463,-310,2345,2691
28-Oct-2025,12306,Put,12000,18.2,20.47,25.2463,18,1090,2413
28-Oct-2025,12306,Call,12600,24.1,18.97,25.2463,-59,1119,2396
28-Oct-2025,12306,Put,12200,57.05,19.45,25.2463,-76,1726,2163
28-Oct-2025,12306,Call,12300,123,18.44,25.2463,-4,908,2142
28-Oct-2025,12306,Put,12300,92.55,18.9,25.2463,13,576,1493
28-Oct-2025,12306,Call,12700,14.4,20.15,25.2463,-72,808,1446
28-Oct-2025,12306,Put,12400,145.85,19.45,25.2463,-6,228,1251
28-Oct-2025,12306,Put,12100,31.35,19.65,25.2463,0,557,1205
28-Oct-2025,12306,Put,11800,6.75,22.97,25.2463,15,290,1104
28-Oct-2025,12306,Call,12800,9.8,21.53,25.2463,-123,806,937
28-Oct-2025,12306,Call,12900,6.95,23.43,25.2463,-13,543,856
28-Oct-2025,12306,Put,11700,4.95,24.75,25.2463,-20,295,566
28-Oct-2025,12306,Put,11900,10.5,21.12,25.2463,-26,344,483
28-Oct-2025,12306,Call,13100,4,26.71,25.2463,-36,369,473
28-Oct-2025,12306,Call,13200,2.8,27.75,25.2463,-36,533,458
28-Oct-2025,12306,Call,12200,186.1,18.05,25.2463,-18,510,411
25-Nov-2025,12306,Call,13000,87.9,18.88,25.2463,72,479,393
28-Oct-2025,12306,Put,12500,212.15,19.91,25.2463,-45,252,384
25-Nov-2025,12306,Call,12500,241,18.64,25.2463,81,292,353
25-Nov-2025,12306,Call,12400,287.7,18.62,25.2463,84,206,208
25-Nov-2025,12306,Call,12300,350.4,18.75,25.2463,10,120,199
28-Oct-2025,12306,Call,12100,264.5,18.38,25.2463,-7,224,185
28-Oct-2025,12306,Put,11500,2.25,27.86,25.2463,-52,335,181
25-Nov-2025,12306,Put,12000,127,20.48,25.2463,50,199,174
28-Oct-2025,12306,Put,11600,3.05,26.04,25.2463,-5,245,164
28-Oct-2025,12306,Call,13300,2.2,29.57,25.2463,-1,458,156
28-Oct-2025,12306,Put,12600,288.35,18.15,25.2463,5,427,95
28-Oct-2025,12306,Call,12000,350.8,22.21,25.2463,-11,413,92
28-Oct-2025,12306,Call,13500,0.95,31.01,25.2463,-11,974,90
28-Oct-2025,12306,Put,11400,1.8,29.21,25.2463,-38,281,66
25-Nov-2025,12306,Put,12300,236,19.61,25.2463,12,79,66
25-Nov-2025,12306,Put,11800,81.5,20.56,25.2463,18,93,59
28-Oct-2025,12306,Call,14400,1.45,52.23,25.2463,23,198,58
25-Nov-2025,12306,Call,12800,133.7,18.75,25.2463,25,74,51
25-Nov-2025,12306,Put,12500,335.25,20.05,25.2463,22,56,50
25-Nov-2025,12306,Call,12600,204.2,18.6,25.2463,30,39,46
25-Nov-2025,12306,Put,12400,285.85,20,25.2463,19,57,45
25-Nov-2025,12306,Put,11600,51.1,20.89,25.2463,26,129,41
25-Nov-2025,12306,Call,12700,166.6,18.88,25.2463,17,55,35
28-Oct-2025,12306,Put,10900,0.15,34.56,25.2463,-1,738,34
28-Oct-2025,12306,Call,13600,1.05,33.61,25.2463,-9,79,32
25-Nov-2025,12306,Put,12200,195.1,20.35,25.2463,17,49,31
30-Dec-2025,12306,-,0,12457,0,25.2463,10,167,23
25-Nov-2025,12306,Call,12000,522,17.77,25.2463,11,62,21
25-Nov-2025,12306,Call,13600,23.6,20.19,25.2463,9,20,20
25-Nov-2025,12306,Call,13200,57.5,19.56,25.2463,14,39,20
25-Nov-2025,12306,Call,12200,400,18.7,25.2463,1,21,19
25-Nov-2025,12306,Call,13400,33.75,19.3,25.2463,4,77,17
25-Nov-2025,12306,Put,12100,163.3,20.4,25.2463,13,19,16
28-Oct-2025,12306,Call,14000,1.5,43.98,25.2463,-3,123,12
28-Oct-2025,12306,Put,11300,0.5,28.24,25.2463,0,287,11
28-Oct-2025,12306,Put,11000,0.15,32.2,25.2463,-7,442,11
28-Oct-2025,12306,Put,10400,0.45,51.23,25.2463,-3,59,10
28-Oct-2025,12306,Put,11200,0.75,32.19,25.2463,0,346,10
28-Oct-2025,12306,Call,13400,1.2,29.57,25.2463,-4,292,8
25-Nov-2025,12306,Put,11900,104,20.34,25.2463,0,21,8
25-Nov-2025,12306,Put,13000,686,21.54,25.2463,0,4,4
25-Nov-2025,12306,Call,13800,19.2,20.88,25.2463,2,10,4
28-Oct-2025,12306,Call,11800,497.8,0,25.2463,-2,43,3
28-Oct-2025,12306,Put,13000,670.85,22.33,25.2463,-1,174,3
30-Dec-2025,12306,Call,12000,700,17.97,25.2463,0,0,3
28-Oct-2025,12306,Call,11900,451.5,0,25.2463,0,52,2
28-Oct-2025,12306,Put,12800,495.2,28.21,25.2463,1,10,2
28-Oct-2025,12306,Call,13800,1.2,38.56,25.2463,0,24,1
28-Oct-2025,12306,Put,12700,327.15,0,25.2463,0,81,1
28-Oct-2025,12306,Call,13700,0.95,35.41,25.2463,-1,27,1
25-Nov-2025,12306,Call,14000,2,16.78,25.2463,0,10,1
25-Nov-2025,12306,Put,10900,11.7,24.1,25.2463,0,3,1
30-Dec-2025,12306,Put,12400,389,21.68,25.2463,0,4,1
28-Oct-2025,12306,Put,13500,0,0,25.2463,0,0,0
28-Oct-2025,12306,Call,11700,0,0,25.2463,0,29,0
28-Oct-2025,12306,Put,10600,0,0,25.2463,0,7,0
28-Oct-2025,12306,Put,10800,0,0,25.2463,0,369,0
28-Oct-2025,12306,Call,10900,0,0,25.2463,0,0,0
28-Oct-2025,12306,Put,10200,0,0,25.2463,0,0,0
28-Oct-2025,12306,Call,11100,0,0,25.2463,0,1,0
28-Oct-2025,12306,Call,10200,0,0,25.2463,0,0,0
28-Oct-2025,12306,Call,11300,0,0,25.2463,0,0,0
28-Oct-2025,12306,Put,11100,0,0,25.2463,0,107,0
28-Oct-2025,12306,Call,11200,0,0,25.2463,0,10,0
28-Oct-2025,12306,Call,11400,0,0,25.2463,0,15,0
28-Oct-2025,12306,Call,11600,0,0,25.2463,0,16,0
28-Oct-2025,12306,Put,13200,0,0,25.2463,0,5,0
28-Oct-2025,12306,Put,13400,0,0,25.2463,0,0,0
28-Oct-2025,12306,Put,13600,0,0,25.2463,0,0,0
28-Oct-2025,12306,Put,13800,0,0,25.2463,0,0,0
28-Oct-2025,12306,Put,14000,0,0,25.2463,0,0,0
28-Oct-2025,12306,Call,10600,0,0,25.2463,0,1,0
28-Oct-2025,12306,Put,12900,0,0,25.2463,0,17,0
28-Oct-2025,12306,Put,13100,0,0,25.2463,0,0,0
28-Oct-2025,12306,Put,13300,0,0,25.2463,0,5,0
28-Oct-2025,12306,Put,14200,0,0,25.2463,0,0,0
28-Oct-2025,12306,Call,11000,0,0,25.2463,0,2,0
28-Oct-2025,12306,Call,10800,0,0,25.2463,0,5,0
28-Oct-2025,12306,Call,14200,0,0,25.2463,0,30,0
28-Oct-2025,12306,Call,10400,0,0,25.2463,0,8,0
28-Oct-2025,12306,Call,11500,0,0,25.2463,0,27,0
25-Nov-2025,12306,Put,10400,0,0,25.2463,0,0,0
25-Nov-2025,12306,Call,11900,0,0,25.2463,0,0,0
25-Nov-2025,12306,Put,12800,0,0,25.2463,0,0,0
25-Nov-2025,12306,Put,11500,0,0,25.2463,0,0,0
25-Nov-2025,12306,Call,10200,0,0,25.2463,0,0,0
25-Nov-2025,12306,Call,10900,0,0,25.2463,0,0,0
25-Nov-2025,12306,Call,11100,0,0,25.2463,0,0,0
25-Nov-2025,12306,Call,11300,0,0,25.2463,0,0,0
25-Nov-2025,12306,Call,11500,0,0,25.2463,0,0,0
25-Nov-2025,12306,Call,11700,0,0,25.2463,0,0,0
25-Nov-2025,12306,Put,11700,0,0,25.2463,0,0,0
25-Nov-2025,12306,Call,12900,0,0,25.2463,0,0,0
25-Nov-2025,12306,Call,13100,0,0,25.2463,0,0,0
25-Nov-2025,12306,Put,10600,0,0,25.2463,0,0,0
25-Nov-2025,12306,Put,14200,0,0,25.2463,0,0,0
25-Nov-2025,12306,Put,12700,0,0,25.2463,0,0,0
25-Nov-2025,12306,Call,13500,0,0,25.2463,0,0,0
25-Nov-2025,12306,Put,11400,0,0,25.2463,0,0,0
25-Nov-2025,12306,Put,11100,0,0,25.2463,0,0,0
25-Nov-2025,12306,Call,13300,0,0,25.2463,0,0,0
25-Nov-2025,12306,Put,10200,0,0,25.2463,0,0,0
25-Nov-2025,12306,Put,12600,0,0,25.2463,0,0,0
25-Nov-2025,12306,Call,12100,0,0,25.2463,0,2,0
25-Nov-2025,12306,Put,10800,0,0,25.2463,0,0,0
25-Nov-2025,12306,Put,11300,0,0,25.2463,0,0,0
25-Nov-2025,12306,Put,11000,0,0,25.2463,0,2,0
25-Nov-2025,12306,Call,10400,0,0,25.2463,0,0,0
25-Nov-2025,12306,Call,10600,0,0,25.2463,0,0,0
25-Nov-2025,12306,Call,10800,0,0,25.2463,0,0,0
25-Nov-2025,12306,Put,13200,0,0,25.2463,0,0,0
25-Nov-2025,12306,Put,13400,0,0,25.2463,0,0,0
25-Nov-2025,12306,Put,13600,0,0,25.2463,0,0,0
25-Nov-2025,12306,Put,13800,0,0,25.2463,0,0,0
25-Nov-2025,12306,Put,14000,0,0,25.2463,0,0,0
25-Nov-2025,12306,Put,12900,0,0,25.2463,0,0,0
25-Nov-2025,12306,Put,13100,0,0,25.2463,0,0,0
25-Nov-2025,12306,Put,13300,0,0,25.2463,0,0,0
25-Nov-2025,12306,Call,11000,0,0,25.2463,0,0,0
25-Nov-2025,12306,Call,11200,0,0,25.2463,0,0,0
25-Nov-2025,12306,Call,11400,0,0,25.2463,0,0,0
25-Nov-2025,12306,Call,11600,0,0,25.2463,0,0,0
25-Nov-2025,12306,Call,11800,0,0,25.2463,0,0,0
25-Nov-2025,12306,Call,14200,0,0,25.2463,0,1,0
25-Nov-2025,12306,Put,13500,0,0,25.2463,0,0,0
30-Dec-2025,12306,Call,12200,0,0,25.2463,0,0,0
30-Dec-2025,12306,Call,12600,0,0,25.2463,0,1,0
30-Dec-2025,12306,Call,12800,0,0,25.2463,0,0,0
30-Dec-2025,12306,Put,12000,0,0,25.2463,0,0,0
30-Dec-2025,12306,Put,12600,0,0,25.2463,0,0,0
30-Dec-2025,12306,Put,12200,0,0,25.2463,0,0,0
30-Dec-2025,12306,Put,11800,0,0,25.2463,0,0,0
30-Dec-2025,12306,Put,11600,0,0,25.2463,0,0,0
30-Dec-2025,12306,Call,12400,0,0,25.2463,0,0,0
30-Dec-2025,12306,Call,13600,0,0,25.2463,0,2,0
25-Nov-2025,12306,Put,11200,0,0,25.2463,0,0,0
30-Dec-2025,12306,Put,12800,0,0,25.2463,0,0,0
30-Dec-2025,12306,Call,13400,0,0,25.2463,0,0,0
30-Dec-2025,12306,Call,13200,0,0,25.2463,0,0,0
30-Dec-2025,12306,Call,13000,0,0,25.2463,0,0,0
