28-Oct-2025,483.3,-,0,483.95,0,37.9913,1846,81634,33502
25-Nov-2025,483.3,-,0,486.8,0,37.9913,25728,30766,29293
28-Oct-2025,483.3,Call,480,8.55,28.19,37.9913,-1526,2425,9196
28-Oct-2025,483.3,Call,490,3.95,28.68,37.9913,905,3282,7337
28-Oct-2025,483.3,Put,480,4.4,27.54,37.9913,-266,1821,5815
28-Oct-2025,483.3,Put,470,1.85,29.6,37.9913,86,1840,5233
28-Oct-2025,483.3,Call,500,1.55,29.14,37.9913,-253,3621,5022
28-Oct-2025,483.3,Call,485,5.85,27.9,37.9913,-56,656,3526
28-Oct-2025,483.3,Call,484,6.25,28,37.9913,-80,368,3035
28-Oct-2025,483.3,Put,475,2.85,28.5,37.9913,-26,760,2955
28-Oct-2025,483.3,Call,475,12,29.02,37.9913,-225,442,2362
28-Oct-2025,483.3,Put,460,0.8,33.4,37.9913,-265,1327,2217
25-Nov-2025,483.3,Call,500,11.7,29.05,37.9913,10,2010,1931
28-Oct-2025,483.3,Call,470,15.9,30.59,37.9913,-418,1023,1658
28-Oct-2025,483.3,Put,485,6.6,26.63,37.9913,17,522,1617
28-Oct-2025,483.3,Put,465,1.25,31.5,37.9913,198,960,1486
28-Oct-2025,483.3,Call,495,2.5,28.78,37.9913,-74,678,1469
28-Oct-2025,483.3,Call,460,25.1,33.62,37.9913,231,1358,1445
28-Oct-2025,483.3,Call,510,0.75,32.86,37.9913,-266,1136,1246
28-Oct-2025,483.3,Put,490,9.8,27.59,37.9913,41,350,1227
25-Nov-2025,483.3,Put,470,9.35,29.23,37.9913,483,730,959
28-Oct-2025,483.3,Put,450,0.45,38.89,37.9913,-345,1094,909
25-Nov-2025,483.3,Call,490,15.65,29.04,37.9913,316,554,886
25-Nov-2025,483.3,Call,480,20.6,28.38,37.9913,139,649,738
28-Oct-2025,483.3,Call,520,0.4,36.42,37.9913,-159,1328,727
25-Nov-2025,483.3,Put,460,6.3,29.29,37.9913,126,788,726
25-Nov-2025,483.3,Put,450,4.25,30.04,37.9913,219,835,678
25-Nov-2025,483.3,Call,520,6.1,29.61,37.9913,104,628,659
28-Oct-2025,483.3,Put,464,1.15,31.83,37.9913,101,288,592
25-Nov-2025,483.3,Put,480,13.5,29.39,37.9913,138,409,507
28-Oct-2025,483.3,Call,505,1,30.56,37.9913,-49,209,486
28-Oct-2025,483.3,Call,530,0.25,39.05,37.9913,-283,909,450
25-Nov-2025,483.3,Call,540,3.1,30.45,37.9913,64,354,438
25-Nov-2025,483.3,Call,550,2.25,31.14,37.9913,128,291,391
28-Oct-2025,483.3,Put,500,17.3,29.03,37.9913,-130,402,377
25-Nov-2025,483.3,Put,500,24.55,29.94,37.9913,129,475,351
25-Nov-2025,483.3,Put,440,2.85,30.58,37.9913,99,680,336
28-Oct-2025,483.3,Put,430,0.15,49.4,37.9913,-177,1273,316
25-Nov-2025,483.3,Call,530,4.3,29.85,37.9913,80,181,298
25-Nov-2025,483.3,Call,470,26.35,28.41,37.9913,-16,408,268
25-Nov-2025,483.3,Put,485,16,29.85,37.9913,47,104,258
28-Oct-2025,483.3,Put,455,0.6,35.55,37.9913,-31,423,255
30-Dec-2025,483.3,-,0,488.5,0,37.9913,66,673,254
25-Nov-2025,483.3,Put,430,1.9,31.96,37.9913,-11,552,245
28-Oct-2025,483.3,Put,410,0.1,60.3,37.9913,-166,794,240
28-Oct-2025,483.3,Put,400,0.15,68.21,37.9913,-132,700,234
28-Oct-2025,483.3,Put,440,0.25,42.6,37.9913,-65,1115,228
28-Oct-2025,483.3,Call,465,20.3,32.4,37.9913,-53,136,219
28-Oct-2025,483.3,Call,540,0.1,41.39,37.9913,-87,670,211
25-Nov-2025,483.3,Call,475,23.1,28.15,37.9913,-10,89,195
25-Nov-2025,483.3,Put,455,5.25,29.73,37.9913,92,121,181
25-Nov-2025,483.3,Call,510,8.6,29.35,37.9913,56,189,181
25-Nov-2025,483.3,Put,490,18.55,29.83,37.9913,60,166,179
28-Oct-2025,483.3,Call,450,34.25,40.95,37.9913,-66,506,178
28-Oct-2025,483.3,Put,495,13.25,26.97,37.9913,-18,39,171
25-Nov-2025,483.3,Call,560,1.65,31.89,37.9913,12,260,166
28-Oct-2025,483.3,Put,390,0.05,70.48,37.9913,-104,346,157
25-Nov-2025,483.3,Call,440,49.25,28.04,37.9913,60,163,150
25-Nov-2025,483.3,Put,475,11.35,29.2,37.9913,20,128,149
25-Nov-2025,483.3,Put,445,3.4,30.36,37.9913,11,104,149
25-Nov-2025,483.3,Call,485,17.95,28.79,37.9913,18,150,143
25-Nov-2025,483.3,Put,420,1.4,33.61,37.9913,-4,169,137
25-Nov-2025,483.3,Call,495,13.6,29.07,37.9913,52,120,135
28-Oct-2025,483.3,Call,515,0.6,35.43,37.9913,-3,176,125
25-Nov-2025,483.3,Put,465,7.5,28.81,37.9913,49,98,98
25-Nov-2025,483.3,Call,525,5.2,29.89,37.9913,29,66,98
25-Nov-2025,483.3,Call,460,33.2,27.63,37.9913,28,114,93
25-Nov-2025,483.3,Call,505,10.1,29.29,37.9913,8,69,88
25-Nov-2025,483.3,Put,495,20.65,28.64,37.9913,11,64,85
25-Nov-2025,483.3,Put,435,2.35,31.31,37.9913,20,93,81
28-Oct-2025,483.3,Put,420,0.1,52.49,37.9913,-51,447,76
25-Nov-2025,483.3,Put,510,31.25,30.39,37.9913,15,45,74
28-Oct-2025,483.3,Put,510,27,34.42,37.9913,2,195,58
28-Oct-2025,483.3,Call,455,29.7,38.97,37.9913,1,52,57
28-Oct-2025,483.3,Put,520,36.2,41.12,37.9913,-16,85,51
28-Oct-2025,483.3,Put,445,0.3,40.69,37.9913,-7,97,50
28-Oct-2025,483.3,Put,505,22.3,32.2,37.9913,5,36,48
25-Nov-2025,483.3,Call,515,7.3,29.65,37.9913,-3,37,44
25-Nov-2025,483.3,Put,505,28,30.66,37.9913,2,19,40
30-Dec-2025,483.3,Put,420,3.9,32.19,37.9913,28,32,36
25-Nov-2025,483.3,Put,425,1.65,32.77,37.9913,-1,65,34
28-Oct-2025,483.3,Put,380,0.1,84.4,37.9913,-27,191,33
25-Nov-2025,483.3,Call,450,41.15,28.96,37.9913,5,50,33
28-Oct-2025,483.3,Call,440,44.5,51.75,37.9913,-19,300,32
25-Nov-2025,483.3,Put,410,1.1,35.93,37.9913,3,70,32
28-Oct-2025,483.3,Call,400,83.9,71.98,37.9913,-16,82,31
25-Nov-2025,483.3,Put,400,0.95,38.89,37.9913,12,153,28
28-Oct-2025,483.3,Call,420,65.4,85.84,37.9913,-7,168,26
28-Oct-2025,483.3,Call,430,54.1,53.03,37.9913,-11,121,24
25-Nov-2025,483.3,Put,520,39.4,32.12,37.9913,18,20,20
25-Nov-2025,483.3,Call,400,87,30.09,37.9913,18,55,20
25-Nov-2025,483.3,Call,430,58.5,27.96,37.9913,16,31,19
30-Dec-2025,483.3,Call,500,18.35,26.16,37.9913,12,18,18
28-Oct-2025,483.3,Call,525,0.3,38.17,37.9913,-5,64,17
25-Nov-2025,483.3,Call,465,29.7,28.43,37.9913,0,32,12
25-Nov-2025,483.3,Put,525,43.05,31.66,37.9913,9,12,12
30-Dec-2025,483.3,Call,480,27.6,25.6,37.9913,-11,4,12
28-Oct-2025,483.3,Put,425,0.15,51.37,37.9913,-4,103,10
28-Oct-2025,483.3,Put,435,0.2,45.23,37.9913,2,298,9
25-Nov-2025,483.3,Put,515,34.45,29.62,37.9913,4,6,9
25-Nov-2025,483.3,Call,420,68,31.34,37.9913,3,61,9
28-Oct-2025,483.3,Call,445,38.8,0,37.9913,1,36,8
28-Oct-2025,483.3,Put,550,66,0,37.9913,-2,10,6
25-Nov-2025,483.3,Put,550,66.5,38.71,37.9913,2,10,6
25-Nov-2025,483.3,Call,455,36.95,28.28,37.9913,3,14,6
28-Oct-2025,483.3,Call,550,0.05,43.51,37.9913,-1,197,5
28-Oct-2025,483.3,Call,380,101.95,0,37.9913,0,35,5
25-Nov-2025,483.3,Put,540,56.15,33.65,37.9913,4,4,5
28-Oct-2025,483.3,Call,435,47.05,0,37.9913,0,38,3
28-Oct-2025,483.3,Put,540,54.75,0,37.9913,0,72,2
30-Dec-2025,483.3,Put,450,9.5,31.38,37.9913,0,9,2
28-Oct-2025,483.3,Call,424,56,0,37.9913,0,70,1
30-Dec-2025,483.3,Put,440,8,33.05,37.9913,0,1,1
28-Oct-2025,483.3,Put,530,0,0,37.9913,0,10,0
28-Oct-2025,483.3,Put,525,0,0,37.9913,0,0,0
28-Oct-2025,483.3,Put,364,0,0,37.9913,0,7,0
28-Oct-2025,483.3,Put,370,0,0,37.9913,0,41,0
28-Oct-2025,483.3,Call,360,0,0,37.9913,0,11,0
28-Oct-2025,483.3,Call,425,0,0,37.9913,0,0,0
28-Oct-2025,483.3,Call,390,0,0,37.9913,0,0,0
28-Oct-2025,483.3,Call,410,0,0,37.9913,0,17,0
28-Oct-2025,483.3,Put,360,0,0,37.9913,0,39,0
28-Oct-2025,483.3,Put,515,0,0,37.9913,0,18,0
25-Nov-2025,483.3,Call,390,0,0,37.9913,0,1,0
25-Nov-2025,483.3,Call,410,0,0,37.9913,0,0,0
25-Nov-2025,483.3,Call,435,0,0,37.9913,0,0,0
25-Nov-2025,483.3,Put,530,0,0,37.9913,0,0,0
25-Nov-2025,483.3,Call,425,0,0,37.9913,0,0,0
25-Nov-2025,483.3,Put,390,0,0,37.9913,0,0,0
30-Dec-2025,483.3,Put,400,0,0,37.9913,0,0,0
30-Dec-2025,483.3,Put,470,0,0,37.9913,0,0,0
30-Dec-2025,483.3,Call,510,0,0,37.9913,0,12,0
25-Nov-2025,483.3,Call,445,0,0,37.9913,0,0,0
30-Dec-2025,483.3,Call,520,0,0,37.9913,0,0,0
30-Dec-2025,483.3,Call,490,0,0,37.9913,0,0,0
30-Dec-2025,483.3,Call,530,0,0,37.9913,0,0,0
30-Dec-2025,483.3,Put,490,0,0,37.9913,0,0,0
30-Dec-2025,483.3,Put,410,0,0,37.9913,0,0,0
30-Dec-2025,483.3,Put,500,0,0,37.9913,0,0,0
30-Dec-2025,483.3,Put,460,0,0,37.9913,0,11,0
30-Dec-2025,483.3,Put,510,0,0,37.9913,0,0,0
30-Dec-2025,483.3,Put,480,0,0,37.9913,0,1,0
30-Dec-2025,483.3,Call,470,0,0,37.9913,0,0,0
30-Dec-2025,483.3,Put,430,0,0,37.9913,0,0,0
30-Dec-2025,483.3,Call,540,0,0,37.9913,0,0,0
