28-Oct-2025,478.7,-,0,479.55,0,37.9913,392,80180,12396
25-Nov-2025,478.7,-,0,482.2,0,37.9913,7183,12221,9466
28-Oct-2025,478.7,Call,480,5.4,24.87,37.9913,-862,3089,5618
28-Oct-2025,478.7,Put,470,2.15,25.16,37.9913,56,1810,3397
28-Oct-2025,478.7,Put,480,5.6,24.01,37.9913,77,2164,2688
28-Oct-2025,478.7,Call,490,2.1,27.54,37.9913,-122,2255,2628
28-Oct-2025,478.7,Call,500,0.85,29.18,37.9913,-233,3641,2419
28-Oct-2025,478.7,Call,485,3.4,26.08,37.9913,-51,661,1647
28-Oct-2025,478.7,Put,475,3.5,24.39,37.9913,63,849,1491
28-Oct-2025,478.7,Call,484,3.8,25.6,37.9913,28,476,1484
28-Oct-2025,478.7,Call,475,8.15,24.85,37.9913,-124,543,1473
25-Nov-2025,478.7,Call,500,10,29.42,37.9913,41,2041,1280
28-Oct-2025,478.7,Call,470,11.45,27.13,37.9913,-349,1092,1122
28-Oct-2025,478.7,Put,460,0.8,28.14,37.9913,-96,1496,1025
28-Oct-2025,478.7,Put,465,1.3,26.16,37.9913,198,960,773
25-Nov-2025,478.7,Put,470,10.7,29.03,37.9913,445,692,765
28-Oct-2025,478.7,Put,450,0.4,32.25,37.9913,-283,1156,681
28-Oct-2025,478.7,Call,510,0.45,33.36,37.9913,-80,1322,627
28-Oct-2025,478.7,Put,485,8.85,24.21,37.9913,24,529,596
28-Oct-2025,478.7,Call,495,1.25,28.03,37.9913,-110,642,593
28-Oct-2025,478.7,Put,490,12.85,22.62,37.9913,-40,269,531
28-Oct-2025,478.7,Call,520,0.25,37.11,37.9913,-133,1354,506
25-Nov-2025,478.7,Call,490,13.5,29.08,37.9913,169,407,487
25-Nov-2025,478.7,Call,480,17.7,29.46,37.9913,80,590,437
25-Nov-2025,478.7,Put,460,7.45,29.16,37.9913,37,699,415
25-Nov-2025,478.7,Put,450,5.05,29.57,37.9913,149,765,405
28-Oct-2025,478.7,Call,530,0.2,42.59,37.9913,-266,926,393
28-Oct-2025,478.7,Put,464,1.2,26.62,37.9913,85,272,388
25-Nov-2025,478.7,Call,520,5.1,30.17,37.9913,90,614,374
28-Oct-2025,478.7,Call,460,20.4,35.43,37.9913,-107,1020,275
28-Oct-2025,478.7,Put,430,0.15,43.99,37.9913,-159,1291,273
25-Nov-2025,478.7,Call,540,2.65,31.02,37.9913,43,333,260
25-Nov-2025,478.7,Put,480,15.65,29.23,37.9913,78,349,244
28-Oct-2025,478.7,Put,500,21.05,0,37.9913,-104,428,222
28-Oct-2025,478.7,Call,505,0.6,31.15,37.9913,-14,244,211
25-Nov-2025,478.7,Put,500,27.65,30.07,37.9913,66,412,209
25-Nov-2025,478.7,Call,470,23.5,28.88,37.9913,-18,406,207
30-Dec-2025,478.7,-,0,484,0,37.9913,62,669,190
28-Oct-2025,478.7,Put,410,0.1,57.21,37.9913,-121,839,189
28-Oct-2025,478.7,Put,455,0.5,29.87,37.9913,-33,421,180
25-Nov-2025,478.7,Call,530,3.65,30.47,37.9913,35,136,162
25-Nov-2025,478.7,Call,550,2,32.03,37.9913,70,233,160
25-Nov-2025,478.7,Call,475,20.4,30.01,37.9913,-14,85,157
25-Nov-2025,478.7,Put,440,3.35,30.34,37.9913,22,603,151
25-Nov-2025,478.7,Put,430,2.2,31.17,37.9913,-19,544,149
25-Nov-2025,478.7,Put,455,6.15,29.29,37.9913,86,115,135
28-Oct-2025,478.7,Call,465,16.25,31.96,37.9913,-29,160,128
28-Oct-2025,478.7,Put,390,0.05,67.65,37.9913,-104,346,126
28-Oct-2025,478.7,Put,400,0.05,65.17,37.9913,-40,792,116
28-Oct-2025,478.7,Call,540,0.15,47.12,37.9913,-17,740,116
25-Nov-2025,478.7,Call,560,1.45,32.66,37.9913,10,258,107
28-Oct-2025,478.7,Put,440,0.25,38.96,37.9913,12,1192,105
25-Nov-2025,478.7,Put,490,21.15,29.27,37.9913,44,150,100
25-Nov-2025,478.7,Call,510,7.05,29.59,37.9913,11,144,99
25-Nov-2025,478.7,Put,485,18.05,29.49,37.9913,24,81,98
28-Oct-2025,478.7,Call,450,30.65,46.3,37.9913,-31,541,96
25-Nov-2025,478.7,Put,420,1.6,32.98,37.9913,-3,170,95
28-Oct-2025,478.7,Call,515,0.35,35.6,37.9913,-4,175,92
25-Nov-2025,478.7,Call,495,11.4,29.61,37.9913,39,107,89
25-Nov-2025,478.7,Put,445,4,29.66,37.9913,17,110,81
25-Nov-2025,478.7,Call,485,15.75,29.21,37.9913,16,148,80
25-Nov-2025,478.7,Call,460,30.65,30.32,37.9913,26,112,80
28-Oct-2025,478.7,Put,495,17.2,14.22,37.9913,8,65,79
25-Nov-2025,478.7,Put,475,13.3,28.81,37.9913,3,111,72
25-Nov-2025,478.7,Call,505,8.5,30.17,37.9913,3,64,65
25-Nov-2025,478.7,Put,465,9,29.02,37.9913,34,83,57
25-Nov-2025,478.7,Put,510,34.85,30.79,37.9913,7,37,55
25-Nov-2025,478.7,Call,525,4.35,30.66,37.9913,14,51,52
28-Oct-2025,478.7,Put,420,0.15,52.15,37.9913,-36,462,47
25-Nov-2025,478.7,Call,440,46.25,31.67,37.9913,29,132,42
28-Oct-2025,478.7,Put,445,0.25,34.61,37.9913,-8,96,40
25-Nov-2025,478.7,Put,435,2.8,30.85,37.9913,11,84,38
28-Oct-2025,478.7,Put,510,31.2,0,37.9913,5,198,37
25-Nov-2025,478.7,Put,495,23.85,29.44,37.9913,-5,48,36
28-Oct-2025,478.7,Put,520,39.9,0,37.9913,-8,93,32
28-Oct-2025,478.7,Put,380,0.05,75.34,37.9913,-26,192,30
25-Nov-2025,478.7,Put,425,1.9,32.19,37.9913,-1,65,28
25-Nov-2025,478.7,Put,400,0.95,37.37,37.9913,12,153,28
25-Nov-2025,478.7,Put,410,1.2,35.31,37.9913,1,68,26
25-Nov-2025,478.7,Put,505,31.15,29.19,37.9913,-5,12,25
28-Oct-2025,478.7,Call,400,80.8,105.95,37.9913,-4,94,25
28-Oct-2025,478.7,Call,455,25.95,42.8,37.9913,9,60,24
25-Nov-2025,478.7,Call,515,6.4,30.42,37.9913,-4,36,23
28-Oct-2025,478.7,Put,505,25.2,0,37.9913,5,36,21
30-Dec-2025,478.7,Put,420,4.25,31.69,37.9913,18,22,19
25-Nov-2025,478.7,Put,520,42,30.01,37.9913,16,18,18
25-Nov-2025,478.7,Call,450,38.25,31.27,37.9913,2,47,17
30-Dec-2025,478.7,Call,500,18.25,28.64,37.9913,11,17,17
28-Oct-2025,478.7,Call,430,53.5,95,37.9913,-7,125,16
25-Nov-2025,478.7,Call,400,83.25,38.85,37.9913,14,51,16
30-Dec-2025,478.7,Call,480,27.6,29.05,37.9913,-11,4,12
28-Oct-2025,478.7,Call,420,61.05,85.59,37.9913,-6,169,10
25-Nov-2025,478.7,Put,525,46,0,37.9913,0,3,10
25-Nov-2025,478.7,Call,465,29,33.48,37.9913,-1,31,10
25-Nov-2025,478.7,Call,430,55.65,35.1,37.9913,7,22,9
28-Oct-2025,478.7,Put,425,0.1,45.44,37.9913,-2,105,8
28-Oct-2025,478.7,Put,435,0.2,41.74,37.9913,2,298,8
28-Oct-2025,478.7,Call,440,41.75,67.99,37.9913,-2,317,8
28-Oct-2025,478.7,Call,525,0.3,41.94,37.9913,-3,66,8
25-Nov-2025,478.7,Call,455,36.95,36.32,37.9913,3,14,6
25-Nov-2025,478.7,Put,550,66.5,0,37.9913,2,10,6
28-Oct-2025,478.7,Call,380,101.95,146.04,37.9913,0,35,5
25-Nov-2025,478.7,Call,420,64.1,34.05,37.9913,1,59,5
25-Nov-2025,478.7,Put,515,37.55,28.85,37.9913,2,4,4
28-Oct-2025,478.7,Call,435,47.05,76.85,37.9913,0,38,3
28-Oct-2025,478.7,Call,550,0.1,50.46,37.9913,0,198,2
28-Oct-2025,478.7,Put,550,66,0,37.9913,-1,11,2
28-Oct-2025,478.7,Call,445,35.7,52.63,37.9913,0,35,2
28-Oct-2025,478.7,Call,424,56,67.29,37.9913,0,70,1
28-Oct-2025,478.7,Put,515,0,0,37.9913,0,18,0
28-Oct-2025,478.7,Put,360,0,0,37.9913,0,39,0
28-Oct-2025,478.7,Put,525,0,0,37.9913,0,0,0
28-Oct-2025,478.7,Call,425,0,0,37.9913,0,0,0
28-Oct-2025,478.7,Put,364,0,0,37.9913,0,7,0
28-Oct-2025,478.7,Call,410,0,0,37.9913,0,17,0
28-Oct-2025,478.7,Call,390,0,0,37.9913,0,0,0
25-Nov-2025,478.7,Call,390,0,0,37.9913,0,1,0
25-Nov-2025,478.7,Put,540,0,0,37.9913,0,0,0
28-Oct-2025,478.7,Put,370,0,0,37.9913,0,41,0
25-Nov-2025,478.7,Call,425,0,0,37.9913,0,0,0
25-Nov-2025,478.7,Call,435,0,0,37.9913,0,0,0
30-Dec-2025,478.7,Put,470,0,0,37.9913,0,0,0
30-Dec-2025,478.7,Put,490,0,0,37.9913,0,0,0
28-Oct-2025,478.7,Call,360,0,0,37.9913,0,11,0
30-Dec-2025,478.7,Put,480,0,0,37.9913,0,1,0
30-Dec-2025,478.7,Call,510,0,0,37.9913,0,12,0
25-Nov-2025,478.7,Put,390,0,0,37.9913,0,0,0
30-Dec-2025,478.7,Put,460,0,0,37.9913,0,11,0
25-Nov-2025,478.7,Put,530,0,0,37.9913,0,0,0
30-Dec-2025,478.7,Call,530,0,0,37.9913,0,0,0
30-Dec-2025,478.7,Put,410,0,0,37.9913,0,0,0
25-Nov-2025,478.7,Call,445,0,0,37.9913,0,0,0
30-Dec-2025,478.7,Put,440,0,0,37.9913,0,1,0
25-Nov-2025,478.7,Call,410,0,0,37.9913,0,0,0
28-Oct-2025,478.7,Put,540,0,0,37.9913,0,72,0
30-Dec-2025,478.7,Put,450,0,0,37.9913,0,9,0
30-Dec-2025,478.7,Call,520,0,0,37.9913,0,0,0
30-Dec-2025,478.7,Call,470,0,0,37.9913,0,0,0
30-Dec-2025,478.7,Put,400,0,0,37.9913,0,0,0
30-Dec-2025,478.7,Call,490,0,0,37.9913,0,0,0
28-Oct-2025,478.7,Put,530,0,0,37.9913,0,10,0
30-Dec-2025,478.7,Put,510,0,0,37.9913,0,0,0
30-Dec-2025,478.7,Put,430,0,0,37.9913,0,0,0
30-Dec-2025,478.7,Call,540,0,0,37.9913,0,0,0
30-Dec-2025,478.7,Put,500,0,0,37.9913,0,0,0
