28-Oct-2025,7755,Call,7800,91.95,16.51,26.579,195,1145,5753
28-Oct-2025,7755,Call,7700,146,16.11,26.579,-115,910,4489
28-Oct-2025,7755,-,0,7768,0,26.579,341,22965,2565
28-Oct-2025,7755,Call,8000,33.65,17.34,26.579,-19,881,2403
28-Oct-2025,7755,Put,7700,77.05,19.39,26.579,9,538,2140
28-Oct-2025,7755,Call,7900,55.55,16.87,26.579,140,529,2110
28-Oct-2025,7755,Call,7750,116.75,16.09,26.579,12,442,2020
28-Oct-2025,7755,Call,7850,73,16.72,26.579,17,239,986
28-Oct-2025,7755,Put,7500,26.05,19.92,26.579,83,382,700
28-Oct-2025,7755,Call,8200,13,19.87,26.579,187,399,674
28-Oct-2025,7755,Call,7650,179.6,15.19,26.579,-24,210,591
28-Oct-2025,7755,Put,7600,45.4,19.47,26.579,22,497,563
28-Oct-2025,7755,Call,7600,216,14.71,26.579,-53,404,537
28-Oct-2025,7755,Put,7750,99.75,20.52,26.579,59,198,532
28-Oct-2025,7755,Call,8100,20.4,18.37,26.579,42,265,518
28-Oct-2025,7755,Put,7400,15.4,20.76,26.579,-9,305,429
28-Oct-2025,7755,Put,7650,59.9,19.5,26.579,70,364,424
28-Oct-2025,7755,Call,7950,44.1,17.07,26.579,61,176,374
28-Oct-2025,7755,Put,7300,9.55,22.45,26.579,14,247,355
28-Oct-2025,7755,Put,7800,125,19.43,26.579,36,173,234
25-Nov-2025,7755,-,0,7810,0,26.579,49,337,221
28-Oct-2025,7755,Call,8300,9.35,21.23,26.579,22,153,204
28-Oct-2025,7755,Call,8050,25.55,17.86,26.579,15,130,84
28-Oct-2025,7755,Call,8400,5.45,21.93,26.579,-12,203,71
28-Oct-2025,7755,Put,7350,12.15,21.45,26.579,1,81,64
28-Oct-2025,7755,Put,7450,21.75,20.84,26.579,22,134,63
28-Oct-2025,7755,Put,7200,7,24.08,26.579,15,46,61
28-Oct-2025,7755,Put,7550,35,19.68,26.579,-7,175,54
28-Oct-2025,7755,Call,8500,5.45,24.29,26.579,23,61,53
28-Oct-2025,7755,Call,7500,291.5,0,26.579,-34,200,49
28-Oct-2025,7755,Put,7850,154.4,22.11,26.579,13,70,36
28-Oct-2025,7755,Put,7250,7.9,23.23,26.579,12,34,29
25-Nov-2025,7755,Call,8900,13.75,22.73,26.579,10,36,26
28-Oct-2025,7755,Put,6700,1.5,32.83,26.579,1,40,21
30-Dec-2025,7755,-,0,7843,0,26.579,1,63,17
28-Oct-2025,7755,Put,7000,4.5,28.61,26.579,-1,288,17
28-Oct-2025,7755,Put,7900,206,23.52,26.579,3,35,15
28-Oct-2025,7755,Put,7100,5.1,25.95,26.579,9,68,15
28-Oct-2025,7755,Call,8900,2,30.12,26.579,-10,58,14
28-Oct-2025,7755,Call,7400,380.5,0,26.579,0,98,13
28-Oct-2025,7755,Call,7550,247.15,11.28,26.579,1,117,11
28-Oct-2025,7755,Call,8700,2.5,26.48,26.579,-1,11,8
25-Nov-2025,7755,Put,7500,84,20.8,26.579,0,60,6
28-Oct-2025,7755,Put,8050,315.45,24.43,26.579,-2,3,5
28-Oct-2025,7755,Put,8000,272,23.18,26.579,-1,11,3
25-Nov-2025,7755,Call,8000,134.45,18.92,26.579,1,13,3
28-Oct-2025,7755,Put,6800,2.15,31.43,26.579,0,172,2
28-Oct-2025,7755,Put,7150,6.4,25.36,26.579,0,10,2
25-Nov-2025,7755,Call,7700,246.4,15.19,26.579,0,3,2
25-Nov-2025,7755,Call,8800,15,21.51,26.579,1,12,2
25-Nov-2025,7755,Call,7800,212,17.88,26.579,1,2,2
28-Oct-2025,7755,Call,8600,3,24.79,26.579,0,19,1
25-Nov-2025,7755,Call,7600,309.95,15.27,26.579,0,6,1
28-Oct-2025,7755,Put,8250,0,0,26.579,0,0,0
28-Oct-2025,7755,Call,7150,0,0,26.579,0,0,0
28-Oct-2025,7755,Call,7050,0,0,26.579,0,0,0
28-Oct-2025,7755,Call,7250,0,0,26.579,0,0,0
28-Oct-2025,7755,Call,7350,0,0,26.579,0,27,0
28-Oct-2025,7755,Call,7450,0,0,26.579,0,48,0
28-Oct-2025,7755,Call,8150,0,0,26.579,0,0,0
28-Oct-2025,7755,Call,7000,0,0,26.579,0,15,0
28-Oct-2025,7755,Put,7950,0,0,26.579,0,0,0
28-Oct-2025,7755,Put,8150,0,0,26.579,0,0,0
28-Oct-2025,7755,Call,7100,0,0,26.579,0,0,0
28-Oct-2025,7755,Call,7200,0,0,26.579,0,0,0
28-Oct-2025,7755,Call,6700,0,0,26.579,0,0,0
28-Oct-2025,7755,Call,6600,0,0,26.579,0,0,0
28-Oct-2025,7755,Put,8100,0,0,26.579,0,5,0
28-Oct-2025,7755,Call,6900,0,0,26.579,0,0,0
28-Oct-2025,7755,Put,8600,0,0,26.579,0,0,0
28-Oct-2025,7755,Call,6800,0,0,26.579,0,2,0
28-Oct-2025,7755,Put,6300,0,0,26.579,0,0,0
28-Oct-2025,7755,Call,6850,0,0,26.579,0,0,0
28-Oct-2025,7755,Call,6300,0,0,26.579,0,0,0
28-Oct-2025,7755,Call,6400,0,0,26.579,0,0,0
28-Oct-2025,7755,Call,6200,0,0,26.579,0,0,0
28-Oct-2025,7755,Put,8800,0,0,26.579,0,0,0
28-Oct-2025,7755,Put,8900,0,0,26.579,0,0,0
28-Oct-2025,7755,Put,6200,0,0,26.579,0,0,0
28-Oct-2025,7755,Call,6950,0,0,26.579,0,0,0
28-Oct-2025,7755,Call,6500,0,0,26.579,0,0,0
28-Oct-2025,7755,Put,8200,0,0,26.579,0,6,0
28-Oct-2025,7755,Put,6400,0,0,26.579,0,0,0
28-Oct-2025,7755,Call,7300,0,0,26.579,0,65,0
28-Oct-2025,7755,Put,8300,0,0,26.579,0,0,0
28-Oct-2025,7755,Put,6850,0,0,26.579,0,0,0
28-Oct-2025,7755,Call,8250,0,0,26.579,0,7,0
28-Oct-2025,7755,Put,6950,0,0,26.579,0,2,0
28-Oct-2025,7755,Put,8400,0,0,26.579,0,0,0
28-Oct-2025,7755,Call,8550,0,0,26.579,0,4,0
28-Oct-2025,7755,Put,8700,0,0,26.579,0,0,0
28-Oct-2025,7755,Put,7050,0,0,26.579,0,0,0
28-Oct-2025,7755,Put,8500,0,0,26.579,0,0,0
28-Oct-2025,7755,Put,6600,0,0,26.579,0,0,0
28-Oct-2025,7755,Put,6900,0,0,26.579,0,0,0
28-Oct-2025,7755,Put,6500,0,0,26.579,0,6,0
28-Oct-2025,7755,Call,8800,0,0,26.579,0,0,0
25-Nov-2025,7755,Put,7150,0,0,26.579,0,0,0
25-Nov-2025,7755,Put,7550,0,0,26.579,0,0,0
25-Nov-2025,7755,Put,7650,0,0,26.579,0,0,0
25-Nov-2025,7755,Call,8150,0,0,26.579,0,0,0
25-Nov-2025,7755,Call,8250,0,0,26.579,0,0,0
25-Nov-2025,7755,Call,7200,0,0,26.579,0,0,0
25-Nov-2025,7755,Put,7400,0,0,26.579,0,0,0
25-Nov-2025,7755,Call,6200,0,0,26.579,0,0,0
25-Nov-2025,7755,Call,6300,0,0,26.579,0,0,0
25-Nov-2025,7755,Call,6400,0,0,26.579,0,0,0
25-Nov-2025,7755,Call,6500,0,0,26.579,0,0,0
25-Nov-2025,7755,Call,6600,0,0,26.579,0,0,0
25-Nov-2025,7755,Call,6700,0,0,26.579,0,0,0
25-Nov-2025,7755,Put,8300,0,0,26.579,0,0,0
25-Nov-2025,7755,Put,8400,0,0,26.579,0,0,0
25-Nov-2025,7755,Put,8500,0,0,26.579,0,0,0
25-Nov-2025,7755,Put,8600,0,0,26.579,0,0,0
25-Nov-2025,7755,Put,8800,0,0,26.579,0,0,0
25-Nov-2025,7755,Put,6700,0,0,26.579,0,0,0
25-Nov-2025,7755,Put,7700,0,0,26.579,0,0,0
25-Nov-2025,7755,Call,8100,0,0,26.579,0,0,0
25-Nov-2025,7755,Put,8150,0,0,26.579,0,0,0
25-Nov-2025,7755,Put,7100,0,0,26.579,0,3,0
25-Nov-2025,7755,Put,6400,0,0,26.579,0,13,0
25-Nov-2025,7755,Put,6200,0,0,26.579,0,0,0
25-Nov-2025,7755,Call,8050,0,0,26.579,0,0,0
25-Nov-2025,7755,Call,7400,0,0,26.579,0,0,0
25-Nov-2025,7755,Put,8700,0,0,26.579,0,0,0
25-Nov-2025,7755,Put,6600,0,0,26.579,0,0,0
25-Nov-2025,7755,Put,6300,0,0,26.579,0,0,0
25-Nov-2025,7755,Call,8700,0,0,26.579,0,0,0
25-Nov-2025,7755,Call,8500,0,0,26.579,0,0,0
25-Nov-2025,7755,Call,8600,0,0,26.579,0,0,0
25-Nov-2025,7755,Put,7000,0,0,26.579,0,0,0
25-Nov-2025,7755,Put,7300,0,0,26.579,0,0,0
25-Nov-2025,7755,Call,7350,0,0,26.579,0,0,0
25-Nov-2025,7755,Put,7450,0,0,26.579,0,0,0
25-Nov-2025,7755,Put,6800,0,0,26.579,0,0,0
25-Nov-2025,7755,Put,7900,0,0,26.579,0,0,0
25-Nov-2025,7755,Put,8000,0,0,26.579,0,0,0
25-Nov-2025,7755,Call,7950,0,0,26.579,0,0,0
25-Nov-2025,7755,Put,8100,0,0,26.579,0,0,0
25-Nov-2025,7755,Call,7300,0,0,26.579,0,0,0
25-Nov-2025,7755,Call,8200,0,0,26.579,0,0,0
25-Nov-2025,7755,Put,7600,0,0,26.579,0,0,0
25-Nov-2025,7755,Put,8050,0,0,26.579,0,0,0
30-Dec-2025,7755,Put,7400,0,0,26.579,0,0,0
25-Nov-2025,7755,Call,7850,0,0,26.579,0,0,0
25-Nov-2025,7755,Put,7750,0,0,26.579,0,0,0
25-Nov-2025,7755,Put,8200,0,0,26.579,0,0,0
25-Nov-2025,7755,Call,6900,0,0,26.579,0,0,0
25-Nov-2025,7755,Put,7200,0,0,26.579,0,0,0
25-Nov-2025,7755,Call,7450,0,0,26.579,0,0,0
25-Nov-2025,7755,Call,8300,0,0,26.579,0,0,0
25-Nov-2025,7755,Call,6800,0,0,26.579,0,0,0
25-Nov-2025,7755,Put,7250,0,0,26.579,0,0,0
30-Dec-2025,7755,Call,7800,0,0,26.579,0,0,0
25-Nov-2025,7755,Call,8400,0,0,26.579,0,0,0
25-Nov-2025,7755,Call,6950,0,0,26.579,0,0,0
25-Nov-2025,7755,Put,8250,0,0,26.579,0,0,0
25-Nov-2025,7755,Call,7550,0,0,26.579,0,0,0
25-Nov-2025,7755,Call,7100,0,0,26.579,0,0,0
25-Nov-2025,7755,Call,7650,0,0,26.579,0,0,0
25-Nov-2025,7755,Call,7250,0,0,26.579,0,0,0
25-Nov-2025,7755,Put,7850,0,0,26.579,0,0,0
25-Nov-2025,7755,Put,6500,0,0,26.579,0,0,0
30-Dec-2025,7755,Call,7700,0,0,26.579,0,0,0
25-Nov-2025,7755,Put,8900,0,0,26.579,0,0,0
25-Nov-2025,7755,Put,7050,0,0,26.579,0,0,0
25-Nov-2025,7755,Call,7500,0,0,26.579,0,1,0
30-Dec-2025,7755,Call,8000,0,0,26.579,0,0,0
25-Nov-2025,7755,Call,6850,0,0,26.579,0,0,0
25-Nov-2025,7755,Put,7350,0,0,26.579,0,0,0
30-Dec-2025,7755,Put,7500,0,0,26.579,0,0,0
30-Dec-2025,7755,Put,8100,0,0,26.579,0,0,0
30-Dec-2025,7755,Call,8300,0,0,26.579,0,0,0
30-Dec-2025,7755,Put,8200,0,0,0,0,0,0
30-Dec-2025,7755,Put,7700,0,0,26.579,0,0,0
30-Dec-2025,7755,Call,7900,0,0,26.579,0,0,0
25-Nov-2025,7755,Call,7750,0,0,26.579,0,0,0
30-Dec-2025,7755,Call,8100,0,0,26.579,0,0,0
25-Nov-2025,7755,Put,7950,0,0,26.579,0,0,0
25-Nov-2025,7755,Call,7000,0,0,26.579,0,0,0
30-Dec-2025,7755,Put,7800,0,0,26.579,0,0,0
25-Nov-2025,7755,Put,7800,0,0,26.579,0,0,0
25-Nov-2025,7755,Call,7050,0,0,26.579,0,0,0
30-Dec-2025,7755,Put,7300,0,0,26.579,0,0,0
30-Dec-2025,7755,Call,8400,0,0,26.579,0,0,0
30-Dec-2025,7755,Put,8000,0,0,26.579,0,0,0
25-Nov-2025,7755,Call,7150,0,0,26.579,0,0,0
30-Dec-2025,7755,Put,7600,0,0,26.579,0,0,0
30-Dec-2025,7755,Call,8200,0,0,26.579,0,0,0
25-Nov-2025,7755,Call,7900,0,0,26.579,0,0,0
30-Dec-2025,7755,Call,7600,0,0,26.579,0,0,0
30-Dec-2025,7755,Put,7900,0,0,26.579,0,0,0
