28-Oct-2025,2324,Call,2400,11.7,19.31,23.3911,107,3967,2587
28-Oct-2025,2324,Call,2360,22.55,18.84,23.3911,226,2310,1597
28-Oct-2025,2324,-,0,2326.8,0,23.3911,171,51976,1531
28-Oct-2025,2324,Call,2340,30.3,18.49,23.3911,368,1687,1470
28-Oct-2025,2324,Call,2500,3.2,23.44,23.3911,66,4645,1057
28-Oct-2025,2324,Call,2440,6.15,20.45,23.3911,106,1418,710
28-Oct-2025,2324,Call,2380,16.1,19.05,23.3911,47,985,674
28-Oct-2025,2324,Put,2340,42.5,21.75,23.3911,2,945,617
28-Oct-2025,2324,Put,2300,24.1,21.52,23.3911,-42,1931,616
28-Oct-2025,2324,Put,2320,32.4,21.19,23.3911,74,593,472
28-Oct-2025,2324,Call,2420,8.35,19.67,23.3911,67,1269,471
28-Oct-2025,2324,Call,2460,4.7,21.2,23.3911,-10,848,460
28-Oct-2025,2324,Call,2480,3.8,22.11,23.3911,21,668,401
28-Oct-2025,2324,Call,2320,39.75,18.56,23.3911,79,420,401
28-Oct-2025,2324,Put,2360,54.6,21.79,23.3911,-158,1336,374
25-Nov-2025,2324,-,0,2337.4,0,23.3911,131,2623,367
28-Oct-2025,2324,Call,2300,52,18.42,23.3911,-33,543,322
28-Oct-2025,2324,Call,2600,0.9,26.84,23.3911,-89,2416,312
28-Oct-2025,2324,Put,2200,4.85,23.42,23.3911,-32,1723,265
28-Oct-2025,2324,Put,2280,17.4,21.37,23.3911,-19,366,172
28-Oct-2025,2324,Call,2520,2.45,24.15,23.3911,30,677,172
28-Oct-2025,2324,Put,2220,6.6,22.68,23.3911,-10,292,158
28-Oct-2025,2324,Call,2540,1.85,24.81,23.3911,38,488,152
28-Oct-2025,2324,Put,2260,13.25,21.52,23.3911,-17,428,150
28-Oct-2025,2324,Put,2240,9.45,21.95,23.3911,-9,479,148
28-Oct-2025,2324,Call,2560,1.45,25.51,23.3911,-62,414,146
25-Nov-2025,2324,Call,2340,70,20.47,23.3911,50,98,82
25-Nov-2025,2324,Call,2400,44.95,21.09,23.3911,27,200,55
28-Oct-2025,2324,Put,2180,3.5,23.73,23.3911,5,286,54
28-Oct-2025,2324,Call,2880,0.1,37.13,23.3911,-17,179,53
28-Oct-2025,2324,Put,2160,2.4,24.23,23.3911,3,468,48
28-Oct-2025,2324,Call,2200,130.05,17.37,23.3911,38,147,46
25-Nov-2025,2324,Put,2300,51.3,23.55,23.3911,27,154,46
28-Oct-2025,2324,Put,2400,85,22.64,23.3911,-10,1363,45
28-Oct-2025,2324,Call,2700,0.3,30.03,23.3911,-18,818,45
25-Nov-2025,2324,Call,2640,6.7,23.87,23.3911,39,74,45
28-Oct-2025,2324,Put,2380,69.05,20.57,23.3911,-3,283,34
25-Nov-2025,2324,Call,2600,8.75,23.03,23.3911,6,134,32
28-Oct-2025,2324,Put,2120,1.1,25.11,23.3911,-13,986,29
30-Dec-2025,2324,-,0,2350,0,23.3911,15,230,28
25-Nov-2025,2324,Put,2200,20.25,23.34,23.3911,5,227,27
25-Nov-2025,2324,Put,2340,71.45,24.18,23.3911,8,51,24
25-Nov-2025,2324,Put,2080,6.5,25.23,23.3911,14,28,19
28-Oct-2025,2324,Call,2580,1.1,26.4,23.3911,-13,393,17
28-Oct-2025,2324,Put,2440,120,25.77,23.3911,-2,212,15
28-Oct-2025,2324,Put,2420,100.9,17.68,23.3911,-5,101,12
28-Oct-2025,2324,Call,2680,0.3,28.69,23.3911,-3,283,12
28-Oct-2025,2324,Put,2460,135.8,24.82,23.3911,0,171,12
28-Oct-2025,2324,Call,2280,68.8,20.97,23.3911,-1,33,12
28-Oct-2025,2324,Put,2480,157.2,28.81,23.3911,1,198,11
28-Oct-2025,2324,Call,2640,0.55,28.01,23.3911,-7,342,11
25-Nov-2025,2324,Call,2500,20.7,22.17,23.3911,5,140,11
25-Nov-2025,2324,Put,2240,31,0,23.3911,0,13,10
25-Nov-2025,2324,Call,2360,60.2,20.71,23.3911,3,20,9
28-Oct-2025,2324,Call,2260,80.25,18.47,23.3911,3,19,8
25-Nov-2025,2324,Put,2180,17.3,23.79,23.3911,4,19,6
28-Oct-2025,2324,Put,2500,175,29.04,23.3911,1,592,5
28-Oct-2025,2324,Call,2240,100.65,22.05,23.3911,-1,13,5
25-Nov-2025,2324,Call,2460,28.3,21.67,23.3911,-1,27,5
25-Nov-2025,2324,Call,2300,94.75,21.69,23.3911,1,1,4
25-Nov-2025,2324,Put,2400,106,24.74,23.3911,2,79,4
25-Nov-2025,2324,Put,2220,25.9,23.79,23.3911,1,75,4
28-Oct-2025,2324,Put,2520,189.65,23.29,23.3911,0,73,3
28-Oct-2025,2324,Call,2800,0.2,34.94,23.3911,-2,128,3
28-Oct-2025,2324,Put,2080,0.7,27.38,23.3911,0,310,3
25-Nov-2025,2324,Put,2280,41.4,22.78,23.3911,0,57,2
25-Nov-2025,2324,Call,2520,16.85,22.03,23.3911,0,65,2
30-Dec-2025,2324,Put,2280,58,22.09,23.3911,1,2,2
28-Oct-2025,2324,Call,2660,0.7,30.43,23.3911,0,82,1
28-Oct-2025,2324,Call,2760,0.1,30.33,23.3911,0,52,1
25-Nov-2025,2324,Put,2360,81.1,0,23.3911,0,18,1
25-Nov-2025,2324,Put,2260,34.5,22.73,23.3911,0,0,1
28-Oct-2025,2324,Put,2840,0,0,23.3911,0,1,0
28-Oct-2025,2324,Call,2100,0,0,23.3911,0,0,0
28-Oct-2025,2324,Put,2100,0,0,23.3911,0,8,0
28-Oct-2025,2324,Call,2040,0,0,23.3911,0,0,0
28-Oct-2025,2324,Call,2720,0,0,23.3911,0,83,0
28-Oct-2025,2324,Put,2140,0,0,23.3911,0,247,0
28-Oct-2025,2324,Call,1960,0,0,23.3911,0,0,0
28-Oct-2025,2324,Call,2620,0,0,23.3911,0,163,0
28-Oct-2025,2324,Put,2540,0,0,23.3911,0,114,0
28-Oct-2025,2324,Call,2160,0,0,23.3911,0,1,0
28-Oct-2025,2324,Put,2800,0,0,23.3911,0,11,0
28-Oct-2025,2324,Put,2680,0,0,23.3911,0,0,0
28-Oct-2025,2324,Put,2640,0,0,23.3911,0,12,0
28-Oct-2025,2324,Put,2600,0,0,23.3911,0,513,0
28-Oct-2025,2324,Put,2880,0,0,23.3911,0,1,0
28-Oct-2025,2324,Call,2220,0,0,23.3911,0,0,0
28-Oct-2025,2324,Put,2720,0,0,23.3911,0,0,0
28-Oct-2025,2324,Call,2780,0,0,23.3911,0,24,0
28-Oct-2025,2324,Put,2040,0,0,23.3911,0,0,0
28-Oct-2025,2324,Call,2080,0,0,23.3911,0,1,0
28-Oct-2025,2324,Call,2180,0,0,23.3911,0,0,0
28-Oct-2025,2324,Call,2120,0,0,23.3911,0,0,0
28-Oct-2025,2324,Call,2840,0,0,23.3911,0,28,0
28-Oct-2025,2324,Put,2560,0,0,23.3911,0,32,0
28-Oct-2025,2324,Put,2000,0,0,23.3911,0,0,0
28-Oct-2025,2324,Put,1960,0,0,23.3911,0,0,0
28-Oct-2025,2324,Put,2580,0,0,23.3911,0,22,0
28-Oct-2025,2324,Put,2740,0,0,23.3911,0,2,0
25-Nov-2025,2324,Put,2160,0,0,23.3911,0,0,0
25-Nov-2025,2324,Put,2000,0,0,23.3911,0,0,0
25-Nov-2025,2324,Call,1960,0,0,23.3911,0,0,0
25-Nov-2025,2324,Call,2580,0,0,23.3911,0,0,0
25-Nov-2025,2324,Call,2120,0,0,23.3911,0,0,0
25-Nov-2025,2324,Put,2040,0,0,23.3911,0,0,0
25-Nov-2025,2324,Put,1960,0,0,23.3911,0,0,0
25-Nov-2025,2324,Call,2440,0,0,23.3911,0,3,0
25-Nov-2025,2324,Put,2460,0,0,23.3911,0,0,0
25-Nov-2025,2324,Call,2000,0,0,23.3911,0,0,0
25-Nov-2025,2324,Call,2280,0,0,23.3911,0,0,0
25-Nov-2025,2324,Put,2580,0,0,23.3911,0,0,0
25-Nov-2025,2324,Call,2080,0,0,23.3911,0,0,0
25-Nov-2025,2324,Call,2220,0,0,23.3911,0,0,0
25-Nov-2025,2324,Call,2680,0,0,23.3911,0,61,0
25-Nov-2025,2324,Call,2240,0,0,23.3911,0,0,0
28-Oct-2025,2324,Call,2000,0,0,23.3911,0,1,0
25-Nov-2025,2324,Call,2040,0,0,23.3911,0,0,0
28-Oct-2025,2324,Put,2700,0,0,23.3911,0,78,0
25-Nov-2025,2324,Put,2140,0,0,23.3911,0,0,0
25-Nov-2025,2324,Put,2420,0,0,23.3911,0,0,0
25-Nov-2025,2324,Call,2200,0,0,23.3911,0,0,0
25-Nov-2025,2324,Call,2260,0,0,23.3911,0,0,0
25-Nov-2025,2324,Put,2480,0,0,23.3911,0,0,0
25-Nov-2025,2324,Put,2440,0,0,23.3911,0,0,0
25-Nov-2025,2324,Call,2140,0,0,23.3911,0,0,0
28-Oct-2025,2324,Call,2740,0,0,23.3911,0,17,0
25-Nov-2025,2324,Call,2480,0,0,23.3911,0,7,0
25-Nov-2025,2324,Put,2600,0,0,23.3911,0,0,0
28-Oct-2025,2324,Put,2620,0,0,23.3911,0,1,0
25-Nov-2025,2324,Call,2100,0,0,23.3911,0,0,0
30-Dec-2025,2324,Put,2200,0,0,23.3911,0,0,0
30-Dec-2025,2324,Call,2480,0,0,23.3911,0,0,0
25-Nov-2025,2324,Put,2520,0,0,23.3911,0,0,0
25-Nov-2025,2324,Put,2380,0,0,23.3911,0,0,0
25-Nov-2025,2324,Put,2640,0,0,23.3911,0,0,0
30-Dec-2025,2324,Put,2240,0,0,23.3911,0,1,0
25-Nov-2025,2324,Put,2720,0,0,23.3911,0,0,0
28-Oct-2025,2324,Call,2140,0,0,23.3911,0,1,0
25-Nov-2025,2324,Call,2380,0,0,23.3911,0,58,0
30-Dec-2025,2324,Call,2440,0,0,23.3911,0,0,0
25-Nov-2025,2324,Call,2560,0,0,23.3911,0,3,0
25-Nov-2025,2324,Put,2500,0,0,23.3911,0,0,0
30-Dec-2025,2324,Call,2600,0,0,23.3911,0,0,0
25-Nov-2025,2324,Put,2120,0,0,23.3911,0,0,0
25-Nov-2025,2324,Call,2180,0,0,23.3911,0,0,0
30-Dec-2025,2324,Call,2360,0,0,23.3911,0,0,0
30-Dec-2025,2324,Call,2280,0,0,23.3911,0,0,0
25-Nov-2025,2324,Put,2540,0,0,23.3911,0,0,0
30-Dec-2025,2324,Call,2720,0,0,23.3911,0,0,0
25-Nov-2025,2324,Put,2560,0,0,23.3911,0,0,0
30-Dec-2025,2324,Put,2080,0,0,23.3911,0,0,0
30-Dec-2025,2324,Call,2320,0,0,23.3911,0,0,0
30-Dec-2025,2324,Call,2640,0,0,23.3911,0,0,0
25-Nov-2025,2324,Put,2680,0,0,23.3911,0,0,0
25-Nov-2025,2324,Call,2420,0,0,23.3911,0,0,0
25-Nov-2025,2324,Put,2100,0,0,23.3911,0,0,0
25-Nov-2025,2324,Call,2800,0,0,23.3911,0,17,0
25-Nov-2025,2324,Put,2320,0,0,23.3911,0,0,0
30-Dec-2025,2324,Call,2520,0,0,23.3911,0,0,0
30-Dec-2025,2324,Put,2400,0,0,23.3911,0,0,0
30-Dec-2025,2324,Call,2560,0,0,23.3911,0,5,0
25-Nov-2025,2324,Call,2320,0,0,23.3911,0,0,0
25-Nov-2025,2324,Call,2160,0,0,23.3911,0,0,0
30-Dec-2025,2324,Put,2320,0,0,23.3911,0,1,0
30-Dec-2025,2324,Put,1920,0,0,23.3911,0,0,0
25-Nov-2025,2324,Call,2720,0,0,23.3911,0,19,0
30-Dec-2025,2324,Call,2400,0,0,23.3911,0,0,0
30-Dec-2025,2324,Put,2360,0,0,23.3911,0,0,0
30-Dec-2025,2324,Put,2120,0,0,23.3911,0,0,0
25-Nov-2025,2324,Call,2540,0,0,23.3911,0,0,0
30-Dec-2025,2324,Put,2000,0,0,23.3911,0,0,0
30-Dec-2025,2324,Put,2440,0,0,23.3911,0,0,0
