28-Oct-2025,1176.9,-,0,1179.3,0,26.9672,96,129344,7015
28-Oct-2025,1176.9,Call,1250,3.65,25.37,26.9672,-2274,3267,4586
28-Oct-2025,1176.9,Call,1180,24,25.85,26.9672,818,2821,3014
28-Oct-2025,1176.9,Call,1200,15.2,25.56,26.9672,530,6349,3012
28-Oct-2025,1176.9,Put,1130,7.9,28.99,26.9672,1632,2308,2493
28-Oct-2025,1176.9,Put,1180,25.3,28.49,26.9672,-163,2449,2262
28-Oct-2025,1176.9,Call,1190,19.35,25.52,26.9672,104,1948,2009
28-Oct-2025,1176.9,Put,1150,12.85,28.23,26.9672,86,1774,1410
28-Oct-2025,1176.9,Put,1170,20.45,28.37,26.9672,-105,2326,1336
28-Oct-2025,1176.9,Put,1190,30.35,28.22,26.9672,-75,1179,1197
28-Oct-2025,1176.9,Call,1240,4.95,25.03,26.9672,166,1095,1192
28-Oct-2025,1176.9,Call,1210,11.55,25.22,26.9672,-25,1588,1061
28-Oct-2025,1176.9,Call,1220,8.75,25.05,26.9672,124,2123,954
28-Oct-2025,1176.9,Call,1230,6.5,24.97,26.9672,8,4375,836
28-Oct-2025,1176.9,Put,1160,16.2,28.24,26.9672,66,2044,825
28-Oct-2025,1176.9,Put,1120,6,29.13,26.9672,9,1271,777
28-Oct-2025,1176.9,Call,1150,41.25,24.92,26.9672,-7,3702,766
28-Oct-2025,1176.9,Put,1140,10.05,28.65,26.9672,-103,977,652
28-Oct-2025,1176.9,Put,1100,3.3,29.44,26.9672,-27,1390,645
28-Oct-2025,1176.9,Call,1260,2.7,25.44,26.9672,-181,1250,605
28-Oct-2025,1176.9,Call,1170,29.15,25.73,26.9672,36,1209,565
28-Oct-2025,1176.9,Put,1200,37.2,28.34,26.9672,-15,1865,565
28-Oct-2025,1176.9,Call,1160,35.1,25.36,26.9672,-10,6370,406
28-Oct-2025,1176.9,Call,1300,1.15,28.49,26.9672,-24,1676,360
28-Oct-2025,1176.9,Call,1270,2.05,25.67,26.9672,-50,504,246
28-Oct-2025,1176.9,Call,1290,1.3,27.1,26.9672,35,346,229
25-Nov-2025,1176.9,-,0,1186,0,26.9672,47,2245,218
28-Oct-2025,1176.9,Put,1210,42.8,29.29,26.9672,-16,360,179
28-Oct-2025,1176.9,Call,1280,1.65,26.72,26.9672,27,386,168
28-Oct-2025,1176.9,Put,1080,1.8,30.14,26.9672,-11,723,147
28-Oct-2025,1176.9,Call,1340,0.45,30.55,26.9672,-2,1409,125
28-Oct-2025,1176.9,Put,1090,2.8,30.23,26.9672,-15,197,109
28-Oct-2025,1176.9,Put,1110,4.8,29.28,26.9672,6,329,88
25-Nov-2025,1176.9,Put,1100,7.8,23.65,26.9672,6,297,78
28-Oct-2025,1176.9,Call,1310,0.9,28.69,26.9672,-4,117,77
28-Oct-2025,1176.9,Put,1050,0.75,32.01,26.9672,-5,494,76
28-Oct-2025,1176.9,Call,1360,0.4,32.99,26.9672,-53,63,62
28-Oct-2025,1176.9,Put,1070,1.5,30.83,26.9672,-5,208,60
25-Nov-2025,1176.9,Call,1200,28.35,20.15,26.9672,14,186,58
28-Oct-2025,1176.9,Put,1060,0.9,31.25,26.9672,-3,664,48
28-Oct-2025,1176.9,Call,1140,46.35,22.89,26.9672,1,704,44
28-Oct-2025,1176.9,Put,1220,51.05,28.3,26.9672,-4,572,43
28-Oct-2025,1176.9,Put,1300,123.75,37.92,26.9672,-18,99,34
28-Oct-2025,1176.9,Put,1230,58.6,28.7,26.9672,7,285,33
25-Nov-2025,1176.9,Put,1200,43.7,23.8,26.9672,-1,62,29
28-Oct-2025,1176.9,Call,1320,0.65,29.07,26.9672,0,587,25
28-Oct-2025,1176.9,Call,1110,72.5,22.36,26.9672,11,80,24
28-Oct-2025,1176.9,Put,1240,68.15,30.68,26.9672,1,99,23
25-Nov-2025,1176.9,Put,1150,19.6,23.68,26.9672,-2,104,23
25-Nov-2025,1176.9,Call,1220,20.5,20.87,26.9672,-6,69,22
28-Oct-2025,1176.9,Call,1130,54.5,23.2,26.9672,4,409,21
25-Nov-2025,1176.9,Call,1300,5.5,22.38,26.9672,-10,113,21
25-Nov-2025,1176.9,Call,1250,12.75,21.46,26.9672,4,68,20
30-Dec-2025,1176.9,-,0,1190.2,0,26.9672,4,276,19
25-Nov-2025,1176.9,Call,1180,37,20.42,26.9672,1,26,19
28-Oct-2025,1176.9,Put,1250,74.5,29.32,26.9672,-9,155,17
28-Oct-2025,1176.9,Call,1100,80.1,18.31,26.9672,6,577,16
28-Oct-2025,1176.9,Call,1120,62.4,22,26.9672,5,349,15
25-Nov-2025,1176.9,Put,1170,28,23.22,26.9672,3,33,14
25-Nov-2025,1176.9,Call,1190,31.75,20.26,26.9672,7,29,11
28-Oct-2025,1176.9,Put,1260,83.25,27.38,26.9672,0,61,9
25-Nov-2025,1176.9,Put,1160,24.4,23.54,26.9672,3,55,6
25-Nov-2025,1176.9,Put,1140,17,23.23,26.9672,4,25,5
25-Nov-2025,1176.9,Put,1180,32,22.9,26.9672,0,27,4
25-Nov-2025,1176.9,Put,1080,5.3,23.98,26.9672,1,37,4
25-Nov-2025,1176.9,Put,1190,34.75,21.53,26.9672,2,29,4
25-Nov-2025,1176.9,Call,1150,59,23.36,26.9672,-2,21,4
25-Nov-2025,1176.9,Put,1120,11,22.7,26.9672,-1,159,3
25-Nov-2025,1176.9,Call,1280,7.45,21.7,26.9672,0,30,3
30-Dec-2025,1176.9,Call,1280,14.1,18.91,26.9672,2,2,3
28-Oct-2025,1176.9,Call,1080,99.1,0,26.9672,0,93,2
28-Oct-2025,1176.9,Put,1040,0.45,30.91,26.9672,0,300,2
25-Nov-2025,1176.9,Call,1210,26.1,22.14,26.9672,0,4,2
30-Dec-2025,1176.9,Put,1100,13.5,22.93,26.9672,1,9,2
28-Oct-2025,1176.9,Put,990,0.3,0,26.9672,0,70,1
28-Oct-2025,1176.9,Put,1020,0.6,36.51,26.9672,0,136,1
28-Oct-2025,1176.9,Call,1000,175,0,26.9672,0,66,1
28-Oct-2025,1176.9,Put,1000,0.35,37.74,26.9672,0,365,1
25-Nov-2025,1176.9,Call,1320,4.25,23.31,26.9672,0,20,1
25-Nov-2025,1176.9,Put,1250,67.8,17.09,26.9672,0,9,1
28-Oct-2025,1176.9,Put,1280,0,0,26.9672,0,27,0
28-Oct-2025,1176.9,Put,900,0,0,26.9672,0,14,0
28-Oct-2025,1176.9,Put,980,0,0,26.9672,0,185,0
28-Oct-2025,1176.9,Call,1060,0,0,26.9672,0,41,0
28-Oct-2025,1176.9,Put,1320,0,0,26.9672,0,30,0
28-Oct-2025,1176.9,Put,950,0,0,26.9672,0,30,0
28-Oct-2025,1176.9,Put,1380,0,0,26.9672,0,0,0
28-Oct-2025,1176.9,Call,1050,0,0,26.9672,0,79,0
28-Oct-2025,1176.9,Call,1040,0,0,26.9672,0,7,0
28-Oct-2025,1176.9,Call,1030,0,0,26.9672,0,3,0
28-Oct-2025,1176.9,Call,1380,0,0,26.9672,0,0,0
28-Oct-2025,1176.9,Put,970,0,0,26.9672,0,4,0
28-Oct-2025,1176.9,Call,1090,0,0,26.9672,0,25,0
28-Oct-2025,1176.9,Put,1290,0,0,26.9672,0,4,0
28-Oct-2025,1176.9,Put,1360,0,0,26.9672,0,0,0
28-Oct-2025,1176.9,Put,1270,0,0,26.9672,0,20,0
28-Oct-2025,1176.9,Put,1340,0,0,26.9672,0,0,0
28-Oct-2025,1176.9,Put,880,0,0,26.9672,0,15,0
28-Oct-2025,1176.9,Put,860,0,0,26.9672,0,35,0
28-Oct-2025,1176.9,Put,960,0,0,26.9672,0,24,0
28-Oct-2025,1176.9,Call,920,0,0,26.9672,0,16,0
28-Oct-2025,1176.9,Call,960,0,0,26.9672,0,4,0
28-Oct-2025,1176.9,Call,1020,0,0,26.9672,0,4,0
28-Oct-2025,1176.9,Put,1010,0,0,26.9672,0,12,0
28-Oct-2025,1176.9,Put,1030,0,0,26.9672,0,135,0
28-Oct-2025,1176.9,Put,1310,0,0,26.9672,0,0,0
28-Oct-2025,1176.9,Call,1070,0,0,26.9672,0,56,0
25-Nov-2025,1176.9,Put,1040,0,0,26.9672,0,0,0
25-Nov-2025,1176.9,Call,1290,0,0,26.9672,0,0,0
25-Nov-2025,1176.9,Call,1310,0,0,26.9672,0,6,0
25-Nov-2025,1176.9,Call,1170,0,0,26.9672,0,17,0
25-Nov-2025,1176.9,Call,1140,0,0,26.9672,0,2,0
25-Nov-2025,1176.9,Put,1060,0,0,26.9672,0,0,0
25-Nov-2025,1176.9,Call,1260,0,0,26.9672,0,11,0
25-Nov-2025,1176.9,Put,1020,0,0,26.9672,0,0,0
25-Nov-2025,1176.9,Put,1070,0,0,26.9672,0,0,0
25-Nov-2025,1176.9,Call,1230,0,0,26.9672,0,6,0
25-Nov-2025,1176.9,Call,1240,0,0,26.9672,0,20,0
25-Nov-2025,1176.9,Call,1060,0,0,26.9672,0,0,0
25-Nov-2025,1176.9,Call,1270,0,0,26.9672,0,2,0
25-Nov-2025,1176.9,Call,1120,0,0,26.9672,0,0,0
25-Nov-2025,1176.9,Put,1310,0,0,26.9672,0,0,0
25-Nov-2025,1176.9,Call,1130,0,0,26.9672,0,0,0
25-Nov-2025,1176.9,Put,1380,0,0,26.9672,0,0,0
25-Nov-2025,1176.9,Put,1000,0,0,26.9672,0,0,0
25-Nov-2025,1176.9,Put,1290,0,0,26.9672,0,0,0
25-Nov-2025,1176.9,Call,1340,0,0,26.9672,0,72,0
25-Nov-2025,1176.9,Call,1020,0,0,26.9672,0,0,0
25-Nov-2025,1176.9,Put,1110,0,0,26.9672,0,0,0
25-Nov-2025,1176.9,Call,1100,0,0,26.9672,0,0,0
30-Dec-2025,1176.9,Call,1220,0,0,26.9672,0,0,0
25-Nov-2025,1176.9,Call,1000,0,0,26.9672,0,0,0
25-Nov-2025,1176.9,Call,1080,0,0,26.9672,0,0,0
25-Nov-2025,1176.9,Put,1320,0,0,26.9672,0,0,0
25-Nov-2025,1176.9,Put,1220,0,0,26.9672,0,0,0
30-Dec-2025,1176.9,Call,1160,0,0,26.9672,0,0,0
25-Nov-2025,1176.9,Call,1090,0,0,26.9672,0,0,0
30-Dec-2025,1176.9,Put,1240,0,0,26.9672,0,0,0
25-Nov-2025,1176.9,Put,1270,0,0,26.9672,0,0,0
25-Nov-2025,1176.9,Put,1340,0,0,26.9672,0,0,0
25-Nov-2025,1176.9,Put,1360,0,0,26.9672,0,0,0
25-Nov-2025,1176.9,Call,1050,0,0,26.9672,0,0,0
30-Dec-2025,1176.9,Call,1340,0,0,26.9672,0,0,0
25-Nov-2025,1176.9,Put,1210,0,0,26.9672,0,0,0
30-Dec-2025,1176.9,Call,1320,0,0,26.9672,0,0,0
25-Nov-2025,1176.9,Call,1380,0,0,26.9672,0,9,0
25-Nov-2025,1176.9,Call,1160,0,0,26.9672,0,0,0
30-Dec-2025,1176.9,Put,1060,0,0,26.9672,0,0,0
30-Dec-2025,1176.9,Put,1160,0,0,26.9672,0,0,0
25-Nov-2025,1176.9,Call,1110,0,0,26.9672,0,0,0
30-Dec-2025,1176.9,Put,1000,0,0,26.9672,0,0,0
30-Dec-2025,1176.9,Call,1200,0,0,26.9672,0,0,0
25-Nov-2025,1176.9,Put,1230,0,0,26.9672,0,0,0
30-Dec-2025,1176.9,Put,1120,0,0,26.9672,0,0,0
30-Dec-2025,1176.9,Call,1300,0,0,26.9672,0,0,0
25-Nov-2025,1176.9,Put,1050,0,0,26.9672,0,0,0
25-Nov-2025,1176.9,Put,1300,0,0,26.9672,0,1,0
25-Nov-2025,1176.9,Call,1040,0,0,26.9672,0,0,0
30-Dec-2025,1176.9,Call,1360,0,0,26.9672,0,7,0
30-Dec-2025,1176.9,Put,1180,0,0,26.9672,0,0,0
25-Nov-2025,1176.9,Put,1280,0,0,26.9672,0,0,0
30-Dec-2025,1176.9,Put,1200,0,0,26.9672,0,0,0
30-Dec-2025,1176.9,Put,1140,0,0,26.9672,0,0,0
30-Dec-2025,1176.9,Call,1260,0,0,26.9672,0,0,0
25-Nov-2025,1176.9,Put,1090,0,0,26.9672,0,0,0
30-Dec-2025,1176.9,Call,1180,0,0,26.9672,0,0,0
30-Dec-2025,1176.9,Put,1040,0,0,26.9672,0,0,0
30-Dec-2025,1176.9,Call,1240,0,0,26.9672,0,0,0
25-Nov-2025,1176.9,Call,1070,0,0,26.9672,0,0,0
25-Nov-2025,1176.9,Put,1130,0,0,26.9672,0,10,0
25-Nov-2025,1176.9,Call,1360,0,0,26.9672,0,1,0
30-Dec-2025,1176.9,Put,1220,0,0,26.9672,0,0,0
25-Nov-2025,1176.9,Put,1240,0,0,26.9672,0,0,0
30-Dec-2025,1176.9,Put,1080,0,0,26.9672,0,0,0
25-Nov-2025,1176.9,Put,1260,0,0,26.9672,0,0,0
