28-Oct-2025,1170,-,0,1172,0,26.9672,448,129696,11001
28-Oct-2025,1170,Call,1250,3.05,25.33,26.9672,-2974,2567,6542
28-Oct-2025,1170,Call,1200,12.7,25.16,26.9672,820,6639,4999
28-Oct-2025,1170,Call,1180,20.5,25.04,26.9672,1246,3249,4964
28-Oct-2025,1170,Put,1180,28.6,28.13,26.9672,-406,2206,3417
28-Oct-2025,1170,Call,1190,16.2,25.18,26.9672,50,1894,2933
28-Oct-2025,1170,Put,1130,8.95,28,26.9672,1679,2355,2897
28-Oct-2025,1170,Put,1150,14.55,27.54,26.9672,9,1697,2335
28-Oct-2025,1170,Put,1170,23.2,27.92,26.9672,-207,2224,2222
28-Oct-2025,1170,Call,1240,4.05,25.03,26.9672,243,1172,1918
28-Oct-2025,1170,Put,1160,18.4,27.69,26.9672,92,2070,1671
28-Oct-2025,1170,Call,1220,7.25,24.95,26.9672,95,2094,1605
28-Oct-2025,1170,Call,1210,9.7,24.93,26.9672,-78,1535,1536
28-Oct-2025,1170,Call,1230,5.4,24.83,26.9672,74,4441,1535
28-Oct-2025,1170,Put,1190,34.5,27.65,26.9672,-102,1152,1477
28-Oct-2025,1170,Call,1170,25.25,24.81,26.9672,61,1234,1269
28-Oct-2025,1170,Put,1100,3.75,28.44,26.9672,-50,1367,1138
28-Oct-2025,1170,Put,1140,11.2,27.69,26.9672,-54,1026,1135
28-Oct-2025,1170,Call,1160,30.25,24.3,26.9672,-12,6368,1131
28-Oct-2025,1170,Put,1120,6.85,27.97,26.9672,-12,1250,1071
28-Oct-2025,1170,Call,1150,36.3,24.03,26.9672,-1,3708,932
28-Oct-2025,1170,Call,1260,2.4,26.08,26.9672,-245,1186,915
28-Oct-2025,1170,Put,1200,40.4,27.33,26.9672,-90,1790,913
28-Oct-2025,1170,Call,1300,1.2,29.58,26.9672,81,1781,824
25-Nov-2025,1170,-,0,1178.1,0,26.9672,188,2386,476
28-Oct-2025,1170,Call,1270,1.85,26.4,26.9672,-39,515,421
28-Oct-2025,1170,Call,1280,1.55,27.14,26.9672,50,409,368
28-Oct-2025,1170,Call,1290,1.3,28.21,26.9672,30,341,295
28-Oct-2025,1170,Put,1080,1.9,28.79,26.9672,-14,720,234
28-Oct-2025,1170,Put,1210,47.95,28.21,26.9672,-25,351,234
28-Oct-2025,1170,Put,1110,5,28.3,26.9672,32,355,217
28-Oct-2025,1170,Put,1090,2.7,28.68,26.9672,-32,180,186
28-Oct-2025,1170,Call,1100,75.4,19.16,26.9672,19,590,169
28-Oct-2025,1170,Call,1340,0.45,31.48,26.9672,-2,1409,160
28-Oct-2025,1170,Call,1310,0.95,30.02,26.9672,-8,113,154
28-Oct-2025,1170,Put,1070,1.4,29.29,26.9672,24,237,141
28-Oct-2025,1170,Put,1060,1.1,30.19,26.9672,-1,666,141
28-Oct-2025,1170,Put,1050,0.8,30.99,26.9672,9,508,130
28-Oct-2025,1170,Call,1320,0.8,30.77,26.9672,-17,570,110
28-Oct-2025,1170,Call,1140,43.55,24.64,26.9672,27,730,109
25-Nov-2025,1170,Put,1100,8.95,23.74,26.9672,14,305,107
25-Nov-2025,1170,Call,1200,25.5,20.67,26.9672,17,189,94
25-Nov-2025,1170,Call,1300,5,22.5,26.9672,6,129,73
28-Oct-2025,1170,Put,1220,55.4,28.13,26.9672,-8,568,65
28-Oct-2025,1170,Call,1130,50.9,24.4,26.9672,33,438,63
28-Oct-2025,1170,Call,1360,0.4,33.9,26.9672,-53,63,62
28-Oct-2025,1170,Put,1250,80.95,31.03,26.9672,-46,118,62
25-Nov-2025,1170,Call,1250,11.2,21.22,26.9672,-2,62,49
30-Dec-2025,1170,-,0,1185,0,26.9672,17,289,46
28-Oct-2025,1170,Put,1230,63.9,29.3,26.9672,10,288,46
25-Nov-2025,1170,Call,1220,18.5,20.81,26.9672,-1,74,43
28-Oct-2025,1170,Put,1240,72.55,29.57,26.9672,14,112,42
28-Oct-2025,1170,Call,1110,66.75,20.22,26.9672,24,93,38
28-Oct-2025,1170,Put,1300,129.75,40.92,26.9672,-22,95,38
25-Nov-2025,1170,Put,1200,46.8,23.95,26.9672,4,67,37
25-Nov-2025,1170,Call,1180,34.5,20.67,26.9672,7,32,36
25-Nov-2025,1170,Put,1150,21.45,22.84,26.9672,-5,101,32
28-Oct-2025,1170,Call,1120,58.8,24.08,26.9672,8,352,31
28-Oct-2025,1170,Put,1260,89.9,31.63,26.9672,6,67,28
25-Nov-2025,1170,Put,1170,30,23.09,26.9672,0,30,23
25-Nov-2025,1170,Put,1180,34.5,22.95,26.9672,-7,20,21
25-Nov-2025,1170,Call,1190,29,20.19,26.9672,15,37,18
28-Oct-2025,1170,Call,1080,94.1,0,26.9672,5,98,13
25-Nov-2025,1170,Put,1080,6,24.09,26.9672,5,41,11
28-Oct-2025,1170,Put,1000,0.4,37.54,26.9672,-2,363,10
25-Nov-2025,1170,Put,1120,12.95,23.37,26.9672,1,161,9
25-Nov-2025,1170,Call,1320,3.8,23.39,26.9672,0,20,9
25-Nov-2025,1170,Put,1160,25.05,22.66,26.9672,5,57,8
25-Nov-2025,1170,Put,1140,18,22.83,26.9672,5,26,6
28-Oct-2025,1170,Put,990,0.35,38.87,26.9672,-1,69,5
28-Oct-2025,1170,Put,1040,0.6,29.98,26.9672,0,300,4
25-Nov-2025,1170,Call,1270,7.7,21.35,26.9672,3,5,4
25-Nov-2025,1170,Put,1190,34.75,19.85,26.9672,2,29,4
25-Nov-2025,1170,Call,1150,59,25.76,26.9672,-2,21,4
25-Nov-2025,1170,Call,1170,38.35,19.79,26.9672,2,19,4
28-Oct-2025,1170,Put,1020,0.45,35.56,26.9672,0,136,3
30-Dec-2025,1170,Call,1280,14.1,19.67,26.9672,2,2,3
25-Nov-2025,1170,Call,1210,23.55,21.9,26.9672,-1,3,3
30-Dec-2025,1170,Put,1100,15,23.24,26.9672,2,10,3
25-Nov-2025,1170,Call,1280,7.45,22.59,26.9672,0,30,3
28-Oct-2025,1170,Call,1000,175,43.68,26.9672,0,66,1
25-Nov-2025,1170,Put,1250,67.8,12.23,26.9672,0,9,1
28-Oct-2025,1170,Call,1090,0,0,26.9672,0,25,0
28-Oct-2025,1170,Put,1320,0,0,26.9672,0,30,0
28-Oct-2025,1170,Put,980,0,0,26.9672,0,185,0
28-Oct-2025,1170,Put,1280,0,0,26.9672,0,27,0
28-Oct-2025,1170,Call,1060,0,0,26.9672,0,41,0
28-Oct-2025,1170,Call,1020,0,0,26.9672,0,4,0
28-Oct-2025,1170,Put,1270,0,0,26.9672,0,20,0
28-Oct-2025,1170,Put,1290,0,0,26.9672,0,4,0
28-Oct-2025,1170,Put,900,0,0,26.9672,0,14,0
28-Oct-2025,1170,Call,1050,0,0,26.9672,0,79,0
28-Oct-2025,1170,Put,860,0,0,26.9672,0,35,0
28-Oct-2025,1170,Put,1340,0,0,26.9672,0,0,0
28-Oct-2025,1170,Put,1360,0,0,26.9672,0,0,0
28-Oct-2025,1170,Put,970,0,0,26.9672,0,4,0
28-Oct-2025,1170,Put,1380,0,0,26.9672,0,0,0
28-Oct-2025,1170,Put,1030,0,0,26.9672,0,135,0
28-Oct-2025,1170,Call,1030,0,0,26.9672,0,3,0
28-Oct-2025,1170,Put,880,0,0,26.9672,0,15,0
28-Oct-2025,1170,Put,1310,0,0,26.9672,0,0,0
25-Nov-2025,1170,Call,1090,0,0,26.9672,0,0,0
30-Dec-2025,1170,Put,1060,0,0,26.9672,0,0,0
25-Nov-2025,1170,Call,1040,0,0,26.9672,0,0,0
28-Oct-2025,1170,Put,950,0,0,26.9672,0,30,0
30-Dec-2025,1170,Put,1160,0,0,26.9672,0,0,0
25-Nov-2025,1170,Call,1020,0,0,26.9672,0,0,0
30-Dec-2025,1170,Put,1140,0,0,26.9672,0,0,0
25-Nov-2025,1170,Put,1310,0,0,26.9672,0,0,0
30-Dec-2025,1170,Call,1200,0,0,26.9672,0,0,0
30-Dec-2025,1170,Put,1220,0,0,26.9672,0,0,0
30-Dec-2025,1170,Put,1080,0,0,26.9672,0,0,0
25-Nov-2025,1170,Put,1340,0,0,26.9672,0,0,0
25-Nov-2025,1170,Call,1380,0,0,26.9672,0,9,0
30-Dec-2025,1170,Call,1240,0,0,26.9672,0,0,0
30-Dec-2025,1170,Put,1180,0,0,26.9672,0,0,0
25-Nov-2025,1170,Put,1110,0,0,26.9672,0,0,0
25-Nov-2025,1170,Put,1220,0,0,26.9672,0,0,0
25-Nov-2025,1170,Put,1380,0,0,26.9672,0,0,0
28-Oct-2025,1170,Put,1010,0,0,26.9672,0,12,0
30-Dec-2025,1170,Call,1180,0,0,26.9672,0,0,0
25-Nov-2025,1170,Put,1050,0,0,26.9672,0,0,0
25-Nov-2025,1170,Put,1320,0,0,26.9672,0,0,0
25-Nov-2025,1170,Put,1280,0,0,26.9672,0,0,0
28-Oct-2025,1170,Call,1040,0,0,26.9672,0,7,0
25-Nov-2025,1170,Call,1100,0,0,26.9672,0,0,0
28-Oct-2025,1170,Call,920,0,0,26.9672,0,16,0
25-Nov-2025,1170,Call,1240,0,0,26.9672,0,20,0
25-Nov-2025,1170,Put,1260,0,0,26.9672,0,0,0
25-Nov-2025,1170,Put,1060,0,0,26.9672,0,0,0
25-Nov-2025,1170,Put,1240,0,0,26.9672,0,0,0
25-Nov-2025,1170,Call,1140,0,0,26.9672,0,2,0
30-Dec-2025,1170,Call,1260,0,0,26.9672,0,0,0
25-Nov-2025,1170,Put,1270,0,0,26.9672,0,0,0
25-Nov-2025,1170,Call,1340,0,0,26.9672,0,72,0
30-Dec-2025,1170,Put,1000,0,0,26.9672,0,0,0
28-Oct-2025,1170,Call,1380,0,0,26.9672,0,0,0
25-Nov-2025,1170,Put,1000,0,0,26.9672,0,0,0
25-Nov-2025,1170,Call,1000,0,0,26.9672,0,0,0
25-Nov-2025,1170,Put,1360,0,0,26.9672,0,0,0
30-Dec-2025,1170,Call,1360,0,0,26.9672,0,7,0
25-Nov-2025,1170,Call,1160,0,0,26.9672,0,0,0
25-Nov-2025,1170,Call,1120,0,0,26.9672,0,0,0
25-Nov-2025,1170,Call,1070,0,0,26.9672,0,0,0
30-Dec-2025,1170,Put,1200,0,0,26.9672,0,0,0
30-Dec-2025,1170,Put,1120,0,0,26.9672,0,0,0
25-Nov-2025,1170,Put,1090,0,0,26.9672,0,0,0
25-Nov-2025,1170,Call,1060,0,0,26.9672,0,0,0
25-Nov-2025,1170,Put,1300,0,0,26.9672,0,1,0
25-Nov-2025,1170,Call,1310,0,0,26.9672,0,6,0
28-Oct-2025,1170,Call,960,0,0,26.9672,0,4,0
30-Dec-2025,1170,Put,1040,0,0,26.9672,0,0,0
30-Dec-2025,1170,Put,1240,0,0,26.9672,0,0,0
30-Dec-2025,1170,Call,1160,0,0,26.9672,0,0,0
25-Nov-2025,1170,Put,1070,0,0,26.9672,0,0,0
28-Oct-2025,1170,Put,960,0,0,26.9672,0,24,0
25-Nov-2025,1170,Put,1230,0,0,26.9672,0,0,0
25-Nov-2025,1170,Call,1260,0,0,26.9672,0,11,0
25-Nov-2025,1170,Call,1080,0,0,26.9672,0,0,0
25-Nov-2025,1170,Call,1360,0,0,26.9672,0,1,0
25-Nov-2025,1170,Put,1130,0,0,26.9672,0,10,0
25-Nov-2025,1170,Put,1210,0,0,26.9672,0,0,0
30-Dec-2025,1170,Call,1300,0,0,26.9672,0,0,0
30-Dec-2025,1170,Call,1220,0,0,26.9672,0,0,0
25-Nov-2025,1170,Call,1050,0,0,26.9672,0,0,0
30-Dec-2025,1170,Call,1340,0,0,26.9672,0,0,0
25-Nov-2025,1170,Put,1040,0,0,26.9672,0,0,0
25-Nov-2025,1170,Put,1020,0,0,26.9672,0,0,0
25-Nov-2025,1170,Put,1290,0,0,26.9672,0,0,0
25-Nov-2025,1170,Call,1290,0,0,26.9672,0,0,0
25-Nov-2025,1170,Call,1130,0,0,26.9672,0,0,0
25-Nov-2025,1170,Call,1230,0,0,26.9672,0,6,0
30-Dec-2025,1170,Call,1320,0,0,26.9672,0,0,0
25-Nov-2025,1170,Call,1110,0,0,26.9672,0,0,0
28-Oct-2025,1170,Call,1070,0,0,26.9672,0,56,0
