28-Oct-2025,2020.1,-,0,2022.5,0,28.0557,221,35750,1845
28-Oct-2025,2020.1,Call,2040,28.65,21.26,28.0557,168,1150,1576
28-Oct-2025,2020.1,Call,2060,20.95,21.5,28.0557,327,938,1422
28-Oct-2025,2020.1,Call,2020,37.75,21.45,28.0557,43,986,1274
28-Oct-2025,2020.1,Call,2000,49.25,20.94,28.0557,62,647,1135
28-Oct-2025,2020.1,Call,2100,11.05,22.11,28.0557,154,1437,1080
28-Oct-2025,2020.1,Put,2000,25.6,23.97,28.0557,-57,546,1077
28-Oct-2025,2020.1,Put,1800,1.25,31.86,28.0557,-659,1295,892
28-Oct-2025,2020.1,Put,2020,34.85,24.79,28.0557,-15,404,751
28-Oct-2025,2020.1,Call,2080,15.05,21.78,28.0557,-2,1356,643
28-Oct-2025,2020.1,Put,2040,44.9,24.51,28.0557,-2,264,458
28-Oct-2025,2020.1,Put,1980,19,24.22,28.0557,15,216,411
28-Oct-2025,2020.1,Put,1960,13.65,24.55,28.0557,-4,222,288
28-Oct-2025,2020.1,Put,1900,4.35,25.72,28.0557,-4,344,267
28-Oct-2025,2020.1,Call,2140,5.45,23.15,28.0557,-12,284,236
28-Oct-2025,2020.1,Put,1880,3.5,27.12,28.0557,-92,129,222
28-Oct-2025,2020.1,Put,1940,9.55,25.01,28.0557,-2,333,210
28-Oct-2025,2020.1,Call,1980,62.2,19.83,28.0557,0,73,188
28-Oct-2025,2020.1,Call,2120,7.85,22.71,28.0557,-2,255,169
25-Nov-2025,2020.1,-,0,2034.8,0,28.0557,27,520,158
28-Oct-2025,2020.1,Call,2200,2,24.61,28.0557,-12,737,128
28-Oct-2025,2020.1,Put,1920,6.5,25.24,28.0557,54,436,120
28-Oct-2025,2020.1,Call,2160,3.9,23.59,28.0557,1,241,91
28-Oct-2025,2020.1,Put,2060,57.25,25.08,28.0557,-2,115,68
28-Oct-2025,2020.1,Put,1840,1.65,28.25,28.0557,-14,125,66
28-Oct-2025,2020.1,Call,2180,2.6,23.78,28.0557,2,300,60
28-Oct-2025,2020.1,Put,1860,2.25,28.11,28.0557,-5,315,41
28-Oct-2025,2020.1,Put,2080,70.85,25.3,28.0557,3,74,29
28-Oct-2025,2020.1,Call,2240,0.95,25.52,28.0557,-4,902,22
28-Oct-2025,2020.1,Call,2220,1.45,25.34,28.0557,-5,386,20
30-Dec-2025,2020.1,-,0,2035,0,28.0557,8,80,16
28-Oct-2025,2020.1,Call,2320,0.3,30.46,28.0557,0,92,16
28-Oct-2025,2020.1,Call,2280,0.45,26.32,28.0557,1,241,11
28-Oct-2025,2020.1,Call,1960,72.1,14.96,28.0557,1,38,11
28-Oct-2025,2020.1,Put,1720,0.4,35.75,28.0557,0,451,11
25-Nov-2025,2020.1,Call,2240,8.25,21.86,28.0557,-1,27,11
28-Oct-2025,2020.1,Call,1900,118.95,0,28.0557,4,74,10
25-Nov-2025,2020.1,Put,2000,44.15,23.58,28.0557,2,30,10
28-Oct-2025,2020.1,Put,2100,94.65,32.22,28.0557,-2,267,9
28-Oct-2025,2020.1,Call,1880,136.95,0,28.0557,0,20,7
25-Nov-2025,2020.1,Call,2100,34.15,20.72,28.0557,6,23,7
25-Nov-2025,2020.1,Call,2000,75,18.44,28.0557,0,52,6
25-Nov-2025,2020.1,Call,2080,39.95,20.2,28.0557,3,5,4
25-Nov-2025,2020.1,Put,1900,17.9,25.12,28.0557,1,72,4
28-Oct-2025,2020.1,Put,1820,1.55,30.31,28.0557,-2,56,3
25-Nov-2025,2020.1,Call,2200,12,21.13,28.0557,1,9,3
28-Oct-2025,2020.1,Call,1940,85.15,0,28.0557,0,25,3
28-Oct-2025,2020.1,Call,1720,289,0,28.0557,0,38,2
25-Nov-2025,2020.1,Put,1920,19.9,23.89,28.0557,1,8,2
28-Oct-2025,2020.1,Put,1680,0.5,41.37,28.0557,0,3,1
25-Nov-2025,2020.1,Call,1960,104.85,19.73,28.0557,0,7,1
25-Nov-2025,2020.1,Call,2280,7,23.76,28.0557,0,14,1
25-Nov-2025,2020.1,Call,2320,4.6,24.05,28.0557,0,0,1
25-Nov-2025,2020.1,Call,2020,70.1,21.02,28.0557,0,14,1
28-Oct-2025,2020.1,Put,1760,0,0,28.0557,0,8,0
28-Oct-2025,2020.1,Call,1740,0,0,28.0557,0,25,0
28-Oct-2025,2020.1,Call,2360,0,0,28.0557,0,26,0
28-Oct-2025,2020.1,Call,1780,0,0,28.0557,0,4,0
28-Oct-2025,2020.1,Call,1820,0,0,28.0557,0,7,0
28-Oct-2025,2020.1,Call,1860,0,0,28.0557,0,2,0
28-Oct-2025,2020.1,Call,1920,0,0,28.0557,0,9,0
28-Oct-2025,2020.1,Put,2240,0,0,28.0557,0,5,0
28-Oct-2025,2020.1,Call,1680,0,0,28.0557,0,0,0
28-Oct-2025,2020.1,Call,1760,0,0,28.0557,0,3,0
28-Oct-2025,2020.1,Put,2160,0,0,28.0557,0,17,0
28-Oct-2025,2020.1,Put,2200,0,0,28.0557,0,113,0
28-Oct-2025,2020.1,Put,2180,0,0,28.0557,0,0,0
28-Oct-2025,2020.1,Put,2320,0,0,28.0557,0,12,0
28-Oct-2025,2020.1,Put,2140,0,0,28.0557,0,11,0
28-Oct-2025,2020.1,Put,2400,0,0,28.0557,0,129,0
28-Oct-2025,2020.1,Call,2260,0,0,28.0557,0,211,0
28-Oct-2025,2020.1,Call,2400,0,0,28.0557,0,34,0
28-Oct-2025,2020.1,Put,2220,0,0,28.0557,0,0,0
28-Oct-2025,2020.1,Put,2280,0,0,28.0557,0,7,0
25-Nov-2025,2020.1,Put,2120,0,0,28.0557,0,0,0
25-Nov-2025,2020.1,Put,2040,0,0,28.0557,0,0,0
25-Nov-2025,2020.1,Call,1860,0,0,28.0557,0,0,0
25-Nov-2025,2020.1,Put,1980,0,0,28.0557,0,0,0
25-Nov-2025,2020.1,Call,1900,0,0,28.0557,0,30,0
25-Nov-2025,2020.1,Call,1920,0,0,28.0557,0,1,0
28-Oct-2025,2020.1,Put,1740,0,0,28.0557,0,102,0
25-Nov-2025,2020.1,Put,1860,0,0,28.0557,0,0,0
25-Nov-2025,2020.1,Put,2100,0,0,28.0557,0,8,0
25-Nov-2025,2020.1,Put,2020,0,0,28.0557,0,8,0
25-Nov-2025,2020.1,Put,2400,0,0,28.0557,0,1,0
25-Nov-2025,2020.1,Put,2200,0,0,28.0557,0,0,0
25-Nov-2025,2020.1,Call,1820,0,0,28.0557,0,0,0
25-Nov-2025,2020.1,Put,1880,0,0,28.0557,0,46,0
25-Nov-2025,2020.1,Put,1680,0,0,28.0557,0,0,0
25-Nov-2025,2020.1,Put,2140,0,0,28.0557,0,0,0
25-Nov-2025,2020.1,Put,1820,0,0,28.0557,0,0,0
25-Nov-2025,2020.1,Put,2240,0,0,28.0557,0,1,0
28-Oct-2025,2020.1,Call,1840,0,0,28.0557,0,0,0
25-Nov-2025,2020.1,Put,2220,0,0,28.0557,0,0,0
28-Oct-2025,2020.1,Put,2360,0,0,28.0557,0,14,0
25-Nov-2025,2020.1,Call,2040,0,0,28.0557,0,3,0
25-Nov-2025,2020.1,Call,2140,0,0,28.0557,0,2,0
25-Nov-2025,2020.1,Put,2280,0,0,28.0557,0,0,0
25-Nov-2025,2020.1,Put,2080,0,0,28.0557,0,0,0
25-Nov-2025,2020.1,Put,2320,0,0,28.0557,0,0,0
30-Dec-2025,2020.1,Put,2040,0,0,28.0557,0,0,0
30-Dec-2025,2020.1,Put,2080,0,0,28.0557,0,0,0
25-Nov-2025,2020.1,Call,1680,0,0,28.0557,0,0,0
30-Dec-2025,2020.1,Call,2000,0,0,28.0557,0,0,0
25-Nov-2025,2020.1,Call,2220,0,0,28.0557,0,0,0
30-Dec-2025,2020.1,Call,2240,0,0,28.0557,0,0,0
28-Oct-2025,2020.1,Put,2120,0,0,28.0557,0,11,0
30-Dec-2025,2020.1,Call,2160,0,0,28.0557,0,0,0
30-Dec-2025,2020.1,Call,2200,0,0,28.0557,0,0,0
25-Nov-2025,2020.1,Call,2120,0,0,28.0557,0,0,0
25-Nov-2025,2020.1,Put,2060,0,0,28.0557,0,0,0
30-Dec-2025,2020.1,Call,2120,0,0,28.0557,0,0,0
25-Nov-2025,2020.1,Call,1940,0,0,28.0557,0,0,0
25-Nov-2025,2020.1,Put,2160,0,0,28.0557,0,0,0
25-Nov-2025,2020.1,Call,2160,0,0,28.0557,0,2,0
25-Nov-2025,2020.1,Put,1800,0,0,28.0557,0,0,0
28-Oct-2025,2020.1,Call,1800,0,0,28.0557,0,109,0
25-Nov-2025,2020.1,Put,1940,0,0,28.0557,0,0,0
30-Dec-2025,2020.1,Put,2120,0,0,28.0557,0,0,0
25-Nov-2025,2020.1,Put,1720,0,0,28.0557,0,0,0
25-Nov-2025,2020.1,Put,2360,0,0,28.0557,0,0,0
25-Nov-2025,2020.1,Call,1980,0,0,28.0557,0,0,0
30-Dec-2025,2020.1,Call,2080,0,0,28.0557,0,0,0
25-Nov-2025,2020.1,Put,2180,0,0,28.0557,0,0,0
25-Nov-2025,2020.1,Put,1840,0,0,28.0557,0,16,0
25-Nov-2025,2020.1,Call,2360,0,0,28.0557,0,0,0
25-Nov-2025,2020.1,Call,2180,0,0,28.0557,0,0,0
30-Dec-2025,2020.1,Put,2000,0,0,28.0557,0,0,0
25-Nov-2025,2020.1,Put,1960,0,0,28.0557,0,2,0
25-Nov-2025,2020.1,Call,1880,0,0,28.0557,0,12,0
25-Nov-2025,2020.1,Call,2400,0,0,28.0557,0,1,0
25-Nov-2025,2020.1,Call,2060,0,0,28.0557,0,0,0
25-Nov-2025,2020.1,Put,1760,0,0,28.0557,0,0,0
25-Nov-2025,2020.1,Call,1800,0,0,28.0557,0,0,0
30-Dec-2025,2020.1,Call,2320,0,0,28.0557,0,0,0
30-Dec-2025,2020.1,Put,1880,0,0,28.0557,0,0,0
30-Dec-2025,2020.1,Put,1920,0,0,28.0557,0,0,0
30-Dec-2025,2020.1,Put,1960,0,0,28.0557,0,0,0
25-Nov-2025,2020.1,Call,1760,0,0,28.0557,0,0,0
25-Nov-2025,2020.1,Call,1840,0,0,28.0557,0,0,0
30-Dec-2025,2020.1,Call,2040,0,0,28.0557,0,0,0
25-Nov-2025,2020.1,Call,1720,0,0,28.0557,0,0,0
