28-Oct-2025,1019.25,-,0,1018.25,0,31.0806,-65,119227,11985
28-Oct-2025,1019.25,Call,1030,17.6,26.89,31.0806,94,1798,5993
28-Oct-2025,1019.25,Call,1040,13.9,27.18,31.0806,319,2051,5353
28-Oct-2025,1019.25,Call,1050,10.65,27.33,31.0806,486,1964,4750
28-Oct-2025,1019.25,Call,1020,22.05,26.61,31.0806,-73,2251,4634
28-Oct-2025,1019.25,Put,1020,23.25,30.83,31.0806,-437,1771,4168
28-Oct-2025,1019.25,Put,1030,28.8,31.02,31.0806,-141,1146,3382
28-Oct-2025,1019.25,Put,1000,14.25,30.4,31.0806,-258,1587,3226
28-Oct-2025,1019.25,Put,1010,18.35,30.91,31.0806,-116,602,2828
28-Oct-2025,1019.25,Call,1000,33.1,26.28,31.0806,-63,1333,2146
28-Oct-2025,1019.25,Call,1060,8.25,27.51,31.0806,59,1135,2121
28-Oct-2025,1019.25,Put,980,8.2,30.29,31.0806,-27,1012,1963
28-Oct-2025,1019.25,Call,1100,2.8,29.33,31.0806,381,3086,1941
28-Oct-2025,1019.25,Put,1040,34.3,31.31,31.0806,-165,258,1611
28-Oct-2025,1019.25,Put,990,10.55,30.5,31.0806,1,562,1578
28-Oct-2025,1019.25,Call,1070,6.35,27.78,31.0806,18,658,1378
28-Oct-2025,1019.25,Call,1080,4.65,28.02,31.0806,-15,1407,1330
28-Oct-2025,1019.25,Call,1010,27.3,26,31.0806,-19,468,1267
28-Oct-2025,1019.25,Put,950,2.95,30.44,31.0806,230,1207,1236
25-Nov-2025,1019.25,-,0,1024.1,0,31.0806,130,2235,848
28-Oct-2025,1019.25,Call,1090,3.55,28.76,31.0806,-44,912,834
28-Oct-2025,1019.25,Put,970,5.85,30.02,31.0806,-5,655,717
28-Oct-2025,1019.25,Put,1050,41.9,31.37,31.0806,-163,636,717
28-Oct-2025,1019.25,Put,940,2.1,30.59,31.0806,-53,574,581
28-Oct-2025,1019.25,Call,1120,1.6,30.43,31.0806,-49,569,574
28-Oct-2025,1019.25,Put,960,4.35,30.33,31.0806,-4,625,553
28-Oct-2025,1019.25,Call,1110,2.1,29.61,31.0806,80,379,460
25-Nov-2025,1019.25,Call,1000,46.5,22.58,31.0806,206,360,349
28-Oct-2025,1019.25,Call,970,55,25.29,31.0806,-107,486,343
28-Oct-2025,1019.25,Put,900,0.6,33.32,31.0806,16,1040,335
28-Oct-2025,1019.25,Call,990,39.5,25.52,31.0806,15,232,299
28-Oct-2025,1019.25,Put,1060,48.85,33.74,31.0806,4,133,299
25-Nov-2025,1019.25,Call,1100,11.1,24.93,31.0806,113,580,296
28-Oct-2025,1019.25,Call,1140,1,31.51,31.0806,-28,1015,278
28-Oct-2025,1019.25,Put,930,1.5,31.3,31.0806,33,425,248
28-Oct-2025,1019.25,Put,1100,82.55,37.82,31.0806,74,583,223
28-Oct-2025,1019.25,Call,1160,0.65,33.28,31.0806,16,1501,220
28-Oct-2025,1019.25,Put,920,1.2,31.76,31.0806,-4,643,199
25-Nov-2025,1019.25,Put,1000,22.45,26.43,31.0806,-17,302,135
30-Dec-2025,1019.25,-,0,1031,0,31.0806,40,278,128
28-Oct-2025,1019.25,Call,980,47.65,25.29,31.0806,-15,273,113
25-Nov-2025,1019.25,Call,1040,27,23.35,31.0806,14,226,112
28-Oct-2025,1019.25,Call,950,72.65,22.02,31.0806,11,492,94
25-Nov-2025,1019.25,Call,1030,29.75,22.29,31.0806,34,67,94
28-Oct-2025,1019.25,Call,940,82.05,0,31.0806,-33,544,88
28-Oct-2025,1019.25,Put,1070,56.05,33.51,31.0806,-4,51,85
25-Nov-2025,1019.25,Put,1020,33.3,27.14,31.0806,-15,70,84
28-Oct-2025,1019.25,Put,910,1,33.28,31.0806,18,302,83
25-Nov-2025,1019.25,Put,950,9.55,26.93,31.0806,15,196,74
28-Oct-2025,1019.25,Call,960,63.25,24.13,31.0806,-5,222,73
25-Nov-2025,1019.25,Call,1050,24,23.52,31.0806,-1,89,71
25-Nov-2025,1019.25,Put,1050,49.7,27.28,31.0806,36,54,61
28-Oct-2025,1019.25,Put,1080,64.55,34.25,31.0806,3,44,58
28-Oct-2025,1019.25,Put,890,0.45,33.81,31.0806,-12,166,49
25-Nov-2025,1019.25,Call,1120,7.8,25.51,31.0806,12,125,49
28-Oct-2025,1019.25,Put,860,0.15,35.56,31.0806,1,574,48
28-Oct-2025,1019.25,Put,1090,73.35,36.64,31.0806,-1,32,43
25-Nov-2025,1019.25,Call,1020,35.85,22.87,31.0806,5,84,42
25-Nov-2025,1019.25,Put,1040,44,27.36,31.0806,14,27,33
25-Nov-2025,1019.25,Put,900,3.35,28.1,31.0806,11,123,31
25-Nov-2025,1019.25,Call,1060,20,23.32,31.0806,13,39,29
25-Nov-2025,1019.25,Put,980,16.8,26.55,31.0806,10,114,26
25-Nov-2025,1019.25,Call,1090,12.4,24.54,31.0806,18,22,20
28-Oct-2025,1019.25,Call,1130,1.25,31.06,0,0,13,19
28-Oct-2025,1019.25,Call,930,91.5,0,31.0806,-5,51,18
28-Oct-2025,1019.25,Put,880,0.3,34.17,31.0806,5,167,17
25-Nov-2025,1019.25,Call,1160,4.05,26.53,31.0806,5,60,13
25-Nov-2025,1019.25,Call,1080,14.8,24.52,31.0806,7,77,12
28-Oct-2025,1019.25,Call,840,179.85,43.14,31.0806,-5,9,11
28-Oct-2025,1019.25,Put,870,0.25,37.25,31.0806,1,149,11
28-Oct-2025,1019.25,Put,850,0.15,37.72,31.0806,0,608,10
25-Nov-2025,1019.25,Call,860,165,0,31.0806,9,11,10
25-Nov-2025,1019.25,Call,1140,5.6,25.98,31.0806,-2,11,9
28-Oct-2025,1019.25,Call,920,97.35,0,31.0806,-3,163,6
25-Nov-2025,1019.25,Call,990,55,24.29,31.0806,0,15,6
28-Oct-2025,1019.25,Put,840,0.2,41.28,31.0806,-4,153,5
30-Dec-2025,1019.25,Put,900,5.4,24.78,31.0806,3,18,5
28-Oct-2025,1019.25,Call,900,117.5,0,31.0806,-3,339,4
25-Nov-2025,1019.25,Put,890,3.2,29.59,31.0806,0,0,4
25-Nov-2025,1019.25,Put,920,5.1,27.47,31.0806,1,38,4
28-Oct-2025,1019.25,Call,820,199,0,31.0806,0,8,3
25-Nov-2025,1019.25,Call,920,107,13.69,31.0806,2,2,3
28-Oct-2025,1019.25,Call,860,153.1,0,31.0806,0,55,2
28-Oct-2025,1019.25,Put,1160,143.2,47.9,31.0806,1,175,2
25-Nov-2025,1019.25,Call,840,185,0,31.0806,0,1,2
28-Oct-2025,1019.25,Put,800,0.15,48.81,31.0806,0,151,1
28-Oct-2025,1019.25,Call,870,149.85,33.89,31.0806,0,16,1
25-Nov-2025,1019.25,Put,990,14.5,21.94,31.0806,0,0,1
25-Nov-2025,1019.25,Put,910,3.35,26.29,31.0806,0,91,1
25-Nov-2025,1019.25,Put,960,11,26.17,31.0806,0,2,1
28-Oct-2025,1019.25,Call,1200,0,0,31.0806,0,0,0
28-Oct-2025,1019.25,Put,820,0,0,31.0806,0,86,0
28-Oct-2025,1019.25,Put,1130,0,0,0,0,0,0
28-Oct-2025,1019.25,Put,1200,0,0,0,0,0,0
28-Oct-2025,1019.25,Put,1120,0,0,31.0806,0,21,0
28-Oct-2025,1019.25,Put,1180,0,0,31.0806,0,0,0
28-Oct-2025,1019.25,Call,1180,0,0,31.0806,0,0,0
28-Oct-2025,1019.25,Call,880,0,0,31.0806,0,63,0
28-Oct-2025,1019.25,Put,760,0,0,31.0806,0,8,0
28-Oct-2025,1019.25,Put,1140,0,0,31.0806,0,11,0
28-Oct-2025,1019.25,Call,830,0,0,31.0806,0,7,0
28-Oct-2025,1019.25,Call,850,0,0,31.0806,0,6,0
28-Oct-2025,1019.25,Put,740,0,0,31.0806,0,8,0
28-Oct-2025,1019.25,Call,800,0,0,31.0806,0,105,0
28-Oct-2025,1019.25,Call,890,0,0,31.0806,0,16,0
28-Oct-2025,1019.25,Call,910,0,0,31.0806,0,62,0
25-Nov-2025,1019.25,Call,1200,0,0,0,0,0,0
28-Oct-2025,1019.25,Put,780,0,0,31.0806,0,11,0
28-Oct-2025,1019.25,Put,1110,0,0,31.0806,0,12,0
25-Nov-2025,1019.25,Call,1070,0,0,31.0806,0,0,0
28-Oct-2025,1019.25,Put,790,0,0,31.0806,0,3,0
25-Nov-2025,1019.25,Put,1200,0,0,0,0,0,0
25-Nov-2025,1019.25,Call,930,0,0,31.0806,0,0,0
25-Nov-2025,1019.25,Call,950,0,0,31.0806,0,0,0
25-Nov-2025,1019.25,Call,910,0,0,31.0806,0,0,0
25-Nov-2025,1019.25,Call,940,0,0,31.0806,0,0,0
25-Nov-2025,1019.25,Put,970,0,0,31.0806,0,0,0
25-Nov-2025,1019.25,Put,1010,0,0,31.0806,0,0,0
25-Nov-2025,1019.25,Put,860,0,0,31.0806,0,0,0
25-Nov-2025,1019.25,Call,960,0,0,31.0806,0,0,0
25-Nov-2025,1019.25,Put,800,0,0,31.0806,0,8,0
25-Nov-2025,1019.25,Put,780,0,0,31.0806,0,14,0
25-Nov-2025,1019.25,Call,1110,0,0,31.0806,0,6,0
25-Nov-2025,1019.25,Put,820,0,0,31.0806,0,0,0
25-Nov-2025,1019.25,Call,980,0,0,31.0806,0,0,0
25-Nov-2025,1019.25,Put,930,0,0,31.0806,0,0,0
25-Nov-2025,1019.25,Put,1160,0,0,31.0806,0,0,0
25-Nov-2025,1019.25,Call,1180,0,0,31.0806,0,0,0
25-Nov-2025,1019.25,Call,820,0,0,31.0806,0,1,0
25-Nov-2025,1019.25,Put,880,0,0,31.0806,0,0,0
25-Nov-2025,1019.25,Put,1110,0,0,31.0806,0,0,0
25-Nov-2025,1019.25,Put,1030,0,0,31.0806,0,0,0
25-Nov-2025,1019.25,Put,1070,0,0,31.0806,0,0,0
25-Nov-2025,1019.25,Put,1090,0,0,31.0806,0,0,0
25-Nov-2025,1019.25,Put,1130,0,0,0,0,0,0
25-Nov-2025,1019.25,Put,1120,0,0,31.0806,0,0,0
25-Nov-2025,1019.25,Put,1100,0,0,31.0806,0,0,0
25-Nov-2025,1019.25,Call,970,0,0,31.0806,0,0,0
25-Nov-2025,1019.25,Put,1140,0,0,31.0806,0,0,0
25-Nov-2025,1019.25,Call,1130,0,0,0,0,0,0
25-Nov-2025,1019.25,Put,1080,0,0,31.0806,0,0,0
25-Nov-2025,1019.25,Call,880,0,0,31.0806,0,0,0
25-Nov-2025,1019.25,Put,940,0,0,31.0806,0,0,0
25-Nov-2025,1019.25,Put,1060,0,0,31.0806,0,0,0
30-Dec-2025,1019.25,Put,840,0,0,31.0806,0,0,0
30-Dec-2025,1019.25,Put,1000,0,0,31.0806,0,0,0
30-Dec-2025,1019.25,Put,920,0,0,31.0806,0,0,0
30-Dec-2025,1019.25,Put,960,0,0,31.0806,0,0,0
25-Nov-2025,1019.25,Call,900,0,0,31.0806,0,1,0
30-Dec-2025,1019.25,Call,1160,0,0,31.0806,0,0,0
25-Nov-2025,1019.25,Put,1180,0,0,31.0806,0,0,0
30-Dec-2025,1019.25,Put,1100,0,0,31.0806,0,0,0
30-Dec-2025,1019.25,Put,1020,0,0,31.0806,0,0,0
25-Nov-2025,1019.25,Call,1010,0,0,31.0806,0,5,0
30-Dec-2025,1019.25,Put,1040,0,0,31.0806,0,0,0
30-Dec-2025,1019.25,Put,880,0,0,31.0806,0,0,0
30-Dec-2025,1019.25,Call,1140,0,0,0,0,0,0
30-Dec-2025,1019.25,Put,940,0,0,31.0806,0,0,0
25-Nov-2025,1019.25,Call,890,0,0,31.0806,0,0,0
30-Dec-2025,1019.25,Call,1100,0,0,31.0806,0,0,0
30-Dec-2025,1019.25,Call,1040,0,0,31.0806,0,0,0
30-Dec-2025,1019.25,Call,1080,0,0,31.0806,0,0,0
30-Dec-2025,1019.25,Call,1120,0,0,31.0806,0,10,0
30-Dec-2025,1019.25,Call,1000,0,0,31.0806,0,0,0
30-Dec-2025,1019.25,Put,980,0,0,31.0806,0,0,0
25-Nov-2025,1019.25,Put,840,0,0,31.0806,0,0,0
30-Dec-2025,1019.25,Call,1020,0,0,31.0806,0,0,0
30-Dec-2025,1019.25,Put,1060,0,0,31.0806,0,0,0
30-Dec-2025,1019.25,Call,1060,0,0,31.0806,0,0,0
30-Dec-2025,1019.25,Put,1080,0,0,31.0806,0,0,0
