28-Oct-2025,56672.85,Call,57000,440.75,11.4,17.2749,406,65111,9843
28-Oct-2025,56672.85,Call,56600,672.5,11.93,17.2749,1823,9962,8385
28-Oct-2025,56672.85,Call,56700,610.05,11.81,17.2749,1176,12627,7886
28-Oct-2025,56672.85,Call,57500,240.25,11.04,17.2749,334,23310,6975
28-Oct-2025,56672.85,Call,58000,118.8,10.95,17.2749,426,34197,6819
28-Oct-2025,56672.85,Put,56500,349.5,11.72,17.2749,162,21405,5770
28-Oct-2025,56672.85,Call,56500,738.45,12.02,17.2749,1059,23769,5634
28-Oct-2025,56672.85,Put,56700,422.25,11.45,17.2749,635,6703,5089
28-Oct-2025,56672.85,Call,56800,550.1,11.67,17.2749,537,9123,4869
28-Oct-2025,56672.85,Call,56900,495.6,11.55,17.2749,641,5456,4790
28-Oct-2025,56672.85,Put,57000,554.75,11.12,17.2749,397,43403,4776
28-Oct-2025,56672.85,Put,56600,384.4,11.63,17.2749,603,8256,4199
28-Oct-2025,56672.85,Put,56000,216.95,12.43,17.2749,27,36898,3876
28-Oct-2025,56672.85,Put,55000,87.85,14.35,17.2749,543,46055,3320
28-Oct-2025,56672.85,Call,58500,57.65,11.13,17.2749,136,23278,2991
28-Oct-2025,56672.85,Put,56800,464.05,11.38,17.2749,466,5970,2927
28-Oct-2025,56672.85,Put,56900,506.7,11.24,17.2749,445,4307,2919
28-Oct-2025,56672.85,Call,59000,31.1,11.76,17.2749,312,22455,2884
28-Oct-2025,56672.85,Call,57700,183.4,10.98,17.2749,39,5712,2578
28-Oct-2025,56672.85,Put,56400,318.85,11.86,17.2749,-70,7340,2573
28-Oct-2025,56672.85,Call,57100,396.6,11.23,17.2749,357,4146,2202
28-Oct-2025,56672.85,Call,57300,312.45,11.18,17.2749,101,5581,2186
28-Oct-2025,56672.85,Call,57900,138.2,10.92,17.2749,-74,3488,1971
28-Oct-2025,56672.85,Put,55500,135.3,13.34,17.2749,15,27937,1967
28-Oct-2025,56672.85,Put,54000,45.2,16.91,17.2749,-136,35233,1876
28-Oct-2025,56672.85,Put,56200,262.5,12.14,17.2749,108,6702,1820
28-Oct-2025,56672.85,Call,57600,210.4,11.04,17.2749,176,6478,1737
28-Oct-2025,56672.85,Put,53000,28.2,19.78,17.2749,79,23424,1639
28-Oct-2025,56672.85,Call,57400,275,11.13,17.2749,12,3699,1629
28-Oct-2025,56672.85,Call,57200,351,11.26,17.2749,127,4819,1618
28-Oct-2025,56672.85,Call,56400,804.85,12.16,17.2749,248,5908,1562
28-Oct-2025,56672.85,Call,57800,158,10.93,17.2749,180,3895,1533
28-Oct-2025,56672.85,Put,56300,287.5,12,17.2749,112,6394,1511
28-Oct-2025,56672.85,Put,53500,35.15,18.34,17.2749,-39,18690,1509
28-Oct-2025,56672.85,Put,56100,238.65,12.28,17.2749,-238,5414,1483
28-Oct-2025,56672.85,Put,52000,20.05,22.88,17.2749,53,16652,1399
28-Oct-2025,56672.85,Put,55900,196.1,12.67,17.2749,-125,4874,1368
28-Oct-2025,56672.85,Put,55800,178.9,12.79,17.2749,-253,5347,1354
28-Oct-2025,56672.85,Call,58100,103.45,10.97,17.2749,148,2322,1269
28-Oct-2025,56672.85,Put,53800,40.3,17.46,17.2749,-390,3559,1261
28-Oct-2025,56672.85,Call,59500,19.35,12.64,17.2749,211,10847,1257
28-Oct-2025,56672.85,-,0,56884.4,0,17.2749,-41,49956,1244
28-Oct-2025,56672.85,Put,54500,61.55,15.6,17.2749,-89,35168,1178
28-Oct-2025,56672.85,Call,58200,88.65,10.99,17.2749,231,3872,1099
28-Oct-2025,56672.85,Call,60000,13.45,13.65,17.2749,249,24748,1088
28-Oct-2025,56672.85,Call,58300,77.2,11,17.2749,186,3033,990
28-Oct-2025,56672.85,Put,55700,162.65,13.03,17.2749,89,5085,771
28-Oct-2025,56672.85,Call,58600,50.75,11.21,17.2749,82,3399,737
28-Oct-2025,56672.85,Call,56000,1100.3,12.77,17.2749,-20,24307,729
28-Oct-2025,56672.85,Call,58400,66.75,11.08,17.2749,70,2694,720
28-Oct-2025,56672.85,Put,51000,15.3,25.89,17.2749,-1,9102,706
28-Oct-2025,56672.85,Call,63500,3.75,21.51,17.2749,-68,10303,677
28-Oct-2025,56672.85,Put,52500,23.55,21.29,17.2749,-96,10979,656
28-Oct-2025,56672.85,Put,55400,123.8,13.6,17.2749,45,5976,617
28-Oct-2025,56672.85,Put,50000,13.4,29.43,17.2749,258,8390,603
28-Oct-2025,56672.85,Put,57100,608.3,11.19,17.2749,42,1262,547
28-Oct-2025,56672.85,Put,55600,148.95,13.24,17.2749,-6,6061,546
28-Oct-2025,56672.85,Put,55200,104.35,13.99,17.2749,34,5922,538
28-Oct-2025,56672.85,Put,51500,17.7,24.3,17.2749,-178,5858,528
28-Oct-2025,56672.85,Put,53300,31.7,18.9,17.2749,-181,1058,511
28-Oct-2025,56672.85,Call,56200,947.9,12.29,17.2749,86,3542,491
28-Oct-2025,56672.85,Put,54800,76,14.85,17.2749,146,6163,489
28-Oct-2025,56672.85,Call,56300,870,12.08,17.2749,18,4151,481
28-Oct-2025,56672.85,Call,60500,9.3,14.62,17.2749,4,6538,476
28-Oct-2025,56672.85,Call,58800,39.8,11.44,17.2749,29,2568,404
28-Oct-2025,56672.85,Call,58700,44.35,11.32,17.2749,44,3768,403
28-Oct-2025,56672.85,Put,46000,8,43.14,17.2749,-75,11715,395
28-Oct-2025,56672.85,Call,59100,28.2,11.92,17.2749,-27,1320,372
28-Oct-2025,56672.85,Put,54100,47.7,16.62,17.2749,-4,3462,357
28-Oct-2025,56672.85,Put,55300,113.8,13.74,17.2749,-24,5927,352
25-Nov-2025,56672.85,Put,54500,167.35,13.41,17.2749,-95,2902,316
28-Oct-2025,56672.85,Put,54200,50.5,16.38,17.2749,-135,2678,315
28-Oct-2025,56672.85,Call,58900,34.35,11.57,17.2749,125,3931,313
28-Oct-2025,56672.85,Put,54300,54.25,16.09,17.2749,-28,3075,300
28-Oct-2025,56672.85,Call,62500,4.1,18.97,17.2749,3,3045,299
25-Nov-2025,56672.85,Call,57500,691.25,10.01,17.2749,153,1370,292
28-Oct-2025,56672.85,Put,49000,11.55,32.75,17.2749,17,2195,286
28-Oct-2025,56672.85,Put,57200,663.25,11.12,17.2749,19,839,257
28-Oct-2025,56672.85,Put,54900,81.35,14.59,17.2749,9,4366,249
28-Oct-2025,56672.85,Call,61000,7.9,15.82,17.2749,2,9804,247
28-Oct-2025,56672.85,Call,55500,1512.1,13.79,17.2749,-19,11447,241
28-Oct-2025,56672.85,Call,63000,3.9,20.25,17.2749,9,5278,237
28-Oct-2025,56672.85,Call,61500,6.35,16.96,17.2749,-22,2320,226
28-Oct-2025,56672.85,Put,48000,10.15,36.19,17.2749,-31,4311,224
25-Nov-2025,56672.85,Put,56000,422.05,12.36,17.2749,55,5719,208
28-Oct-2025,56672.85,Put,55100,95.75,14.21,17.2749,3,5142,207
28-Oct-2025,56672.85,Put,53700,38.25,17.72,17.2749,50,2265,198
28-Oct-2025,56672.85,Put,54700,70.4,15.11,17.2749,37,6666,193
28-Oct-2025,56672.85,Call,56100,1018.65,12.48,17.2749,8,2647,190
25-Nov-2025,56672.85,Call,60000,90,10.33,17.2749,3,3188,184
28-Oct-2025,56672.85,Put,53200,30.6,19.15,17.2749,-16,1723,180
28-Oct-2025,56672.85,Put,54600,65.65,15.32,17.2749,7,5883,179
28-Oct-2025,56672.85,Call,59900,14.3,13.48,17.2749,-19,519,176
28-Oct-2025,56672.85,Put,53400,32.95,18.57,17.2749,9,1709,171
28-Oct-2025,56672.85,Call,59200,25.45,12.07,17.2749,48,1122,171
28-Oct-2025,56672.85,Put,57500,848.95,10.81,17.2749,-11,2665,160
28-Oct-2025,56672.85,Call,59400,21.25,12.48,17.2749,-2,772,156
28-Oct-2025,56672.85,Put,57300,722.25,10.97,17.2749,5,512,143
28-Oct-2025,56672.85,Call,55000,1962.35,14.4,17.2749,-14,20411,141
28-Oct-2025,56672.85,Call,59700,16.1,12.99,17.2749,3,559,133
28-Oct-2025,56672.85,Call,62000,5.05,17.98,17.2749,23,3559,131
28-Oct-2025,56672.85,Put,53600,36.8,18.05,17.2749,15,2693,126
25-Nov-2025,56672.85,Call,58000,475.25,9.95,17.2749,-16,5415,122
25-Nov-2025,56672.85,Put,56500,572.4,12.15,17.2749,70,1572,120
28-Oct-2025,56672.85,Call,55800,1267.2,12.77,17.2749,-9,3839,115
28-Oct-2025,56672.85,Call,59800,15.25,13.17,17.2749,-27,697,110
28-Oct-2025,56672.85,Put,53900,43.35,17.2,17.2749,13,2701,109
28-Oct-2025,56672.85,Put,53100,29.6,19.43,17.2749,-12,1753,107
25-Nov-2025,56672.85,Call,57000,946.25,10.23,17.2749,-2,3245,107
25-Nov-2025,56672.85,Put,55000,226.8,12.97,17.2749,41,5185,105
28-Oct-2025,56672.85,Put,47000,8.8,39.5,17.2749,1,2892,103
28-Oct-2025,56672.85,Put,52800,26.15,20.39,17.2749,10,729,103
25-Nov-2025,56672.85,Call,59000,208.8,9.92,17.2749,54,2899,89
25-Nov-2025,56672.85,Put,57000,758.75,12.01,17.2749,23,1699,88
28-Oct-2025,56672.85,Put,51700,18.8,23.57,17.2749,-26,195,84
25-Nov-2025,56672.85,-,0,57176.8,0,17.2749,13,5346,80
25-Nov-2025,56672.85,Put,55500,309,12.64,17.2749,33,1349,80
28-Oct-2025,56672.85,Put,54400,57.95,15.87,17.2749,5,2653,76
28-Oct-2025,56672.85,Put,47500,9.65,38.16,17.2749,0,1555,74
25-Nov-2025,56672.85,Put,53000,77.55,15.14,17.2749,13,2822,74
30-Dec-2025,56672.85,Call,60000,275.95,9.37,17.2749,44,3170,70
25-Nov-2025,56672.85,Call,56600,1199,10.04,17.2749,30,154,66
28-Oct-2025,56672.85,Call,55700,1345,13.17,17.2749,29,3409,63
28-Oct-2025,56672.85,Call,60100,12.75,13.91,17.2749,9,477,57
28-Oct-2025,56672.85,Call,54000,2925,16.57,17.2749,30,7021,55
28-Oct-2025,56672.85,Put,50500,14,0,17.2749,0,2290,54
28-Oct-2025,56672.85,Call,54500,2469.65,16.45,17.2749,29,6504,47
28-Oct-2025,56672.85,Call,59600,17.95,12.79,17.2749,8,1033,45
28-Oct-2025,56672.85,Put,52600,24.45,20.97,17.2749,14,322,43
28-Oct-2025,56672.85,Put,51100,15.65,25.34,17.2749,3,81,43
28-Oct-2025,56672.85,Put,51800,17.75,23.4,17.2749,7,871,42
28-Oct-2025,56672.85,Put,48500,9.95,0,17.2749,0,956,42
25-Nov-2025,56672.85,Call,56500,1274.85,10.2,17.2749,-7,1144,38
28-Oct-2025,56672.85,Put,50900,15.3,27.37,17.2749,21,231,35
28-Oct-2025,56672.85,Call,60200,11.4,14.04,17.2749,8,278,33
25-Nov-2025,56672.85,Put,56600,600,12.13,17.2749,-10,517,33
28-Oct-2025,56672.85,Put,51900,20.95,23.04,17.2749,0,431,32
25-Nov-2025,56672.85,Call,57200,840,9.89,17.2749,10,252,32
28-Oct-2025,56672.85,Call,60400,10.35,14.61,17.2749,21,266,31
28-Oct-2025,56672.85,Put,52100,20.85,22.59,17.2749,19,239,30
28-Oct-2025,56672.85,Put,52700,25.25,20.64,17.2749,0,752,28
30-Dec-2025,56672.85,-,0,57545,0,17.2749,4,1548,27
28-Oct-2025,56672.85,Put,58000,1215.4,10.78,17.2749,3,4275,27
28-Oct-2025,56672.85,Put,51400,17,25.61,17.2749,20,423,26
28-Oct-2025,56672.85,Call,64000,3.9,22.97,17.2749,20,100,23
28-Oct-2025,56672.85,Call,59300,23.05,12.26,17.2749,10,474,20
28-Oct-2025,56672.85,Put,52200,20.8,22.11,17.2749,-5,288,19
28-Oct-2025,56672.85,Call,60600,9.6,0,17.2749,0,409,18
28-Oct-2025,56672.85,Call,53500,3448.3,20.3,17.2749,0,820,18
25-Nov-2025,56672.85,Call,58100,440,0,17.2749,0,88,18
25-Nov-2025,56672.85,Put,55200,255.45,12.85,17.2749,0,654,17
28-Oct-2025,56672.85,Put,51200,13.1,24.65,17.2749,0,341,15
28-Oct-2025,56672.85,Call,55600,1443.25,13.28,17.2749,-1,2724,15
28-Oct-2025,56672.85,Call,61100,8,16.19,17.2749,3,72,15
25-Nov-2025,56672.85,Put,51000,40.85,18.44,17.2749,0,265,15
28-Oct-2025,56672.85,Put,57600,899.45,10.87,17.2749,11,220,14
28-Oct-2025,56672.85,Put,48700,12.8,34.5,17.2749,0,49,14
25-Nov-2025,56672.85,Put,56700,630.75,12.14,17.2749,7,262,14
25-Nov-2025,56672.85,Call,55000,2424.4,9.65,17.2749,5,1108,14
25-Nov-2025,56672.85,Put,57500,984,11.91,17.2749,0,409,14
28-Oct-2025,56672.85,Put,57400,760,10.79,17.2749,2,418,13
28-Oct-2025,56672.85,Put,57700,964.75,10.68,17.2749,3,237,12
28-Oct-2025,56672.85,Put,49100,11.65,31.64,17.2749,2,80,12
25-Nov-2025,56672.85,Call,57100,896.3,10.06,17.2749,5,215,12
28-Oct-2025,56672.85,Call,55900,1200.6,0,17.2749,1,1543,10
25-Nov-2025,56672.85,Put,58000,1275,11.99,17.2749,5,567,10
30-Dec-2025,56672.85,Call,57000,1440,9.09,17.2749,2,3397,9
28-Oct-2025,56672.85,Call,54400,2550,15.76,17.2749,0,478,8
28-Oct-2025,56672.85,Put,57800,1044.1,10.94,17.2749,0,186,8
31-Mar-2026,56672.85,Put,57000,1030.45,12.95,17.2749,0,3107,8
25-Nov-2025,56672.85,Call,57400,734.15,10.05,17.2749,0,92,7
25-Nov-2025,56672.85,Put,52500,62.35,15.9,17.2749,0,738,7
28-Oct-2025,56672.85,Put,57900,1123.15,10.79,17.2749,3,49,6
25-Nov-2025,56672.85,Call,56900,1011.55,10.12,17.2749,1,65,6
28-Oct-2025,56672.85,Put,48900,11.3,33.16,17.2749,0,38,6
30-Dec-2025,56672.85,Call,58000,911.8,9.26,17.2749,0,34,6
30-Dec-2025,56672.85,Put,56000,579.4,12.8,17.2749,0,848,6
28-Oct-2025,56672.85,Call,55300,1724,12.51,17.2749,-1,2995,5
28-Oct-2025,56672.85,Call,60900,8.5,0,17.2749,0,239,5
28-Oct-2025,56672.85,Call,54700,2274.85,15.62,17.2749,0,884,5
25-Nov-2025,56672.85,Call,56000,1631.95,10.54,17.2749,0,3624,5
25-Nov-2025,56672.85,Put,57200,849,11.92,17.2749,0,46,5
25-Nov-2025,56672.85,Put,56800,674.75,0,17.2749,4,132,5
30-Dec-2025,56672.85,Call,58500,678.75,9.06,17.2749,0,1312,5
28-Oct-2025,56672.85,Call,54900,2075.45,15.51,17.2749,0,1463,4
28-Oct-2025,56672.85,Call,55400,1634.55,0,17.2749,0,1839,4
28-Oct-2025,56672.85,Call,60300,10.55,0,17.2749,0,348,4
25-Nov-2025,56672.85,Put,54000,138,0,17.2749,0,5359,4
25-Nov-2025,56672.85,Call,61500,34.15,11.56,17.2749,0,95,4
25-Nov-2025,56672.85,Call,59500,138.8,10.06,17.2749,0,746,4
25-Nov-2025,56672.85,Call,56800,1054.6,9.91,17.2749,1,184,4
25-Nov-2025,56672.85,Put,57700,1086,0,17.2749,0,53,4
30-Dec-2025,56672.85,Put,57000,923.55,12.73,17.2749,0,3036,4
30-Dec-2025,56672.85,Put,54000,221.95,13.49,17.2749,0,4555,4
30-Dec-2025,56672.85,Put,53000,152.55,0,17.2749,0,313,4
30-Dec-2025,56672.85,Call,55000,2820,0,17.2749,0,110,4
28-Oct-2025,56672.85,Call,54600,2349.25,14.72,17.2749,0,1002,3
28-Oct-2025,56672.85,Call,55200,1818.15,13.07,17.2749,-1,1685,3
28-Oct-2025,56672.85,Call,53000,3910,0,17.2749,0,1928,3
28-Oct-2025,56672.85,Call,54800,2201.4,16.25,17.2749,-1,1519,3
25-Nov-2025,56672.85,Put,57100,793,11.95,17.2749,0,90,3
25-Nov-2025,56672.85,Call,55600,1925,10.31,17.2749,0,70,3
25-Nov-2025,56672.85,Put,56100,446.5,12.43,17.2749,0,212,3
25-Nov-2025,56672.85,Call,56700,1129.45,10.33,17.2749,0,470,3
25-Nov-2025,56672.85,Call,63000,18.6,13.36,17.2749,0,247,3
30-Dec-2025,56672.85,Put,55000,365.85,13.19,17.2749,1,908,3
25-Nov-2025,56672.85,Call,57600,640,9.84,17.2749,1,151,3
28-Oct-2025,56672.85,Put,58500,1661.6,11.67,17.2749,0,258,2
28-Oct-2025,56672.85,Put,46500,7.75,40.93,17.2749,0,3357,2
28-Oct-2025,56672.85,Call,60800,9.4,0,17.2749,0,206,2
25-Nov-2025,56672.85,Put,57800,1144.5,0,17.2749,0,97,2
30-Dec-2025,56672.85,Call,57800,1008.25,9.33,17.2749,0,0,2
28-Oct-2025,56672.85,Put,49900,14,30.07,17.2749,0,111,1
28-Oct-2025,56672.85,Put,63000,6080,0,17.2749,0,1010,1
28-Oct-2025,56672.85,Put,58100,1290,10.61,17.2749,0,32,1
28-Oct-2025,56672.85,Call,61200,7.55,0,17.2749,0,211,1
25-Nov-2025,56672.85,Put,55600,326.45,0,17.2749,0,124,1
25-Nov-2025,56672.85,Put,55900,393.65,12.4,17.2749,0,180,1
30-Dec-2025,56672.85,Call,57200,1366.05,9.58,17.2749,0,12,1
30-Dec-2025,56672.85,Call,56000,2100,0,17.2749,0,456,1
31-Mar-2026,56672.85,Call,60000,980,0,17.2749,0,800,1
30-Dec-2025,56672.85,Put,53500,170,13.66,17.2749,0,625,1
28-Oct-2025,56672.85,Call,50300,0,0,17.2749,0,5,0
28-Oct-2025,56672.85,Put,50100,0,0,17.2749,0,96,0
28-Oct-2025,56672.85,Call,50100,0,0,17.2749,0,45,0
28-Oct-2025,56672.85,Call,50200,0,0,17.2749,0,3,0
28-Oct-2025,56672.85,Call,46000,0,0,17.2749,0,18,0
28-Oct-2025,56672.85,Put,60400,0,0,17.2749,0,6,0
28-Oct-2025,56672.85,Put,63500,0,0,17.2749,0,279,0
28-Oct-2025,56672.85,Put,60800,0,0,17.2749,0,3,0
28-Oct-2025,56672.85,Call,50400,0,0,17.2749,0,4,0
28-Oct-2025,56672.85,Call,54100,0,0,17.2749,0,254,0
28-Oct-2025,56672.85,Put,59900,0,0,17.2749,0,11,0
28-Oct-2025,56672.85,Put,62000,0,0,17.2749,0,530,0
28-Oct-2025,56672.85,Call,54300,0,0,17.2749,0,413,0
28-Oct-2025,56672.85,Put,50400,0,0,17.2749,0,87,0
28-Oct-2025,56672.85,Call,54200,0,0,17.2749,0,437,0
28-Oct-2025,56672.85,Put,59500,0,0,17.2749,0,105,0
28-Oct-2025,56672.85,Put,60900,0,0,17.2749,0,3,0
28-Oct-2025,56672.85,Put,60600,0,0,17.2749,0,6,0
28-Oct-2025,56672.85,Put,60700,0,0,17.2749,0,4,0
28-Oct-2025,56672.85,Put,60500,0,0,17.2749,0,18,0
28-Oct-2025,56672.85,Put,59700,0,0,17.2749,0,6,0
28-Oct-2025,56672.85,Put,62500,0,0,17.2749,0,1,0
28-Oct-2025,56672.85,Call,49000,0,0,17.2749,0,530,0
28-Oct-2025,56672.85,Call,48500,0,0,17.2749,0,25,0
28-Oct-2025,56672.85,Call,50500,0,0,17.2749,0,82,0
28-Oct-2025,56672.85,Call,49500,0,0,17.2749,0,8,0
28-Oct-2025,56672.85,Put,61500,0,0,17.2749,0,2,0
28-Oct-2025,56672.85,Put,59600,0,0,17.2749,0,8,0
28-Oct-2025,56672.85,Call,51000,0,0,17.2749,0,985,0
28-Oct-2025,56672.85,Call,51200,0,0,17.2749,0,10,0
28-Oct-2025,56672.85,Put,58900,0,0,17.2749,0,29,0
28-Oct-2025,56672.85,Call,52000,0,0,17.2749,0,1913,0
28-Oct-2025,56672.85,Call,51700,0,0,17.2749,0,18,0
28-Oct-2025,56672.85,Call,51100,0,0,17.2749,0,6,0
28-Oct-2025,56672.85,Call,52200,0,0,17.2749,0,11,0
28-Oct-2025,56672.85,Call,51400,0,0,17.2749,0,12,0
28-Oct-2025,56672.85,Call,52100,0,0,17.2749,0,12,0
28-Oct-2025,56672.85,Call,50000,0,0,17.2749,0,3517,0
28-Oct-2025,56672.85,Call,51800,0,0,17.2749,0,20,0
28-Oct-2025,56672.85,Call,51900,0,0,17.2749,0,14,0
28-Oct-2025,56672.85,Call,51500,0,0,17.2749,0,42,0
28-Oct-2025,56672.85,Call,51300,0,0,17.2749,0,11,0
28-Oct-2025,56672.85,Call,52400,0,0,17.2749,0,9,0
28-Oct-2025,56672.85,Call,51600,0,0,17.2749,0,18,0
28-Oct-2025,56672.85,Put,61300,0,0,17.2749,0,0,0
28-Oct-2025,56672.85,Call,52300,0,0,17.2749,0,14,0
28-Oct-2025,56672.85,Call,52600,0,0,17.2749,0,13,0
28-Oct-2025,56672.85,Call,52500,0,0,17.2749,0,200,0
28-Oct-2025,56672.85,Call,61400,0,0,17.2749,0,0,0
28-Oct-2025,56672.85,Put,50300,0,0,17.2749,0,289,0
28-Oct-2025,56672.85,Call,61300,0,0,17.2749,0,0,0
28-Oct-2025,56672.85,Put,61400,0,0,17.2749,0,0,0
28-Oct-2025,56672.85,Call,61600,0,0,17.2749,0,0,0
28-Oct-2025,56672.85,Put,59800,0,0,17.2749,0,6,0
28-Oct-2025,56672.85,Put,64000,0,0,17.2749,0,0,0
28-Oct-2025,56672.85,Put,61600,0,0,17.2749,0,0,0
28-Oct-2025,56672.85,Put,59400,0,0,17.2749,0,8,0
28-Oct-2025,56672.85,Call,47500,0,0,17.2749,0,1,0
28-Oct-2025,56672.85,Put,51300,0,0,17.2749,0,333,0
28-Oct-2025,56672.85,Put,52400,0,0,17.2749,0,549,0
28-Oct-2025,56672.85,Call,55100,0,0,17.2749,0,1236,0
28-Oct-2025,56672.85,Call,52700,0,0,17.2749,0,5,0
28-Oct-2025,56672.85,Call,52800,0,0,17.2749,0,15,0
28-Oct-2025,56672.85,Call,52900,0,0,17.2749,0,40,0
28-Oct-2025,56672.85,Put,52900,0,0,17.2749,0,643,0
28-Oct-2025,56672.85,Call,53100,0,0,17.2749,0,8,0
28-Oct-2025,56672.85,Call,53200,0,0,17.2749,0,13,0
28-Oct-2025,56672.85,Call,53300,0,0,17.2749,0,17,0
28-Oct-2025,56672.85,Call,53400,0,0,17.2749,0,148,0
28-Oct-2025,56672.85,Call,53600,0,0,17.2749,0,71,0
28-Oct-2025,56672.85,Call,53700,0,0,17.2749,0,147,0
28-Oct-2025,56672.85,Call,53800,0,0,17.2749,0,97,0
28-Oct-2025,56672.85,Call,53900,0,0,17.2749,0,190,0
28-Oct-2025,56672.85,Put,61200,0,0,17.2749,0,0,0
28-Oct-2025,56672.85,Put,49500,0,0,17.2749,0,787,0
28-Oct-2025,56672.85,Put,52300,0,0,17.2749,0,267,0
28-Oct-2025,56672.85,Call,49600,0,0,17.2749,0,0,0
28-Oct-2025,56672.85,Put,49600,0,0,17.2749,0,82,0
28-Oct-2025,56672.85,Call,48700,0,0,17.2749,0,0,0
28-Oct-2025,56672.85,Put,58700,0,0,17.2749,0,9,0
28-Oct-2025,56672.85,Call,60700,0,0,17.2749,0,99,0
28-Oct-2025,56672.85,Call,49900,0,0,17.2749,0,1,0
28-Oct-2025,56672.85,Put,49700,0,0,17.2749,0,79,0
28-Oct-2025,56672.85,Call,49800,0,0,17.2749,0,1,0
28-Oct-2025,56672.85,Put,49800,0,0,17.2749,0,207,0
28-Oct-2025,56672.85,Call,47000,0,0,17.2749,0,371,0
28-Oct-2025,56672.85,Call,49700,0,0,17.2749,0,1,0
28-Oct-2025,56672.85,Put,58600,0,0,17.2749,0,8,0
28-Oct-2025,56672.85,Put,59000,0,0,17.2749,0,1927,0
28-Oct-2025,56672.85,Put,59100,0,0,17.2749,0,8,0
28-Oct-2025,56672.85,Put,48800,0,0,17.2749,0,69,0
28-Oct-2025,56672.85,Call,48800,0,0,17.2749,0,2,0
28-Oct-2025,56672.85,Put,51600,0,0,17.2749,0,113,0
28-Oct-2025,56672.85,Call,50900,0,0,17.2749,0,6,0
28-Oct-2025,56672.85,Put,50800,0,0,17.2749,0,156,0
28-Oct-2025,56672.85,Call,50800,0,0,17.2749,0,6,0
28-Oct-2025,56672.85,Put,50700,0,0,17.2749,0,174,0
28-Oct-2025,56672.85,Call,50700,0,0,17.2749,0,7,0
28-Oct-2025,56672.85,Put,50600,0,0,17.2749,0,179,0
28-Oct-2025,56672.85,Call,50600,0,0,17.2749,0,5,0
28-Oct-2025,56672.85,Call,48000,0,0,17.2749,0,2178,0
28-Oct-2025,56672.85,Put,50200,0,0,17.2749,0,69,0
28-Oct-2025,56672.85,Call,46500,0,0,17.2749,0,37,0
28-Oct-2025,56672.85,Put,49400,0,0,17.2749,0,51,0
28-Oct-2025,56672.85,Call,49400,0,0,17.2749,0,0,0
28-Oct-2025,56672.85,Put,49300,0,0,17.2749,0,67,0
28-Oct-2025,56672.85,Call,49300,0,0,17.2749,0,0,0
28-Oct-2025,56672.85,Put,49200,0,0,17.2749,0,71,0
28-Oct-2025,56672.85,Call,49200,0,0,17.2749,0,0,0
28-Oct-2025,56672.85,Call,49100,0,0,17.2749,0,0,0
28-Oct-2025,56672.85,Put,58800,0,0,17.2749,0,10,0
28-Oct-2025,56672.85,Put,61000,0,0,17.2749,0,610,0
28-Oct-2025,56672.85,Put,61100,0,0,17.2749,0,0,0
28-Oct-2025,56672.85,Put,60300,0,0,17.2749,0,6,0
28-Oct-2025,56672.85,Put,60200,0,0,17.2749,0,6,0
28-Oct-2025,56672.85,Put,60100,0,0,17.2749,0,9,0
28-Oct-2025,56672.85,Put,60000,0,0,17.2749,0,3284,0
28-Oct-2025,56672.85,Put,59300,0,0,17.2749,0,8,0
28-Oct-2025,56672.85,Put,59200,0,0,17.2749,0,10,0
28-Oct-2025,56672.85,Put,58300,0,0,17.2749,0,9,0
28-Oct-2025,56672.85,Put,58200,0,0,17.2749,0,19,0
28-Oct-2025,56672.85,Put,58400,0,0,17.2749,0,13,0
25-Nov-2025,56672.85,Put,47000,0,0,17.2749,0,93,0
28-Oct-2025,56672.85,Call,48900,0,0,17.2749,0,0,0
25-Nov-2025,56672.85,Put,56300,0,0,17.2749,0,195,0
25-Nov-2025,56672.85,Put,60800,0,0,17.2749,0,0,0
25-Nov-2025,56672.85,Put,61100,0,0,17.2749,0,0,0
25-Nov-2025,56672.85,Put,63500,0,0,17.2749,0,2,0
25-Nov-2025,56672.85,Call,59100,0,0,17.2749,0,0,0
25-Nov-2025,56672.85,Put,51200,0,0,17.2749,0,0,0
25-Nov-2025,56672.85,Put,55400,0,0,17.2749,0,163,0
25-Nov-2025,56672.85,Call,53100,0,0,17.2749,0,6,0
25-Nov-2025,56672.85,Put,54600,0,0,17.2749,0,101,0
25-Nov-2025,56672.85,Call,61100,0,0,17.2749,0,1,0
25-Nov-2025,56672.85,Put,52700,0,0,17.2749,0,0,0
25-Nov-2025,56672.85,Put,52600,0,0,17.2749,0,0,0
25-Nov-2025,56672.85,Put,56400,0,0,17.2749,0,179,0
25-Nov-2025,56672.85,Put,55800,0,0,17.2749,0,181,0
25-Nov-2025,56672.85,Put,55700,0,0,17.2749,0,99,0
25-Nov-2025,56672.85,Put,58300,0,0,17.2749,0,11,0
25-Nov-2025,56672.85,Call,59800,0,0,17.2749,0,0,0
25-Nov-2025,56672.85,Call,59700,0,0,17.2749,0,0,0
25-Nov-2025,56672.85,Put,58800,0,0,17.2749,0,13,0
25-Nov-2025,56672.85,Put,58100,0,0,17.2749,0,21,0
25-Nov-2025,56672.85,Put,58900,0,0,17.2749,0,26,0
25-Nov-2025,56672.85,Put,61200,0,0,17.2749,0,0,0
25-Nov-2025,56672.85,Put,57900,0,0,17.2749,0,21,0
25-Nov-2025,56672.85,Put,51600,0,0,17.2749,0,0,0
25-Nov-2025,56672.85,Put,50800,0,0,17.2749,0,0,0
25-Nov-2025,56672.85,Put,48800,0,0,17.2749,0,0,0
25-Nov-2025,56672.85,Call,50300,0,0,17.2749,0,2,0
25-Nov-2025,56672.85,Put,49200,0,0,17.2749,0,0,0
25-Nov-2025,56672.85,Call,55900,0,0,17.2749,0,61,0
25-Nov-2025,56672.85,Call,54800,0,0,17.2749,0,34,0
25-Nov-2025,56672.85,Put,54400,0,0,17.2749,0,0,0
25-Nov-2025,56672.85,Call,54400,0,0,17.2749,0,6,0
25-Nov-2025,56672.85,Call,54200,0,0,17.2749,0,7,0
25-Nov-2025,56672.85,Call,54000,0,0,17.2749,0,505,0
25-Nov-2025,56672.85,Call,53900,0,0,17.2749,0,8,0
25-Nov-2025,56672.85,Call,53800,0,0,17.2749,0,22,0
25-Nov-2025,56672.85,Call,53700,0,0,17.2749,0,8,0
25-Nov-2025,56672.85,Call,53600,0,0,17.2749,0,11,0
25-Nov-2025,56672.85,Call,53400,0,0,17.2749,0,6,0
25-Nov-2025,56672.85,Call,53300,0,0,17.2749,0,6,0
25-Nov-2025,56672.85,Put,53200,0,0,17.2749,0,0,0
25-Nov-2025,56672.85,Call,52000,0,0,17.2749,0,71,0
25-Nov-2025,56672.85,Call,51500,0,0,17.2749,0,15,0
25-Nov-2025,56672.85,Call,51400,0,0,17.2749,0,4,0
25-Nov-2025,56672.85,Call,51300,0,0,17.2749,0,3,0
25-Nov-2025,56672.85,Call,51200,0,0,17.2749,0,2,0
25-Nov-2025,56672.85,Call,51100,0,0,17.2749,0,3,0
25-Nov-2025,56672.85,Call,55300,0,0,17.2749,0,40,0
25-Nov-2025,56672.85,Call,55200,0,0,17.2749,0,39,0
25-Nov-2025,56672.85,Call,55100,0,0,17.2749,0,22,0
25-Nov-2025,56672.85,Put,58200,0,0,17.2749,0,17,0
25-Nov-2025,56672.85,Call,47000,0,0,17.2749,0,0,0
25-Nov-2025,56672.85,Call,50200,0,0,17.2749,0,1,0
25-Nov-2025,56672.85,Call,50100,0,0,17.2749,0,0,0
25-Nov-2025,56672.85,Call,50000,0,0,17.2749,0,245,0
25-Nov-2025,56672.85,Call,49900,0,0,17.2749,0,1,0
25-Nov-2025,56672.85,Call,49800,0,0,17.2749,0,0,0
25-Nov-2025,56672.85,Call,49700,0,0,17.2749,0,0,0
25-Nov-2025,56672.85,Call,49600,0,0,17.2749,0,0,0
25-Nov-2025,56672.85,Call,49500,0,0,17.2749,0,0,0
25-Nov-2025,56672.85,Call,49400,0,0,17.2749,0,0,0
25-Nov-2025,56672.85,Call,49300,0,0,17.2749,0,0,0
25-Nov-2025,56672.85,Call,49200,0,0,17.2749,0,0,0
25-Nov-2025,56672.85,Call,49100,0,0,17.2749,0,0,0
25-Nov-2025,56672.85,Call,49000,0,0,17.2749,0,0,0
25-Nov-2025,56672.85,Call,48900,0,0,17.2749,0,0,0
25-Nov-2025,56672.85,Call,48800,0,0,17.2749,0,0,0
25-Nov-2025,56672.85,Call,48500,0,0,17.2749,0,0,0
25-Nov-2025,56672.85,Call,48000,0,0,17.2749,0,82,0
25-Nov-2025,56672.85,Call,47500,0,0,17.2749,0,0,0
25-Nov-2025,56672.85,Call,51000,0,0,17.2749,0,74,0
25-Nov-2025,56672.85,Call,50900,0,0,17.2749,0,3,0
25-Nov-2025,56672.85,Call,50800,0,0,17.2749,0,1,0
25-Nov-2025,56672.85,Call,50700,0,0,17.2749,0,2,0
25-Nov-2025,56672.85,Call,50600,0,0,17.2749,0,1,0
25-Nov-2025,56672.85,Call,50500,0,0,17.2749,0,5,0
25-Nov-2025,56672.85,Call,50400,0,0,17.2749,0,1,0
25-Nov-2025,56672.85,Call,60800,0,0,17.2749,0,0,0
25-Nov-2025,56672.85,Call,59600,0,0,17.2749,0,0,0
25-Nov-2025,56672.85,Put,54900,0,0,17.2749,0,115,0
25-Nov-2025,56672.85,Put,54700,0,0,17.2749,0,189,0
25-Nov-2025,56672.85,Call,57300,0,0,17.2749,0,99,0
25-Nov-2025,56672.85,Call,55800,0,0,17.2749,0,83,0
25-Nov-2025,56672.85,Call,55700,0,0,17.2749,0,26,0
25-Nov-2025,56672.85,Call,52900,0,0,17.2749,0,5,0
25-Nov-2025,56672.85,Call,52800,0,0,17.2749,0,5,0
25-Nov-2025,56672.85,Put,59700,0,0,17.2749,0,12,0
25-Nov-2025,56672.85,Put,59600,0,0,17.2749,0,13,0
25-Nov-2025,56672.85,Put,56200,0,0,17.2749,0,213,0
25-Nov-2025,56672.85,Call,61200,0,0,17.2749,0,0,0
25-Nov-2025,56672.85,Put,51100,0,0,17.2749,0,0,0
25-Nov-2025,56672.85,Put,50700,0,0,17.2749,0,0,0
25-Nov-2025,56672.85,Put,50600,0,0,17.2749,0,0,0
25-Nov-2025,56672.85,Put,58400,0,0,17.2749,0,15,0
25-Nov-2025,56672.85,Call,60400,0,0,17.2749,0,0,0
25-Nov-2025,56672.85,Put,60300,0,0,17.2749,0,9,0
25-Nov-2025,56672.85,Call,60300,0,0,17.2749,0,0,0
25-Nov-2025,56672.85,Put,64000,0,0,17.2749,0,0,0
25-Nov-2025,56672.85,Call,64000,0,0,17.2749,0,0,0
25-Nov-2025,56672.85,Put,61600,0,0,17.2749,0,0,0
25-Nov-2025,56672.85,Call,61600,0,0,17.2749,0,0,0
25-Nov-2025,56672.85,Put,61400,0,0,17.2749,0,0,0
25-Nov-2025,56672.85,Put,60700,0,0,17.2749,0,10,0
25-Nov-2025,56672.85,Call,60700,0,0,17.2749,0,0,0
25-Nov-2025,56672.85,Put,60100,0,0,17.2749,0,9,0
25-Nov-2025,56672.85,Put,50300,0,0,17.2749,0,0,0
25-Nov-2025,56672.85,Put,49600,0,0,17.2749,0,0,0
25-Nov-2025,56672.85,Call,63500,0,0,17.2749,0,0,0
25-Nov-2025,56672.85,Put,60900,0,0,17.2749,0,0,0
25-Nov-2025,56672.85,Call,60900,0,0,17.2749,0,0,0
25-Nov-2025,56672.85,Put,48000,0,0,17.2749,0,899,0
25-Nov-2025,56672.85,Put,59000,0,0,17.2749,0,36,0
25-Nov-2025,56672.85,Call,56100,0,0,17.2749,0,99,0
25-Nov-2025,56672.85,Put,59900,0,0,17.2749,0,11,0
25-Nov-2025,56672.85,Put,50900,0,0,17.2749,0,1,0
25-Nov-2025,56672.85,Call,58900,0,0,17.2749,0,0,0
25-Nov-2025,56672.85,Put,57300,0,0,17.2749,0,46,0
25-Nov-2025,56672.85,Put,56900,0,0,17.2749,0,60,0
25-Nov-2025,56672.85,Call,58200,0,0,17.2749,0,0,0
25-Nov-2025,56672.85,Put,57400,0,0,17.2749,0,39,0
25-Nov-2025,56672.85,Put,59500,0,0,17.2749,0,18,0
25-Nov-2025,56672.85,Put,58500,0,0,17.2749,0,62,0
25-Nov-2025,56672.85,Put,49900,0,0,17.2749,0,0,0
25-Nov-2025,56672.85,Put,49700,0,0,17.2749,0,0,0
25-Nov-2025,56672.85,Put,60500,0,0,17.2749,0,8,0
25-Nov-2025,56672.85,Put,57600,0,0,17.2749,0,66,0
25-Nov-2025,56672.85,Put,55300,0,0,17.2749,0,0,0
25-Nov-2025,56672.85,Put,54800,0,0,17.2749,0,1,0
25-Nov-2025,56672.85,Call,55500,0,0,17.2749,0,767,0
25-Nov-2025,56672.85,Call,55400,0,0,17.2749,0,135,0
25-Nov-2025,56672.85,Call,54900,0,0,17.2749,0,52,0
25-Nov-2025,56672.85,Call,54700,0,0,17.2749,0,32,0
25-Nov-2025,56672.85,Call,54600,0,0,17.2749,0,18,0
25-Nov-2025,56672.85,Call,54500,0,0,17.2749,0,182,0
25-Nov-2025,56672.85,Put,54300,0,0,17.2749,0,0,0
25-Nov-2025,56672.85,Call,54300,0,0,17.2749,0,8,0
25-Nov-2025,56672.85,Put,54200,0,0,17.2749,0,0,0
25-Nov-2025,56672.85,Call,46000,0,0,17.2749,0,0,0
25-Nov-2025,56672.85,Call,48700,0,0,17.2749,0,0,0
25-Nov-2025,56672.85,Put,46000,0,0,17.2749,0,142,0
25-Nov-2025,56672.85,Put,60600,0,0,17.2749,0,8,0
25-Nov-2025,56672.85,Call,60600,0,0,17.2749,0,0,0
25-Nov-2025,56672.85,Put,54100,0,0,17.2749,0,122,0
25-Nov-2025,56672.85,Call,54100,0,0,17.2749,0,6,0
25-Nov-2025,56672.85,Put,53800,0,0,17.2749,0,0,0
25-Nov-2025,56672.85,Call,53500,0,0,17.2749,0,31,0
25-Nov-2025,56672.85,Put,53100,0,0,17.2749,0,0,0
25-Nov-2025,56672.85,Call,53000,0,0,17.2749,0,60,0
25-Nov-2025,56672.85,Put,51500,0,0,17.2749,0,143,0
25-Nov-2025,56672.85,Put,46500,0,0,17.2749,0,9,0
25-Nov-2025,56672.85,Call,61000,0,0,17.2749,0,1,0
25-Nov-2025,56672.85,Call,60500,0,0,17.2749,0,0,0
25-Nov-2025,56672.85,Call,58500,0,0,17.2749,0,0,0
25-Nov-2025,56672.85,Put,52400,0,0,17.2749,0,0,0
25-Nov-2025,56672.85,Put,52100,0,0,17.2749,0,0,0
25-Nov-2025,56672.85,Put,51900,0,0,17.2749,0,0,0
25-Nov-2025,56672.85,Put,51300,0,0,17.2749,0,0,0
25-Nov-2025,56672.85,Put,59800,0,0,17.2749,0,12,0
25-Nov-2025,56672.85,Put,51800,0,0,17.2749,0,0,0
25-Nov-2025,56672.85,Call,60200,0,0,17.2749,0,0,0
25-Nov-2025,56672.85,Put,53500,0,0,17.2749,0,1946,0
25-Nov-2025,56672.85,Put,59200,0,0,17.2749,0,12,0
25-Nov-2025,56672.85,Put,60400,0,0,17.2749,0,9,0
25-Nov-2025,56672.85,Call,57800,0,0,17.2749,0,0,0
25-Nov-2025,56672.85,Call,59200,0,0,17.2749,0,0,0
25-Nov-2025,56672.85,Put,50400,0,0,17.2749,0,0,0
25-Nov-2025,56672.85,Put,63000,0,0,17.2749,0,51,0
25-Nov-2025,56672.85,Put,60200,0,0,17.2749,0,9,0
25-Nov-2025,56672.85,Call,57900,0,0,17.2749,0,107,0
25-Nov-2025,56672.85,Call,51700,0,0,17.2749,0,6,0
25-Nov-2025,56672.85,Call,51600,0,0,17.2749,0,4,0
25-Nov-2025,56672.85,Put,52000,0,0,17.2749,0,1167,0
25-Nov-2025,56672.85,Call,51800,0,0,17.2749,0,8,0
25-Nov-2025,56672.85,Call,52100,0,0,17.2749,0,15,0
25-Nov-2025,56672.85,Call,57700,0,0,17.2749,0,0,0
25-Nov-2025,56672.85,Call,51900,0,0,17.2749,0,8,0
25-Nov-2025,56672.85,Put,62500,0,0,17.2749,0,6,0
25-Nov-2025,56672.85,Call,52200,0,0,17.2749,0,9,0
25-Nov-2025,56672.85,Call,52500,0,0,17.2749,0,10,0
25-Nov-2025,56672.85,Call,52400,0,0,17.2749,0,7,0
25-Nov-2025,56672.85,Put,53600,0,0,17.2749,0,0,0
25-Nov-2025,56672.85,Call,52300,0,0,17.2749,0,9,0
30-Dec-2025,56672.85,Call,57300,0,0,17.2749,0,5,0
30-Dec-2025,56672.85,Call,57100,0,0,17.2749,0,4,0
30-Dec-2025,56672.85,Call,56900,0,0,17.2749,0,7,0
30-Dec-2025,56672.85,Call,56600,0,0,17.2749,0,0,0
30-Dec-2025,56672.85,Call,56200,0,0,17.2749,0,0,0
30-Dec-2025,56672.85,Call,56100,0,0,17.2749,0,2,0
30-Dec-2025,56672.85,Call,55800,0,0,17.2749,0,0,0
30-Dec-2025,56672.85,Call,55700,0,0,17.2749,0,0,0
30-Dec-2025,56672.85,Put,55400,0,0,17.2749,0,0,0
30-Dec-2025,56672.85,Call,55400,0,0,17.2749,0,0,0
30-Dec-2025,56672.85,Put,55300,0,0,17.2749,0,0,0
30-Dec-2025,56672.85,Put,55100,0,0,17.2749,0,0,0
30-Dec-2025,56672.85,Call,54900,0,0,17.2749,0,0,0
30-Dec-2025,56672.85,Put,54800,0,0,17.2749,0,0,0
30-Dec-2025,56672.85,Call,60900,0,0,17.2749,0,0,0
30-Dec-2025,56672.85,Call,49500,0,0,17.2749,0,0,0
30-Dec-2025,56672.85,Call,60700,0,0,17.2749,0,0,0
30-Dec-2025,56672.85,Call,60800,0,0,17.2749,0,0,0
30-Dec-2025,56672.85,Call,50600,0,0,17.2749,0,0,0
25-Nov-2025,56672.85,Call,53200,0,0,17.2749,0,7,0
25-Nov-2025,56672.85,Put,59100,0,0,17.2749,0,17,0
25-Nov-2025,56672.85,Put,50500,0,0,17.2749,0,36,0
25-Nov-2025,56672.85,Put,47500,0,0,17.2749,0,26,0
25-Nov-2025,56672.85,Put,52900,0,0,17.2749,0,0,0
25-Nov-2025,56672.85,Put,49800,0,0,17.2749,0,0,0
25-Nov-2025,56672.85,Put,49300,0,0,17.2749,0,0,0
25-Nov-2025,56672.85,Put,49100,0,0,17.2749,0,0,0
25-Nov-2025,56672.85,Put,58700,0,0,17.2749,0,17,0
25-Nov-2025,56672.85,Put,52800,0,0,17.2749,0,0,0
25-Nov-2025,56672.85,Put,50100,0,0,17.2749,0,0,0
25-Nov-2025,56672.85,Call,62500,0,0,17.2749,0,1,0
25-Nov-2025,56672.85,Put,53900,0,0,17.2749,0,0,0
25-Nov-2025,56672.85,Put,50000,0,0,17.2749,0,1014,0
25-Nov-2025,56672.85,Call,56200,0,0,17.2749,0,134,0
25-Nov-2025,56672.85,Call,59900,0,0,17.2749,0,0,0
25-Nov-2025,56672.85,Put,51700,0,0,17.2749,0,0,0
25-Nov-2025,56672.85,Put,49000,0,0,17.2749,0,116,0
25-Nov-2025,56672.85,Put,48500,0,0,17.2749,0,26,0
25-Nov-2025,56672.85,Put,49400,0,0,17.2749,0,4,0
25-Nov-2025,56672.85,Put,62000,0,0,17.2749,0,6,0
25-Nov-2025,56672.85,Call,62000,0,0,17.2749,0,395,0
25-Nov-2025,56672.85,Put,59400,0,0,17.2749,0,14,0
25-Nov-2025,56672.85,Put,59300,0,0,17.2749,0,15,0
25-Nov-2025,56672.85,Put,50200,0,0,17.2749,0,0,0
25-Nov-2025,56672.85,Call,58800,0,0,17.2749,0,0,0
25-Nov-2025,56672.85,Call,58700,0,0,17.2749,0,452,0
25-Nov-2025,56672.85,Call,58600,0,0,17.2749,0,1,0
25-Nov-2025,56672.85,Call,58400,0,0,17.2749,0,0,0
25-Nov-2025,56672.85,Call,58300,0,0,17.2749,0,0,0
25-Nov-2025,56672.85,Put,58600,0,0,17.2749,0,15,0
25-Nov-2025,56672.85,Call,61400,0,0,17.2749,0,0,0
25-Nov-2025,56672.85,Put,61300,0,0,17.2749,0,0,0
25-Nov-2025,56672.85,Call,61300,0,0,17.2749,0,0,0
25-Nov-2025,56672.85,Call,56400,0,0,17.2749,0,113,0
25-Nov-2025,56672.85,Call,56300,0,0,17.2749,0,114,0
25-Nov-2025,56672.85,Call,52700,0,0,17.2749,0,6,0
25-Nov-2025,56672.85,Call,52600,0,0,17.2749,0,10,0
25-Nov-2025,56672.85,Call,46500,0,0,17.2749,0,0,0
25-Nov-2025,56672.85,Call,59400,0,0,17.2749,0,0,0
25-Nov-2025,56672.85,Call,59300,0,0,17.2749,0,0,0
25-Nov-2025,56672.85,Call,60100,0,0,17.2749,0,0,0
25-Nov-2025,56672.85,Put,53400,0,0,17.2749,0,1,0
25-Nov-2025,56672.85,Put,53300,0,0,17.2749,0,0,0
25-Nov-2025,56672.85,Put,48900,0,0,17.2749,0,0,0
25-Nov-2025,56672.85,Put,48700,0,0,17.2749,0,0,0
25-Nov-2025,56672.85,Put,61500,0,0,17.2749,0,5,0
25-Nov-2025,56672.85,Put,61000,0,0,17.2749,0,35,0
25-Nov-2025,56672.85,Put,60000,0,0,17.2749,0,177,0
25-Nov-2025,56672.85,Put,55100,0,0,17.2749,0,0,0
25-Nov-2025,56672.85,Put,52300,0,0,17.2749,0,0,0
25-Nov-2025,56672.85,Put,52200,0,0,17.2749,0,0,0
25-Nov-2025,56672.85,Put,51400,0,0,17.2749,0,0,0
25-Nov-2025,56672.85,Put,49500,0,0,17.2749,0,51,0
25-Nov-2025,56672.85,Put,53700,0,0,17.2749,0,0,0
30-Dec-2025,56672.85,Call,51500,0,0,17.2749,0,0,0
30-Dec-2025,56672.85,Call,51400,0,0,17.2749,0,0,0
30-Dec-2025,56672.85,Call,51200,0,0,17.2749,0,0,0
30-Dec-2025,56672.85,Call,51100,0,0,17.2749,0,0,0
30-Dec-2025,56672.85,Call,50900,0,0,17.2749,0,0,0
30-Dec-2025,56672.85,Call,54600,0,0,17.2749,0,0,0
30-Dec-2025,56672.85,Call,54100,0,0,17.2749,0,0,0
30-Dec-2025,56672.85,Call,53400,0,0,17.2749,0,0,0
30-Dec-2025,56672.85,Call,53300,0,0,17.2749,0,0,0
30-Dec-2025,56672.85,Call,52900,0,0,17.2749,0,0,0
30-Dec-2025,56672.85,Call,52800,0,0,17.2749,0,0,0
30-Dec-2025,56672.85,Call,52600,0,0,17.2749,0,0,0
30-Dec-2025,56672.85,Call,48000,0,0,17.2749,0,0,0
30-Dec-2025,56672.85,Call,61000,0,0,17.2749,0,0,0
30-Dec-2025,56672.85,Call,60500,0,0,17.2749,0,0,0
30-Dec-2025,56672.85,Call,64500,0,0,17.2749,0,73,0
30-Dec-2025,56672.85,Put,49500,0,0,17.2749,0,4,0
30-Dec-2025,56672.85,Put,51000,0,0,17.2749,0,1249.85714286,0
30-Dec-2025,56672.85,Put,56600,0,0,17.2749,0,275,0
30-Dec-2025,56672.85,Put,46500,0,0,17.2749,0,0,0
30-Dec-2025,56672.85,Call,61100,0,0,17.2749,0,0,0
30-Dec-2025,56672.85,Call,63500,0,0,17.2749,0,0,0
30-Dec-2025,56672.85,Put,43500,0,0,17.2749,0,37.8571428571,0
30-Dec-2025,56672.85,Put,55500,0,0,17.2749,0,1831.71428571,0
30-Dec-2025,56672.85,Put,52500,0,0,17.2749,0,2537.28571429,0
30-Dec-2025,56672.85,Put,58500,0,0,17.2749,0,325,0
30-Dec-2025,56672.85,Call,51000,0,0,17.2749,0,136.428571429,0
30-Dec-2025,56672.85,Call,52300,0,0,17.2749,0,0,0
30-Dec-2025,56672.85,Call,52200,0,0,17.2749,0,0,0
30-Dec-2025,56672.85,Call,58100,0,0,17.2749,0,0,0
30-Dec-2025,56672.85,Call,57900,0,0,17.2749,0,0,0
30-Dec-2025,56672.85,Call,57600,0,0,17.2749,0,0,0
30-Dec-2025,56672.85,Call,57500,0,0,17.2749,0,16,0
30-Dec-2025,56672.85,Call,57400,0,0,17.2749,0,0,0
30-Dec-2025,56672.85,Call,56800,0,0,17.2749,0,0,0
30-Dec-2025,56672.85,Call,56700,0,0,17.2749,0,2,0
30-Dec-2025,56672.85,Call,56500,0,0,17.2749,0,82,0
30-Dec-2025,56672.85,Call,56400,0,0,17.2749,0,19,0
30-Dec-2025,56672.85,Call,56300,0,0,17.2749,0,0,0
30-Dec-2025,56672.85,Put,59500,0,0,17.2749,0,0,0
30-Dec-2025,56672.85,Call,61200,0,0,17.2749,0,0,0
30-Dec-2025,56672.85,Call,55500,0,0,17.2749,0,892,0
30-Dec-2025,56672.85,Put,55600,0,0,17.2749,0,0,0
30-Dec-2025,56672.85,Put,58000,0,0,17.2749,0,140,0
30-Dec-2025,56672.85,Put,56800,0,0,17.2749,0,18,0
30-Dec-2025,56672.85,Put,55800,0,0,17.2749,0,0,0
30-Dec-2025,56672.85,Put,55700,0,0,17.2749,0,6,0
30-Dec-2025,56672.85,Call,64000,0,0,17.2749,0,0,0
30-Dec-2025,56672.85,Call,62500,0,0,17.2749,0,1,0
30-Dec-2025,56672.85,Call,60300,0,0,17.2749,0,0,0
30-Dec-2025,56672.85,Call,60200,0,0,17.2749,0,0,0
30-Dec-2025,56672.85,Call,60100,0,0,17.2749,0,0,0
30-Dec-2025,56672.85,Call,59900,0,0,17.2749,0,0,0
30-Dec-2025,56672.85,Call,59800,0,0,17.2749,0,0,0
30-Dec-2025,56672.85,Call,59700,0,0,17.2749,0,0,0
30-Dec-2025,56672.85,Put,56900,0,0,17.2749,0,12,0
30-Dec-2025,56672.85,Put,56700,0,0,17.2749,0,12,0
30-Dec-2025,56672.85,Put,54100,0,0,17.2749,0,0,0
30-Dec-2025,56672.85,Put,59000,0,0,17.2749,0,2,0
30-Dec-2025,56672.85,Put,57300,0,0,17.2749,0,7,0
30-Dec-2025,56672.85,Put,57200,0,0,17.2749,0,4,0
30-Dec-2025,56672.85,Put,57100,0,0,17.2749,0,6,0
30-Dec-2025,56672.85,Put,57700,0,0,17.2749,0,0,0
30-Dec-2025,56672.85,Put,57600,0,0,17.2749,0,0,0
30-Dec-2025,56672.85,Put,57500,0,0,17.2749,0,240,0
30-Dec-2025,56672.85,Put,57400,0,0,17.2749,0,30,0
30-Dec-2025,56672.85,Put,54500,0,0,17.2749,0,752,0
30-Dec-2025,56672.85,Put,58100,0,0,17.2749,0,0,0
30-Dec-2025,56672.85,Put,57900,0,0,17.2749,0,0,0
30-Dec-2025,56672.85,Put,57800,0,0,17.2749,0,0,0
30-Dec-2025,56672.85,Call,61600,0,0,17.2749,0,0,0
30-Dec-2025,56672.85,Call,61400,0,0,17.2749,0,0,0
30-Dec-2025,56672.85,Call,61300,0,0,17.2749,0,0,0
30-Dec-2025,56672.85,Call,60600,0,0,17.2749,0,0,0
30-Dec-2025,56672.85,Call,60400,0,0,17.2749,0,0,0
30-Dec-2025,56672.85,Call,57700,0,0,17.2749,0,0,0
30-Dec-2025,56672.85,Call,51800,0,0,17.2749,0,0,0
30-Dec-2025,56672.85,Call,47000,0,0,17.2749,0,0,0
30-Dec-2025,56672.85,Call,52100,0,0,17.2749,0,0,0
30-Dec-2025,56672.85,Call,50100,0,0,17.2749,0,0,0
30-Dec-2025,56672.85,Call,49000,0,0,17.2749,0,0,0
30-Dec-2025,56672.85,Call,51900,0,0,17.2749,0,0,0
30-Dec-2025,56672.85,Call,47500,0,0,17.2749,0,0,0
30-Dec-2025,56672.85,Put,49000,0,0,17.2749,0,14,0
30-Dec-2025,56672.85,Put,60000,0,0,17.2749,0,53,0
30-Dec-2025,56672.85,Call,48500,0,0,17.2749,0,0,0
30-Dec-2025,56672.85,Call,49800,0,0,17.2749,0,0,0
30-Dec-2025,56672.85,Call,50300,0,0,17.2749,0,0,0
30-Dec-2025,56672.85,Call,50200,0,0,17.2749,0,0,0
30-Dec-2025,56672.85,Call,53000,0,0,17.2749,0,0,0
30-Dec-2025,56672.85,Call,52700,0,0,17.2749,0,0,0
30-Dec-2025,56672.85,Put,48000,0,0,17.2749,0,171,0
30-Dec-2025,56672.85,Call,53600,0,0,17.2749,0,0,0
30-Dec-2025,56672.85,Call,52500,0,0,17.2749,0,0,0
30-Dec-2025,56672.85,Call,63000,0,0,17.2749,0,1,0
30-Dec-2025,56672.85,Call,52400,0,0,17.2749,0,0,0
30-Dec-2025,56672.85,Call,50500,0,0,17.2749,0,0,0
30-Dec-2025,56672.85,Call,54000,0,0,17.2749,0,536,0
30-Dec-2025,56672.85,Call,53800,0,0,17.2749,0,0,0
30-Dec-2025,56672.85,Call,53100,0,0,17.2749,0,0,0
30-Dec-2025,56672.85,Call,53200,0,0,17.2749,0,0,0
30-Dec-2025,56672.85,Call,53700,0,0,17.2749,0,0,0
30-Dec-2025,56672.85,Call,53500,0,0,17.2749,0,4,0
30-Dec-2025,56672.85,Call,53900,0,0,17.2749,0,0,0
31-Mar-2026,56672.85,Put,54000,0,0,17.2749,0,0,0
31-Mar-2026,56672.85,Put,60000,0,0,17.2749,0,22,0
31-Mar-2026,56672.85,Put,49500,0,0,17.2749,0,0,0
31-Mar-2026,56672.85,Call,61500,0,0,17.2749,0,0,0
31-Mar-2026,56672.85,Call,64500,0,0,17.2749,0,0,0
31-Mar-2026,56672.85,Call,58500,0,0,17.2749,0,136,0
31-Mar-2026,56672.85,Put,51000,0,0,17.2749,0,0,0
31-Mar-2026,56672.85,Call,57000,0,0,17.2749,0,535,0
31-Mar-2026,56672.85,Put,48000,0,0,17.2749,0,0,0
31-Mar-2026,56672.85,Put,52500,0,0,17.2749,0,0,0
30-Dec-2025,56672.85,Call,61500,0,0,17.2749,0,0,0
30-Dec-2025,56672.85,Put,52000,0,0,17.2749,0,0,0
30-Dec-2025,56672.85,Put,48500,0,0,17.2749,0,52,0
30-Dec-2025,56672.85,Put,47500,0,0,17.2749,0,7,0
30-Dec-2025,56672.85,Call,55900,0,0,17.2749,0,0,0
30-Dec-2025,56672.85,Call,55600,0,0,17.2749,0,0,0
30-Dec-2025,56672.85,Call,55300,0,0,17.2749,0,0,0
30-Dec-2025,56672.85,Call,55200,0,0,17.2749,0,0,0
30-Dec-2025,56672.85,Call,55100,0,0,17.2749,0,0,0
30-Dec-2025,56672.85,Call,46500,0,0,17.2749,0,0,0
30-Dec-2025,56672.85,Call,62000,0,0,17.2749,0,0,0
30-Dec-2025,56672.85,Call,59600,0,0,17.2749,0,0,0
30-Dec-2025,56672.85,Call,59500,0,0,17.2749,0,27,0
30-Dec-2025,56672.85,Call,59400,0,0,17.2749,0,0,0
30-Dec-2025,56672.85,Call,59300,0,0,17.2749,0,0,0
30-Dec-2025,56672.85,Call,59200,0,0,17.2749,0,0,0
30-Dec-2025,56672.85,Call,59100,0,0,17.2749,0,0,0
30-Dec-2025,56672.85,Call,59000,0,0,17.2749,0,0,0
30-Dec-2025,56672.85,Call,58900,0,0,17.2749,0,0,0
30-Dec-2025,56672.85,Call,58800,0,0,17.2749,0,0,0
30-Dec-2025,56672.85,Call,58700,0,0,17.2749,0,0,0
30-Dec-2025,56672.85,Call,58400,0,0,17.2749,0,0,0
30-Dec-2025,56672.85,Call,58300,0,0,17.2749,0,0,0
30-Dec-2025,56672.85,Call,58200,0,0,17.2749,0,0,0
30-Dec-2025,56672.85,Call,52000,0,0,17.2749,0,4,0
30-Dec-2025,56672.85,Call,51700,0,0,17.2749,0,0,0
30-Dec-2025,56672.85,Call,51600,0,0,17.2749,0,0,0
30-Dec-2025,56672.85,Put,51500,0,0,17.2749,0,0,0
30-Dec-2025,56672.85,Call,51300,0,0,17.2749,0,0,0
30-Dec-2025,56672.85,Call,50800,0,0,17.2749,0,0,0
30-Dec-2025,56672.85,Call,50700,0,0,17.2749,0,0,0
30-Dec-2025,56672.85,Call,50400,0,0,17.2749,0,0,0
30-Dec-2025,56672.85,Put,50000,0,0,17.2749,0,29,0
30-Dec-2025,56672.85,Call,50000,0,0,17.2749,0,3,0
30-Dec-2025,56672.85,Call,49900,0,0,17.2749,0,0,0
30-Dec-2025,56672.85,Call,49700,0,0,17.2749,0,0,0
30-Dec-2025,56672.85,Call,49600,0,0,17.2749,0,0,0
30-Dec-2025,56672.85,Put,47000,0,0,17.2749,0,2,0
30-Dec-2025,56672.85,Call,54800,0,0,17.2749,0,0,0
30-Dec-2025,56672.85,Call,54700,0,0,17.2749,0,0,0
30-Dec-2025,56672.85,Call,54500,0,0,17.2749,0,0,0
30-Dec-2025,56672.85,Call,54400,0,0,17.2749,0,0,0
30-Dec-2025,56672.85,Call,54300,0,0,17.2749,0,0,0
30-Dec-2025,56672.85,Call,54200,0,0,17.2749,0,0,0
31-Mar-2026,56672.85,Call,63000,0,0,17.2749,0,0,0
30-Jun-2026,56672.85,Put,55500,0,0,17.2749,0,0,0
30-Jun-2026,56672.85,Put,58500,0,0,17.2749,0,0,0
31-Mar-2026,56672.85,Put,55500,0,0,17.2749,0,0,0
30-Jun-2026,56672.85,Put,51000,0,0,17.2749,0,0,0
30-Jun-2026,56672.85,Put,46500,0,0,17.2749,0,0,0
30-Jun-2026,56672.85,Call,61500,0,0,17.2749,0,0,0
30-Jun-2026,56672.85,Put,54000,0,0,17.2749,0,0,0
30-Jun-2026,56672.85,Put,48000,0,0,17.2749,0,0,0
30-Jun-2026,56672.85,Put,52500,0,0,17.2749,0,0,0
31-Mar-2026,56672.85,Put,46500,0,0,17.2749,0,0,0
30-Jun-2026,56672.85,Call,60000,0,0,17.2749,0,0,0
30-Jun-2026,56672.85,Put,49500,0,0,17.2749,0,0,0
30-Jun-2026,56672.85,Call,64500,0,0,17.2749,0,0,0
30-Jun-2026,56672.85,Call,63000,0,0,17.2749,0,0,0
30-Jun-2026,56672.85,Put,57000,0,0,17.2749,0,0,0
