28-Oct-2025,349.9,-,0,350.9,0,39.474,86,16600,314
28-Oct-2025,349.9,Call,350,7.95,26.8,39.474,32,840,256
28-Oct-2025,349.9,Call,360,3.85,26.77,39.474,-11,1269,227
28-Oct-2025,349.9,Call,365,2.65,27.11,39.474,23,564,145
28-Oct-2025,349.9,Call,355,5.6,26.82,39.474,21,363,117
28-Oct-2025,349.9,Put,350,6.9,27.32,39.474,-9,680,80
28-Oct-2025,349.9,Put,360,12.95,28.29,39.474,-17,319,68
28-Oct-2025,349.9,Put,340,3.35,28.58,39.474,1,554,56
28-Oct-2025,349.9,Call,370,1.75,27.68,39.474,6,807,46
28-Oct-2025,349.9,Put,345,4.8,27.7,39.474,-2,225,45
25-Nov-2025,349.9,-,0,353.3,0,39.474,2,681,34
28-Oct-2025,349.9,Call,340,14.5,29.01,39.474,0,200,33
28-Oct-2025,349.9,Put,310,0.45,37.66,39.474,1,121,22
28-Oct-2025,349.9,Put,355,9.75,28.15,39.474,3,200,20
28-Oct-2025,349.9,Call,345,10.95,28.01,39.474,4,169,18
28-Oct-2025,349.9,Call,335,18.7,30.67,39.474,0,27,16
28-Oct-2025,349.9,Put,370,20.25,26.62,39.474,0,169,14
28-Oct-2025,349.9,Call,320,32.2,36.46,39.474,0,29,14
28-Oct-2025,349.9,Call,380,0.85,29.61,39.474,1,589,14
28-Oct-2025,349.9,Put,335,2.3,29.54,39.474,1,112,13
28-Oct-2025,349.9,Put,365,16.2,26.63,39.474,-3,71,11
28-Oct-2025,349.9,Put,330,1.6,30.83,39.474,1,249,10
28-Oct-2025,349.9,Call,325,27.05,33.69,39.474,-1,14,8
28-Oct-2025,349.9,Call,400,0.3,35.29,39.474,0,715,8
28-Oct-2025,349.9,Call,330,22.9,31.7,39.474,2,48,7
28-Oct-2025,349.9,Call,315,36.5,39.19,39.474,-1,6,5
28-Oct-2025,349.9,Put,385,34.45,32.93,39.474,1,14,5
28-Oct-2025,349.9,Put,325,1.2,32.87,39.474,-2,200,5
28-Oct-2025,349.9,Put,375,24.65,26.95,39.474,-2,17,5
25-Nov-2025,349.9,Put,310,1.85,31.73,39.474,0,20,5
28-Oct-2025,349.9,Put,300,0.3,42.46,39.474,1,298,4
28-Oct-2025,349.9,Put,320,0.8,33.83,39.474,0,231,4
25-Nov-2025,349.9,Call,350,14.85,28.49,39.474,1,19,4
28-Oct-2025,349.9,Call,375,1.2,28.87,39.474,0,156,3
28-Oct-2025,349.9,Call,385,0.6,30.61,39.474,0,132,3
28-Oct-2025,349.9,Put,380,29.25,27.27,39.474,0,53,2
28-Oct-2025,349.9,Put,315,0.6,35.77,39.474,1,59,2
28-Oct-2025,349.9,Call,390,0.5,32.62,39.474,0,280,1
28-Oct-2025,349.9,Call,310,40.3,0,39.474,0,15,1
25-Nov-2025,349.9,Call,380,4.6,28.18,39.474,0,104,1
30-Dec-2025,349.9,-,0,0,0,39.474,0,68,0
28-Oct-2025,349.9,Put,395,0,0,39.474,0,10,0
28-Oct-2025,349.9,Call,420,0,0,39.474,0,34,0
28-Oct-2025,349.9,Call,410,0,0,39.474,0,239,0
28-Oct-2025,349.9,Put,285,0,0,39.474,0,38,0
28-Oct-2025,349.9,Put,390,0,0,39.474,0,33,0
28-Oct-2025,349.9,Put,400,0,0,39.474,0,64,0
28-Oct-2025,349.9,Put,305,0,0,39.474,0,2,0
28-Oct-2025,349.9,Put,295,0,0,39.474,0,5,0
28-Oct-2025,349.9,Put,290,0,0,39.474,0,8,0
28-Oct-2025,349.9,Put,410,0,0,39.474,0,3,0
28-Oct-2025,349.9,Call,300,0,0,39.474,0,5,0
28-Oct-2025,349.9,Put,420,0,0,39.474,0,25,0
25-Nov-2025,349.9,Put,400,0,0,39.474,0,1,0
25-Nov-2025,349.9,Call,400,0,0,39.474,0,0,0
25-Nov-2025,349.9,Put,390,0,0,39.474,0,0,0
25-Nov-2025,349.9,Call,370,0,0,39.474,0,16,0
25-Nov-2025,349.9,Call,390,0,0,39.474,0,21,0
25-Nov-2025,349.9,Call,360,0,0,39.474,0,24,0
25-Nov-2025,349.9,Put,335,0,0,39.474,0,0,0
25-Nov-2025,349.9,Call,330,0,0,39.474,0,0,0
25-Nov-2025,349.9,Call,365,0,0,39.474,0,41,0
25-Nov-2025,349.9,Call,325,0,0,39.474,0,2,0
25-Nov-2025,349.9,Call,315,0,0,39.474,0,0,0
25-Nov-2025,349.9,Call,300,0,0,39.474,0,0,0
25-Nov-2025,349.9,Put,370,0,0,39.474,0,6,0
25-Nov-2025,349.9,Put,315,0,0,39.474,0,0,0
25-Nov-2025,349.9,Put,385,0,0,39.474,0,0,0
25-Nov-2025,349.9,Call,375,0,0,39.474,0,0,0
25-Nov-2025,349.9,Call,385,0,0,39.474,0,0,0
25-Nov-2025,349.9,Put,325,0,0,39.474,0,0,0
25-Nov-2025,349.9,Put,375,0,0,39.474,0,9,0
25-Nov-2025,349.9,Put,345,0,0,39.474,0,0,0
25-Nov-2025,349.9,Call,345,0,0,39.474,0,0,0
25-Nov-2025,349.9,Put,365,0,0,39.474,0,0,0
25-Nov-2025,349.9,Call,335,0,0,39.474,0,2,0
25-Nov-2025,349.9,Put,330,0,0,39.474,0,14,0
25-Nov-2025,349.9,Put,360,0,0,39.474,0,14,0
30-Dec-2025,349.9,Put,340,0,0,39.474,0,0,0
25-Nov-2025,349.9,Call,320,0,0,39.474,0,0,0
30-Dec-2025,349.9,Call,340,0,0,39.474,0,0,0
25-Nov-2025,349.9,Put,380,0,0,39.474,0,2,0
25-Nov-2025,349.9,Put,320,0,0,39.474,0,13,0
25-Nov-2025,349.9,Put,340,0,0,39.474,0,33,0
25-Nov-2025,349.9,Put,350,0,0,39.474,0,29,0
30-Dec-2025,349.9,Call,350,0,0,39.474,0,0,0
30-Dec-2025,349.9,Call,360,0,0,39.474,0,0,0
25-Nov-2025,349.9,Put,300,0,0,39.474,0,12,0
30-Dec-2025,349.9,Put,330,0,0,39.474,0,0,0
30-Dec-2025,349.9,Call,390,0,0,39.474,0,1,0
30-Dec-2025,349.9,Put,370,0,0,39.474,0,0,0
30-Dec-2025,349.9,Put,350,0,0,39.474,0,0,0
30-Dec-2025,349.9,Put,360,0,0,39.474,0,0,0
25-Nov-2025,349.9,Call,340,0,0,39.474,0,1,0
25-Nov-2025,349.9,Put,355,0,0,39.474,0,1,0
30-Dec-2025,349.9,Call,370,0,0,39.474,0,0,0
30-Dec-2025,349.9,Put,320,0,0,39.474,0,0,0
25-Nov-2025,349.9,Call,355,0,0,39.474,0,2,0
25-Nov-2025,349.9,Call,310,0,0,39.474,0,0,0
30-Dec-2025,349.9,Call,380,0,0,39.474,0,0,0
