28-Oct-2025,337.3,Call,340,6.35,0,33.4971,29,979,364
28-Oct-2025,337.3,Call,350,2.95,0,33.4971,53,1325,316
28-Oct-2025,337.3,-,0,338.3,0,33.4971,-1,18569,254
28-Oct-2025,337.3,Put,325,2.25,0,33.4971,79,651,189
28-Oct-2025,337.3,Call,345,4.45,0,33.4971,-11,647,181
28-Oct-2025,337.3,Put,340,7.7,0,33.4971,13,472,126
28-Oct-2025,337.3,Put,335,5.4,0,33.4971,-6,561,119
28-Oct-2025,337.3,Call,370,0.6,0,33.4971,-12,357,97
28-Oct-2025,337.3,Call,360,1.35,0,33.4971,4,731,84
28-Oct-2025,337.3,Put,330,3.45,0,33.4971,0,430,61
28-Oct-2025,337.3,Call,335,8.85,0,33.4971,-4,212,53
28-Oct-2025,337.3,Call,380,0.3,0,33.4971,9,492,53
28-Oct-2025,337.3,Put,345,10.85,0,33.4971,-10,248,42
28-Oct-2025,337.3,Call,355,2,0,33.4971,9,391,36
25-Nov-2025,337.3,-,0,340.05,0,33.4971,3,535,32
28-Oct-2025,337.3,Call,390,0.15,0,33.4971,-1,648,32
28-Oct-2025,337.3,Call,365,0.9,0,33.4971,1,235,28
28-Oct-2025,337.3,Put,320,1.35,0,33.4971,11,406,25
28-Oct-2025,337.3,Call,330,12,0,33.4971,-3,258,18
28-Oct-2025,337.3,Put,355,18.45,0,33.4971,-2,34,9
28-Oct-2025,337.3,Put,350,14.15,0,33.4971,0,164,8
28-Oct-2025,337.3,Put,290,0.1,0,33.4971,0,105,7
28-Oct-2025,337.3,Call,325,15.7,0,33.4971,0,48,7
28-Oct-2025,337.3,Put,310,0.5,0,33.4971,-1,253,7
25-Nov-2025,337.3,Put,320,4.4,0,33.4971,0,50,6
28-Oct-2025,337.3,Put,315,0.8,0,33.4971,1,167,5
28-Oct-2025,337.3,Call,375,0.45,0,33.4971,0,103,5
28-Oct-2025,337.3,Call,320,20.2,0,33.4971,0,130,4
28-Oct-2025,337.3,Call,300,39.9,0,33.4971,1,59,3
28-Oct-2025,337.3,Put,285,0.1,0,33.4971,0,35,2
28-Oct-2025,337.3,Put,305,0.4,0,33.4971,0,170,1
28-Oct-2025,337.3,Put,300,0.25,0,33.4971,0,528,1
25-Nov-2025,337.3,Call,340,13,0,33.4971,0,23,1
25-Nov-2025,337.3,Call,370,3.55,0,33.4971,0,9,1
25-Nov-2025,337.3,Put,315,3,0,33.4971,0,40,1
25-Nov-2025,337.3,Put,300,1.3,0,33.4971,0,23,1
25-Nov-2025,337.3,Call,360,5.35,0,33.4971,0,98,1
30-Dec-2025,337.3,-,0,0,0,33.4971,0,72,0
28-Oct-2025,337.3,Put,260,0,0,33.4971,0,40,0
28-Oct-2025,337.3,Call,305,0,0,33.4971,0,19,0
28-Oct-2025,337.3,Call,295,0,0,33.4971,0,5,0
28-Oct-2025,337.3,Put,295,0,0,33.4971,0,128,0
28-Oct-2025,337.3,Put,375,0,0,33.4971,0,16,0
28-Oct-2025,337.3,Call,315,0,0,33.4971,0,29,0
28-Oct-2025,337.3,Put,370,0,0,33.4971,0,59,0
28-Oct-2025,337.3,Put,390,0,0,33.4971,0,14,0
28-Oct-2025,337.3,Put,365,0,0,33.4971,0,174,0
28-Oct-2025,337.3,Call,310,0,0,33.4971,0,57,0
28-Oct-2025,337.3,Put,400,0,0,33.4971,0,2,0
28-Oct-2025,337.3,Call,400,0,0,33.4971,0,27,0
28-Oct-2025,337.3,Put,380,0,0,33.4971,0,44,0
28-Oct-2025,337.3,Call,260,0,0,33.4971,0,10,0
28-Oct-2025,337.3,Call,270,0,0,33.4971,0,12,0
28-Oct-2025,337.3,Call,290,0,0,33.4971,0,18,0
28-Oct-2025,337.3,Put,360,0,0,33.4971,0,270,0
28-Oct-2025,337.3,Call,280,0,0,33.4971,0,46,0
25-Nov-2025,337.3,Put,350,0,0,33.4971,0,12,0
25-Nov-2025,337.3,Put,290,0,0,33.4971,0,0,0
25-Nov-2025,337.3,Call,375,0,0,33.4971,0,0,0
25-Nov-2025,337.3,Call,400,0,0,33.4971,0,0,0
25-Nov-2025,337.3,Put,310,0,0,33.4971,0,29,0
25-Nov-2025,337.3,Put,400,0,0,33.4971,0,0,0
25-Nov-2025,337.3,Put,325,0,0,33.4971,0,2,0
25-Nov-2025,337.3,Put,335,0,0,33.4971,0,4,0
25-Nov-2025,337.3,Call,355,0,0,33.4971,0,0,0
25-Nov-2025,337.3,Put,360,0,0,33.4971,0,12,0
25-Nov-2025,337.3,Put,380,0,0,33.4971,0,0,0
25-Nov-2025,337.3,Call,390,0,0,33.4971,0,0,0
25-Nov-2025,337.3,Call,335,0,0,33.4971,0,1,0
25-Nov-2025,337.3,Put,390,0,0,33.4971,0,0,0
25-Nov-2025,337.3,Put,365,0,0,33.4971,0,0,0
30-Dec-2025,337.3,Put,360,0,0,33.4971,0,0,0
30-Dec-2025,337.3,Call,340,0,0,33.4971,0,0,0
25-Nov-2025,337.3,Call,300,0,0,33.4971,0,1,0
30-Dec-2025,337.3,Put,340,0,0,33.4971,0,0,0
30-Dec-2025,337.3,Put,320,0,0,33.4971,0,0,0
25-Nov-2025,337.3,Call,320,0,0,33.4971,0,1,0
30-Dec-2025,337.3,Put,330,0,0,33.4971,0,0,0
25-Nov-2025,337.3,Put,330,0,0,33.4971,0,16,0
30-Dec-2025,337.3,Call,380,0,0,33.4971,0,0,0
25-Nov-2025,337.3,Call,290,0,0,33.4971,0,0,0
25-Nov-2025,337.3,Call,345,0,0,33.4971,0,0,0
30-Dec-2025,337.3,Put,350,0,0,33.4971,0,0,0
25-Nov-2025,337.3,Call,350,0,0,33.4971,0,30,0
25-Nov-2025,337.3,Call,325,0,0,33.4971,0,1,0
25-Nov-2025,337.3,Put,340,0,0,33.4971,0,10,0
25-Nov-2025,337.3,Put,355,0,0,33.4971,0,0,0
25-Nov-2025,337.3,Put,375,0,0,33.4971,0,0,0
25-Nov-2025,337.3,Put,370,0,0,33.4971,0,0,0
25-Nov-2025,337.3,Call,380,0,0,33.4971,0,24,0
30-Dec-2025,337.3,Put,310,0,0,33.4971,0,0,0
25-Nov-2025,337.3,Call,310,0,0,33.4971,0,0,0
30-Dec-2025,337.3,Call,350,0,0,33.4971,0,0,0
25-Nov-2025,337.3,Call,330,0,0,33.4971,0,5,0
25-Nov-2025,337.3,Put,345,0,0,33.4971,0,0,0
25-Nov-2025,337.3,Call,315,0,0,33.4971,0,0,0
30-Dec-2025,337.3,Call,330,0,0,33.4971,0,0,0
25-Nov-2025,337.3,Call,365,0,0,33.4971,0,0,0
30-Dec-2025,337.3,Call,360,0,0,33.4971,0,0,0
30-Dec-2025,337.3,Call,370,0,0,33.4971,0,0,0
30-Dec-2025,337.3,Put,300,0,0,33.4971,0,0,0
