28-Oct-2025,977.95,-,0,981.25,0,21.2468,4979,182688,17014
28-Oct-2025,977.95,Call,980,15.85,19.32,21.2468,923,4016,9755
28-Oct-2025,977.95,Put,980,14.4,20.11,21.2468,593,2446,4928
28-Oct-2025,977.95,Call,1000,7.75,19.38,21.2468,60,5192,4826
28-Oct-2025,977.95,Put,970,10.2,20.25,21.2468,-126,1668,4174
28-Oct-2025,977.95,Call,970,21.7,19.26,21.2468,39,1775,3723
28-Oct-2025,977.95,Call,990,11.2,19.24,21.2468,53,1853,3041
28-Oct-2025,977.95,Call,975,18.6,19.4,21.2468,11,580,2773
28-Oct-2025,977.95,Put,975,12.1,20.18,21.2468,110,544,2615
28-Oct-2025,977.95,Put,960,7.05,20.58,21.2468,-59,1764,2365
28-Oct-2025,977.95,Call,985,13.45,19.29,21.2468,-55,799,1833
25-Nov-2025,977.95,-,0,986.55,0,21.2468,1148,4890,1753
28-Oct-2025,977.95,Call,1010,5.05,19.53,21.2468,8,1016,1570
28-Oct-2025,977.95,Put,950,4.8,20.97,21.2468,47,2050,1501
28-Oct-2025,977.95,Call,1020,3.4,19.81,21.2468,-44,1715,1317
28-Oct-2025,977.95,Put,965,8.55,20.47,21.2468,-37,411,1155
28-Oct-2025,977.95,Put,990,19.6,19.76,21.2468,12,717,1031
28-Oct-2025,977.95,Call,995,9.3,19.1,21.2468,3,981,944
28-Oct-2025,977.95,Put,985,16.8,20.04,21.2468,2,535,874
28-Oct-2025,977.95,Put,940,3.35,21.78,21.2468,23,1228,808
28-Oct-2025,977.95,Call,960,28.6,19.52,21.2468,-121,1544,728
28-Oct-2025,977.95,Call,1005,6.3,19.27,21.2468,-4,255,640
28-Oct-2025,977.95,Call,950,36.35,20.06,21.2468,12,971,611
28-Oct-2025,977.95,Call,1050,1.05,21.67,21.2468,24,1312,490
28-Oct-2025,977.95,Call,965,25.05,19.67,21.2468,18,479,405
28-Oct-2025,977.95,Put,955,5.85,20.84,21.2468,6,430,397
28-Oct-2025,977.95,Put,930,2.35,22.8,21.2468,-24,1644,318
28-Oct-2025,977.95,Put,1000,26,19.93,21.2468,36,1473,307
28-Oct-2025,977.95,Call,1030,2.2,19.96,21.2468,7,813,293
28-Oct-2025,977.95,Put,920,1.6,23.71,21.2468,-22,932,268
28-Oct-2025,977.95,Put,900,0.75,25.71,21.2468,-11,1795,264
28-Oct-2025,977.95,Call,1060,0.7,22.21,21.2468,-17,897,257
28-Oct-2025,977.95,Call,1040,1.45,20.73,21.2468,28,815,254
28-Oct-2025,977.95,Call,1015,4.15,19.59,21.2468,-33,192,236
28-Oct-2025,977.95,Put,910,1.1,24.57,21.2468,11,503,219
25-Nov-2025,977.95,Call,1000,17.95,17.1,21.2468,16,373,184
25-Nov-2025,977.95,Call,980,27.2,16.84,21.2468,19,155,177
28-Oct-2025,977.95,Put,995,22.65,20.14,21.2468,-26,100,171
28-Oct-2025,977.95,Put,945,3.95,21.35,21.2468,22,290,157
28-Oct-2025,977.95,Call,1100,0.4,28.01,21.2468,-2,926,146
28-Oct-2025,977.95,Call,1025,2.7,19.97,21.2468,11,234,132
28-Oct-2025,977.95,Call,940,44.9,20.26,21.2468,16,467,131
28-Oct-2025,977.95,Put,935,2.65,22.08,21.2468,18,191,123
28-Oct-2025,977.95,Call,955,32.15,19.99,21.2468,5,332,119
28-Oct-2025,977.95,Put,880,0.4,27.67,21.2468,-35,589,116
25-Nov-2025,977.95,Call,1050,5.5,18.11,21.2468,25,390,90
25-Nov-2025,977.95,Put,980,19.75,18.35,21.2468,20,103,80
28-Oct-2025,977.95,Put,925,1.9,23.36,21.2468,0,135,71
30-Dec-2025,977.95,-,0,993.3,0,21.2468,26,2137,69
25-Nov-2025,977.95,Call,1020,11.3,17.36,21.2468,24,180,69
28-Oct-2025,977.95,Call,900,81.5,0,21.2468,10,434,62
28-Oct-2025,977.95,Call,1120,0.35,31.12,21.2468,-46,236,62
25-Nov-2025,977.95,Put,960,12.65,18.82,21.2468,5,225,57
28-Oct-2025,977.95,Put,915,1.4,24.44,21.2468,4,133,55
25-Nov-2025,977.95,Put,920,4.45,19.76,21.2468,-19,106,55
28-Oct-2025,977.95,Put,1005,29.7,20.88,21.2468,7,114,52
28-Oct-2025,977.95,Put,1010,33.65,20.56,21.2468,0,157,51
28-Oct-2025,977.95,Put,1020,42.85,22.93,21.2468,-15,112,50
28-Oct-2025,977.95,Call,1070,0.6,23.73,21.2468,-13,542,49
25-Nov-2025,977.95,Call,960,35.3,12.91,21.2468,14,67,46
25-Nov-2025,977.95,Put,950,9.4,18.55,21.2468,-2,134,44
28-Oct-2025,977.95,Put,1025,45.95,20.83,21.2468,-9,32,38
25-Nov-2025,977.95,Put,900,2.95,21.23,21.2468,5,260,35
28-Oct-2025,977.95,Call,1035,1.75,20.36,21.2468,1,70,33
28-Oct-2025,977.95,Put,850,0.15,30.73,21.2468,-19,277,33
28-Oct-2025,977.95,Put,905,0.95,25.21,21.2468,-1,94,32
28-Oct-2025,977.95,Put,860,0.25,30.46,21.2468,-9,94,32
28-Oct-2025,977.95,Put,890,0.6,26.97,21.2468,1,282,29
25-Nov-2025,977.95,Call,1070,3.25,18.41,21.2468,11,56,27
25-Nov-2025,977.95,Call,970,32.15,16.11,21.2468,2,81,26
25-Nov-2025,977.95,Call,1100,1.75,19.92,21.2468,5,33,26
28-Oct-2025,977.95,Call,1045,1.2,21.08,21.2468,-4,24,23
28-Oct-2025,977.95,Call,1080,0.45,24.62,21.2468,0,491,22
25-Nov-2025,977.95,Put,940,7,18.54,21.2468,15,112,21
25-Nov-2025,977.95,Put,970,17.2,19.62,21.2468,3,104,20
28-Oct-2025,977.95,Call,920,60.5,0,21.2468,2,374,19
25-Nov-2025,977.95,Put,1000,32.5,20.3,21.2468,8,79,19
28-Oct-2025,977.95,Put,840,0.15,32.96,21.2468,4,62,18
25-Nov-2025,977.95,Put,800,0.4,29.24,21.2468,12,31,16
28-Oct-2025,977.95,Put,895,0.7,26.4,21.2468,3,35,15
28-Oct-2025,977.95,Call,930,51.5,0,21.2468,2,84,13
25-Nov-2025,977.95,Call,950,46,16.12,21.2468,7,30,13
28-Oct-2025,977.95,Put,1100,122,45.43,21.2468,10,168,11
25-Nov-2025,977.95,Call,990,21.45,16.38,21.2468,4,19,9
28-Oct-2025,977.95,Put,870,0.35,29.52,21.2468,-5,398,8
28-Oct-2025,977.95,Call,935,46.95,12.22,21.2468,-5,21,7
30-Dec-2025,977.95,Call,1000,24.9,14.14,21.2468,5,15,7
28-Oct-2025,977.95,Call,945,38.15,15.2,21.2468,-1,73,6
25-Nov-2025,977.95,Put,850,1.1,24.92,21.2468,4,4,6
25-Nov-2025,977.95,Put,975,17.65,18.38,21.2468,3,4,6
25-Nov-2025,977.95,Put,930,5.45,19.41,21.2468,4,62,6
25-Nov-2025,977.95,Call,1030,9.3,16.87,21.2468,3,42,6
25-Nov-2025,977.95,Call,1010,14.2,17.13,21.2468,-1,22,6
30-Dec-2025,977.95,Call,1030,14.05,14.56,21.2468,4,9,5
28-Oct-2025,977.95,Put,800,0.1,40.17,21.2468,-3,36,4
25-Nov-2025,977.95,Call,900,84.8,0,21.2468,1,6,3
25-Nov-2025,977.95,Call,975,30.75,17.4,21.2468,0,10,3
25-Nov-2025,977.95,Call,1040,7.05,17.88,21.2468,0,43,3
25-Nov-2025,977.95,Put,910,3,19.45,21.2468,0,4,2
30-Dec-2025,977.95,Put,950,12.55,17.62,21.2468,1,7,2
28-Oct-2025,977.95,Put,820,0.1,35.78,21.2468,0,34,1
25-Nov-2025,977.95,Call,1060,3.85,17.76,21.2468,0,57,1
25-Nov-2025,977.95,Put,925,5.45,20.06,21.2468,0,7,1
28-Oct-2025,977.95,Put,1050,0,0,21.2468,0,142,0
28-Oct-2025,977.95,Call,910,0,0,21.2468,0,39,0
28-Oct-2025,977.95,Call,905,0,0,21.2468,0,1,0
28-Oct-2025,977.95,Put,1030,0,0,21.2468,0,83,0
28-Oct-2025,977.95,Call,850,0,0,21.2468,0,10,0
28-Oct-2025,977.95,Call,915,0,0,21.2468,0,1,0
28-Oct-2025,977.95,Call,925,0,0,21.2468,0,19,0
28-Oct-2025,977.95,Call,870,0,0,21.2468,0,0,0
28-Oct-2025,977.95,Call,890,0,0,21.2468,0,0,0
28-Oct-2025,977.95,Call,1090,0,0,21.2468,0,23,0
28-Oct-2025,977.95,Call,840,0,0,21.2468,0,14,0
28-Oct-2025,977.95,Put,1040,0,0,21.2468,0,279,0
28-Oct-2025,977.95,Call,880,0,0,21.2468,0,12,0
28-Oct-2025,977.95,Put,1090,0,0,21.2468,0,0,0
28-Oct-2025,977.95,Put,1035,0,0,21.2468,0,0,0
28-Oct-2025,977.95,Call,820,0,0,21.2468,0,4,0
28-Oct-2025,977.95,Call,860,0,0,21.2468,0,2,0
28-Oct-2025,977.95,Put,1080,0,0,21.2468,0,2,0
28-Oct-2025,977.95,Put,1060,0,0,21.2468,0,15,0
28-Oct-2025,977.95,Put,1045,0,0,21.2468,0,0,0
28-Oct-2025,977.95,Put,1070,0,0,21.2468,0,0,0
28-Oct-2025,977.95,Put,1015,0,0,21.2468,0,45,0
25-Nov-2025,977.95,Put,995,0,0,21.2468,0,0,0
25-Nov-2025,977.95,Put,990,0,0,21.2468,0,1,0
25-Nov-2025,977.95,Put,1030,0,0,21.2468,0,0,0
25-Nov-2025,977.95,Put,1005,0,0,21.2468,0,0,0
25-Nov-2025,977.95,Call,1045,0,0,21.2468,0,0,0
25-Nov-2025,977.95,Put,1010,0,0,21.2468,0,0,0
25-Nov-2025,977.95,Call,995,0,0,21.2468,0,0,0
25-Nov-2025,977.95,Call,1090,0,0,21.2468,0,16,0
25-Nov-2025,977.95,Put,1035,0,0,21.2468,0,0,0
25-Nov-2025,977.95,Put,1045,0,0,21.2468,0,0,0
25-Nov-2025,977.95,Call,965,0,0,21.2468,0,0,0
25-Nov-2025,977.95,Call,920,0,0,21.2468,0,5,0
25-Nov-2025,977.95,Put,1020,0,0,21.2468,0,10,0
25-Nov-2025,977.95,Call,890,0,0,21.2468,0,0,0
25-Nov-2025,977.95,Put,890,0,0,21.2468,0,0,0
25-Nov-2025,977.95,Call,905,0,0,21.2468,0,0,0
25-Nov-2025,977.95,Call,910,0,0,21.2468,0,0,0
25-Nov-2025,977.95,Call,915,0,0,21.2468,0,0,0
25-Nov-2025,977.95,Call,925,0,0,21.2468,0,0,0
25-Nov-2025,977.95,Call,930,0,0,21.2468,0,0,0
25-Nov-2025,977.95,Call,985,0,0,21.2468,0,0,0
25-Nov-2025,977.95,Put,985,0,0,21.2468,0,0,0
25-Nov-2025,977.95,Put,1100,0,0,21.2468,0,0,0
25-Nov-2025,977.95,Put,870,0,0,21.2468,0,0,0
25-Nov-2025,977.95,Put,1090,0,0,21.2468,0,0,0
25-Nov-2025,977.95,Call,945,0,0,21.2468,0,0,0
25-Nov-2025,977.95,Call,955,0,0,21.2468,0,2,0
25-Nov-2025,977.95,Put,955,0,0,21.2468,0,0,0
25-Nov-2025,977.95,Call,1035,0,0,21.2468,0,0,0
25-Nov-2025,977.95,Put,935,0,0,21.2468,0,3,0
25-Nov-2025,977.95,Call,860,0,0,21.2468,0,0,0
25-Nov-2025,977.95,Call,880,0,0,21.2468,0,0,0
25-Nov-2025,977.95,Put,1080,0,0,21.2468,0,0,0
25-Nov-2025,977.95,Put,860,0,0,21.2468,0,0,0
25-Nov-2025,977.95,Call,1080,0,0,21.2468,0,5,0
25-Nov-2025,977.95,Put,1070,0,0,21.2468,0,0,0
25-Nov-2025,977.95,Put,1025,0,0,21.2468,0,0,0
25-Nov-2025,977.95,Put,965,0,0,21.2468,0,0,0
25-Nov-2025,977.95,Call,1005,0,0,21.2468,0,0,0
30-Dec-2025,977.95,Put,930,0,0,21.2468,0,0,0
30-Dec-2025,977.95,Put,840,0,0,21.2468,0,0,0
30-Dec-2025,977.95,Put,970,0,0,21.2468,0,0,0
25-Nov-2025,977.95,Put,905,0,0,21.2468,0,0,0
25-Nov-2025,977.95,Put,1040,0,0,21.2468,0,12,0
25-Nov-2025,977.95,Put,880,0,0,21.2468,0,0,0
30-Dec-2025,977.95,Call,990,0,0,21.2468,0,0,0
30-Dec-2025,977.95,Put,910,0,0,21.2468,0,0,0
30-Dec-2025,977.95,Put,1010,0,0,21.2468,0,0,0
30-Dec-2025,977.95,Call,1040,0,0,21.2468,0,10,0
25-Nov-2025,977.95,Put,1015,0,0,21.2468,0,0,0
30-Dec-2025,977.95,Call,1060,0,0,21.2468,0,20,0
25-Nov-2025,977.95,Call,850,0,0,21.2468,0,0,0
25-Nov-2025,977.95,Call,1025,0,0,21.2468,0,0,0
25-Nov-2025,977.95,Put,945,0,0,21.2468,0,0,0
25-Nov-2025,977.95,Put,1060,0,0,21.2468,0,2,0
30-Dec-2025,977.95,Put,960,0,0,21.2468,0,0,0
30-Dec-2025,977.95,Put,990,0,0,21.2468,0,0,0
25-Nov-2025,977.95,Call,940,0,0,21.2468,0,1,0
30-Dec-2025,977.95,Put,880,0,0,21.2468,0,0,0
25-Nov-2025,977.95,Call,935,0,0,21.2468,0,0,0
30-Dec-2025,977.95,Put,980,0,0,21.2468,0,0,0
25-Nov-2025,977.95,Put,915,0,0,21.2468,0,0,0
30-Dec-2025,977.95,Call,960,0,0,21.2468,0,0,0
25-Nov-2025,977.95,Call,1015,0,0,21.2468,0,0,0
30-Dec-2025,977.95,Call,1010,0,0,21.2468,0,0,0
25-Nov-2025,977.95,Put,1050,0,0,21.2468,0,0,0
30-Dec-2025,977.95,Put,1000,0,0,21.2468,0,0,0
25-Nov-2025,977.95,Call,870,0,0,21.2468,0,0,0
30-Dec-2025,977.95,Call,1080,0,0,21.2468,0,0,0
30-Dec-2025,977.95,Put,1020,0,0,21.2468,0,0,0
30-Dec-2025,977.95,Put,860,0,0,21.2468,0,0,0
30-Dec-2025,977.95,Call,980,0,0,21.2468,0,1,0
30-Dec-2025,977.95,Put,900,0,0,21.2468,0,0,0
30-Dec-2025,977.95,Call,970,0,0,21.2468,0,0,0
30-Dec-2025,977.95,Call,1020,0,0,21.2468,0,0,0
30-Dec-2025,977.95,Put,940,0,0,21.2468,0,0,0
30-Dec-2025,977.95,Put,920,0,0,21.2468,0,0,0
30-Dec-2025,977.95,Call,930,0,0,21.2468,0,1,0
30-Dec-2025,977.95,Call,1100,0,0,21.2468,0,0,0
