28-Oct-2025,757.9,-,0,759.35,0,33.1791,570,47024,4233
28-Oct-2025,757.9,Call,800,3.05,25.29,33.1791,347,2749,3122
28-Oct-2025,757.9,Call,780,6.8,24.44,33.1791,176,2207,2714
28-Oct-2025,757.9,Call,770,10.05,24.09,33.1791,384,1453,2128
28-Oct-2025,757.9,Put,750,10.25,25.52,33.1791,-220,968,1804
28-Oct-2025,757.9,Call,810,2.15,26.01,33.1791,225,1215,1755
28-Oct-2025,757.9,Call,790,4.6,24.67,33.1791,123,1089,1678
28-Oct-2025,757.9,Put,760,14.95,25.32,33.1791,12,677,1493
28-Oct-2025,757.9,Put,770,20.45,25.56,33.1791,-59,895,1465
28-Oct-2025,757.9,Call,820,1.6,27.52,33.1791,-142,778,1413
28-Oct-2025,757.9,Put,740,6.85,25.52,33.1791,58,498,1139
28-Oct-2025,757.9,Call,760,14.5,24.12,33.1791,180,851,879
28-Oct-2025,757.9,Put,780,26.8,25.75,33.1791,-88,943,734
25-Nov-2025,757.9,-,0,763.8,0,33.1791,193,930,436
28-Oct-2025,757.9,Call,830,1.15,28.49,33.1791,-24,395,404
28-Oct-2025,757.9,Put,730,4.6,26.26,33.1791,-26,462,385
28-Oct-2025,757.9,Put,720,2.85,26.83,33.1791,-39,977,355
28-Oct-2025,757.9,Put,700,1.4,29.08,33.1791,-4,918,241
28-Oct-2025,757.9,Call,750,20.55,23.89,33.1791,34,687,230
28-Oct-2025,757.9,Put,790,33.85,25.95,33.1791,-36,443,216
28-Oct-2025,757.9,Call,840,0.9,29.9,33.1791,-11,583,202
28-Oct-2025,757.9,Put,710,1.95,28.07,33.1791,-7,237,163
28-Oct-2025,757.9,Call,740,27.4,24.55,33.1791,64,177,151
25-Nov-2025,757.9,Put,700,5.4,26.9,33.1791,75,173,144
28-Oct-2025,757.9,Put,800,43.45,27.72,33.1791,12,253,132
28-Oct-2025,757.9,Put,810,49,0,33.1791,52,117,80
28-Oct-2025,757.9,Call,860,0.45,31.19,33.1791,-16,645,80
28-Oct-2025,757.9,Call,850,0.65,30.7,33.1791,-12,309,72
25-Nov-2025,757.9,Call,800,12.9,25.11,33.1791,24,86,49
30-Dec-2025,757.9,-,0,768.9,0,33.1791,28,134,44
25-Nov-2025,757.9,Call,820,8,25.02,33.1791,-10,40,44
28-Oct-2025,757.9,Put,680,0.65,31.37,33.1791,-2,438,42
25-Nov-2025,757.9,Call,850,4.25,25.93,33.1791,19,46,40
28-Oct-2025,757.9,Call,730,34.1,24.34,33.1791,-1,129,30
25-Nov-2025,757.9,Put,800,48.4,27.37,33.1791,22,26,29
25-Nov-2025,757.9,Call,770,23.75,24.9,33.1791,22,30,25
28-Oct-2025,757.9,Call,880,0.15,31.5,33.1791,-6,485,24
25-Nov-2025,757.9,Call,780,19.8,24.8,33.1791,1,35,24
28-Oct-2025,757.9,Call,720,42.7,25.27,33.1791,-6,77,20
25-Nov-2025,757.9,Put,730,11.6,25.61,33.1791,8,93,18
28-Oct-2025,757.9,Put,690,0.95,29.14,33.1791,1,352,17
25-Nov-2025,757.9,Put,710,7,26.16,33.1791,3,30,17
25-Nov-2025,757.9,Put,750,19,25.88,33.1791,7,9,14
28-Oct-2025,757.9,Put,820,61.65,30.25,33.1791,0,117,11
25-Nov-2025,757.9,Call,760,28,24.31,33.1791,3,8,10
28-Oct-2025,757.9,Put,650,0.2,35.43,33.1791,0,143,9
25-Nov-2025,757.9,Call,880,2,26.65,33.1791,-1,34,9
28-Oct-2025,757.9,Put,860,100.6,38.73,33.1791,1,9,8
28-Oct-2025,757.9,Call,710,51.4,24.61,33.1791,2,32,8
28-Oct-2025,757.9,Call,700,61.3,26.69,33.1791,-1,145,8
25-Nov-2025,757.9,Put,680,3,26.99,33.1791,0,63,7
28-Oct-2025,757.9,Put,850,83.8,0,33.1791,3,55,7
28-Oct-2025,757.9,Put,840,68.95,0,33.1791,-4,29,5
25-Nov-2025,757.9,Call,790,15.8,25.17,33.1791,0,4,5
28-Oct-2025,757.9,Put,670,0.4,32.54,33.1791,1,81,4
28-Oct-2025,757.9,Call,900,0.15,35.66,33.1791,1,59,4
28-Oct-2025,757.9,Put,900,141,53.12,33.1791,1,2,3
25-Nov-2025,757.9,Put,760,24.1,26.52,33.1791,1,28,3
28-Oct-2025,757.9,Call,660,100,25.45,33.1791,-1,23,2
25-Nov-2025,757.9,Call,900,2,29.92,33.1791,1,13,2
25-Nov-2025,757.9,Call,860,4.05,27.83,33.1791,0,17,2
25-Nov-2025,757.9,Put,660,1.1,25.75,33.1791,0,1,1
25-Nov-2025,757.9,Call,810,10.65,25.57,33.1791,0,18,1
28-Oct-2025,757.9,Call,680,0,0,33.1791,0,15,0
28-Oct-2025,757.9,Put,660,0,0,33.1791,0,25,0
28-Oct-2025,757.9,Put,880,0,0,33.1791,0,0,0
28-Oct-2025,757.9,Put,830,0,0,33.1791,0,14,0
28-Oct-2025,757.9,Call,650,0,0,33.1791,0,15,0
28-Oct-2025,757.9,Call,670,0,0,33.1791,0,15,0
28-Oct-2025,757.9,Call,600,0,0,33.1791,0,2,0
28-Oct-2025,757.9,Call,620,0,0,33.1791,0,1,0
28-Oct-2025,757.9,Call,640,0,0,33.1791,0,0,0
28-Oct-2025,757.9,Call,690,0,0,33.1791,0,18,0
28-Oct-2025,757.9,Put,600,0,0,33.1791,0,34,0
28-Oct-2025,757.9,Put,620,0,0,33.1791,0,23,0
25-Nov-2025,757.9,Call,720,0,0,33.1791,0,1,0
25-Nov-2025,757.9,Call,640,0,0,33.1791,0,0,0
25-Nov-2025,757.9,Put,820,0,0,33.1791,0,14,0
25-Nov-2025,757.9,Put,840,0,0,33.1791,0,0,0
25-Nov-2025,757.9,Put,860,0,0,33.1791,0,0,0
25-Nov-2025,757.9,Put,880,0,0,33.1791,0,0,0
25-Nov-2025,757.9,Call,750,0,0,33.1791,0,2,0
25-Nov-2025,757.9,Call,680,0,0,33.1791,0,2,0
25-Nov-2025,757.9,Call,710,0,0,33.1791,0,0,0
25-Nov-2025,757.9,Call,730,0,0,33.1791,0,0,0
25-Nov-2025,757.9,Put,790,0,0,33.1791,0,1,0
25-Nov-2025,757.9,Call,840,0,0,33.1791,0,3,0
25-Nov-2025,757.9,Put,640,0,0,33.1791,0,0,0
25-Nov-2025,757.9,Call,740,0,0,33.1791,0,0,0
25-Nov-2025,757.9,Call,660,0,0,33.1791,0,0,0
25-Nov-2025,757.9,Put,810,0,0,33.1791,0,4,0
25-Nov-2025,757.9,Put,740,0,0,33.1791,0,8,0
25-Nov-2025,757.9,Put,830,0,0,33.1791,0,0,0
25-Nov-2025,757.9,Put,780,0,0,33.1791,0,8,0
28-Oct-2025,757.9,Put,640,0,0,33.1791,0,0,0
25-Nov-2025,757.9,Call,830,0,0,33.1791,0,28,0
30-Dec-2025,757.9,Call,880,0,0,33.1791,0,0,0
30-Dec-2025,757.9,Put,640,0,0,33.1791,0,0,0
25-Nov-2025,757.9,Put,770,0,0,33.1791,0,8,0
30-Dec-2025,757.9,Put,780,0,0,33.1791,0,0,0
30-Dec-2025,757.9,Call,800,0,0,33.1791,0,0,0
30-Dec-2025,757.9,Call,760,0,0,33.1791,0,0,0
30-Dec-2025,757.9,Put,740,0,0,33.1791,0,0,0
30-Dec-2025,757.9,Put,760,0,0,33.1791,0,0,0
30-Dec-2025,757.9,Put,680,0,0,33.1791,0,0,0
25-Nov-2025,757.9,Call,700,0,0,33.1791,0,0,0
30-Dec-2025,757.9,Put,700,0,0,33.1791,0,0,0
30-Dec-2025,757.9,Call,740,0,0,0,0,0,0
25-Nov-2025,757.9,Put,900,0,0,33.1791,0,0,0
30-Dec-2025,757.9,Call,780,0,0,33.1791,0,0,0
30-Dec-2025,757.9,Call,860,0,0,33.1791,0,0,0
30-Dec-2025,757.9,Call,840,0,0,33.1791,0,0,0
25-Nov-2025,757.9,Put,720,0,0,33.1791,0,0,0
25-Nov-2025,757.9,Call,690,0,0,33.1791,0,0,0
30-Dec-2025,757.9,Put,800,0,0,33.1791,0,0,0
30-Dec-2025,757.9,Put,820,0,0,33.1791,0,0,0
25-Nov-2025,757.9,Put,850,0,0,33.1791,0,2,0
25-Nov-2025,757.9,Put,690,0,0,33.1791,0,1,0
30-Dec-2025,757.9,Call,820,0,0,33.1791,0,3,0
30-Dec-2025,757.9,Put,720,0,0,33.1791,0,0,0
