28-Oct-2025,761.35,-,0,763.45,0,33.1791,654,47108,6138
28-Oct-2025,761.35,Call,800,3.6,25.05,33.1791,348,2750,4195
28-Oct-2025,761.35,Call,780,7.9,23.96,33.1791,236,2267,3784
28-Oct-2025,761.35,Call,770,11.45,23.53,33.1791,466,1535,3185
28-Oct-2025,761.35,Put,750,8.6,24.73,33.1791,-157,1031,2653
28-Oct-2025,761.35,Call,790,5.35,24.32,33.1791,71,1037,2588
28-Oct-2025,761.35,Put,760,12.65,24.7,33.1791,-15,650,2213
28-Oct-2025,761.35,Call,810,2.5,25.87,33.1791,207,1197,2204
28-Oct-2025,761.35,Call,820,1.8,27.23,33.1791,-132,788,1904
28-Oct-2025,761.35,Put,770,17.9,25.23,33.1791,-101,853,1833
28-Oct-2025,761.35,Call,760,16.1,23.49,33.1791,282,953,1686
28-Oct-2025,761.35,Put,740,5.65,25.06,33.1791,44,484,1539
28-Oct-2025,761.35,Put,780,24.55,24.57,33.1791,-120,911,843
28-Oct-2025,761.35,Put,730,3.55,25.29,33.1791,-35,453,618
25-Nov-2025,761.35,-,0,768.3,0,33.1791,213,950,560
28-Oct-2025,761.35,Call,830,1.25,28.38,33.1791,8,427,552
28-Oct-2025,761.35,Put,720,2.3,26.28,33.1791,-43,973,483
28-Oct-2025,761.35,Call,750,22.1,23.49,33.1791,47,700,420
28-Oct-2025,761.35,Put,700,1.1,28.82,33.1791,11,933,335
28-Oct-2025,761.35,Call,840,1,29.54,33.1791,7,601,333
28-Oct-2025,761.35,Call,740,29.05,24.45,33.1791,61,174,321
28-Oct-2025,761.35,Put,790,31.5,25.92,33.1791,-53,426,298
28-Oct-2025,761.35,Put,710,1.55,27.53,33.1791,25,269,262
25-Nov-2025,761.35,Put,700,4.75,26.42,33.1791,82,180,159
28-Oct-2025,761.35,Put,800,39.3,25.58,33.1791,11,252,146
28-Oct-2025,761.35,Call,850,0.75,30.68,33.1791,-10,311,136
28-Oct-2025,761.35,Put,810,48.1,26.49,33.1791,38,103,113
28-Oct-2025,761.35,Call,860,0.55,31.63,33.1791,-19,642,99
28-Oct-2025,761.35,Put,680,0.5,31.57,33.1791,-10,430,85
25-Nov-2025,761.35,Call,760,31.35,25.34,33.1791,64,69,80
25-Nov-2025,761.35,Call,800,14.6,25.48,33.1791,32,94,67
30-Dec-2025,761.35,-,0,766.75,0,33.1791,31,137,60
28-Oct-2025,761.35,Call,730,37.2,17.5,33.1791,8,138,59
28-Oct-2025,761.35,Put,690,0.65,30.79,33.1791,6,357,50
25-Nov-2025,761.35,Call,850,4.5,25.68,33.1791,23,50,48
25-Nov-2025,761.35,Call,820,8,23.83,33.1791,-10,40,45
25-Nov-2025,761.35,Call,780,21.95,25.53,33.1791,9,43,40
28-Oct-2025,761.35,Call,720,46.2,25.03,33.1791,-8,75,39
25-Nov-2025,761.35,Call,770,26.1,25.19,33.1791,21,29,38
25-Nov-2025,761.35,Put,710,7.25,27.61,33.1791,22,49,33
28-Oct-2025,761.35,Call,880,0.25,32.58,33.1791,-9,482,32
25-Nov-2025,761.35,Put,800,47.4,29.06,33.1791,22,26,31
28-Oct-2025,761.35,Put,650,0.15,35.15,33.1791,-4,139,27
25-Nov-2025,761.35,Put,730,11.1,26.3,33.1791,10,95,27
28-Oct-2025,761.35,Put,820,57.4,27.94,33.1791,3,120,25
28-Oct-2025,761.35,Call,700,64.6,28.94,33.1791,-5,141,23
28-Oct-2025,761.35,Call,710,55.05,0,33.1791,1,31,18
25-Nov-2025,761.35,Call,880,2,25.84,33.1791,-1,34,16
25-Nov-2025,761.35,Put,750,19,27.44,33.1791,7,9,14
25-Nov-2025,761.35,Put,680,3.25,28.58,33.1791,1,64,11
28-Oct-2025,761.35,Put,670,0.45,34.31,33.1791,2,82,10
28-Oct-2025,761.35,Put,850,88.5,42.67,33.1791,4,56,10
28-Oct-2025,761.35,Put,860,100.6,53.09,33.1791,1,9,8
28-Oct-2025,761.35,Put,840,77.05,40.28,33.1791,-3,30,8
25-Nov-2025,761.35,Call,790,15.3,22.79,33.1791,2,6,7
28-Oct-2025,761.35,Call,900,0.25,36.98,33.1791,1,59,5
25-Nov-2025,761.35,Put,760,24.1,28.26,33.1791,1,28,5
25-Nov-2025,761.35,Call,810,12,25.78,33.1791,0,18,4
28-Oct-2025,761.35,Put,900,141,68.34,33.1791,1,2,3
25-Nov-2025,761.35,Call,720,56.5,23.9,33.1791,2,3,3
28-Oct-2025,761.35,Call,660,100,0,33.1791,-1,23,2
25-Nov-2025,761.35,Call,900,2,29.12,33.1791,1,13,2
25-Nov-2025,761.35,Call,860,4.05,26.89,33.1791,0,17,2
25-Nov-2025,761.35,Call,750,35,23.23,33.1791,0,2,1
25-Nov-2025,761.35,Call,840,5.3,24.86,33.1791,0,3,1
25-Nov-2025,761.35,Call,700,68.5,0,33.1791,0,0,1
25-Nov-2025,761.35,Call,680,89,0,33.1791,0,2,1
25-Nov-2025,761.35,Put,660,1.1,26.48,33.1791,0,1,1
28-Oct-2025,761.35,Call,680,0,0,33.1791,0,15,0
28-Oct-2025,761.35,Put,600,0,0,33.1791,0,34,0
28-Oct-2025,761.35,Put,830,0,0,33.1791,0,14,0
28-Oct-2025,761.35,Put,880,0,0,33.1791,0,0,0
28-Oct-2025,761.35,Call,650,0,0,33.1791,0,15,0
28-Oct-2025,761.35,Call,670,0,0,33.1791,0,15,0
28-Oct-2025,761.35,Call,600,0,0,33.1791,0,2,0
28-Oct-2025,761.35,Call,690,0,0,33.1791,0,18,0
28-Oct-2025,761.35,Put,660,0,0,33.1791,0,25,0
28-Oct-2025,761.35,Call,640,0,0,33.1791,0,0,0
28-Oct-2025,761.35,Call,620,0,0,33.1791,0,1,0
28-Oct-2025,761.35,Put,620,0,0,33.1791,0,23,0
28-Oct-2025,761.35,Put,640,0,0,33.1791,0,0,0
25-Nov-2025,761.35,Put,690,0,0,33.1791,0,1,0
25-Nov-2025,761.35,Put,770,0,0,33.1791,0,8,0
25-Nov-2025,761.35,Call,730,0,0,33.1791,0,0,0
25-Nov-2025,761.35,Put,810,0,0,33.1791,0,4,0
25-Nov-2025,761.35,Call,690,0,0,33.1791,0,0,0
25-Nov-2025,761.35,Call,710,0,0,33.1791,0,0,0
25-Nov-2025,761.35,Call,830,0,0,33.1791,0,28,0
25-Nov-2025,761.35,Put,830,0,0,33.1791,0,0,0
25-Nov-2025,761.35,Put,640,0,0,33.1791,0,0,0
25-Nov-2025,761.35,Put,790,0,0,33.1791,0,1,0
25-Nov-2025,761.35,Put,850,0,0,33.1791,0,2,0
25-Nov-2025,761.35,Put,720,0,0,33.1791,0,0,0
25-Nov-2025,761.35,Put,900,0,0,33.1791,0,0,0
25-Nov-2025,761.35,Call,640,0,0,33.1791,0,0,0
25-Nov-2025,761.35,Put,780,0,0,33.1791,0,8,0
25-Nov-2025,761.35,Put,740,0,0,33.1791,0,8,0
25-Nov-2025,761.35,Put,840,0,0,33.1791,0,0,0
25-Nov-2025,761.35,Put,880,0,0,33.1791,0,0,0
25-Nov-2025,761.35,Put,820,0,0,33.1791,0,14,0
25-Nov-2025,761.35,Put,860,0,0,33.1791,0,0,0
25-Nov-2025,761.35,Call,660,0,0,33.1791,0,0,0
30-Dec-2025,761.35,Put,700,0,0,33.1791,0,0,0
30-Dec-2025,761.35,Call,780,0,0,33.1791,0,0,0
30-Dec-2025,761.35,Put,760,0,0,33.1791,0,0,0
30-Dec-2025,761.35,Call,820,0,0,33.1791,0,3,0
25-Nov-2025,761.35,Call,740,0,0,33.1791,0,0,0
30-Dec-2025,761.35,Call,740,0,0,0,0,0,0
30-Dec-2025,761.35,Call,860,0,0,33.1791,0,0,0
30-Dec-2025,761.35,Call,800,0,0,33.1791,0,0,0
30-Dec-2025,761.35,Call,840,0,0,33.1791,0,0,0
30-Dec-2025,761.35,Put,740,0,0,33.1791,0,0,0
30-Dec-2025,761.35,Call,760,0,0,33.1791,0,0,0
30-Dec-2025,761.35,Put,820,0,0,33.1791,0,0,0
30-Dec-2025,761.35,Put,800,0,0,33.1791,0,0,0
30-Dec-2025,761.35,Call,880,0,0,33.1791,0,0,0
30-Dec-2025,761.35,Put,780,0,0,33.1791,0,0,0
30-Dec-2025,761.35,Put,720,0,0,33.1791,0,0,0
30-Dec-2025,761.35,Put,640,0,0,33.1791,0,0,0
30-Dec-2025,761.35,Put,680,0,0,33.1791,0,0,0
