28-Oct-2025,1381.3,-,0,1386.9,0,20.918,-206,154554,2538
28-Oct-2025,1381.3,Call,1400,16.65,20.68,20.918,117,8704,1410
28-Oct-2025,1381.3,Call,1380,26.1,20.96,20.918,-15,3698,1101
28-Oct-2025,1381.3,Call,1390,20.9,20.77,20.918,92,2032,898
28-Oct-2025,1381.3,Put,1380,18.65,20.48,20.918,93,3299,651
28-Oct-2025,1381.3,Call,1420,9.55,20.26,20.918,35,2756,505
28-Oct-2025,1381.3,Put,1390,23.4,20.33,20.918,105,1128,431
28-Oct-2025,1381.3,Put,1370,14.8,20.67,20.918,-4,2625,416
28-Oct-2025,1381.3,Call,1410,12.7,20.65,20.918,36,1282,363
28-Oct-2025,1381.3,Put,1350,8.9,21.4,20.918,6,1873,358
28-Oct-2025,1381.3,Put,1400,29,20.26,20.918,20,3777,334
28-Oct-2025,1381.3,Call,1370,32.05,21.11,20.918,-13,2651,319
28-Oct-2025,1381.3,Put,1360,11.4,21,20.918,5,1912,301
28-Oct-2025,1381.3,Call,1360,38.65,21.31,20.918,2,1545,203
28-Oct-2025,1381.3,Call,1430,7.2,20.48,20.918,16,887,166
28-Oct-2025,1381.3,Call,1440,5.3,20.61,20.918,-2,1249,138
28-Oct-2025,1381.3,Call,1450,3.95,20.82,20.918,23,2813,130
28-Oct-2025,1381.3,Put,1340,6.85,21.8,20.918,32,1046,127
28-Oct-2025,1381.3,Put,1300,2.5,24.2,20.918,6,1416,102
28-Oct-2025,1381.3,Call,1350,45.9,21.84,20.918,-5,1000,95
28-Oct-2025,1381.3,Put,1330,5.3,22.15,20.918,16,736,92
25-Nov-2025,1381.3,-,0,1394.5,0,20.918,6,5513,80
25-Nov-2025,1381.3,Call,1500,4.8,17.62,20.918,-35,264,78
28-Oct-2025,1381.3,Put,1410,35.55,20.05,20.918,16,929,52
28-Oct-2025,1381.3,Call,1460,3,21,20.918,9,615,51
25-Nov-2025,1381.3,Call,1400,30.3,16.96,20.918,-4,331,29
28-Oct-2025,1381.3,Put,1450,65.95,18.39,20.918,3,639,27
28-Oct-2025,1381.3,Put,1320,4.15,23,20.918,-5,1116,27
28-Oct-2025,1381.3,Call,1480,1.7,21.9,20.918,-12,1021,26
28-Oct-2025,1381.3,Call,1500,1.2,23.4,20.918,0,2897,23
28-Oct-2025,1381.3,Put,1280,1.55,25.69,20.918,-1,360,14
28-Oct-2025,1381.3,Call,1300,90,27.19,20.918,-6,1160,13
25-Nov-2025,1381.3,Call,1380,40.8,17.04,20.918,-4,76,11
28-Oct-2025,1381.3,Put,1290,2,24.9,20.918,-1,331,10
28-Oct-2025,1381.3,Put,1420,42.45,19.91,20.918,-1,940,9
28-Oct-2025,1381.3,Call,1490,1.35,22.51,20.918,2,466,8
28-Oct-2025,1381.3,Call,1470,2.25,21.52,20.918,2,305,8
28-Oct-2025,1381.3,Put,1310,3.25,23.51,20.918,4,471,7
28-Oct-2025,1381.3,Call,1340,54.2,23.04,20.918,1,200,6
28-Oct-2025,1381.3,Put,1200,0.4,33.38,20.918,0,226,6
30-Dec-2025,1381.3,-,0,1404,0,20.918,1,1432,5
28-Oct-2025,1381.3,Call,1320,72.2,25.89,20.918,-2,157,5
25-Nov-2025,1381.3,Call,1460,10.6,17.05,20.918,4,59,5
25-Nov-2025,1381.3,Call,1450,13.55,17.54,20.918,3,75,5
28-Oct-2025,1381.3,Put,1270,1.3,26.56,20.918,-2,369,4
28-Oct-2025,1381.3,Put,1260,1.05,27.37,20.918,1,704,3
28-Oct-2025,1381.3,Call,1540,0.6,26.5,20.918,-1,127,3
25-Nov-2025,1381.3,Put,1340,12,17.91,20.918,0,3,2
25-Nov-2025,1381.3,Put,1360,19.15,18.16,20.918,0,41,2
28-Oct-2025,1381.3,Put,1430,47.6,16.62,20.918,0,205,1
28-Oct-2025,1381.3,Put,1470,82.25,0,20.918,0,1,1
28-Oct-2025,1381.3,Call,1520,0.8,24.86,20.918,0,187,1
28-Oct-2025,1381.3,Put,1240,0.65,28.72,20.918,0,236,1
25-Nov-2025,1381.3,Put,1300,5.9,19.22,20.918,0,125,1
25-Nov-2025,1381.3,Put,1400,35.05,0,20.918,0,105,1
25-Nov-2025,1381.3,Put,1380,24.4,17.31,20.918,0,57,1
25-Nov-2025,1381.3,Call,1600,1.1,20.84,20.918,0,31,1
25-Nov-2025,1381.3,Call,1300,101,18.3,20.918,0,10,1
25-Nov-2025,1381.3,Call,1440,15.1,16.83,20.918,0,41,1
25-Nov-2025,1381.3,Call,1390,36.75,17.77,20.918,0,1,1
28-Oct-2025,1381.3,Put,1160,0,0,20.918,0,0,0
28-Oct-2025,1381.3,Put,1140,0,0,20.918,0,21,0
28-Oct-2025,1381.3,Put,1480,0,0,20.918,0,72,0
28-Oct-2025,1381.3,Put,1520,0,0,20.918,0,0,0
28-Oct-2025,1381.3,Call,1280,0,0,20.918,0,19,0
28-Oct-2025,1381.3,Put,1460,0,0,20.918,0,67,0
28-Oct-2025,1381.3,Put,1560,0,0,20.918,0,0,0
28-Oct-2025,1381.3,Put,1180,0,0,20.918,0,2,0
28-Oct-2025,1381.3,Put,1540,0,0,20.918,0,12,0
28-Oct-2025,1381.3,Call,1140,0,0,20.918,0,0,0
28-Oct-2025,1381.3,Put,1220,0,0,20.918,0,487,0
28-Oct-2025,1381.3,Call,1160,0,0,20.918,0,0,0
28-Oct-2025,1381.3,Call,1600,0,0,20.918,0,250,0
28-Oct-2025,1381.3,Call,1310,0,0,20.918,0,39,0
28-Oct-2025,1381.3,Call,1330,0,0,20.918,0,173,0
28-Oct-2025,1381.3,Call,1580,0,0,20.918,0,0,0
28-Oct-2025,1381.3,Call,1290,0,0,20.918,0,2,0
28-Oct-2025,1381.3,Put,1490,0,0,20.918,0,2,0
28-Oct-2025,1381.3,Put,1230,0,0,20.918,0,2,0
28-Oct-2025,1381.3,Call,1560,0,0,20.918,0,0,0
28-Oct-2025,1381.3,Call,1640,0,0,20.918,0,29,0
28-Oct-2025,1381.3,Put,1500,0,0,20.918,0,158,0
28-Oct-2025,1381.3,Put,1580,0,0,20.918,0,0,0
28-Oct-2025,1381.3,Call,1180,0,0,20.918,0,0,0
28-Oct-2025,1381.3,Call,1200,0,0,20.918,0,0,0
28-Oct-2025,1381.3,Call,1220,0,0,20.918,0,0,0
28-Oct-2025,1381.3,Call,1240,0,0,20.918,0,28,0
28-Oct-2025,1381.3,Call,1260,0,0,20.918,0,34,0
28-Oct-2025,1381.3,Call,1270,0,0,20.918,0,0,0
28-Oct-2025,1381.3,Put,1440,0,0,20.918,0,221,0
28-Oct-2025,1381.3,Call,1250,0,0,20.918,0,4,0
28-Oct-2025,1381.3,Put,1250,0,0,20.918,0,439,0
28-Oct-2025,1381.3,Put,1600,0,0,20.918,0,2,0
28-Oct-2025,1381.3,Call,1530,0,0,20.918,0,190,0
28-Oct-2025,1381.3,Call,1510,0,0,20.918,0,38,0
25-Nov-2025,1381.3,Put,1470,0,0,20.918,0,0,0
25-Nov-2025,1381.3,Call,1270,0,0,20.918,0,0,0
25-Nov-2025,1381.3,Call,1290,0,0,20.918,0,0,0
25-Nov-2025,1381.3,Call,1310,0,0,20.918,0,0,0
25-Nov-2025,1381.3,Call,1330,0,0,20.918,0,0,0
25-Nov-2025,1381.3,Put,1350,0,0,20.918,0,42,0
25-Nov-2025,1381.3,Put,1390,0,0,20.918,0,1,0
25-Nov-2025,1381.3,Put,1260,0,0,20.918,0,0,0
25-Nov-2025,1381.3,Call,1350,0,0,20.918,0,8,0
25-Nov-2025,1381.3,Call,1490,0,0,20.918,0,1,0
25-Nov-2025,1381.3,Put,1580,0,0,20.918,0,0,0
25-Nov-2025,1381.3,Call,1160,0,0,20.918,0,0,0
25-Nov-2025,1381.3,Put,1140,0,0,20.918,0,0,0
25-Nov-2025,1381.3,Call,1140,0,0,20.918,0,0,0
25-Nov-2025,1381.3,Put,1460,0,0,20.918,0,0,0
25-Nov-2025,1381.3,Put,1200,0,0,20.918,0,3,0
25-Nov-2025,1381.3,Put,1280,0,0,20.918,0,0,0
25-Nov-2025,1381.3,Call,1360,0,0,20.918,0,50,0
25-Nov-2025,1381.3,Put,1410,0,0,20.918,0,0,0
25-Nov-2025,1381.3,Put,1290,0,0,20.918,0,0,0
25-Nov-2025,1381.3,Put,1520,0,0,20.918,0,0,0
25-Nov-2025,1381.3,Put,1310,0,0,20.918,0,0,0
25-Nov-2025,1381.3,Put,1250,0,0,20.918,0,0,0
25-Nov-2025,1381.3,Call,1470,0,0,20.918,0,0,0
25-Nov-2025,1381.3,Call,1340,0,0,20.918,0,0,0
25-Nov-2025,1381.3,Put,1430,0,0,20.918,0,0,0
25-Nov-2025,1381.3,Put,1560,0,0,20.918,0,0,0
25-Nov-2025,1381.3,Put,1220,0,0,20.918,0,0,0
25-Nov-2025,1381.3,Call,1430,0,0,20.918,0,0,0
25-Nov-2025,1381.3,Put,1330,0,0,20.918,0,2,0
25-Nov-2025,1381.3,Put,1320,0,0,20.918,0,44,0
25-Nov-2025,1381.3,Call,1580,0,0,20.918,0,0,0
25-Nov-2025,1381.3,Call,1420,0,0,20.918,0,0,0
30-Dec-2025,1381.3,Call,1600,0,0,20.918,0,0,0
25-Nov-2025,1381.3,Put,1370,0,0,20.918,0,15,0
25-Nov-2025,1381.3,Put,1240,0,0,20.918,0,0,0
25-Nov-2025,1381.3,Call,1520,0,0,20.918,0,38,0
25-Nov-2025,1381.3,Call,1250,0,0,20.918,0,1,0
25-Nov-2025,1381.3,Call,1200,0,0,20.918,0,0,0
30-Dec-2025,1381.3,Call,1480,0,0,20.918,0,0,0
30-Dec-2025,1381.3,Call,1560,0,0,20.918,0,0,0
30-Dec-2025,1381.3,Put,1380,0,0,20.918,0,0,0
25-Nov-2025,1381.3,Put,1500,0,0,20.918,0,2,0
30-Dec-2025,1381.3,Put,1420,0,0,20.918,0,0,0
25-Nov-2025,1381.3,Call,1560,0,0,20.918,0,0,0
30-Dec-2025,1381.3,Put,1240,0,0,20.918,0,0,0
25-Nov-2025,1381.3,Put,1270,0,0,20.918,0,0,0
25-Nov-2025,1381.3,Call,1180,0,0,20.918,0,0,0
25-Nov-2025,1381.3,Put,1490,0,0,20.918,0,0,0
30-Dec-2025,1381.3,Put,1320,0,0,20.918,0,2,0
25-Nov-2025,1381.3,Call,1540,0,0,20.918,0,4,0
25-Nov-2025,1381.3,Put,1480,0,0,20.918,0,0,0
30-Dec-2025,1381.3,Call,1400,0,0,20.918,0,0,0
30-Dec-2025,1381.3,Put,1280,0,0,20.918,0,0,0
25-Nov-2025,1381.3,Put,1440,0,0,20.918,0,7,0
25-Nov-2025,1381.3,Call,1320,0,0,20.918,0,0,0
25-Nov-2025,1381.3,Put,1160,0,0,20.918,0,0,0
30-Dec-2025,1381.3,Call,1380,0,0,20.918,0,0,0
25-Nov-2025,1381.3,Put,1420,0,0,20.918,0,1,0
25-Nov-2025,1381.3,Call,1240,0,0,20.918,0,0,0
25-Nov-2025,1381.3,Call,1370,0,0,20.918,0,74,0
25-Nov-2025,1381.3,Call,1220,0,0,20.918,0,0,0
30-Dec-2025,1381.3,Put,1260,0,0,20.918,0,0,0
30-Dec-2025,1381.3,Put,1200,0,0,20.918,0,0,0
25-Nov-2025,1381.3,Put,1180,0,0,20.918,0,0,0
30-Dec-2025,1381.3,Put,1360,0,0,20.918,0,0,0
25-Nov-2025,1381.3,Put,1450,0,0,20.918,0,0,0
25-Nov-2025,1381.3,Put,1540,0,0,20.918,0,0,0
25-Nov-2025,1381.3,Call,1480,0,0,20.918,0,0,0
25-Nov-2025,1381.3,Call,1260,0,0,20.918,0,0,0
30-Dec-2025,1381.3,Call,1500,0,0,20.918,0,0,0
25-Nov-2025,1381.3,Call,1280,0,0,20.918,0,0,0
30-Dec-2025,1381.3,Call,1440,0,0,20.918,0,0,0
25-Nov-2025,1381.3,Put,1600,0,0,20.918,0,0,0
30-Dec-2025,1381.3,Put,1400,0,0,20.918,0,0,0
30-Dec-2025,1381.3,Put,1440,0,0,20.918,0,0,0
30-Dec-2025,1381.3,Call,1520,0,0,20.918,0,6,0
30-Dec-2025,1381.3,Put,1300,0,0,20.918,0,0,0
30-Dec-2025,1381.3,Call,1420,0,0,20.918,0,0,0
30-Dec-2025,1381.3,Call,1460,0,0,20.918,0,0,0
25-Nov-2025,1381.3,Call,1410,0,0,20.918,0,37,0
30-Dec-2025,1381.3,Put,1340,0,0,20.918,0,0,0
