28-Oct-2025,2159.5,Call,2200,21.25,20.87,27.6023,-37,2498,659
28-Oct-2025,2159.5,Call,2160,39.65,21.22,27.6023,25,2106,610
28-Oct-2025,2159.5,-,0,2167.4,0,27.6023,117,80432,542
28-Oct-2025,2159.5,Call,2180,29.7,20.97,27.6023,43,926,453
28-Oct-2025,2159.5,Put,2100,12.45,22.09,27.6023,24,3804,394
28-Oct-2025,2159.5,Put,2160,32.05,20.96,27.6023,96,1039,350
28-Oct-2025,2159.5,Put,2120,17.35,21.61,27.6023,65,1632,252
28-Oct-2025,2159.5,Put,2140,23.95,21.16,27.6023,31,2089,250
28-Oct-2025,2159.5,Call,2140,51.45,21.41,27.6023,-15,1816,245
28-Oct-2025,2159.5,Put,2000,3.05,26.84,27.6023,-29,1864,188
28-Oct-2025,2159.5,Put,2060,6.65,23.42,27.6023,34,1784,188
28-Oct-2025,2159.5,Call,2220,15.45,20.76,27.6023,41,599,178
28-Oct-2025,2159.5,Call,2240,10.75,20.99,27.6023,2,618,157
28-Oct-2025,2159.5,Put,2080,9.1,22.77,27.6023,2,1026,155
28-Oct-2025,2159.5,Call,2300,3.5,21.85,27.6023,28,1498,138
28-Oct-2025,2159.5,Put,2020,3.8,25.41,27.6023,-24,957,114
28-Oct-2025,2159.5,Call,2100,78.5,22.21,27.6023,-6,2674,109
28-Oct-2025,2159.5,Put,2040,5,24.43,27.6023,-1,1351,108
28-Oct-2025,2159.5,Put,2180,43,20.52,27.6023,38,309,94
28-Oct-2025,2159.5,Call,2260,7.25,21.39,27.6023,13,592,83
28-Oct-2025,2159.5,Call,2120,63.6,22.35,27.6023,4,1165,58
28-Oct-2025,2159.5,Put,1980,2.3,27.79,27.6023,1,1075,44
25-Nov-2025,2159.5,-,0,2177.6,0,27.6023,1,1656,33
28-Oct-2025,2159.5,Call,2320,2.3,22.02,27.6023,0,1268,23
28-Oct-2025,2159.5,Call,2280,5.05,21.46,27.6023,6,637,22
25-Nov-2025,2159.5,Put,2000,8.15,21.29,27.6023,-5,225,16
28-Oct-2025,2159.5,Put,1900,1.3,34.28,27.6023,3,1896,13
28-Oct-2025,2159.5,Put,2200,54,20.44,27.6023,0,833,13
28-Oct-2025,2159.5,Call,2340,1.8,23.01,27.6023,0,386,12
28-Oct-2025,2159.5,Put,1920,1.3,31.95,27.6023,0,497,12
28-Oct-2025,2159.5,Put,1940,1.85,31.51,27.6023,1,565,10
28-Oct-2025,2159.5,Call,2360,1.25,23.43,27.6023,0,338,10
28-Oct-2025,2159.5,Call,2400,1,26.2,27.6023,1,159,9
28-Oct-2025,2159.5,Put,1800,0.6,41.31,27.6023,0,187,9
28-Oct-2025,2159.5,Call,2080,97.1,24.36,27.6023,0,726,7
30-Dec-2025,2159.5,-,0,2191.4,0,27.6023,1,1860,4
28-Oct-2025,2159.5,Put,2220,65.55,18.75,27.6023,1,70,4
28-Oct-2025,2159.5,Call,2000,170,33.62,27.6023,0,866,4
25-Nov-2025,2159.5,Call,2200,47,18.75,27.6023,0,121,4
25-Nov-2025,2159.5,Put,2100,23.25,19.13,27.6023,1,249,4
28-Oct-2025,2159.5,Put,2240,87.3,23.63,27.6023,0,81,2
28-Oct-2025,2159.5,Call,2060,114.15,25.04,27.6023,-1,619,2
25-Nov-2025,2159.5,Call,2240,30.95,18.43,27.6023,0,58,2
28-Oct-2025,2159.5,Put,2280,120.5,24.01,27.6023,0,43,1
28-Oct-2025,2159.5,Put,1960,2.45,30.69,27.6023,0,517,1
28-Oct-2025,2159.5,Put,1840,0,0,27.6023,0,90,0
28-Oct-2025,2159.5,Put,1720,0,0,27.6023,0,25,0
28-Oct-2025,2159.5,Put,2400,0,0,27.6023,0,0,0
28-Oct-2025,2159.5,Put,1860,0,0,27.6023,0,221,0
28-Oct-2025,2159.5,Call,1840,0,0,27.6023,0,6,0
28-Oct-2025,2159.5,Call,1880,0,0,27.6023,0,15,0
28-Oct-2025,2159.5,Call,2040,0,0,27.6023,0,526,0
28-Oct-2025,2159.5,Put,2260,0,0,27.6023,0,20,0
28-Oct-2025,2159.5,Put,1820,0,0,27.6023,0,71,0
28-Oct-2025,2159.5,Put,1780,0,0,27.6023,0,39,0
28-Oct-2025,2159.5,Put,2300,0,0,27.6023,0,14,0
28-Oct-2025,2159.5,Put,2360,0,0,27.6023,0,0,0
28-Oct-2025,2159.5,Put,2340,0,0,27.6023,0,0,0
28-Oct-2025,2159.5,Put,2320,0,0,27.6023,0,1,0
28-Oct-2025,2159.5,Call,1800,0,0,27.6023,0,3,0
28-Oct-2025,2159.5,Call,1980,0,0,27.6023,0,149,0
28-Oct-2025,2159.5,Call,1900,0,0,27.6023,0,261,0
28-Oct-2025,2159.5,Call,1920,0,0,27.6023,0,40,0
28-Oct-2025,2159.5,Call,1860,0,0,27.6023,0,0,0
28-Oct-2025,2159.5,Put,1880,0,0,27.6023,0,148,0
28-Oct-2025,2159.5,Call,2020,0,0,27.6023,0,686,0
28-Oct-2025,2159.5,Call,2440,0,0,27.6023,0,0,0
28-Oct-2025,2159.5,Put,2440,0,0,27.6023,0,0,0
28-Oct-2025,2159.5,Call,1960,0,0,27.6023,0,193,0
28-Oct-2025,2159.5,Call,1940,0,0,27.6023,0,79,0
25-Nov-2025,2159.5,Put,2220,0,0,27.6023,0,0,0
25-Nov-2025,2159.5,Put,2260,0,0,27.6023,0,0,0
25-Nov-2025,2159.5,Put,2440,0,0,27.6023,0,0,0
25-Nov-2025,2159.5,Call,1880,0,0,27.6023,0,1,0
25-Nov-2025,2159.5,Call,1920,0,0,27.6023,0,0,0
25-Nov-2025,2159.5,Put,2120,0,0,27.6023,0,0,0
25-Nov-2025,2159.5,Put,2160,0,0,27.6023,0,0,0
25-Nov-2025,2159.5,Put,2200,0,0,27.6023,0,15,0
25-Nov-2025,2159.5,Put,2240,0,0,27.6023,0,0,0
25-Nov-2025,2159.5,Put,2280,0,0,27.6023,0,0,0
25-Nov-2025,2159.5,Call,2360,0,0,27.6023,0,13,0
25-Nov-2025,2159.5,Put,2040,0,0,27.6023,0,0,0
25-Nov-2025,2159.5,Call,2160,0,0,27.6023,0,1,0
25-Nov-2025,2159.5,Call,2280,0,0,27.6023,0,45,0
25-Nov-2025,2159.5,Call,2260,0,0,27.6023,0,0,0
25-Nov-2025,2159.5,Put,2320,0,0,27.6023,0,0,0
25-Nov-2025,2159.5,Put,2400,0,0,27.6023,0,0,0
25-Nov-2025,2159.5,Call,1960,0,0,27.6023,0,0,0
25-Nov-2025,2159.5,Put,1900,0,0,27.6023,0,2,0
25-Nov-2025,2159.5,Call,2180,0,0,27.6023,0,3,0
25-Nov-2025,2159.5,Call,2320,0,0,27.6023,0,0,0
25-Nov-2025,2159.5,Put,2360,0,0,27.6023,0,0,0
25-Nov-2025,2159.5,Call,2120,0,0,27.6023,0,5,0
25-Nov-2025,2159.5,Call,2300,0,0,27.6023,0,0,0
25-Nov-2025,2159.5,Put,1940,0,0,27.6023,0,0,0
25-Nov-2025,2159.5,Put,1980,0,0,27.6023,0,0,0
25-Nov-2025,2159.5,Call,2440,0,0,27.6023,0,2,0
25-Nov-2025,2159.5,Put,1840,0,0,27.6023,0,13,0
25-Nov-2025,2159.5,Call,2400,0,0,27.6023,0,6,0
25-Nov-2025,2159.5,Call,2020,0,0,27.6023,0,0,0
25-Nov-2025,2159.5,Call,2060,0,0,27.6023,0,0,0
25-Nov-2025,2159.5,Call,2140,0,0,27.6023,0,38,0
25-Nov-2025,2159.5,Call,2040,0,0,27.6023,0,3,0
25-Nov-2025,2159.5,Put,2340,0,0,27.6023,0,0,0
25-Nov-2025,2159.5,Call,2080,0,0,27.6023,0,1,0
25-Nov-2025,2159.5,Put,1860,0,0,27.6023,0,0,0
25-Nov-2025,2159.5,Put,2080,0,0,27.6023,0,7,0
25-Nov-2025,2159.5,Call,1900,0,0,27.6023,0,2,0
25-Nov-2025,2159.5,Put,2020,0,0,27.6023,0,0,0
25-Nov-2025,2159.5,Put,2180,0,0,27.6023,0,0,0
25-Nov-2025,2159.5,Call,2000,0,0,27.6023,0,4,0
25-Nov-2025,2159.5,Call,2220,0,0,27.6023,0,0,0
30-Dec-2025,2159.5,Put,1760,0,0,27.6023,0,0,0
30-Dec-2025,2159.5,Call,2360,0,0,0,0,0,0
30-Dec-2025,2159.5,Call,2160,0,0,27.6023,0,0,0
30-Dec-2025,2159.5,Put,2160,0,0,27.6023,0,0,0
30-Dec-2025,2159.5,Put,2240,0,0,27.6023,0,0,0
30-Dec-2025,2159.5,Call,2200,0,0,27.6023,0,1,0
30-Dec-2025,2159.5,Call,2280,0,0,27.6023,0,0,0
30-Dec-2025,2159.5,Put,2040,0,0,27.6023,0,0,0
25-Nov-2025,2159.5,Call,2100,0,0,27.6023,0,22,0
25-Nov-2025,2159.5,Call,2340,0,0,27.6023,0,0,0
30-Dec-2025,2159.5,Call,2240,0,0,27.6023,0,0,0
25-Nov-2025,2159.5,Put,2140,0,0,27.6023,0,7,0
25-Nov-2025,2159.5,Put,1880,0,0,27.6023,0,3,0
25-Nov-2025,2159.5,Call,1940,0,0,27.6023,0,0,0
25-Nov-2025,2159.5,Put,1920,0,0,27.6023,0,0,0
25-Nov-2025,2159.5,Call,1980,0,0,27.6023,0,0,0
25-Nov-2025,2159.5,Put,1800,0,0,27.6023,0,0,0
25-Nov-2025,2159.5,Put,1960,0,0,27.6023,0,2,0
30-Dec-2025,2159.5,Put,1840,0,0,27.6023,0,0,0
25-Nov-2025,2159.5,Put,2060,0,0,27.6023,0,0,0
25-Nov-2025,2159.5,Put,2300,0,0,27.6023,0,0,0
30-Dec-2025,2159.5,Call,2320,0,0,27.6023,0,0,0
30-Dec-2025,2159.5,Call,2120,0,0,27.6023,0,0,0
30-Dec-2025,2159.5,Put,1880,0,0,27.6023,0,0,0
30-Dec-2025,2159.5,Put,2200,0,0,27.6023,0,0,0
30-Dec-2025,2159.5,Put,2120,0,0,27.6023,0,0,0
30-Dec-2025,2159.5,Put,2080,0,0,27.6023,0,0,0
