28-Oct-2025,3438.4,Call,3500,45.75,24.57,34.3748,430,5438,4025
28-Oct-2025,3438.4,-,0,3447.2,0,34.3748,506,99095,3122
28-Oct-2025,3438.4,Call,3450,66.75,24.42,34.3748,159,2570,2526
28-Oct-2025,3438.4,Call,3600,20.55,26,34.3748,129,6372,2390
28-Oct-2025,3438.4,Put,3400,45.5,25.6,34.3748,0,2646,2025
28-Oct-2025,3438.4,Call,3550,30.65,25.35,34.3748,43,1688,1557
28-Oct-2025,3438.4,Put,3450,68.6,25.33,34.3748,45,1526,1437
28-Oct-2025,3438.4,Call,3400,93.5,24.09,34.3748,-33,1612,1272
28-Oct-2025,3438.4,Put,3500,97.1,26.28,34.3748,-75,2055,1049
28-Oct-2025,3438.4,Call,3650,13.55,26.59,34.3748,80,1500,930
28-Oct-2025,3438.4,Call,3700,8.7,27.31,34.3748,31,3137,801
28-Oct-2025,3438.4,Put,3300,18.2,26.2,34.3748,-2,1615,783
28-Oct-2025,3438.4,Put,3350,29.5,25.66,34.3748,26,621,771
28-Oct-2025,3438.4,Call,3800,4.75,30.16,34.3748,0,2001,527
28-Oct-2025,3438.4,Call,3750,6.25,28.77,34.3748,74,1646,475
25-Nov-2025,3438.4,-,0,3463.8,0,34.3748,114,1831,438
28-Oct-2025,3438.4,Put,3200,7.05,28.1,34.3748,20,966,363
28-Oct-2025,3438.4,Call,4000,1.8,36.15,34.3748,148,2591,246
28-Oct-2025,3438.4,Put,3250,11.4,27.09,34.3748,-17,491,221
28-Oct-2025,3438.4,Put,3000,1.4,34.23,34.3748,-1,618,174
28-Oct-2025,3438.4,Call,3900,2.6,32.75,34.3748,-11,1137,162
25-Nov-2025,3438.4,Call,3500,107.15,25.08,34.3748,27,210,139
28-Oct-2025,3438.4,Call,3850,3.45,31.26,34.3748,7,477,131
28-Oct-2025,3438.4,Call,4100,1.15,38.72,34.3748,6,241,128
25-Nov-2025,3438.4,Put,3400,90,27.25,34.3748,11,141,99
28-Oct-2025,3438.4,Call,3300,167.6,22.85,34.3748,-3,241,76
28-Oct-2025,3438.4,Put,3550,131.6,27.93,34.3748,-13,526,72
28-Oct-2025,3438.4,Put,3600,174.25,29.37,34.3748,-5,1280,71
28-Oct-2025,3438.4,Call,3350,128.35,23.96,34.3748,15,244,71
28-Oct-2025,3438.4,Put,3100,2.8,30.7,34.3748,-2,474,51
25-Nov-2025,3438.4,Put,3500,136.3,26.97,34.3748,26,68,49
25-Nov-2025,3438.4,Call,3600,70,25.42,34.3748,11,125,37
30-Dec-2025,3438.4,-,0,3487,0,34.3748,6,750,32
28-Oct-2025,3438.4,Call,3950,1.8,33.53,34.3748,0,495,23
28-Oct-2025,3438.4,Call,4200,0.9,42.02,34.3748,5,379,22
28-Oct-2025,3438.4,Put,3150,4.4,29.32,34.3748,-4,280,19
25-Nov-2025,3438.4,Call,4000,11.1,28.07,34.3748,2,85,19
25-Nov-2025,3438.4,Call,3400,159.15,25.5,34.3748,9,26,18
28-Oct-2025,3438.4,Put,3050,1.95,32.37,34.3748,1,214,17
28-Oct-2025,3438.4,Put,3650,217.4,31,34.3748,1,211,13
28-Oct-2025,3438.4,Call,3200,263.8,32.5,34.3748,-1,94,11
28-Oct-2025,3438.4,Put,2800,0.4,41.57,34.3748,-10,93,11
28-Oct-2025,3438.4,Put,3750,310.2,35.37,34.3748,-2,74,10
25-Nov-2025,3438.4,Call,3800,28.65,26.53,34.3748,0,191,10
25-Nov-2025,3438.4,Put,3300,53,26.84,34.3748,1,185,9
25-Nov-2025,3438.4,Put,3200,30,27.15,34.3748,7,443,8
28-Oct-2025,3438.4,Call,3250,210,24.55,34.3748,2,27,6
28-Oct-2025,3438.4,Put,2950,0.65,34.05,34.3748,0,133,6
25-Nov-2025,3438.4,Put,3100,16.5,27.88,34.3748,1,119,4
25-Nov-2025,3438.4,Call,3650,57.5,26.02,34.3748,0,34,4
28-Oct-2025,3438.4,Put,2900,0.6,36.95,34.3748,-2,138,3
25-Nov-2025,3438.4,Call,3200,305,26.74,34.3748,0,0,2
30-Dec-2025,3438.4,Put,3500,165,27.24,34.3748,0,0,1
30-Dec-2025,3438.4,Put,3400,115,26.53,34.3748,0,4,1
28-Oct-2025,3438.4,Call,3000,0,0,34.3748,0,160,0
28-Oct-2025,3438.4,Put,3700,0,0,34.3748,0,268,0
28-Oct-2025,3438.4,Put,2700,0,0,34.3748,0,12,0
28-Oct-2025,3438.4,Call,3150,0,0,34.3748,0,0,0
28-Oct-2025,3438.4,Call,3100,0,0,34.3748,0,19,0
28-Oct-2025,3438.4,Put,3850,0,0,34.3748,0,0,0
28-Oct-2025,3438.4,Call,2700,0,0,34.3748,0,11,0
28-Oct-2025,3438.4,Call,3050,0,0,34.3748,0,6,0
28-Oct-2025,3438.4,Call,2950,0,0,34.3748,0,5,0
28-Oct-2025,3438.4,Call,2800,0,0,34.3748,0,42,0
28-Oct-2025,3438.4,Put,3800,0,0,34.3748,0,139,0
25-Nov-2025,3438.4,Put,2800,0,0,34.3748,0,9,0
28-Oct-2025,3438.4,Put,4000,0,0,34.3748,0,64,0
25-Nov-2025,3438.4,Call,3850,0,0,34.3748,0,0,0
28-Oct-2025,3438.4,Call,2900,0,0,34.3748,0,7,0
25-Nov-2025,3438.4,Put,3750,0,0,34.3748,0,2,0
25-Nov-2025,3438.4,Call,3150,0,0,34.3748,0,0,0
25-Nov-2025,3438.4,Call,3550,0,0,34.3748,0,6,0
25-Nov-2025,3438.4,Put,3550,0,0,34.3748,0,0,0
25-Nov-2025,3438.4,Call,4200,0,0,34.3748,0,9,0
28-Oct-2025,3438.4,Put,3900,0,0,34.3748,0,12,0
25-Nov-2025,3438.4,Put,3650,0,0,34.3748,0,0,0
25-Nov-2025,3438.4,Call,3300,0,0,34.3748,0,2,0
25-Nov-2025,3438.4,Call,2800,0,0,34.3748,0,8,0
25-Nov-2025,3438.4,Call,2900,0,0,34.3748,0,0,0
25-Nov-2025,3438.4,Put,2900,0,0,34.3748,0,0,0
25-Nov-2025,3438.4,Put,3000,0,0,34.3748,0,0,0
25-Nov-2025,3438.4,Put,3450,0,0,34.3748,0,4,0
25-Nov-2025,3438.4,Put,4200,0,0,34.3748,0,0,0
25-Nov-2025,3438.4,Call,3000,0,0,34.3748,0,0,0
25-Nov-2025,3438.4,Put,3350,0,0,34.3748,0,0,0
25-Nov-2025,3438.4,Call,3450,0,0,34.3748,0,1,0
25-Nov-2025,3438.4,Call,3700,0,0,34.3748,0,0,0
25-Nov-2025,3438.4,Put,3850,0,0,34.3748,0,0,0
25-Nov-2025,3438.4,Put,3700,0,0,34.3748,0,0,0
30-Dec-2025,3438.4,Put,2800,0,0,34.3748,0,0,0
25-Nov-2025,3438.4,Put,4000,0,0,34.3748,0,0,0
25-Nov-2025,3438.4,Call,3750,0,0,34.3748,0,0,0
25-Nov-2025,3438.4,Put,3900,0,0,34.3748,0,2,0
25-Nov-2025,3438.4,Put,3150,0,0,34.3748,0,0,0
25-Nov-2025,3438.4,Call,3350,0,0,34.3748,0,8,0
30-Dec-2025,3438.4,Call,3500,0,0,34.3748,0,3,0
25-Nov-2025,3438.4,Call,3900,0,0,34.3748,0,0,0
25-Nov-2025,3438.4,Call,3100,0,0,34.3748,0,4,0
30-Dec-2025,3438.4,Call,3700,0,0,34.3748,0,3,0
30-Dec-2025,3438.4,Call,3800,0,0,34.3748,0,0,0
30-Dec-2025,3438.4,Put,3600,0,0,34.3748,0,0,0
30-Dec-2025,3438.4,Put,3200,0,0,34.3748,0,0,0
25-Nov-2025,3438.4,Put,3800,0,0,34.3748,0,0,0
30-Dec-2025,3438.4,Put,3700,0,0,34.3748,0,0,0
30-Dec-2025,3438.4,Put,3300,0,0,34.3748,0,0,0
30-Dec-2025,3438.4,Call,3600,0,0,34.3748,0,3,0
25-Nov-2025,3438.4,Put,3600,0,0,34.3748,0,0,0
25-Nov-2025,3438.4,Put,3250,0,0,34.3748,0,0,0
30-Dec-2025,3438.4,Call,4000,0,0,34.3748,0,0,0
30-Dec-2025,3438.4,Call,3300,0,0,34.3748,0,8,0
25-Nov-2025,3438.4,Call,3250,0,0,34.3748,0,0,0
30-Dec-2025,3438.4,Call,3400,0,0,34.3748,0,0,0
