14-Oct-2025,25105.65,Put,25100,14.5,4.65,15.0957,341652,496413,22665333
14-Oct-2025,25105.65,Call,25200,2.6,4.65,15.0957,398652,540120,17382404
14-Oct-2025,25105.65,Put,25050,4.1,4.94,15.0957,216699,289030,16734242
14-Oct-2025,25105.65,Put,25000,1.4,5.69,15.0957,134854,312808,15441273
14-Oct-2025,25105.65,Call,25150,9.85,4.15,15.0957,469861,496975,14471922
14-Oct-2025,25105.65,Put,25150,41.95,4.82,15.0957,40014,173756,14430376
14-Oct-2025,25105.65,Call,25300,0.7,6.94,15.0957,168992,373644,13803059
14-Oct-2025,25105.65,Put,25200,84.75,5.7,15.0957,-102520,110597,13025611
14-Oct-2025,25120.25,Call,25250,1.05,5.65,15.0957,160033,280515,12893710
14-Oct-2025,25105.65,Call,25100,32.35,4.03,15.0957,290922,320028,11344763
14-Oct-2025,25105.65,Put,24950,0.85,6.75,15.0957,44066,109266,8829870
14-Oct-2025,25105.65,Call,25350,0.45,8.23,15.0957,14405,145507,7622725
14-Oct-2025,25105.65,Put,24900,0.6,7.9,15.0957,37395,137367,6663626
14-Oct-2025,25105.65,Put,25250,134.05,7.36,15.0957,-32118,39921,6632850
14-Oct-2025,25105.65,Call,25400,0.4,9.71,15.0957,-104,185239,6153028
14-Oct-2025,25105.65,Put,25300,183.6,8.97,15.0957,-12496,41833,5228840
14-Oct-2025,25105.65,Put,24850,0.5,9.03,15.0957,23109,80148,3888447
14-Oct-2025,25105.65,Put,24800,0.45,10.36,15.0957,47891,133782,3463129
14-Oct-2025,25105.65,Call,25450,0.45,10.9,15.0957,28505,107923,3294151
14-Oct-2025,25105.65,Call,25500,0.35,12.14,15.0957,-13213,184745,3172317
14-Oct-2025,25105.65,Call,25050,71.45,4.07,15.0957,58330,67600,3033649
14-Oct-2025,25120.25,Call,25600,0.4,14.43,15.0957,16440,151165,2270137
14-Oct-2025,25105.65,Call,25700,0.3,16.74,15.0957,40742,149065,2250632
14-Oct-2025,25105.65,Call,25550,0.4,13.11,15.0957,6132,95873,1996773
14-Oct-2025,25105.65,Call,25800,0.3,19.24,15.0957,31608,158534,1981891
14-Oct-2025,25105.65,Call,25000,119.55,0,15.0957,24509,52714,1753014
14-Oct-2025,25105.65,Call,26000,0.2,23.21,15.0957,-26576,150165,1670250
14-Oct-2025,25105.65,Call,25650,0.35,15.73,15.0957,12573,75333,1521420
14-Oct-2025,25105.65,Put,24700,0.35,12.82,15.0957,27968,130350,1502317
14-Oct-2025,25105.65,Put,24750,0.35,11.62,15.0957,15997,63887,1449877
14-Oct-2025,25105.65,Put,25350,232.8,10.84,15.0957,-12239,12103,1307689
14-Oct-2025,25105.65,Put,24500,0.25,17.96,15.0957,-14408,137470,1277848
14-Oct-2025,25105.65,Call,25750,0.3,17.99,15.0957,10200,49374,1170731
14-Oct-2025,25105.65,Put,24600,0.35,15.56,15.0957,33857,109857,1107408
14-Oct-2025,25105.65,Call,25900,0.25,21.31,15.0957,15475,68113,1039287
14-Oct-2025,25105.65,Call,25850,0.25,20.48,15.0957,6761,33344,831597
14-Oct-2025,25105.65,Put,24650,0.4,14.2,15.0957,5787,57599,794203
14-Oct-2025,25105.65,Call,26100,0.25,26.06,15.0957,26539,71755,779813
14-Oct-2025,25105.65,Put,25400,282.2,12.65,15.0957,-6031,9721,764354
14-Oct-2025,25105.65,Put,24400,0.3,20.59,15.0957,-17151,54273,712398
14-Oct-2025,25105.65,Call,25950,0.25,22.51,15.0957,4473,30087,613629
14-Oct-2025,25105.65,Call,26500,0.2,33.7,15.0957,-14185,57833,571200
20-Oct-2025,25120.25,Call,25300,74.95,10.69,15.0957,53942,90800,556072
14-Oct-2025,25105.65,Put,24550,0.3,16.63,15.0957,12930,34637,536408
14-Oct-2025,25105.65,Call,26200,0.2,28.4,15.0957,6254,54804,517204
14-Oct-2025,25105.65,Put,24000,0.2,29.82,15.0957,-41315,62831,511838
14-Oct-2025,25105.65,Put,24200,0.15,24.82,15.0957,-6768,59570,500240
14-Oct-2025,25105.65,Call,26050,0.2,24.89,15.0957,6100,26525,478806
20-Oct-2025,25105.65,Call,25200,113.75,10.69,15.0957,54934,84230,471791
20-Oct-2025,25105.65,Put,25200,166,11.12,15.0957,14838,49253,450646
14-Oct-2025,25105.65,Put,24300,0.25,22.31,15.0957,-8354,81454,434743
20-Oct-2025,25105.65,Call,25500,28.7,10.78,15.0957,29843,83069,412881
14-Oct-2025,25105.65,Call,26400,0.2,31.53,15.0957,34142,60586,384438
14-Oct-2025,25105.65,Call,26300,0.25,30.7,15.0957,2359,44102,381293
14-Oct-2025,25105.65,Put,24450,0.3,19.28,15.0957,-1476,21066,372230
20-Oct-2025,25105.65,Put,25100,118,11.25,15.0957,21549,37795,366033
20-Oct-2025,25105.65,Put,25000,82.15,11.47,15.0957,9713,43551,357694
20-Oct-2025,25105.65,Call,25400,47.3,10.71,15.0957,30665,57814,312887
14-Oct-2025,25105.65,Call,26150,0.2,26.68,15.0957,8579,19786,312469
20-Oct-2025,25105.65,Put,25300,227.05,11.09,15.0957,10041,36735,292838
14-Oct-2025,25105.65,Call,27000,0.1,44.3,15.0957,-10143,30239,265888
20-Oct-2025,25105.65,Call,25250,93.2,10.71,15.0957,24601,35795,263221
20-Oct-2025,25105.65,Put,24800,38.05,12.17,15.0957,9526,32793,259920
14-Oct-2025,25105.65,Put,24350,0.25,21.5,15.0957,-389,18595,258353
14-Oct-2025,25105.65,Call,26250,0.2,28.95,15.0957,4532,21037,241321
20-Oct-2025,25105.65,Call,25100,166.55,10.88,15.0957,22234,30849,224549
14-Oct-2025,25105.65,Put,24100,0.2,27.33,15.0957,-13098,21433,223187
20-Oct-2025,25105.65,Put,25150,139.95,11.15,15.0957,11768,20063,219849
20-Oct-2025,25105.65,Call,26000,3.3,12.85,15.0957,40709,82783,217832
14-Oct-2025,25105.65,Call,24950,167.5,0,15.0957,4641,6086,214363
20-Oct-2025,25105.65,Call,26500,1.75,17.22,15.0957,59553,87916,192376
20-Oct-2025,25105.65,Put,24900,55.75,11.72,15.0957,12754,28377,188146
14-Oct-2025,25105.65,Call,26350,0.2,31.21,15.0957,-754,9895,187698
20-Oct-2025,25105.65,Call,25600,16.95,10.93,15.0957,11878,36547,185267
20-Oct-2025,25105.65,Call,25350,59.95,10.7,15.0957,17693,25780,176500
14-Oct-2025,25120.25,Put,24250,0.25,23.57,15.0957,992,18633,174895
20-Oct-2025,25105.65,Put,25250,196.6,11.11,15.0957,-734,11018,167971
20-Oct-2025,25105.65,Put,24500,12.8,13.76,15.0957,4731,35012,165148
14-Oct-2025,25105.65,Put,24050,0.25,28.58,15.0957,2275,9361,163815
14-Oct-2025,25105.65,Put,22850,0.15,55.29,15.0957,-13859,55904,163619
14-Oct-2025,25120.25,Put,25500,382.5,15.81,15.0957,-2874,5934,162617
14-Oct-2025,25120.25,Call,24900,217.8,0,15.0957,2544,7305,159279
20-Oct-2025,25105.65,Call,25150,138.95,10.81,15.0957,19694,23232,156541
20-Oct-2025,25105.65,Call,27000,1.15,21.53,15.0957,26035,39056,152314
14-Oct-2025,25105.65,Put,23500,0.2,41.23,15.0957,-30004,19493,146109
20-Oct-2025,25105.65,Call,25800,6.45,11.63,15.0957,13527,38770,140533
20-Oct-2025,25105.65,Put,24000,4.35,17.96,15.0957,17363,55255,137719
14-Oct-2025,25105.65,Put,25450,333.6,15.12,15.0957,34,3014,136927
28-Oct-2025,25105.65,Call,25500,77.45,9.62,15.0957,13527,76865,133889
20-Oct-2025,25105.65,Put,25050,98.95,11.35,15.0957,4014,11288,132428
20-Oct-2025,25105.65,Call,25450,36.9,10.74,15.0957,12365,20291,129713
20-Oct-2025,25105.65,Put,24700,26.1,12.64,15.0957,13143,28565,128378
28-Oct-2025,25105.65,Put,25000,136.3,11.56,15.0957,717,70952,128086
14-Oct-2025,25105.65,Call,26450,0.2,32.62,15.0957,1334,7839,120592
20-Oct-2025,25105.65,Call,25550,22.1,10.85,15.0957,8199,16252,120225
14-Oct-2025,25105.65,Call,27150,0.05,43.66,15.0957,-1747,20238,119963
14-Oct-2025,25105.65,Put,24150,0.2,26.08,15.0957,-1265,15767,118209
20-Oct-2025,25105.65,Call,26200,1.95,14.11,15.0957,23985,36419,112454
14-Oct-2025,25105.65,Call,26600,0.15,36.75,15.0957,-1231,17145,108912
20-Oct-2025,25105.65,Put,24950,68,11.56,15.0957,3778,10769,104021
14-Oct-2025,25105.65,Call,27100,0.1,44.92,15.0957,979,7293,102853
20-Oct-2025,25105.65,Call,25650,13.05,11.05,15.0957,7246,16669,100916
28-Oct-2025,25105.65,Call,25200,193,9.71,15.0957,10302,46300,100570
20-Oct-2025,25105.65,Put,24400,9.45,14.41,15.0957,11644,25296,100334
14-Oct-2025,25105.65,Put,23000,0.2,54.65,15.0957,-17084,31083,98799
20-Oct-2025,25120.25,Put,24600,18,13.15,15.0957,6963,19896,97549
20-Oct-2025,25105.65,Put,24300,7,15.14,15.0957,9351,24232,97544
20-Oct-2025,25105.65,Put,24850,46.25,11.93,15.0957,4674,9974,95989
20-Oct-2025,25105.65,Call,26100,2.5,13.5,15.0957,13824,36438,93434
28-Oct-2025,25105.65,Put,25200,215.75,11.24,15.0957,8167,41604,89417
20-Oct-2025,25105.65,Put,24750,31.5,12.35,15.0957,5924,12009,89386
14-Oct-2025,25105.65,Put,23800,0.15,33.94,15.0957,-14022,14847,89369
28-Oct-2025,25105.65,Call,25300,145.5,9.62,15.0957,9581,39011,87688
14-Oct-2025,25105.65,Call,26550,0.2,35.65,15.0957,1384,8253,86751
20-Oct-2025,25105.65,Call,25000,229.6,11.09,15.0957,7649,18520,86203
14-Oct-2025,25105.65,Call,26700,0.15,38,15.0957,-1127,5539,81811
14-Oct-2025,25105.65,Put,23900,0.2,31.51,15.0957,-7925,10688,81789
28-Oct-2025,25105.65,Call,25600,53.45,9.57,15.0957,-12394,21405,80306
20-Oct-2025,25105.65,Put,24200,5.6,15.92,15.0957,9555,22391,74126
28-Oct-2025,25105.65,-,0,25175.2,0,15.0957,16185,246148,71893
28-Oct-2025,25105.65,Call,26000,13.85,10.34,15.0957,-1495,73645,71861
14-Oct-2025,25105.65,Put,22900,0.2,55.83,15.0957,-12402,37933,68176
14-Oct-2025,25105.65,Call,26900,0.1,42.22,15.0957,1452,4384,68134
28-Oct-2025,25105.65,Call,25400,106.55,9.55,15.0957,5845,29930,67193
20-Oct-2025,25105.65,Call,26300,1.7,15.08,15.0957,14312,28848,66998
14-Oct-2025,25105.65,Call,26800,0.1,41.09,15.0957,2144,5509,65413
14-Oct-2025,25105.65,Put,23700,0.2,36.37,15.0957,-7301,7753,64648
28-Oct-2025,25105.65,Put,24800,83.6,12,15.0957,4221,47064,61564
14-Oct-2025,25105.65,Call,26650,0.15,36.93,15.0957,-657,2649,61178
28-Oct-2025,25105.65,Put,25300,267.05,11.19,15.0957,7089,27104,60870
14-Oct-2025,25105.65,Call,26750,0.15,39.06,15.0957,-26,1693,59492
28-Oct-2025,25105.65,Call,25700,36.8,9.61,15.0957,396,25276,56999
20-Oct-2025,25105.65,Put,25400,299,11.14,15.0957,1686,9508,55877
28-Oct-2025,25105.65,Call,25800,25.25,9.72,15.0957,1631,30416,50954
28-Oct-2025,25105.65,Put,24900,107,11.77,15.0957,-2893,22463,50824
28-Oct-2025,25105.65,Put,24500,41,12.99,15.0957,409,44320,50733
28-Oct-2025,25120.25,Put,25100,171,11.37,15.0957,2975,24475,49709
20-Oct-2025,25105.65,Put,23500,2.4,22.69,15.0957,3945,14295,48425
28-Oct-2025,25105.65,Put,24000,15.9,15.42,15.0957,-146,46736,47844
14-Oct-2025,25105.65,Put,23950,0.15,31.07,15.0957,-1750,4021,42938
20-Oct-2025,25105.65,Put,24100,4.75,16.89,15.0957,1276,9736,42749
20-Oct-2025,25105.65,Put,25350,263.8,11.19,15.0957,138,2622,41267
28-Oct-2025,25105.65,Call,25000,313.45,9.89,15.0957,4269,47870,40812
14-Oct-2025,25120.25,Call,27050,0.1,45.34,15.0957,-240,2308,40351
20-Oct-2025,25105.65,Call,25950,3.65,12.44,15.0957,4162,9832,39559
14-Oct-2025,25105.65,Put,23100,0.25,52.16,15.0957,-1493,12255,38117
20-Oct-2025,25105.65,Put,23800,3.2,19.83,15.0957,6420,12704,37973
28-Oct-2025,25105.65,Call,25900,17.75,9.9,15.0957,2578,16118,37607
28-Oct-2025,25105.65,Call,25100,248.8,9.78,15.0957,3654,22919,36875
14-Oct-2025,25105.65,Put,23200,0.25,49.68,15.0957,-3387,12768,36144
14-Oct-2025,25105.65,Call,26850,0.15,41.17,15.0957,-405,1655,35710
20-Oct-2025,25105.65,Put,23900,3.7,18.94,15.0957,3295,8145,35531
20-Oct-2025,25105.65,Put,24450,11,14.05,15.0957,520,4318,35025
20-Oct-2025,25105.65,Put,24550,15.1,13.41,15.0957,4705,7931,33626
14-Oct-2025,25105.65,Call,26950,0.15,43.26,15.0957,-29,1464,32608
28-Oct-2025,25105.65,Put,24700,65.65,12.28,15.0957,-755,28636,32293
20-Oct-2025,25105.65,Put,24350,8.1,14.77,15.0957,432,3958,32199
14-Oct-2025,25105.65,Call,24800,318.15,0,15.0957,539,3401,32070
20-Oct-2025,25105.65,Call,25050,197.05,11.01,15.0957,3059,3878,31448
28-Oct-2025,25105.65,Put,24600,52.1,12.62,15.0957,822,25345,30236
20-Oct-2025,25105.65,Put,25500,380,11.43,15.0957,1049,8933,30184
20-Oct-2025,25105.65,Call,26700,1.55,19.08,15.0957,9309,10112,29758
20-Oct-2025,25105.65,Put,23700,2.85,20.71,15.0957,2663,8794,28745
14-Oct-2025,25105.65,Put,23600,0.15,40.55,15.0957,-1086,5058,28737
14-Oct-2025,25105.65,Put,23650,0.25,39.29,15.0957,-1808,2656,26647
14-Oct-2025,25105.65,Put,23850,0.25,34.24,15.0957,-1957,2897,25915
28-Oct-2025,25105.65,Call,26500,4.25,12.3,15.0957,-75,32690,25359
14-Oct-2025,25105.65,Put,23300,0.2,47.2,15.0957,-3264,3178,24525
28-Oct-2025,25105.65,Put,25500,399.25,11.45,15.0957,634,29225,23273
14-Oct-2025,25105.65,Call,24850,266.35,0,15.0957,220,1081,22451
20-Oct-2025,25105.65,Call,26600,1.65,18.23,15.0957,5824,6391,22386
20-Oct-2025,25105.65,Put,24250,6.3,15.53,15.0957,2561,4592,21909
20-Oct-2025,25105.65,Put,22850,1.55,29.45,15.0957,6641,12206,21541
14-Oct-2025,25105.65,Put,23050,0.2,53.41,15.0957,-658,1484,20667
14-Oct-2025,25105.65,Put,23400,0.2,44.72,15.0957,-1614,3292,20218
20-Oct-2025,25105.65,Put,23600,2.6,21.72,15.0957,2685,4280,19242
14-Oct-2025,25105.65,Put,23750,0.25,36.04,15.0957,-997,2984,19075
28-Oct-2025,25105.65,Put,25400,328.2,11.21,15.0957,600,13640,18887
28-Oct-2025,25105.65,Call,25250,168.6,9.63,15.0957,2124,7452,18801
14-Oct-2025,25105.65,Put,23550,0.25,41,15.0957,678,2836,18623
25-Nov-2025,25105.65,Call,26000,105.65,9.29,15.0957,2068,24317,17858
14-Oct-2025,25105.65,Put,23350,0.2,45.96,15.0957,233,1788,16858
14-Oct-2025,25105.65,Put,25550,442.7,19.25,15.0957,-364,976,16733
28-Oct-2025,25105.65,Call,26200,7.75,10.95,15.0957,-480,11336,15486
20-Oct-2025,25105.65,Call,24900,302.8,11.28,15.0957,2400,5650,15484
28-Oct-2025,25105.65,Put,25150,192,11.27,15.0957,811,4925,15239
20-Oct-2025,25105.65,Call,26800,1.55,20.27,15.0957,6645,7025,15167
28-Oct-2025,25105.65,Put,24200,21.95,14.27,15.0957,325,11103,15072
14-Oct-2025,25105.65,Put,23250,0.25,48.44,15.0957,447,2354,14887
14-Oct-2025,25105.65,Put,25600,487.25,15.71,15.0957,-30,1434,14363
28-Oct-2025,25105.65,Put,24400,32.4,13.34,15.0957,1520,13096,13963
25-Nov-2025,25105.65,Call,26500,36.2,9.52,15.0957,505,12732,13683
28-Oct-2025,25105.65,Put,23000,4.5,21.11,15.0957,808,32191,13366
28-Oct-2025,25105.65,Call,27000,2.1,14.66,15.0957,275,20762,13255
28-Oct-2025,25105.65,Call,26300,6.1,11.37,15.0957,39,10736,13174
20-Oct-2025,25120.25,Call,26350,1.75,15.58,15.0957,3605,5227,13073
28-Oct-2025,25105.65,Call,25350,124.95,9.57,15.0957,1040,4344,12781
20-Oct-2025,25105.65,Put,24150,5.15,16.43,15.0957,1421,2408,12679
28-Oct-2025,25105.65,Call,26100,10.05,10.6,15.0957,640,9222,12588
28-Oct-2025,25105.65,Put,24300,26.4,13.75,15.0957,770,16019,12569
30-Dec-2025,25105.65,Call,27000,62.75,9.41,15.0957,372.333333333,34258.6666667,12137
14-Oct-2025,25120.25,Call,24700,413,0,15.0957,259,2079,12018
14-Oct-2025,25105.65,Put,23150,0.2,51.9,15.0957,909,3483,11788
25-Nov-2025,25105.65,Put,24000,65.5,13.96,15.0957,-40,18770,11764
28-Oct-2025,25105.65,Call,25150,218.4,9.72,15.0957,2144,4775,11583
28-Oct-2025,25105.65,Call,25550,64.3,9.55,15.0957,781,4327,11437
28-Oct-2025,25120.25,Put,25250,241.9,11.15,15.0957,589,5292,11378
28-Oct-2025,25105.65,Put,23800,11.15,16.35,15.0957,1524,9696,10971
28-Oct-2025,25105.65,Put,23500,7.6,18.11,15.0957,1094,24453,10792
14-Oct-2025,25105.65,Put,22950,0.2,55.89,15.0957,-1088,1548,10654
20-Oct-2025,25105.65,Put,24050,4.5,17.4,15.0957,1450,2104,10526
25-Nov-2025,25105.65,Put,25000,242,12.19,15.0957,835,22057,10471
25-Nov-2025,25105.65,Put,24500,120.25,12.78,15.0957,1020,19976,9900
30-Dec-2025,25105.65,Call,26000,269,9.1,15.0957,561.333333333,55792,9444
25-Nov-2025,25105.65,Call,25500,272.55,9.4,15.0957,753,16798,9166
28-Oct-2025,25105.65,Call,25650,44.6,9.59,15.0957,-368,3729,9160
20-Oct-2025,25105.65,Put,23950,3.95,18.45,15.0957,1260,1862,8940
28-Oct-2025,25105.65,Call,25750,30.8,9.73,15.0957,149,4432,8864
28-Oct-2025,25105.65,Call,25450,90.2,9.57,15.0957,288,4165,8683
20-Oct-2025,25105.65,Put,23400,2.25,23.88,15.0957,1073,2280,8517
28-Oct-2025,25105.65,Put,25050,153.05,11.41,15.0957,615,3449,8335
20-Oct-2025,25105.65,Put,25450,338.1,11.22,15.0957,-31,853,8263
28-Oct-2025,25105.65,Put,24950,120.15,11.65,15.0957,449,2686,7942
30-Dec-2025,25105.65,Put,24000,120.3,13.87,15.0957,660,48950.6666667,7866
30-Dec-2025,25105.65,Put,25000,314.85,12.71,15.0957,408,40927,7670
28-Oct-2025,25105.65,Put,24850,95,11.88,15.0957,219,2681,7562
25-Nov-2025,25105.65,Call,27000,15.9,10.47,15.0957,377,6312,7473
14-Oct-2025,25105.65,Put,23450,0.25,43.48,15.0957,-344,1159,7193
28-Oct-2025,25105.65,Call,26400,4.95,11.79,15.0957,-209,6999,7167
25-Nov-2025,25105.65,Call,25300,370.95,9.41,15.0957,858,4789,6931
28-Oct-2025,25105.65,Put,23900,13.3,15.87,15.0957,-351,4716,6850
28-Oct-2025,25105.65,Call,25850,21.4,9.84,15.0957,652,3581,6792
25-Nov-2025,25105.65,Call,25700,188.45,9.26,15.0957,2488,4931,6791
30-Dec-2025,25105.65,Call,25500,485.8,9.02,15.0957,2220,5862,6589
28-Oct-2025,25105.65,Call,25950,15.6,10.13,15.0957,199,3720,6446
28-Oct-2025,25105.65,Put,24100,18.45,14.82,15.0957,-121,4141,6050
28-Oct-2025,25105.65,Put,25350,296.45,11.16,15.0957,325,1775,6034
28-Oct-2025,25105.65,Put,23700,9.95,16.92,15.0957,147,3580,5982
25-Nov-2025,25105.65,-,0,25301,0,15.0957,1491,19207,5906
20-Oct-2025,25120.25,Call,24800,385.5,11.6,15.0957,306,2709,5851
25-Nov-2025,25105.65,Put,23500,35.7,15.21,15.0957,608,9543,5769
30-Dec-2025,25105.65,Call,26500,128.3,9.04,15.0957,414,9413,5760
14-Oct-2025,25105.65,Call,24500,613.95,0,15.0957,-643,1432,5736
28-Oct-2025,25105.65,Put,24750,75.05,12.18,15.0957,323,4250,5710
25-Nov-2025,25105.65,Call,25000,551.4,9.42,15.0957,1543,11696,5556
20-Oct-2025,25105.65,Call,27150,1.15,23.01,15.0957,1163,2122,5412
25-Nov-2025,25105.65,Put,23000,21.8,16.72,15.0957,1300,10032,5296
25-Nov-2025,25105.65,Call,26200,68.25,9.29,15.0957,150,6784,4904
25-Nov-2025,25105.65,Put,25300,357.35,12,15.0957,896,3904,4786
14-Oct-2025,25105.65,Put,25700,589.85,25.28,15.0957,-622,1073,4738
20-Oct-2025,25105.65,Call,26450,1.7,16.61,15.0957,667,1332,4713
25-Nov-2025,25105.65,Put,25200,312.6,12.01,15.0957,246,5550,4650
20-Oct-2025,25105.65,Put,25600,467.2,11.88,15.0957,23,2380,4573
28-Oct-2025,25105.65,Call,24700,536.1,10.02,15.0957,-245,16164,4562
20-Oct-2025,25105.65,Call,24500,657,12.51,15.0957,205,1828,4519
30-Dec-2025,25105.65,Put,23000,52.3,15.91,15.0957,-177.333333333,33632.3333333,4467
28-Oct-2025,25105.65,Call,24800,460.7,10.03,15.0957,134,19814,4448
30-Dec-2025,25105.65,Put,25500,498.3,12.43,15.0957,1528,4996,4416
20-Oct-2025,25105.65,Call,24950,265.55,11.18,15.0957,376,926,4357
25-Nov-2025,25105.65,Call,26300,54.3,9.28,15.0957,153,4111,4269
25-Nov-2025,25105.65,Put,25500,457.5,11.81,15.0957,297,9783,4245
14-Oct-2025,25120.25,Call,24750,363.6,0,15.0957,-206,452,4211
28-Oct-2025,25105.65,Put,24650,60.05,12.35,15.0957,-49,1915,4170
28-Oct-2025,25105.65,Call,24900,383.3,10,15.0957,233,12184,4063
25-Nov-2025,25105.65,Put,24600,138.1,12.56,15.0957,2,4780,4058
30-Dec-2025,25105.65,Put,26000,781.7,12.61,15.0957,-218.333333333,45745,3934
28-Oct-2025,25105.65,Put,26000,833.95,13.78,15.0957,502,17479,3907
28-Oct-2025,25105.65,Call,26050,11.65,10.43,15.0957,-265,2089,3896
20-Oct-2025,25105.65,Put,23850,3.45,19.3,15.0957,375,883,3830
25-Nov-2025,25120.25,Call,26100,84.05,9.25,15.0957,410,3172,3812
28-Oct-2025,25105.65,Put,25800,639.2,11.68,15.0957,933,3797,3801
30-Dec-2025,25105.65,Put,24500,189.15,13.07,15.0957,12,10640,3759
28-Oct-2025,25105.65,Put,24550,46.25,12.76,15.0957,14,2019,3650
28-Oct-2025,25105.65,Put,23200,5.55,19.81,15.0957,590,5133,3621
04-Nov-2025,25105.65,Call,26000,33.4,10.01,15.0957,318,1686,3558
30-Dec-2025,25105.65,Put,22000,32.3,18.99,15.0957,-377,22602.3333333,3557
28-Oct-2025,25105.65,Put,25600,476,11.56,15.0957,201,3606,3525
28-Oct-2025,25105.65,Call,26600,3.4,12.7,15.0957,-210,1751,3461
30-Dec-2025,25105.65,Call,25000,792,8.86,15.0957,223,26205,3460
25-Nov-2025,25105.65,Put,24800,184.35,12.3,15.0957,316,6957,3448
31-Mar-2026,25105.65,Put,25000,429.85,13.77,15.0957,947,11640,3355
20-Oct-2025,25105.65,Put,25700,568.05,11.82,15.0957,819,2001,3319
28-Oct-2025,25105.65,Put,23600,8.8,17.54,15.0957,-92,2362,3207
25-Nov-2025,25105.65,Call,25200,427.15,9.4,15.0957,209,3978,3149
20-Oct-2025,25105.65,Put,22900,1.6,28.85,15.0957,181,1157,3096
25-Nov-2025,25105.65,Put,25100,279.5,12.06,15.0957,278,2001,3055
28-Oct-2025,25105.65,Put,24450,37.25,13.14,15.0957,336,1891,3050
20-Oct-2025,25105.65,Put,23750,3.05,20.26,15.0957,472,896,2940
14-Oct-2025,25105.65,Put,25650,546.3,24.45,15.0957,-37,443,2859
20-Oct-2025,25105.65,Call,27100,1.15,22.41,15.0957,568,1437,2803
28-Oct-2025,25105.65,Call,25050,280.2,9.85,15.0957,197,1471,2779
25-Nov-2025,25105.65,Put,24900,209.95,12.24,15.0957,98,2052,2681
25-Nov-2025,25105.65,Put,24300,91,13.06,15.0957,382,5914,2612
25-Nov-2025,25105.65,Put,24400,104.7,12.93,15.0957,-32,5492,2577
28-Oct-2025,25105.65,Call,26150,8.9,10.78,15.0957,232,1083,2562
25-Nov-2025,25105.65,Call,25800,158.8,9.32,15.0957,149,4633,2502
30-Dec-2025,25105.65,Put,23500,75.4,14.69,15.0957,-204,4093,2460
25-Nov-2025,25105.65,Put,24700,160.3,12.47,15.0957,59,4020,2456
25-Nov-2025,25120.25,Call,26600,29.4,9.64,15.0957,-34,1248,2430
30-Dec-2025,25105.65,Put,23900,105.2,13.89,15.0957,1472,4022,2423
25-Nov-2025,25105.65,Call,25400,320.55,9.39,15.0957,372,3267,2401
25-Nov-2025,25105.65,Call,26700,23.9,9.75,15.0957,856,2019,2398
20-Oct-2025,25105.65,Put,23650,2.85,21.35,15.0957,445,860,2391
25-Nov-2025,25105.65,Call,25600,224.45,9.36,15.0957,390,2236,2276
30-Dec-2025,25105.65,Put,21000,25.15,22.69,15.0957,276.666666667,19206,2258
25-Nov-2025,25105.65,Put,24200,81.15,13.33,15.0957,422,5630,2245
28-Oct-2025,25105.65,Put,22600,3.95,24,15.0957,-186,24634,2200
04-Nov-2025,25120.25,Put,25200,245.3,11.32,15.0957,101,484,2193
20-Oct-2025,25105.65,Put,25550,434,10.51,15.0957,-11,505,2180
28-Oct-2025,25105.65,Put,23300,6.25,19.32,15.0957,-129,2617,2176
14-Oct-2025,25120.25,Put,26000,880,0,15.0957,-961,635,2160
04-Nov-2025,25105.65,Put,25000,169.2,11.59,15.0957,267,1533,2054
20-Oct-2025,25120.25,Call,26900,1.45,20.9,15.0957,254,476,2018
20-Oct-2025,25105.65,Call,26550,1.65,17.63,15.0957,166,623,1993
04-Nov-2025,25105.65,Put,24500,64.55,12.79,15.0957,24,1043,1920
28-Oct-2025,25105.65,Put,24350,29.5,13.55,15.0957,103,2003,1918
30-Dec-2025,25105.65,-,0,25475,0,15.0957,548,4859,1917
31-Mar-2026,25105.65,Put,24000,222,14.42,15.0957,78,13213,1895
30-Dec-2025,25105.65,Call,28000,21.45,10.96,15.0957,-102,20691.3333333,1821
31-Mar-2026,25105.65,Call,26000,712.4,8.29,15.0957,184,9726,1810
28-Oct-2025,25105.65,Call,26800,2.8,13.74,15.0957,-212,5395,1788
28-Oct-2025,25105.65,Put,22800,3.95,22.33,15.0957,-80,4231,1775
04-Nov-2025,25105.65,Call,25500,132,9.74,15.0957,99,773,1774
28-Oct-2025,25105.65,Put,25450,367.35,11.25,15.0957,370,1558,1739
28-Oct-2025,25105.65,Put,24050,17.3,15.06,15.0957,99,1463,1737
28-Oct-2025,25105.65,Put,26200,1057.3,18.37,15.0957,-1105,1687,1732
20-Oct-2025,25105.65,Call,26650,1.6,18.69,15.0957,688,976,1696
04-Nov-2025,25105.65,Call,25300,209.9,9.75,15.0957,255,815,1689
25-Nov-2025,25105.65,Call,26800,19.9,9.87,15.0957,398,3110,1677
25-Nov-2025,25105.65,Put,23800,51.35,14.42,15.0957,151,4722,1647
28-Oct-2025,25105.65,Call,24850,418,10.28,15.0957,-93,666,1646
25-Nov-2025,25105.65,Put,25400,403.65,11.76,15.0957,231,2398,1616
30-Dec-2025,25120.25,Put,24200,142.15,13.42,15.0957,507,2598,1599
25-Nov-2025,25105.65,Put,23900,57.2,14.17,15.0957,378,3922,1597
04-Nov-2025,25105.65,Put,25600,476.4,11.16,15.0957,48,88,1571
04-Nov-2025,25105.65,Call,25000,391.8,10.27,15.0957,1040,1324,1554
31-Mar-2026,25120.25,Call,25000,1296.3,6.46,15.0957,882,5309,1517
04-Nov-2025,25105.65,Call,25900,44,9.86,15.0957,22,988,1513
25-Nov-2025,25105.65,Call,25900,128.6,9.26,15.0957,152,1949,1449
04-Nov-2025,25105.65,Call,26500,11.65,11.43,15.0957,282,624,1435
25-Nov-2025,25105.65,Call,24900,623,9.42,15.0957,372,897,1431
25-Nov-2025,25105.65,Put,25600,510.05,11.85,15.0957,262,717,1402
28-Oct-2025,25105.65,Put,24150,20.05,14.54,15.0957,386,1411,1401
20-Oct-2025,25105.65,Call,24850,343.05,11.32,15.0957,336,713,1372
04-Nov-2025,25105.65,Call,25700,75.5,9.64,15.0957,19,526,1342
20-Oct-2025,25105.65,Put,23100,1.85,26.9,15.0957,27,360,1337
20-Oct-2025,25105.65,Call,26750,1.45,19.52,15.0957,175,446,1281
31-Mar-2026,25105.65,Put,23000,119,15.49,15.0957,267,7797,1251
20-Oct-2025,25105.65,Put,23550,2.35,22.07,15.0957,62,258,1245
28-Oct-2025,25105.65,Put,24250,24.25,14,15.0957,119,1492,1224
14-Oct-2025,25120.25,Call,24600,513.1,24.1,15.0957,-227,588,1220
31-Mar-2026,25105.65,Call,27000,313,8.63,15.0957,113,15611,1177
20-Oct-2025,25105.65,Call,24700,468.95,11.45,15.0957,111,1867,1175
04-Nov-2025,25105.65,Put,24800,109.35,11.71,15.0957,114,717,1174
20-Oct-2025,25105.65,Call,24000,1141.3,17.45,15.0957,529,1039,1171
14-Oct-2025,25105.65,Call,24000,1103.1,39.12,15.0957,-445,683,1161
30-Dec-2025,25105.65,Call,25600,432.85,9.01,15.0957,233,659,1114
28-Oct-2025,25120.25,Call,26700,3.05,13.25,15.0957,-22,846,1106
31-Mar-2026,25105.65,Put,26000,797,13.79,15.0957,25,8468,1027
04-Nov-2025,25105.65,Put,25300,292.7,10.8,15.0957,87,432,1014
28-Oct-2025,25105.65,Put,25700,561.95,10.85,15.0957,94,3041,1008
25-Nov-2025,25105.65,Call,25100,487,9.4,15.0957,201,1167,999
04-Nov-2025,25105.65,Put,24900,143.5,11.71,15.0957,57,388,981
04-Nov-2025,25105.65,Put,24000,26.85,14.46,15.0957,124,1037,965
04-Nov-2025,25105.65,Call,25200,261.35,9.94,15.0957,258,655,959
14-Oct-2025,25105.65,Put,25800,695,0,15.0957,-147,324,942
28-Oct-2025,25105.65,Call,26350,5.4,11.62,15.0957,-286,418,940
28-Oct-2025,25105.65,Call,24950,345,9.82,15.0957,-50,966,936
04-Nov-2025,25105.65,Call,25600,99.4,9.67,15.0957,139,473,916
04-Nov-2025,25105.65,Call,24900,450,9.78,15.0957,204,255,900
14-Oct-2025,25105.65,Call,24650,464.45,0,15.0957,-160,252,885
30-Dec-2025,25105.65,Put,24100,128.8,13.52,15.0957,423,1631,880
20-Oct-2025,25105.65,Call,26950,1.35,21.22,15.0957,242,335,878
28-Oct-2025,25105.65,Call,24000,1185,0,15.0957,-19,7667,871
28-Oct-2025,25105.65,Call,26250,7,11.19,15.0957,-72,1309,869
28-Oct-2025,25105.65,Call,26900,2.4,14.24,15.0957,-289,407,853
25-Nov-2025,25105.65,Put,26000,785,12.33,15.0957,110,4531,853
25-Nov-2025,25120.25,Put,24100,71.05,13.56,15.0957,58,3067,850
30-Dec-2025,25105.65,Put,20000,16.8,25.59,15.0957,76,11908.6666667,839
14-Oct-2025,25105.65,Put,25750,629.35,0,15.0957,-7,194,820
04-Nov-2025,25105.65,Put,25100,205.65,11.47,15.0957,65,386,819
31-Mar-2026,25105.65,Call,28000,129.2,9.13,15.0957,92,6631,814
04-Nov-2025,25105.65,Put,24700,92.75,12.12,15.0957,126,447,810
30-Dec-2025,25105.65,Put,25200,375.45,12.42,15.0957,5,1281,810
20-Oct-2025,25105.65,Put,23050,1.7,27.24,15.0957,-32,194,805
04-Nov-2025,25105.65,Call,25800,57,9.71,15.0957,259,329,774
20-Oct-2025,25105.65,Put,25650,523,9.75,15.0957,36,156,772
11-Nov-2025,25105.65,Put,25000,198.05,11.6,15.0957,79,356,767
04-Nov-2025,25105.65,Call,25400,167.35,9.86,15.0957,100,407,725
28-Oct-2025,25105.65,Call,23000,2177.1,0,15.0957,-517,13530,715
20-Oct-2025,25105.65,Put,23350,2.1,24.22,15.0957,130,205,714
28-Oct-2025,25105.65,Call,24600,627.5,10.85,15.0957,52,6096,699
30-Dec-2025,25105.65,Call,25300,599,9.11,15.0957,114,837,688
28-Oct-2025,25105.65,Put,23850,11.4,15.86,15.0957,71,632,684
25-Nov-2025,25105.65,Put,23700,47.6,14.53,15.0957,-57,1841,678
28-Oct-2025,25105.65,Call,27100,2,15.3,15.0957,331,899,673
31-Mar-2026,25105.65,Call,29000,55.05,9.87,15.0957,-78,2066,653
31-Mar-2026,25105.65,Put,22000,73,17.09,15.0957,56,5669,642
30-Dec-2025,25105.65,Put,24800,257.75,12.79,15.0957,43,852,633
30-Dec-2025,25105.65,Put,23800,95.15,14.03,15.0957,207,4072,616
28-Oct-2025,25105.65,Put,23400,7.1,18.76,15.0957,-54,4325,609
30-Dec-2025,25105.65,Call,26200,199.9,9.04,15.0957,125,1404,608
20-Oct-2025,25105.65,Put,23150,1.85,26.29,15.0957,9,203,595
28-Oct-2025,25105.65,Put,25550,428.2,10.84,15.0957,103,543,583
30-Dec-2025,25105.65,Call,26100,233.3,9.14,15.0957,65,1039,580
28-Oct-2025,25105.65,Call,26450,4.8,12.13,15.0957,69,354,578
20-Oct-2025,25105.65,Put,25800,658.45,12.47,15.0957,81,255,573
04-Nov-2025,25105.65,Call,25250,235.25,9.72,15.0957,102,191,573
04-Nov-2025,25105.65,Call,26200,19.55,10.38,15.0957,113,522,565
04-Nov-2025,25105.65,Call,25100,318,9.83,15.0957,185,307,562
30-Dec-2025,25105.65,Call,25400,537.95,9.16,15.0957,-36,489,537
28-Oct-2025,25105.65,Call,27150,1.6,15.23,15.0957,313,1744,532
04-Nov-2025,25105.65,Put,24600,77.6,12.53,15.0957,84,876,526
14-Oct-2025,25105.65,Call,24550,558.25,29.92,15.0957,-110,133,508
30-Dec-2025,25120.25,Put,24300,154.7,13.26,15.0957,168,1345,506
28-Oct-2025,25105.65,Put,23550,8.1,17.75,15.0957,-97,276,486
30-Dec-2025,25105.65,Put,24400,170.6,13.11,15.0957,164,2063,482
04-Nov-2025,25105.65,Put,25150,221.75,11.27,15.0957,-81,160,479
20-Oct-2025,25105.65,Call,26850,1.55,20.39,15.0957,-87,254,474
28-Oct-2025,25105.65,Put,22900,4.45,21.85,15.0957,-31,516,458
25-Nov-2025,25105.65,Call,27150,12.8,10.78,15.0957,17,644,451
30-Dec-2025,25105.65,Put,24700,235,12.83,15.0957,32,444,444
30-Dec-2025,25105.65,Call,26250,188.2,9.13,15.0957,255,311,444
28-Oct-2025,25105.65,Put,23950,14,15.46,15.0957,50,1345,441
04-Nov-2025,25105.65,Put,25500,412.6,11.3,15.0957,200,365,440
30-Dec-2025,25105.65,Put,19000,12.8,29.21,15.0957,-116,5017.33333333,435
25-Nov-2025,25105.65,Call,24500,925,8.95,15.0957,69,1543,431
28-Oct-2025,25105.65,Put,23750,11.8,16.95,15.0957,44,670,430
30-Dec-2025,25105.65,Call,29000,8,12.37,15.0957,-63,11859.6666667,423
28-Oct-2025,25105.65,Put,23100,5.1,20.41,15.0957,-5,1224,414
28-Oct-2025,25105.65,Put,23450,6.85,18.2,15.0957,-125,459,414
04-Nov-2025,25105.65,Call,26400,12.3,10.83,15.0957,52,401,405
04-Nov-2025,25105.65,Call,24800,541.3,10.7,15.0957,129,191,402
25-Nov-2025,25105.65,Put,22700,20.65,18.12,15.0957,83,2310,397
30-Dec-2025,25105.65,Call,25800,339.1,9.13,15.0957,71,748,395
20-Oct-2025,25105.65,Put,23250,2.1,25.23,15.0957,121,169,391
25-Nov-2025,25105.65,Put,25150,294.85,11.95,15.0957,6,273,378
25-Nov-2025,25105.65,Call,25150,453.35,9.45,15.0957,65,219,375
30-Dec-2025,25105.65,Put,25300,416.7,12.3,15.0957,-10,980,375
30-Dec-2025,25105.65,Call,24000,1580.95,0,15.0957,43,13059.3333333,375
30-Dec-2025,25105.65,Put,25100,345.85,12.51,15.0957,30,430,369
25-Nov-2025,25105.65,Put,23400,33.25,15.59,15.0957,27,790,363
30-Dec-2025,25105.65,Put,24900,284.45,12.73,15.0957,34,496,363
25-Nov-2025,25105.65,Call,26150,76.7,9.35,15.0957,85,277,361
20-Oct-2025,25120.25,Put,22950,1.6,28.25,15.0957,0,270,360
28-Oct-2025,25105.65,Put,22700,4.2,23.41,15.0957,7,990,357
25-Nov-2025,25105.65,Call,25250,395.05,9.59,15.0957,94,206,351
20-Oct-2025,25105.65,Call,24750,421.35,13.69,15.0957,89,422,345
20-Oct-2025,25105.65,Call,24600,559.1,12.06,15.0957,77,1219,334
11-Nov-2025,25105.65,Call,26000,53.75,9.59,15.0957,128,480,333
28-Oct-2025,25105.65,Put,23650,9.65,17.11,15.0957,57,386,331
11-Nov-2025,25105.65,Put,24800,144.8,12.27,15.0957,35,160,329
04-Nov-2025,25105.65,Put,24200,36.75,13.68,15.0957,119,128,318
28-Oct-2025,25105.65,Put,25900,724.5,11.57,15.0957,39,449,314
11-Nov-2025,25105.65,Put,25200,275,11.25,15.0957,-45,129,310
04-Nov-2025,25105.65,Put,24950,155.15,11.75,15.0957,20,205,306
30-Dec-2025,25105.65,Call,25700,387.9,9.12,15.0957,135,426,306
04-Nov-2025,25105.65,Call,25150,285.05,9.59,15.0957,128,185,303
30-Dec-2025,25105.65,Put,25400,461.1,12.37,15.0957,2,397,299
04-Nov-2025,25105.65,Put,25250,273.35,11.05,15.0957,-4,95,296
25-Nov-2025,25105.65,Put,25800,646.15,12.22,15.0957,91,856,296
30-Dec-2025,25105.65,Put,23700,85.4,14.14,15.0957,34,1178,290
30-Dec-2025,25105.65,Call,25200,661.1,8.96,15.0957,49,471,287
30-Dec-2025,25105.65,Put,25600,545.15,12.32,15.0957,37,232,287
25-Nov-2025,25105.65,Call,25350,340.65,9.55,15.0957,89,256,286
30-Jun-2026,25105.65,Call,26000,1097.55,6.63,15.0957,37,927.333333333,282
25-Nov-2025,25105.65,Call,24800,692,9.23,15.0957,39,1135,281
11-Nov-2025,25105.65,Put,24600,99.1,12.42,15.0957,94,196,280
25-Nov-2025,25105.65,Call,23000,2298.1,0,15.0957,262,672,280
04-Nov-2025,25105.65,Call,25350,192.75,9.87,15.0957,44,211,278
28-Oct-2025,25105.65,Put,27000,1821.15,21.11,15.0957,-113,11471,273
31-Mar-2026,25105.65,Put,21000,52,19.33,15.0957,88,1681,272
30-Jun-2026,25105.65,Put,24000,290,15,15.0957,10,1883,270
04-Nov-2025,25105.65,Put,24300,44.45,13.38,15.0957,34,492,268
04-Nov-2025,25105.65,Put,25400,348,11.14,15.0957,41,160,264
04-Nov-2025,25105.65,Put,24400,53.15,13.05,15.0957,32,277,263
30-Dec-2025,25105.65,Put,24600,211.85,12.94,15.0957,34,671,262
11-Nov-2025,25105.65,Call,25200,318,9.94,15.0957,52,187,259
25-Nov-2025,25105.65,Put,25250,329.65,11.78,15.0957,5,310,254
14-Oct-2025,25120.25,Put,25850,778.7,49.6,15.0957,5,87,251
28-Oct-2025,25105.65,Call,24750,496.5,10.64,15.0957,0,4820,247
28-Oct-2025,25105.65,Call,26550,3.9,12.54,15.0957,-5,240,242
14-Oct-2025,25120.25,Call,24400,708.45,41.17,15.0957,-36,153,241
04-Nov-2025,25105.65,Put,24850,130.15,11.97,15.0957,63,173,241
25-Nov-2025,25120.25,Put,23600,40.95,15,15.0957,109,1013,240
25-Nov-2025,25105.65,Call,25850,141.9,9.22,15.0957,-68,458,240
30-Jun-2026,25105.65,Call,27000,613,7.56,15.0957,59,1379,240
28-Oct-2025,25105.65,Call,27050,2.2,15.13,15.0957,74,230,239
20-Oct-2025,25105.65,Put,25900,756.05,13.23,15.0957,7,289,236
20-Oct-2025,25105.65,Call,23500,1651.85,24.81,15.0957,186,195,234
14-Oct-2025,25120.25,Call,23500,1607,0,15.0957,-120,121,233
25-Nov-2025,25105.65,Put,25350,381.5,11.94,15.0957,45,245,233
25-Nov-2025,25105.65,Call,26050,93.85,9.28,15.0957,103,140,223
25-Nov-2025,25105.65,Put,25450,429.55,11.71,15.0957,42,166,220
25-Nov-2025,25105.65,Call,25450,291.05,9.45,15.0957,78,192,219
30-Dec-2025,25105.65,Put,27000,1558.3,14.6,15.0957,22.3333333333,11121,215
30-Jun-2026,25105.65,Put,25000,490,14.58,15.0957,82,1981,213
28-Oct-2025,25105.65,Call,26950,2.2,14.43,15.0957,64,232,211
30-Dec-2025,25105.65,Put,23300,63.45,15.11,15.0957,8,489,206
25-Nov-2025,25105.65,Call,25750,176.75,9.37,15.0957,-11,239,201
28-Oct-2025,25105.65,Put,23350,6.65,19.03,15.0957,25,695,200
25-Nov-2025,25105.65,Put,24550,126.55,12.55,15.0957,39,370,199
28-Oct-2025,25105.65,Put,26500,1325.4,16.22,15.0957,2,7553,195
31-Mar-2026,25105.65,Call,30000,32.9,11.04,15.0957,-17,1804,195
30-Dec-2025,25105.65,Call,30000,6.5,14.81,15.0957,20,8244.66666667,193
25-Nov-2025,25105.65,Put,24950,221.3,12.03,15.0957,74,489,192
11-Nov-2025,25105.65,Call,25300,266,9.55,15.0957,31,181,190
30-Dec-2025,25105.65,Put,23400,68.25,14.87,15.0957,13,1580,190
14-Oct-2025,25120.25,Put,25900,782.45,0,15.0957,-29,89,187
14-Oct-2025,25105.65,Put,25950,829.85,0,15.0957,18,64,187
04-Nov-2025,25105.65,Put,23500,12.85,16.45,15.0957,35,398,187
25-Nov-2025,25105.65,Call,25650,212.25,9.4,15.0957,27,124,185
30-Jun-2026,25105.65,Put,26000,815.85,14.6,15.0957,69,1238,185
30-Dec-2025,25120.25,Put,25700,601.3,12.3,15.0957,6,167,183
20-Oct-2025,25105.65,Put,25750,592.95,0,15.0957,21,51,182
31-Mar-2026,25105.65,Put,27000,1369.75,14.38,15.0957,36,3371,182
30-Dec-2025,25105.65,Call,25900,303.75,9.15,15.0957,34,189,182
25-Nov-2025,25105.65,Put,25050,261.3,12.14,15.0957,78,326,181
30-Dec-2025,25105.65,Put,28000,2495.8,19.18,15.0957,2,10936,181
28-Oct-2025,25105.65,Call,23500,1673.95,0,15.0957,-9,5721,179
11-Nov-2025,25105.65,Call,25500,175.65,9.42,15.0957,-31,175,179
25-Nov-2025,25105.65,Put,24750,165.5,12.19,15.0957,19,310,179
25-Nov-2025,25105.65,Put,24250,86.85,13.28,15.0957,118,173,175
25-Nov-2025,25105.65,Put,25700,576.75,12.03,15.0957,-9,716,172
28-Oct-2025,25105.65,Call,26650,3.3,13.02,15.0957,-15,339,171
20-Oct-2025,25105.65,Call,24200,953,15.31,15.0957,68,135,170
25-Nov-2025,25105.65,Call,25550,252.75,9.44,15.0957,7,181,170
11-Nov-2025,25105.65,Put,25300,317.8,11.49,15.0957,9,55,166
04-Nov-2025,25105.65,Put,23000,8.1,18.99,15.0957,45,424,162
30-Dec-2025,25105.65,Put,25800,650.8,12.36,15.0957,23,195,160
04-Nov-2025,25105.65,Put,25050,188.55,11.31,15.0957,-8,104,159
25-Nov-2025,25105.65,Call,24600,846.5,9.14,15.0957,73,522,159
04-Nov-2025,25105.65,Call,25550,113.75,9.79,15.0957,-9,64,157
04-Nov-2025,25105.65,Call,25450,157.7,10.07,15.0957,-2,106,155
25-Nov-2025,25105.65,Put,24850,196.9,12.34,15.0957,41,291,155
25-Nov-2025,25105.65,Put,24650,144.5,12.35,15.0957,-20,267,155
04-Nov-2025,25105.65,Put,25550,465.2,12.19,15.0957,105,106,146
25-Nov-2025,25105.65,Call,24000,1357.25,0,15.0957,37,697,146
28-Oct-2025,25105.65,Call,24400,800.5,8.1,15.0957,35,609,144
25-Nov-2025,25105.65,Call,24700,765.85,9.03,15.0957,35,778,143
30-Dec-2025,25105.65,Call,23000,2484.45,0,15.0957,57,8041,139
14-Oct-2025,25105.65,Call,24100,1025,45.34,15.0957,-70,56,137
29-Dec-2026,25105.65,Put,25000,707,17.56,15.0957,8,3294.66666667,137
28-Oct-2025,25105.65,Call,26850,2.8,14.16,15.0957,38,146,136
25-Nov-2025,25105.65,Put,27000,1652.1,14.76,15.0957,103,713,135
25-Nov-2025,25105.65,Put,25900,716.9,12.2,15.0957,92,150,130
30-Dec-2025,25120.25,Put,25250,394.75,12.42,15.0957,-13,173,127
11-Nov-2025,25105.65,Call,26600,15.2,10.65,15.0957,19,123,124
25-Nov-2025,25120.25,Put,23300,30.1,15.88,15.0957,26,414,124
28-Oct-2025,25105.65,Call,24300,912.5,11.21,15.0957,-13,712,123
30-Dec-2025,25105.65,Call,22000,3465,0,15.0957,4,6200,120
25-Nov-2025,25105.65,Put,26500,1199.45,13.46,15.0957,-2,1137,118
04-Nov-2025,25105.65,Put,25350,317.05,11.07,15.0957,7,49,117
30-Dec-2025,25105.65,Put,26500,1119.15,13.06,15.0957,0,1163,116
28-Oct-2025,25105.65,Put,25650,518.85,11.79,15.0957,33,296,115
11-Nov-2025,25105.65,Call,26950,10.65,12.22,15.0957,37,93,113
30-Dec-2025,25105.65,Call,25100,730,9,15.0957,25,246,113
11-Nov-2025,25105.65,Call,26100,43.9,9.83,15.0957,10,80,112
11-Nov-2025,25105.65,Put,25500,413.75,10.97,15.0957,0,140,112
14-Oct-2025,25105.65,Put,26200,1085.35,0,15.0957,-9,48,110
04-Nov-2025,25105.65,Put,24750,98.4,11.79,15.0957,23,85,110
25-Nov-2025,25105.65,Put,24350,98.45,13.02,15.0957,67,293,108
04-Nov-2025,25105.65,Call,26900,5.9,12.7,15.0957,10,485,104
20-Oct-2025,25105.65,Put,26200,1092.05,25.75,15.0957,76,91,102
11-Nov-2025,25105.65,Call,24900,510,9.59,15.0957,80,86,100
14-Oct-2025,25105.65,Call,23000,2145,104.56,15.0957,-15,101,99
20-Oct-2025,25105.65,Put,26100,947,0,15.0957,54,105,99
30-Dec-2025,25105.65,Call,25250,625.6,9.06,15.0957,14,202,99
31-Mar-2026,25105.65,Call,24000,2045,0,15.0957,-9,2001,98
20-Oct-2025,25105.65,Call,24400,752,11.83,15.0957,36,427,97
14-Oct-2025,25105.65,Call,24300,812,41.14,15.0957,-19,118,96
30-Dec-2025,25105.65,Put,18000,9,32.37,15.0957,52,2158.66666667,96
30-Dec-2025,25105.65,Put,24650,219.45,12.88,15.0957,-56,48,95
20-Oct-2025,25105.65,Call,24650,518.15,12.01,15.0957,-2,134,93
28-Oct-2025,25105.65,Put,22850,4.85,22.55,15.0957,0,134,93
11-Nov-2025,25105.65,Call,25000,446,9.79,15.0957,9,87,93
28-Oct-2025,25105.65,Call,24200,991,0,15.0957,5,369,91
11-Nov-2025,25105.65,Call,25900,65.65,9.44,15.0957,11,159,89
04-Nov-2025,25105.65,Put,24650,88.2,12.27,15.0957,16,63,88
11-Nov-2025,25105.65,Call,25600,138.4,9.7,15.0957,27,76,88
04-Nov-2025,25105.65,Call,25050,351,10.16,15.0957,20,51,86
30-Dec-2025,25105.65,Put,25900,746.7,13.27,15.0957,52,122,85
04-Nov-2025,25105.65,Call,25850,50.2,9.79,15.0957,2,91,84
14-Oct-2025,25105.65,Call,24450,657.8,25.48,15.0957,-23,152,83
28-Oct-2025,25105.65,Put,22950,4.9,21.7,15.0957,0,85,83
11-Nov-2025,25105.65,Put,25350,335.45,11.2,15.0957,37,47,83
29-Dec-2026,25105.65,Put,26000,972.9,17.22,15.0957,-14,1726,83
14-Oct-2025,25105.65,Call,24200,901.65,36.54,15.0957,-16,179,81
30-Dec-2025,25105.65,Put,25450,474.85,12.32,15.0957,-3,74,79
04-Nov-2025,25105.65,Call,26550,8.6,11.25,15.0957,-1,98,77
04-Nov-2025,25105.65,Put,23800,19.9,15.28,15.0957,18,85,76
11-Nov-2025,25105.65,Call,25650,123.25,9.64,15.0957,22,56,75
14-Oct-2025,25105.65,Call,24350,758.2,0,15.0957,-20,231,73
30-Dec-2025,25105.65,Call,24500,1165,7.93,15.0957,24,554,72
14-Oct-2025,25105.65,Call,22850,2280.75,98.07,15.0957,-50,39,70
30-Dec-2025,25105.65,Call,26050,249.9,9.1,15.0957,7,34,70
20-Oct-2025,25105.65,Call,23000,2149,29.17,15.0957,67,206,68
11-Nov-2025,25105.65,Put,25100,227,11.48,15.0957,1,54,68
20-Oct-2025,25105.65,Call,24300,851.95,16.73,15.0957,6,190,66
25-Nov-2025,25105.65,Put,22800,23.95,18.22,15.0957,-13,301,66
30-Dec-2025,25105.65,Call,25950,288.65,9.11,15.0957,15,40,66
25-Nov-2025,25105.65,Put,24450,111.6,12.78,15.0957,9,309,65
30-Jun-2026,25105.65,Call,30000,92.9,9.61,15.0957,-2,261,65
25-Nov-2025,25105.65,Put,23200,28.5,16.34,15.0957,24,832,64
04-Nov-2025,25105.65,Put,23600,14.6,16.01,15.0957,41,56,63
31-Mar-2026,25105.65,Put,28000,2156,16.44,15.0957,17,1396,61
14-Oct-2025,25105.65,Put,27100,1974.6,0,15.0957,-32,77,60
04-Nov-2025,25105.65,Call,26700,8.2,12.01,15.0957,20,29,60
04-Nov-2025,25105.65,Call,24700,599.65,9.47,15.0957,34,62,60
30-Dec-2025,25105.65,Put,26400,1039.05,12.8,15.0957,40,200,59
30-Dec-2025,25105.65,Call,24900,869.15,8.93,15.0957,-10,211,58
04-Nov-2025,25105.65,Put,25700,552.85,11.39,15.0957,-32,23,57
29-Dec-2026,25105.65,Call,27000,1437.3,6.44,15.0957,-11,1064,57
29-Dec-2026,25105.65,Put,28000,1812.35,17.9,15.0957,10,701,57
25-Nov-2025,25105.65,Put,23950,61.8,14.11,15.0957,24,87,56
11-Nov-2025,25105.65,Put,24500,85.5,12.83,15.0957,24,49,55
11-Nov-2025,25105.65,Call,25400,214.5,9.17,15.0957,17,88,55
25-Nov-2025,25105.65,Call,24950,587.85,9.43,15.0957,17,117,55
14-Oct-2025,25105.65,Call,24150,961.5,0,15.0957,-8,59,54
14-Oct-2025,25105.65,Put,26100,998,45.61,15.0957,-20,36,54
28-Oct-2025,25105.65,Call,26750,3.2,13.68,15.0957,-5,440,54
11-Nov-2025,25105.65,Call,26200,33.65,9.88,15.0957,13,86,54
30-Jun-2026,25105.65,Put,23000,173,15.73,15.0957,20.3333333333,573.333333333,54
30-Dec-2025,25105.65,Put,29000,3445.15,22.56,15.0957,33,8696,53
30-Dec-2025,25120.25,Put,25150,354.75,12.38,15.0957,-9,50,53
04-Nov-2025,25105.65,Put,23700,16.45,15.54,15.0957,18,121,52
25-Nov-2025,25105.65,Call,25050,520.4,9.44,15.0957,5,74,52
20-Oct-2025,25105.65,Call,23900,1257.1,21.78,15.0957,-13,47,51
11-Nov-2025,25105.65,Call,25350,246.45,9.71,15.0957,18,65,51
30-Dec-2025,25105.65,Put,26300,976.05,12.9,15.0957,44,55,51
28-Oct-2025,25105.65,Call,24650,587.3,10.92,15.0957,-4,992,50
30-Dec-2025,25105.65,Put,23750,89.85,14.07,15.0957,26,53,50
30-Dec-2025,25120.25,Put,25550,510.4,12.09,15.0957,-19,35,50
31-Mar-2026,25105.65,Put,20000,39.7,21.7,15.0957,1,970,50
30-Dec-2025,25105.65,Call,25550,461.15,9.16,15.0957,16,39,49
29-Dec-2026,25105.65,Put,24000,498.05,17.81,15.0957,19,1404.33333333,49
14-Oct-2025,25105.65,Call,23450,1781.1,123.48,15.0957,24,25,48
11-Nov-2025,25105.65,Put,23500,19,15.66,15.0957,-4,77,48
30-Dec-2025,25105.65,Call,24800,930.7,8.49,15.0957,8,204,48
25-Nov-2025,25105.65,Put,24050,66.1,13.64,15.0957,9,54,47
20-Oct-2025,25105.65,Call,24100,1046.95,0,15.0957,13,47,46
04-Nov-2025,25105.65,Put,24100,30.45,13.8,15.0957,14,14,46
30-Dec-2025,25105.65,Put,25850,652.2,11.81,15.0957,2,50,46
29-Dec-2026,25105.65,Call,26000,1960.4,0,15.0957,20,506,46
04-Nov-2025,25105.65,Put,22850,7.55,19.93,15.0957,14,120,45
30-Dec-2025,25105.65,Call,31000,4.5,16.65,15.0957,1,3735.33333333,45
25-Nov-2025,25105.65,Put,25550,484.65,11.89,15.0957,-4,83,44
30-Dec-2025,25105.65,Put,26100,833.1,12.56,15.0957,6,69,44
30-Dec-2025,25120.25,Call,25650,412.25,9.22,15.0957,-18,47,43
28-Oct-2025,25105.65,Call,23900,1274.35,0,15.0957,19,75,42
25-Nov-2025,25105.65,Put,22850,19.95,17.32,15.0957,5,29,42
04-Nov-2025,25105.65,Put,25650,534.3,12.24,15.0957,40,40,41
20-Oct-2025,25105.65,Call,24450,711.95,14.54,15.0957,22,29,40
11-Nov-2025,25105.65,Put,24000,33,13.54,15.0957,-1,79,40
30-Dec-2025,25105.65,Put,25650,596.7,12.91,15.0957,-8,51,40
30-Dec-2025,25105.65,Put,25050,330,12.64,15.0957,6,166,40
28-Oct-2025,25105.65,Put,23050,5.5,21.16,15.0957,-8,388,39
11-Nov-2025,25105.65,Call,25100,375,9.51,15.0957,6,60,39
30-Dec-2025,25105.65,Put,22900,50.75,16.31,15.0957,10,139,39
30-Dec-2025,25105.65,Call,25750,368.3,9.07,15.0957,-11,58,39
28-Oct-2025,25105.65,Put,22750,4.1,22.91,15.0957,3,47,38
11-Nov-2025,25105.65,Put,25250,302,11.18,15.0957,15,22,38
29-Dec-2026,25105.65,Put,23000,358,18.4,15.0957,-2,994,38
20-Oct-2025,25105.65,Call,24550,630,16.17,15.0957,22,55,37
25-Nov-2025,25120.25,Put,24150,75.4,13.43,15.0957,18,184,37
30-Dec-2025,25105.65,Put,30000,4427.05,26.78,15.0957,3,2575.66666667,37
30-Jun-2026,25105.65,Put,22000,111.2,16.89,15.0957,-9,316,37
28-Oct-2025,25105.65,Call,24550,694.15,12.3,15.0957,-4,177,36
30-Dec-2025,25105.65,Call,21000,4454.65,0,15.0957,-14.3333333333,5344.66666667,36
29-Dec-2026,25105.65,Call,28000,996.25,7.68,15.0957,9,803,36
20-Oct-2025,25105.65,Call,24250,885,0,15.0957,6,19,35
04-Nov-2025,25105.65,Call,26600,9.3,11.88,15.0957,17,32,35
30-Dec-2025,25105.65,Call,26150,223.15,9.17,15.0957,-7,46,35
28-Oct-2025,25105.65,Put,25750,592.95,11.33,15.0957,13,197,34
30-Dec-2025,25105.65,Put,26200,909,12.86,15.0957,23,51,34
25-Nov-2025,25105.65,Put,23550,39.4,15.2,15.0957,16,31,33
04-Nov-2025,25105.65,Call,25750,67,9.7,15.0957,6,92,32
28-Oct-2025,25105.65,Put,22650,4.25,23.88,15.0957,3,125,31
04-Nov-2025,25120.25,Put,24550,72.9,12.74,15.0957,25,25,31
11-Nov-2025,25105.65,Call,27000,9.95,12.37,15.0957,28,28,31
11-Nov-2025,25105.65,Put,24300,68,13.66,15.0957,12,13,30
25-Nov-2025,25105.65,Put,25650,535,11.68,15.0957,0,85,30
29-Dec-2026,25105.65,Put,22000,250,18.95,15.0957,-3,799.666666667,30
14-Oct-2025,25105.65,Call,24250,878,41.94,15.0957,-7,28,29
04-Nov-2025,25105.65,Call,26750,6.75,12.13,15.0957,6,7,29
11-Nov-2025,25105.65,Put,25050,215.25,11.53,15.0957,0,52,29
30-Dec-2025,25105.65,Put,17000,5.5,35.01,15.0957,3,935.666666667,29
04-Nov-2025,25105.65,Call,24950,418.1,9.94,15.0957,6,17,28
04-Nov-2025,25105.65,Call,26850,6.35,12.66,15.0957,3,4,28
28-Oct-2025,25105.65,Put,23250,6.6,19.91,15.0957,0,129,27
28-Oct-2025,25105.65,Put,26100,920,13.39,15.0957,-1,327,27
04-Nov-2025,25105.65,Put,22900,8,19.73,15.0957,8,43,27
30-Dec-2025,25105.65,Put,24150,125.55,13.21,15.0957,14,14,27
28-Oct-2025,25105.65,Put,23150,6.45,20.75,15.0957,14,436,25
11-Nov-2025,25105.65,Call,25550,154.75,9.44,15.0957,15,22,25
11-Nov-2025,25105.65,Put,24650,100,12.29,15.0957,12,12,25
25-Nov-2025,25105.65,Call,23500,1825,0,15.0957,9,244,25
14-Oct-2025,25105.65,Put,26050,919.8,0,15.0957,2,16,23
28-Oct-2025,25105.65,Call,24100,1101.65,8.91,15.0957,-10,167,23
11-Nov-2025,25105.65,Call,25450,200.9,9.63,15.0957,14,24,23
25-Nov-2025,25105.65,Put,23850,55.5,14.4,15.0957,20,56,23
14-Oct-2025,25105.65,Put,26250,1128.55,0,15.0957,9,16,22
04-Nov-2025,25105.65,Call,26250,17,10.45,15.0957,18,18,22
30-Dec-2025,25120.25,Call,24700,1015.85,8.68,15.0957,17,75,22
30-Dec-2025,25105.65,Call,25150,702.1,9.14,15.0957,13,24,22
20-Oct-2025,25105.65,Put,26300,1193.05,27.65,15.0957,-1,50,21
04-Nov-2025,25105.65,Call,26450,11.6,11.11,15.0957,4,12,21
11-Nov-2025,25105.65,Call,25250,290.35,9.43,15.0957,7,19,21
29-Dec-2026,25105.65,Call,29000,644.9,8.17,15.0957,-2,604,21
20-Oct-2025,25105.65,Put,25850,703.2,11.4,15.0957,-7,20,19
28-Oct-2025,25105.65,Put,26800,1610,19.26,15.0957,-1,224,18
30-Dec-2025,25105.65,Put,24950,298.4,12.68,15.0957,7,87,18
30-Jun-2026,25105.65,Call,25000,1742,0,15.0957,-1,282,18
20-Oct-2025,25105.65,Call,24350,819.1,17.9,15.0957,9,15,17
04-Nov-2025,25105.65,Put,23900,21.2,14.6,15.0957,-2,53,17
11-Nov-2025,25105.65,Call,25150,349,9.65,15.0957,7,7,17
30-Dec-2025,25105.65,Put,24750,259.05,13.22,15.0957,-2,50,17
30-Dec-2025,25105.65,Call,25850,324.05,9.03,15.0957,8,52,17
30-Dec-2025,25105.65,Put,23200,60,15.41,15.0957,5,289,17
11-Nov-2025,25105.65,Put,25150,246.45,11.43,15.0957,6,8,16
29-Dec-2026,25105.65,Put,27000,1308,16.96,15.0957,6,946,16
14-Oct-2025,25105.65,Call,24050,1040,0,15.0957,-9,9,15
04-Nov-2025,25105.65,Put,24450,67.9,13.58,15.0957,13,13,15
25-Nov-2025,25120.25,Call,24400,1015.7,8.61,15.0957,6,72,15
29-Dec-2026,25105.65,Put,29000,2340,18.26,15.0957,12,77,15
28-Oct-2025,25105.65,Put,26300,1120,15.62,15.0957,-1,333,14
29-Dec-2026,25105.65,Call,30000,400,8.51,15.0957,1,877,14
04-Nov-2025,25105.65,Put,25450,377.25,11.13,15.0957,7,24,13
04-Nov-2025,25105.65,Call,26800,7,12.53,15.0957,3,76,13
30-Dec-2025,25105.65,Put,23600,81.2,14.48,15.0957,1,263,13
30-Dec-2025,25105.65,Put,24250,143.85,13.24,15.0957,12,13,13
29-Dec-2026,25105.65,Put,20000,143,21.13,15.0957,8,585.666666667,13
14-Oct-2025,25105.65,Call,23800,1335,64.72,15.0957,2,16,12
20-Oct-2025,25105.65,Put,25950,820,17.53,15.0957,2,18,12
28-Oct-2025,25105.65,Put,25950,801.45,14.68,15.0957,1,55,12
25-Nov-2025,25105.65,Call,24450,947.4,6.46,15.0957,9,13,12
30-Dec-2025,25105.65,Call,20000,5401.2,0,15.0957,0,4943.33333333,12
28-Oct-2025,25105.65,Call,24450,778.75,11.96,15.0957,-2,155,11
28-Oct-2025,25105.65,Call,23800,1407,15.1,15.0957,-7,306,11
04-Nov-2025,25105.65,Put,23100,9.5,18.71,15.0957,5,26,11
30-Dec-2025,25105.65,Put,25350,435.25,12.41,15.0957,-2,48,11
29-Dec-2026,25105.65,Call,25000,2600,0,15.0957,0,1015.66666667,11
20-Oct-2025,25105.65,Call,23800,1335,0,15.0957,9,47,10
30-Dec-2025,25105.65,Call,25450,514.05,9.15,15.0957,-6,19,10
25-Nov-2025,25105.65,Put,23750,44.75,14.3,15.0957,-3,35,9
25-Nov-2025,25105.65,Call,24650,840.25,10.54,15.0957,-1,35,9
30-Dec-2025,25105.65,Put,23250,50,14.52,15.0957,0,125,9
14-Oct-2025,25120.25,Call,23400,1880,142.19,15.0957,0,8,8
20-Oct-2025,25105.65,Put,26400,1215.4,0,15.0957,-3,20,8
20-Oct-2025,25105.65,Call,24050,1095,0,15.0957,5,9,8
04-Nov-2025,25105.65,Call,26650,9.55,12.15,15.0957,-2,41,8
04-Nov-2025,25105.65,Call,27000,6.35,13.62,15.0957,5,9,8
25-Nov-2025,25105.65,Call,24200,1190,6.99,15.0957,2,80,8
25-Nov-2025,25105.65,Call,24550,947.05,11.75,15.0957,2,23,8
30-Dec-2025,25105.65,Put,24450,181.15,12.42,15.0957,0,64,8
14-Oct-2025,25105.65,Call,23650,1503,81.76,15.0957,-6,2,7
30-Dec-2025,25105.65,Call,17000,8325.95,0,15.0957,1,1445.33333333,7
30-Jun-2026,25120.25,Call,24000,2523.3,0,15.0957,0,56,7
14-Oct-2025,25105.65,Call,23950,1170,45.09,15.0957,-1,4,6
14-Oct-2025,25105.65,Put,26500,1425,75.49,15.0957,-1,34,6
28-Oct-2025,25105.65,Put,25850,729.3,15.45,15.0957,-2,94,6
04-Nov-2025,25105.65,Call,24500,750,5.18,15.0957,4,14,6
11-Nov-2025,25105.65,Put,24850,165.55,12.53,15.0957,3,3,6
14-Oct-2025,25105.65,Call,23700,1410,0,15.0957,-2,7,5
28-Oct-2025,25105.65,Call,23600,1545.1,0,15.0957,-1,88,5
28-Oct-2025,25105.65,Call,24250,955,9.63,15.0957,0,57,5
11-Nov-2025,25105.65,Put,24900,165.45,11.88,15.0957,2,2,5
25-Nov-2025,25105.65,Call,24300,1088,5.46,15.0957,2,104,5
11-Nov-2025,25105.65,Put,24950,190.8,12.24,15.0957,3,3,5
04-Nov-2025,25105.65,Put,23300,8.3,16.8,15.0957,1,39,4
04-Nov-2025,25105.65,Put,23250,10.4,17.82,15.0957,2,19,4
25-Nov-2025,25105.65,Call,24750,745.2,9.82,15.0957,0,54,4
25-Nov-2025,25105.65,Call,24850,651.55,9.12,15.0957,1,19,4
30-Jun-2026,25105.65,Put,21000,75,18.27,15.0957,0,4826,4
29-Dec-2026,25120.25,Call,24000,3370,0,15.0957,2,136,4
29-Dec-2026,25105.65,Call,31000,240,8.78,15.0957,3,300,4
14-Oct-2025,25105.65,Call,23300,1820,67.01,15.0957,-2,2,3
14-Oct-2025,25105.65,Put,26300,993,0,15.0957,-1,11,3
14-Oct-2025,25105.65,Put,26450,1229,0,15.0957,0,9,3
14-Oct-2025,25105.65,Put,27000,1890.85,67.62,15.0957,0,20,3
20-Oct-2025,25105.65,Call,23700,1452,21.99,15.0957,0,13,3
11-Nov-2025,25105.65,Put,24200,55.25,13.71,15.0957,2,2,3
30-Dec-2025,25105.65,Put,24850,269.85,12.75,15.0957,2,42,3
14-Oct-2025,25105.65,Call,23750,1390,70.05,15.0957,0,4,2
14-Oct-2025,25105.65,Call,23350,1831.1,109.04,15.0957,0,1,2
20-Oct-2025,25105.65,Call,23850,1325,28.03,15.0957,0,3,2
20-Oct-2025,25105.65,Call,23650,1460,0,15.0957,-1,4,2
20-Oct-2025,25105.65,Put,27150,2001.6,0,15.0957,0,20,2
28-Oct-2025,25105.65,Put,26400,1223.75,17.2,15.0957,0,319,2
28-Oct-2025,25105.65,Put,26750,1604.9,24.7,15.0957,0,11,2
28-Oct-2025,25120.25,Put,27150,1820,0,15.0957,0,63,2
28-Oct-2025,25105.65,Put,26650,1505.65,23.63,15.0957,0,7,2
11-Nov-2025,25105.65,Call,27050,9,12.46,15.0957,0,0,2
25-Nov-2025,25105.65,Put,22750,19.8,17.89,15.0957,0,64,2
25-Nov-2025,25105.65,Call,24250,1121,0,15.0957,-1,2,2
11-Nov-2025,25105.65,Call,25050,404.85,9.45,15.0957,0,7,2
25-Nov-2025,25105.65,Put,25750,600.45,11.8,15.0957,0,44,2
25-Nov-2025,25105.65,Put,23100,28.35,16.95,15.0957,-1,153,2
25-Nov-2025,25105.65,Put,23650,45,15,15.0957,1,32,2
30-Dec-2025,25105.65,Put,23550,70,14.17,15.0957,-1,79,2
25-Nov-2025,25105.65,Put,26100,856,12.26,15.0957,0,28,2
30-Dec-2025,25105.65,Call,25050,782.85,9.48,15.0957,1,27,2
30-Dec-2025,25105.65,Put,25950,716.35,11.97,15.0957,1,28,2
14-Oct-2025,25105.65,Put,26950,1850,76.22,15.0957,0,2,1
20-Oct-2025,25105.65,Call,22900,2230,0,15.0957,0,0,1
20-Oct-2025,25105.65,Call,24150,1000,13.81,15.0957,0,3,1
28-Oct-2025,25105.65,Put,27100,1844.5,0,15.0957,0,39,1
28-Oct-2025,25105.65,Call,22700,2636.5,47.13,15.0957,0,41,1
28-Oct-2025,25105.65,Call,23700,1502,13.8,15.0957,0,45,1
28-Oct-2025,25105.65,Call,23400,1819.15,22.66,15.0957,0,63,1
28-Oct-2025,25105.65,Call,24150,1200.8,26.7,15.0957,0,21,1
28-Oct-2025,25105.65,Put,26850,1699.9,25.29,15.0957,0,4,1
04-Nov-2025,25120.25,Put,26800,1550,13.82,15.0957,0,0,1
04-Nov-2025,25105.65,Call,26350,32.4,13.06,15.0957,0,0,1
04-Nov-2025,25105.65,Call,24600,675,8.64,15.0957,0,11,1
11-Nov-2025,25105.65,Put,24100,30,12.43,15.0957,0,1,1
11-Nov-2025,25105.65,Call,26650,13,10.81,15.0957,0,5,1
25-Nov-2025,25105.65,Call,23600,1819.75,15.01,15.0957,0,0,1
25-Nov-2025,25120.25,Put,23450,36.85,15.62,15.0957,0,38,1
25-Nov-2025,25105.65,Put,26200,803.8,5.8,15.0957,0,37,1
30-Dec-2025,25105.65,Put,23650,85.15,14.4,15.0957,0,26,1
30-Dec-2025,25105.65,Call,24750,973.65,8.61,15.0957,0,7,1
30-Dec-2025,25105.65,Put,26050,737.85,11.1,15.0957,0,21,1
30-Jun-2026,25105.65,Put,27000,1300,15.16,15.0957,0,0,1
31-Mar-2026,25120.25,Call,21000,3881.35,0,15.0957,0,1,1
29-Dec-2026,25105.65,Call,19000,8600,29.07,15.0957,0,1.66666666667,1
29-Dec-2026,25105.65,Put,21000,176.4,19.67,15.0957,0,499.666666667,1
14-Oct-2025,25105.65,Call,23550,0,0,15.0957,0,3,0
14-Oct-2025,25105.65,Call,23600,0,0,15.0957,0,12,0
14-Oct-2025,25105.65,Call,23150,0,0,15.0957,0,1,0
14-Oct-2025,25105.65,Call,23200,0,0,15.0957,0,1,0
14-Oct-2025,25105.65,Call,23250,0,0,15.0957,0,1,0
14-Oct-2025,25105.65,Call,23100,0,0,15.0957,0,1,0
14-Oct-2025,25105.65,Put,26150,0,0,15.0957,0,10,0
14-Oct-2025,25105.65,Call,23900,0,0,15.0957,0,27,0
14-Oct-2025,25120.25,Call,23850,0,0,15.0957,0,7,0
14-Oct-2025,25105.65,Put,26350,0,0,15.0957,0,8,0
14-Oct-2025,25105.65,Put,26400,0,0,15.0957,0,8,0
14-Oct-2025,25105.65,Put,26550,0,0,15.0957,0,0,0
14-Oct-2025,25105.65,Put,26600,0,0,15.0957,0,0,0
14-Oct-2025,25105.65,Put,26650,0,0,15.0957,0,1,0
14-Oct-2025,25105.65,Put,26700,0,0,15.0957,0,0,0
14-Oct-2025,25105.65,Put,26750,0,0,15.0957,0,0,0
14-Oct-2025,25105.65,Put,26800,0,0,15.0957,0,0,0
14-Oct-2025,25105.65,Put,26850,0,0,15.0957,0,0,0
14-Oct-2025,25105.65,Put,26900,0,0,15.0957,0,0,0
14-Oct-2025,25120.25,Put,27050,0,0,15.0957,0,0,0
20-Oct-2025,25105.65,Call,23350,0,0,15.0957,0,1,0
20-Oct-2025,25105.65,Call,23200,0,0,15.0957,0,5,0
20-Oct-2025,25105.65,Call,23450,0,0,15.0957,0,1,0
20-Oct-2025,25105.65,Call,23400,0,0,15.0957,0,1,0
20-Oct-2025,25105.65,Put,26350,0,0,15.0957,0,1,0
20-Oct-2025,25105.65,Put,27000,0,0,15.0957,0,1,0
20-Oct-2025,25105.65,Call,22850,0,0,15.0957,0,5,0
20-Oct-2025,25105.65,Call,23050,0,0,15.0957,0,0,0
20-Oct-2025,25105.65,Call,22950,0,0,15.0957,0,0,0
14-Oct-2025,25105.65,Call,22900,0,0,15.0957,0,1,0
14-Oct-2025,25105.65,Put,27150,0,0,15.0957,0,0,0
20-Oct-2025,25105.65,Call,23100,0,0,15.0957,0,1,0
14-Oct-2025,25105.65,Call,23050,0,0,15.0957,0,0,0
14-Oct-2025,25105.65,Call,22950,0,0,15.0957,0,0,0
20-Oct-2025,25105.65,Put,26050,0,0,15.0957,0,13,0
20-Oct-2025,25105.65,Call,23950,0,0,15.0957,0,3,0
20-Oct-2025,25105.65,Call,23750,0,0,15.0957,0,2,0
20-Oct-2025,25105.65,Call,23600,0,0,15.0957,0,4,0
20-Oct-2025,25105.65,Call,23550,0,0,15.0957,0,0,0
20-Oct-2025,25105.65,Call,23300,0,0,15.0957,0,0,0
28-Oct-2025,25120.25,Put,26950,0,0,15.0957,0,20,0
28-Oct-2025,25120.25,Put,26900,0,0,15.0957,0,38,0
20-Oct-2025,25105.65,Put,26250,0,0,15.0957,0,1,0
20-Oct-2025,25105.65,Put,27100,0,0,15.0957,0,1,0
20-Oct-2025,25105.65,Put,27050,0,0,15.0957,0,1,0
20-Oct-2025,25105.65,Put,26950,0,0,15.0957,0,1,0
20-Oct-2025,25105.65,Put,26900,0,0,15.0957,0,1,0
20-Oct-2025,25105.65,Put,26850,0,0,15.0957,0,1,0
20-Oct-2025,25105.65,Put,26800,0,0,15.0957,0,1,0
20-Oct-2025,25105.65,Put,26750,0,0,15.0957,0,3,0
20-Oct-2025,25105.65,Put,26150,0,0,15.0957,0,1,0
28-Oct-2025,25120.25,Put,27050,0,0,15.0957,0,0,0
28-Oct-2025,25120.25,Call,22600,0,0,15.0957,0,114,0
28-Oct-2025,25105.65,Call,22650,0,0,15.0957,0,0,0
28-Oct-2025,25105.65,Call,24350,0,0,15.0957,0,116,0
28-Oct-2025,25105.65,Call,22750,0,0,15.0957,0,0,0
28-Oct-2025,25105.65,Call,23550,0,0,15.0957,0,4,0
28-Oct-2025,25105.65,Call,23650,0,0,15.0957,0,9,0
28-Oct-2025,25105.65,Call,24050,0,0,15.0957,0,25,0
28-Oct-2025,25105.65,Put,26450,0,0,15.0957,0,21,0
28-Oct-2025,25105.65,Put,26350,0,0,15.0957,0,59,0
28-Oct-2025,25105.65,Call,23450,0,0,15.0957,0,1,0
28-Oct-2025,25105.65,Call,23350,0,0,15.0957,0,4,0
28-Oct-2025,25105.65,Call,23300,0,0,15.0957,0,55,0
28-Oct-2025,25105.65,Call,23250,0,0,15.0957,0,0,0
28-Oct-2025,25105.65,Call,23200,0,0,15.0957,0,144,0
28-Oct-2025,25105.65,Call,23150,0,0,15.0957,0,0,0
28-Oct-2025,25105.65,Call,23100,0,0,15.0957,0,9,0
28-Oct-2025,25105.65,Call,23050,0,0,15.0957,0,1,0
28-Oct-2025,25105.65,Put,26700,0,0,15.0957,0,104,0
28-Oct-2025,25105.65,Put,26250,0,0,15.0957,0,57,0
28-Oct-2025,25105.65,Call,23750,0,0,15.0957,0,7,0
28-Oct-2025,25105.65,Call,23850,0,0,15.0957,0,7,0
28-Oct-2025,25105.65,Put,26150,0,0,15.0957,0,40,0
28-Oct-2025,25105.65,Put,26050,0,0,15.0957,0,23,0
28-Oct-2025,25105.65,Call,23950,0,0,15.0957,0,26,0
04-Nov-2025,25105.65,Call,24350,0,0,15.0957,0,0,0
04-Nov-2025,25105.65,Put,26650,0,0,15.0957,0,0,0
04-Nov-2025,25105.65,Put,26600,0,0,15.0957,0,0,0
04-Nov-2025,25105.65,Put,26550,0,0,15.0957,0,0,0
04-Nov-2025,25120.25,Put,26500,0,0,15.0957,0,0,0
04-Nov-2025,25120.25,Put,26450,0,0,15.0957,0,0,0
04-Nov-2025,25105.65,Put,26400,0,0,15.0957,0,0,0
04-Nov-2025,25105.65,Put,26350,0,0,15.0957,0,0,0
04-Nov-2025,25105.65,Put,26300,0,0,15.0957,0,0,0
04-Nov-2025,25105.65,Put,26200,0,0,15.0957,0,0,0
04-Nov-2025,25105.65,Put,26150,0,0,15.0957,0,0,0
04-Nov-2025,25105.65,Put,26100,0,0,15.0957,0,0,0
04-Nov-2025,25105.65,Put,26050,0,0,15.0957,0,0,0
04-Nov-2025,25105.65,Call,24050,0,0,15.0957,0,0,0
04-Nov-2025,25105.65,Call,23950,0,0,15.0957,0,0,0
04-Nov-2025,25105.65,Call,23900,0,0,15.0957,0,0,0
04-Nov-2025,25105.65,Call,23850,0,0,15.0957,0,0,0
04-Nov-2025,25105.65,Call,23800,0,0,15.0957,0,0,0
04-Nov-2025,25105.65,Call,23750,0,0,15.0957,0,0,0
04-Nov-2025,25105.65,Call,23700,0,0,15.0957,0,0,0
04-Nov-2025,25105.65,Call,23650,0,0,15.0957,0,0,0
04-Nov-2025,25105.65,Call,24150,0,0,15.0957,0,0,0
04-Nov-2025,25105.65,Call,23600,0,0,15.0957,0,0,0
04-Nov-2025,25105.65,Call,23550,0,0,15.0957,0,0,0
04-Nov-2025,25105.65,Call,23500,0,0,15.0957,0,0,0
04-Nov-2025,25105.65,Call,23450,0,0,15.0957,0,0,0
04-Nov-2025,25105.65,Call,23400,0,0,15.0957,0,0,0
04-Nov-2025,25105.65,Call,23350,0,0,15.0957,0,0,0
04-Nov-2025,25105.65,Put,25950,0,0,15.0957,0,0,0
04-Nov-2025,25105.65,Put,25800,0,0,15.0957,0,7,0
04-Nov-2025,25105.65,Put,25750,0,0,15.0957,0,0,0
04-Nov-2025,25105.65,Put,23750,0,0,15.0957,0,3,0
04-Nov-2025,25105.65,Call,23300,0,0,15.0957,0,0,0
04-Nov-2025,25105.65,Call,23250,0,0,15.0957,0,0,0
04-Nov-2025,25105.65,Call,23200,0,0,15.0957,0,0,0
04-Nov-2025,25105.65,Call,23150,0,0,15.0957,0,0,0
04-Nov-2025,25105.65,Call,23100,0,0,15.0957,0,0,0
04-Nov-2025,25105.65,Call,23050,0,0,15.0957,0,0,0
04-Nov-2025,25105.65,Call,23000,0,0,15.0957,0,0,0
04-Nov-2025,25105.65,Call,22950,0,0,15.0957,0,0,0
04-Nov-2025,25105.65,Call,22900,0,0,15.0957,0,0,0
04-Nov-2025,25105.65,Call,22850,0,0,15.0957,0,0,0
04-Nov-2025,25105.65,Call,25650,0,0,15.0957,0,0,0
04-Nov-2025,25105.65,Put,24350,0,0,15.0957,0,0,0
04-Nov-2025,25105.65,Call,24250,0,0,15.0957,0,0,0
04-Nov-2025,25105.65,Call,24000,0,0,15.0957,0,1,0
04-Nov-2025,25105.65,Put,23050,0,0,15.0957,0,0,0
28-Oct-2025,25105.65,Put,26600,0,0,15.0957,0,99,0
28-Oct-2025,25105.65,Put,26550,0,0,15.0957,0,9,0
28-Oct-2025,25105.65,Call,22950,0,0,15.0957,0,0,0
28-Oct-2025,25105.65,Call,22900,0,0,15.0957,0,0,0
28-Oct-2025,25105.65,Call,22850,0,0,15.0957,0,0,0
28-Oct-2025,25105.65,Call,22800,0,0,15.0957,0,1329,0
04-Nov-2025,25105.65,Call,24450,0,0,15.0957,0,1,0
04-Nov-2025,25105.65,Put,26950,0,0,15.0957,0,0,0
04-Nov-2025,25105.65,Call,26150,0,0,15.0957,0,0,0
04-Nov-2025,25105.65,Call,24850,0,0,15.0957,0,7,0
04-Nov-2025,25105.65,Put,23450,0,0,15.0957,0,1,0
04-Nov-2025,25105.65,Call,26300,0,0,15.0957,0,0,0
04-Nov-2025,25105.65,Put,24250,0,0,15.0957,0,0,0
04-Nov-2025,25105.65,Put,23150,0,0,15.0957,0,1,0
04-Nov-2025,25105.65,Call,26050,0,0,15.0957,0,0,0
04-Nov-2025,25105.65,Put,27050,0,0,15.0957,0,0,0
04-Nov-2025,25105.65,Call,27050,0,0,15.0957,0,0,0
04-Nov-2025,25105.65,Put,27000,0,0,15.0957,0,0,0
04-Nov-2025,25105.65,Call,24550,0,0,15.0957,0,0,0
04-Nov-2025,25105.65,Call,24650,0,0,15.0957,0,5,0
04-Nov-2025,25105.65,Put,24050,0,0,15.0957,0,0,0
04-Nov-2025,25120.25,Put,23950,0,0,15.0957,0,0,0
04-Nov-2025,25105.65,Call,24750,0,0,15.0957,0,3,0
04-Nov-2025,25105.65,Put,25900,0,0,15.0957,0,2,0
04-Nov-2025,25120.25,Put,26000,0,0,15.0957,0,0,0
04-Nov-2025,25105.65,Put,23850,0,0,15.0957,0,0,0
04-Nov-2025,25105.65,Put,24150,0,0,15.0957,0,0,0
04-Nov-2025,25105.65,Put,23350,0,0,15.0957,0,2,0
04-Nov-2025,25105.65,Call,26100,0,0,15.0957,0,0,0
04-Nov-2025,25105.65,Put,23200,0,0,15.0957,0,21,0
04-Nov-2025,25105.65,Call,24300,0,0,15.0957,0,0,0
04-Nov-2025,25105.65,Call,24200,0,0,15.0957,0,1,0
04-Nov-2025,25105.65,Call,24100,0,0,15.0957,0,0,0
04-Nov-2025,25105.65,Put,26900,0,0,15.0957,0,0,0
04-Nov-2025,25105.65,Put,25850,0,0,15.0957,0,0,0
04-Nov-2025,25105.65,Put,26750,0,0,15.0957,0,0,0
04-Nov-2025,25105.65,Put,26850,0,0,15.0957,0,0,0
04-Nov-2025,25105.65,Put,26700,0,0,15.0957,0,0,0
04-Nov-2025,25105.65,Put,23650,0,0,15.0957,0,4,0
04-Nov-2025,25105.65,Call,24400,0,0,15.0957,0,0,0
04-Nov-2025,25105.65,Put,26250,0,0,15.0957,0,1,0
04-Nov-2025,25105.65,Put,23550,0,0,15.0957,0,0,0
04-Nov-2025,25105.65,Call,25950,0,0,15.0957,0,0,0
04-Nov-2025,25105.65,Put,22950,0,0,15.0957,0,0,0
11-Nov-2025,25105.65,Call,24850,0,0,15.0957,0,0,0
11-Nov-2025,25105.65,Call,24800,0,0,15.0957,0,0,0
11-Nov-2025,25105.65,Call,24750,0,0,15.0957,0,0,0
11-Nov-2025,25105.65,Call,24700,0,0,15.0957,0,1,0
11-Nov-2025,25105.65,Call,24600,0,0,15.0957,0,0,0
11-Nov-2025,25105.65,Call,24500,0,0,15.0957,0,0,0
11-Nov-2025,25105.65,Put,23700,0,0,15.0957,0,30,0
11-Nov-2025,25105.65,Call,26300,0,0,15.0957,0,0,0
11-Nov-2025,25105.65,Call,26250,0,0,15.0957,0,0,0
11-Nov-2025,25105.65,Call,26150,0,0,15.0957,0,0,0
11-Nov-2025,25105.65,Put,24750,0,0,15.0957,0,0,0
11-Nov-2025,25105.65,Put,24700,0,0,15.0957,0,0,0
11-Nov-2025,25105.65,Put,25400,0,0,15.0957,0,0,0
11-Nov-2025,25105.65,Call,24400,0,0,0,0,0,0
11-Nov-2025,25105.65,Put,24150,0,0,15.0957,0,0,0
11-Nov-2025,25105.65,Call,26050,0,0,15.0957,0,0,0
11-Nov-2025,25105.65,Call,26450,0,0,15.0957,0,0,0
11-Nov-2025,25105.65,Call,25700,0,0,15.0957,0,0,0
11-Nov-2025,25105.65,Put,24250,0,0,15.0957,0,0,0
11-Nov-2025,25105.65,Put,24050,0,0,15.0957,0,0,0
11-Nov-2025,25105.65,Put,23900,0,0,15.0957,0,0,0
11-Nov-2025,25105.65,Put,23850,0,0,15.0957,0,0,0
11-Nov-2025,25105.65,Put,23800,0,0,15.0957,0,0,0
11-Nov-2025,25105.65,Put,23650,0,0,15.0957,0,0,0
11-Nov-2025,25105.65,Put,23600,0,0,15.0957,0,0,0
11-Nov-2025,25105.65,Put,23550,0,0,15.0957,0,0,0
11-Nov-2025,25105.65,Call,25850,0,0,15.0957,0,0,0
11-Nov-2025,25105.65,Call,25950,0,0,15.0957,0,0,0
11-Nov-2025,25105.65,Put,23300,0,0,15.0957,0,0,0
11-Nov-2025,25105.65,Call,24550,0,0,0,0,0,0
11-Nov-2025,25105.65,Call,26900,0,0,15.0957,0,0,0
11-Nov-2025,25105.65,Call,24650,0,0,0,0,0,0
11-Nov-2025,25105.65,Put,23400,0,0,15.0957,0,0,0
11-Nov-2025,25105.65,Put,23350,0,0,15.0957,0,1,0
11-Nov-2025,25105.65,Put,23450,0,0,15.0957,0,0,0
11-Nov-2025,25105.65,Call,26350,0,0,15.0957,0,0,0
11-Nov-2025,25105.65,Put,25450,0,0,15.0957,0,0,0
11-Nov-2025,25105.65,Put,25750,0,0,15.0957,0,0,0
11-Nov-2025,25105.65,Call,25750,0,0,15.0957,0,0,0
11-Nov-2025,25105.65,Put,25700,0,0,15.0957,0,0,0
11-Nov-2025,25105.65,Put,25650,0,0,15.0957,0,0,0
11-Nov-2025,25105.65,Put,25600,0,0,15.0957,0,0,0
11-Nov-2025,25105.65,Put,25550,0,0,15.0957,0,0,0
11-Nov-2025,25105.65,Call,26850,0,0,15.0957,0,0,0
11-Nov-2025,25105.65,Call,26800,0,0,15.0957,0,0,0
11-Nov-2025,25105.65,Call,26750,0,0,15.0957,0,1,0
11-Nov-2025,25105.65,Call,26700,0,0,15.0957,0,0,0
11-Nov-2025,25105.65,Call,26550,0,0,15.0957,0,0,0
11-Nov-2025,25105.65,Call,26500,0,0,15.0957,0,0,0
11-Nov-2025,25105.65,Put,26000,0,0,15.0957,0,0,0
11-Nov-2025,25105.65,Call,26400,0,0,15.0957,0,1,0
11-Nov-2025,25105.65,Put,23950,0,0,15.0957,0,0,0
11-Nov-2025,25105.65,Put,23750,0,0,15.0957,0,0,0
11-Nov-2025,25105.65,Call,24450,0,0,15.0957,0,0,0
04-Nov-2025,25105.65,Call,26950,0,0,15.0957,0,0,0
11-Nov-2025,25105.65,Put,24400,0,0,15.0957,0,0,0
04-Nov-2025,25105.65,Put,23400,0,0,15.0957,0,19,0
11-Nov-2025,25105.65,Put,25800,0,0,15.0957,0,0,0
11-Nov-2025,25105.65,Put,24350,0,0,15.0957,0,0,0
11-Nov-2025,25105.65,Call,25800,0,0,15.0957,0,0,0
11-Nov-2025,25105.65,Put,25900,0,0,15.0957,0,0,0
11-Nov-2025,25105.65,Put,24450,0,0,15.0957,0,0,0
11-Nov-2025,25105.65,Put,24550,0,0,15.0957,0,0,0
25-Nov-2025,25105.65,Call,26250,0,0,15.0957,0,0,0
25-Nov-2025,25105.65,Put,22900,0,0,15.0957,0,170,0
25-Nov-2025,25120.25,Call,24350,0,0,15.0957,0,4,0
25-Nov-2025,25105.65,Put,27150,0,0,15.0957,0,1,0
25-Nov-2025,25105.65,Call,22700,0,0,15.0957,0,0,0
25-Nov-2025,25105.65,Put,26250,0,0,15.0957,0,2,0
25-Nov-2025,25105.65,Put,23350,0,0,15.0957,0,1,0
25-Nov-2025,25105.65,Put,23250,0,0,15.0957,0,15,0
25-Nov-2025,25105.65,Put,23150,0,0,15.0957,0,9,0
25-Nov-2025,25105.65,Put,23050,0,0,15.0957,0,6,0
25-Nov-2025,25105.65,Put,22950,0,0,15.0957,0,7,0
25-Nov-2025,25105.65,Put,26950,0,0,15.0957,0,3,0
25-Nov-2025,25105.65,Call,26950,0,0,15.0957,0,0,0
25-Nov-2025,25105.65,Put,26900,0,0,15.0957,0,1,0
25-Nov-2025,25105.65,Call,26900,0,0,15.0957,0,0,0
25-Nov-2025,25105.65,Put,27100,0,0,15.0957,0,1,0
25-Nov-2025,25105.65,Call,27100,0,0,15.0957,0,0,0
25-Nov-2025,25105.65,Put,27050,0,0,15.0957,0,1,0
25-Nov-2025,25105.65,Call,27050,0,0,15.0957,0,0,0
25-Nov-2025,25105.65,Put,26850,0,0,15.0957,0,2,0
25-Nov-2025,25105.65,Call,26850,0,0,15.0957,0,0,0
25-Nov-2025,25105.65,Put,26800,0,0,15.0957,0,4,0
25-Nov-2025,25105.65,Put,26450,0,0,15.0957,0,10,0
25-Nov-2025,25105.65,Call,26450,0,0,15.0957,0,0,0
25-Nov-2025,25105.65,Call,26650,0,0,15.0957,0,0,0
11-Nov-2025,25105.65,Call,24950,0,0,15.0957,0,3,0
25-Nov-2025,25105.65,Call,22900,0,0,15.0957,0,0,0
25-Nov-2025,25105.65,Put,26050,0,0,15.0957,0,1,0
25-Nov-2025,25105.65,Call,25950,0,0,15.0957,0,0,0
25-Nov-2025,25105.65,Put,25850,0,0,15.0957,0,46,0
25-Nov-2025,25105.65,Call,24050,0,0,15.0957,0,2,0
25-Nov-2025,25105.65,Call,23850,0,0,15.0957,0,5,0
25-Nov-2025,25105.65,Call,23650,0,0,15.0957,0,1,0
25-Nov-2025,25105.65,Call,23550,0,0,15.0957,0,0,0
25-Nov-2025,25105.65,Call,23450,0,0,15.0957,0,30,0
25-Nov-2025,25105.65,Call,23400,0,0,15.0957,0,0,0
25-Nov-2025,25105.65,Call,23350,0,0,15.0957,0,0,0
25-Nov-2025,25105.65,Call,23300,0,0,15.0957,0,3,0
25-Nov-2025,25105.65,Call,23250,0,0,15.0957,0,1,0
25-Nov-2025,25105.65,Call,23150,0,0,15.0957,0,0,0
25-Nov-2025,25105.65,Put,26550,0,0,15.0957,0,0,0
25-Nov-2025,25105.65,Put,26150,0,0,15.0957,0,5,0
25-Nov-2025,25105.65,Call,24150,0,0,15.0957,0,2,0
25-Nov-2025,25105.65,Call,24100,0,0,15.0957,0,5,0
25-Nov-2025,25105.65,Call,23950,0,0,15.0957,0,1,0
25-Nov-2025,25105.65,Call,23900,0,0,15.0957,0,2,0
25-Nov-2025,25105.65,Call,23800,0,0,15.0957,0,7,0
25-Nov-2025,25105.65,Call,23750,0,0,15.0957,0,1,0
25-Nov-2025,25105.65,Call,23700,0,0,15.0957,0,3,0
25-Nov-2025,25105.65,Call,26550,0,0,15.0957,0,0,0
25-Nov-2025,25120.25,Put,26600,0,0,15.0957,0,2,0
25-Nov-2025,25105.65,Put,26650,0,0,15.0957,0,0,0
25-Nov-2025,25105.65,Put,26700,0,0,15.0957,0,2,0
25-Nov-2025,25105.65,Put,26750,0,0,15.0957,0,2,0
25-Nov-2025,25105.65,Call,26750,0,0,15.0957,0,0,0
25-Nov-2025,25105.65,Put,25950,0,0,15.0957,0,18,0
25-Nov-2025,25105.65,Call,23100,0,0,15.0957,0,0,0
30-Dec-2025,25105.65,Call,19500,0,0,15.0957,0,15.3333333333,0
30-Dec-2025,25105.65,Call,16000,0,0,15.0957,0,4.66666666667,0
30-Dec-2025,25105.65,Call,26850,0,0,15.0957,0,0,0
30-Dec-2025,25105.65,Put,26800,0,0,15.0957,0,0,0
30-Dec-2025,25105.65,Call,26800,0,0,15.0957,0,0,0
30-Dec-2025,25105.65,Put,26750,0,0,15.0957,0,0,0
30-Dec-2025,25105.65,Call,26750,0,0,15.0957,0,0,0
30-Dec-2025,25105.65,Put,26700,0,0,15.0957,0,0,0
30-Dec-2025,25105.65,Call,26700,0,0,15.0957,0,0,0
30-Dec-2025,25105.65,Put,26600,0,0,15.0957,0,9,0
30-Dec-2025,25105.65,Put,15000,0,0,15.0957,0,191.333333333,0
30-Dec-2025,25105.65,Call,24400,0,0,15.0957,0,3,0
30-Dec-2025,25105.65,Call,24350,0,0,15.0957,0,3,0
30-Dec-2025,25105.65,Call,24300,0,0,15.0957,0,1,0
30-Dec-2025,25105.65,Call,24250,0,0,15.0957,0,0,0
30-Dec-2025,25105.65,Call,24200,0,0,15.0957,0,1,0
30-Dec-2025,25105.65,Call,24150,0,0,15.0957,0,0,0
30-Dec-2025,25105.65,Call,24100,0,0,15.0957,0,1,0
30-Dec-2025,25105.65,Call,24050,0,0,15.0957,0,0,0
30-Dec-2025,25105.65,Call,23900,0,0,15.0957,0,0,0
30-Dec-2025,25105.65,Call,23850,0,0,15.0957,0,0,0
30-Dec-2025,25105.65,Call,23800,0,0,15.0957,0,0,0
30-Dec-2025,25105.65,Call,23750,0,0,15.0957,0,0,0
30-Dec-2025,25105.65,Call,23700,0,0,15.0957,0,0,0
30-Dec-2025,25105.65,Call,23650,0,0,15.0957,0,0,0
30-Dec-2025,25105.65,Call,23600,0,0,15.0957,0,0,0
30-Dec-2025,25105.65,Call,23550,0,0,15.0957,0,0,0
30-Dec-2025,25105.65,Call,23500,0,0,15.0957,0,0,0
30-Dec-2025,25105.65,Put,23450,0,0,15.0957,0,82,0
30-Dec-2025,25105.65,Call,23450,0,0,15.0957,0,0,0
30-Dec-2025,25105.65,Call,23400,0,0,15.0957,0,0,0
30-Dec-2025,25105.65,Put,23350,0,0,15.0957,0,72,0
30-Dec-2025,25105.65,Call,23350,0,0,15.0957,0,0,0
30-Dec-2025,25105.65,Call,23300,0,0,15.0957,0,0,0
30-Dec-2025,25105.65,Call,23250,0,0,15.0957,0,0,0
30-Dec-2025,25105.65,Call,23200,0,0,15.0957,0,0,0
30-Dec-2025,25105.65,Call,23150,0,0,15.0957,0,0,0
30-Dec-2025,25105.65,Call,23100,0,0,15.0957,0,0,0
30-Dec-2025,25105.65,Call,19000,0,0,15.0957,0,149.666666667,0
30-Dec-2025,25105.65,Put,16500,0,0,15.0957,0,48,0
25-Nov-2025,25105.65,Call,22950,0,0,15.0957,0,0,0
30-Dec-2025,25105.65,Put,23050,0,0,15.0957,0,120,0
25-Nov-2025,25105.65,Call,22800,0,0,15.0957,0,0,0
25-Nov-2025,25105.65,Put,26300,0,0,15.0957,0,8,0
25-Nov-2025,25105.65,Call,23200,0,0,15.0957,0,7,0
25-Nov-2025,25105.65,Put,26400,0,0,15.0957,0,11,0
25-Nov-2025,25105.65,Put,26350,0,0,15.0957,0,8,0
25-Nov-2025,25105.65,Call,22750,0,0,15.0957,0,0,0
25-Nov-2025,25105.65,Call,26350,0,0,15.0957,0,0,0
25-Nov-2025,25105.65,Call,22850,0,0,15.0957,0,0,0
30-Dec-2025,25105.65,Call,26450,0,0,15.0957,0,0,0
25-Nov-2025,25105.65,Call,23050,0,0,15.0957,0,1,0
25-Nov-2025,25105.65,Call,26400,0,0,15.0957,0,0,0
30-Dec-2025,25105.65,Call,18000,0,0,15.0957,0,852.333333333,0
30-Dec-2025,25105.65,Put,27050,0,0,15.0957,0,0,0
30-Dec-2025,25105.65,Call,23950,0,0,15.0957,0,0,0
30-Dec-2025,25120.25,Put,23100,0,0,15.0957,0,115,0
30-Dec-2025,25105.65,Put,22850,0,0,15.0957,0,55,0
30-Dec-2025,25105.65,Put,24550,0,0,15.0957,0,59,0
30-Dec-2025,25105.65,Put,24350,0,0,15.0957,0,69,0
30-Dec-2025,25105.65,Put,26950,0,0,15.0957,0,0,0
30-Dec-2025,25105.65,Call,26950,0,0,15.0957,0,0,0
30-Dec-2025,25105.65,Call,27050,0,0,15.0957,0,0,0
30-Dec-2025,25105.65,Put,26450,0,0,15.0957,0,1,0
30-Dec-2025,25105.65,Call,26400,0,0,15.0957,0,0,0
30-Dec-2025,25105.65,Call,22950,0,0,15.0957,0,0,0
30-Dec-2025,25105.65,Call,22900,0,0,15.0957,0,0,0
30-Dec-2025,25105.65,Call,22850,0,0,15.0957,0,0,0
30-Dec-2025,25120.25,Put,13000,0,0,15.0957,0,382.666666667,0
30-Dec-2025,25105.65,Put,26650,0,0,15.0957,0,0,0
30-Dec-2025,25105.65,Put,16000,0,0,15.0957,0,272.666666667,0
30-Dec-2025,25105.65,Call,24600,0,0,15.0957,0,4,0
30-Dec-2025,25105.65,Call,24550,0,0,15.0957,0,3,0
30-Dec-2025,25105.65,Call,24450,0,0,15.0957,0,8,0
30-Dec-2025,25105.65,Call,24650,0,0,15.0957,0,3,0
30-Dec-2025,25105.65,Call,25350,0,0,15.0957,0,42,0
30-Dec-2025,25105.65,Call,24950,0,0,15.0957,0,45,0
30-Dec-2025,25105.65,Call,24850,0,0,15.0957,0,16,0
30-Dec-2025,25105.65,Call,26350,0,0,15.0957,0,0,0
30-Dec-2025,25105.65,Put,26150,0,0,15.0957,0,4,0
30-Dec-2025,25105.65,Put,31000,0,0,15.0957,0,0,0
30-Dec-2025,25105.65,Put,26850,0,0,15.0957,0,0,0
30-Dec-2025,25105.65,Put,22950,0,0,15.0957,0,45,0
30-Dec-2025,25105.65,Call,26650,0,0,15.0957,0,0,0
29-Sep-2026,25105.65,Put,26000,0,0,15.0957,0,0,0
29-Sep-2026,25105.65,Call,26000,0,0,15.0957,0,0,0
29-Sep-2026,25105.65,Call,28000,0,0,15.0957,0,0,0
30-Jun-2026,25105.65,Put,15000,0,0,15.0957,0,17,0
30-Jun-2026,25120.25,Put,14000,0,0,15.0957,0,20.3333333333,0
30-Jun-2026,25105.65,Put,19000,0,0,15.0957,0,3.33333333333,0
30-Jun-2026,25120.25,Put,16000,0,0,15.0957,0,30.3333333333,0
30-Jun-2026,25105.65,Call,28000,0,0,15.0957,0,0,0
30-Jun-2026,25105.65,Call,31000,0,0,15.0957,0,0,0
30-Jun-2026,25105.65,Put,20000,0,0,15.0957,0,4691,0
30-Jun-2026,25105.65,Call,19000,0,0,15.0957,0,1.33333333333,0
30-Jun-2026,25105.65,Put,12000,0,0,15.0957,0,4.33333333333,0
31-Mar-2026,25105.65,Put,30000,0,0,15.0957,0,12,0
31-Mar-2026,25105.65,Put,29000,0,0,15.0957,0,6,0
31-Mar-2026,25105.65,Call,31000,0,0,15.0957,0,0,0
31-Mar-2026,25105.65,Call,23000,0,0,15.0957,0,4,0
31-Mar-2026,25105.65,Call,22000,0,0,15.0957,0,3,0
31-Mar-2026,25105.65,Put,31000,0,0,15.0957,0,2,0
31-Mar-2026,25105.65,Put,19000,0,0,15.0957,0,6,0
30-Dec-2025,25120.25,Put,25750,0,0,15.0957,0,27,0
30-Dec-2025,25120.25,Put,26350,0,0,15.0957,0,44,0
30-Dec-2025,25120.25,Call,26300,0,0,15.0957,0,0,0
30-Dec-2025,25105.65,Put,26250,0,0,15.0957,0,1,0
30-Dec-2025,25105.65,Call,26900,0,0,15.0957,0,0,0
30-Dec-2025,25105.65,Put,23150,0,0,15.0957,0,99,0
30-Dec-2025,25105.65,Call,23050,0,0,15.0957,0,0,0
30-Dec-2025,25105.65,Put,26900,0,0,15.0957,0,0,0
30-Dec-2025,25105.65,Put,24050,0,0,15.0957,0,8,0
30-Dec-2025,25105.65,Call,26600,0,0,15.0957,0,0,0
30-Dec-2025,25105.65,Put,23950,0,0,15.0957,0,9,0
30-Dec-2025,25105.65,Put,23850,0,0,15.0957,0,12,0
30-Dec-2025,25105.65,Put,26550,0,0,15.0957,0,16,0
30-Dec-2025,25105.65,Call,26550,0,0,15.0957,0,0,0
27-Jun-2028,25105.65,Put,19000,0,0,15.0957,0,0,0
27-Jun-2028,25105.65,Put,25000,0,0,15.0957,0,0,0
27-Jun-2028,25105.65,Call,31000,0,0,15.0957,0,0,0
27-Jun-2028,25105.65,Put,27000,0,0,15.0957,0,0,0
27-Jun-2028,25105.65,Put,28000,0,0,15.0957,0,0,0
27-Jun-2028,25105.65,Put,21000,0,0,15.0957,0,0,0
27-Jun-2028,25105.65,Put,24000,0,0,15.0957,0,0,0
28-Dec-2027,25105.65,Put,28000,0,0,15.0957,0,0,0
28-Dec-2027,25105.65,Call,30000,0,0,15.0957,0,0,0
28-Dec-2027,25105.65,Call,31000,0,0,15.0957,0,0,0
28-Dec-2027,25120.25,Put,22000,0,0,15.0957,0,23.3333333333,0
28-Dec-2027,25105.65,Put,18000,0,0,15.0957,0,154,0
28-Dec-2027,25105.65,Put,19000,0,0,15.0957,0,9,0
28-Dec-2027,25105.65,Put,20000,0,0,15.0957,0,52.6666666667,0
28-Dec-2027,25105.65,Put,21000,0,0,15.0957,0,13.6666666667,0
28-Dec-2027,25105.65,Put,23000,0,0,15.0957,0,49,0
28-Dec-2027,25105.65,Put,15000,0,0,15.0957,0,8.33333333333,0
28-Dec-2027,25105.65,Put,17000,0,0,15.0957,0,189.333333333,0
28-Dec-2027,25105.65,Call,20000,0,0,15.0957,0,0,0
28-Dec-2027,25105.65,Call,29000,0,0,15.0957,0,0,0
28-Dec-2027,25105.65,Put,29000,0,0,15.0957,0,0,0
28-Dec-2027,25105.65,Put,26000,0,0,15.0957,0,10,0
28-Dec-2027,25105.65,Call,28000,0,0,15.0957,0,0,0
28-Dec-2027,25105.65,Call,27000,0,0,15.0957,0,0,0
28-Dec-2027,25105.65,Put,25000,0,0,15.0957,0,28,0
28-Dec-2027,25105.65,Put,24000,0,0,15.0957,0,51,0
28-Dec-2027,25105.65,Put,27000,0,0,15.0957,0,5,0
29-Jun-2027,25105.65,Put,18000,0,0,15.0957,0,1.33333333333,0
29-Jun-2027,25105.65,Call,24000,0,0,15.0957,0,8,0
29-Jun-2027,25105.65,Put,27000,0,0,15.0957,0,0,0
29-Jun-2027,25105.65,Put,26000,0,0,15.0957,0,0,0
29-Jun-2027,25105.65,Put,21000,0,0,15.0957,0,11.6666666667,0
29-Jun-2027,25105.65,Call,30000,0,0,15.0957,0,0,0
29-Jun-2027,25105.65,Put,22000,0,0,15.0957,0,0,0
29-Jun-2027,25105.65,Call,29000,0,0,15.0957,0,0,0
29-Jun-2027,25105.65,Call,31000,0,0,15.0957,0,0,0
29-Jun-2027,25105.65,Call,28000,0,0,15.0957,0,0,0
29-Jun-2027,25105.65,Put,25000,0,0,15.0957,0,0,0
29-Jun-2027,25105.65,Put,23000,0,0,15.0957,0,0,0
29-Jun-2027,25105.65,Put,24000,0,0,15.0957,0,0,0
29-Jun-2027,25105.65,Put,19000,0,0,15.0957,0,8,0
29-Jun-2027,25105.65,Put,20000,0,0,15.0957,0,0,0
29-Dec-2026,25105.65,Put,13000,0,0,15.0957,0,33,0
29-Dec-2026,25105.65,Call,20000,0,0,15.0957,0,0,0
29-Dec-2026,25105.65,Call,23000,0,0,15.0957,0,68,0
29-Dec-2026,25105.65,Put,12000,0,0,15.0957,0,7.66666666667,0
29-Dec-2026,25105.65,Call,22000,0,0,15.0957,0,23,0
29-Sep-2026,25105.65,Call,30000,0,0,15.0957,0,0,0
29-Sep-2026,25105.65,Call,27000,0,0,15.0957,0,0,0
29-Sep-2026,25105.65,Call,29000,0,0,15.0957,0,0,0
29-Dec-2026,25105.65,Put,16000,0,0,15.0957,0,32.3333333333,0
29-Dec-2026,25105.65,Put,14000,0,0,15.0957,0,29.6666666667,0
30-Jun-2026,25105.65,Call,29000,0,0,15.0957,0,0,0
29-Sep-2026,25105.65,Put,22000,0,0,15.0957,0,0,0
29-Sep-2026,25120.25,Put,24000,0,0,15.0957,0,0,0
29-Dec-2026,25105.65,Call,21000,0,0,15.0957,0,3,0
30-Jun-2026,25105.65,Put,13000,0,0,15.0957,0,2.66666666667,0
29-Sep-2026,25105.65,Put,21000,0,0,15.0957,0,0,0
29-Dec-2026,25105.65,Put,30000,0,0,15.0957,0,40,0
29-Dec-2026,25105.65,Put,15000,0,0,15.0957,0,19.6666666667,0
29-Sep-2026,25105.65,Put,20000,0,0,15.0957,0,0,0
29-Sep-2026,25120.25,Put,25000,0,0,15.0957,0,0,0
29-Dec-2026,25105.65,Put,19000,0,0,15.0957,0,23,0
29-Dec-2026,25105.65,Put,18000,0,0,15.0957,0,79.3333333333,0
29-Sep-2026,25105.65,Put,23000,0,0,15.0957,0,0,0
29-Dec-2026,25105.65,Put,17000,0,0,15.0957,0,38,0
24-Dec-2029,25105.65,Put,26000,0,0,15.0957,0,2,0
24-Dec-2029,25105.65,Put,28000,0,0,15.0957,0,0,0
24-Dec-2029,25105.65,Put,29000,0,0,15.0957,0,0,0
26-Jun-2029,25105.65,Put,24000,0,0,15.0957,0,0.333333333333,0
26-Jun-2029,25105.65,Put,23000,0,0,15.0957,0,0,0
26-Jun-2029,25105.65,Put,25000,0,0,15.0957,0,0,0
26-Jun-2029,25105.65,Put,20000,0,0,15.0957,0,0,0
26-Jun-2029,25105.65,Put,27000,0,0,15.0957,0,0,0
26-Jun-2029,25105.65,Put,31000,0,0,15.0957,0,0,0
26-Jun-2029,25105.65,Put,19000,0,0,15.0957,0,0,0
26-Jun-2029,25105.65,Put,28000,0,0,15.0957,0,0,0
26-Jun-2029,25105.65,Put,29000,0,0,15.0957,0,0,0
26-Jun-2029,25105.65,Put,30000,0,0,15.0957,0,0,0
26-Jun-2029,25105.65,Put,21000,0,0,15.0957,0,0,0
26-Jun-2029,25105.65,Put,22000,0,0,15.0957,0,0,0
26-Dec-2028,25105.65,Put,27000,0,0,15.0957,0,0,0
26-Dec-2028,25105.65,Call,30000,0,0,15.0957,0,106,0
26-Dec-2028,25105.65,Call,29000,0,0,15.0957,0,0,0
26-Dec-2028,25105.65,Put,18000,0,0,15.0957,0,1,0
27-Jun-2028,25105.65,Call,30000,0,0,15.0957,0,0,0
27-Jun-2028,25105.65,Put,26000,0,0,15.0957,0,0,0
26-Dec-2028,25105.65,Put,28000,0,0,15.0957,0,0,0
26-Dec-2028,25105.65,Put,24000,0,0,15.0957,0,24,0
26-Dec-2028,25105.65,Call,28000,0,0,15.0957,0,14,0
28-Dec-2027,25105.65,Call,26000,0,0,15.0957,0,0,0
27-Jun-2028,25105.65,Put,20000,0,0,15.0957,0,0,0
27-Jun-2028,25105.65,Put,22000,0,0,15.0957,0,4.33333333333,0
26-Dec-2028,25105.65,Put,26000,0,0,15.0957,0,2,0
27-Jun-2028,25105.65,Call,29000,0,0,15.0957,0,0,0
26-Dec-2028,25105.65,Put,19000,0,0,15.0957,0,0,0
26-Dec-2028,25105.65,Put,21000,0,0,15.0957,0,16.6666666667,0
26-Dec-2028,25105.65,Put,25000,0,0,15.0957,0,59.3333333333,0
27-Jun-2028,25105.65,Put,23000,0,0,15.0957,0,0,0
27-Jun-2028,25105.65,Put,29000,0,0,15.0957,0,0,0
26-Dec-2028,25105.65,Put,23000,0,0,15.0957,0,43,0
26-Dec-2028,25105.65,Put,30000,0,0,15.0957,0,0,0
26-Dec-2028,25105.65,Put,20000,0,0,15.0957,0,14.6666666667,0
26-Dec-2028,25105.65,Call,31000,0,0,15.0957,0,0,0
28-Dec-2027,25105.65,Call,25000,0,0,15.0957,0,3,0
26-Dec-2028,25105.65,Put,29000,0,0,15.0957,0,0,0
26-Dec-2028,25105.65,Put,22000,0,0,15.0957,0,5,0
24-Dec-2029,25105.65,Put,31000,0,0,15.0957,0,0,0
24-Dec-2029,25105.65,Put,27000,0,0,15.0957,0,0,0
26-Jun-2029,25105.65,Put,26000,0,0,15.0957,0,0.666666666667,0
24-Dec-2029,25105.65,Put,23000,0,0,15.0957,0,34,0
24-Dec-2029,25105.65,Put,22000,0,0,15.0957,0,0,0
25-Jun-2030,25105.65,Put,22000,0,0,15.0957,0,0,0
24-Dec-2029,25105.65,Put,19000,0,0,15.0957,0,0,0
25-Jun-2030,25105.65,Call,31000,0,0,15.0957,0,0,0
25-Jun-2030,25105.65,Put,19000,0,0,15.0957,0,0,0
24-Dec-2029,25105.65,Put,30000,0,0,15.0957,0,0,0
25-Jun-2030,25105.65,Put,23000,0,0,15.0957,0,0,0
24-Dec-2029,25105.65,Put,25000,0,0,15.0957,0,3,0
24-Dec-2029,25105.65,Put,20000,0,0,15.0957,0,0,0
24-Dec-2029,25105.65,Put,24000,0,0,15.0957,0,0,0
25-Jun-2030,25105.65,Put,27000,0,0,15.0957,0,0,0
25-Jun-2030,25105.65,Put,21000,0,0,15.0957,0,0,0
25-Jun-2030,25105.65,Put,25000,0,0,15.0957,0,0,0
25-Jun-2030,25105.65,Put,29000,0,0,15.0957,0,0,0
25-Jun-2030,25120.25,Put,28000,0,0,15.0957,0,0,0
25-Jun-2030,25105.65,Put,20000,0,0,15.0957,0,0,0
25-Jun-2030,25105.65,Put,26000,0,0,15.0957,0,0,0
24-Dec-2029,25120.25,Put,21000,0,0,15.0957,0,0,0
25-Jun-2030,25120.25,Put,30000,0,0,15.0957,0,0,0
25-Jun-2030,25105.65,Put,24000,0,0,15.0957,0,0,0
25-Jun-2030,25120.25,Put,31000,0,0,15.0957,0,0,0
