14-Oct-2025,25179.4,Call,25300,20.65,11.54,15.0957,403316,607968,5570431
14-Oct-2025,25179.4,Put,25200,65.65,10.15,15.0957,60834,273951,5122569
14-Oct-2025,25179.4,Put,25250,96.65,9.27,15.0957,47936,119975,4023098
14-Oct-2025,25179.4,Put,25300,133.25,8.9,15.0957,51997,106326,3619694
14-Oct-2025,25179.4,Call,25250,33.75,11.69,15.0957,228676,349158,3245147
14-Oct-2025,25179.4,Call,25350,12.2,11.68,15.0957,192307,323409,3179122
14-Oct-2025,25179.4,Put,25150,42.9,10.52,15.0957,64578,198320,3172655
14-Oct-2025,25179.4,Put,25100,26.9,10.88,15.0957,51856,206617,2796939
14-Oct-2025,25179.4,Call,25400,7.4,11.95,15.0957,137966,323309,2690172
14-Oct-2025,25179.4,Call,25200,53.15,11.86,15.0957,164598,306066,2414573
14-Oct-2025,25179.4,Put,25000,9.85,11.98,15.0957,32103,210057,2001367
14-Oct-2025,25179.4,Put,25050,16.3,11.47,15.0957,42267,114598,1637149
14-Oct-2025,25179.4,Call,25450,4.7,12.48,15.0957,79561,158979,1430532
14-Oct-2025,25179.4,Call,25500,3.35,13.25,15.0957,38217,236175,1277516
14-Oct-2025,25179.4,Put,24900,3.85,13.43,15.0957,19765,119737,1103259
14-Oct-2025,25179.4,Put,24950,5.95,12.64,15.0957,18521,83721,1085200
14-Oct-2025,25179.4,Put,25350,174.75,6.97,15.0957,2425,26767,958965
14-Oct-2025,25179.4,Put,24800,1.9,15.42,15.0957,45113,131004,837731
14-Oct-2025,25179.4,Call,25600,2.1,15.52,15.0957,69245,203970,832650
14-Oct-2025,25179.4,Call,25800,1.45,20.68,15.0957,87702,214628,769636
14-Oct-2025,25179.4,Call,25550,2.6,14.33,15.0957,39255,128996,748148
14-Oct-2025,25179.4,Call,25700,1.7,18.07,15.0957,92989,201312,745998
14-Oct-2025,25179.4,Call,26000,1.1,25.63,15.0957,-748,175993,710017
14-Oct-2025,25179.4,Put,24850,2.65,14.35,15.0957,13616,70655,682841
14-Oct-2025,25179.4,Call,25150,80.5,12.24,15.0957,52089,79203,648844
14-Oct-2025,25179.4,Put,24700,1.25,17.68,15.0957,26140,128522,634422
14-Oct-2025,25179.4,Put,24500,0.85,22.92,15.0957,-19921,131957,564822
14-Oct-2025,25179.4,Put,25400,220.25,0,15.0957,7486,23238,523848
14-Oct-2025,25179.4,Put,24750,1.5,16.41,15.0957,16103,63993,520339
14-Oct-2025,25179.4,Call,25650,1.85,16.69,15.0957,34850,97610,472803
14-Oct-2025,25179.4,Put,24600,1,20.13,15.0957,17303,93303,378765
14-Oct-2025,25179.4,Call,25900,1.25,23.11,15.0957,23392,76030,358875
14-Oct-2025,25179.4,Call,25100,114.8,13.35,15.0957,27005,56111,357545
14-Oct-2025,25179.4,Call,25750,1.55,19.4,15.0957,32718,71892,331268
14-Oct-2025,25179.4,Put,24000,0.55,35.07,15.0957,-23552,80594,306446
14-Oct-2025,25179.4,Call,26500,0.7,36.2,15.0957,-10474,61544,306291
14-Oct-2025,25179.4,Call,25850,1.35,21.92,15.0957,17693,44276,304500
14-Oct-2025,25179.4,Put,24650,1.05,19,15.0957,9066,60878,300090
14-Oct-2025,25179.4,Put,24400,0.7,25.29,15.0957,-10426,60998,290182
14-Oct-2025,25179.4,Call,26100,1,27.7,15.0957,9793,55009,288175
14-Oct-2025,25179.4,Call,26200,0.85,29.74,15.0957,13273,61823,267201
14-Oct-2025,25179.4,Put,24200,0.6,29.95,15.0957,-7974,58364,235311
14-Oct-2025,25179.4,Call,26050,1,26.54,15.0957,12561,32986,230433
14-Oct-2025,25179.4,Call,25950,1.2,24.25,15.0957,10842,36456,222826
14-Oct-2025,25179.4,Put,24300,0.6,27.69,15.0957,-7815,81993,214222
20-Oct-2025,25179.4,Call,25300,116.1,11.85,15.0957,35697,72555,196897
14-Oct-2025,25179.4,Call,26300,0.8,32.3,15.0957,7843,49586,187465
14-Oct-2025,25179.4,Call,26400,0.7,34.32,15.0957,13605,40049,182593
14-Oct-2025,25179.4,Put,24550,0.9,21.6,15.0957,9185,30892,181541
20-Oct-2025,25179.4,Put,25300,185.45,10.39,15.0957,13785,40479,150556
20-Oct-2025,25179.4,Put,25200,136.2,10.87,15.0957,8294,42709,139579
14-Oct-2025,25179.4,Call,27000,0.45,47.18,15.0957,-5500,34882,125435
20-Oct-2025,25179.4,Call,25500,50.05,11.49,15.0957,8573,61799,123899
14-Oct-2025,25179.4,Put,24100,0.5,32.38,15.0957,-12264,22267,116030
14-Oct-2025,25179.4,Call,26250,0.85,31.24,15.0957,6072,22577,112358
14-Oct-2025,25179.4,Put,24450,0.75,24.04,15.0957,-150,22392,111968
14-Oct-2025,25179.4,Call,26150,0.9,29.03,15.0957,6658,17865,106248
20-Oct-2025,25179.4,Call,26500,2.05,16.69,15.0957,41561,69924,105375
20-Oct-2025,25179.4,Call,25400,78.05,11.67,15.0957,12799,39948,104247
14-Oct-2025,25179.4,Call,25000,197.4,16.05,15.0957,286,28491,102708
14-Oct-2025,25179.4,Put,25450,267.4,0,15.0957,1920,4900,101872
14-Oct-2025,25179.4,Put,25500,316,0,15.0957,1137,9945,101036
14-Oct-2025,25179.4,Put,23500,0.4,47,15.0957,-22618,26879,97271
20-Oct-2025,25179.4,Call,25200,167.55,12.3,15.0957,11540,40836,95196
14-Oct-2025,25179.4,Put,24250,0.55,28.59,15.0957,5068,22709,92898
20-Oct-2025,25179.4,Call,25250,140.65,12.18,15.0957,13839,25033,86743
20-Oct-2025,25179.4,Call,27000,1.1,20.41,15.0957,21649,34670,85667
14-Oct-2025,25179.4,Put,24350,0.65,26.3,15.0957,2167,21151,83880
14-Oct-2025,25179.4,Put,22850,0.3,62.35,15.0957,-5616,64147,82246
20-Oct-2025,25179.4,Put,25000,69.15,11.75,15.0957,1629,35467,79180
20-Oct-2025,25179.4,Put,25250,158.75,10.49,15.0957,5690,17442,78162
14-Oct-2025,25179.4,Put,24050,0.5,33.39,15.0957,7779,14865,71481
20-Oct-2025,25179.4,Call,26000,5.25,12.75,15.0957,8784,50858,67404
20-Oct-2025,25179.4,Put,25100,97.6,11.3,15.0957,4874,21120,66664
14-Oct-2025,25179.4,Call,25050,153.55,14.35,15.0957,2745,12015,64603
20-Oct-2025,25179.4,Call,25350,96.15,11.77,15.0957,7808,15895,62698
20-Oct-2025,25179.4,Put,24800,34.7,12.89,15.0957,4393,27660,60097
20-Oct-2025,25179.4,Call,25600,30.5,11.4,15.0957,4487,29156,59663
20-Oct-2025,25179.4,Put,24000,5.05,19.45,15.0957,2521,40413,57725
20-Oct-2025,25179.4,Put,24900,48.9,12.27,15.0957,2053,17676,57508
20-Oct-2025,25179.4,Put,24500,13.8,14.94,15.0957,4206,34487,56024
14-Oct-2025,25179.4,Call,26350,0.75,33.33,15.0957,-459,10190,55206
14-Oct-2025,25179.4,Put,24150,0.5,31.32,15.0957,-907,16125,54751
14-Oct-2025,25179.4,Call,27150,0.45,49.54,15.0957,-946,21039,49153
20-Oct-2025,25179.4,Call,25700,18.8,11.51,15.0957,1098,20424,48442
14-Oct-2025,25179.4,Put,23000,0.4,61.28,15.0957,-8357,39810,47067
14-Oct-2025,25179.4,Put,22900,0.3,61.07,15.0957,-9754,40581,46775
14-Oct-2025,25179.4,Put,23900,0.5,37.39,15.0957,-6466,12147,43438
14-Oct-2025,25179.4,Put,23800,0.4,39.64,15.0957,-11487,17382,42537
14-Oct-2025,25179.4,Call,26450,0.7,35.28,15.0957,1187,7692,42353
20-Oct-2025,25179.4,Put,25150,115.2,11.11,15.0957,2470,10765,42125
20-Oct-2025,25179.4,Call,25650,23.9,11.49,15.0957,-1069,8354,40379
20-Oct-2025,25179.4,Call,26200,3.1,14.07,15.0957,12550,24984,40176
28-Oct-2025,25179.4,Put,25000,116.35,11.39,15.0957,4791,75026,39868
14-Oct-2025,25179.4,Call,26550,0.65,37.72,15.0957,1256,8125,36973
28-Oct-2025,25179.4,Call,25300,189.25,10.36,15.0957,5344,34774,36576
20-Oct-2025,25179.4,Call,25450,62.65,11.57,15.0957,2937,10863,36374
20-Oct-2025,25179.4,Call,25900,7.3,12.09,15.0957,6083,24148,36184
14-Oct-2025,25179.4,Call,26600,0.65,38.93,15.0957,-775,17601,35488
20-Oct-2025,25179.4,Call,25550,39.15,11.48,15.0957,2616,10669,34828
28-Oct-2025,25179.4,Call,25500,107,10.05,15.0957,42,63380,34807
20-Oct-2025,25179.4,Call,25800,11.45,11.72,15.0957,3020,28263,34368
28-Oct-2025,25179.4,Call,25200,245.05,10.61,15.0957,3798,39796,33678
20-Oct-2025,25179.4,Put,24300,8.3,16.73,15.0957,134,15015,33593
20-Oct-2025,25179.4,Put,24600,18.25,14.17,15.0957,4301,17234,32750
20-Oct-2025,25179.4,Put,24700,24.9,13.52,15.0957,1472,16894,32352
14-Oct-2025,25179.4,Call,26700,0.6,41,15.0957,-1311,5355,32247
20-Oct-2025,25179.4,Call,26100,3.85,13.39,15.0957,5647,28261,32173
14-Oct-2025,25179.4,Put,23700,0.45,42.71,15.0957,-5639,9415,30994
28-Oct-2025,25179.4,Put,25300,229.4,10.63,15.0957,6673,26688,29874
20-Oct-2025,25179.4,Put,23500,2.65,24.08,15.0957,3659,14009,29573
20-Oct-2025,25179.4,Put,24950,58.25,12.03,15.0957,1336,8327,29335
20-Oct-2025,25179.4,Put,25400,246.25,9.96,15.0957,1974,9796,29187
20-Oct-2025,25179.4,Put,25050,82.45,11.49,15.0957,495,7769,29146
28-Oct-2025,25179.4,Put,25200,184.5,10.82,15.0957,3379,36816,27112
20-Oct-2025,25179.4,Put,24400,10.55,15.86,15.0957,3615,17267,27088
20-Oct-2025,25179.4,Put,25350,212.7,10.09,15.0957,1972,4456,25869
20-Oct-2025,25179.4,Put,24200,6.9,17.55,15.0957,1510,14346,25454
14-Oct-2025,25179.4,Call,26800,0.6,42.99,15.0957,3215,6580,25250
28-Oct-2025,25179.4,-,0,25255.6,0,15.0957,9742,239705,25016
20-Oct-2025,25179.4,Put,24850,40.95,12.55,15.0957,3548,8848,24803
14-Oct-2025,25179.4,Call,27100,0.4,49.46,15.0957,-275,6039,23826
28-Oct-2025,25179.4,Call,25400,144,10.24,15.0957,3870,27955,23691
28-Oct-2025,25179.4,Call,26000,19.4,10.3,15.0957,-1668,73472,23398
20-Oct-2025,25179.4,Call,25750,14.75,11.63,15.0957,4333,14536,23094
14-Oct-2025,25179.4,Put,23200,0.5,56.48,15.0957,-4425,11730,23027
14-Oct-2025,25179.4,Put,23100,0.45,58.62,15.0957,-2617,11131,22666
28-Oct-2025,25179.4,Call,25600,75.45,9.91,15.0957,-1465,32334,22497
20-Oct-2025,25179.4,Call,26300,2.4,14.78,15.0957,3490,18026,21019
20-Oct-2025,25179.4,Put,23000,2,29.3,15.0957,1030,10813,20582
20-Oct-2025,25179.4,Call,25100,229.25,12.92,15.0957,3025,11640,19896
20-Oct-2025,25179.4,Put,23800,3.65,21.19,15.0957,3891,10175,19485
14-Oct-2025,25179.4,Put,23950,0.5,36.42,15.0957,-1608,4163,19392
14-Oct-2025,25179.4,Call,26750,0.6,42.19,15.0957,553,2272,19175
28-Oct-2025,25179.4,Call,25700,53.05,9.82,15.0957,1493,26373,18756
14-Oct-2025,25179.4,Call,26900,0.5,45.32,15.0957,1280,4212,18314
20-Oct-2025,25179.4,Call,25850,9.15,11.85,15.0957,3993,8890,18033
28-Oct-2025,25179.4,Put,24900,93,11.71,15.0957,-1212,24144,17780
14-Oct-2025,25179.4,Call,26650,0.6,40.14,15.0957,367,3673,17678
14-Oct-2025,25179.4,Put,23300,0.5,52.79,15.0957,-3069,3373,17102
28-Oct-2025,25179.4,Call,25800,36.85,9.87,15.0957,1036,29821,16778
20-Oct-2025,25179.4,Call,26400,2.05,15.62,15.0957,1468,10447,15883
20-Oct-2025,25179.4,Put,24750,29.15,13.17,15.0957,21,6106,15638
14-Oct-2025,25179.4,Put,23850,0.5,38.73,15.0957,-1489,3365,15008
20-Oct-2025,25179.4,Call,25150,197.65,12.57,15.0957,2707,6245,14403
28-Oct-2025,25179.4,Put,24800,73.95,12.06,15.0957,860,43703,14200
20-Oct-2025,25179.4,Put,23700,3.3,22.1,15.0957,1516,7647,14076
20-Oct-2025,25179.4,Put,23900,4.35,20.32,15.0957,690,5540,13979
20-Oct-2025,25179.4,Put,24550,15.35,14.5,15.0957,3311,6537,13392
20-Oct-2025,25179.4,Put,24100,5.7,18.43,15.0957,-401,8059,13098
20-Oct-2025,25179.4,Put,25500,317.55,9.23,15.0957,1391,9275,13018
14-Oct-2025,25179.4,Put,23600,0.45,44.9,15.0957,-882,5262,12541
20-Oct-2025,25179.4,Call,26700,1.7,18.34,15.0957,3737,4540,12483
20-Oct-2025,25179.4,Call,25000,300.45,13.64,15.0957,1506,12377,12279
14-Oct-2025,25179.4,Put,23400,0.5,51.14,15.0957,-2042,2864,12170
14-Oct-2025,25179.4,Put,23350,0.45,51.47,15.0957,-10,1545,12143
14-Oct-2025,25179.4,Call,26850,0.55,44.16,15.0957,-352,1708,11938
14-Oct-2025,25179.4,Call,27050,0.45,48.32,15.0957,235,2783,11849
28-Oct-2025,25179.4,Put,24600,46.6,12.85,15.0957,1136,25659,11614
14-Oct-2025,25179.4,Put,25550,365.15,0,15.0957,-133,1207,11342
28-Oct-2025,25179.4,Put,24500,37.55,13.25,15.0957,-1003,42908,11335
28-Oct-2025,25179.4,Put,24000,16.55,16.12,15.0957,-88,46794,11209
28-Oct-2025,25179.4,Put,25100,146.2,11.09,15.0957,874,22374,11059
20-Oct-2025,25179.4,Put,24650,21.25,13.84,15.0957,489,4571,10881
20-Oct-2025,25179.4,Put,23600,2.95,23.09,15.0957,2832,4427,10769
14-Oct-2025,25179.4,Put,23550,0.45,46.69,15.0957,518,2676,10752
28-Oct-2025,25179.4,Call,25900,26,9.98,15.0957,2760,16300,10488
20-Oct-2025,25179.4,Call,25950,6.2,12.39,15.0957,1030,6700,10374
28-Oct-2025,25179.4,Put,24700,58.25,12.43,15.0957,-333,29058,9804
14-Oct-2025,25179.4,Put,23750,0.5,41.78,15.0957,-1221,2760,9759
28-Oct-2025,25179.4,Call,25000,376.15,11.08,15.0957,701,44302,9513
14-Oct-2025,25179.4,Call,24900,291.6,19.58,15.0957,928,5689,9509
28-Oct-2025,25179.4,Put,25500,345,10.32,15.0957,1734,30325,8982
14-Oct-2025,25179.4,Put,23650,0.5,44.46,15.0957,-1114,3350,8889
20-Oct-2025,25179.4,Call,26050,4.45,12.97,15.0957,1597,5862,8497
20-Oct-2025,25179.4,Call,26600,1.85,17.51,15.0957,2878,3445,8377
14-Oct-2025,25179.4,Put,25600,409.75,0,15.0957,168,1632,8374
14-Oct-2025,25179.4,Call,26950,0.5,46.47,15.0957,-167,1326,8288
14-Oct-2025,25179.4,Put,23050,0.5,59.95,15.0957,-82,2060,8175
14-Oct-2025,25179.4,Put,23250,0.4,54.65,15.0957,597,2504,7654
28-Oct-2025,25179.4,Call,26500,5.4,12.05,15.0957,1735,34500,7450
20-Oct-2025,25179.4,Put,24350,9.3,16.21,15.0957,132,3658,7348
20-Oct-2025,25179.4,Put,24450,11.5,15.38,15.0957,1471,5269,7275
28-Oct-2025,25179.4,Put,25400,282.75,10.42,15.0957,902,13942,7214
14-Oct-2025,25179.4,Call,24950,243.35,17.57,15.0957,656,2101,7142
28-Oct-2025,25179.4,Call,25100,307.4,10.8,15.0957,600,19865,6870
28-Oct-2025,25179.4,Call,25250,216,10.4,15.0957,803,6131,6160
20-Oct-2025,25179.4,Call,26250,2.65,14.43,15.0957,941,4947,6112
14-Oct-2025,25179.4,Put,22950,0.35,60.61,15.0957,-47,2589,5852
20-Oct-2025,25179.4,Put,24250,7.4,17.08,15.0957,653,2684,5826
28-Oct-2025,25179.4,Call,26200,10.5,10.8,15.0957,-184,11632,5776
20-Oct-2025,25179.4,Put,22850,1.7,30.56,15.0957,708,6273,5564
14-Oct-2025,25179.4,Put,23150,0.5,57.82,15.0957,640,3214,5544
28-Oct-2025,25179.4,Put,25250,203,10.78,15.0957,652,5355,5383
20-Oct-2025,25179.4,Call,26800,1.5,19.18,15.0957,2045,2425,5327
28-Oct-2025,25179.4,Call,27000,2.4,14.34,15.0957,14,20501,4940
20-Oct-2025,25179.4,Call,26150,3.35,13.65,15.0957,635,2903,4776
20-Oct-2025,25179.4,Call,26350,2.25,15.23,15.0957,521,2143,4459
28-Oct-2025,25179.4,Call,25350,165.8,10.19,15.0957,756,4060,4401
28-Oct-2025,25179.4,Put,24200,21.55,14.81,15.0957,317,11095,4400
28-Oct-2025,25179.4,Put,24300,24.95,14.19,15.0957,-17,15232,4122
20-Oct-2025,25179.4,Put,25450,280.25,9.55,15.0957,288,1172,4111
20-Oct-2025,25179.4,Put,23400,2.55,25.22,15.0957,977,2184,4081
28-Oct-2025,25179.4,Call,26300,8.2,11.2,15.0957,-428,10269,4021
28-Oct-2025,25179.4,Put,23500,8.25,18.88,15.0957,808,24167,3938
25-Nov-2025,25179.4,Call,26000,128.7,9.44,15.0957,184,22433,3806
28-Oct-2025,25179.4,Put,24400,30,13.69,15.0957,-218,11358,3803
25-Nov-2025,25179.4,Put,24500,106.45,12.61,15.0957,784,19740,3795
14-Oct-2025,25179.4,Put,23450,0.45,49.34,15.0957,-329,1174,3673
28-Oct-2025,25179.4,Put,23000,5.15,22.08,15.0957,-232,31151,3565
20-Oct-2025,25179.4,Put,24150,6.25,18.01,15.0957,357,1344,3502
28-Oct-2025,25179.4,Call,25550,90.7,9.95,15.0957,416,3962,3463
20-Oct-2025,25179.4,Put,24050,5.25,18.96,15.0957,56,710,3417
25-Nov-2025,25179.4,Call,26500,44.3,9.47,15.0957,343,12570,3198
28-Oct-2025,25179.4,Put,24850,82.15,11.97,15.0957,320,2782,3122
25-Nov-2025,25179.4,Call,27000,17.9,10.28,15.0957,361,6296,3060
28-Oct-2025,25179.4,Put,25150,163.05,11.03,15.0957,308,4422,3055
28-Oct-2025,25179.4,Put,25350,252.35,10.58,15.0957,540,1990,3039
28-Oct-2025,25179.4,Call,26100,13.85,10.48,15.0957,490,9072,2806
25-Nov-2025,25179.4,Put,25000,216,11.87,15.0957,318,21540,2776
28-Oct-2025,25179.4,Put,23800,12.25,17.16,15.0957,-568,7604,2775
28-Oct-2025,25179.4,Call,25750,45.95,9.81,15.0957,317,4600,2734
28-Oct-2025,25179.4,Call,25950,22.5,10.15,15.0957,498,4019,2712
30-Dec-2025,25179.4,Call,27000,73.1,9.36,15.0957,40.3333333333,33926.6666667,2650
14-Oct-2025,25179.4,Put,25700,511,16.69,15.0957,-524,1171,2629
30-Dec-2025,25179.4,Put,24000,109.2,13.79,15.0957,97,48387.6666667,2626
28-Oct-2025,25179.4,Put,25800,567,10.55,15.0957,1280,4144,2547
28-Oct-2025,25179.4,Call,26400,6.5,11.57,15.0957,-118,7090,2499
25-Nov-2025,25179.4,Put,24000,58.25,13.92,15.0957,-7,18803,2436
20-Oct-2025,25179.4,Call,26450,2,16.13,15.0957,353,1018,2426
14-Oct-2025,25179.4,Call,24800,389.45,21.79,15.0957,-131,2731,2316
28-Oct-2025,25179.4,Call,25650,63.95,9.86,15.0957,-134,3963,2259
28-Oct-2025,25179.4,Call,25450,124.15,10.01,15.0957,260,4137,2222
25-Nov-2025,25179.4,Call,25500,313.4,9.52,15.0957,114,16159,2166
28-Oct-2025,25179.4,Put,24950,101,11.54,15.0957,215,2452,2153
28-Oct-2025,25179.4,Put,23700,10.7,17.75,15.0957,126,3559,2089
28-Oct-2025,25179.4,Put,25050,130.4,11.21,15.0957,196,3030,1973
20-Oct-2025,25179.4,Put,25600,399.3,8.44,15.0957,145,2502,1954
30-Dec-2025,25179.4,Call,26000,303.15,9.22,15.0957,38.6666666667,55269.3333333,1906
20-Oct-2025,25179.4,Call,24500,745.9,17.72,15.0957,-215,1408,1835
20-Oct-2025,25179.4,Put,25700,476.55,5.49,15.0957,1084,2266,1803
20-Oct-2025,25179.4,Call,25050,263.2,13.28,15.0957,98,917,1783
28-Oct-2025,25179.4,Put,23200,6.25,20.79,15.0957,664,5207,1759
25-Nov-2025,25179.4,Call,25300,416.8,9.63,15.0957,-22,3909,1752
30-Dec-2025,25179.4,Put,23900,93.45,13.84,15.0957,1207,3757,1750
28-Oct-2025,25179.4,Put,25600,412.75,10.34,15.0957,274,3679,1689
20-Oct-2025,25179.4,Call,24900,380.3,14,15.0957,41,3291,1688
28-Oct-2025,25179.4,Call,25850,31.9,9.95,15.0957,196,3125,1677
20-Oct-2025,25179.4,Call,27150,1.05,21.78,15.0957,289,1248,1653
25-Nov-2025,25179.4,-,0,25392,0,15.0957,259,17975,1651
28-Oct-2025,25179.4,Call,25150,275,10.71,15.0957,260,2891,1647
14-Oct-2025,25179.4,Call,24500,690,30.85,15.0957,-89,1986,1626
14-Oct-2025,25179.4,Put,25650,463.65,0,15.0957,-8,472,1617
20-Oct-2025,25179.4,Put,23850,3.95,20.8,15.0957,203,711,1599
28-Oct-2025,25179.4,Put,26000,753.05,11.5,15.0957,385,17362,1596
20-Oct-2025,25179.4,Put,23950,4.5,19.94,15.0957,185,787,1594
20-Oct-2025,25179.4,Put,23300,2.35,26.21,15.0957,109,918,1590
25-Nov-2025,25179.4,Put,25500,409.95,11.43,15.0957,240,9726,1581
28-Oct-2025,25179.4,Put,23900,14.05,16.66,15.0957,-31,5036,1564
28-Oct-2025,25179.4,Put,26200,943,12.25,15.0957,-1019,1773,1561
25-Nov-2025,25179.4,Put,25300,318.95,11.54,15.0957,155,3163,1558
04-Nov-2025,25179.4,Put,25600,401,11.04,15.0957,90,130,1422
25-Nov-2025,25179.4,Put,25200,277.65,11.71,15.0957,155,5459,1406
14-Oct-2025,25179.4,Call,24850,338.5,16.04,15.0957,20,881,1405
30-Dec-2025,25179.4,Put,25000,289.05,12.51,15.0957,108,40627,1400
25-Nov-2025,25179.4,Put,24600,121.75,12.42,15.0957,323,5101,1357
28-Oct-2025,25179.4,Call,24700,620.5,12.2,15.0957,94,16503,1336
30-Dec-2025,25179.4,Put,22000,31.4,19.21,15.0957,28,23007.3333333,1308
28-Oct-2025,25179.4,Put,24650,51.9,12.61,15.0957,95,2059,1289
20-Oct-2025,25179.4,Put,25550,353.05,9.24,15.0957,105,621,1275
20-Oct-2025,25179.4,Put,23200,2.3,27.24,15.0957,-198,957,1236
20-Oct-2025,25179.4,Put,22900,1.75,30.16,15.0957,-12,964,1231
14-Oct-2025,25179.4,Call,24700,489.9,25.9,15.0957,369,2189,1226
28-Oct-2025,25179.4,Call,24800,537.95,11.92,15.0957,-18,19662,1221
28-Oct-2025,25179.4,Put,24750,65.55,12.32,15.0957,188,4115,1208
30-Dec-2025,25179.4,Put,26000,724,12.27,15.0957,122.666666667,46086,1185
25-Nov-2025,25179.4,Call,26200,84.45,9.37,15.0957,-19,6615,1173
25-Nov-2025,25179.4,Put,23500,33.05,15.28,15.0957,155,9090,1164
20-Oct-2025,25179.4,Put,23750,3.5,21.8,15.0957,171,595,1144
20-Oct-2025,25179.4,Call,27100,1.05,21.4,15.0957,288,1157,1138
20-Oct-2025,25179.4,Call,24800,461.1,15.52,15.0957,23,2426,1130
28-Oct-2025,25179.4,Put,24100,18.85,15.44,15.0957,-169,4093,1126
28-Oct-2025,25179.4,Call,26050,16.25,10.37,15.0957,-57,2297,1031
25-Nov-2025,25179.4,Put,25600,459.95,11.43,15.0957,275,730,1011
30-Dec-2025,25179.4,Call,26500,148.05,9.01,15.0957,94,9093,977
04-Nov-2025,25179.4,Put,25200,211.05,11.17,15.0957,61,444,968
25-Nov-2025,25179.4,Call,26300,66.55,9.33,15.0957,-2,3956,947
30-Dec-2025,25179.4,Put,24500,170.1,12.9,15.0957,303,10931,939
25-Nov-2025,25179.4,Call,25400,364.05,9.54,15.0957,120,3015,925
25-Nov-2025,25179.4,Call,25200,476,9.47,15.0957,-60,3709,906
20-Oct-2025,25179.4,Call,26900,1.3,20.06,15.0957,150,372,903
20-Oct-2025,25179.4,Call,26550,1.9,17.03,15.0957,-18,439,887
30-Dec-2025,25179.4,Put,23500,68,14.64,15.0957,-4,4293,885
04-Nov-2025,25179.4,Call,25300,255.3,10.07,15.0957,107,667,879
25-Nov-2025,25179.4,Put,25100,246.15,11.74,15.0957,218,1941,873
28-Oct-2025,25179.4,Call,24500,795,12.31,15.0957,-117,15511,853
30-Dec-2025,25179.4,Put,23000,48,15.9,15.0957,70,33879.6666667,849
20-Oct-2025,25179.4,Put,23650,3.15,22.6,15.0957,5,420,844
28-Oct-2025,25179.4,Call,24900,455,11.43,15.0957,55,12006,806
20-Oct-2025,25179.4,Put,23550,2.8,23.67,15.0957,46,242,801
25-Nov-2025,25179.4,Put,24800,161.35,12.08,15.0957,146,6787,800
04-Nov-2025,25179.4,Call,26000,43.5,10.03,15.0957,80,1448,799
30-Dec-2025,25179.4,Call,25000,854.5,9.07,15.0957,87,26069,797
25-Nov-2025,25179.4,Put,24300,81.2,13.05,15.0957,146,5678,785
31-Mar-2026,25179.4,Put,25000,404.8,13.76,15.0957,121,10814,764
25-Nov-2025,25179.4,Put,24900,187.65,12.08,15.0957,129,2083,760
25-Nov-2025,25179.4,Put,23000,21.4,17.08,15.0957,75,8807,746
31-Mar-2026,25179.4,Call,26000,755.05,8.32,15.0957,-6,9536,742
25-Nov-2025,25179.4,Put,24400,91.2,12.84,15.0957,-30,5494,733
30-Dec-2025,25179.4,Put,24200,128,13.36,15.0957,246,2337,731
25-Nov-2025,25179.4,Call,25000,609.9,9.61,15.0957,79,10232,692
28-Oct-2025,25179.4,Put,24550,41,13.09,15.0957,39,2044,680
14-Oct-2025,25179.4,Call,24000,1190.5,45.91,15.0957,-213,915,674
20-Oct-2025,25179.4,Put,23100,2.05,28.16,15.0957,-22,311,666
04-Nov-2025,25179.4,Put,25300,254.65,10.86,15.0957,48,393,661
30-Dec-2025,25179.4,Call,25500,535,9.16,15.0957,57,3699,644
28-Oct-2025,25179.4,Put,23300,7.4,20.49,15.0957,-47,2699,626
30-Dec-2025,25179.4,Put,25500,460.7,12.2,15.0957,134,3602,625
20-Oct-2025,25179.4,Put,23450,2.6,24.59,15.0957,33,307,619
31-Mar-2026,25179.4,Put,24000,212,14.44,15.0957,-3,13132,606
25-Nov-2025,25179.4,Put,25400,362.65,11.52,15.0957,169,2336,597
04-Nov-2025,25179.4,Put,24500,55.85,12.9,15.0957,95,1114,582
04-Nov-2025,25179.4,Call,25500,165,9.95,15.0957,-29,645,581
25-Nov-2025,25179.4,Put,24700,140.45,12.26,15.0957,64,4025,549
14-Oct-2025,25179.4,Call,24750,446.5,24.97,15.0957,-45,613,533
20-Oct-2025,25179.4,Call,26650,1.9,17.8,15.0957,56,344,524
30-Dec-2025,25179.4,-,0,25561.5,0,15.0957,120,4431,522
25-Nov-2025,25179.4,Call,25600,263.8,9.39,15.0957,32,1878,516
28-Oct-2025,25179.4,Call,25050,341,10.63,15.0957,113,1387,514
28-Oct-2025,25179.4,Call,26700,3.9,12.95,15.0957,38,906,503
28-Oct-2025,25179.4,Put,22800,4.5,23.37,15.0957,-22,4289,497
28-Oct-2025,25179.4,Put,23600,9.5,18.42,15.0957,69,2523,491
20-Oct-2025,25179.4,Put,26000,771,0,15.0957,-105,894,486
28-Oct-2025,25179.4,Call,26150,11.75,10.64,15.0957,61,912,483
04-Nov-2025,25179.4,Put,25000,146.4,11.54,15.0957,1,1267,472
30-Dec-2025,25179.4,Call,28000,22.4,10.73,15.0957,13,20806.3333333,471
25-Nov-2025,25179.4,Call,26600,36.45,9.58,15.0957,50,1332,468
25-Nov-2025,25179.4,Call,26100,102.6,9.29,15.0957,80,2842,466
28-Oct-2025,25179.4,Put,25450,306.95,10.49,15.0957,118,1306,461
20-Oct-2025,25179.4,Call,27050,1.05,21.02,15.0957,2,518,450
30-Dec-2025,25179.4,Put,21000,25.25,22.87,15.0957,103.666666667,19033,447
28-Oct-2025,25179.4,Put,25700,481.25,10.12,15.0957,13,2960,440
25-Nov-2025,25179.4,Put,24200,71.4,13.27,15.0957,18,5226,437
28-Oct-2025,25179.4,Call,26600,4.4,12.41,15.0957,-26,1935,413
25-Nov-2025,25179.4,Call,26700,29.55,9.66,15.0957,113,1276,412
20-Oct-2025,25179.4,Put,23050,2,28.69,15.0957,-58,168,409
25-Nov-2025,25179.4,Call,25800,188,9.46,15.0957,50,4534,408
20-Oct-2025,25179.4,Put,25650,435.05,9.36,15.0957,131,251,406
28-Oct-2025,25179.4,Put,22600,4.3,25.14,15.0957,-52,24768,402
04-Nov-2025,25179.4,Put,25100,177,11.41,15.0957,-26,295,392
28-Oct-2025,25179.4,Put,24250,23.15,14.65,15.0957,-44,1329,389
25-Nov-2025,25179.4,Call,24900,686,9.37,15.0957,101,626,383
28-Oct-2025,25179.4,Call,26800,3.65,13.52,15.0957,7,5614,379
14-Oct-2025,25179.4,Put,25800,609.5,20.82,15.0957,-76,395,377
28-Oct-2025,25179.4,Put,24050,17.3,15.91,15.0957,-8,1356,356
14-Oct-2025,25179.4,Put,26000,805,27.74,15.0957,-113,1483,355
20-Oct-2025,25179.4,Put,23350,2.45,25.72,15.0957,139,214,352
28-Oct-2025,25179.4,Put,24350,27.95,14,15.0957,-1,1899,337
28-Oct-2025,25179.4,Call,26350,7.2,11.31,15.0957,-33,671,333
14-Oct-2025,25179.4,Put,25750,555.2,0,15.0957,-32,169,330
04-Nov-2025,25179.4,Put,24000,25.4,14.75,15.0957,117,1030,327
25-Nov-2025,25179.4,Put,26000,716.95,11.9,15.0957,71,4492,325
30-Dec-2025,25179.4,Call,26250,214,9.08,15.0957,187,243,325
30-Dec-2025,25179.4,Put,25200,349.45,12.41,15.0957,2,1278,324
20-Oct-2025,25179.4,Call,24950,342.45,14.16,15.0957,34,584,320
30-Dec-2025,25179.4,Put,24100,116.5,13.52,15.0957,108,1316,320
04-Nov-2025,25179.4,Call,25400,207.85,9.96,15.0957,10,317,319
04-Nov-2025,25179.4,Call,25700,99.3,9.84,15.0957,50,557,313
31-Mar-2026,25179.4,Put,23000,114,15.51,15.0957,37,7567,309
28-Oct-2025,25179.4,Call,24950,416.25,10.72,15.0957,-42,974,308
31-Mar-2026,25179.4,Put,22000,69.05,17.08,15.0957,-21,5592,306
20-Oct-2025,25179.4,Call,24700,557.2,16.06,15.0957,31,1787,305
20-Oct-2025,25179.4,Call,26750,1.65,18.65,15.0957,4,275,303
04-Nov-2025,25179.4,Put,24700,82.65,12.46,15.0957,48,369,302
25-Nov-2025,25179.4,Call,25700,222.3,9.33,15.0957,-34,2409,302
28-Oct-2025,25179.4,Call,26450,6,11.76,15.0957,14,299,299
28-Oct-2025,25179.4,Put,24450,33.95,13.52,15.0957,32,1587,297
04-Nov-2025,25179.4,Put,24800,99.95,11.93,15.0957,30,633,285
04-Nov-2025,25179.4,Call,25900,56.6,9.82,15.0957,10,976,283
31-Mar-2026,25179.4,Put,26000,755,13.63,15.0957,-75,8368,281
28-Oct-2025,25179.4,Call,26250,9.2,10.96,15.0957,-1,1380,280
28-Oct-2025,25179.4,Put,25550,379.1,10.68,15.0957,133,573,270
31-Mar-2026,25179.4,Call,25000,1366.55,6.4,15.0957,129,4556,270
28-Oct-2025,25179.4,Put,23750,11,17.49,15.0957,-29,597,261
14-Oct-2025,25179.4,Call,24600,593.7,0,15.0957,-9,806,255
14-Oct-2025,25179.4,Call,24650,547.9,28.51,15.0957,-38,374,254
28-Oct-2025,25179.4,Put,25900,660.55,11.11,15.0957,46,456,250
28-Oct-2025,25179.4,Put,24150,20,15.12,15.0957,28,1053,246
25-Nov-2025,25179.4,Call,25100,546.6,9.74,15.0957,0,966,245
04-Nov-2025,25179.4,Put,25500,355.8,10.57,15.0957,133,298,238
30-Dec-2025,25179.4,Put,23700,77.55,14.17,15.0957,30,1174,231
04-Nov-2025,25179.4,Call,25800,76,9.8,15.0957,77,147,230
31-Mar-2026,25179.4,Call,27000,341.2,8.57,15.0957,6,15504,224
04-Nov-2025,25179.4,Call,25600,128.9,9.89,15.0957,25,359,216
25-Nov-2025,25179.4,Call,25900,155.5,9.38,15.0957,34,1831,214
11-Nov-2025,25179.4,Put,25000,170.25,11.6,15.0957,19,296,208
28-Oct-2025,25179.4,Put,23450,8.35,19.23,15.0957,-2,582,202
20-Oct-2025,25179.4,Put,25800,570,6.26,15.0957,30,204,200
04-Nov-2025,25179.4,Call,25200,315.9,10.24,15.0957,25,422,197
04-Nov-2025,25179.4,Call,26200,25.25,10.28,15.0957,52,461,194
25-Nov-2025,25179.4,Put,23800,45.7,14.45,15.0957,41,4612,194
25-Nov-2025,25179.4,Put,25800,583.4,11.58,15.0957,73,838,190
25-Nov-2025,25179.4,Call,26800,23.8,9.82,15.0957,-6,2706,189
28-Oct-2025,25179.4,Put,22900,4.9,22.74,15.0957,26,573,188
11-Nov-2025,25179.4,Put,24800,121.2,11.97,15.0957,38,163,183
20-Oct-2025,25179.4,Put,22950,1.8,29.46,15.0957,-8,262,180
04-Nov-2025,25179.4,Put,24900,123.1,11.81,15.0957,10,341,180
30-Dec-2025,25179.4,Put,23400,56.15,14.54,15.0957,4,1571,177
30-Dec-2025,25179.4,Put,23800,87.6,13.95,15.0957,16,3881,170
28-Oct-2025,25179.4,Put,23850,12.9,16.54,15.0957,-6,555,169
28-Oct-2025,25179.4,Put,22700,4.2,24.13,15.0957,9,992,166
30-Dec-2025,25179.4,Call,24000,1654.6,0,15.0957,5,13021.3333333,165
04-Nov-2025,25179.4,Call,24900,522,10.64,15.0957,34,85,163
20-Oct-2025,25179.4,Call,26850,1.45,19.78,15.0957,-52,289,159
14-Oct-2025,25179.4,Put,25850,655.25,0,15.0957,-3,79,155
30-Dec-2025,25179.4,Put,23300,56.5,15.07,15.0957,5,486,155
30-Jun-2026,25179.4,Call,26000,1150,6.33,15.0957,32,922.333333333,154
20-Oct-2025,25179.4,Call,24000,1239.7,21.45,15.0957,61,571,147
14-Oct-2025,25179.4,Put,25950,758.9,0,15.0957,48,94,146
28-Oct-2025,25179.4,Call,24000,1279.1,13.41,15.0957,-13,7673,146
30-Dec-2025,25179.4,Call,26200,227.95,9.04,15.0957,71,1350,146
28-Oct-2025,25179.4,Call,24600,726,12.65,15.0957,4,6048,141
28-Oct-2025,25179.4,Put,23950,15.3,16.43,15.0957,-12,1283,139
14-Oct-2025,25179.4,Call,24550,643.3,22.75,15.0957,-13,230,138
25-Nov-2025,25179.4,Put,24100,64,13.66,15.0957,41,3050,137
04-Nov-2025,25179.4,Put,25400,305.45,11.04,15.0957,31,150,136
30-Dec-2025,25179.4,Call,29000,8.3,12.13,15.0957,15,11937.6666667,136
28-Oct-2025,25179.4,Put,23100,5.55,21.56,15.0957,18,1247,134
25-Nov-2025,25179.4,Put,23400,30.95,15.72,15.0957,0,763,134
31-Mar-2026,25179.4,Call,28000,138.35,8.99,15.0957,21,6560,129
28-Oct-2025,25179.4,Put,23400,7.9,19.81,15.0957,10,4389,128
28-Oct-2025,25179.4,Call,24850,494,11.3,15.0957,-37,722,128
30-Dec-2025,25179.4,Put,24300,138.1,13.18,15.0957,63,1240,128
04-Nov-2025,25179.4,Put,25250,227.3,11.29,15.0957,-1,98,126
25-Nov-2025,25179.4,Put,23700,41.45,14.89,15.0957,-35,1863,125
30-Dec-2025,25179.4,Put,20000,17,26,15.0957,40,11872.6666667,125
25-Nov-2025,25179.4,Call,25150,515.7,9.61,15.0957,30,184,122
28-Oct-2025,25179.4,Put,23650,9.1,18.19,15.0957,17,346,118
04-Nov-2025,25179.4,Call,25250,285.65,10.35,15.0957,38,127,118
30-Dec-2025,25179.4,Put,24400,151.8,13.03,15.0957,34,1933,117
30-Dec-2025,25179.4,Call,26100,269.15,9.21,15.0957,2,976,113
20-Oct-2025,25179.4,Call,26950,1.3,20.48,15.0957,40,133,112
25-Nov-2025,25179.4,Put,22700,18.95,18.4,15.0957,46,2273,112
28-Oct-2025,25179.4,Call,26550,4.85,12.24,15.0957,-10,235,111
25-Nov-2025,25179.4,Call,25250,448.15,9.4,15.0957,38,150,108
28-Oct-2025,25179.4,Call,23000,2264.6,0,15.0957,-78,13969,106
04-Nov-2025,25179.4,Call,25150,345,10.35,15.0957,34,91,104
04-Nov-2025,25179.4,Call,25100,382.95,10.74,15.0957,3,125,102
11-Nov-2025,25179.4,Call,26000,68.95,9.49,15.0957,46,398,102
11-Nov-2025,25179.4,Call,25300,314.3,9.71,15.0957,10,160,102
30-Dec-2025,25179.4,Put,25100,316.2,12.56,15.0957,28,428,102
30-Dec-2025,25179.4,Call,25300,655,9.09,15.0957,8,731,99
28-Oct-2025,25179.4,Call,24750,579.45,11.96,15.0957,3,4823,98
20-Oct-2025,25179.4,Put,23150,2.2,27.78,15.0957,-16,178,96
25-Nov-2025,25179.4,Put,25700,510,11.52,15.0957,7,732,94
28-Oct-2025,25179.4,Call,26650,4.2,12.71,15.0957,15,369,93
30-Dec-2025,25179.4,Put,24900,259.55,12.54,15.0957,20,482,93
20-Oct-2025,25179.4,Call,24850,437.8,14.1,15.0957,-5,372,88
31-Mar-2026,25179.4,Put,27000,1302.75,13.87,15.0957,40,3375,86
30-Dec-2025,25179.4,Put,25300,379.2,12.34,15.0957,9,999,86
28-Oct-2025,25179.4,Call,24300,996.5,12,15.0957,-14,711,85
11-Nov-2025,25179.4,Put,24600,86.85,12.55,15.0957,60,162,85
25-Nov-2025,25179.4,Call,27150,13.9,10.45,15.0957,6,633,83
04-Nov-2025,25179.4,Put,24300,36.75,13.43,15.0957,4,462,82
11-Nov-2025,25179.4,Put,25300,274.6,11.12,15.0957,7,53,82
11-Nov-2025,25179.4,Call,26950,9.5,11.47,15.0957,23,79,81
25-Nov-2025,25179.4,Put,23900,52.05,14.31,15.0957,22,3566,81
30-Dec-2025,25179.4,Call,25200,718.55,8.99,15.0957,-16,406,81
28-Oct-2025,25179.4,Put,23550,8.95,18.71,15.0957,-10,363,79
30-Dec-2025,25179.4,Call,25400,600,9.05,15.0957,7,532,79
28-Oct-2025,25179.4,Put,22850,4.75,23.2,15.0957,1,135,78
04-Nov-2025,25179.4,Call,25350,233,10.08,15.0957,1,168,78
25-Nov-2025,25179.4,Call,24500,998.5,8.73,15.0957,11,1485,78
14-Oct-2025,25179.4,Call,23000,2194.4,0,15.0957,-6,110,77
20-Oct-2025,25179.4,Put,23250,2.3,26.69,15.0957,2,50,77
04-Nov-2025,25179.4,Call,25450,190,10.03,15.0957,-22,86,77
04-Nov-2025,25179.4,Call,25550,146,9.86,15.0957,4,77,77
30-Dec-2025,25179.4,Put,27000,1450,13.87,15.0957,25.3333333333,11124,77
04-Nov-2025,25179.4,Call,25000,451,10.51,15.0957,-12,272,76
20-Oct-2025,25179.4,Put,25900,662.7,12.01,15.0957,2,284,74
28-Oct-2025,25179.4,Call,26900,3.25,14.03,15.0957,14,710,74
04-Nov-2025,25179.4,Put,25350,279.9,10.92,15.0957,21,63,74
25-Nov-2025,25179.4,Put,24550,112.5,12.55,15.0957,2,333,74
28-Oct-2025,25179.4,Call,23500,1770.1,0,15.0957,-3,5727,71
04-Nov-2025,25179.4,Put,24400,46.8,13.31,15.0957,21,266,71
04-Nov-2025,25179.4,Put,24600,68.7,12.58,15.0957,5,797,69
30-Dec-2025,25179.4,Put,25400,420.8,12.43,15.0957,24,419,69
14-Oct-2025,25179.4,Put,25900,708.6,0,15.0957,-23,95,67
25-Nov-2025,25179.4,Put,25250,286.85,11.7,15.0957,18,323,67
30-Dec-2025,25179.4,Put,19000,12.3,29.5,15.0957,-10,5123.33333333,65
14-Oct-2025,25179.4,Put,26200,960.4,0,15.0957,-9,48,64
28-Oct-2025,25179.4,Put,26500,1228.25,14.97,15.0957,-2,7549,64
28-Oct-2025,25179.4,Put,27000,1734.15,21.34,15.0957,3,11587,64
31-Mar-2026,25179.4,Put,21000,51,19.37,15.0957,2,1595,64
20-Oct-2025,25179.4,Call,24750,516,13.94,15.0957,1,334,63
20-Oct-2025,25179.4,Call,23000,2285,50.78,15.0957,24,163,60
28-Oct-2025,25179.4,Call,27100,2.3,14.88,15.0957,-10,558,60
25-Nov-2025,25179.4,Put,25450,384.3,11.76,15.0957,8,132,59
04-Nov-2025,25179.4,Put,25550,390.5,11,15.0957,44,45,58
11-Nov-2025,25179.4,Call,26100,53.35,9.65,15.0957,6,76,58
11-Nov-2025,25179.4,Put,25200,231.95,11.22,15.0957,8,182,58
30-Jun-2026,25179.4,Call,27000,649.05,7.42,15.0957,21,1341,58
11-Nov-2025,25179.4,Put,25500,375.6,11.16,15.0957,1,141,56
11-Nov-2025,25179.4,Call,25200,364.5,9.64,15.0957,-5,130,55
25-Nov-2025,25179.4,Call,25350,390.55,9.4,15.0957,6,173,54
28-Oct-2025,25179.4,Put,23350,7.35,19.88,15.0957,15,685,53
04-Nov-2025,25179.4,Call,26400,12.45,10.25,15.0957,1,350,53
30-Jun-2026,25179.4,Put,24000,271.05,14.74,15.0957,18,1891,53
20-Oct-2025,25179.4,Put,25750,517.2,7.95,15.0957,5,35,52
14-Oct-2025,25179.4,Call,24400,787.55,24.05,15.0957,-10,179,51
28-Oct-2025,25179.4,Call,27150,2,15.01,15.0957,15,1446,51
31-Mar-2026,25179.4,Call,30000,34.25,10.99,15.0957,-24,1797,51
11-Nov-2025,25179.4,Call,24900,595,0,15.0957,0,6,50
04-Nov-2025,25179.4,Put,24850,111.7,11.66,15.0957,4,114,49
30-Dec-2025,25179.4,Call,25800,391,9.05,15.0957,0,677,49
30-Dec-2025,25179.4,Put,26300,857.1,11.4,15.0957,28,39,49
14-Oct-2025,25179.4,Call,23450,1781.1,90.24,15.0957,24,25,48
04-Nov-2025,25179.4,Put,24750,91.55,12.24,15.0957,10,72,48
25-Nov-2025,25179.4,Put,25150,250,11.76,15.0957,4,271,48
25-Nov-2025,25179.4,Call,26150,95.45,9.31,15.0957,1,193,48
28-Oct-2025,25179.4,Put,25650,449,11.01,15.0957,19,282,47
11-Nov-2025,25179.4,Call,25900,82.65,9.68,15.0957,-9,139,47
25-Nov-2025,25179.4,Call,25450,335,9.37,15.0957,-8,106,47
25-Nov-2025,25179.4,Call,24800,764,9.44,15.0957,8,1104,47
30-Dec-2025,25179.4,Put,23750,74.75,13.76,15.0957,17,44,47
30-Dec-2025,25179.4,Put,25800,605.95,12.33,15.0957,28,200,47
04-Nov-2025,25179.4,Put,24650,75.4,12.5,15.0957,3,50,46
04-Nov-2025,25179.4,Call,26500,10.8,10.87,15.0957,15,357,45
25-Nov-2025,25179.4,Put,22800,21.85,17.78,15.0957,-12,302,45
11-Nov-2025,25179.4,Call,25500,214.5,9.73,15.0957,-6,200,44
30-Jun-2026,25179.4,Put,26000,781.1,14.46,15.0957,3,1172,43
30-Dec-2025,25179.4,Put,26400,944.8,11.9,15.0957,2,162,43
28-Oct-2025,25179.4,Call,26850,3.1,13.69,15.0957,9,117,42
30-Dec-2025,25179.4,Put,25700,553.55,12.35,15.0957,8,169,42
14-Oct-2025,25179.4,Call,22850,2403.55,129.75,15.0957,-29,60,39
28-Oct-2025,25179.4,Put,22950,4.75,22.27,15.0957,-4,81,39
30-Jun-2026,25179.4,Put,25000,469.25,14.58,15.0957,18,1917,39
25-Nov-2025,25179.4,Put,24850,173.9,12.24,15.0957,8,258,38
25-Nov-2025,25179.4,Put,24750,152,12.37,15.0957,0,291,38
25-Nov-2025,25179.4,Put,24650,127.75,12.6,15.0957,7,294,37
25-Nov-2025,25179.4,Put,22850,19.75,17.73,15.0957,-7,17,37
28-Oct-2025,25179.4,Call,24400,903.95,13.09,15.0957,16,590,36
04-Nov-2025,25179.4,Put,23600,14.3,16.5,15.0957,16,31,36
04-Nov-2025,25179.4,Put,25050,161.7,11.23,15.0957,4,116,36
30-Dec-2025,25179.4,Put,24600,185,12.89,15.0957,3,640,36
28-Oct-2025,25179.4,Put,22750,4.3,23.7,15.0957,4,48,35
04-Nov-2025,25179.4,Call,26550,10.55,11.02,15.0957,0,99,35
11-Nov-2025,25179.4,Call,26600,17.75,10.58,15.0957,14,118,35
30-Dec-2025,25179.4,Call,22000,3540,0,15.0957,1,6197,35
20-Oct-2025,25179.4,Call,24600,664,19.73,15.0957,12,1154,34
25-Nov-2025,25179.4,Call,25850,170.95,9.31,15.0957,3,529,34
31-Mar-2026,25179.4,Call,29000,59.1,9.73,15.0957,10,2154,34
30-Dec-2025,25179.4,Put,25850,621.1,12.28,15.0957,3,51,34
25-Nov-2025,25179.4,Put,24950,200.25,12.12,15.0957,8,423,33
20-Oct-2025,25179.4,Call,24300,999.05,27.9,15.0957,-3,181,32
28-Oct-2025,25179.4,Call,27050,2.45,14.69,15.0957,-1,155,32
04-Nov-2025,25179.4,Put,25150,195.45,11.09,15.0957,2,243,32
30-Dec-2025,25179.4,Call,26050,284.4,9.42,15.0957,-2,25,32
30-Dec-2025,25179.4,Put,25250,357.45,12.28,15.0957,17,203,32
30-Dec-2025,25179.4,Call,30000,6.65,14.54,15.0957,-7,8217.66666667,31
30-Dec-2025,25179.4,Put,24800,230,12.53,15.0957,14,823,31
28-Oct-2025,25179.4,Call,26950,3.15,14.13,15.0957,-4,164,30
04-Nov-2025,25179.4,Put,24950,134.95,11.74,15.0957,-15,170,30
25-Nov-2025,25179.4,Put,25900,636.65,11.58,15.0957,13,71,30
30-Dec-2025,25179.4,Put,26200,843.55,12.56,15.0957,23,51,30
20-Oct-2025,25179.4,Call,24400,857.95,23.33,15.0957,1,392,29
04-Nov-2025,25179.4,Put,23500,12,16.75,15.0957,7,370,29
25-Nov-2025,25179.4,Call,25650,246.2,9.32,15.0957,20,117,29
04-Nov-2025,25179.4,Put,24200,29.95,13.93,15.0957,9,18,28
25-Nov-2025,25179.4,Put,23200,25.5,16.36,15.0957,9,817,28
30-Dec-2025,25179.4,Put,25450,399.2,11.43,15.0957,4,81,28
30-Dec-2025,25179.4,Put,29000,3383.75,23.01,15.0957,18,8681,28
30-Jun-2026,25179.4,Call,30000,95,9.43,15.0957,-3,260,28
30-Dec-2025,25179.4,Put,25900,664.55,11.71,15.0957,11,81,28
30-Dec-2025,25179.4,Call,25700,433.5,9.08,15.0957,10,301,26
14-Oct-2025,25179.4,Put,27100,1846.95,0,15.0957,-11,98,25
14-Oct-2025,25179.4,Call,24100,1150,70.72,15.0957,14,140,25
04-Nov-2025,25179.4,Call,24800,644.95,12.82,15.0957,4,66,25
25-Nov-2025,25179.4,Call,24000,1450,0,15.0957,2,662,24
30-Dec-2025,25179.4,Put,25600,497.3,12.21,15.0957,15,210,24
25-Nov-2025,25179.4,Put,24050,60.9,13.81,15.0957,12,57,23
25-Nov-2025,25179.4,Put,23600,37.65,15.11,15.0957,0,904,23
20-Oct-2025,25179.4,Call,24200,1055,22.3,15.0957,-3,64,22
28-Oct-2025,25179.4,Put,23150,5.85,21.27,15.0957,15,437,22
04-Nov-2025,25179.4,Call,26900,5.7,12.19,15.0957,0,475,22
11-Nov-2025,25179.4,Call,25650,155.15,9.49,15.0957,8,42,22
25-Nov-2025,25179.4,Put,25050,217.2,11.97,15.0957,13,261,22
25-Nov-2025,25179.4,Call,25750,204.15,9.29,15.0957,3,253,22
30-Dec-2025,25179.4,Call,25950,339.65,9.47,15.0957,-5,20,22
30-Dec-2025,25179.4,Put,24700,206.5,12.68,15.0957,2,414,22
04-Nov-2025,25179.4,Put,23000,7.75,19.45,15.0957,14,393,21
25-Nov-2025,25179.4,Put,25350,326.9,11.63,15.0957,1,201,21
30-Dec-2025,25179.4,Call,25100,791.05,9.02,15.0957,-10,211,21
11-Nov-2025,25179.4,Call,25400,256.65,10.2,15.0957,-4,67,20
11-Nov-2025,25179.4,Call,25000,510.45,10.04,15.0957,3,81,20
25-Nov-2025,25179.4,Put,23550,35.05,15.23,15.0957,5,20,20
30-Dec-2025,25179.4,Put,25150,325.35,11.86,15.0957,4,63,20
04-Nov-2025,25179.4,Call,26850,6.4,12.23,15.0957,2,3,19
11-Nov-2025,25179.4,Call,25100,450,10.31,15.0957,-4,50,19
25-Nov-2025,25179.4,Put,24150,68,13.53,15.0957,7,173,19
14-Oct-2025,25179.4,Call,24300,893.5,58.71,15.0957,2,139,18
11-Nov-2025,25179.4,Call,25600,174,9.61,15.0957,4,53,18
11-Nov-2025,25179.4,Put,24500,72.6,12.49,15.0957,15,40,18
25-Nov-2025,25179.4,Put,26500,1123.9,13.14,15.0957,5,1144,18
20-Oct-2025,25179.4,Put,26100,788.05,0,15.0957,-3,48,17
04-Nov-2025,25179.4,Call,26700,8,11.52,15.0957,9,18,17
11-Nov-2025,25179.4,Put,25100,193,11.38,15.0957,0,53,17
30-Dec-2025,25179.4,Put,26100,780.75,12.51,15.0957,-1,62,17
29-Dec-2026,25179.4,Put,26000,935,17.16,15.0957,-5,1735,17
14-Oct-2025,25179.4,Call,24200,993.65,0,15.0957,-8,187,16
28-Oct-2025,25179.4,Put,26100,827,11.31,15.0957,-5,323,16
28-Oct-2025,25179.4,Put,25750,526,11.14,15.0957,6,190,16
14-Oct-2025,25179.4,Put,26100,893.75,0,15.0957,-8,48,15
14-Oct-2025,25179.4,Call,24350,843.65,33.55,15.0957,0,251,15
28-Oct-2025,25179.4,Call,24650,663.95,12.52,15.0957,-1,995,15
04-Nov-2025,25179.4,Call,25850,66.6,9.85,15.0957,-2,87,15
29-Dec-2026,25179.4,Call,29000,670,8.08,15.0957,3,609,15
14-Oct-2025,25179.4,Put,26050,798.55,0,15.0957,-1,13,14
14-Oct-2025,25179.4,Call,24450,743.65,33.04,15.0957,0,175,14
04-Nov-2025,25179.4,Call,25750,90,9.99,15.0957,3,89,14
04-Nov-2025,25179.4,Call,26600,9.75,11.22,15.0957,5,20,14
25-Nov-2025,25179.4,Put,23300,27.35,15.89,15.0957,10,398,14
30-Dec-2025,25179.4,Call,25250,693.1,9.11,15.0957,11,199,14
20-Oct-2025,25179.4,Put,26300,1055,0,15.0957,1,52,13
11-Nov-2025,25179.4,Call,25350,288.85,9.62,15.0957,2,49,13
25-Nov-2025,25179.4,Call,23000,2416.9,0,15.0957,12,422,13
25-Nov-2025,25179.4,Call,25550,287.3,9.34,15.0957,-1,173,13
30-Dec-2025,25179.4,Call,24500,1256.85,8.13,15.0957,-8,522,13
14-Oct-2025,25179.4,Put,26250,992.95,0,15.0957,0,7,12
04-Nov-2025,25179.4,Put,23700,15.8,16.01,15.0957,4,107,12
11-Nov-2025,25179.4,Put,24300,50.7,13.65,15.0957,1,2,12
25-Nov-2025,25179.4,Call,24700,855.3,9.94,15.0957,-3,740,12
30-Dec-2025,25179.4,Call,24800,1005.75,8.93,15.0957,7,203,12
30-Dec-2025,25179.4,Call,25900,346.9,9.09,15.0957,4,159,12
30-Dec-2025,25179.4,Call,23000,2580,0,15.0957,-4,7980,12
29-Dec-2026,25179.4,Put,25000,695,17.46,15.0957,6,3292.66666667,12
20-Oct-2025,25179.4,Put,26200,958.4,0,15.0957,-1,14,11
25-Nov-2025,25179.4,Put,24450,94.95,12.83,15.0957,6,306,11
25-Nov-2025,25179.4,Call,25050,578.1,9.42,15.0957,0,69,11
30-Dec-2025,25179.4,Put,26500,1054.3,12.89,15.0957,-3,1160,11
30-Dec-2025,25179.4,Call,21000,4530,0,15.0957,-6.33333333333,5352.66666667,11
31-Mar-2026,25179.4,Put,28000,2075.35,15.35,15.0957,1,1380,11
30-Dec-2025,25179.4,Call,25600,482,9.48,15.0957,4,430,11
29-Dec-2026,25179.4,Put,20000,135.15,21.01,15.0957,0,577.666666667,11
11-Nov-2025,25179.4,Call,26200,39.25,9.6,15.0957,5,78,10
11-Nov-2025,25179.4,Put,24000,30.2,13.89,15.0957,-2,78,10
25-Nov-2025,25179.4,Call,24950,663.55,10.73,15.0957,1,101,10
30-Jun-2026,25179.4,Put,22000,107,16.94,15.0957,0,325,10
11-Nov-2025,25179.4,Put,25050,170.8,11.2,15.0957,-5,47,9
04-Nov-2025,25179.4,Call,26750,7.4,12.35,15.0957,3,4,9
11-Nov-2025,25179.4,Put,25350,296.45,11.07,15.0957,3,13,9
30-Dec-2025,25179.4,Put,23250,50,14.89,15.0957,0,125,9
30-Dec-2025,25179.4,Put,28000,2406.65,16.63,15.0957,2,10936,9
29-Dec-2026,25179.4,Call,27000,1516.3,6.61,15.0957,1,1076,9
31-Mar-2026,25179.4,Put,20000,36,21.41,15.0957,0,969,9
29-Dec-2026,25179.4,Put,24000,472,17.64,15.0957,1,1386.33333333,9
14-Oct-2025,25179.4,Call,23400,1880,116.63,15.0957,0,8,8
25-Nov-2025,25179.4,Put,25650,480.35,10.48,15.0957,-3,82,8
30-Dec-2025,25179.4,Call,25750,410,0,15.0957,-4,65,8
30-Dec-2025,25179.4,Put,30000,4301.95,24.49,15.0957,1,2573.66666667,8
29-Dec-2026,25179.4,Put,23000,343,18.32,15.0957,-1,995,8
30-Jun-2026,25179.4,Put,23000,162.55,15.68,15.0957,-1,552,8
30-Dec-2025,25179.4,Put,25650,522.25,12.16,15.0957,2,61,8
28-Oct-2025,25179.4,Put,25950,697.35,11.13,15.0957,1,55,7
28-Oct-2025,25179.4,Call,24100,1200.05,14.5,15.0957,-4,173,7
11-Nov-2025,25179.4,Call,25450,238.95,9.66,15.0957,3,13,7
25-Nov-2025,25179.4,Call,23500,1933.5,0,15.0957,0,235,7
25-Nov-2025,25179.4,Put,24350,83.6,12.38,15.0957,1,227,7
25-Nov-2025,25179.4,Put,27000,1560,13.69,15.0957,4,614,7
31-Mar-2026,25179.4,Call,24000,2110,0,15.0957,-1,2009,7
20-Oct-2025,25179.4,Put,26400,1056.95,0,15.0957,0,23,6
20-Oct-2025,25179.4,Call,24100,1151,36.21,15.0957,2,36,6
28-Oct-2025,25179.4,Call,23800,1575,28.04,15.0957,-5,308,6
11-Nov-2025,25179.4,Put,25250,246.7,11.16,15.0957,1,8,6
25-Nov-2025,25179.4,Call,24600,910.9,9.77,15.0957,-1,448,6
30-Dec-2025,25179.4,Put,18000,8.35,32.34,15.0957,0,2106.66666667,6
30-Dec-2025,25179.4,Put,25050,276.35,11.99,15.0957,5,165,6
30-Dec-2025,25179.4,Call,31000,4,16.17,15.0957,0,3734.33333333,6
30-Dec-2025,25179.4,Call,20000,5500,0,15.0957,0,4943.33333333,6
28-Oct-2025,25179.4,Put,26300,1018.35,0,15.0957,0,334,5
30-Dec-2025,25179.4,Put,24950,251.55,12.13,15.0957,1,81,5
29-Dec-2026,25179.4,Call,26000,2096.2,0,15.0957,3,489,5
29-Dec-2026,25179.4,Put,22000,242,18.94,15.0957,-1,801.666666667,5
29-Dec-2026,25179.4,Call,28000,1030,7.54,15.0957,4,798,5
14-Oct-2025,25179.4,Call,23500,1700,50.1,15.0957,-2,239,4
28-Oct-2025,25179.4,Call,24200,1101.4,14.09,15.0957,2,366,4
04-Nov-2025,25179.4,Call,25050,420,11.39,15.0957,0,31,4
11-Nov-2025,25179.4,Put,24650,94.05,12.48,15.0957,0,0,4
11-Nov-2025,25179.4,Call,25250,346.9,9.86,15.0957,0,12,4
30-Dec-2025,25179.4,Put,25550,476.05,11.37,15.0957,-2,52,4
20-Oct-2025,25179.4,Call,23500,1750,32.66,15.0957,0,9,3
14-Oct-2025,25179.4,Call,24150,1105.55,70.49,15.0957,0,67,3
14-Oct-2025,25179.4,Put,26500,1258.05,0,15.0957,0,35,3
14-Oct-2025,25179.4,Put,26300,993,0,15.0957,-1,11,3
14-Oct-2025,25179.4,Call,23700,1560,93.8,15.0957,0,9,3
20-Oct-2025,25179.4,Call,24350,940,25.6,15.0957,0,6,3
11-Nov-2025,25179.4,Call,27000,15,12.74,15.0957,1,1,3
25-Nov-2025,25179.4,Put,25550,434,9.97,15.0957,1,88,3
25-Nov-2025,25179.4,Put,23750,40.55,14.48,15.0957,0,38,3
30-Dec-2025,25179.4,Call,24900,920,8.47,15.0957,0,221,3
29-Dec-2026,25179.4,Put,27000,1260,16.96,15.0957,2,942,3
30-Jun-2026,25179.4,Call,25000,1800,0,15.0957,1,284,3
29-Dec-2026,25179.4,Call,25000,2713.1,0,15.0957,2,1017.66666667,3
29-Dec-2026,25179.4,Put,28000,1690,17.11,15.0957,0,691,3
14-Oct-2025,25179.4,Put,26450,1192.2,0,15.0957,0,9,2
14-Oct-2025,25179.4,Call,23800,1450,84.75,15.0957,0,14,2
14-Oct-2025,25179.4,Put,27000,1741,0,15.0957,0,20,2
20-Oct-2025,25179.4,Call,24650,611,15.3,15.0957,0,136,2
20-Oct-2025,25179.4,Call,23700,1590,38.49,15.0957,-1,12,2
28-Oct-2025,25179.4,Put,27150,1820,0,15.0957,0,63,2
04-Nov-2025,25179.4,Put,23800,18.3,15.68,15.0957,0,67,2
11-Nov-2025,25179.4,Call,25550,201.65,9.85,15.0957,0,7,2
11-Nov-2025,25179.4,Put,24200,42.4,13.4,15.0957,1,1,2
11-Nov-2025,25179.4,Put,23500,17,15.88,15.0957,0,81,2
30-Dec-2025,25179.4,Call,17000,8471.9,0,15.0957,0,1444.33333333,2
30-Dec-2025,25179.4,Put,25350,362.65,11.52,15.0957,-1,49,2
14-Oct-2025,25179.4,Call,23950,1233.7,0,15.0957,0,5,1
20-Oct-2025,25179.4,Call,24050,1219.2,0,15.0957,0,4,1
20-Oct-2025,25179.4,Put,25950,680,0,15.0957,0,16,1
28-Oct-2025,25179.4,Call,24450,866.2,0,15.0957,0,157,1
28-Oct-2025,25179.4,Put,26800,1450,0,15.0957,0,225,1
28-Oct-2025,25179.4,Put,23050,5.7,21.95,15.0957,0,396,1
28-Oct-2025,25179.4,Call,22700,2636.5,37.81,15.0957,0,41,1
28-Oct-2025,25179.4,Put,25850,620.05,12.4,15.0957,0,96,1
28-Oct-2025,25179.4,Call,24150,1200.8,20.9,15.0957,0,21,1
28-Oct-2025,25179.4,Call,23600,1761.55,29.4,15.0957,0,89,1
04-Nov-2025,25179.4,Put,22850,5.15,19.42,15.0957,0,106,1
04-Nov-2025,25179.4,Put,25450,319.9,10.78,15.0957,0,17,1
28-Oct-2025,25179.4,Call,24550,802.95,15.56,15.0957,0,181,1
11-Nov-2025,25179.4,Call,25150,409,9.95,15.0957,0,0,1
04-Nov-2025,25179.4,Call,26650,10.95,11.81,15.0957,0,43,1
04-Nov-2025,25179.4,Put,25700,429.1,8.23,15.0957,0,55,1
11-Nov-2025,25179.4,Put,24100,30,13.07,15.0957,0,1,1
11-Nov-2025,25179.4,Put,25150,189.35,10.54,15.0957,0,2,1
25-Nov-2025,25179.4,Call,24650,894.6,9.87,15.0957,0,36,1
25-Nov-2025,25179.4,Put,25750,475,9.54,15.0957,0,44,1
25-Nov-2025,25179.4,Put,26200,803.8,9.8,15.0957,0,37,1
25-Nov-2025,25179.4,Put,23100,26.85,17.23,15.0957,0,154,1
25-Nov-2025,25179.4,Put,23950,49.15,13.8,15.0957,0,63,1
30-Dec-2025,25179.4,Put,26050,737.85,12.22,15.0957,0,21,1
30-Dec-2025,25179.4,Put,23550,64,14.24,15.0957,0,80,1
30-Dec-2025,25179.4,Put,22900,42,16,15.0957,0,129,1
30-Dec-2025,25179.4,Call,25450,571.2,0,15.0957,0,25,1
30-Dec-2025,25179.4,Put,23600,63.4,13.95,15.0957,0,262,1
30-Jun-2026,25179.4,Put,21000,69,18.14,15.0957,0,4826,1
30-Dec-2025,25179.4,Put,23200,50.95,15.2,15.0957,0,284,1
30-Dec-2025,25179.4,Call,25850,366.05,9.13,15.0957,0,44,1
29-Dec-2026,25179.4,Call,24000,3420,0,15.0957,0,134,1
29-Dec-2026,25179.4,Call,31000,242.05,8.6,15.0957,0,297,1
14-Oct-2025,25179.4,Call,23050,0,0,15.0957,0,0,0
14-Oct-2025,25179.4,Call,22900,0,0,15.0957,0,1,0
14-Oct-2025,25179.4,Call,22950,0,0,15.0957,0,0,0
14-Oct-2025,25179.4,Call,24050,0,0,15.0957,0,18,0
14-Oct-2025,25179.4,Call,24250,0,0,15.0957,0,35,0
14-Oct-2025,25179.4,Put,27150,0,0,15.0957,0,0,0
20-Oct-2025,25179.4,Call,23450,0,0,15.0957,0,1,0
14-Oct-2025,25179.4,Put,27050,0,0,15.0957,0,0,0
14-Oct-2025,25179.4,Call,23650,0,0,15.0957,0,8,0
14-Oct-2025,25179.4,Put,26350,0,0,15.0957,0,8,0
14-Oct-2025,25179.4,Call,23300,0,0,15.0957,0,4,0
14-Oct-2025,25179.4,Put,26600,0,0,15.0957,0,0,0
14-Oct-2025,25179.4,Call,23900,0,0,15.0957,0,27,0
14-Oct-2025,25179.4,Call,23850,0,0,15.0957,0,7,0
14-Oct-2025,25179.4,Call,23350,0,0,15.0957,0,1,0
20-Oct-2025,25179.4,Put,26700,0,0,15.0957,0,1,0
20-Oct-2025,25179.4,Put,26550,0,0,15.0957,0,4,0
20-Oct-2025,25179.4,Put,26850,0,0,15.0957,0,1,0
14-Oct-2025,25179.4,Call,23550,0,0,15.0957,0,3,0
14-Oct-2025,25179.4,Call,23200,0,0,15.0957,0,1,0
20-Oct-2025,25179.4,Call,23800,0,0,15.0957,0,38,0
14-Oct-2025,25179.4,Call,23100,0,0,15.0957,0,1,0
14-Oct-2025,25179.4,Put,26850,0,0,15.0957,0,0,0
14-Oct-2025,25179.4,Call,23750,0,0,15.0957,0,4,0
14-Oct-2025,25179.4,Put,26550,0,0,15.0957,0,0,0
14-Oct-2025,25179.4,Put,26800,0,0,15.0957,0,0,0
14-Oct-2025,25179.4,Call,23150,0,0,15.0957,0,1,0
20-Oct-2025,25179.4,Put,26750,0,0,15.0957,0,3,0
20-Oct-2025,25179.4,Put,26500,0,0,15.0957,0,37,0
20-Oct-2025,25179.4,Put,26600,0,0,15.0957,0,2,0
14-Oct-2025,25179.4,Put,26150,0,0,15.0957,0,10,0
14-Oct-2025,25179.4,Put,26750,0,0,15.0957,0,0,0
20-Oct-2025,25179.4,Call,23350,0,0,15.0957,0,1,0
14-Oct-2025,25179.4,Put,26700,0,0,15.0957,0,0,0
20-Oct-2025,25179.4,Put,26450,0,0,15.0957,0,1,0
14-Oct-2025,25179.4,Put,26900,0,0,15.0957,0,0,0
14-Oct-2025,25179.4,Put,26950,0,0,15.0957,0,2,0
20-Oct-2025,25179.4,Put,26800,0,0,15.0957,0,1,0
20-Oct-2025,25179.4,Put,27050,0,0,15.0957,0,1,0
20-Oct-2025,25179.4,Put,26650,0,0,15.0957,0,1,0
20-Oct-2025,25179.4,Put,26900,0,0,15.0957,0,1,0
14-Oct-2025,25179.4,Call,23250,0,0,15.0957,0,1,0
20-Oct-2025,25179.4,Call,23400,0,0,15.0957,0,1,0
14-Oct-2025,25179.4,Put,26650,0,0,15.0957,0,1,0
14-Oct-2025,25179.4,Put,26400,0,0,15.0957,0,8,0
14-Oct-2025,25179.4,Call,23600,0,0,15.0957,0,12,0
20-Oct-2025,25179.4,Put,26950,0,0,15.0957,0,1,0
20-Oct-2025,25179.4,Call,23300,0,0,15.0957,0,0,0
20-Oct-2025,25179.4,Call,23250,0,0,15.0957,0,1,0
20-Oct-2025,25179.4,Call,23200,0,0,15.0957,0,5,0
20-Oct-2025,25179.4,Call,23150,0,0,15.0957,0,1,0
20-Oct-2025,25179.4,Put,26350,0,0,15.0957,0,1,0
20-Oct-2025,25179.4,Put,26250,0,0,15.0957,0,1,0
20-Oct-2025,25179.4,Put,27150,0,0,15.0957,0,20,0
20-Oct-2025,25179.4,Put,27100,0,0,15.0957,0,1,0
20-Oct-2025,25179.4,Put,26150,0,0,15.0957,0,1,0
20-Oct-2025,25179.4,Put,26050,0,0,15.0957,0,13,0
20-Oct-2025,25179.4,Put,25850,0,0,15.0957,0,27,0
20-Oct-2025,25179.4,Call,24550,0,0,15.0957,0,33,0
20-Oct-2025,25179.4,Call,24450,0,0,15.0957,0,7,0
20-Oct-2025,25179.4,Call,24250,0,0,15.0957,0,13,0
20-Oct-2025,25179.4,Call,24150,0,0,15.0957,0,3,0
20-Oct-2025,25179.4,Call,23950,0,0,15.0957,0,3,0
20-Oct-2025,25179.4,Call,23900,0,0,15.0957,0,60,0
20-Oct-2025,25179.4,Call,23850,0,0,15.0957,0,3,0
20-Oct-2025,25179.4,Call,23750,0,0,15.0957,0,2,0
20-Oct-2025,25179.4,Call,23650,0,0,15.0957,0,5,0
20-Oct-2025,25179.4,Call,23600,0,0,15.0957,0,4,0
20-Oct-2025,25179.4,Call,23550,0,0,15.0957,0,0,0
20-Oct-2025,25179.4,Put,27000,0,0,15.0957,0,1,0
20-Oct-2025,25179.4,Call,23050,0,0,15.0957,0,0,0
20-Oct-2025,25179.4,Call,22950,0,0,15.0957,0,0,0
28-Oct-2025,25179.4,Call,22750,0,0,15.0957,0,0,0
20-Oct-2025,25179.4,Call,22850,0,0,15.0957,0,5,0
28-Oct-2025,25179.4,Call,24350,0,0,15.0957,0,116,0
28-Oct-2025,25179.4,Call,23550,0,0,15.0957,0,4,0
28-Oct-2025,25179.4,Put,26850,0,0,15.0957,0,4,0
28-Oct-2025,25179.4,Put,26450,0,0,15.0957,0,21,0
28-Oct-2025,25179.4,Put,26400,0,0,15.0957,0,319,0
28-Oct-2025,25179.4,Put,26350,0,0,15.0957,0,59,0
28-Oct-2025,25179.4,Put,26250,0,0,15.0957,0,57,0
28-Oct-2025,25179.4,Put,26150,0,0,15.0957,0,40,0
28-Oct-2025,25179.4,Put,26050,0,0,15.0957,0,23,0
28-Oct-2025,25179.4,Put,26900,0,0,15.0957,0,38,0
28-Oct-2025,25179.4,Put,27050,0,0,15.0957,0,0,0
28-Oct-2025,25179.4,Call,22650,0,0,15.0957,0,0,0
20-Oct-2025,25179.4,Call,22900,0,0,15.0957,0,0,0
20-Oct-2025,25179.4,Call,23100,0,0,15.0957,0,1,0
28-Oct-2025,25179.4,Put,26950,0,0,15.0957,0,20,0
28-Oct-2025,25179.4,Call,22600,0,0,15.0957,0,114,0
28-Oct-2025,25179.4,Put,27100,0,0,15.0957,0,39,0
28-Oct-2025,25179.4,Put,22650,0,0,15.0957,0,122,0
28-Oct-2025,25179.4,Put,23250,0,0,15.0957,0,129,0
28-Oct-2025,25179.4,Call,23250,0,0,15.0957,0,0,0
28-Oct-2025,25179.4,Call,23150,0,0,15.0957,0,0,0
28-Oct-2025,25179.4,Put,26750,0,0,15.0957,0,11,0
28-Oct-2025,25179.4,Put,26700,0,0,15.0957,0,104,0
28-Oct-2025,25179.4,Put,26650,0,0,15.0957,0,7,0
28-Oct-2025,25179.4,Put,26600,0,0,15.0957,0,99,0
28-Oct-2025,25179.4,Put,26550,0,0,15.0957,0,9,0
28-Oct-2025,25179.4,Call,22950,0,0,15.0957,0,0,0
28-Oct-2025,25179.4,Call,22900,0,0,15.0957,0,0,0
28-Oct-2025,25179.4,Call,22850,0,0,15.0957,0,0,0
28-Oct-2025,25179.4,Call,22800,0,0,15.0957,0,1329,0
28-Oct-2025,25179.4,Call,26750,0,0,15.0957,0,445,0
28-Oct-2025,25179.4,Call,24250,0,0,15.0957,0,57,0
28-Oct-2025,25179.4,Call,24050,0,0,15.0957,0,25,0
28-Oct-2025,25179.4,Call,23950,0,0,15.0957,0,26,0
28-Oct-2025,25179.4,Call,23900,0,0,15.0957,0,56,0
28-Oct-2025,25179.4,Call,23850,0,0,15.0957,0,7,0
28-Oct-2025,25179.4,Call,23750,0,0,15.0957,0,7,0
28-Oct-2025,25179.4,Call,23450,0,0,15.0957,0,1,0
28-Oct-2025,25179.4,Call,23700,0,0,15.0957,0,45,0
28-Oct-2025,25179.4,Call,23650,0,0,15.0957,0,9,0
04-Nov-2025,25179.4,Call,26950,0,0,15.0957,0,0,0
04-Nov-2025,25179.4,Put,23400,0,0,15.0957,0,19,0
04-Nov-2025,25179.4,Call,24400,0,0,15.0957,0,0,0
04-Nov-2025,25179.4,Call,24200,0,0,15.0957,0,1,0
04-Nov-2025,25179.4,Call,24100,0,0,15.0957,0,0,0
04-Nov-2025,25179.4,Put,23100,0,0,15.0957,0,21,0
04-Nov-2025,25179.4,Put,22950,0,0,15.0957,0,0,0
04-Nov-2025,25179.4,Put,22900,0,0,15.0957,0,35,0
04-Nov-2025,25179.4,Call,26250,0,0,15.0957,0,0,0
04-Nov-2025,25179.4,Put,23650,0,0,15.0957,0,4,0
04-Nov-2025,25179.4,Call,25950,0,0,15.0957,0,0,0
04-Nov-2025,25179.4,Put,23250,0,0,15.0957,0,17,0
04-Nov-2025,25179.4,Call,26450,0,0,15.0957,0,8,0
04-Nov-2025,25179.4,Put,23850,0,0,15.0957,0,0,0
04-Nov-2025,25179.4,Put,24100,0,0,15.0957,0,0,0
04-Nov-2025,25179.4,Put,24150,0,0,15.0957,0,0,0
04-Nov-2025,25179.4,Put,24050,0,0,15.0957,0,0,0
04-Nov-2025,25179.4,Put,23950,0,0,15.0957,0,0,0
04-Nov-2025,25179.4,Put,23900,0,0,15.0957,0,55,0
04-Nov-2025,25179.4,Call,24950,0,0,15.0957,0,11,0
04-Nov-2025,25179.4,Call,24750,0,0,15.0957,0,3,0
04-Nov-2025,25179.4,Call,24700,0,0,15.0957,0,28,0
04-Nov-2025,25179.4,Call,26350,0,0,15.0957,0,0,0
04-Nov-2025,25179.4,Call,26050,0,0,15.0957,0,0,0
04-Nov-2025,25179.4,Put,27050,0,0,15.0957,0,0,0
04-Nov-2025,25179.4,Call,27050,0,0,15.0957,0,0,0
04-Nov-2025,25179.4,Put,27000,0,0,15.0957,0,0,0
04-Nov-2025,25179.4,Call,27000,0,0,15.0957,0,4,0
04-Nov-2025,25179.4,Put,26000,0,0,15.0957,0,0,0
04-Nov-2025,25179.4,Call,24550,0,0,15.0957,0,0,0
04-Nov-2025,25179.4,Call,24500,0,0,15.0957,0,10,0
04-Nov-2025,25179.4,Call,24650,0,0,15.0957,0,5,0
04-Nov-2025,25179.4,Call,24600,0,0,15.0957,0,11,0
04-Nov-2025,25179.4,Call,26800,0,0,15.0957,0,73,0
04-Nov-2025,25179.4,Put,23300,0,0,15.0957,0,38,0
04-Nov-2025,25179.4,Call,24850,0,0,15.0957,0,7,0
04-Nov-2025,25179.4,Put,23450,0,0,15.0957,0,1,0
28-Oct-2025,25179.4,Call,23050,0,0,15.0957,0,1,0
04-Nov-2025,25179.4,Put,25900,0,0,15.0957,0,2,0
28-Oct-2025,25179.4,Call,23200,0,0,15.0957,0,144,0
28-Oct-2025,25179.4,Call,23350,0,0,15.0957,0,4,0
04-Nov-2025,25179.4,Put,24250,0,0,15.0957,0,0,0
28-Oct-2025,25179.4,Call,23300,0,0,15.0957,0,55,0
04-Nov-2025,25179.4,Call,26300,0,0,15.0957,0,0,0
28-Oct-2025,25179.4,Call,23400,0,0,15.0957,0,63,0
04-Nov-2025,25179.4,Put,24550,0,0,15.0957,0,0,0
04-Nov-2025,25179.4,Put,26950,0,0,15.0957,0,0,0
28-Oct-2025,25179.4,Call,23100,0,0,15.0957,0,9,0
04-Nov-2025,25179.4,Put,23150,0,0,15.0957,0,1,0
04-Nov-2025,25179.4,Call,26150,0,0,15.0957,0,0,0
11-Nov-2025,25179.4,Put,24550,0,0,15.0957,0,0,0
11-Nov-2025,25179.4,Put,24450,0,0,15.0957,0,0,0
11-Nov-2025,25179.4,Call,26550,0,0,15.0957,0,0,0
11-Nov-2025,25179.4,Call,26500,0,0,15.0957,0,0,0
11-Nov-2025,25179.4,Put,26000,0,0,15.0957,0,0,0
11-Nov-2025,25179.4,Put,25900,0,0,15.0957,0,0,0
11-Nov-2025,25179.4,Call,26350,0,0,15.0957,0,0,0
11-Nov-2025,25179.4,Put,25450,0,0,15.0957,0,0,0
11-Nov-2025,25179.4,Put,25400,0,0,15.0957,0,0,0
11-Nov-2025,25179.4,Call,25050,0,0,15.0957,0,7,0
11-Nov-2025,25179.4,Put,24950,0,0,15.0957,0,0,0
11-Nov-2025,25179.4,Call,24950,0,0,15.0957,0,3,0
04-Nov-2025,25179.4,Call,24250,0,0,15.0957,0,0,0
04-Nov-2025,25179.4,Put,23750,0,0,15.0957,0,3,0
04-Nov-2025,25179.4,Call,24000,0,0,15.0957,0,1,0
04-Nov-2025,25179.4,Put,23050,0,0,15.0957,0,0,0
04-Nov-2025,25179.4,Call,25650,0,0,15.0957,0,0,0
04-Nov-2025,25179.4,Put,24450,0,0,15.0957,0,0,0
04-Nov-2025,25179.4,Put,24350,0,0,15.0957,0,0,0
04-Nov-2025,25179.4,Call,23500,0,0,15.0957,0,0,0
04-Nov-2025,25179.4,Call,23450,0,0,15.0957,0,0,0
04-Nov-2025,25179.4,Call,23400,0,0,15.0957,0,0,0
04-Nov-2025,25179.4,Call,23350,0,0,15.0957,0,0,0
04-Nov-2025,25179.4,Call,23300,0,0,15.0957,0,0,0
04-Nov-2025,25179.4,Call,23250,0,0,15.0957,0,0,0
04-Nov-2025,25179.4,Call,23200,0,0,15.0957,0,0,0
04-Nov-2025,25179.4,Call,23150,0,0,15.0957,0,0,0
04-Nov-2025,25179.4,Call,23100,0,0,15.0957,0,0,0
04-Nov-2025,25179.4,Call,23050,0,0,15.0957,0,0,0
04-Nov-2025,25179.4,Call,23000,0,0,15.0957,0,0,0
04-Nov-2025,25179.4,Call,22950,0,0,15.0957,0,0,0
04-Nov-2025,25179.4,Call,22900,0,0,15.0957,0,0,0
04-Nov-2025,25179.4,Call,22850,0,0,15.0957,0,0,0
04-Nov-2025,25179.4,Put,26150,0,0,15.0957,0,0,0
04-Nov-2025,25179.4,Put,26100,0,0,15.0957,0,0,0
04-Nov-2025,25179.4,Put,26050,0,0,15.0957,0,0,0
04-Nov-2025,25179.4,Call,24050,0,0,15.0957,0,0,0
04-Nov-2025,25179.4,Call,23950,0,0,15.0957,0,0,0
04-Nov-2025,25179.4,Call,23900,0,0,15.0957,0,0,0
04-Nov-2025,25179.4,Call,23850,0,0,15.0957,0,0,0
04-Nov-2025,25179.4,Call,23800,0,0,15.0957,0,0,0
04-Nov-2025,25179.4,Call,23750,0,0,15.0957,0,0,0
04-Nov-2025,25179.4,Call,23700,0,0,15.0957,0,0,0
04-Nov-2025,25179.4,Call,23650,0,0,15.0957,0,0,0
04-Nov-2025,25179.4,Call,24150,0,0,15.0957,0,0,0
04-Nov-2025,25179.4,Put,26900,0,0,15.0957,0,0,0
04-Nov-2025,25179.4,Put,26850,0,0,15.0957,0,0,0
04-Nov-2025,25179.4,Put,26800,0,0,15.0957,0,0,0
04-Nov-2025,25179.4,Put,26750,0,0,15.0957,0,0,0
04-Nov-2025,25179.4,Put,26700,0,0,15.0957,0,0,0
04-Nov-2025,25179.4,Put,26650,0,0,15.0957,0,0,0
04-Nov-2025,25179.4,Put,26600,0,0,15.0957,0,0,0
04-Nov-2025,25179.4,Put,26550,0,0,15.0957,0,0,0
04-Nov-2025,25179.4,Put,26500,0,0,15.0957,0,0,0
04-Nov-2025,25179.4,Put,26450,0,0,15.0957,0,0,0
04-Nov-2025,25179.4,Put,26400,0,0,15.0957,0,0,0
04-Nov-2025,25179.4,Put,26350,0,0,15.0957,0,0,0
04-Nov-2025,25179.4,Put,26300,0,0,15.0957,0,0,0
04-Nov-2025,25179.4,Put,25950,0,0,15.0957,0,0,0
04-Nov-2025,25179.4,Put,25850,0,0,15.0957,0,0,0
04-Nov-2025,25179.4,Put,25800,0,0,15.0957,0,7,0
04-Nov-2025,25179.4,Put,25750,0,0,15.0957,0,0,0
04-Nov-2025,25179.4,Put,23200,0,0,15.0957,0,21,0
04-Nov-2025,25179.4,Put,23550,0,0,15.0957,0,0,0
04-Nov-2025,25179.4,Call,23600,0,0,15.0957,0,0,0
04-Nov-2025,25179.4,Put,26200,0,0,15.0957,0,0,0
04-Nov-2025,25179.4,Call,23550,0,0,15.0957,0,0,0
04-Nov-2025,25179.4,Call,24350,0,0,15.0957,0,0,0
04-Nov-2025,25179.4,Call,24300,0,0,15.0957,0,0,0
04-Nov-2025,25179.4,Put,23350,0,0,15.0957,0,2,0
04-Nov-2025,25179.4,Put,26250,0,0,15.0957,0,1,0
04-Nov-2025,25179.4,Call,24450,0,0,15.0957,0,1,0
04-Nov-2025,25179.4,Call,26100,0,0,15.0957,0,0,0
04-Nov-2025,25179.4,Put,25650,0,0,15.0957,0,0,0
25-Nov-2025,25179.4,Put,26400,0,0,15.0957,0,11,0
25-Nov-2025,25179.4,Call,26400,0,0,15.0957,0,0,0
11-Nov-2025,25179.4,Put,25750,0,0,15.0957,0,0,0
11-Nov-2025,25179.4,Call,25750,0,0,15.0957,0,0,0
11-Nov-2025,25179.4,Put,25700,0,0,15.0957,0,0,0
11-Nov-2025,25179.4,Put,25600,0,0,15.0957,0,0,0
11-Nov-2025,25179.4,Put,25550,0,0,15.0957,0,0,0
11-Nov-2025,25179.4,Call,24450,0,0,15.0957,0,0,0
11-Nov-2025,25179.4,Call,26250,0,0,15.0957,0,0,0
11-Nov-2025,25179.4,Put,24700,0,0,15.0957,0,0,0
11-Nov-2025,25179.4,Call,24850,0,0,15.0957,0,0,0
11-Nov-2025,25179.4,Call,24800,0,0,15.0957,0,0,0
11-Nov-2025,25179.4,Call,24750,0,0,15.0957,0,0,0
11-Nov-2025,25179.4,Call,24700,0,0,15.0957,0,1,0
11-Nov-2025,25179.4,Call,24600,0,0,15.0957,0,0,0
11-Nov-2025,25179.4,Call,24500,0,0,15.0957,0,0,0
11-Nov-2025,25179.4,Put,23700,0,0,15.0957,0,30,0
11-Nov-2025,25179.4,Put,24150,0,0,15.0957,0,0,0
11-Nov-2025,25179.4,Call,25950,0,0,15.0957,0,0,0
11-Nov-2025,25179.4,Call,25850,0,0,15.0957,0,0,0
11-Nov-2025,25179.4,Call,27050,0,0,15.0957,0,0,0
11-Nov-2025,25179.4,Call,26450,0,0,15.0957,0,0,0
11-Nov-2025,25179.4,Call,26050,0,0,15.0957,0,0,0
11-Nov-2025,25179.4,Call,25700,0,0,15.0957,0,0,0
11-Nov-2025,25179.4,Put,24250,0,0,15.0957,0,0,0
11-Nov-2025,25179.4,Put,23300,0,0,15.0957,0,0,0
11-Nov-2025,25179.4,Call,24550,0,0,0,0,0,0
11-Nov-2025,25179.4,Call,26900,0,0,15.0957,0,0,0
11-Nov-2025,25179.4,Call,24650,0,0,0,0,0,0
11-Nov-2025,25179.4,Put,24050,0,0,15.0957,0,0,0
11-Nov-2025,25179.4,Put,23900,0,0,15.0957,0,0,0
11-Nov-2025,25179.4,Put,23850,0,0,15.0957,0,0,0
11-Nov-2025,25179.4,Put,23800,0,0,15.0957,0,0,0
11-Nov-2025,25179.4,Put,23650,0,0,15.0957,0,0,0
11-Nov-2025,25179.4,Put,23600,0,0,15.0957,0,0,0
11-Nov-2025,25179.4,Put,23550,0,0,15.0957,0,0,0
11-Nov-2025,25179.4,Put,23400,0,0,15.0957,0,0,0
11-Nov-2025,25179.4,Put,23350,0,0,15.0957,0,1,0
11-Nov-2025,25179.4,Put,23450,0,0,15.0957,0,0,0
11-Nov-2025,25179.4,Call,26400,0,0,15.0957,0,1,0
11-Nov-2025,25179.4,Put,23950,0,0,15.0957,0,0,0
11-Nov-2025,25179.4,Put,23750,0,0,15.0957,0,0,0
11-Nov-2025,25179.4,Put,24400,0,0,15.0957,0,0,0
11-Nov-2025,25179.4,Put,24350,0,0,15.0957,0,0,0
11-Nov-2025,25179.4,Put,24850,0,0,15.0957,0,0,0
11-Nov-2025,25179.4,Call,26850,0,0,15.0957,0,0,0
11-Nov-2025,25179.4,Call,26800,0,0,15.0957,0,0,0
11-Nov-2025,25179.4,Call,26750,0,0,15.0957,0,1,0
11-Nov-2025,25179.4,Call,26700,0,0,15.0957,0,0,0
11-Nov-2025,25179.4,Call,26650,0,0,15.0957,0,5,0
25-Nov-2025,25179.4,Call,26250,0,0,15.0957,0,0,0
25-Nov-2025,25179.4,Put,25950,0,0,15.0957,0,18,0
25-Nov-2025,25179.4,Put,26700,0,0,15.0957,0,2,0
25-Nov-2025,25179.4,Call,24450,0,0,15.0957,0,4,0
25-Nov-2025,25179.4,Put,27100,0,0,15.0957,0,1,0
25-Nov-2025,25179.4,Call,27100,0,0,15.0957,0,0,0
25-Nov-2025,25179.4,Put,26250,0,0,15.0957,0,2,0
25-Nov-2025,25179.4,Call,23300,0,0,15.0957,0,3,0
25-Nov-2025,25179.4,Call,23250,0,0,15.0957,0,1,0
25-Nov-2025,25179.4,Call,23200,0,0,15.0957,0,7,0
25-Nov-2025,25179.4,Call,23150,0,0,15.0957,0,0,0
25-Nov-2025,25179.4,Call,23100,0,0,15.0957,0,0,0
25-Nov-2025,25179.4,Call,23050,0,0,15.0957,0,1,0
25-Nov-2025,25179.4,Call,22950,0,0,15.0957,0,0,0
25-Nov-2025,25179.4,Call,22900,0,0,15.0957,0,0,0
25-Nov-2025,25179.4,Call,22850,0,0,15.0957,0,0,0
25-Nov-2025,25179.4,Call,22750,0,0,15.0957,0,0,0
25-Nov-2025,25179.4,Put,26100,0,0,15.0957,0,28,0
25-Nov-2025,25179.4,Put,26050,0,0,15.0957,0,1,0
25-Nov-2025,25179.4,Call,25950,0,0,15.0957,0,0,0
25-Nov-2025,25179.4,Put,25850,0,0,15.0957,0,46,0
25-Nov-2025,25179.4,Put,23650,0,0,15.0957,0,31,0
25-Nov-2025,25179.4,Call,24750,0,0,15.0957,0,54,0
25-Nov-2025,25179.4,Call,24050,0,0,15.0957,0,2,0
25-Nov-2025,25179.4,Call,23850,0,0,15.0957,0,5,0
25-Nov-2025,25179.4,Call,23650,0,0,15.0957,0,1,0
25-Nov-2025,25179.4,Call,23550,0,0,15.0957,0,0,0
25-Nov-2025,25179.4,Call,23450,0,0,15.0957,0,30,0
25-Nov-2025,25179.4,Call,23400,0,0,15.0957,0,0,0
25-Nov-2025,25179.4,Call,23350,0,0,15.0957,0,0,0
25-Nov-2025,25179.4,Put,26150,0,0,15.0957,0,5,0
25-Nov-2025,25179.4,Call,26350,0,0,15.0957,0,0,0
11-Nov-2025,25179.4,Put,25650,0,0,15.0957,0,0,0
25-Nov-2025,25179.4,Put,26350,0,0,15.0957,0,8,0
11-Nov-2025,25179.4,Call,26150,0,0,15.0957,0,0,0
11-Nov-2025,25179.4,Put,24900,0,0,15.0957,0,0,0
25-Nov-2025,25179.4,Put,26550,0,0,15.0957,0,0,0
11-Nov-2025,25179.4,Call,25800,0,0,15.0957,0,0,0
11-Nov-2025,25179.4,Put,25800,0,0,15.0957,0,0,0
11-Nov-2025,25179.4,Call,24400,0,0,0,0,0,0
25-Nov-2025,25179.4,Put,26300,0,0,15.0957,0,8,0
25-Nov-2025,25179.4,Put,26600,0,0,15.0957,0,2,0
11-Nov-2025,25179.4,Call,26300,0,0,15.0957,0,0,0
11-Nov-2025,25179.4,Put,24750,0,0,15.0957,0,0,0
25-Nov-2025,25179.4,Call,24850,0,0,15.0957,0,18,0
25-Nov-2025,25179.4,Call,23750,0,0,15.0957,0,1,0
25-Nov-2025,25179.4,Put,23850,0,0,15.0957,0,36,0
25-Nov-2025,25179.4,Call,23800,0,0,15.0957,0,7,0
25-Nov-2025,25179.4,Call,24100,0,0,15.0957,0,5,0
30-Dec-2025,25179.4,Call,16000,0,0,15.0957,0,4.66666666667,0
30-Dec-2025,25179.4,Call,26850,0,0,15.0957,0,0,0
30-Dec-2025,25179.4,Call,26800,0,0,15.0957,0,0,0
30-Dec-2025,25179.4,Put,26750,0,0,15.0957,0,0,0
30-Dec-2025,25179.4,Call,26750,0,0,15.0957,0,0,0
30-Dec-2025,25179.4,Put,26700,0,0,15.0957,0,0,0
30-Dec-2025,25179.4,Call,26700,0,0,15.0957,0,0,0
25-Nov-2025,25179.4,Call,22700,0,0,15.0957,0,0,0
25-Nov-2025,25179.4,Call,23700,0,0,15.0957,0,3,0
25-Nov-2025,25179.4,Put,22900,0,0,15.0957,0,170,0
25-Nov-2025,25179.4,Put,22750,0,0,15.0957,0,64,0
25-Nov-2025,25179.4,Call,24350,0,0,15.0957,0,4,0
25-Nov-2025,25179.4,Call,26450,0,0,15.0957,0,0,0
25-Nov-2025,25179.4,Call,26650,0,0,15.0957,0,0,0
25-Nov-2025,25179.4,Put,27050,0,0,15.0957,0,1,0
25-Nov-2025,25179.4,Call,26050,0,0,15.0957,0,37,0
25-Nov-2025,25179.4,Put,27150,0,0,15.0957,0,1,0
25-Nov-2025,25179.4,Call,26900,0,0,15.0957,0,0,0
25-Nov-2025,25179.4,Put,26950,0,0,15.0957,0,3,0
25-Nov-2025,25179.4,Call,26950,0,0,15.0957,0,0,0
25-Nov-2025,25179.4,Put,26900,0,0,15.0957,0,1,0
25-Nov-2025,25179.4,Call,27050,0,0,15.0957,0,0,0
25-Nov-2025,25179.4,Put,23450,0,0,15.0957,0,38,0
25-Nov-2025,25179.4,Put,23350,0,0,15.0957,0,1,0
25-Nov-2025,25179.4,Put,23250,0,0,15.0957,0,15,0
25-Nov-2025,25179.4,Put,23150,0,0,15.0957,0,9,0
25-Nov-2025,25179.4,Put,23050,0,0,15.0957,0,6,0
25-Nov-2025,25179.4,Put,22950,0,0,15.0957,0,7,0
25-Nov-2025,25179.4,Put,26850,0,0,15.0957,0,2,0
25-Nov-2025,25179.4,Call,26850,0,0,15.0957,0,0,0
25-Nov-2025,25179.4,Put,26800,0,0,15.0957,0,4,0
25-Nov-2025,25179.4,Call,24400,0,0,15.0957,0,66,0
25-Nov-2025,25179.4,Call,26750,0,0,15.0957,0,0,0
25-Nov-2025,25179.4,Call,23950,0,0,15.0957,0,1,0
25-Nov-2025,25179.4,Call,24150,0,0,15.0957,0,2,0
25-Nov-2025,25179.4,Call,24250,0,0,15.0957,0,3,0
25-Nov-2025,25179.4,Call,24300,0,0,15.0957,0,102,0
25-Nov-2025,25179.4,Call,23900,0,0,15.0957,0,2,0
25-Nov-2025,25179.4,Call,24550,0,0,15.0957,0,21,0
25-Nov-2025,25179.4,Call,22800,0,0,15.0957,0,0,0
25-Nov-2025,25179.4,Put,26450,0,0,15.0957,0,10,0
25-Nov-2025,25179.4,Put,26750,0,0,15.0957,0,2,0
25-Nov-2025,25179.4,Call,24200,0,0,15.0957,0,78,0
25-Nov-2025,25179.4,Call,26550,0,0,15.0957,0,0,0
25-Nov-2025,25179.4,Put,26650,0,0,15.0957,0,0,0
25-Nov-2025,25179.4,Put,24250,0,0,15.0957,0,55,0
30-Dec-2025,25179.4,Call,24700,0,0,15.0957,0,58,0
30-Dec-2025,25179.4,Put,26650,0,0,15.0957,0,0,0
30-Dec-2025,25179.4,Call,24250,0,0,15.0957,0,0,0
30-Dec-2025,25179.4,Call,24200,0,0,15.0957,0,1,0
30-Dec-2025,25179.4,Call,24150,0,0,15.0957,0,0,0
30-Dec-2025,25179.4,Call,24050,0,0,15.0957,0,0,0
30-Dec-2025,25179.4,Call,23900,0,0,15.0957,0,0,0
30-Dec-2025,25179.4,Call,23850,0,0,15.0957,0,0,0
30-Dec-2025,25179.4,Call,23800,0,0,15.0957,0,0,0
30-Dec-2025,25179.4,Call,19000,0,0,15.0957,0,149.666666667,0
30-Dec-2025,25179.4,Put,26150,0,0,15.0957,0,4,0
30-Dec-2025,25179.4,Call,25550,0,0,15.0957,0,23,0
30-Dec-2025,25179.4,Put,16500,0,0,15.0957,0,48,0
30-Dec-2025,25179.4,Put,17000,0,0,15.0957,0,932.666666667,0
30-Dec-2025,25179.4,Call,18000,0,0,15.0957,0,852.333333333,0
30-Dec-2025,25179.4,Put,16000,0,0,15.0957,0,272.666666667,0
30-Dec-2025,25179.4,Call,24600,0,0,15.0957,0,4,0
30-Dec-2025,25179.4,Call,24550,0,0,15.0957,0,3,0
30-Dec-2025,25179.4,Call,24450,0,0,15.0957,0,8,0
30-Dec-2025,25179.4,Call,25350,0,0,15.0957,0,42,0
30-Dec-2025,25179.4,Call,25150,0,0,15.0957,0,11,0
30-Dec-2025,25179.4,Call,25050,0,0,15.0957,0,26,0
30-Dec-2025,25179.4,Call,24950,0,0,15.0957,0,45,0
30-Dec-2025,25179.4,Call,26450,0,0,15.0957,0,0,0
30-Dec-2025,25179.4,Call,23750,0,0,15.0957,0,0,0
30-Dec-2025,25179.4,Call,23700,0,0,15.0957,0,0,0
30-Dec-2025,25179.4,Call,23650,0,0,15.0957,0,0,0
30-Dec-2025,25179.4,Call,23600,0,0,15.0957,0,0,0
30-Dec-2025,25179.4,Call,23550,0,0,15.0957,0,0,0
30-Dec-2025,25179.4,Call,23500,0,0,15.0957,0,0,0
30-Dec-2025,25179.4,Put,23450,0,0,15.0957,0,82,0
30-Dec-2025,25179.4,Call,23450,0,0,15.0957,0,0,0
30-Dec-2025,25179.4,Call,23400,0,0,15.0957,0,0,0
30-Dec-2025,25179.4,Put,23350,0,0,15.0957,0,72,0
30-Dec-2025,25179.4,Call,23350,0,0,15.0957,0,0,0
30-Dec-2025,25179.4,Call,23300,0,0,15.0957,0,0,0
30-Dec-2025,25179.4,Call,23250,0,0,15.0957,0,0,0
30-Dec-2025,25179.4,Call,23200,0,0,15.0957,0,0,0
30-Dec-2025,25179.4,Call,23150,0,0,15.0957,0,0,0
30-Dec-2025,25179.4,Call,23100,0,0,15.0957,0,0,0
30-Dec-2025,25179.4,Call,23050,0,0,15.0957,0,0,0
30-Dec-2025,25179.4,Call,22950,0,0,15.0957,0,0,0
30-Dec-2025,25179.4,Call,22900,0,0,15.0957,0,0,0
30-Dec-2025,25179.4,Call,22850,0,0,15.0957,0,0,0
30-Dec-2025,25179.4,Put,15000,0,0,15.0957,0,191.333333333,0
30-Dec-2025,25179.4,Call,24400,0,0,15.0957,0,3,0
30-Dec-2025,25179.4,Call,24350,0,0,15.0957,0,3,0
30-Dec-2025,25179.4,Call,26400,0,0,15.0957,0,0,0
30-Dec-2025,25179.4,Put,26600,0,0,15.0957,0,9,0
30-Dec-2025,25179.4,Call,26650,0,0,15.0957,0,0,0
30-Dec-2025,25179.4,Call,19500,0,0,15.0957,0,15.3333333333,0
30-Dec-2025,25179.4,Call,26150,0,0,15.0957,0,53,0
30-Dec-2025,25179.4,Put,24850,0,0,15.0957,0,40,0
30-Dec-2025,25179.4,Put,23050,0,0,15.0957,0,120,0
30-Dec-2025,25179.4,Put,26800,0,0,15.0957,0,0,0
25-Nov-2025,25179.4,Call,23600,0,0,15.0957,0,0,0
30-Dec-2025,25179.4,Put,26850,0,0,15.0957,0,0,0
30-Dec-2025,25179.4,Put,22950,0,0,15.0957,0,45,0
30-Dec-2025,25179.4,Put,27050,0,0,15.0957,0,0,0
30-Dec-2025,25179.4,Put,23650,0,0,15.0957,0,26,0
30-Dec-2025,25179.4,Put,25750,0,0,15.0957,0,27,0
30-Dec-2025,25179.4,Call,25650,0,0,15.0957,0,65,0
30-Dec-2025,25179.4,Put,26350,0,0,15.0957,0,44,0
30-Dec-2025,25179.4,Call,26300,0,0,15.0957,0,0,0
30-Dec-2025,25179.4,Put,31000,0,0,15.0957,0,0,0
30-Dec-2025,25179.4,Put,24750,0,0,15.0957,0,52,0
30-Dec-2025,25179.4,Put,24550,0,0,15.0957,0,59,0
30-Dec-2025,25179.4,Put,24450,0,0,15.0957,0,64,0
30-Dec-2025,25179.4,Put,24350,0,0,15.0957,0,69,0
30-Dec-2025,25179.4,Put,24250,0,0,15.0957,0,1,0
30-Dec-2025,25179.4,Put,24150,0,0,15.0957,0,0,0
30-Dec-2025,25179.4,Put,24050,0,0,15.0957,0,8,0
30-Dec-2025,25179.4,Call,23950,0,0,15.0957,0,0,0
30-Dec-2025,25179.4,Put,23150,0,0,15.0957,0,99,0
30-Dec-2025,25179.4,Put,23100,0,0,15.0957,0,115,0
30-Dec-2025,25179.4,Put,22850,0,0,15.0957,0,55,0
30-Dec-2025,25179.4,Put,25950,0,0,15.0957,0,27,0
30-Dec-2025,25179.4,Put,23850,0,0,15.0957,0,12,0
30-Dec-2025,25179.4,Call,26600,0,0,15.0957,0,0,0
30-Dec-2025,25179.4,Put,26550,0,0,15.0957,0,16,0
30-Dec-2025,25179.4,Call,26350,0,0,15.0957,0,0,0
30-Dec-2025,25179.4,Call,24300,0,0,15.0957,0,1,0
30-Dec-2025,25179.4,Call,24650,0,0,15.0957,0,3,0
30-Dec-2025,25179.4,Call,24100,0,0,15.0957,0,1,0
30-Dec-2025,25179.4,Put,13000,0,0,15.0957,0,382.666666667,0
30-Dec-2025,25179.4,Call,24850,0,0,15.0957,0,16,0
30-Dec-2025,25179.4,Call,24750,0,0,15.0957,0,7,0
29-Dec-2026,25179.4,Call,21000,0,0,15.0957,0,3,0
29-Dec-2026,25179.4,Put,13000,0,0,15.0957,0,33,0
29-Dec-2026,25179.4,Put,29000,0,0,15.0957,0,65,0
29-Sep-2026,25179.4,Put,22000,0,0,15.0957,0,0,0
29-Sep-2026,25179.4,Put,26000,0,0,15.0957,0,0,0
29-Sep-2026,25179.4,Call,27000,0,0,15.0957,0,0,0
29-Sep-2026,25179.4,Call,30000,0,0,15.0957,0,0,0
29-Sep-2026,25179.4,Call,26000,0,0,15.0957,0,0,0
29-Sep-2026,25179.4,Put,25000,0,0,15.0957,0,0,0
29-Sep-2026,25179.4,Put,24000,0,0,15.0957,0,0,0
29-Sep-2026,25179.4,Put,23000,0,0,15.0957,0,0,0
29-Sep-2026,25179.4,Put,21000,0,0,15.0957,0,0,0
30-Jun-2026,25179.4,Put,27000,0,0,15.0957,0,0,0
30-Jun-2026,25179.4,Put,14000,0,0,15.0957,0,20.3333333333,0
30-Jun-2026,25179.4,Put,15000,0,0,15.0957,0,17,0
30-Jun-2026,25179.4,Call,29000,0,0,15.0957,0,0,0
30-Jun-2026,25179.4,Put,13000,0,0,15.0957,0,2.66666666667,0
30-Jun-2026,25179.4,Put,19000,0,0,15.0957,0,3.33333333333,0
30-Jun-2026,25179.4,Put,16000,0,0,15.0957,0,30.3333333333,0
30-Jun-2026,25179.4,Call,28000,0,0,15.0957,0,0,0
30-Jun-2026,25179.4,Call,31000,0,0,15.0957,0,0,0
30-Jun-2026,25179.4,Put,20000,0,0,15.0957,0,4691,0
30-Jun-2026,25179.4,Call,19000,0,0,15.0957,0,1.33333333333,0
30-Jun-2026,25179.4,Call,24000,0,0,15.0957,0,56,0
30-Jun-2026,25179.4,Put,12000,0,0,15.0957,0,4.33333333333,0
31-Mar-2026,25179.4,Put,31000,0,0,15.0957,0,2,0
31-Mar-2026,25179.4,Call,21000,0,0,15.0957,0,1,0
31-Mar-2026,25179.4,Call,22000,0,0,15.0957,0,3,0
31-Mar-2026,25179.4,Call,23000,0,0,15.0957,0,4,0
30-Dec-2025,25179.4,Call,26950,0,0,15.0957,0,0,0
30-Dec-2025,25179.4,Put,26950,0,0,15.0957,0,0,0
30-Dec-2025,25179.4,Put,26900,0,0,15.0957,0,0,0
31-Mar-2026,25179.4,Call,31000,0,0,15.0957,0,0,0
30-Dec-2025,25179.4,Put,26250,0,0,15.0957,0,1,0
30-Dec-2025,25179.4,Call,26900,0,0,15.0957,0,0,0
30-Dec-2025,25179.4,Call,27050,0,0,15.0957,0,0,0
30-Dec-2025,25179.4,Put,23950,0,0,15.0957,0,9,0
30-Dec-2025,25179.4,Call,26550,0,0,15.0957,0,0,0
30-Dec-2025,25179.4,Put,24650,0,0,15.0957,0,104,0
30-Dec-2025,25179.4,Put,26450,0,0,15.0957,0,1,0
31-Mar-2026,25179.4,Put,29000,0,0,15.0957,0,6,0
31-Mar-2026,25179.4,Put,30000,0,0,15.0957,0,12,0
26-Jun-2029,25179.4,Put,23000,0,0,15.0957,0,0,0
26-Jun-2029,25179.4,Put,30000,0,0,15.0957,0,0,0
26-Jun-2029,25179.4,Put,26000,0,0,15.0957,0,0.666666666667,0
26-Dec-2028,25179.4,Put,18000,0,0,15.0957,0,1,0
26-Dec-2028,25179.4,Put,21000,0,0,15.0957,0,16.6666666667,0
26-Dec-2028,25179.4,Put,30000,0,0,15.0957,0,0,0
26-Dec-2028,25179.4,Call,31000,0,0,15.0957,0,0,0
26-Dec-2028,25179.4,Put,22000,0,0,15.0957,0,5,0
26-Dec-2028,25179.4,Put,25000,0,0,15.0957,0,59.3333333333,0
26-Dec-2028,25179.4,Put,26000,0,0,15.0957,0,2,0
26-Dec-2028,25179.4,Put,28000,0,0,15.0957,0,0,0
26-Dec-2028,25179.4,Put,29000,0,0,15.0957,0,0,0
27-Jun-2028,25179.4,Put,29000,0,0,15.0957,0,0,0
27-Jun-2028,25179.4,Put,19000,0,0,15.0957,0,0,0
27-Jun-2028,25179.4,Put,26000,0,0,15.0957,0,0,0
27-Jun-2028,25179.4,Put,20000,0,0,15.0957,0,0,0
27-Jun-2028,25179.4,Call,30000,0,0,15.0957,0,0,0
27-Jun-2028,25179.4,Put,25000,0,0,15.0957,0,0,0
27-Jun-2028,25179.4,Put,21000,0,0,15.0957,0,0,0
27-Jun-2028,25179.4,Put,27000,0,0,15.0957,0,0,0
27-Jun-2028,25179.4,Put,28000,0,0,15.0957,0,0,0
27-Jun-2028,25179.4,Put,22000,0,0,15.0957,0,4.33333333333,0
27-Jun-2028,25179.4,Put,24000,0,0,15.0957,0,0,0
28-Dec-2027,25179.4,Put,19000,0,0,15.0957,0,9,0
28-Dec-2027,25179.4,Call,30000,0,0,15.0957,0,0,0
28-Dec-2027,25179.4,Call,31000,0,0,15.0957,0,0,0
28-Dec-2027,25179.4,Call,20000,0,0,15.0957,0,0,0
28-Dec-2027,25179.4,Put,22000,0,0,15.0957,0,23.3333333333,0
28-Dec-2027,25179.4,Put,15000,0,0,15.0957,0,8.33333333333,0
28-Dec-2027,25179.4,Put,17000,0,0,15.0957,0,189.333333333,0
28-Dec-2027,25179.4,Put,18000,0,0,15.0957,0,154,0
28-Dec-2027,25179.4,Put,20000,0,0,15.0957,0,52.6666666667,0
28-Dec-2027,25179.4,Put,21000,0,0,15.0957,0,13.6666666667,0
28-Dec-2027,25179.4,Put,24000,0,0,15.0957,0,51,0
28-Dec-2027,25179.4,Put,25000,0,0,15.0957,0,28,0
28-Dec-2027,25179.4,Put,26000,0,0,15.0957,0,10,0
28-Dec-2027,25179.4,Call,25000,0,0,15.0957,0,3,0
28-Dec-2027,25179.4,Call,29000,0,0,15.0957,0,0,0
28-Dec-2027,25179.4,Put,29000,0,0,15.0957,0,0,0
28-Dec-2027,25179.4,Put,28000,0,0,15.0957,0,0,0
28-Dec-2027,25179.4,Call,28000,0,0,15.0957,0,0,0
28-Dec-2027,25179.4,Put,27000,0,0,15.0957,0,5,0
29-Jun-2027,25179.4,Put,24000,0,0,15.0957,0,0,0
29-Jun-2027,25179.4,Put,18000,0,0,15.0957,0,1.33333333333,0
29-Jun-2027,25179.4,Put,19000,0,0,15.0957,0,8,0
29-Jun-2027,25179.4,Call,24000,0,0,15.0957,0,8,0
29-Jun-2027,25179.4,Put,22000,0,0,15.0957,0,0,0
29-Jun-2027,25179.4,Put,23000,0,0,15.0957,0,0,0
29-Jun-2027,25179.4,Put,27000,0,0,15.0957,0,0,0
29-Jun-2027,25179.4,Call,30000,0,0,15.0957,0,0,0
29-Jun-2027,25179.4,Call,29000,0,0,15.0957,0,0,0
29-Jun-2027,25179.4,Call,28000,0,0,15.0957,0,0,0
29-Jun-2027,25179.4,Put,25000,0,0,15.0957,0,0,0
29-Jun-2027,25179.4,Put,20000,0,0,15.0957,0,0,0
29-Jun-2027,25179.4,Put,21000,0,0,15.0957,0,11.6666666667,0
29-Sep-2026,25179.4,Call,29000,0,0,15.0957,0,0,0
29-Dec-2026,25179.4,Put,17000,0,0,15.0957,0,38,0
29-Dec-2026,25179.4,Call,23000,0,0,15.0957,0,68,0
29-Sep-2026,25179.4,Call,28000,0,0,15.0957,0,0,0
29-Dec-2026,25179.4,Put,14000,0,0,15.0957,0,29.6666666667,0
29-Dec-2026,25179.4,Put,30000,0,0,15.0957,0,40,0
29-Dec-2026,25179.4,Put,16000,0,0,15.0957,0,32.3333333333,0
29-Dec-2026,25179.4,Put,19000,0,0,15.0957,0,23,0
29-Dec-2026,25179.4,Put,21000,0,0,15.0957,0,499.666666667,0
29-Dec-2026,25179.4,Put,12000,0,0,15.0957,0,7.66666666667,0
29-Dec-2026,25179.4,Put,15000,0,0,15.0957,0,19.6666666667,0
29-Dec-2026,25179.4,Put,18000,0,0,15.0957,0,79.3333333333,0
29-Dec-2026,25179.4,Call,22000,0,0,15.0957,0,23,0
29-Jun-2027,25179.4,Call,31000,0,0,15.0957,0,0,0
29-Dec-2026,25179.4,Call,20000,0,0,15.0957,0,0,0
29-Dec-2026,25179.4,Call,30000,0,0,15.0957,0,876,0
31-Mar-2026,25179.4,Put,19000,0,0,15.0957,0,6,0
26-Dec-2028,25179.4,Call,30000,0,0,15.0957,0,106,0
26-Dec-2028,25179.4,Put,20000,0,0,15.0957,0,14.6666666667,0
26-Jun-2029,25179.4,Put,22000,0,0,15.0957,0,0,0
26-Dec-2028,25179.4,Call,28000,0,0,15.0957,0,14,0
24-Dec-2029,25179.4,Put,19000,0,0,15.0957,0,0,0
26-Jun-2029,25179.4,Put,29000,0,0,15.0957,0,0,0
26-Jun-2029,25179.4,Put,24000,0,0,15.0957,0,0.333333333333,0
26-Dec-2028,25179.4,Put,19000,0,0,15.0957,0,0,0
27-Jun-2028,25179.4,Call,31000,0,0,15.0957,0,0,0
28-Dec-2027,25179.4,Put,23000,0,0,15.0957,0,49,0
26-Jun-2029,25179.4,Put,25000,0,0,15.0957,0,0,0
24-Dec-2029,25179.4,Put,26000,0,0,15.0957,0,2,0
27-Jun-2028,25179.4,Call,29000,0,0,15.0957,0,0,0
26-Jun-2029,25179.4,Put,20000,0,0,15.0957,0,0,0
26-Jun-2029,25179.4,Put,28000,0,0,15.0957,0,0,0
24-Dec-2029,25179.4,Put,23000,0,0,15.0957,0,34,0
26-Dec-2028,25179.4,Put,27000,0,0,15.0957,0,0,0
26-Jun-2029,25179.4,Put,19000,0,0,15.0957,0,0,0
26-Jun-2029,25179.4,Put,31000,0,0,15.0957,0,0,0
26-Dec-2028,25179.4,Put,24000,0,0,15.0957,0,24,0
26-Jun-2029,25179.4,Put,21000,0,0,15.0957,0,0,0
26-Dec-2028,25179.4,Put,23000,0,0,15.0957,0,43,0
27-Jun-2028,25179.4,Put,23000,0,0,15.0957,0,0,0
29-Jun-2027,25179.4,Put,26000,0,0,15.0957,0,0,0
26-Jun-2029,25179.4,Put,27000,0,0,15.0957,0,0,0
24-Dec-2029,25179.4,Put,31000,0,0,15.0957,0,0,0
24-Dec-2029,25179.4,Put,25000,0,0,15.0957,0,3,0
24-Dec-2029,25179.4,Put,24000,0,0,15.0957,0,0,0
24-Dec-2029,25179.4,Put,22000,0,0,15.0957,0,0,0
24-Dec-2029,25179.4,Put,27000,0,0,15.0957,0,0,0
24-Dec-2029,25179.4,Put,29000,0,0,15.0957,0,0,0
24-Dec-2029,25179.4,Put,21000,0,0,15.0957,0,0,0
24-Dec-2029,25179.4,Put,20000,0,0,15.0957,0,0,0
24-Dec-2029,25179.4,Put,28000,0,0,15.0957,0,0,0
25-Jun-2030,25179.4,Put,20000,0,0,15.0957,0,0,0
25-Jun-2030,25179.4,Put,21000,0,0,15.0957,0,0,0
25-Jun-2030,25179.4,Put,23000,0,0,15.0957,0,0,0
25-Jun-2030,25179.4,Put,22000,0,0,15.0957,0,0,0
25-Jun-2030,25179.4,Put,27000,0,0,15.0957,0,0,0
25-Jun-2030,25179.4,Put,19000,0,0,15.0957,0,0,0
25-Jun-2030,25179.4,Put,31000,0,0,15.0957,0,0,0
25-Jun-2030,25179.4,Put,25000,0,0,15.0957,0,0,0
25-Jun-2030,25179.4,Put,28000,0,0,15.0957,0,0,0
25-Jun-2030,25179.4,Put,26000,0,0,15.0957,0,0,0
25-Jun-2030,25179.4,Put,30000,0,0,15.0957,0,0,0
25-Jun-2030,25179.4,Put,29000,0,0,15.0957,0,0,0
25-Jun-2030,25179.4,Put,24000,0,0,15.0957,0,0,0
24-Dec-2029,25179.4,Put,30000,0,0,15.0957,0,0,0
