28-Oct-2025,248.1,Call,250,2.85,16.14,32.4382,-189,8329,5996
28-Oct-2025,248.1,-,0,248.4,0,32.4382,341,42034,2229
28-Oct-2025,248.1,Call,247.5,4,15.95,32.4382,1,4009,2143
28-Oct-2025,248.1,Call,245,5.55,15.35,32.4382,-381,2360,2120
28-Oct-2025,248.1,Call,260,0.65,19.51,32.4382,-120,1886,1556
28-Oct-2025,248.1,Put,245,2.25,20.5,32.4382,151,761,1468
28-Oct-2025,248.1,Put,247.5,3.15,20.63,32.4382,105,510,1271
28-Oct-2025,248.1,Put,240,1.05,21.55,32.4382,65,1367,1067
28-Oct-2025,248.1,Call,255,1.25,17.25,32.4382,-80,1184,949
28-Oct-2025,248.1,Put,250,4.4,20.78,32.4382,110,594,831
28-Oct-2025,248.1,Call,252.5,1.9,16.56,32.4382,46,1164,705
28-Oct-2025,248.1,Put,242.5,1.5,21.11,32.4382,-34,346,633
28-Oct-2025,248.1,Call,242.5,7.45,15.74,32.4382,-120,422,541
28-Oct-2025,248.1,Call,265,0.3,20.82,32.4382,19,732,468
28-Oct-2025,248.1,Put,230,0.3,26,32.4382,5,642,459
28-Oct-2025,248.1,Call,240,9.55,12.15,32.4382,-47,767,329
28-Oct-2025,248.1,Put,235,0.55,23.7,32.4382,-11,594,309
25-Nov-2025,248.1,-,0,249.67,0,32.4382,21,958,197
28-Oct-2025,248.1,Put,255,7.8,21.94,32.4382,30,111,123
28-Oct-2025,248.1,Call,257.5,0.9,18.42,32.4382,46,255,118
28-Oct-2025,248.1,Put,252.5,5.9,21.24,32.4382,20,122,110
25-Nov-2025,248.1,Call,255,5,19.94,32.4382,-53,51,107
25-Nov-2025,248.1,Call,250,7.2,19.8,32.4382,53,155,106
28-Oct-2025,248.1,Put,237.5,0.75,22.54,32.4382,12,381,65
28-Oct-2025,248.1,Put,225,0.2,29.21,32.4382,10,393,51
28-Oct-2025,248.1,Call,235,13.9,11.86,32.4382,1,310,48
28-Oct-2025,248.1,Call,230,18.7,0,32.4382,3,167,43
28-Oct-2025,248.1,Call,262.5,0.45,20.27,32.4382,0,92,38
28-Oct-2025,248.1,Call,237.5,11.65,12.32,32.4382,10,66,38
28-Oct-2025,248.1,Put,257.5,9.85,21.5,32.4382,6,72,32
28-Oct-2025,248.1,Put,260,12.15,25.08,32.4382,8,211,27
28-Oct-2025,248.1,Call,270,0.2,23.59,32.4382,13,689,26
28-Oct-2025,248.1,Put,220,0.15,32.83,32.4382,-3,812,25
30-Dec-2025,248.1,-,0,251,0,32.4382,1,139,24
28-Oct-2025,248.1,Put,262.5,14.4,24.77,32.4382,1,37,22
25-Nov-2025,248.1,Call,260,3.45,20.42,32.4382,9,147,21
28-Oct-2025,248.1,Call,232.5,16.3,0,32.4382,4,37,19
28-Oct-2025,248.1,Call,280,0.1,28.58,32.4382,0,494,16
28-Oct-2025,248.1,Put,265,16.8,33.74,32.4382,1,61,16
25-Nov-2025,248.1,Put,230,1.4,24.09,32.4382,-1,119,15
25-Nov-2025,248.1,Put,240,3.6,24.09,32.4382,-5,63,15
25-Nov-2025,248.1,Put,245,5.05,23.2,32.4382,-1,12,14
28-Oct-2025,248.1,Put,222.5,0.15,30.3,32.4382,4,28,11
28-Oct-2025,248.1,Put,215,0.1,35.64,32.4382,7,11,11
28-Oct-2025,248.1,Put,232.5,0.4,24.78,32.4382,-3,209,10
25-Nov-2025,248.1,Call,270,1.6,21.59,32.4382,2,133,9
28-Oct-2025,248.1,Put,267.5,19.2,31.76,32.4382,2,4,7
25-Nov-2025,248.1,Put,250,7.25,23.24,32.4382,1,98,6
28-Oct-2025,248.1,Call,220,27.6,0,32.4382,0,42,4
28-Oct-2025,248.1,Call,275,0.15,26.5,32.4382,0,176,4
25-Nov-2025,248.1,Put,220,0.6,26,32.4382,0,91,4
25-Nov-2025,248.1,Call,245,9.15,16.94,32.4382,1,47,3
25-Nov-2025,248.1,Call,240,12.2,14.77,32.4382,0,49,3
25-Nov-2025,248.1,Call,265,2.25,21.54,32.4382,0,1,3
25-Nov-2025,248.1,Call,275,1.1,22.31,32.4382,1,9,3
28-Oct-2025,248.1,Call,227.5,20.5,0,32.4382,0,34,2
28-Oct-2025,248.1,Put,270,21.85,35.17,32.4382,0,600,2
28-Oct-2025,248.1,Put,200,0.05,46.21,32.4382,0,37,2
25-Nov-2025,248.1,Put,235,2.25,23.83,32.4382,0,19,1
25-Nov-2025,248.1,Put,270,20.9,24.38,32.4382,0,0,1
28-Oct-2025,248.1,Call,267.5,0.5,26.15,32.4382,0,1,1
25-Nov-2025,248.1,Put,280,33.8,43.76,32.4382,0,5,1
25-Nov-2025,248.1,Call,247.5,8.3,19.06,32.4382,0,3,1
28-Oct-2025,248.1,Call,210,0,0,32.4382,0,2,0
28-Oct-2025,248.1,Put,275,0,0,32.4382,0,0,0
28-Oct-2025,248.1,Put,210,0,0,32.4382,0,45,0
28-Oct-2025,248.1,Put,227.5,0,0,32.4382,0,60,0
28-Oct-2025,248.1,Call,215,0,0,32.4382,0,1,0
28-Oct-2025,248.1,Call,222.5,0,0,32.4382,0,23,0
28-Oct-2025,248.1,Call,205,0,0,32.4382,0,0,0
25-Nov-2025,248.1,Put,227.5,0,0,32.4382,0,0,0
25-Nov-2025,248.1,Put,237.5,0,0,32.4382,0,0,0
25-Nov-2025,248.1,Call,235,0,0,32.4382,0,0,0
25-Nov-2025,248.1,Put,232.5,0,0,32.4382,0,0,0
25-Nov-2025,248.1,Put,247.5,0,0,32.4382,0,0,0
28-Oct-2025,248.1,Put,205,0,0,32.4382,0,28,0
25-Nov-2025,248.1,Call,242.5,0,0,32.4382,0,0,0
25-Nov-2025,248.1,Put,252.5,0,0,32.4382,0,0,0
25-Nov-2025,248.1,Call,262.5,0,0,32.4382,0,0,0
28-Oct-2025,248.1,Call,225,0,0,32.4382,0,95,0
25-Nov-2025,248.1,Call,227.5,0,0,32.4382,0,0,0
25-Nov-2025,248.1,Put,222.5,0,0,32.4382,0,0,0
25-Nov-2025,248.1,Put,255,0,0,32.4382,0,1,0
25-Nov-2025,248.1,Put,265,0,0,32.4382,0,3,0
25-Nov-2025,248.1,Call,220,0,0,32.4382,0,0,0
25-Nov-2025,248.1,Put,200,0,0,32.4382,0,3,0
25-Nov-2025,248.1,Call,225,0,0,32.4382,0,0,0
25-Nov-2025,248.1,Put,257.5,0,0,32.4382,0,0,0
30-Dec-2025,248.1,Put,225,0,0,32.4382,0,0,0
25-Nov-2025,248.1,Call,205,0,0,32.4382,0,0,0
25-Nov-2025,248.1,Call,232.5,0,0,32.4382,0,0,0
25-Nov-2025,248.1,Call,210,0,0,32.4382,0,0,0
30-Dec-2025,248.1,Put,230,0,0,32.4382,0,0,0
30-Dec-2025,248.1,Call,245,0,0,32.4382,0,0,0
25-Nov-2025,248.1,Call,215,0,0,32.4382,0,0,0
25-Nov-2025,248.1,Call,280,0,0,32.4382,0,38,0
30-Dec-2025,248.1,Call,220,0,0,32.4382,0,1,0
25-Nov-2025,248.1,Put,205,0,0,32.4382,0,0,0
30-Dec-2025,248.1,Call,240,0,0,32.4382,0,1,0
25-Nov-2025,248.1,Put,262.5,0,0,32.4382,0,0,0
25-Nov-2025,248.1,Call,252.5,0,0,32.4382,0,0,0
30-Dec-2025,248.1,Put,245,0,0,32.4382,0,0,0
25-Nov-2025,248.1,Put,225,0,0,32.4382,0,0,0
30-Dec-2025,248.1,Call,250,0,0,32.4382,0,0,0
30-Dec-2025,248.1,Put,250,0,0,32.4382,0,0,0
30-Dec-2025,248.1,Put,240,0,0,32.4382,0,0,0
25-Nov-2025,248.1,Call,222.5,0,0,32.4382,0,0,0
25-Nov-2025,248.1,Call,237.5,0,0,32.4382,0,0,0
30-Dec-2025,248.1,Call,270,0,0,32.4382,0,7,0
25-Nov-2025,248.1,Put,242.5,0,0,32.4382,0,1,0
25-Nov-2025,248.1,Put,215,0,0,32.4382,0,0,0
25-Nov-2025,248.1,Put,260,0,0,32.4382,0,28,0
25-Nov-2025,248.1,Put,210,0,0,32.4382,0,0,0
25-Nov-2025,248.1,Call,267.5,0,0,32.4382,0,0,0
25-Nov-2025,248.1,Put,275,0,0,32.4382,0,0,0
28-Oct-2025,248.1,Put,280,0,0,32.4382,0,249,0
25-Nov-2025,248.1,Call,230,0,0,32.4382,0,1,0
25-Nov-2025,248.1,Call,257.5,0,0,32.4382,0,0,0
25-Nov-2025,248.1,Put,267.5,0,0,32.4382,0,0,0
30-Dec-2025,248.1,Put,235,0,0,32.4382,0,0,0
30-Dec-2025,248.1,Call,255,0,0,32.4382,0,0,0
30-Dec-2025,248.1,Call,265,0,0,32.4382,0,0,0
30-Dec-2025,248.1,Put,260,0,0,32.4382,0,0,0
30-Dec-2025,248.1,Call,260,0,0,32.4382,0,0,0
30-Dec-2025,248.1,Put,255,0,0,32.4382,0,0,0
30-Dec-2025,248.1,Put,220,0,0,32.4382,0,0,0
