28-Oct-2025,245.97,Call,250,2.05,17.79,32.4382,-185,8333,14392
28-Oct-2025,245.97,Call,247.5,3.05,17.38,32.4382,39,4047,5758
28-Oct-2025,245.97,Put,245,2.9,19.64,32.4382,127,737,5586
28-Oct-2025,245.97,Call,245,4.45,17.83,32.4382,-276,2465,5437
28-Oct-2025,245.97,-,0,246.56,0,32.4382,791,42484,5389
28-Oct-2025,245.97,Put,247.5,4.05,19.45,32.4382,244,649,3702
28-Oct-2025,245.97,Call,260,0.5,20.69,32.4382,-40,1966,3425
28-Oct-2025,245.97,Put,240,1.4,20.81,32.4382,-51,1251,2995
28-Oct-2025,245.97,Put,250,5.5,19.74,32.4382,308,792,2673
28-Oct-2025,245.97,Call,255,1,18.93,32.4382,-34,1230,2662
28-Oct-2025,245.97,Call,252.5,1.45,18.19,32.4382,63,1181,1813
28-Oct-2025,245.97,Put,242.5,2,20.11,32.4382,-41,339,1699
28-Oct-2025,245.97,Put,230,0.4,25.36,32.4382,70,707,1155
28-Oct-2025,245.97,Call,242.5,6.1,16.95,32.4382,-125,417,981
28-Oct-2025,245.97,Call,265,0.25,22.26,32.4382,83,796,945
28-Oct-2025,245.97,Put,235,0.75,23.16,32.4382,-43,562,918
28-Oct-2025,245.97,Call,240,8,18.94,32.4382,-158,656,894
25-Nov-2025,245.97,-,0,247.83,0,32.4382,122,1059,602
28-Oct-2025,245.97,Put,232.5,0.6,24.89,32.4382,225,437,522
28-Oct-2025,245.97,Call,257.5,0.65,19.31,32.4382,62,271,424
28-Oct-2025,245.97,Put,252.5,7.35,23.08,32.4382,16,118,293
28-Oct-2025,245.97,Put,255,9.4,21.93,32.4382,39,120,244
28-Oct-2025,245.97,Put,237.5,0.95,21.39,32.4382,-8,361,207
28-Oct-2025,245.97,Put,220,0.15,30.89,32.4382,-7,808,186
25-Nov-2025,245.97,Call,250,6.1,19.87,32.4382,54,156,183
25-Nov-2025,245.97,Call,255,4.15,20,32.4382,-50,54,150
28-Oct-2025,245.97,Call,235,12.2,7.56,32.4382,-7,302,126
28-Oct-2025,245.97,Put,260,14.2,27.56,32.4382,15,218,125
28-Oct-2025,245.97,Call,262.5,0.4,22.14,32.4382,2,94,109
28-Oct-2025,245.97,Call,280,0.05,27.68,32.4382,-30,464,108
28-Oct-2025,245.97,Put,225,0.3,29.4,32.4382,38,421,100
28-Oct-2025,245.97,Call,237.5,10,17.71,32.4382,-1,55,100
28-Oct-2025,245.97,Call,230,17.3,24.89,32.4382,6,170,93
28-Oct-2025,245.97,Put,257.5,11.95,25.97,32.4382,3,69,93
28-Oct-2025,245.97,Call,267.5,0.25,24.57,32.4382,60,61,88
28-Oct-2025,245.97,Call,232.5,13.95,0,32.4382,26,59,87
28-Oct-2025,245.97,Call,270,0.2,25.71,32.4382,16,692,77
28-Oct-2025,245.97,Put,262.5,16.6,29.97,32.4382,-6,30,63
25-Nov-2025,245.97,Call,260,2.9,20.79,32.4382,27,165,59
25-Nov-2025,245.97,Call,270,1.35,22.07,32.4382,23,154,58
30-Dec-2025,245.97,-,0,248.79,0,32.4382,-3,135,55
25-Nov-2025,245.97,Put,245,5.8,23.54,32.4382,8,21,51
25-Nov-2025,245.97,Put,230,1.65,23.76,32.4382,16,136,49
28-Oct-2025,245.97,Put,265,19.05,32.63,32.4382,-10,50,44
28-Oct-2025,245.97,Put,222.5,0.2,29.81,32.4382,18,42,38
25-Nov-2025,245.97,Put,240,3.6,21.88,32.4382,-10,58,33
25-Nov-2025,245.97,Put,250,8,22.31,32.4382,5,102,23
28-Oct-2025,245.97,Put,215,0.1,33.83,32.4382,11,15,21
25-Nov-2025,245.97,Call,245,8.9,20.59,32.4382,3,49,18
28-Oct-2025,245.97,Put,267.5,20.25,0,32.4382,1,3,17
25-Nov-2025,245.97,Put,220,0.6,24.67,32.4382,-1,90,17
28-Oct-2025,245.97,Call,275,0.15,28.49,32.4382,3,179,15
28-Oct-2025,245.97,Call,227.5,19,0,32.4382,5,39,14
25-Nov-2025,245.97,Call,275,1,23.25,32.4382,9,17,14
25-Nov-2025,245.97,Call,280,0.6,23.14,32.4382,7,45,11
25-Nov-2025,245.97,Call,265,2,21.5,32.4382,6,7,10
28-Oct-2025,245.97,Put,270,23.3,29.3,32.4382,-2,598,9
28-Oct-2025,245.97,Call,225,21.6,0,32.4382,0,95,8
25-Nov-2025,245.97,Call,240,12.15,21.03,32.4382,0,49,8
28-Oct-2025,245.97,Put,200,0.1,48.74,32.4382,2,39,7
25-Nov-2025,245.97,Put,235,2.65,23.59,32.4382,0,19,6
28-Oct-2025,245.97,Call,220,27.6,42.28,32.4382,0,42,4
28-Oct-2025,245.97,Put,210,0.05,35.3,32.4382,0,45,4
25-Nov-2025,245.97,Put,260,15,24.68,32.4382,0,28,2
25-Nov-2025,245.97,Call,247.5,7.5,20.44,32.4382,1,4,2
30-Dec-2025,245.97,Call,260,5.4,19.69,32.4382,0,0,2
25-Nov-2025,245.97,Put,255,11.25,23.35,32.4382,0,1,2
25-Nov-2025,245.97,Put,200,0.15,30.75,32.4382,0,3,1
25-Nov-2025,245.97,Call,215,32.35,0,32.4382,0,0,1
25-Nov-2025,245.97,Put,280,33.8,36.96,32.4382,0,5,1
25-Nov-2025,245.97,Put,270,20.9,10.66,32.4382,0,0,1
30-Dec-2025,245.97,Call,270,1.9,16.91,32.4382,0,7,1
28-Oct-2025,245.97,Put,275,0,0,32.4382,0,0,0
28-Oct-2025,245.97,Call,210,0,0,32.4382,0,2,0
28-Oct-2025,245.97,Put,227.5,0,0,32.4382,0,60,0
28-Oct-2025,245.97,Call,222.5,0,0,32.4382,0,23,0
28-Oct-2025,245.97,Put,205,0,0,32.4382,0,28,0
28-Oct-2025,245.97,Put,280,0,0,32.4382,0,249,0
28-Oct-2025,245.97,Call,215,0,0,32.4382,0,1,0
28-Oct-2025,245.97,Call,205,0,0,32.4382,0,0,0
25-Nov-2025,245.97,Call,205,0,0,32.4382,0,0,0
25-Nov-2025,245.97,Put,227.5,0,0,32.4382,0,0,0
25-Nov-2025,245.97,Call,232.5,0,0,32.4382,0,0,0
25-Nov-2025,245.97,Put,232.5,0,0,32.4382,0,0,0
25-Nov-2025,245.97,Call,235,0,0,32.4382,0,0,0
25-Nov-2025,245.97,Call,237.5,0,0,32.4382,0,0,0
25-Nov-2025,245.97,Call,242.5,0,0,32.4382,0,0,0
25-Nov-2025,245.97,Put,242.5,0,0,32.4382,0,1,0
25-Nov-2025,245.97,Put,247.5,0,0,32.4382,0,0,0
25-Nov-2025,245.97,Call,210,0,0,32.4382,0,0,0
25-Nov-2025,245.97,Call,257.5,0,0,32.4382,0,0,0
25-Nov-2025,245.97,Put,237.5,0,0,32.4382,0,0,0
25-Nov-2025,245.97,Call,220,0,0,32.4382,0,0,0
25-Nov-2025,245.97,Put,267.5,0,0,32.4382,0,0,0
25-Nov-2025,245.97,Put,222.5,0,0,32.4382,0,0,0
25-Nov-2025,245.97,Call,225,0,0,32.4382,0,0,0
25-Nov-2025,245.97,Call,222.5,0,0,32.4382,0,0,0
25-Nov-2025,245.97,Call,262.5,0,0,32.4382,0,0,0
25-Nov-2025,245.97,Put,210,0,0,32.4382,0,0,0
25-Nov-2025,245.97,Put,252.5,0,0,32.4382,0,0,0
25-Nov-2025,245.97,Call,252.5,0,0,32.4382,0,0,0
25-Nov-2025,245.97,Put,257.5,0,0,32.4382,0,0,0
25-Nov-2025,245.97,Call,227.5,0,0,32.4382,0,0,0
25-Nov-2025,245.97,Put,215,0,0,32.4382,0,0,0
25-Nov-2025,245.97,Put,275,0,0,32.4382,0,0,0
25-Nov-2025,245.97,Put,262.5,0,0,32.4382,0,0,0
30-Dec-2025,245.97,Put,240,0,0,32.4382,0,0,0
30-Dec-2025,245.97,Call,220,0,0,32.4382,0,1,0
30-Dec-2025,245.97,Put,230,0,0,32.4382,0,0,0
30-Dec-2025,245.97,Call,245,0,0,32.4382,0,0,0
30-Dec-2025,245.97,Put,225,0,0,32.4382,0,0,0
30-Dec-2025,245.97,Put,250,0,0,32.4382,0,0,0
30-Dec-2025,245.97,Put,245,0,0,32.4382,0,0,0
30-Dec-2025,245.97,Put,255,0,0,32.4382,0,0,0
25-Nov-2025,245.97,Put,265,0,0,32.4382,0,3,0
30-Dec-2025,245.97,Call,240,0,0,32.4382,0,1,0
25-Nov-2025,245.97,Put,225,0,0,32.4382,0,0,0
30-Dec-2025,245.97,Put,220,0,0,32.4382,0,0,0
25-Nov-2025,245.97,Put,205,0,0,32.4382,0,0,0
30-Dec-2025,245.97,Call,265,0,0,32.4382,0,0,0
30-Dec-2025,245.97,Call,250,0,0,32.4382,0,0,0
30-Dec-2025,245.97,Put,260,0,0,32.4382,0,0,0
25-Nov-2025,245.97,Call,267.5,0,0,32.4382,0,0,0
30-Dec-2025,245.97,Put,235,0,0,32.4382,0,0,0
25-Nov-2025,245.97,Call,230,0,0,32.4382,0,1,0
30-Dec-2025,245.97,Call,255,0,0,32.4382,0,0,0
