28-Oct-2025,247.05,Call,250,2.4,16.75,32.4382,-192,8326,12000
28-Oct-2025,247.05,-,0,247.45,0,32.4382,774,42467,4200
28-Oct-2025,247.07,Call,247.5,3.5,16.54,32.4382,9,4017,4085
28-Oct-2025,247.05,Call,245,4.95,16.29,32.4382,-531,2210,3944
28-Oct-2025,247.05,Put,245,2.55,20.69,32.4382,185,795,3835
28-Oct-2025,247.05,Put,247.5,3.6,20.48,32.4382,254,659,2850
28-Oct-2025,247.05,Call,260,0.55,20,32.4382,-52,1954,2503
28-Oct-2025,247.05,Put,240,1.25,21.32,32.4382,95,1397,2192
28-Oct-2025,247.05,Put,250,5,20.8,32.4382,302,786,2110
28-Oct-2025,247.05,Call,255,1.1,18.12,32.4382,-15,1249,1987
28-Oct-2025,247.05,Call,252.5,1.65,17.33,32.4382,70,1188,1396
28-Oct-2025,247.05,Put,242.5,1.75,21.01,32.4382,32,412,1312
28-Oct-2025,247.05,Call,265,0.3,22.07,32.4382,39,752,861
28-Oct-2025,247.07,Put,235,0.65,23.4,32.4382,-33,572,772
28-Oct-2025,247.05,Call,240,8.7,15.93,32.4382,-130,684,765
28-Oct-2025,247.05,Put,230,0.4,26.46,32.4382,181,818,762
28-Oct-2025,247.05,Call,242.5,6.65,15.99,32.4382,-132,410,758
25-Nov-2025,247.07,-,0,248.41,0,32.4382,42,979,425
28-Oct-2025,247.07,Put,232.5,0.5,24.85,32.4382,246,458,420
28-Oct-2025,247.05,Call,257.5,0.75,18.86,32.4382,86,295,285
28-Oct-2025,247.05,Put,252.5,6.95,22.35,32.4382,22,124,233
28-Oct-2025,247.05,Put,255,8.65,23.83,32.4382,42,123,206
28-Oct-2025,247.05,Put,237.5,0.85,22.35,32.4382,-4,365,174
25-Nov-2025,247.05,Call,250,6.45,19.41,32.4382,50,152,171
25-Nov-2025,247.05,Call,255,4.6,19.89,32.4382,-45,59,133
28-Oct-2025,247.05,Call,280,0.1,29.58,32.4382,-27,467,104
28-Oct-2025,247.07,Call,235,12.65,0,32.4382,-1,308,94
28-Oct-2025,247.05,Call,262.5,0.4,21,32.4382,-3,89,94
28-Oct-2025,247.07,Put,225,0.25,29.33,32.4382,35,418,91
28-Oct-2025,247.05,Put,260,13.1,26.96,32.4382,21,224,89
28-Oct-2025,247.05,Call,230,17.35,0,32.4382,6,170,82
28-Oct-2025,247.05,Call,267.5,0.25,23.55,32.4382,52,53,81
28-Oct-2025,247.05,Put,257.5,11.1,25.52,32.4382,3,69,77
28-Oct-2025,247.05,Put,220,0.15,31.79,32.4382,-6,809,73
28-Oct-2025,247.05,Call,237.5,10.5,10.46,32.4382,13,69,69
28-Oct-2025,247.05,Call,270,0.2,24.73,32.4382,14,690,68
25-Nov-2025,247.05,Call,270,1.5,22.05,32.4382,24,155,52
28-Oct-2025,247.05,Put,262.5,15.5,30.32,32.4382,-6,30,47
25-Nov-2025,247.05,Call,260,3.1,20.47,32.4382,23,161,47
30-Dec-2025,247.05,-,0,249.75,0,32.4382,-4,134,44
25-Nov-2025,247.07,Put,230,1.5,23.76,32.4382,16,136,44
28-Oct-2025,247.05,Call,232.5,15.4,0,32.4382,8,41,42
25-Nov-2025,247.05,Put,245,5.5,23.23,32.4382,9,22,41
28-Oct-2025,247.05,Put,265,17.9,31.39,32.4382,-4,56,33
25-Nov-2025,247.05,Put,240,3.6,23.09,32.4382,-11,57,33
25-Nov-2025,247.05,Put,250,7.75,23.06,32.4382,5,102,22
28-Oct-2025,247.05,Put,222.5,0.2,30.75,32.4382,8,32,21
28-Oct-2025,247.07,Put,267.5,20.25,33.94,32.4382,2,4,16
25-Nov-2025,247.05,Call,245,9.6,20.84,32.4382,2,48,16
28-Oct-2025,247.05,Call,275,0.15,27.57,32.4382,4,180,14
25-Nov-2025,247.05,Call,275,1.05,22.85,32.4382,8,16,13
25-Nov-2025,247.05,Put,220,0.55,24.79,32.4382,-1,90,12
28-Oct-2025,247.05,Put,215,0.1,34.67,32.4382,7,11,11
28-Oct-2025,247.05,Call,227.5,19.9,0,32.4382,2,36,9
25-Nov-2025,247.05,Call,280,0.65,22.93,32.4382,7,45,9
28-Oct-2025,247.07,Put,270,22.75,34.24,32.4382,-2,598,8
25-Nov-2025,247.05,Call,265,2.4,22.23,32.4382,5,6,8
25-Nov-2025,247.05,Call,240,12,17.8,32.4382,0,49,7
28-Oct-2025,247.05,Call,220,27.6,0,32.4382,0,42,4
25-Nov-2025,247.05,Put,235,2.35,23.25,32.4382,0,19,4
28-Oct-2025,247.05,Call,225,23.6,36.62,32.4382,0,95,3
28-Oct-2025,247.05,Put,200,0.05,45.34,32.4382,0,37,2
25-Nov-2025,247.05,Call,247.5,7.5,18.73,32.4382,1,4,2
30-Dec-2025,247.05,Call,260,5.4,18.81,32.4382,0,0,2
25-Nov-2025,247.05,Put,280,33.8,40.32,32.4382,0,5,1
25-Nov-2025,247.05,Put,270,20.9,19.69,32.4382,0,0,1
25-Nov-2025,247.05,Put,260,13.55,22.12,32.4382,0,28,1
28-Oct-2025,247.05,Call,210,0,0,32.4382,0,2,0
28-Oct-2025,247.05,Put,275,0,0,32.4382,0,0,0
28-Oct-2025,247.05,Put,210,0,0,32.4382,0,45,0
28-Oct-2025,247.05,Put,227.5,0,0,32.4382,0,60,0
28-Oct-2025,247.05,Call,222.5,0,0,32.4382,0,23,0
28-Oct-2025,247.05,Put,205,0,0,32.4382,0,28,0
25-Nov-2025,247.07,Call,215,0,0,32.4382,0,0,0
25-Nov-2025,247.05,Call,235,0,0,32.4382,0,0,0
28-Oct-2025,247.07,Put,280,0,0,32.4382,0,249,0
25-Nov-2025,247.07,Put,227.5,0,0,32.4382,0,0,0
28-Oct-2025,247.05,Call,205,0,0,32.4382,0,0,0
25-Nov-2025,247.05,Call,237.5,0,0,32.4382,0,0,0
25-Nov-2025,247.05,Put,247.5,0,0,32.4382,0,0,0
25-Nov-2025,247.05,Put,252.5,0,0,32.4382,0,0,0
28-Oct-2025,247.05,Call,215,0,0,32.4382,0,1,0
25-Nov-2025,247.05,Put,232.5,0,0,32.4382,0,0,0
25-Nov-2025,247.05,Put,237.5,0,0,32.4382,0,0,0
25-Nov-2025,247.05,Put,242.5,0,0,32.4382,0,1,0
25-Nov-2025,247.05,Call,242.5,0,0,32.4382,0,0,0
25-Nov-2025,247.05,Call,232.5,0,0,32.4382,0,0,0
25-Nov-2025,247.05,Put,200,0,0,32.4382,0,3,0
25-Nov-2025,247.05,Call,257.5,0,0,32.4382,0,0,0
25-Nov-2025,247.05,Put,222.5,0,0,32.4382,0,0,0
25-Nov-2025,247.07,Call,252.5,0,0,32.4382,0,0,0
25-Nov-2025,247.05,Call,210,0,0,32.4382,0,0,0
25-Nov-2025,247.05,Put,267.5,0,0,32.4382,0,0,0
25-Nov-2025,247.05,Call,225,0,0,32.4382,0,0,0
25-Nov-2025,247.05,Call,222.5,0,0,32.4382,0,0,0
25-Nov-2025,247.05,Put,210,0,0,32.4382,0,0,0
25-Nov-2025,247.05,Call,220,0,0,32.4382,0,0,0
25-Nov-2025,247.05,Put,255,0,0,32.4382,0,1,0
25-Nov-2025,247.05,Put,275,0,0,32.4382,0,0,0
25-Nov-2025,247.05,Put,262.5,0,0,32.4382,0,0,0
25-Nov-2025,247.05,Put,265,0,0,32.4382,0,3,0
25-Nov-2025,247.05,Call,227.5,0,0,32.4382,0,0,0
25-Nov-2025,247.07,Put,215,0,0,32.4382,0,0,0
25-Nov-2025,247.05,Call,230,0,0,32.4382,0,1,0
25-Nov-2025,247.05,Call,262.5,0,0,32.4382,0,0,0
25-Nov-2025,247.07,Call,267.5,0,0,32.4382,0,0,0
25-Nov-2025,247.05,Call,205,0,0,32.4382,0,0,0
25-Nov-2025,247.07,Put,205,0,0,32.4382,0,0,0
25-Nov-2025,247.05,Put,225,0,0,32.4382,0,0,0
30-Dec-2025,247.05,Put,225,0,0,32.4382,0,0,0
30-Dec-2025,247.07,Call,220,0,0,32.4382,0,1,0
30-Dec-2025,247.05,Put,250,0,0,32.4382,0,0,0
30-Dec-2025,247.05,Call,250,0,0,32.4382,0,0,0
25-Nov-2025,247.05,Put,257.5,0,0,32.4382,0,0,0
30-Dec-2025,247.05,Call,270,0,0,32.4382,0,7,0
30-Dec-2025,247.05,Call,255,0,0,32.4382,0,0,0
30-Dec-2025,247.05,Put,230,0,0,32.4382,0,0,0
30-Dec-2025,247.05,Put,235,0,0,32.4382,0,0,0
30-Dec-2025,247.05,Put,255,0,0,32.4382,0,0,0
30-Dec-2025,247.05,Put,245,0,0,32.4382,0,0,0
30-Dec-2025,247.05,Call,240,0,0,32.4382,0,1,0
30-Dec-2025,247.05,Put,240,0,0,32.4382,0,0,0
30-Dec-2025,247.05,Call,245,0,0,32.4382,0,0,0
30-Dec-2025,247.05,Put,220,0,0,32.4382,0,0,0
30-Dec-2025,247.05,Call,265,0,0,32.4382,0,0,0
30-Dec-2025,247.05,Put,260,0,0,32.4382,0,0,0
