28-Oct-2025,1288.3,Call,1300,11.5,23.3,24.8589,17,1435,1259
28-Oct-2025,1288.3,-,0,1290,0,24.8589,124,19555,711
28-Oct-2025,1288.3,Call,1290,16.95,23.88,24.8589,43,648,470
28-Oct-2025,1288.3,Call,1320,6.2,22.47,24.8589,10,1671,453
28-Oct-2025,1288.3,Call,1280,21.1,22.15,24.8589,-96,640,433
25-Nov-2025,1288.3,-,0,1291.2,0,24.8589,-26,2060,256
28-Oct-2025,1288.3,Call,1260,38.35,24.61,24.8589,-9,1502,197
25-Nov-2025,1288.3,Call,1300,35,21.39,24.8589,-31,319,171
28-Oct-2025,1288.3,Put,1280,11.7,24.87,24.8589,49,318,147
28-Oct-2025,1288.3,Call,1340,2.65,23.21,24.8589,24,999,147
28-Oct-2025,1288.3,Put,1260,6,25.83,24.8589,39,463,118
28-Oct-2025,1288.3,Call,1310,8.05,22.94,24.8589,-8,294,117
28-Oct-2025,1288.3,Call,1270,26.65,24.12,24.8589,-6,377,90
28-Oct-2025,1288.3,Put,1240,3.25,27.38,24.8589,2,633,86
28-Oct-2025,1288.3,Call,1360,1.05,25.61,24.8589,20,282,82
28-Oct-2025,1288.3,Put,1220,1.9,29.05,24.8589,-20,184,77
28-Oct-2025,1288.3,Call,1330,3.8,23.41,24.8589,12,290,70
28-Oct-2025,1288.3,Put,1230,2.6,28.23,24.8589,-2,153,62
28-Oct-2025,1288.3,Put,1300,21.6,24.07,24.8589,14,246,59
28-Oct-2025,1288.3,Put,1270,9.5,24.73,24.8589,9,280,52
28-Oct-2025,1288.3,Put,1250,5,26.34,24.8589,28,738,51
28-Oct-2025,1288.3,Put,1290,17.05,24.19,24.8589,25,112,47
28-Oct-2025,1288.3,Call,1350,2.05,24.15,24.8589,1,145,45
25-Nov-2025,1288.3,Call,1280,45.8,21.1,24.8589,19,43,35
28-Oct-2025,1288.3,Call,1240,53.65,23.95,24.8589,1,168,30
28-Oct-2025,1288.3,Put,1200,1.05,32.05,24.8589,-2,307,28
25-Nov-2025,1288.3,Call,1350,16,21.99,24.8589,19,75,27
28-Oct-2025,1288.3,Put,1190,1.75,38.48,24.8589,0,71,26
28-Oct-2025,1288.3,Call,1400,0.6,29.86,24.8589,-3,880,24
25-Nov-2025,1288.3,Call,1260,59,20.31,24.8589,-1,109,21
28-Oct-2025,1288.3,Call,1250,45.95,25.26,24.8589,-2,205,18
28-Oct-2025,1288.3,Call,1390,2.3,35.57,0,0,12,16
28-Oct-2025,1288.3,Call,1370,1.05,26.56,24.8589,7,23,15
25-Nov-2025,1288.3,Call,1290,40.75,20.53,24.8589,2,41,15
28-Oct-2025,1288.3,Put,1180,1.25,38.81,24.8589,0,117,13
25-Nov-2025,1288.3,Call,1400,7.75,22.76,24.8589,2,50,11
28-Oct-2025,1288.3,Put,1320,35.95,25.94,24.8589,2,137,10
28-Oct-2025,1288.3,Put,1310,28.85,24.7,24.8589,2,36,9
25-Nov-2025,1288.3,Put,1300,40.2,26.36,24.8589,4,116,8
25-Nov-2025,1288.3,Call,1360,14.4,21.88,24.8589,3,13,7
30-Dec-2025,1288.3,-,0,1297.7,0,24.8589,-3,61,6
28-Oct-2025,1288.3,Call,1200,92,24.19,24.8589,0,61,6
28-Oct-2025,1288.3,Call,1380,0.85,27.43,24.8589,-1,177,5
28-Oct-2025,1288.3,Put,1170,0.6,38.49,24.8589,0,36,3
28-Oct-2025,1288.3,Put,1340,52.6,31.53,24.8589,0,58,3
28-Oct-2025,1288.3,Put,1360,71.45,30.69,24.8589,-1,44,3
25-Nov-2025,1288.3,Call,1320,26.7,20.79,24.8589,0,35,3
25-Nov-2025,1288.3,Put,1200,9,26.96,24.8589,2,106,3
28-Oct-2025,1288.3,Put,1120,0.25,44.35,24.8589,0,319,2
28-Oct-2025,1288.3,Put,1160,1,36.27,24.8589,0,116,2
28-Oct-2025,1288.3,Call,1440,0.1,30.74,24.8589,1,45,2
28-Oct-2025,1288.3,Put,1210,1.25,29.9,24.8589,0,99,2
25-Nov-2025,1288.3,Call,1340,20.15,22.22,24.8589,0,35,2
28-Oct-2025,1288.3,Put,1100,0.25,49.25,24.8589,0,258,1
28-Oct-2025,1288.3,Call,1420,0.55,34.19,24.8589,0,375,1
28-Oct-2025,1288.3,Put,1150,0.25,37.05,24.8589,0,113,1
25-Nov-2025,1288.3,Put,1280,33.75,27.71,24.8589,0,13,1
25-Nov-2025,1288.3,Put,1260,22,25.1,24.8589,0,63,1
25-Nov-2025,1288.3,Put,1290,29.4,0,24.8589,0,3,1
28-Oct-2025,1288.3,Put,1460,0,0,24.8589,0,0,0
28-Oct-2025,1288.3,Call,1460,0,0,24.8589,0,0,0
28-Oct-2025,1288.3,Put,1330,0,0,24.8589,0,52,0
28-Oct-2025,1288.3,Call,1520,0,0,24.8589,0,8,0
28-Oct-2025,1288.3,Call,1060,0,0,24.8589,0,0,0
28-Oct-2025,1288.3,Call,1190,0,0,24.8589,0,13,0
28-Oct-2025,1288.3,Call,1150,0,0,24.8589,0,0,0
28-Oct-2025,1288.3,Call,1110,0,0,24.8589,0,0,0
28-Oct-2025,1288.3,Put,1370,0,0,24.8589,0,0,0
28-Oct-2025,1288.3,Put,1390,0,0,0,0,0,0
28-Oct-2025,1288.3,Put,1040,0,0,24.8589,0,96,0
28-Oct-2025,1288.3,Put,1110,0,0,24.8589,0,21,0
28-Oct-2025,1288.3,Call,1100,0,0,24.8589,0,0,0
28-Oct-2025,1288.3,Call,1210,0,0,24.8589,0,19,0
28-Oct-2025,1288.3,Call,1130,0,0,24.8589,0,2,0
28-Oct-2025,1288.3,Put,1060,0,0,24.8589,0,0,0
28-Oct-2025,1288.3,Call,1480,0,0,24.8589,0,0,0
28-Oct-2025,1288.3,Put,1130,0,0,24.8589,0,39,0
28-Oct-2025,1288.3,Call,1230,0,0,24.8589,0,56,0
28-Oct-2025,1288.3,Call,1140,0,0,24.8589,0,8,0
28-Oct-2025,1288.3,Call,1180,0,0,24.8589,0,25,0
28-Oct-2025,1288.3,Put,1140,0,0,24.8589,0,126,0
28-Oct-2025,1288.3,Call,1040,0,0,24.8589,0,0,0
28-Oct-2025,1288.3,Call,1170,0,0,24.8589,0,6,0
28-Oct-2025,1288.3,Call,1160,0,0,24.8589,0,24,0
25-Nov-2025,1288.3,Put,1480,0,0,0,0,0,0
28-Oct-2025,1288.3,Call,1220,0,0,24.8589,0,48,0
28-Oct-2025,1288.3,Put,1350,0,0,24.8589,0,0,0
28-Oct-2025,1288.3,Put,1380,0,0,24.8589,0,26,0
28-Oct-2025,1288.3,Put,1420,0,0,24.8589,0,0,0
28-Oct-2025,1288.3,Put,1080,0,0,24.8589,0,207,0
25-Nov-2025,1288.3,Put,1330,0,0,24.8589,0,16,0
25-Nov-2025,1288.3,Call,1460,0,0,24.8589,0,0,0
25-Nov-2025,1288.3,Call,1390,0,0,0,0,0,0
25-Nov-2025,1288.3,Put,1160,0,0,24.8589,0,2,0
28-Oct-2025,1288.3,Put,1440,0,0,24.8589,0,1,0
25-Nov-2025,1288.3,Call,1180,0,0,24.8589,0,0,0
25-Nov-2025,1288.3,Put,1340,0,0,24.8589,0,0,0
25-Nov-2025,1288.3,Call,1140,0,0,24.8589,0,0,0
25-Nov-2025,1288.3,Put,1270,0,0,24.8589,0,1,0
28-Oct-2025,1288.3,Call,1080,0,0,24.8589,0,0,0
25-Nov-2025,1288.3,Call,1110,0,0,24.8589,0,0,0
25-Nov-2025,1288.3,Call,1170,0,0,24.8589,0,0,0
25-Nov-2025,1288.3,Put,1380,0,0,24.8589,0,3,0
25-Nov-2025,1288.3,Put,1240,0,0,24.8589,0,26,0
25-Nov-2025,1288.3,Call,1100,0,0,24.8589,0,0,0
25-Nov-2025,1288.3,Call,1370,0,0,24.8589,0,0,0
25-Nov-2025,1288.3,Call,1440,0,0,24.8589,0,0,0
28-Oct-2025,1288.3,Call,1120,0,0,24.8589,0,6,0
25-Nov-2025,1288.3,Put,1350,0,0,24.8589,0,0,0
25-Nov-2025,1288.3,Put,1230,0,0,24.8589,0,2,0
25-Nov-2025,1288.3,Call,1060,0,0,24.8589,0,0,0
25-Nov-2025,1288.3,Put,1360,0,0,24.8589,0,0,0
25-Nov-2025,1288.3,Put,1220,0,0,24.8589,0,2,0
28-Oct-2025,1288.3,Put,1480,0,0,24.8589,0,1,0
25-Nov-2025,1288.3,Call,1250,0,0,24.8589,0,9,0
25-Nov-2025,1288.3,Put,1420,0,0,24.8589,0,0,0
25-Nov-2025,1288.3,Put,1120,0,0,24.8589,0,52,0
25-Nov-2025,1288.3,Put,1310,0,0,24.8589,0,0,0
25-Nov-2025,1288.3,Call,1160,0,0,24.8589,0,0,0
25-Nov-2025,1288.3,Call,1310,0,0,24.8589,0,12,0
25-Nov-2025,1288.3,Put,1080,0,0,24.8589,0,0,0
25-Nov-2025,1288.3,Call,1190,0,0,24.8589,0,0,0
25-Nov-2025,1288.3,Call,1120,0,0,24.8589,0,0,0
25-Nov-2025,1288.3,Call,1230,0,0,24.8589,0,0,0
25-Nov-2025,1288.3,Call,1130,0,0,24.8589,0,0,0
25-Nov-2025,1288.3,Put,1190,0,0,24.8589,0,0,0
25-Nov-2025,1288.3,Put,1250,0,0,24.8589,0,65,0
25-Nov-2025,1288.3,Call,1380,0,0,24.8589,0,14,0
25-Nov-2025,1288.3,Put,1150,0,0,24.8589,0,0,0
25-Nov-2025,1288.3,Put,1060,0,0,24.8589,0,0,0
25-Nov-2025,1288.3,Call,1480,0,0,0,0,0,0
25-Nov-2025,1288.3,Call,1220,0,0,24.8589,0,1,0
28-Oct-2025,1288.3,Put,1400,0,0,24.8589,0,23,0
25-Nov-2025,1288.3,Put,1130,0,0,24.8589,0,0,0
25-Nov-2025,1288.3,Put,1400,0,0,24.8589,0,0,0
25-Nov-2025,1288.3,Call,1420,0,0,24.8589,0,0,0
25-Nov-2025,1288.3,Call,1210,0,0,24.8589,0,0,0
25-Nov-2025,1288.3,Call,1270,0,0,24.8589,0,18,0
25-Nov-2025,1288.3,Put,1460,0,0,24.8589,0,0,0
25-Nov-2025,1288.3,Call,1150,0,0,24.8589,0,0,0
25-Nov-2025,1288.3,Put,1140,0,0,24.8589,0,0,0
25-Nov-2025,1288.3,Put,1320,0,0,24.8589,0,42,0
25-Nov-2025,1288.3,Call,1240,0,0,24.8589,0,38,0
25-Nov-2025,1288.3,Put,1180,0,0,24.8589,0,14,0
25-Nov-2025,1288.3,Put,1170,0,0,24.8589,0,0,0
25-Nov-2025,1288.3,Put,1440,0,0,24.8589,0,0,0
25-Nov-2025,1288.3,Call,1080,0,0,24.8589,0,0,0
25-Nov-2025,1288.3,Put,1110,0,0,24.8589,0,0,0
25-Nov-2025,1288.3,Call,1330,0,0,24.8589,0,15,0
25-Nov-2025,1288.3,Put,1210,0,0,24.8589,0,5,0
25-Nov-2025,1288.3,Call,1200,0,0,24.8589,0,12,0
25-Nov-2025,1288.3,Put,1390,0,0,0,0,0,0
25-Nov-2025,1288.3,Put,1100,0,0,24.8589,0,0,0
25-Nov-2025,1288.3,Call,1040,0,0,24.8589,0,0,0
25-Nov-2025,1288.3,Put,1370,0,0,24.8589,0,0,0
30-Dec-2025,1288.3,Put,1160,0,0,24.8589,0,0,0
30-Dec-2025,1288.3,Call,1380,0,0,24.8589,0,0,0
30-Dec-2025,1288.3,Put,1280,0,0,24.8589,0,0,0
30-Dec-2025,1288.3,Put,1300,0,0,24.8589,0,0,0
30-Dec-2025,1288.3,Call,1280,0,0,24.8589,0,0,0
30-Dec-2025,1288.3,Put,1180,0,0,24.8589,0,0,0
30-Dec-2025,1288.3,Put,1240,0,0,24.8589,0,0,0
25-Nov-2025,1288.3,Put,1040,0,0,24.8589,0,0,0
30-Dec-2025,1288.3,Put,1260,0,0,24.8589,0,0,0
30-Dec-2025,1288.3,Call,1300,0,0,24.8589,0,0,0
30-Dec-2025,1288.3,Put,1040,0,0,24.8589,0,0,0
30-Dec-2025,1288.3,Put,1120,0,0,24.8589,0,0,0
30-Dec-2025,1288.3,Call,1340,0,0,24.8589,0,33,0
30-Dec-2025,1288.3,Call,1480,0,0,24.8589,0,0,0
30-Dec-2025,1288.3,Call,1440,0,0,24.8589,0,0,0
30-Dec-2025,1288.3,Put,1220,0,0,24.8589,0,0,0
30-Dec-2025,1288.3,Call,1360,0,0,24.8589,0,0,0
30-Dec-2025,1288.3,Call,1400,0,0,24.8589,0,0,0
30-Dec-2025,1288.3,Put,1080,0,0,24.8589,0,0,0
30-Dec-2025,1288.3,Put,1140,0,0,24.8589,0,0,0
30-Dec-2025,1288.3,Put,1320,0,0,24.8589,0,0,0
30-Dec-2025,1288.3,Call,1320,0,0,24.8589,0,4,0
30-Dec-2025,1288.3,Put,1340,0,0,24.8589,0,0,0
30-Dec-2025,1288.3,Put,1200,0,0,24.8589,0,9,0
30-Dec-2025,1288.3,Call,1260,0,0,24.8589,0,0,0
