28-Oct-2025,7027,Call,7100,40.4,17.71,27.9007,3,1207,109
28-Oct-2025,7027,Call,7200,18.15,18.43,27.9007,5,953,78
28-Oct-2025,7027,Call,7000,83.15,16.56,27.9007,4,1652,78
28-Oct-2025,7027,Call,7050,59.9,16.73,27.9007,2,575,61
28-Oct-2025,7027,-,0,7027,0,27.9007,9,18455,55
28-Oct-2025,7027,Call,7500,3.65,26.02,27.9007,-5,1156,42
28-Oct-2025,7027,Call,7150,26.85,17.79,27.9007,4,306,30
25-Nov-2025,7027,-,0,7066,0,27.9007,1,1175,28
28-Oct-2025,7027,Call,7250,12.4,19.11,27.9007,1,286,22
28-Oct-2025,7027,Put,6500,4.25,32.81,27.9007,0,900,21
28-Oct-2025,7027,Call,7300,9.35,20.15,27.9007,-4,398,19
28-Oct-2025,7027,Put,6600,6,0,27.9007,0,388,18
28-Oct-2025,7027,Put,7000,58.3,21.47,27.9007,1,494,16
28-Oct-2025,7027,Put,6700,8.2,25.59,27.9007,2,469,15
28-Oct-2025,7027,Put,7050,89.3,21.91,27.9007,-2,128,9
28-Oct-2025,7027,Put,6950,41.95,0,27.9007,0,241,6
28-Oct-2025,7027,Put,6800,15.95,0,27.9007,0,550,5
25-Nov-2025,7027,Call,7500,61.5,22.62,27.9007,0,144,5
28-Oct-2025,7027,Put,6750,11.1,24.09,27.9007,-1,206,4
28-Oct-2025,7027,Call,7350,6.1,0,27.9007,0,76,3
25-Nov-2025,7027,Call,7200,143.7,21.52,27.9007,2,55,3
28-Oct-2025,7027,Call,7700,2,30.6,27.9007,0,796,2
28-Oct-2025,7027,Call,8000,0.8,36.97,27.9007,0,240,2
28-Oct-2025,7027,Put,6100,0.1,34.09,27.9007,0,468,2
25-Nov-2025,7027,Call,7100,178,0,27.9007,0,40,2
25-Nov-2025,7027,Call,7300,107.55,22.31,27.9007,1,26,2
25-Nov-2025,7027,Put,6300,14.6,25.35,27.9007,1,97,2
25-Nov-2025,7027,Put,6500,31,0,27.9007,1,136,2
28-Oct-2025,7027,Call,6950,124,0,27.9007,0,125,1
28-Oct-2025,7027,Put,6850,19.5,0,27.9007,0,244,1
28-Oct-2025,7027,Put,6400,2,33,27.9007,0,443,1
28-Oct-2025,7027,Call,6500,550,35.92,27.9007,0,95,1
25-Nov-2025,7027,Put,6400,22.55,0,27.9007,0,83,1
25-Nov-2025,7027,Call,8000,14,0,27.9007,0,72,1
28-Oct-2025,7027,Put,6450,4.55,35.11,27.9007,0,79,1
30-Dec-2025,7027,-,0,0,0,27.9007,0,105,0
28-Oct-2025,7027,Put,7500,0,0,27.9007,0,294,0
28-Oct-2025,7027,Put,5900,0,0,27.9007,0,31,0
28-Oct-2025,7027,Call,6750,0,0,27.9007,0,10,0
28-Oct-2025,7027,Call,6850,0,0,27.9007,0,27,0
28-Oct-2025,7027,Put,7450,0,0,27.9007,0,1,0
28-Oct-2025,7027,Call,6450,0,0,27.9007,0,0,0
28-Oct-2025,7027,Call,6350,0,0,27.9007,0,0,0
28-Oct-2025,7027,Call,6550,0,0,27.9007,0,2,0
28-Oct-2025,7027,Call,5900,0,0,27.9007,0,0,0
28-Oct-2025,7027,Call,6100,0,0,27.9007,0,3,0
28-Oct-2025,7027,Call,6200,0,0,27.9007,0,25,0
28-Oct-2025,7027,Call,6300,0,0,27.9007,0,17,0
28-Oct-2025,7027,Call,6400,0,0,27.9007,0,19,0
28-Oct-2025,7027,Put,5700,0,0,27.9007,0,1,0
28-Oct-2025,7027,Put,7700,0,0,27.9007,0,0,0
28-Oct-2025,7027,Put,6200,0,0,27.9007,0,971,0
28-Oct-2025,7027,Put,7250,0,0,27.9007,0,6,0
28-Oct-2025,7027,Put,7350,0,0,27.9007,0,3,0
28-Oct-2025,7027,Put,7600,0,0,27.9007,0,0,0
28-Oct-2025,7027,Call,7550,0,0,27.9007,0,73,0
28-Oct-2025,7027,Put,7550,0,0,27.9007,0,0,0
28-Oct-2025,7027,Put,5850,0,0,27.9007,0,43,0
28-Oct-2025,7027,Put,5950,0,0,27.9007,0,10,0
28-Oct-2025,7027,Put,6050,0,0,27.9007,0,65,0
28-Oct-2025,7027,Put,6150,0,0,27.9007,0,4,0
28-Oct-2025,7027,Put,6250,0,0,27.9007,0,19,0
28-Oct-2025,7027,Call,6650,0,0,27.9007,0,0,0
28-Oct-2025,7027,Call,6900,0,0,27.9007,0,296,0
28-Oct-2025,7027,Put,7150,0,0,27.9007,0,12,0
28-Oct-2025,7027,Put,7400,0,0,27.9007,0,114,0
28-Oct-2025,7027,Put,7200,0,0,27.9007,0,202,0
28-Oct-2025,7027,Put,7900,0,0,27.9007,0,0,0
28-Oct-2025,7027,Call,7800,0,0,27.9007,0,251,0
28-Oct-2025,7027,Put,7800,0,0,27.9007,0,0,0
28-Oct-2025,7027,Call,7450,0,0,27.9007,0,50,0
28-Oct-2025,7027,Put,7100,0,0,27.9007,0,306,0
28-Oct-2025,7027,Call,5700,0,0,27.9007,0,3,0
28-Oct-2025,7027,Put,6300,0,0,27.9007,0,212,0
28-Oct-2025,7027,Put,6350,0,0,27.9007,0,9,0
28-Oct-2025,7027,Put,6650,0,0,27.9007,0,66,0
28-Oct-2025,7027,Call,7600,0,0,27.9007,0,399,0
28-Oct-2025,7027,Put,8000,0,0,27.9007,0,0,0
28-Oct-2025,7027,Call,7650,0,0,27.9007,0,0,0
28-Oct-2025,7027,Put,7650,0,0,27.9007,0,0,0
28-Oct-2025,7027,Call,6000,0,0,27.9007,0,161,0
28-Oct-2025,7027,Put,6000,0,0,27.9007,0,364,0
28-Oct-2025,7027,Call,6800,0,0,27.9007,0,173,0
25-Nov-2025,7027,Put,6550,0,0,27.9007,0,1,0
25-Nov-2025,7027,Put,5900,0,0,27.9007,0,20,0
25-Nov-2025,7027,Call,6900,0,0,27.9007,0,54,0
25-Nov-2025,7027,Put,7550,0,0,27.9007,0,0,0
25-Nov-2025,7027,Put,6350,0,0,27.9007,0,0,0
28-Oct-2025,7027,Call,6600,0,0,27.9007,0,68,0
25-Nov-2025,7027,Put,7600,0,0,27.9007,0,0,0
25-Nov-2025,7027,Put,6450,0,0,27.9007,0,0,0
25-Nov-2025,7027,Put,6000,0,0,27.9007,0,0,0
28-Oct-2025,7027,Call,6700,0,0,27.9007,0,77,0
25-Nov-2025,7027,Put,7800,0,0,27.9007,0,0,0
25-Nov-2025,7027,Call,6300,0,0,27.9007,0,2,0
25-Nov-2025,7027,Call,6200,0,0,27.9007,0,0,0
25-Nov-2025,7027,Put,7650,0,0,27.9007,0,0,0
25-Nov-2025,7027,Put,6750,0,0,27.9007,0,1,0
25-Nov-2025,7027,Put,7400,0,0,27.9007,0,0,0
25-Nov-2025,7027,Put,7000,0,0,27.9007,0,90,0
25-Nov-2025,7027,Call,5900,0,0,27.9007,0,1,0
25-Nov-2025,7027,Call,6800,0,0,27.9007,0,47,0
25-Nov-2025,7027,Put,7250,0,0,27.9007,0,0,0
28-Oct-2025,7027,Call,7900,0,0,27.9007,0,187,0
25-Nov-2025,7027,Call,7250,0,0,27.9007,0,2,0
25-Nov-2025,7027,Call,6100,0,0,27.9007,0,0,0
25-Nov-2025,7027,Put,8000,0,0,27.9007,0,0,0
25-Nov-2025,7027,Put,7700,0,0,27.9007,0,0,0
25-Nov-2025,7027,Call,7650,0,0,27.9007,0,0,0
25-Nov-2025,7027,Call,7350,0,0,27.9007,0,1,0
25-Nov-2025,7027,Call,7150,0,0,27.9007,0,3,0
28-Oct-2025,7027,Put,6550,0,0,27.9007,0,97,0
25-Nov-2025,7027,Call,6650,0,0,27.9007,0,0,0
25-Nov-2025,7027,Put,7500,0,0,27.9007,0,0,0
25-Nov-2025,7027,Call,7000,0,0,27.9007,0,111,0
30-Dec-2025,7027,Call,7600,0,0,27.9007,0,0,0
30-Dec-2025,7027,Put,6600,0,0,27.9007,0,0,0
25-Nov-2025,7027,Put,6950,0,0,27.9007,0,1,0
30-Dec-2025,7027,Put,7200,0,0,27.9007,0,0,0
25-Nov-2025,7027,Call,6350,0,0,27.9007,0,0,0
25-Nov-2025,7027,Put,6850,0,0,27.9007,0,16,0
30-Dec-2025,7027,Put,6800,0,0,27.9007,0,0,0
25-Nov-2025,7027,Put,7200,0,0,27.9007,0,0,0
25-Nov-2025,7027,Put,6600,0,0,27.9007,0,7,0
30-Dec-2025,7027,Put,6700,0,0,27.9007,0,0,0
25-Nov-2025,7027,Call,7550,0,0,27.9007,0,9,0
30-Dec-2025,7027,Put,6900,0,0,27.9007,0,0,0
30-Dec-2025,7027,Call,6900,0,0,27.9007,0,0,0
28-Oct-2025,7027,Put,7300,0,0,27.9007,0,11,0
25-Nov-2025,7027,Call,6950,0,0,27.9007,0,4,0
25-Nov-2025,7027,Call,6850,0,0,27.9007,0,0,0
25-Nov-2025,7027,Call,7800,0,0,27.9007,0,0,0
30-Dec-2025,7027,Call,7400,0,0,27.9007,0,0,0
25-Nov-2025,7027,Put,6700,0,0,27.9007,0,77,0
28-Oct-2025,7027,Call,7400,0,0,27.9007,0,352,0
25-Nov-2025,7027,Call,7700,0,0,27.9007,0,7,0
25-Nov-2025,7027,Call,7600,0,0,27.9007,0,11,0
28-Oct-2025,7027,Put,6900,0,0,27.9007,0,367,0
25-Nov-2025,7027,Call,6750,0,0,27.9007,0,0,0
25-Nov-2025,7027,Call,6700,0,0,27.9007,0,0,0
25-Nov-2025,7027,Put,7900,0,0,27.9007,0,0,0
25-Nov-2025,7027,Call,7050,0,0,27.9007,0,17,0
25-Nov-2025,7027,Put,6650,0,0,27.9007,0,3,0
25-Nov-2025,7027,Put,6200,0,0,27.9007,0,1,0
25-Nov-2025,7027,Put,7300,0,0,27.9007,0,0,0
25-Nov-2025,7027,Call,7900,0,0,27.9007,0,44,0
30-Dec-2025,7027,Put,7300,0,0,27.9007,0,0,0
25-Nov-2025,7027,Put,6100,0,0,27.9007,0,0,0
25-Nov-2025,7027,Put,7450,0,0,27.9007,0,0,0
30-Dec-2025,7027,Call,7300,0,0,27.9007,0,0,0
25-Nov-2025,7027,Call,7400,0,0,27.9007,0,0,0
30-Dec-2025,7027,Call,7500,0,0,27.9007,0,0,0
25-Nov-2025,7027,Put,7350,0,0,27.9007,0,0,0
25-Nov-2025,7027,Put,6800,0,0,27.9007,0,7,0
30-Dec-2025,7027,Call,7200,0,0,27.9007,0,0,0
25-Nov-2025,7027,Call,6500,0,0,27.9007,0,14,0
25-Nov-2025,7027,Put,7150,0,0,27.9007,0,0,0
25-Nov-2025,7027,Call,6000,0,0,27.9007,0,1,0
25-Nov-2025,7027,Put,6900,0,0,27.9007,0,99,0
25-Nov-2025,7027,Call,6450,0,0,27.9007,0,0,0
30-Dec-2025,7027,Put,7000,0,0,27.9007,0,0,0
25-Nov-2025,7027,Call,7450,0,0,27.9007,0,0,0
25-Nov-2025,7027,Call,6600,0,0,27.9007,0,0,0
25-Nov-2025,7027,Put,7100,0,0,27.9007,0,34,0
25-Nov-2025,7027,Call,6550,0,0,27.9007,0,0,0
25-Nov-2025,7027,Call,6400,0,0,27.9007,0,0,0
25-Nov-2025,7027,Put,7050,0,0,27.9007,0,0,0
30-Dec-2025,7027,Put,7100,0,0,27.9007,0,0,0
30-Dec-2025,7027,Call,7000,0,0,27.9007,0,0,0
30-Dec-2025,7027,Call,7100,0,0,27.9007,0,0,0
