28-Oct-2025,0,-,0,3014.1,0,0,0,0,None
25-Nov-2025,0,-,0,3032,0,0,0,0,None
30-Dec-2025,0,-,0,3048.6,0,0,0,0,None
28-Oct-2025,0,Put,2720,1.15,0,0,0,0,None
28-Oct-2025,0,Put,2800,1.8,0,0,0,0,None
28-Oct-2025,0,Put,2520,0.45,0,0,0,0,None
28-Oct-2025,0,Call,2840,181,0,0,0,0,None
28-Oct-2025,0,Call,2880,138,0,0,0,0,None
28-Oct-2025,0,Call,2920,100.9,0,0,0,0,None
28-Oct-2025,0,Call,2960,65,0,0,0,0,None
28-Oct-2025,0,Put,3320,300,0,0,0,0,None
28-Oct-2025,0,Put,3360,339.95,0,0,0,0,None
28-Oct-2025,0,Put,3340,316,0,0,0,0,None
28-Oct-2025,0,Call,3380,0.75,0,0,0,0,None
28-Oct-2025,0,Put,2820,2.1,0,0,0,0,None
28-Oct-2025,0,Put,3440,439.25,0,0,0,0,None
28-Oct-2025,0,Put,3520,510,0,0,0,0,None
28-Oct-2025,0,Call,3640,0.25,0,0,0,0,None
28-Oct-2025,0,Put,3640,622,0,0,0,0,None
28-Oct-2025,0,Put,3600,585,0,0,0,0,None
28-Oct-2025,0,Call,3280,1.35,0,0,0,0,None
28-Oct-2025,0,Call,3120,5.75,0,0,0,0,None
28-Oct-2025,0,Call,3440,0.4,0,0,0,0,None
28-Oct-2025,0,Put,2680,0.7,0,0,0,0,None
28-Oct-2025,0,Call,3560,0.4,0,0,0,0,None
28-Oct-2025,0,Call,3240,1.7,0,0,0,0,None
28-Oct-2025,0,Call,2740,242.15,0,0,0,0,None
28-Oct-2025,0,Put,3020,35.25,0,0,0,0,None
28-Oct-2025,0,Put,3100,93.45,0,0,0,0,None
28-Oct-2025,0,Call,3100,7.8,0,0,0,0,None
28-Oct-2025,0,Call,3300,1.25,0,0,0,0,None
28-Oct-2025,0,Call,3080,10.3,0,0,0,0,None
28-Oct-2025,0,Call,3420,0.5,0,0,0,0,None
28-Oct-2025,0,Put,2900,4.7,0,0,0,0,None
28-Oct-2025,0,Call,2820,173.35,0,0,0,0,None
28-Oct-2025,0,Put,2920,6.2,0,0,0,0,None
28-Oct-2025,0,Call,3160,3.9,0,0,0,0,None
28-Oct-2025,0,Put,2960,11.5,0,0,0,0,None
28-Oct-2025,0,Call,2860,157.15,0,0,0,0,None
28-Oct-2025,0,Put,2860,3,0,0,0,0,None
28-Oct-2025,0,Call,2900,118.45,0,0,0,0,None
28-Oct-2025,0,Call,2940,82.05,0,0,0,0,None
28-Oct-2025,0,Call,2980,50.65,0,0,0,0,None
28-Oct-2025,0,Call,3020,27.75,0,0,0,0,None
28-Oct-2025,0,Put,3260,246.1,0,0,0,0,None
28-Oct-2025,0,Put,3300,285,0,0,0,0,None
28-Oct-2025,0,Put,3080,75,0,0,0,0,None
28-Oct-2025,0,Call,2700,312,0,0,0,0,None
28-Oct-2025,0,Put,3200,188,0,0,0,0,None
28-Oct-2025,0,Put,3160,149.85,0,0,0,0,None
28-Oct-2025,0,Call,3400,0.75,0,0,0,0,None
28-Oct-2025,0,Put,3120,111.2,0,0,0,0,None
28-Oct-2025,0,Put,3040,45.45,0,0,0,0,None
28-Oct-2025,0,Call,3200,2.55,0,0,0,0,None
28-Oct-2025,0,Put,3400,387,0,0,0,0,None
28-Oct-2025,0,Put,2600,0.55,0,0,0,0,None
28-Oct-2025,0,Call,3000,38.35,0,0,0,0,None
28-Oct-2025,0,Call,3520,0.25,0,0,0,0,None
28-Oct-2025,0,Put,3000,23.5,0,0,0,0,None
28-Oct-2025,0,Put,2840,2.55,0,0,0,0,None
28-Oct-2025,0,Call,3140,4.5,0,0,0,0,None
28-Oct-2025,0,Call,3040,20.2,0,0,0,0,None
28-Oct-2025,0,Call,3480,0.3,0,0,0,0,None
28-Oct-2025,0,Call,3360,0.65,0,0,0,0,None
28-Oct-2025,0,Call,3340,0.7,0,0,0,0,None
28-Oct-2025,0,Put,2780,1.4,0,0,0,0,None
28-Oct-2025,0,Call,2800,216,0,0,0,0,None
28-Oct-2025,0,Put,3060,60.15,0,0,0,0,None
28-Oct-2025,0,Put,2560,0.35,0,0,0,0,None
28-Oct-2025,0,Call,3320,0.95,0,0,0,0,None
28-Oct-2025,0,Put,2760,1.55,0,0,0,0,None
28-Oct-2025,0,Call,3600,0.2,0,0,0,0,None
28-Oct-2025,0,Put,3280,277.85,0,0,0,0,None
28-Oct-2025,0,Put,2640,0.35,0,0,0,0,None
28-Oct-2025,0,Put,2400,0.4,0,0,0,0,None
28-Oct-2025,0,Put,2440,0.3,0,0,0,0,None
28-Oct-2025,0,Put,2880,3.65,0,0,0,0,None
28-Oct-2025,0,Put,3240,227.25,0,0,0,0,None
28-Oct-2025,0,Put,2740,1.1,0,0,0,0,None
28-Oct-2025,0,Put,2660,0.5,0,0,0,0,None
28-Oct-2025,0,Put,2700,0.75,0,0,0,0,None
28-Oct-2025,0,Call,2480,535,0,0,0,0,None
28-Oct-2025,0,Put,2480,0.4,0,0,0,0,None
28-Oct-2025,0,Call,2600,415,0,0,0,0,None
28-Oct-2025,0,Put,3560,539,0,0,0,0,None
28-Oct-2025,0,Put,2940,8.2,0,0,0,0,None
28-Oct-2025,0,Put,2980,16.15,0,0,0,0,None
28-Oct-2025,0,Call,3060,14.6,0,0,0,0,None
28-Oct-2025,0,Put,3140,129,0,0,0,0,None
28-Oct-2025,0,Call,3180,3.05,0,0,0,0,None
28-Oct-2025,0,Put,3180,160,0,0,0,0,None
28-Oct-2025,0,Call,3220,2.1,0,0,0,0,None
28-Oct-2025,0,Put,3220,207.85,0,0,0,0,None
28-Oct-2025,0,Call,3260,1.5,0,0,0,0,None
25-Nov-2025,0,Call,3180,23.9,0,0,0,0,None
25-Nov-2025,0,Call,3220,17.2,0,0,0,0,None
25-Nov-2025,0,Call,3520,2.9,0,0,0,0,None
25-Nov-2025,0,Call,2960,114,0,0,0,0,None
25-Nov-2025,0,Put,2680,5.4,0,0,0,0,None
25-Nov-2025,0,Put,3240,219,0,0,0,0,None
25-Nov-2025,0,Put,3040,75.65,0,0,0,0,None
25-Nov-2025,0,Call,3160,27.7,0,0,0,0,None
25-Nov-2025,0,Put,3160,153.5,0,0,0,0,None
25-Nov-2025,0,Put,3120,125.35,0,0,0,0,None
25-Nov-2025,0,Call,3240,14.95,0,0,0,0,None
25-Nov-2025,0,Put,2740,6.1,0,0,0,0,None
25-Nov-2025,0,Call,2900,157.5,0,0,0,0,None
25-Nov-2025,0,Call,2940,128.8,0,0,0,0,None
25-Nov-2025,0,Call,2980,101,0,0,0,0,None
25-Nov-2025,0,Call,3020,78.5,0,0,0,0,None
25-Nov-2025,0,Call,3060,60.1,0,0,0,0,None
25-Nov-2025,0,Put,3060,85.7,0,0,0,0,None
25-Nov-2025,0,Call,3100,44.2,0,0,0,0,None
25-Nov-2025,0,Put,3180,169.4,0,0,0,0,None
25-Nov-2025,0,Call,3480,3.25,0,0,0,0,None
25-Nov-2025,0,Put,2820,12.15,0,0,0,0,None
25-Nov-2025,0,Put,3400,367.35,0,0,0,0,None
25-Nov-2025,0,Call,2860,188.8,0,0,0,0,None
25-Nov-2025,0,Put,3300,274.75,0,0,0,0,None
25-Nov-2025,0,Call,3300,9.55,0,0,0,0,None
25-Nov-2025,0,Put,2780,8.2,0,0,0,0,None
25-Nov-2025,0,Put,2880,20.55,0,0,0,0,None
25-Nov-2025,0,Call,3260,12.8,0,0,0,0,None
25-Nov-2025,0,Put,3100,111.3,0,0,0,0,None
25-Nov-2025,0,Call,3120,37.95,0,0,0,0,None
25-Nov-2025,0,Put,2700,4.85,0,0,0,0,None
25-Nov-2025,0,Put,2600,3.15,0,0,0,0,None
25-Nov-2025,0,Call,3080,51.85,0,0,0,0,None
25-Nov-2025,0,Call,3600,1.95,0,0,0,0,None
25-Nov-2025,0,Put,2940,34.55,0,0,0,0,None
25-Nov-2025,0,Call,3000,89,0,0,0,0,None
25-Nov-2025,0,Put,2900,24.4,0,0,0,0,None
25-Nov-2025,0,Put,2660,3.85,0,0,0,0,None
25-Nov-2025,0,Call,3320,7.9,0,0,0,0,None
25-Nov-2025,0,Call,3040,69,0,0,0,0,None
25-Nov-2025,0,Put,2720,5.45,0,0,0,0,None
25-Nov-2025,0,Call,3440,4,0,0,0,0,None
25-Nov-2025,0,Put,3140,136.65,0,0,0,0,None
25-Nov-2025,0,Put,2980,48.5,0,0,0,0,None
25-Nov-2025,0,Call,3200,20.1,0,0,0,0,None
25-Nov-2025,0,Call,3280,10.8,0,0,0,0,None
25-Nov-2025,0,Put,3020,65.5,0,0,0,0,None
25-Nov-2025,0,Put,2860,17.45,0,0,0,0,None
25-Nov-2025,0,Put,2760,7,0,0,0,0,None
25-Nov-2025,0,Call,3140,32.85,0,0,0,0,None
25-Nov-2025,0,Put,3080,98.6,0,0,0,0,None
25-Nov-2025,0,Put,3440,407,0,0,0,0,None
25-Nov-2025,0,Put,3260,232.1,0,0,0,0,None
25-Nov-2025,0,Put,2800,10.25,0,0,0,0,None
25-Nov-2025,0,Put,3680,643,0,0,0,0,None
25-Nov-2025,0,Put,2840,13.9,0,0,0,0,None
25-Nov-2025,0,Call,3360,6.25,0,0,0,0,None
25-Nov-2025,0,Put,3280,265,0,0,0,0,None
25-Nov-2025,0,Put,2920,29.6,0,0,0,0,None
25-Nov-2025,0,Call,2800,243,0,0,0,0,None
25-Nov-2025,0,Put,2960,41.45,0,0,0,0,None
25-Nov-2025,0,Put,3200,185.5,0,0,0,0,None
25-Nov-2025,0,Put,3000,56.8,0,0,0,0,None
25-Nov-2025,0,Call,3400,4.85,0,0,0,0,None
30-Dec-2025,0,Put,3000,76.4,0,0,0,0,None
30-Dec-2025,0,Call,3520,9.8,0,0,0,0,None
30-Dec-2025,0,Call,3280,26.45,0,0,0,0,None
30-Dec-2025,0,Call,3120,72.25,0,0,0,0,None
30-Dec-2025,0,Call,3360,16.75,0,0,0,0,None
30-Dec-2025,0,Call,3320,21.7,0,0,0,0,None
30-Dec-2025,0,Call,3240,35.95,0,0,0,0,None
30-Dec-2025,0,Call,3000,129.95,0,0,0,0,None
30-Dec-2025,0,Put,2800,22,0,0,0,0,None
30-Dec-2025,0,Call,3440,13,0,0,0,0,None
30-Dec-2025,0,Call,3200,46.25,0,0,0,0,None
30-Dec-2025,0,Put,2960,63.45,0,0,0,0,None
30-Dec-2025,0,Put,2840,28.1,0,0,0,0,None
28-Oct-2025,0,Call,2520,0,0,0,0,0,0
28-Oct-2025,0,Call,2760,218.5,0,0,0,0,0
28-Oct-2025,0,Put,3420,519.6,0,0,0,0,0
28-Oct-2025,0,Call,2560,0,0,0,0,0,0
28-Oct-2025,0,Call,2660,0,0,0,0,0,0
28-Oct-2025,0,Call,2640,267.25,0,0,0,0,0
28-Oct-2025,0,Call,2680,0,0,0,0,0,0
28-Oct-2025,0,Put,3480,595,0,0,0,0,0
28-Oct-2025,0,Call,2780,182,0,0,0,0,0
28-Oct-2025,0,Call,2440,0,0,0,0,0,0
28-Oct-2025,0,Call,2720,313.15,0,0,0,0,0
25-Nov-2025,0,Call,2920,112.35,0,0,0,0,0
25-Nov-2025,0,Call,3680,1.2,0,0,0,0,0
25-Nov-2025,0,Call,2660,0,0,0,0,0,0
25-Nov-2025,0,Call,2700,0,0,0,0,0,0
25-Nov-2025,0,Call,2740,0,0,0,0,0,0
25-Nov-2025,0,Call,2780,0,0,0,0,0,0
25-Nov-2025,0,Put,3220,0,0,0,0,0,0
25-Nov-2025,0,Call,2640,0,0,0,0,0,0
25-Nov-2025,0,Call,2760,0,0,0,0,0,0
25-Nov-2025,0,Call,2840,163.5,0,0,0,0,0
25-Nov-2025,0,Call,3560,0,0,0,0,0,0
25-Nov-2025,0,Call,2680,0,0,0,0,0,0
25-Nov-2025,0,Put,2640,0,0,0,0,0,0
25-Nov-2025,0,Put,2480,0,0,0,0,0,0
25-Nov-2025,0,Put,2440,0,0,0,0,0,0
25-Nov-2025,0,Call,2560,0,0,0,0,0,0
25-Nov-2025,0,Put,2560,0,0,0,0,0,0
25-Nov-2025,0,Put,3560,0,0,0,0,0,0
25-Nov-2025,0,Call,2720,0,0,0,0,0,0
25-Nov-2025,0,Put,2520,0,0,0,0,0,0
25-Nov-2025,0,Call,2600,399,0,0,0,0,0
25-Nov-2025,0,Put,3320,0,0,0,0,0,0
25-Nov-2025,0,Call,2440,0,0,0,0,0,0
25-Nov-2025,0,Call,2480,0,0,0,0,0,0
25-Nov-2025,0,Call,2820,0,0,0,0,0,0
25-Nov-2025,0,Put,3480,445,0,0,0,0,0
25-Nov-2025,0,Call,2520,0,0,0,0,0,0
25-Nov-2025,0,Put,3360,383.2,0,0,0,0,0
25-Nov-2025,0,Put,3520,0,0,0,0,0,0
25-Nov-2025,0,Call,2880,142.45,0,0,0,0,0
30-Dec-2025,0,Call,3160,53.05,0,0,0,0,0
30-Dec-2025,0,Put,3200,0,0,0,0,0,0
30-Dec-2025,0,Call,2800,0,0,0,0,0,0
30-Dec-2025,0,Put,3120,0,0,0,0,0,0
30-Dec-2025,0,Put,2920,0,0,0,0,0,0
30-Dec-2025,0,Put,3160,0,0,0,0,0,0
30-Dec-2025,0,Put,2640,0,0,0,0,0,0
30-Dec-2025,0,Put,2560,0,0,0,0,0,0
30-Dec-2025,0,Call,3040,0,0,0,0,0,0
30-Dec-2025,0,Call,3080,0,0,0,0,0,0
30-Dec-2025,0,Put,2880,0,0,0,0,0,0
30-Dec-2025,0,Put,3040,0,0,0,0,0,0
30-Dec-2025,0,Call,2960,0,0,0,0,0,0
30-Dec-2025,0,Put,3080,0,0,0,0,0,0
