28-Oct-2025,1098.9,Call,1100,33.65,25.64,34.95,198,1070,1193
28-Oct-2025,1098.9,-,0,1105.6,0,34.95,18,34281,585
28-Oct-2025,1098.9,Call,1120,24.6,25.42,34.95,93,344,357
28-Oct-2025,1098.9,Put,1100,28,26.49,34.95,63,823,347
28-Oct-2025,1098.9,Call,1140,17.35,25.63,34.95,19,209,171
28-Oct-2025,1098.9,Call,1200,5.75,26.92,34.95,17,542,143
28-Oct-2025,1098.9,Put,1000,5.3,31.85,34.95,33,757,122
28-Oct-2025,1098.9,Put,1080,20.5,27.03,34.95,-8,295,111
28-Oct-2025,1098.9,Call,1080,45.9,25.75,34.95,15,109,106
28-Oct-2025,1098.9,Call,1160,12.1,25.82,34.95,22,168,91
28-Oct-2025,1098.9,Put,920,1.5,37.26,34.95,74,85,83
28-Oct-2025,1098.9,Call,1280,1.4,29.91,34.95,12,100,80
28-Oct-2025,1098.9,Put,1060,14.2,27.85,34.95,-4,199,59
28-Oct-2025,1098.9,Put,1040,10,28.85,34.95,8,216,46
28-Oct-2025,1098.9,Put,940,2.25,35.73,34.95,6,63,43
28-Oct-2025,1098.9,Put,1120,37.7,26.56,34.95,12,83,42
28-Oct-2025,1098.9,Call,1220,4.05,27.36,34.95,11,62,40
28-Oct-2025,1098.9,Put,1180,81.05,28.4,34.95,29,64,33
28-Oct-2025,1098.9,Put,1020,7.4,30.29,34.95,-3,141,32
28-Oct-2025,1098.9,Put,1140,51.25,26.84,34.95,13,178,28
25-Nov-2025,1098.9,-,0,1113.3,0,34.95,0,316,26
28-Oct-2025,1098.9,Call,1180,8.55,26.21,34.95,0,138,23
28-Oct-2025,1098.9,Call,1240,3.05,28.47,34.95,0,39,14
28-Oct-2025,1098.9,Call,1060,61.05,26.49,34.95,2,77,9
28-Oct-2025,1098.9,Call,1260,1.95,29,34.95,0,13,8
28-Oct-2025,1098.9,Put,1200,96.7,27.27,34.95,0,95,7
28-Oct-2025,1098.9,Put,1220,114.8,28.15,34.95,3,4,6
28-Oct-2025,1098.9,Call,1040,75,29.07,34.95,2,9,6
28-Oct-2025,1098.9,Put,980,3.7,33.04,34.95,0,92,3
28-Oct-2025,1098.9,Put,960,3,35.66,34.95,0,72,1
28-Oct-2025,1098.9,Call,1020,94.3,28.84,34.95,0,1,1
30-Dec-2025,1098.9,-,0,0,0,0,0,0,0
28-Oct-2025,1098.9,Call,900,0,0,34.95,0,0,0
28-Oct-2025,1098.9,Call,940,0,0,34.95,0,1,0
28-Oct-2025,1098.9,Call,980,0,0,34.95,0,0,0
28-Oct-2025,1098.9,Put,900,0,0,34.95,0,46,0
28-Oct-2025,1098.9,Put,880,0,0,34.95,0,1,0
28-Oct-2025,1098.9,Call,960,0,0,34.95,0,0,0
28-Oct-2025,1098.9,Call,1000,0,0,34.95,0,3,0
28-Oct-2025,1098.9,Call,880,0,0,34.95,0,0,0
28-Oct-2025,1098.9,Put,1160,0,0,34.95,0,19,0
28-Oct-2025,1098.9,Call,920,0,0,34.95,0,0,0
28-Oct-2025,1098.9,Put,1280,0,0,34.95,0,153,0
28-Oct-2025,1098.9,Put,1260,0,0,34.95,0,0,0
28-Oct-2025,1098.9,Put,1240,0,0,34.95,0,33,0
25-Nov-2025,1098.9,Call,1280,0,0,34.95,0,0,0
25-Nov-2025,1098.9,Put,1180,0,0,0,0,0,0
25-Nov-2025,1098.9,Call,1200,0,0,34.95,0,0,0
25-Nov-2025,1098.9,Put,1040,0,0,34.95,0,0,0
25-Nov-2025,1098.9,Put,1000,0,0,34.95,0,0,0
25-Nov-2025,1098.9,Call,980,0,0,0,0,0,0
25-Nov-2025,1098.9,Put,1160,0,0,34.95,0,0,0
25-Nov-2025,1098.9,Call,1080,0,0,34.95,0,0,0
25-Nov-2025,1098.9,Put,1120,0,0,34.95,0,0,0
25-Nov-2025,1098.9,Put,1280,0,0,34.95,0,1,0
25-Nov-2025,1098.9,Put,1060,0,0,0,0,0,0
25-Nov-2025,1098.9,Call,1040,0,0,0,0,0,0
25-Nov-2025,1098.9,Call,880,0,0,0,0,0,0
25-Nov-2025,1098.9,Call,1120,0,0,34.95,0,0,0
25-Nov-2025,1098.9,Put,1200,0,0,0,0,0,0
25-Nov-2025,1098.9,Put,1080,0,0,34.95,0,0,0
25-Nov-2025,1098.9,Put,1020,0,0,0,0,0,0
25-Nov-2025,1098.9,Call,920,0,0,0,0,0,0
25-Nov-2025,1098.9,Call,960,0,0,0,0,0,0
25-Nov-2025,1098.9,Put,1240,0,0,0,0,0,0
25-Nov-2025,1098.9,Put,1140,0,0,0,0,0,0
25-Nov-2025,1098.9,Call,1100,0,0,0,0,0,0
25-Nov-2025,1098.9,Call,1160,0,0,34.95,0,2,0
25-Nov-2025,1098.9,Put,1100,0,0,0,0,0,0
25-Nov-2025,1098.9,Call,1240,0,0,34.95,0,0,0
25-Nov-2025,1098.9,Call,1060,0,0,0,0,0,0
25-Nov-2025,1098.9,Call,1020,0,0,0,0,0,0
25-Nov-2025,1098.9,Call,1000,0,0,0,0,0,0
