28-Oct-2025,1141.2,-,0,1147.6,0,26.68,-15,138183,1561
28-Oct-2025,1141.2,Call,1150,26.7,0,26.68,17,1267,698
28-Oct-2025,1141.2,Call,1140,31.5,0,26.68,10,862,655
28-Oct-2025,1141.2,Call,1200,10.1,0,26.68,-17,4665,528
28-Oct-2025,1141.2,Call,1300,1.4,0,26.68,265,1212,429
28-Oct-2025,1141.2,Put,1140,23.55,0,26.68,52,625,339
28-Oct-2025,1141.2,Call,1180,15,0,26.68,-15,686,325
28-Oct-2025,1141.2,Put,1100,10.3,0,26.68,39,1137,309
28-Oct-2025,1141.2,Call,1160,21.95,0,26.68,12,514,301
28-Oct-2025,1141.2,Call,1130,37.35,0,26.68,-30,563,286
28-Oct-2025,1141.2,Call,1250,3.85,0,26.68,6,3398,271
28-Oct-2025,1141.2,Put,980,0.8,29.78,26.68,249,259,258
28-Oct-2025,1141.2,Put,1130,19.4,0,26.68,49,685,247
28-Oct-2025,1141.2,Put,1120,15.9,0,26.68,3,683,222
28-Oct-2025,1141.2,Call,1190,12.2,0,26.68,30,358,190
28-Oct-2025,1141.2,Put,1150,28.55,0,26.68,20,467,147
28-Oct-2025,1141.2,Call,1320,1,0,26.68,82,276,129
28-Oct-2025,1141.2,Put,1160,34.4,0,26.68,11,661,115
28-Oct-2025,1141.2,Call,1120,43.3,0,26.68,-5,435,107
28-Oct-2025,1141.2,Call,1240,4.5,0,26.68,13,518,106
28-Oct-2025,1141.2,Put,1050,3.4,0,26.68,11,381,96
28-Oct-2025,1141.2,Put,1000,1.25,0,26.68,30,488,90
28-Oct-2025,1141.2,Call,1260,3.1,0,26.68,23,774,88
28-Oct-2025,1141.2,Call,1280,2.05,0,26.68,7,438,87
28-Oct-2025,1141.2,Put,1110,13.1,23.28,26.68,5,336,79
28-Oct-2025,1141.2,Put,1090,8.2,0,26.68,18,232,67
28-Oct-2025,1141.2,Call,1100,58.2,0,26.68,6,675,57
28-Oct-2025,1141.2,Call,1050,100.3,0,26.68,38,78,56
25-Nov-2025,1141.2,-,0,1154.6,0,26.68,-2,1460,47
28-Oct-2025,1141.2,Put,1080,6.75,0,26.68,3,602,46
28-Oct-2025,1141.2,Call,1270,2.5,0,26.68,13,104,32
28-Oct-2025,1141.2,Put,1040,2.7,0,26.68,6,197,28
28-Oct-2025,1141.2,Put,1170,39.4,0,26.68,2,110,28
28-Oct-2025,1141.2,Call,1210,8,0,26.68,2,159,26
28-Oct-2025,1141.2,Call,1230,5.5,0,26.68,1,480,22
28-Oct-2025,1141.2,Put,1070,5.4,0,26.68,6,218,19
28-Oct-2025,1141.2,Call,1070,83,0,26.68,6,83,15
28-Oct-2025,1141.2,Put,1030,2.2,0,26.68,4,67,14
28-Oct-2025,1141.2,Put,1060,4.3,0,26.68,-1,200,14
28-Oct-2025,1141.2,Call,1080,74,0,26.68,1,204,14
28-Oct-2025,1141.2,Put,1200,61.15,0,26.68,4,577,13
28-Oct-2025,1141.2,Call,1290,1.65,0,26.68,5,41,11
28-Oct-2025,1141.2,Call,1110,49,0,26.68,-3,42,8
28-Oct-2025,1141.2,Put,1020,2,0,26.68,1,178,8
28-Oct-2025,1141.2,Put,1190,53.55,0,26.68,1,85,5
30-Dec-2025,1141.2,-,0,1160.9,0,0,0,0,3
28-Oct-2025,1141.2,Put,1220,77.4,0,26.68,1,50,3
28-Oct-2025,1141.2,Put,1180,49,0,26.68,0,97,3
28-Oct-2025,1141.2,Call,1000,148.45,0,26.68,0,45,2
28-Oct-2025,1141.2,Call,1090,62.4,0,26.68,0,21,1
28-Oct-2025,1141.2,Put,950,0.75,0,26.68,0,37,1
28-Oct-2025,1141.2,Call,1040,110,0,26.68,0,6,1
25-Nov-2025,1141.2,Call,1180,26.2,0,26.68,0,0,1
28-Oct-2025,1141.2,Put,990,0,0,26.68,0,109,0
28-Oct-2025,1141.2,Put,930,0,0,26.68,0,0,0
28-Oct-2025,1141.2,Call,990,0,0,26.68,0,0,0
28-Oct-2025,1141.2,Call,1010,0,0,26.68,0,0,0
28-Oct-2025,1141.2,Call,930,0,0,26.68,0,0,0
28-Oct-2025,1141.2,Call,950,0,0,26.68,0,0,0
28-Oct-2025,1141.2,Call,970,0,0,26.68,0,0,0
28-Oct-2025,1141.2,Put,1240,0,0,26.68,0,43,0
28-Oct-2025,1141.2,Call,860,0,0,26.68,0,0,0
28-Oct-2025,1141.2,Call,1030,0,0,26.68,0,3,0
28-Oct-2025,1141.2,Call,1340,0,0,26.68,0,76,0
28-Oct-2025,1141.2,Put,1270,0,0,26.68,0,0,0
28-Oct-2025,1141.2,Put,1360,0,0,26.68,0,0,0
28-Oct-2025,1141.2,Put,1290,0,0,26.68,0,0,0
28-Oct-2025,1141.2,Put,1340,0,0,26.68,0,0,0
28-Oct-2025,1141.2,Call,880,0,0,26.68,0,0,0
28-Oct-2025,1141.2,Call,1360,0,0,26.68,0,0,0
28-Oct-2025,1141.2,Call,900,0,0,26.68,0,0,0
28-Oct-2025,1141.2,Put,860,0,0,26.68,0,0,0
28-Oct-2025,1141.2,Put,1260,0,0,26.68,0,16,0
28-Oct-2025,1141.2,Put,880,0,0,26.68,0,0,0
28-Oct-2025,1141.2,Call,960,0,0,26.68,0,4,0
28-Oct-2025,1141.2,Call,980,0,0,26.68,0,0,0
28-Oct-2025,1141.2,Call,920,0,0,26.68,0,16,0
28-Oct-2025,1141.2,Call,940,0,0,26.68,0,0,0
28-Oct-2025,1141.2,Put,1010,0,0,26.68,0,4,0
28-Oct-2025,1141.2,Put,1250,0,0,26.68,0,3,0
28-Oct-2025,1141.2,Call,1020,0,0,26.68,0,4,0
28-Oct-2025,1141.2,Put,1210,0,0,26.68,0,1,0
28-Oct-2025,1141.2,Put,1230,0,0,26.68,0,15,0
28-Oct-2025,1141.2,Put,900,0,0,26.68,0,12,0
28-Oct-2025,1141.2,Put,970,0,0,26.68,0,0,0
28-Oct-2025,1141.2,Put,1280,0,0,26.68,0,2,0
28-Oct-2025,1141.2,Put,920,0,0,26.68,0,0,0
28-Oct-2025,1141.2,Put,940,0,0,26.68,0,0,0
28-Oct-2025,1141.2,Put,1300,0,0,26.68,0,2,0
28-Oct-2025,1141.2,Put,1320,0,0,26.68,0,0,0
28-Oct-2025,1141.2,Put,960,0,0,26.68,0,27,0
28-Oct-2025,1141.2,Call,1060,0,0,26.68,0,60,0
25-Nov-2025,1141.2,Call,1170,0,0,0,0,0,0
25-Nov-2025,1141.2,Call,1100,0,0,26.68,0,0,0
25-Nov-2025,1141.2,Put,1000,0,0,26.68,0,0,0
25-Nov-2025,1141.2,Put,960,0,0,26.68,0,0,0
25-Nov-2025,1141.2,Call,1140,0,0,26.68,0,0,0
25-Nov-2025,1141.2,Call,1220,0,0,26.68,0,0,0
25-Nov-2025,1141.2,Call,1190,0,0,0,0,0,0
25-Nov-2025,1141.2,Put,1100,0,0,26.68,0,7,0
25-Nov-2025,1141.2,Call,1320,0,0,26.68,0,0,0
25-Nov-2025,1141.2,Put,1140,0,0,26.68,0,0,0
25-Nov-2025,1141.2,Call,1260,0,0,26.68,0,0,0
25-Nov-2025,1141.2,Put,1120,0,0,26.68,0,0,0
25-Nov-2025,1141.2,Put,1160,0,0,26.68,0,0,0
25-Nov-2025,1141.2,Call,1240,0,0,26.68,0,0,0
25-Nov-2025,1141.2,Put,1020,0,0,26.68,0,0,0
25-Nov-2025,1141.2,Put,1030,0,0,0,0,0,0
25-Nov-2025,1141.2,Put,1070,0,0,0,0,0,0
25-Nov-2025,1141.2,Put,1050,0,0,0,0,0,0
25-Nov-2025,1141.2,Call,1230,0,0,0,0,0,0
25-Nov-2025,1141.2,Put,1180,0,0,26.68,0,0,0
25-Nov-2025,1141.2,Put,980,0,0,26.68,0,0,0
25-Nov-2025,1141.2,Call,1060,0,0,26.68,0,0,0
25-Nov-2025,1141.2,Call,880,0,0,0,0,0,0
25-Nov-2025,1141.2,Call,840,0,0,0,0,0,0
25-Nov-2025,1141.2,Call,920,0,0,0,0,0,0
25-Nov-2025,1141.2,Call,1280,0,0,26.68,0,0,0
25-Nov-2025,1141.2,Put,1320,0,0,0,0,0,0
25-Nov-2025,1141.2,Call,960,0,0,0,0,0,0
25-Nov-2025,1141.2,Call,980,0,0,0,0,0,0
25-Nov-2025,1141.2,Put,1360,0,0,0,0,0,0
25-Nov-2025,1141.2,Call,940,0,0,0,0,0,0
25-Nov-2025,1141.2,Call,1200,0,0,26.68,0,0,0
25-Nov-2025,1141.2,Call,1120,0,0,26.68,0,0,0
25-Nov-2025,1141.2,Put,1080,0,0,26.68,0,0,0
25-Nov-2025,1141.2,Call,1160,0,0,26.68,0,0,0
25-Nov-2025,1141.2,Put,1110,0,0,0,0,0,0
25-Nov-2025,1141.2,Put,1040,0,0,26.68,0,0,0
25-Nov-2025,1141.2,Call,1300,0,0,26.68,0,3,0
25-Nov-2025,1141.2,Call,1210,0,0,0,0,0,0
25-Nov-2025,1141.2,Call,1030,0,0,0,0,0,0
25-Nov-2025,1141.2,Call,1050,0,0,0,0,0,0
25-Nov-2025,1141.2,Call,1070,0,0,0,0,0,0
25-Nov-2025,1141.2,Call,1090,0,0,0,0,0,0
25-Nov-2025,1141.2,Call,1110,0,0,0,0,0,0
25-Nov-2025,1141.2,Call,1130,0,0,0,0,0,0
25-Nov-2025,1141.2,Put,1130,0,0,0,0,0,0
25-Nov-2025,1141.2,Put,1150,0,0,0,0,0,0
25-Nov-2025,1141.2,Put,1170,0,0,0,0,0,0
25-Nov-2025,1141.2,Put,1190,0,0,0,0,0,0
25-Nov-2025,1141.2,Put,1210,0,0,0,0,0,0
25-Nov-2025,1141.2,Put,1230,0,0,0,0,0,0
25-Nov-2025,1141.2,Call,1000,0,0,0,0,0,0
25-Nov-2025,1141.2,Put,1090,0,0,0,0,0,0
25-Nov-2025,1141.2,Call,1020,0,0,0,0,0,0
25-Nov-2025,1141.2,Call,1040,0,0,0,0,0,0
25-Nov-2025,1141.2,Call,1080,0,0,0,0,0,0
25-Nov-2025,1141.2,Put,1200,0,0,0,0,0,0
25-Nov-2025,1141.2,Put,1220,0,0,0,0,0,0
25-Nov-2025,1141.2,Put,1240,0,0,0,0,0,0
25-Nov-2025,1141.2,Put,1260,0,0,0,0,0,0
25-Nov-2025,1141.2,Put,1280,0,0,0,0,0,0
25-Nov-2025,1141.2,Put,1060,0,0,26.68,0,0,0
25-Nov-2025,1141.2,Put,1300,0,0,0,0,0,0
25-Nov-2025,1141.2,Put,920,0,0,26.68,0,0,0
25-Nov-2025,1141.2,Call,1150,0,0,0,0,0,0
30-Dec-2025,1141.2,Put,960,0,0,0,0,0,0
25-Nov-2025,1141.2,Call,1360,0,0,26.68,0,0,0
30-Dec-2025,1141.2,Call,1280,0,0,0,0,0,0
30-Dec-2025,1141.2,Put,1000,0,0,0,0,0,0
30-Dec-2025,1141.2,Put,1020,0,0,0,0,0,0
30-Dec-2025,1141.2,Put,1040,0,0,0,0,0,0
