28-Oct-2025,1227.2,Call,1220,36.5,21.25,38.98,568,1129,3444
28-Oct-2025,1227.2,-,0,1222.8,0,38.98,62,20342,2278
28-Oct-2025,1227.2,Call,1240,27.1,22,38.98,3,366,1001
28-Oct-2025,1227.2,Call,1200,47,19.6,38.98,-44,471,743
28-Oct-2025,1227.2,Call,1300,10,23.49,38.98,-3,714,627
28-Oct-2025,1227.2,Put,1200,23.4,29.28,38.98,60,559,470
28-Oct-2025,1227.2,Put,1220,32,29.94,38.98,86,419,281
28-Oct-2025,1227.2,Put,1100,3.9,31.48,38.98,42,244,257
28-Oct-2025,1227.2,Call,1260,19.85,22.24,38.98,3,290,209
28-Oct-2025,1227.2,Put,1180,16.4,29.94,38.98,53,196,197
25-Nov-2025,1227.2,Call,1240,48,24.03,38.98,84,84,179
25-Nov-2025,1227.2,-,0,1222,0,38.98,43,360,163
28-Oct-2025,1227.2,Put,1240,45.5,32.4,38.98,77,198,151
28-Oct-2025,1227.2,Put,1160,12.7,30.48,38.98,38,197,149
25-Nov-2025,1227.2,Put,1240,66.75,36.51,38.98,67,67,135
28-Oct-2025,1227.2,Call,1280,14.35,22.35,38.98,16,136,134
28-Oct-2025,1227.2,Call,1400,2,27.03,38.98,4,124,112
28-Oct-2025,1227.2,Put,1140,9.05,31.02,38.98,33,118,96
28-Oct-2025,1227.2,Put,1080,3,32.93,38.98,34,70,69
28-Oct-2025,1227.2,Call,1320,6.6,23.88,38.98,31,105,66
28-Oct-2025,1227.2,Call,1380,2.4,26.22,38.98,22,50,58
28-Oct-2025,1227.2,Put,1060,2.35,34.67,38.98,12,38,53
28-Oct-2025,1227.2,Call,1340,4.5,24.37,38.98,17,144,47
28-Oct-2025,1227.2,Put,1120,5.5,31,38.98,13,46,42
28-Oct-2025,1227.2,Call,1360,3.25,25.26,38.98,8,24,39
28-Oct-2025,1227.2,Put,1000,1.25,40.62,38.98,0,79,39
25-Nov-2025,1227.2,Call,1220,54.8,22.01,0,0,17,30
28-Oct-2025,1227.2,Call,1180,61.3,14.57,38.98,-9,28,27
28-Oct-2025,1227.2,Call,1160,76.1,0,38.98,10,33,23
28-Oct-2025,1227.2,Call,1140,92,0,38.98,1,20,22
28-Oct-2025,1227.2,Put,1040,1.8,36.22,38.98,10,25,20
28-Oct-2025,1227.2,Put,1260,59.8,34.68,38.98,3,153,20
28-Oct-2025,1227.2,Put,1300,85.05,38.91,38.98,1,332,16
28-Oct-2025,1227.2,Call,1120,103.15,0,38.98,3,3,9
28-Oct-2025,1227.2,Call,1100,125.45,0,38.98,1,7,8
28-Oct-2025,1227.2,Put,1280,76.15,37.66,38.98,5,70,8
28-Oct-2025,1227.2,Call,1060,159.65,0,38.98,2,2,6
28-Oct-2025,1227.2,Put,1360,142.1,44.03,38.98,3,8,6
30-Dec-2025,1227.2,-,0,1218,0,0,0,4,5
28-Oct-2025,1227.2,Put,1320,110,42.7,38.98,0,7,5
28-Oct-2025,1227.2,Call,1480,0.75,31.65,38.98,0,8,1
25-Nov-2025,1227.2,Put,1200,43.5,33.9,38.98,0,0,1
28-Oct-2025,1227.2,Call,980,0,0,38.98,0,0,0
28-Oct-2025,1227.2,Put,1020,0,0,38.98,0,12,0
28-Oct-2025,1227.2,Call,1020,0,0,38.98,0,0,0
28-Oct-2025,1227.2,Put,980,0,0,38.98,0,13,0
28-Oct-2025,1227.2,Call,1080,0,0,38.98,0,0,0
28-Oct-2025,1227.2,Put,1440,0,0,38.98,0,0,0
28-Oct-2025,1227.2,Put,920,0,0,38.98,0,11,0
28-Oct-2025,1227.2,Call,1440,0,0,38.98,0,6,0
28-Oct-2025,1227.2,Put,1420,0,0,38.98,0,0,0
28-Oct-2025,1227.2,Put,1340,0,0,38.98,0,7,0
28-Oct-2025,1227.2,Call,1420,0,0,38.98,0,0,0
28-Oct-2025,1227.2,Call,920,0,0,38.98,0,0,0
28-Oct-2025,1227.2,Call,960,0,0,38.98,0,0,0
28-Oct-2025,1227.2,Call,1040,0,0,38.98,0,0,0
28-Oct-2025,1227.2,Call,1000,0,0,38.98,0,0,0
28-Oct-2025,1227.2,Put,1480,0,0,38.98,0,7,0
28-Oct-2025,1227.2,Put,1380,0,0,38.98,0,0,0
28-Oct-2025,1227.2,Put,1400,0,0,38.98,0,33,0
28-Oct-2025,1227.2,Put,960,0,0,38.98,0,41,0
25-Nov-2025,1227.2,Call,1160,0,0,38.98,0,0,0
25-Nov-2025,1227.2,Put,1120,0,0,38.98,0,0,0
25-Nov-2025,1227.2,Call,1260,0,0,0,0,0,0
25-Nov-2025,1227.2,Put,1080,0,0,38.98,0,0,0
25-Nov-2025,1227.2,Put,1040,0,0,38.98,0,0,0
25-Nov-2025,1227.2,Call,1340,0,0,0,0,0,0
25-Nov-2025,1227.2,Call,960,0,0,0,0,0,0
25-Nov-2025,1227.2,Call,1300,0,0,0,0,0,0
25-Nov-2025,1227.2,Call,1040,0,0,0,0,0,0
25-Nov-2025,1227.2,Call,1080,0,0,0,0,0,0
25-Nov-2025,1227.2,Call,1000,0,0,0,0,0,0
25-Nov-2025,1227.2,Call,1120,0,0,0,0,0,0
25-Nov-2025,1227.2,Put,1360,0,0,0,0,0,0
25-Nov-2025,1227.2,Put,1320,0,0,0,0,0,0
25-Nov-2025,1227.2,Put,1400,0,0,0,0,0,0
25-Nov-2025,1227.2,Put,1440,0,0,0,0,0,0
25-Nov-2025,1227.2,Put,1340,0,0,0,0,0,0
25-Nov-2025,1227.2,Put,1300,0,0,0,0,0,0
25-Nov-2025,1227.2,Call,1140,0,0,0,0,0,0
25-Nov-2025,1227.2,Put,1000,0,0,38.98,0,0,0
25-Nov-2025,1227.2,Put,1260,0,0,0,0,0,0
25-Nov-2025,1227.2,Put,960,0,0,38.98,0,0,0
25-Nov-2025,1227.2,Put,1220,0,0,0,0,0,0
25-Nov-2025,1227.2,Put,1280,0,0,38.98,0,0,0
25-Nov-2025,1227.2,Put,1100,0,0,0,0,0,0
25-Nov-2025,1227.2,Call,1100,0,0,0,0,0,0
25-Nov-2025,1227.2,Put,1180,0,0,0,0,0,0
25-Nov-2025,1227.2,Call,1200,0,0,38.98,0,0,0
25-Nov-2025,1227.2,Put,1160,0,0,38.98,0,0,0
25-Nov-2025,1227.2,Call,1440,0,0,38.98,0,0,0
25-Nov-2025,1227.2,Call,1180,0,0,0,0,0,0
25-Nov-2025,1227.2,Put,1140,0,0,0,0,0,0
25-Nov-2025,1227.2,Call,1280,0,0,38.98,0,0,0
30-Dec-2025,1227.2,Call,1280,0,0,0,0,0,0
25-Nov-2025,1227.2,Call,1320,0,0,38.98,0,0,0
25-Nov-2025,1227.2,Call,1360,0,0,38.98,0,0,0
25-Nov-2025,1227.2,Call,1400,0,0,38.98,0,0,0
