28-Oct-2025,1213.2,-,0,1212.2,0,38.98,-22,20258,429
28-Oct-2025,1213.2,Call,1200,42.05,23.43,38.98,-10,505,176
28-Oct-2025,1213.2,Call,1240,23.45,24.41,38.98,-2,361,170
28-Oct-2025,1213.2,Call,1220,31.7,23.96,38.98,-8,553,152
28-Oct-2025,1213.2,Put,1200,28.7,29.44,38.98,13,512,86
28-Oct-2025,1213.2,Call,1300,8.8,25.57,38.98,-6,711,86
28-Oct-2025,1213.2,Put,1220,37.7,29.24,38.98,-7,326,55
28-Oct-2025,1213.2,Put,1180,20.3,28.88,38.98,8,151,41
28-Oct-2025,1213.2,Put,1100,5.1,31.21,38.98,-11,191,32
28-Oct-2025,1213.2,Put,1160,14.95,29.57,38.98,4,163,31
28-Oct-2025,1213.2,Call,1260,17,24.41,38.98,-4,283,29
25-Nov-2025,1213.2,-,0,1216.7,0,38.98,8,325,28
28-Oct-2025,1213.2,Call,1320,6,26.13,38.98,0,74,19
28-Oct-2025,1213.2,Put,1080,3.65,32.28,38.98,5,41,19
28-Oct-2025,1213.2,Call,1280,12.1,24.81,38.98,0,120,18
28-Oct-2025,1213.2,Put,1140,10.15,29.52,38.98,10,95,18
28-Oct-2025,1213.2,Put,1040,2.2,35.69,38.98,11,26,14
28-Oct-2025,1213.2,Put,1300,92.25,31.23,38.98,1,332,10
28-Oct-2025,1213.2,Call,1380,2.5,28.58,38.98,6,34,9
28-Oct-2025,1213.2,Call,1360,3.05,27.11,38.98,-2,14,8
28-Oct-2025,1213.2,Call,1340,4.4,26.66,38.98,1,128,6
28-Oct-2025,1213.2,Call,1140,84.05,20.1,38.98,0,19,5
28-Oct-2025,1213.2,Call,1180,55.65,23.79,38.98,1,38,5
28-Oct-2025,1213.2,Call,1160,70.4,23.94,38.98,0,23,4
28-Oct-2025,1213.2,Put,1060,2.7,33.65,38.98,0,26,3
28-Oct-2025,1213.2,Put,1360,150.15,40.93,38.98,1,6,2
28-Oct-2025,1213.2,Put,1260,65.15,32.48,38.98,0,150,1
28-Oct-2025,1213.2,Put,1320,116.15,39.26,38.98,0,7,1
30-Dec-2025,1213.2,-,0,0,0,0,0,0,0
28-Oct-2025,1213.2,Call,1400,0,0,38.98,0,120,0
28-Oct-2025,1213.2,Put,1440,0,0,38.98,0,0,0
28-Oct-2025,1213.2,Call,1100,0,0,38.98,0,6,0
28-Oct-2025,1213.2,Put,1420,0,0,38.98,0,0,0
28-Oct-2025,1213.2,Put,1340,0,0,38.98,0,7,0
28-Oct-2025,1213.2,Call,1420,0,0,38.98,0,0,0
28-Oct-2025,1213.2,Put,1120,0,0,38.98,0,33,0
28-Oct-2025,1213.2,Call,980,0,0,38.98,0,0,0
28-Oct-2025,1213.2,Call,1020,0,0,38.98,0,0,0
28-Oct-2025,1213.2,Call,1060,0,0,38.98,0,0,0
28-Oct-2025,1213.2,Put,980,0,0,38.98,0,13,0
28-Oct-2025,1213.2,Call,1120,0,0,38.98,0,0,0
28-Oct-2025,1213.2,Put,920,0,0,38.98,0,11,0
28-Oct-2025,1213.2,Put,1000,0,0,38.98,0,79,0
28-Oct-2025,1213.2,Put,960,0,0,38.98,0,41,0
28-Oct-2025,1213.2,Call,1480,0,0,38.98,0,8,0
28-Oct-2025,1213.2,Call,960,0,0,38.98,0,0,0
28-Oct-2025,1213.2,Call,1000,0,0,38.98,0,0,0
28-Oct-2025,1213.2,Call,1040,0,0,38.98,0,0,0
28-Oct-2025,1213.2,Put,1280,0,0,38.98,0,65,0
28-Oct-2025,1213.2,Call,1440,0,0,38.98,0,6,0
25-Nov-2025,1213.2,Put,1260,0,0,0,0,0,0
28-Oct-2025,1213.2,Put,1380,0,0,38.98,0,0,0
28-Oct-2025,1213.2,Put,1020,0,0,38.98,0,12,0
28-Oct-2025,1213.2,Put,1240,0,0,38.98,0,121,0
25-Nov-2025,1213.2,Call,1300,0,0,0,0,0,0
25-Nov-2025,1213.2,Put,1280,0,0,38.98,0,0,0
25-Nov-2025,1213.2,Put,1340,0,0,0,0,0,0
25-Nov-2025,1213.2,Call,1100,0,0,0,0,0,0
25-Nov-2025,1213.2,Call,1440,0,0,38.98,0,0,0
25-Nov-2025,1213.2,Put,960,0,0,38.98,0,0,0
28-Oct-2025,1213.2,Call,920,0,0,38.98,0,0,0
25-Nov-2025,1213.2,Call,1320,0,0,38.98,0,0,0
25-Nov-2025,1213.2,Call,1360,0,0,38.98,0,0,0
25-Nov-2025,1213.2,Put,1300,0,0,0,0,0,0
25-Nov-2025,1213.2,Put,1220,0,0,0,0,0,0
25-Nov-2025,1213.2,Call,1140,0,0,0,0,0,0
25-Nov-2025,1213.2,Call,1200,0,0,38.98,0,0,0
25-Nov-2025,1213.2,Call,1000,0,0,0,0,0,0
25-Nov-2025,1213.2,Call,1340,0,0,0,0,0,0
25-Nov-2025,1213.2,Put,1400,0,0,0,0,0,0
25-Nov-2025,1213.2,Put,1200,0,0,38.98,0,0,0
25-Nov-2025,1213.2,Call,1400,0,0,38.98,0,0,0
25-Nov-2025,1213.2,Call,1040,0,0,0,0,0,0
28-Oct-2025,1213.2,Put,1400,0,0,38.98,0,33,0
25-Nov-2025,1213.2,Put,1000,0,0,38.98,0,0,0
25-Nov-2025,1213.2,Call,1280,0,0,38.98,0,0,0
25-Nov-2025,1213.2,Call,1080,0,0,0,0,0,0
25-Nov-2025,1213.2,Call,960,0,0,0,0,0,0
25-Nov-2025,1213.2,Call,1240,0,0,38.98,0,0,0
25-Nov-2025,1213.2,Call,1120,0,0,0,0,0,0
25-Nov-2025,1213.2,Put,1360,0,0,0,0,0,0
25-Nov-2025,1213.2,Call,1220,0,0,0,0,0,0
25-Nov-2025,1213.2,Call,1260,0,0,0,0,0,0
25-Nov-2025,1213.2,Put,1440,0,0,0,0,0,0
25-Nov-2025,1213.2,Put,1040,0,0,38.98,0,0,0
25-Nov-2025,1213.2,Put,1080,0,0,38.98,0,0,0
25-Nov-2025,1213.2,Put,1320,0,0,0,0,0,0
28-Oct-2025,1213.2,Put,1480,0,0,38.98,0,7,0
25-Nov-2025,1213.2,Put,1240,0,0,38.98,0,0,0
28-Oct-2025,1213.2,Call,1080,0,0,38.98,0,0,0
