28-Oct-2025,38090,-,0,38345,0,29.49,110,9764,492
28-Oct-2025,38090,Call,40000,270,20.19,29.49,32,446,411
28-Oct-2025,38090,Call,38000,1002.25,19.5,29.49,43,128,366
28-Oct-2025,38090,Call,39000,516,19.22,29.49,210,329,359
28-Oct-2025,38090,Call,41000,140.1,21.32,29.49,61,229,159
28-Oct-2025,38090,Call,42000,75,22.62,29.49,48,133,134
28-Oct-2025,38090,Put,36500,242.6,21.57,29.49,58,67,102
28-Oct-2025,38090,Call,38500,733.3,19.47,29.49,38,123,72
28-Oct-2025,38090,Put,37000,340.15,20.82,29.49,13,135,67
28-Oct-2025,38090,Put,38000,665.2,19.64,29.49,18,276,61
28-Oct-2025,38090,Put,36000,180,22.82,29.49,32,100,60
28-Oct-2025,38090,Put,37500,460,20.6,29.49,4,180,30
28-Oct-2025,38090,Put,35000,107.55,25.28,29.49,12,83,30
28-Oct-2025,38090,Call,38250,832.75,19.06,29.49,23,28,29
28-Oct-2025,38090,Put,38500,913.7,20.14,29.49,7,34,23
28-Oct-2025,38090,Call,43000,53.9,25.19,29.49,10,47,22
25-Nov-2025,38090,-,0,38450,0,29.49,1,178,18
28-Oct-2025,38090,Call,39500,363,19.37,29.49,6,6,14
28-Oct-2025,38090,Put,39000,1198.05,19.96,29.49,-1,24,13
28-Oct-2025,38090,Put,33500,70,31.05,29.49,0,31,8
28-Oct-2025,38090,Put,37750,546,20.48,29.49,4,7,8
28-Oct-2025,38090,Put,40000,1930,20.66,29.49,-1,32,5
28-Oct-2025,38090,Call,45000,27.5,29.35,29.49,0,7,3
28-Oct-2025,38090,Call,42750,99.95,27.66,29.49,1,5,2
28-Oct-2025,38090,Call,46000,34.9,33.9,29.49,0,23,1
28-Oct-2025,38090,Put,34500,132,29.78,29.49,0,0,1
30-Dec-2025,38090,-,0,0,0,0,0,0,0
28-Oct-2025,38090,Put,44500,0,0,29.49,0,0,0
28-Oct-2025,38090,Call,37250,0,0,29.49,0,0,0
28-Oct-2025,38090,Put,42750,0,0,29.49,0,0,0
28-Oct-2025,38090,Put,43250,0,0,29.49,0,0,0
28-Oct-2025,38090,Put,35750,0,0,29.49,0,0,0
28-Oct-2025,38090,Put,40750,0,0,29.49,0,0,0
28-Oct-2025,38090,Call,41750,0,0,29.49,0,0,0
28-Oct-2025,38090,Call,36250,0,0,29.49,0,0,0
28-Oct-2025,38090,Call,42250,0,0,29.49,0,0,0
28-Oct-2025,38090,Put,40250,0,0,29.49,0,0,0
28-Oct-2025,38090,Put,36250,0,0,29.49,0,0,0
28-Oct-2025,38090,Call,35750,0,0,29.49,0,0,0
28-Oct-2025,38090,Call,32000,0,0,0,0,0,0
28-Oct-2025,38090,Call,41250,0,0,29.49,0,1,0
28-Oct-2025,38090,Call,37750,0,0,29.49,0,0,0
28-Oct-2025,38090,Call,34500,0,0,29.49,0,2,0
28-Oct-2025,38090,Put,39750,0,0,29.49,0,0,0
28-Oct-2025,38090,Put,32000,0,0,0,0,0,0
28-Oct-2025,38090,Put,39500,0,0,29.49,0,0,0
28-Oct-2025,38090,Put,34000,0,0,29.49,0,0,0
28-Oct-2025,38090,Call,38750,0,0,29.49,0,0,0
28-Oct-2025,38090,Put,41750,0,0,29.49,0,0,0
28-Oct-2025,38090,Put,41250,0,0,29.49,0,0,0
28-Oct-2025,38090,Call,35500,0,0,29.49,0,0,0
28-Oct-2025,38090,Call,33000,0,0,0,0,0,0
28-Oct-2025,38090,Put,42500,0,0,29.49,0,0,0
28-Oct-2025,38090,Put,41500,0,0,29.49,0,0,0
28-Oct-2025,38090,Put,42250,0,0,29.49,0,0,0
28-Oct-2025,38090,Put,43000,0,0,29.49,0,0,0
28-Oct-2025,38090,Put,35250,0,0,29.49,0,0,0
28-Oct-2025,38090,Call,33500,0,0,29.49,0,0,0
28-Oct-2025,38090,Call,37000,0,0,29.49,0,1,0
28-Oct-2025,38090,Call,35000,0,0,29.49,0,3,0
28-Oct-2025,38090,Call,40500,0,0,29.49,0,0,0
28-Oct-2025,38090,Call,34000,0,0,29.49,0,1,0
28-Oct-2025,38090,Call,44000,0,0,29.49,0,0,0
28-Oct-2025,38090,Call,36000,0,0,29.49,0,0,0
28-Oct-2025,38090,Put,44250,0,0,29.49,0,0,0
28-Oct-2025,38090,Call,37500,0,0,29.49,0,0,0
28-Oct-2025,38090,Call,36750,0,0,29.49,0,0,0
28-Oct-2025,38090,Call,43250,0,0,29.49,0,0,0
28-Oct-2025,38090,Call,39750,0,0,29.49,0,0,0
28-Oct-2025,38090,Call,43500,0,0,29.49,0,1,0
28-Oct-2025,38090,Put,40500,0,0,29.49,0,0,0
28-Oct-2025,38090,Call,41500,0,0,29.49,0,0,0
28-Oct-2025,38090,Put,38750,0,0,29.49,0,0,0
28-Oct-2025,38090,Call,39250,0,0,29.49,0,4,0
28-Oct-2025,38090,Call,35250,0,0,29.49,0,0,0
28-Oct-2025,38090,Put,42000,0,0,29.49,0,0,0
28-Oct-2025,38090,Put,44000,0,0,29.49,0,0,0
28-Oct-2025,38090,Call,40250,0,0,29.49,0,5,0
28-Oct-2025,38090,Put,41000,0,0,29.49,0,0,0
28-Oct-2025,38090,Put,37250,0,0,29.49,0,0,0
28-Oct-2025,38090,Put,36750,0,0,29.49,0,0,0
28-Oct-2025,38090,Put,33000,0,0,29.49,0,0,0
28-Oct-2025,38090,Put,38250,0,0,29.49,0,0,0
28-Oct-2025,38090,Call,42500,0,0,29.49,0,0,0
28-Oct-2025,38090,Call,44500,0,0,29.49,0,1,0
28-Oct-2025,38090,Call,40750,0,0,29.49,0,0,0
25-Nov-2025,38090,Put,43500,0,0,0,0,0,0
28-Oct-2025,38090,Put,46000,0,0,29.49,0,6,0
25-Nov-2025,38090,Put,42500,0,0,0,0,0,0
25-Nov-2025,38090,Call,32000,0,0,0,0,0,0
28-Oct-2025,38090,Call,44250,0,0,29.49,0,1,0
25-Nov-2025,38090,Call,35000,0,0,29.49,0,0,0
28-Oct-2025,38090,Put,45500,0,0,29.49,0,0,0
28-Oct-2025,38090,Put,43500,0,0,29.49,0,0,0
25-Nov-2025,38090,Put,42000,0,0,0,0,0,0
25-Nov-2025,38090,Call,35500,0,0,0,0,0,0
28-Oct-2025,38090,Call,43750,0,0,29.49,0,0,0
28-Oct-2025,38090,Call,36500,0,0,29.49,0,0,0
25-Nov-2025,38090,Call,34000,0,0,0,0,0,0
25-Nov-2025,38090,Put,36500,0,0,0,0,0,0
25-Nov-2025,38090,Call,34500,0,0,0,0,0,0
28-Oct-2025,38090,Put,45000,0,0,29.49,0,0,0
25-Nov-2025,38090,Put,43000,0,0,0,0,0,0
25-Nov-2025,38090,Call,41000,0,0,29.49,0,1,0
28-Oct-2025,38090,Put,39250,0,0,29.49,0,0,0
28-Oct-2025,38090,Call,45500,0,0,29.49,0,10,0
25-Nov-2025,38090,Call,33000,0,0,0,0,0,0
25-Nov-2025,38090,Call,36500,0,0,0,0,0,0
28-Oct-2025,38090,Put,35500,0,0,29.49,0,0,0
25-Nov-2025,38090,Call,36000,0,0,0,0,0,0
28-Oct-2025,38090,Put,43750,0,0,29.49,0,0,0
25-Nov-2025,38090,Put,44000,0,0,0,0,0,0
25-Nov-2025,38090,Put,45000,0,0,0,0,0,0
25-Nov-2025,38090,Call,39500,0,0,29.49,0,0,0
25-Nov-2025,38090,Put,38500,0,0,0,0,0,0
25-Nov-2025,38090,Put,39500,0,0,0,0,0,0
25-Nov-2025,38090,Put,39000,0,0,29.49,0,0,0
25-Nov-2025,38090,Call,41500,0,0,0,0,0,0
25-Nov-2025,38090,Call,38500,0,0,29.49,0,0,0
25-Nov-2025,38090,Call,37000,0,0,0,0,0,0
25-Nov-2025,38090,Put,46000,0,0,0,0,0,0
25-Nov-2025,38090,Put,37000,0,0,29.49,0,0,0
25-Nov-2025,38090,Call,40000,0,0,29.49,0,0,0
25-Nov-2025,38090,Put,40500,0,0,0,0,0,0
25-Nov-2025,38090,Call,46000,0,0,29.49,0,1,0
25-Nov-2025,38090,Put,44500,0,0,0,0,0,0
25-Nov-2025,38090,Call,39000,0,0,29.49,0,2,0
25-Nov-2025,38090,Put,41500,0,0,0,0,0,0
25-Nov-2025,38090,Put,36000,0,0,29.49,0,0,0
25-Nov-2025,38090,Call,37500,0,0,0,0,0,0
25-Nov-2025,38090,Call,38000,0,0,29.49,0,3,0
25-Nov-2025,38090,Put,41000,0,0,0,0,0,0
25-Nov-2025,38090,Put,40000,0,0,29.49,0,0,0
