28-Oct-2025,26347.25,Put,26000,156.75,12.88,17.9,338,524,1892
28-Oct-2025,26347.25,Call,26500,310.35,9.74,17.9,174,244,1399
28-Oct-2025,26347.25,Call,27000,122.6,10.19,17.9,380,432,1341
28-Oct-2025,26347.25,Call,26800,182.9,10.11,17.9,162,311,1047
28-Oct-2025,26347.25,Call,26300,423,9.98,17.9,105,106,886
28-Oct-2025,26347.25,Call,29000,6.45,15.08,17.9,211,355,852
28-Oct-2025,26347.25,Call,26000,634,10.27,17.9,102,226,804
28-Oct-2025,26347.25,Call,26200,476.45,9.69,17.9,63,81,778
28-Oct-2025,26347.25,Put,26300,250,12.78,17.9,123,124,653
28-Oct-2025,26347.25,Call,26100,539.45,9.38,17.9,25,57,569
28-Oct-2025,26347.25,Put,26400,291.25,12.61,17.9,123,123,455
28-Oct-2025,26347.25,Call,26400,363.4,9.84,17.9,114,114,450
28-Oct-2025,26347.25,Put,25000,33.95,15.2,17.9,122,252,373
28-Oct-2025,26347.25,Put,26150,199,12.74,0,0,33,309
28-Oct-2025,26347.25,Put,26500,344.3,12.74,17.9,92,131,288
28-Oct-2025,26347.25,Call,28000,15.25,11.53,17.9,84,113,287
28-Oct-2025,26347.25,Put,26200,214.15,12.6,17.9,69,69,274
28-Oct-2025,26347.25,Call,27300,63.65,10.33,17.9,88,88,272
28-Oct-2025,26347.25,Put,25700,96.85,13.45,17.9,119,119,263
28-Oct-2025,26347.25,Call,27500,39.45,10.37,17.9,90,90,231
28-Oct-2025,26347.25,Put,26350,270,12.5,0,0,45,226
28-Oct-2025,26347.25,-,0,26477,0,17.9,-9,422,213
28-Oct-2025,26347.25,Call,28500,10,13.25,17.9,18,42,167
28-Oct-2025,26347.25,Put,24500,18.45,16.87,17.9,102,103,165
28-Oct-2025,26347.25,Put,25900,134,13.02,17.9,53,53,163
28-Oct-2025,26347.25,Call,29500,4.85,16.98,17.9,38,119,139
28-Oct-2025,26347.25,Put,24000,13.1,19.23,17.9,40,84,99
28-Oct-2025,26347.25,Call,26150,470,7.94,0,0,31,94
28-Oct-2025,26347.25,Call,26250,492.75,11.57,0,0,17,93
28-Oct-2025,26347.25,Put,25850,123.7,13.1,0,0,49,93
28-Oct-2025,26347.25,Call,26350,387.5,9.94,0,0,40,86
28-Oct-2025,26347.25,Put,26450,313.55,12.49,0,0,2,84
28-Oct-2025,26347.25,Call,28200,8.65,11.54,17.9,14,35,58
28-Oct-2025,26347.25,Put,26050,176.1,13.05,0,0,19,55
28-Oct-2025,26347.25,Call,26900,149,9.86,17.9,28,28,51
28-Oct-2025,26347.25,Put,24200,13.35,17.88,17.9,28,30,43
28-Oct-2025,26347.25,Call,25900,706,10.44,17.9,4,8,31
28-Oct-2025,26347.25,Call,25700,869,9.56,17.9,8,11,31
28-Oct-2025,26347.25,Call,26050,631.75,11.78,0,0,2,28
28-Oct-2025,26347.25,Put,26650,419.1,12.64,0,0,17,25
28-Oct-2025,26347.25,Put,24600,20,16.31,17.9,7,10,22
28-Oct-2025,26347.25,Call,28600,6.95,13.28,17.9,9,9,20
28-Oct-2025,26347.25,Call,26600,259.95,10.09,17.9,11,11,17
28-Oct-2025,26347.25,Call,28300,10.05,12.4,17.9,5,15,17
28-Oct-2025,26347.25,Put,27000,649.25,13.11,17.9,8,8,16
28-Oct-2025,26347.25,Call,26750,194.95,10.06,0,0,11,15
28-Oct-2025,26347.25,Call,28400,10,12.95,17.9,8,8,15
28-Oct-2025,26347.25,Call,27050,108.1,0,0,0,0,13
28-Oct-2025,26347.25,Put,24100,13.7,18.58,17.9,7,7,12
28-Oct-2025,26347.25,Call,26450,330.45,9.93,0,0,2,12
28-Oct-2025,26347.25,Put,24700,24.3,16.22,17.9,4,4,11
28-Oct-2025,26347.25,Call,28700,7,13.82,17.9,5,5,11
28-Oct-2025,26347.25,Put,27200,908.65,17.85,17.9,2,2,8
28-Oct-2025,26347.25,Put,26900,575.25,12.84,17.9,3,3,7
28-Oct-2025,26347.25,Put,26550,359,12.39,0,0,6,7
28-Oct-2025,26347.25,Call,26550,315,11.19,0,0,1,6
28-Oct-2025,26347.25,Put,26600,399.25,12.89,17.9,3,3,5
28-Oct-2025,26347.25,Put,23500,8.8,20.03,17.9,0,0,5
28-Oct-2025,26347.25,Put,23600,4.35,18.61,17.9,3,3,4
28-Oct-2025,26347.25,Call,25000,1450,0,17.9,0,13,3
25-Nov-2025,26347.25,-,0,26550,0,17.9,0,10,2
28-Oct-2025,26347.25,Call,28100,14,11.95,17.9,1,1,2
28-Oct-2025,26347.25,Put,24750,37.6,17.43,0,0,1,2
28-Oct-2025,26347.25,Put,25200,199,23.77,17.9,0,1,1
28-Oct-2025,26347.25,Call,24000,2360,0,17.9,0,26,1
30-Dec-2025,26347.25,-,0,0,0,0,0,0,0
28-Oct-2025,26347.25,Put,23900,0,0,17.9,0,0,0
28-Oct-2025,26347.25,Put,27600,0,0,17.9,0,0,0
28-Oct-2025,26347.25,Put,27400,0,0,17.9,0,0,0
28-Oct-2025,26347.25,Put,27500,0,0,17.9,0,0,0
28-Oct-2025,26347.25,Put,27700,0,0,17.9,0,0,0
28-Oct-2025,26347.25,Put,27900,0,0,17.9,0,0,0
28-Oct-2025,26347.25,Put,28500,0,0,17.9,0,0,0
28-Oct-2025,26347.25,Put,28200,0,0,17.9,0,0,0
28-Oct-2025,26347.25,Put,28700,0,0,17.9,0,0,0
28-Oct-2025,26347.25,Put,27800,0,0,17.9,0,0,0
28-Oct-2025,26347.25,Put,28300,0,0,17.9,0,0,0
28-Oct-2025,26347.25,Put,28400,0,0,17.9,0,0,0
28-Oct-2025,26347.25,Put,28000,0,0,17.9,0,0,0
28-Oct-2025,26347.25,Put,29000,0,0,17.9,0,0,0
28-Oct-2025,26347.25,Put,25600,0,0,17.9,0,0,0
28-Oct-2025,26347.25,Put,28100,0,0,17.9,0,0,0
28-Oct-2025,26347.25,Put,29500,0,0,17.9,0,0,0
28-Oct-2025,26347.25,Put,25800,0,0,17.9,0,0,0
28-Oct-2025,26347.25,Put,25400,0,0,17.9,0,0,0
28-Oct-2025,26347.25,Put,25150,0,0,0,0,0,0
28-Oct-2025,26347.25,Put,26800,0,0,17.9,0,0,0
28-Oct-2025,26347.25,Call,26700,0,0,17.9,0,0,0
28-Oct-2025,26347.25,Put,27300,0,0,17.9,0,0,0
28-Oct-2025,26347.25,Put,26700,0,0,17.9,0,0,0
28-Oct-2025,26347.25,Put,27100,0,0,17.9,0,0,0
28-Oct-2025,26347.25,Put,26250,0,0,0,0,0,0
28-Oct-2025,26347.25,Put,23800,0,0,17.9,0,0,0
28-Oct-2025,26347.25,Put,23700,0,0,17.9,0,0,0
28-Oct-2025,26347.25,Put,25350,0,0,0,0,0,0
28-Oct-2025,26347.25,Call,27100,0,0,17.9,0,0,0
28-Oct-2025,26347.25,Put,27250,0,0,0,0,0,0
28-Oct-2025,26347.25,Put,25450,0,0,0,0,0,0
28-Oct-2025,26347.25,Put,26100,0,0,17.9,0,0,0
28-Oct-2025,26347.25,Put,25250,0,0,0,0,0,0
28-Oct-2025,26347.25,Call,25850,0,0,0,0,0,0
28-Oct-2025,26347.25,Call,25550,0,0,0,0,0,0
28-Oct-2025,26347.25,Call,25950,0,0,0,0,0,0
28-Oct-2025,26347.25,Put,25050,0,0,0,0,0,0
28-Oct-2025,26347.25,Call,25650,0,0,0,0,0,0
28-Oct-2025,26347.25,Call,25750,0,0,0,0,0,0
28-Oct-2025,26347.25,Call,25450,0,0,0,0,0,0
28-Oct-2025,26347.25,Call,26650,0,0,0,0,0,0
28-Oct-2025,26347.25,Call,26950,0,0,0,0,0,0
28-Oct-2025,26347.25,Put,25300,0,0,17.9,0,0,0
28-Oct-2025,26347.25,Call,27150,0,0,0,0,0,0
28-Oct-2025,26347.25,Put,24900,0,0,17.9,0,3,0
28-Oct-2025,26347.25,Call,27400,0,0,17.9,0,0,0
28-Oct-2025,26347.25,Call,27200,0,0,17.9,0,1,0
28-Oct-2025,26347.25,Call,26850,0,0,0,0,0,0
28-Oct-2025,26347.25,Call,25050,0,0,0,0,0,0
28-Oct-2025,26347.25,Call,27600,0,0,17.9,0,0,0
28-Oct-2025,26347.25,Put,24850,0,0,0,0,0,0
28-Oct-2025,26347.25,Put,25500,0,0,17.9,0,0,0
28-Oct-2025,26347.25,Put,24400,0,0,17.9,0,0,0
28-Oct-2025,26347.25,Call,25350,0,0,0,0,0,0
28-Oct-2025,26347.25,Call,27800,0,0,17.9,0,0,0
28-Oct-2025,26347.25,Call,27700,0,0,17.9,0,0,0
28-Oct-2025,26347.25,Put,25750,0,0,0,0,0,0
28-Oct-2025,26347.25,Put,26750,0,0,0,0,0,0
28-Oct-2025,26347.25,Put,27150,0,0,0,0,0,0
28-Oct-2025,26347.25,Put,28600,0,0,17.9,0,0,0
28-Oct-2025,26347.25,Put,25100,0,0,17.9,0,0,0
28-Oct-2025,26347.25,Call,25500,0,0,17.9,0,3,0
28-Oct-2025,26347.25,Call,25600,0,0,17.9,0,0,0
28-Oct-2025,26347.25,Call,25800,0,0,17.9,0,0,0
28-Oct-2025,26347.25,Call,27900,0,0,17.9,0,0,0
28-Oct-2025,26347.25,Call,22500,0,0,17.9,0,0,0
28-Oct-2025,26347.25,Call,23000,0,0,17.9,0,0,0
28-Oct-2025,26347.25,Call,23500,0,0,17.9,0,0,0
28-Oct-2025,26347.25,Call,23600,0,0,17.9,0,0,0
28-Oct-2025,26347.25,Call,23700,0,0,17.9,0,0,0
28-Oct-2025,26347.25,Call,23900,0,0,17.9,0,0,0
28-Oct-2025,26347.25,Call,24100,0,0,17.9,0,0,0
28-Oct-2025,26347.25,Call,24300,0,0,17.9,0,0,0
28-Oct-2025,26347.25,Call,24600,0,0,17.9,0,0,0
28-Oct-2025,26347.25,Call,23800,0,0,17.9,0,0,0
28-Oct-2025,26347.25,Call,24200,0,0,17.9,0,0,0
28-Oct-2025,26347.25,Call,24900,0,0,17.9,0,0,0
28-Oct-2025,26347.25,Call,24700,0,0,17.9,0,0,0
28-Oct-2025,26347.25,Call,25400,0,0,17.9,0,0,0
28-Oct-2025,26347.25,Call,25200,0,0,17.9,0,0,0
28-Oct-2025,26347.25,Call,24500,0,0,17.9,0,0,0
28-Oct-2025,26347.25,Put,24800,0,0,17.9,0,0,0
28-Oct-2025,26347.25,Call,25300,0,0,17.9,0,0,0
28-Oct-2025,26347.25,Call,25100,0,0,17.9,0,0,0
28-Oct-2025,26347.25,Put,25950,0,0,0,0,0,0
28-Oct-2025,26347.25,Call,24950,0,0,0,0,0,0
28-Oct-2025,26347.25,Put,22500,0,0,17.9,0,0,0
28-Oct-2025,26347.25,Call,24800,0,0,17.9,0,0,0
28-Oct-2025,26347.25,Put,26850,0,0,0,0,0,0
28-Oct-2025,26347.25,Call,24400,0,0,17.9,0,0,0
28-Oct-2025,26347.25,Put,23000,0,0,17.9,0,0,0
28-Oct-2025,26347.25,Call,25250,0,0,0,0,0,0
28-Oct-2025,26347.25,Call,24750,0,0,0,0,0,0
28-Oct-2025,26347.25,Call,27250,0,0,0,0,0,0
28-Oct-2025,26347.25,Call,24850,0,0,0,0,0,0
28-Oct-2025,26347.25,Put,25650,0,0,0,0,0,0
28-Oct-2025,26347.25,Call,25150,0,0,0,0,0,0
28-Oct-2025,26347.25,Put,25550,0,0,0,0,0,0
28-Oct-2025,26347.25,Put,24950,0,0,0,0,0,0
28-Oct-2025,26347.25,Put,27050,0,0,0,0,0,0
28-Oct-2025,26347.25,Put,24300,0,0,17.9,0,0,0
25-Nov-2025,26347.25,Call,27500,0,0,17.9,0,0,0
30-Dec-2025,26347.25,Call,26100,0,0,0,0,0,0
28-Oct-2025,26347.25,Put,26950,0,0,0,0,0,0
