28-Oct-2025,2780.7,-,0,2796.3,0,25.91,634,55598,2849
28-Oct-2025,2780.7,Call,2800,55.25,18.1,25.91,52,609,1349
28-Oct-2025,2780.7,Call,2900,21.25,18.74,25.91,-350,1142,1278
28-Oct-2025,2780.7,Call,2760,76.35,17.7,25.91,-11,222,691
28-Oct-2025,2780.7,Call,3100,3.15,21.63,25.91,305,489,651
28-Oct-2025,2780.7,Call,2780,65,17.92,25.91,66,211,585
28-Oct-2025,2780.7,Call,2840,36.85,18.25,25.91,211,220,518
28-Oct-2025,2780.7,Call,3000,7.55,19.96,25.91,50,329,484
28-Oct-2025,2780.7,Put,2760,39.5,19.39,25.91,14,223,356
28-Oct-2025,2780.7,Put,2780,47.5,19.51,25.91,75,215,327
28-Oct-2025,2780.7,Put,2740,33,19.67,25.91,28,205,305
28-Oct-2025,2780.7,Put,2700,21.3,19.89,25.91,35,576,303
28-Oct-2025,2780.7,Call,2740,88,18.03,25.91,38,58,197
28-Oct-2025,2780.7,Put,2800,57.6,19.46,25.91,-4,480,194
28-Oct-2025,2780.7,Call,2820,49,17.98,25.91,53,101,194
28-Oct-2025,2780.7,Put,2720,26,19.79,25.91,21,35,176
28-Oct-2025,2780.7,Put,2600,7.25,21.74,25.91,10,260,171
28-Oct-2025,2780.7,Call,2920,17.15,18.83,25.91,-24,55,159
28-Oct-2025,2780.7,Call,2700,124.5,17.76,25.91,49,132,153
28-Oct-2025,2780.7,Put,2640,11.25,20.71,25.91,-2,106,149
28-Oct-2025,2780.7,Call,2860,30.15,18.44,25.91,13,154,120
28-Oct-2025,2780.7,Call,3060,4.15,20.73,25.91,74,108,112
28-Oct-2025,2780.7,Put,2680,16.65,20.05,25.91,9,224,104
28-Oct-2025,2780.7,Call,2960,11.6,19.31,25.91,-6,44,91
28-Oct-2025,2780.7,Call,2940,13.8,19.17,25.91,-16,31,84
28-Oct-2025,2780.7,Call,2880,28.2,18.57,25.91,2,65,81
28-Oct-2025,2780.7,Put,2660,13.4,20.44,25.91,8,31,71
28-Oct-2025,2780.7,Call,3200,1.85,24.12,25.91,-5,208,70
28-Oct-2025,2780.7,Put,2520,3.45,24.08,25.91,42,57,70
25-Nov-2025,2780.7,-,0,2810.6,0,25.91,24,121,60
28-Oct-2025,2780.7,Put,2900,121.4,21.86,25.91,2,256,54
28-Oct-2025,2780.7,Put,2580,5.85,21.8,25.91,-9,45,45
28-Oct-2025,2780.7,Call,2640,173,12.85,25.91,17,17,43
28-Oct-2025,2780.7,Put,2840,79.05,20.68,25.91,4,13,39
28-Oct-2025,2780.7,Put,2560,4.6,22.59,25.91,5,20,34
28-Oct-2025,2780.7,Put,2620,9,21.74,25.91,-1,22,31
28-Oct-2025,2780.7,Put,2540,4,23.36,25.91,5,48,22
28-Oct-2025,2780.7,Put,2880,106.3,20.08,25.91,7,8,20
28-Oct-2025,2780.7,Call,3040,5.25,20.01,25.91,9,10,18
28-Oct-2025,2780.7,Put,2920,134.5,22.41,25.91,7,7,15
28-Oct-2025,2780.7,Call,2980,9.1,18.97,25.91,3,16,14
28-Oct-2025,2780.7,Put,2820,65.65,19.57,25.91,5,9,13
28-Oct-2025,2780.7,Call,2600,206.35,0,25.91,5,5,12
28-Oct-2025,2780.7,Put,2940,150.85,21.18,25.91,7,7,12
28-Oct-2025,2780.7,Call,3020,6.5,19.6,25.91,2,2,9
28-Oct-2025,2780.7,Put,2860,92.25,21.14,25.91,1,45,6
28-Oct-2025,2780.7,Call,2720,106.05,16.37,25.91,4,4,5
25-Nov-2025,2780.7,Call,3000,24.8,18.55,25.91,0,0,5
28-Oct-2025,2780.7,Call,3080,3.15,20.18,25.91,-1,4,4
28-Oct-2025,2780.7,Put,2500,4.65,27.11,25.91,2,3,3
28-Oct-2025,2780.7,Call,3160,2.65,23.8,25.91,0,29,2
30-Dec-2025,2780.7,-,0,0,0,0,0,0,0
28-Oct-2025,2780.7,Put,3060,0,0,25.91,0,0,0
28-Oct-2025,2780.7,Put,3240,0,0,25.91,0,0,0
28-Oct-2025,2780.7,Call,3280,0,0,25.91,0,13,0
28-Oct-2025,2780.7,Put,3200,0,0,25.91,0,0,0
28-Oct-2025,2780.7,Call,2360,0,0,25.91,0,0,0
28-Oct-2025,2780.7,Call,2500,0,0,25.91,0,0,0
28-Oct-2025,2780.7,Call,3240,0,0,25.91,0,48,0
28-Oct-2025,2780.7,Put,3160,0,0,25.91,0,0,0
28-Oct-2025,2780.7,Call,2400,0,0,25.91,0,0,0
28-Oct-2025,2780.7,Call,2440,0,0,25.91,0,0,0
28-Oct-2025,2780.7,Call,2480,0,0,25.91,0,0,0
28-Oct-2025,2780.7,Put,3120,0,0,25.91,0,0,0
28-Oct-2025,2780.7,Put,3100,0,0,25.91,0,40,0
28-Oct-2025,2780.7,Put,3280,0,0,25.91,0,0,0
28-Oct-2025,2780.7,Call,2520,0,0,25.91,0,0,0
28-Oct-2025,2780.7,Call,2560,0,0,25.91,0,0,0
28-Oct-2025,2780.7,Put,3080,0,0,25.91,0,0,0
28-Oct-2025,2780.7,Put,2480,0,0,25.91,0,16,0
28-Oct-2025,2780.7,Put,2980,0,0,25.91,0,1,0
28-Oct-2025,2780.7,Put,3020,0,0,25.91,0,0,0
28-Oct-2025,2780.7,Call,2660,0,0,25.91,0,0,0
28-Oct-2025,2780.7,Put,2440,0,0,25.91,0,0,0
28-Oct-2025,2780.7,Call,2540,0,0,25.91,0,0,0
28-Oct-2025,2780.7,Call,2580,0,0,25.91,0,0,0
28-Oct-2025,2780.7,Call,2620,0,0,25.91,0,0,0
28-Oct-2025,2780.7,Call,3120,0,0,25.91,0,5,0
28-Oct-2025,2780.7,Call,2680,0,0,25.91,0,0,0
28-Oct-2025,2780.7,Put,2960,0,0,25.91,0,1,0
28-Oct-2025,2780.7,Put,3000,0,0,25.91,0,3,0
28-Oct-2025,2780.7,Put,3040,0,0,25.91,0,2,0
28-Oct-2025,2780.7,Put,2400,0,0,25.91,0,1,0
28-Oct-2025,2780.7,Put,2360,0,0,25.91,0,0,0
25-Nov-2025,2780.7,Put,2940,0,0,0,0,0,0
25-Nov-2025,2780.7,Put,2980,0,0,0,0,0,0
25-Nov-2025,2780.7,Call,2520,0,0,0,0,0,0
25-Nov-2025,2780.7,Call,2560,0,0,0,0,0,0
25-Nov-2025,2780.7,Call,2600,0,0,0,0,0,0
25-Nov-2025,2780.7,Call,2640,0,0,0,0,0,0
25-Nov-2025,2780.7,Call,2680,0,0,0,0,0,0
25-Nov-2025,2780.7,Put,2840,0,0,0,0,0,0
25-Nov-2025,2780.7,Put,2880,0,0,0,0,0,0
25-Nov-2025,2780.7,Put,2920,0,0,0,0,0,0
25-Nov-2025,2780.7,Put,2960,0,0,0,0,0,0
25-Nov-2025,2780.7,Put,3000,0,0,0,0,0,0
25-Nov-2025,2780.7,Put,3040,0,0,0,0,0,0
25-Nov-2025,2780.7,Put,3080,0,0,0,0,0,0
25-Nov-2025,2780.7,Call,2820,0,0,0,0,0,0
25-Nov-2025,2780.7,Call,3200,0,0,25.91,0,0,0
25-Nov-2025,2780.7,Call,2840,0,0,25.91,0,0,0
25-Nov-2025,2780.7,Put,2520,0,0,25.91,0,0,0
25-Nov-2025,2780.7,Put,2320,0,0,25.91,0,0,0
25-Nov-2025,2780.7,Call,3120,0,0,25.91,0,0,0
25-Nov-2025,2780.7,Call,2920,0,0,25.91,0,0,0
25-Nov-2025,2780.7,Put,2480,0,0,25.91,0,0,0
25-Nov-2025,2780.7,Put,2560,0,0,25.91,0,0,0
25-Nov-2025,2780.7,Put,2680,0,0,25.91,0,0,0
25-Nov-2025,2780.7,Put,2540,0,0,0,0,0,0
25-Nov-2025,2780.7,Call,2940,0,0,0,0,0,0
25-Nov-2025,2780.7,Put,2900,0,0,0,0,0,0
25-Nov-2025,2780.7,Call,3280,0,0,25.91,0,0,0
25-Nov-2025,2780.7,Put,2600,0,0,25.91,0,0,0
25-Nov-2025,2780.7,Call,3040,0,0,0,0,0,0
25-Nov-2025,2780.7,Call,2540,0,0,0,0,0,0
25-Nov-2025,2780.7,Put,2780,0,0,0,0,0,0
25-Nov-2025,2780.7,Put,2640,0,0,25.91,0,0,0
25-Nov-2025,2780.7,Call,2880,0,0,25.91,0,0,0
25-Nov-2025,2780.7,Put,2400,0,0,25.91,0,0,0
25-Nov-2025,2780.7,Call,2620,0,0,0,0,0,0
25-Nov-2025,2780.7,Put,2820,0,0,0,0,0,0
25-Nov-2025,2780.7,Put,3280,0,0,0,0,0,0
25-Nov-2025,2780.7,Call,2580,0,0,0,0,0,0
25-Nov-2025,2780.7,Call,2320,0,0,0,0,0,0
25-Nov-2025,2780.7,Put,2800,0,0,25.91,0,0,0
25-Nov-2025,2780.7,Call,3080,0,0,0,0,0,0
25-Nov-2025,2780.7,Put,3160,0,0,0,0,0,0
25-Nov-2025,2780.7,Put,2700,0,0,0,0,0,0
25-Nov-2025,2780.7,Call,2800,0,0,25.91,0,0,0
25-Nov-2025,2780.7,Call,2480,0,0,0,0,0,0
25-Nov-2025,2780.7,Put,2660,0,0,0,0,0,0
25-Nov-2025,2780.7,Call,2400,0,0,0,0,0,0
25-Nov-2025,2780.7,Call,2660,0,0,0,0,0,0
25-Nov-2025,2780.7,Put,2620,0,0,0,0,0,0
25-Nov-2025,2780.7,Call,2440,0,0,0,0,0,0
25-Nov-2025,2780.7,Put,2360,0,0,0,0,0,0
25-Nov-2025,2780.7,Call,2720,0,0,25.91,0,0,0
25-Nov-2025,2780.7,Put,2860,0,0,0,0,0,0
25-Nov-2025,2780.7,Put,2760,0,0,25.91,0,0,0
25-Nov-2025,2780.7,Put,3200,0,0,0,0,0,0
25-Nov-2025,2780.7,Put,2740,0,0,0,0,0,0
25-Nov-2025,2780.7,Call,2360,0,0,0,0,0,0
25-Nov-2025,2780.7,Call,2960,0,0,25.91,0,0,0
25-Nov-2025,2780.7,Put,2580,0,0,0,0,0,0
25-Nov-2025,2780.7,Call,2980,0,0,0,0,0,0
25-Nov-2025,2780.7,Call,2780,0,0,0,0,0,0
25-Nov-2025,2780.7,Call,2740,0,0,0,0,0,0
25-Nov-2025,2780.7,Put,2720,0,0,25.91,0,0,0
30-Dec-2025,2780.7,Put,2320,0,0,0,0,0,0
25-Nov-2025,2780.7,Put,3120,0,0,0,0,0,0
25-Nov-2025,2780.7,Call,2900,0,0,0,0,0,0
25-Nov-2025,2780.7,Call,3160,0,0,0,0,0,0
30-Dec-2025,2780.7,Put,2400,0,0,0,0,0,0
25-Nov-2025,2780.7,Call,2700,0,0,0,0,0,0
25-Nov-2025,2780.7,Call,2860,0,0,0,0,0,0
25-Nov-2025,2780.7,Call,2760,0,0,25.91,0,0,0
25-Nov-2025,2780.7,Put,2440,0,0,0,0,0,0
