28-Oct-2025,1437.4,-,0,1431.7,0,29.6,1683,105331,7733
28-Oct-2025,1437.4,Call,1500,16,22.89,29.6,941,7167,4168
28-Oct-2025,1437.4,Call,1440,36.2,20.77,29.6,910,2176,3848
28-Oct-2025,1437.4,Call,1460,28.15,21.63,29.6,604,4221,3174
28-Oct-2025,1437.4,Put,1400,25,29.12,29.6,255,3856,2456
28-Oct-2025,1437.4,Put,1440,42.85,30.11,29.6,323,3007,2336
28-Oct-2025,1437.4,Put,1420,32.9,29.44,29.6,84,2232,1855
28-Oct-2025,1437.4,Call,1480,21.2,22.31,29.6,419,2702,1840
28-Oct-2025,1437.4,Call,1520,11.9,23.41,29.6,209,1911,1675
28-Oct-2025,1437.4,Call,1540,8.85,23.92,29.6,472,2853,1670
28-Oct-2025,1437.4,Put,1380,18.2,29.01,29.6,54,1678,1460
28-Oct-2025,1437.4,Call,1560,6.6,24.59,29.6,91,1815,1406
28-Oct-2025,1437.4,Put,1340,9.5,29.02,29.6,266,1224,1090
28-Oct-2025,1437.4,Call,1600,3.8,26.04,29.6,160,3917,1086
25-Nov-2025,1437.4,-,0,1423.3,0,29.6,21,48351,1068
28-Oct-2025,1437.4,Put,1360,13.25,29.01,29.6,200,1434,1059
28-Oct-2025,1437.4,Call,1420,46.25,19.9,29.6,264,460,1030
28-Oct-2025,1437.4,Put,1300,4.8,30.04,29.6,171,1678,994
28-Oct-2025,1437.4,Put,1460,54.65,30.83,29.6,108,3167,864
28-Oct-2025,1437.4,Call,1700,1.15,29.8,29.6,185,1254,769
28-Oct-2025,1437.4,Call,1400,58,18.88,29.6,107,747,626
28-Oct-2025,1437.4,Call,1580,4.95,25.22,29.6,-4,937,615
28-Oct-2025,1437.4,Put,1280,3.35,30.52,29.6,215,614,526
28-Oct-2025,1437.4,Put,1320,6.8,29.42,29.6,48,691,526
28-Oct-2025,1437.4,Put,1480,68.25,33.13,29.6,46,2598,498
28-Oct-2025,1437.4,Call,1620,3,26.79,29.6,33,1060,471
28-Oct-2025,1437.4,Put,1200,1.2,35.39,29.6,71,759,388
28-Oct-2025,1437.4,Call,1660,2,28.78,29.6,-20,990,314
28-Oct-2025,1437.4,Put,1500,82.6,33.41,29.6,100,4826,232
28-Oct-2025,1437.4,Call,1640,2.35,27.59,29.6,44,924,221
25-Nov-2025,1437.4,Call,1600,8.75,21.39,29.6,100,531,195
28-Oct-2025,1437.4,Call,1680,1.5,29.25,29.6,-73,441,172
30-Dec-2025,1437.4,-,0,1430.3,0,0,0,92,149
28-Oct-2025,1437.4,Put,1240,1.8,32.32,29.6,44,291,144
25-Nov-2025,1437.4,Call,1520,20.95,19.56,29.6,45,137,107
25-Nov-2025,1437.4,Call,1480,30.7,17.5,29.6,42,134,85
25-Nov-2025,1437.4,Put,1400,42.4,31.12,29.6,-2,269,84
28-Oct-2025,1437.4,Call,1760,0.8,33.54,29.6,27,514,81
28-Oct-2025,1437.4,Call,1380,71.25,16.27,29.6,15,217,72
25-Nov-2025,1437.4,Put,1360,26.95,30.04,29.6,23,161,70
28-Oct-2025,1437.4,Call,1360,85.85,0,29.6,11,175,67
28-Oct-2025,1437.4,Call,1800,0.6,35.08,29.6,-16,296,66
28-Oct-2025,1437.4,Put,1600,171.35,44.48,29.6,-2,1034,62
25-Nov-2025,1437.4,Call,1640,6,22.85,29.6,9,75,52
28-Oct-2025,1437.4,Call,1720,0.95,30.68,29.6,-20,246,49
28-Oct-2025,1437.4,Call,1340,100.65,0,29.6,9,21,46
28-Oct-2025,1437.4,Put,1520,98.2,35.28,29.6,6,811,41
25-Nov-2025,1437.4,Call,1400,68.25,13.73,29.6,30,30,38
25-Nov-2025,1437.4,Put,1440,61.95,32.25,29.6,14,43,33
28-Oct-2025,1437.4,Call,1300,137.15,0,29.6,14,89,25
25-Nov-2025,1437.4,Call,1360,92,0,29.6,23,23,25
28-Oct-2025,1437.4,Call,1320,114.7,0,29.6,16,48,20
25-Nov-2025,1437.4,Put,1480,87.9,34.62,29.6,5,138,14
25-Nov-2025,1437.4,Put,1280,11.1,30.85,29.6,12,12,13
28-Oct-2025,1437.4,Put,1800,370.5,72.71,29.6,-1,328,11
25-Nov-2025,1437.4,Call,1440,46.35,16.16,29.6,10,10,11
25-Nov-2025,1437.4,Put,1600,180,40.99,29.6,10,42,11
25-Nov-2025,1437.4,Put,1320,17.9,30.59,29.6,8,16,9
28-Oct-2025,1437.4,Put,1700,265,53.48,29.6,4,291,5
28-Oct-2025,1437.4,Put,1560,133.75,39.45,29.6,0,732,5
28-Oct-2025,1437.4,Call,1200,229,0,29.6,1,4,2
30-Dec-2025,1437.4,Call,1600,21.75,22.16,0,0,0,2
28-Oct-2025,1437.4,Put,1540,120,40.32,29.6,0,544,1
28-Oct-2025,1437.4,Put,1580,160.45,48.31,29.6,0,268,1
25-Nov-2025,1437.4,Call,1760,0.5,21.11,29.6,0,2,1
30-Dec-2025,1437.4,Call,1680,24.1,30.12,0,0,0,1
25-Nov-2025,1437.4,Put,1760,330,54.43,29.6,0,0,1
25-Nov-2025,1437.4,Put,1500,105,37.12,0,0,0,1
25-Nov-2025,1437.4,Call,1500,25.3,18.68,0,0,0,1
25-Nov-2025,1437.4,Put,1720,300,55.84,29.6,0,0,1
28-Oct-2025,1437.4,Put,1640,0,0,29.6,0,72,0
28-Oct-2025,1437.4,Put,1760,0,0,29.6,0,340,0
28-Oct-2025,1437.4,Put,1680,0,0,29.6,0,34,0
28-Oct-2025,1437.4,Put,1660,0,0,29.6,0,49,0
28-Oct-2025,1437.4,Put,1720,0,0,29.6,0,131,0
25-Nov-2025,1437.4,Call,1720,0,0,29.6,0,0,0
25-Nov-2025,1437.4,Call,1340,0,0,0,0,0,0
25-Nov-2025,1437.4,Call,1580,0,0,0,0,0,0
25-Nov-2025,1437.4,Call,1560,0,0,29.6,0,0,0
25-Nov-2025,1437.4,Put,1640,0,0,29.6,0,0,0
25-Nov-2025,1437.4,Call,1200,0,0,0,0,0,0
25-Nov-2025,1437.4,Call,1680,0,0,29.6,0,0,0
25-Nov-2025,1437.4,Put,1540,0,0,0,0,0,0
25-Nov-2025,1437.4,Call,1320,0,0,0,0,0,0
28-Oct-2025,1437.4,Call,1280,0,0,29.6,0,45,0
25-Nov-2025,1437.4,Put,1460,0,0,0,0,0,0
30-Dec-2025,1437.4,Put,1400,0,0,0,0,0,0
28-Oct-2025,1437.4,Call,1240,0,0,29.6,0,0,0
25-Nov-2025,1437.4,Put,1580,0,0,0,0,0,0
30-Dec-2025,1437.4,Call,1520,0,0,0,0,0,0
25-Nov-2025,1437.4,Call,1460,0,0,0,0,0,0
25-Nov-2025,1437.4,Call,1540,0,0,0,0,0,0
25-Nov-2025,1437.4,Put,1380,0,0,0,0,0,0
28-Oct-2025,1437.4,Put,1620,0,0,29.6,0,141,0
30-Dec-2025,1437.4,Put,1320,0,0,0,0,0,0
25-Nov-2025,1437.4,Put,1560,0,0,29.6,0,0,0
25-Nov-2025,1437.4,Put,1680,0,0,29.6,0,0,0
30-Dec-2025,1437.4,Call,1480,0,0,0,0,0,0
25-Nov-2025,1437.4,Call,1240,0,0,0,0,0,0
25-Nov-2025,1437.4,Call,1280,0,0,0,0,0,0
25-Nov-2025,1437.4,Call,1380,0,0,0,0,0,0
25-Nov-2025,1437.4,Put,1420,0,0,0,0,0,0
30-Dec-2025,1437.4,Put,1480,0,0,0,0,0,0
25-Nov-2025,1437.4,Put,1240,0,0,0,0,0,0
25-Nov-2025,1437.4,Put,1200,0,0,29.6,0,0,0
25-Nov-2025,1437.4,Put,1340,0,0,0,0,0,0
25-Nov-2025,1437.4,Call,1300,0,0,0,0,0,0
30-Dec-2025,1437.4,Put,1280,0,0,0,0,0,0
25-Nov-2025,1437.4,Call,1420,0,0,0,0,0,0
30-Dec-2025,1437.4,Put,1360,0,0,0,0,0,0
25-Nov-2025,1437.4,Put,1300,0,0,0,0,0,0
25-Nov-2025,1437.4,Put,1520,0,0,29.6,0,0,0
30-Dec-2025,1437.4,Put,1520,0,0,0,0,0,0
