28-Oct-2025,621.4,-,0,627.95,0,34.46,30,16245,213
28-Oct-2025,621.4,Call,650,9.1,26.09,34.46,25,627,80
28-Oct-2025,621.4,Call,620,20.5,25.33,34.46,-2,218,55
28-Oct-2025,621.4,Call,700,2.05,29.53,34.46,-14,407,32
28-Oct-2025,621.4,Call,670,4.6,26.93,34.46,5,221,30
28-Oct-2025,621.4,Call,630,16.05,25.32,34.46,-4,285,25
28-Oct-2025,621.4,Call,640,12.5,25.7,34.46,2,177,23
28-Oct-2025,621.4,Put,600,7,26.87,34.46,-3,277,17
28-Oct-2025,621.4,Put,590,5.3,0,34.46,0,56,11
28-Oct-2025,621.4,Put,620,14,26.48,34.46,0,207,11
25-Nov-2025,621.4,-,0,627.75,0,34.46,0,214,10
28-Oct-2025,621.4,Call,610,26.7,25.14,34.46,-4,69,9
28-Oct-2025,621.4,Put,560,1.65,29.34,34.46,0,162,9
28-Oct-2025,621.4,Put,580,3.5,27.71,34.46,0,193,9
28-Oct-2025,621.4,Put,570,2.6,28.64,34.46,1,2,8
28-Oct-2025,621.4,Put,630,19.75,25.39,34.46,1,99,8
28-Oct-2025,621.4,Call,720,1.25,0,34.46,0,32,7
28-Oct-2025,621.4,Put,610,10.7,26.42,34.46,1,103,7
28-Oct-2025,621.4,Call,660,6.35,26.32,34.46,0,120,5
28-Oct-2025,621.4,Call,680,3.4,27.51,34.46,2,66,3
28-Oct-2025,621.4,Put,550,1.15,0,34.46,0,30,2
28-Oct-2025,621.4,Call,690,2.6,28.81,34.46,1,10,2
28-Oct-2025,621.4,Put,640,25.85,26.5,34.46,1,83,2
28-Oct-2025,621.4,Put,700,76.65,32.92,34.46,0,41,1
30-Dec-2025,621.4,-,0,0,0,0,0,0,0
28-Oct-2025,621.4,Call,500,0,0,34.46,0,0,0
28-Oct-2025,621.4,Put,730,0,0,34.46,0,0,0
28-Oct-2025,621.4,Put,690,0,0,34.46,0,10,0
28-Oct-2025,621.4,Put,710,0,0,34.46,0,0,0
28-Oct-2025,621.4,Call,730,0,0,34.46,0,8,0
28-Oct-2025,621.4,Put,520,0,0,34.46,0,25,0
28-Oct-2025,621.4,Call,710,0,0,34.46,0,3,0
28-Oct-2025,621.4,Call,600,0,0,34.46,0,78,0
28-Oct-2025,621.4,Put,500,0,0,34.46,0,0,0
28-Oct-2025,621.4,Put,650,0,0,34.46,0,123,0
28-Oct-2025,621.4,Call,590,0,0,34.46,0,0,0
28-Oct-2025,621.4,Call,760,0,0,34.46,0,0,0
28-Oct-2025,621.4,Put,670,0,0,34.46,0,1,0
28-Oct-2025,621.4,Call,550,0,0,34.46,0,0,0
28-Oct-2025,621.4,Put,680,0,0,34.46,0,14,0
28-Oct-2025,621.4,Put,720,0,0,34.46,0,0,0
28-Oct-2025,621.4,Call,540,0,0,34.46,0,0,0
28-Oct-2025,621.4,Put,540,0,0,34.46,0,1,0
28-Oct-2025,621.4,Call,570,0,0,34.46,0,0,0
25-Nov-2025,621.4,Call,600,0,0,34.46,0,0,0
25-Nov-2025,621.4,Call,760,0,0,34.46,0,0,0
28-Oct-2025,621.4,Call,520,0,0,34.46,0,0,0
28-Oct-2025,621.4,Put,660,0,0,34.46,0,22,0
28-Oct-2025,621.4,Put,760,0,0,34.46,0,3,0
25-Nov-2025,621.4,Call,560,0,0,0,0,0,0
25-Nov-2025,621.4,Call,570,0,0,0,0,0,0
25-Nov-2025,621.4,Call,680,0,0,34.46,0,0,0
30-Dec-2025,621.4,Put,560,0,0,0,0,0,0
25-Nov-2025,621.4,Put,570,0,0,0,0,0,0
25-Nov-2025,621.4,Call,800,0,0,34.46,0,0,0
28-Oct-2025,621.4,Call,560,0,0,34.46,0,0,0
28-Oct-2025,621.4,Call,580,0,0,34.46,0,12,0
25-Nov-2025,621.4,Put,590,0,0,0,0,0,0
25-Nov-2025,621.4,Call,540,0,0,0,0,0,0
25-Nov-2025,621.4,Call,520,0,0,0,0,0,0
25-Nov-2025,621.4,Call,700,0,0,34.46,0,0,0
28-Oct-2025,621.4,Put,740,0,0,34.46,0,9,0
25-Nov-2025,621.4,Call,480,0,0,0,0,0,0
25-Nov-2025,621.4,Call,590,0,0,0,0,0,0
25-Nov-2025,621.4,Call,670,0,0,0,0,0,0
25-Nov-2025,621.4,Call,580,0,0,34.46,0,0,0
25-Nov-2025,621.4,Call,660,0,0,34.46,0,0,0
25-Nov-2025,621.4,Put,560,0,0,34.46,0,0,0
28-Oct-2025,621.4,Call,740,0,0,34.46,0,3,0
25-Nov-2025,621.4,Call,720,0,0,34.46,0,0,0
25-Nov-2025,621.4,Put,580,0,0,34.46,0,0,0
