28-Oct-2025,1975,Call,2000,42.2,22.48,32.49,596,1263,7026
28-Oct-2025,1975,Call,1960,62.4,22.29,32.49,84,301,4087
28-Oct-2025,1975,-,0,1984.8,0,32.49,471,25454,3942
28-Oct-2025,1975,Call,1980,51.3,22.27,32.49,139,270,3430
28-Oct-2025,1975,Call,2100,13.4,23.24,32.49,226,718,1935
28-Oct-2025,1975,Put,1960,39.2,23.8,32.49,275,476,1868
28-Oct-2025,1975,Call,2060,21.35,22.93,32.49,130,362,1505
28-Oct-2025,1975,Put,1900,19,24.37,32.49,22,495,1438
28-Oct-2025,1975,Call,2040,26.6,22.69,32.49,158,379,1299
28-Oct-2025,1975,Put,1940,30.7,23.98,32.49,119,246,1149
28-Oct-2025,1975,Put,1980,48,23.7,32.49,256,305,1148
28-Oct-2025,1975,Call,2020,33.35,22.2,32.49,22,224,1101
28-Oct-2025,1975,Call,1940,75.1,22.71,32.49,-19,123,1027
28-Oct-2025,1975,Call,2200,4.4,25.51,32.49,130,323,968
28-Oct-2025,1975,Put,2000,58.05,23.93,32.49,56,409,690
28-Oct-2025,1975,Put,1920,24.55,24.13,32.49,8,96,510
28-Oct-2025,1975,Put,1880,15.4,25.09,32.49,3,90,319
28-Oct-2025,1975,Put,1860,12.05,25.51,32.49,32,126,315
28-Oct-2025,1975,Put,1800,5.75,27.21,32.49,-15,159,268
28-Oct-2025,1975,Call,1900,102,22.85,32.49,-29,45,243
28-Oct-2025,1975,Call,2120,9.75,22.86,32.49,3,68,232
28-Oct-2025,1975,Call,2080,16.65,22.71,32.49,58,79,206
28-Oct-2025,1975,Call,1920,85.5,21.13,32.49,-8,79,196
28-Oct-2025,1975,Call,2140,8.55,23.57,32.49,27,60,149
28-Oct-2025,1975,Put,1840,9.6,26.15,32.49,39,124,138
28-Oct-2025,1975,Put,1760,3.8,28.8,32.49,40,92,101
25-Nov-2025,1975,-,0,1992.5,0,32.49,10,170,100
28-Oct-2025,1975,Call,2160,6.85,24.4,32.49,13,41,80
28-Oct-2025,1975,Call,2260,2.3,26.62,32.49,18,49,72
28-Oct-2025,1975,Put,1780,4.75,28.06,32.49,25,55,69
28-Oct-2025,1975,Call,2240,2.75,26,32.49,23,46,59
28-Oct-2025,1975,Call,2280,2.15,27.74,32.49,19,49,57
28-Oct-2025,1975,Put,1600,1.4,38.92,32.49,-29,12,56
28-Oct-2025,1975,Put,1740,3,29.47,32.49,-9,26,48
28-Oct-2025,1975,Call,2180,5.95,25.4,32.49,17,44,48
28-Oct-2025,1975,Put,1700,2.25,31.86,32.49,0,50,36
28-Oct-2025,1975,Put,2040,86.45,26,32.49,-7,132,36
28-Oct-2025,1975,Put,1820,7.15,26.31,32.49,8,45,33
25-Nov-2025,1975,Call,2000,66.15,21.28,32.49,18,18,20
28-Oct-2025,1975,Put,1720,2.7,30.9,32.49,4,8,10
28-Oct-2025,1975,Put,2240,253.15,24.84,32.49,6,6,8
28-Oct-2025,1975,Put,2060,97,24.95,32.49,0,16,7
28-Oct-2025,1975,Put,2100,125.8,23.43,32.49,-1,106,5
28-Oct-2025,1975,Call,1880,111.9,17.54,32.49,0,12,5
28-Oct-2025,1975,Call,1860,129.1,16.82,32.49,0,4,4
30-Dec-2025,1975,-,0,2005.4,0,0,0,1,2
28-Oct-2025,1975,Put,1680,2,33.18,32.49,0,7,2
28-Oct-2025,1975,Put,2200,219,29.11,32.49,1,82,2
25-Nov-2025,1975,Put,1960,62.6,27.08,32.49,0,1,1
28-Oct-2025,1975,Call,1740,0,0,32.49,0,0,0
28-Oct-2025,1975,Call,2320,0,0,32.49,0,0,0
28-Oct-2025,1975,Call,1700,0,0,32.49,0,0,0
28-Oct-2025,1975,Call,2220,0,0,32.49,0,0,0
28-Oct-2025,1975,Call,1780,0,0,32.49,0,0,0
28-Oct-2025,1975,Call,1820,0,0,32.49,0,0,0
28-Oct-2025,1975,Put,2220,0,0,32.49,0,0,0
28-Oct-2025,1975,Put,2360,0,0,32.49,0,0,0
28-Oct-2025,1975,Put,2260,0,0,32.49,0,0,0
28-Oct-2025,1975,Call,1640,0,0,32.49,0,0,0
28-Oct-2025,1975,Put,1560,0,0,32.49,0,18,0
28-Oct-2025,1975,Call,1680,0,0,32.49,0,0,0
28-Oct-2025,1975,Call,1720,0,0,32.49,0,0,0
28-Oct-2025,1975,Call,1760,0,0,32.49,0,0,0
28-Oct-2025,1975,Call,1800,0,0,32.49,0,0,0
28-Oct-2025,1975,Put,2080,0,0,32.49,0,1,0
28-Oct-2025,1975,Put,2120,0,0,32.49,0,0,0
28-Oct-2025,1975,Put,2160,0,0,32.49,0,0,0
28-Oct-2025,1975,Put,2140,0,0,32.49,0,0,0
28-Oct-2025,1975,Put,2020,0,0,32.49,0,50,0
28-Oct-2025,1975,Put,2280,0,0,32.49,0,1,0
28-Oct-2025,1975,Call,1840,0,0,32.49,0,0,0
28-Oct-2025,1975,Put,2180,0,0,32.49,0,0,0
28-Oct-2025,1975,Call,2360,0,0,32.49,0,0,0
28-Oct-2025,1975,Call,1600,0,0,32.49,0,0,0
28-Oct-2025,1975,Put,2320,0,0,32.49,0,28,0
28-Oct-2025,1975,Put,1640,0,0,32.49,0,0,0
28-Oct-2025,1975,Call,1560,0,0,32.49,0,0,0
25-Nov-2025,1975,Call,1600,0,0,0,0,0,0
25-Nov-2025,1975,Put,2400,0,0,0,0,0,0
25-Nov-2025,1975,Call,1960,0,0,32.49,0,0,0
25-Nov-2025,1975,Put,2080,0,0,0,0,0,0
25-Nov-2025,1975,Put,2240,0,0,0,0,0,0
25-Nov-2025,1975,Put,1880,0,0,32.49,0,0,0
25-Nov-2025,1975,Put,1640,0,0,0,0,0,0
25-Nov-2025,1975,Call,2320,0,0,32.49,0,0,0
25-Nov-2025,1975,Put,1840,0,0,32.49,0,0,0
25-Nov-2025,1975,Put,1680,0,0,32.49,0,0,0
25-Nov-2025,1975,Call,2080,0,0,32.49,0,0,0
25-Nov-2025,1975,Call,2120,0,0,32.49,0,0,0
25-Nov-2025,1975,Call,2240,0,0,32.49,0,0,0
25-Nov-2025,1975,Put,1920,0,0,32.49,0,0,0
25-Nov-2025,1975,Put,2000,0,0,32.49,0,0,0
25-Nov-2025,1975,Call,1800,0,0,32.49,0,0,0
25-Nov-2025,1975,Put,2060,0,0,0,0,0,0
25-Nov-2025,1975,Call,2400,0,0,32.49,0,0,0
25-Nov-2025,1975,Put,2160,0,0,0,0,0,0
25-Nov-2025,1975,Call,2100,0,0,0,0,0,0
25-Nov-2025,1975,Call,1880,0,0,32.49,0,0,0
25-Nov-2025,1975,Call,1940,0,0,0,0,0,0
25-Nov-2025,1975,Put,2120,0,0,0,0,0,0
25-Nov-2025,1975,Call,1680,0,0,0,0,0,0
25-Nov-2025,1975,Call,2160,0,0,32.49,0,0,0
25-Nov-2025,1975,Call,2060,0,0,0,0,0,0
25-Nov-2025,1975,Put,2320,0,0,32.49,0,1,0
25-Nov-2025,1975,Call,1720,0,0,0,0,0,0
25-Nov-2025,1975,Call,1640,0,0,0,0,0,0
25-Nov-2025,1975,Put,1780,0,0,0,0,0,0
25-Nov-2025,1975,Call,1760,0,0,0,0,0,0
25-Nov-2025,1975,Call,1780,0,0,0,0,0,0
25-Nov-2025,1975,Call,1740,0,0,0,0,0,0
25-Nov-2025,1975,Call,1920,0,0,32.49,0,0,0
25-Nov-2025,1975,Put,1820,0,0,0,0,0,0
25-Nov-2025,1975,Call,1840,0,0,0,0,0,0
25-Nov-2025,1975,Call,1860,0,0,0,0,0,0
25-Nov-2025,1975,Call,1820,0,0,0,0,0,0
25-Nov-2025,1975,Put,2100,0,0,0,0,0,0
25-Nov-2025,1975,Put,1940,0,0,0,0,0,0
25-Nov-2025,1975,Put,1900,0,0,0,0,0,0
25-Nov-2025,1975,Put,2200,0,0,0,0,0,0
25-Nov-2025,1975,Put,1860,0,0,0,0,0,0
25-Nov-2025,1975,Put,2040,0,0,0,0,0,0
25-Nov-2025,1975,Put,2020,0,0,0,0,0,0
25-Nov-2025,1975,Put,1980,0,0,0,0,0,0
25-Nov-2025,1975,Put,1600,0,0,32.49,0,0,0
25-Nov-2025,1975,Call,1900,0,0,0,0,0,0
25-Nov-2025,1975,Call,1980,0,0,0,0,0,0
25-Nov-2025,1975,Call,2020,0,0,0,0,0,0
25-Nov-2025,1975,Call,2200,0,0,32.49,0,0,0
25-Nov-2025,1975,Put,1800,0,0,32.49,0,0,0
25-Nov-2025,1975,Put,1760,0,0,32.49,0,0,0
30-Dec-2025,1975,Put,1600,0,0,0,0,0,0
25-Nov-2025,1975,Call,2040,0,0,32.49,0,0,0
