28-Oct-2025,3471.3,-,0,3490.8,0,34.92,466,101200,11520
28-Oct-2025,3471.3,Call,3500,87.45,23.37,34.92,286,3907,11287
28-Oct-2025,3471.3,Call,3600,49.2,23.71,34.92,350,3467,7271
28-Oct-2025,3471.3,Call,3700,26.25,24.45,34.92,331,1629,3739
28-Oct-2025,3471.3,Call,3450,113,23.35,34.92,91,755,3588
28-Oct-2025,3471.3,Call,3550,66,23.37,34.92,81,665,3154
28-Oct-2025,3471.3,Put,3400,50.65,24.37,34.92,135,1832,3008
28-Oct-2025,3471.3,Put,3450,69.9,24.36,34.92,420,923,2818
28-Oct-2025,3471.3,Put,3500,96,24.67,34.92,131,1690,2620
28-Oct-2025,3471.3,Put,3300,24.95,24.94,34.92,-8,1654,2316
28-Oct-2025,3471.3,Call,3650,35.6,23.74,34.92,58,871,2292
28-Oct-2025,3471.3,Call,3400,142.3,23.2,34.92,78,890,2147
28-Oct-2025,3471.3,Call,4000,5,28.47,34.92,170,1389,2066
28-Oct-2025,3471.3,Call,3800,14.2,25.51,34.92,259,1295,2027
28-Oct-2025,3471.3,Call,3750,19,24.82,34.92,293,938,1693
28-Oct-2025,3471.3,Put,3350,35.95,24.58,34.92,-43,471,1372
28-Oct-2025,3471.3,Call,3900,8.25,26.98,34.92,132,881,1058
28-Oct-2025,3471.3,Put,3200,12.65,26.37,34.92,13,661,906
28-Oct-2025,3471.3,Put,3600,155.45,25.45,34.92,298,1325,714
28-Oct-2025,3471.3,Put,3000,3.95,31.29,34.92,240,626,710
28-Oct-2025,3471.3,Put,3550,122.75,24.69,34.92,201,492,583
28-Oct-2025,3471.3,Put,3250,18,25.77,34.92,9,269,542
28-Oct-2025,3471.3,Put,3100,6.6,28.68,34.92,-73,397,525
28-Oct-2025,3471.3,Call,3850,10.65,26.18,34.92,99,235,492
28-Oct-2025,3471.3,Call,3300,216.8,23.59,34.92,109,242,314
25-Nov-2025,3471.3,-,0,3508.8,0,34.92,33,998,300
28-Oct-2025,3471.3,Call,4100,2.95,29.64,34.92,87,327,256
28-Oct-2025,3471.3,Call,4200,2.1,31.99,34.92,17,389,254
28-Oct-2025,3471.3,Put,3150,9.15,27.34,34.92,-34,162,250
28-Oct-2025,3471.3,Call,3950,6.25,28.03,34.92,68,154,229
28-Oct-2025,3471.3,Put,3050,4.8,29.6,34.92,52,130,143
28-Oct-2025,3471.3,Call,3350,178.7,22.96,34.92,5,121,132
28-Oct-2025,3471.3,Put,2900,2.6,34.59,34.92,7,130,63
28-Oct-2025,3471.3,Put,3800,324.65,29.95,34.92,-21,129,61
28-Oct-2025,3471.3,Put,2800,2,38.56,34.92,-5,116,54
25-Nov-2025,3471.3,Call,3800,42.4,24.69,34.92,46,46,48
30-Dec-2025,3471.3,-,0,3525.9,0,0,0,23,46
25-Nov-2025,3471.3,Put,3400,90,27.03,34.92,20,56,45
25-Nov-2025,3471.3,Call,3500,143.3,24.53,34.92,24,26,38
28-Oct-2025,3471.3,Call,3200,284,0,34.92,5,58,36
25-Nov-2025,3471.3,Put,3100,22.45,28.67,34.92,16,48,36
25-Nov-2025,3471.3,Put,3300,58.05,27.27,34.92,0,55,35
28-Oct-2025,3471.3,Put,3700,241.5,29.19,34.92,12,263,33
28-Oct-2025,3471.3,Put,3650,192.15,27.48,34.92,-2,246,32
25-Nov-2025,3471.3,Call,3600,92.45,23.3,34.92,11,15,20
25-Nov-2025,3471.3,Call,4000,18.1,25.8,34.92,10,23,18
28-Oct-2025,3471.3,Call,3100,374.4,0,34.92,-5,24,12
28-Oct-2025,3471.3,Call,3250,259.25,0,34.92,0,11,8
25-Nov-2025,3471.3,Call,2800,711.85,0,0,0,0,8
25-Nov-2025,3471.3,Call,3100,434.95,26.75,0,0,0,4
25-Nov-2025,3471.3,Put,3200,36,27.71,34.92,0,2,3
28-Oct-2025,3471.3,Put,2950,5,35.71,34.92,0,36,2
28-Oct-2025,3471.3,Call,2800,691.3,0,34.92,0,41,2
25-Nov-2025,3471.3,Put,4200,690.1,35.01,0,0,0,1
25-Nov-2025,3471.3,Put,2800,7,34.25,34.92,0,10,1
25-Nov-2025,3471.3,Call,3650,82,24.73,0,0,0,1
25-Nov-2025,3471.3,Call,4200,7.4,26.79,34.92,0,7,1
28-Oct-2025,3471.3,Call,2700,0,0,34.92,0,11,0
28-Oct-2025,3471.3,Call,2950,0,0,34.92,0,5,0
28-Oct-2025,3471.3,Call,3050,0,0,34.92,0,6,0
28-Oct-2025,3471.3,Call,3000,0,0,34.92,0,156,0
28-Oct-2025,3471.3,Call,2900,0,0,34.92,0,7,0
28-Oct-2025,3471.3,Put,3950,0,0,34.92,0,0,0
28-Oct-2025,3471.3,Put,3750,0,0,34.92,0,86,0
28-Oct-2025,3471.3,Put,3850,0,0,34.92,0,0,0
28-Oct-2025,3471.3,Put,4200,0,0,34.92,0,0,0
28-Oct-2025,3471.3,Put,3900,0,0,34.92,0,12,0
28-Oct-2025,3471.3,Put,4000,0,0,34.92,0,58,0
28-Oct-2025,3471.3,Put,4100,0,0,34.92,0,0,0
25-Nov-2025,3471.3,Put,3500,0,0,34.92,0,0,0
25-Nov-2025,3471.3,Put,3250,0,0,0,0,0,0
25-Nov-2025,3471.3,Call,3750,0,0,0,0,0,0
25-Nov-2025,3471.3,Put,3350,0,0,0,0,0,0
25-Nov-2025,3471.3,Call,3200,0,0,34.92,0,0,0
25-Nov-2025,3471.3,Put,3550,0,0,0,0,0,0
25-Nov-2025,3471.3,Call,3450,0,0,0,0,0,0
25-Nov-2025,3471.3,Put,4000,0,0,0,0,0,0
25-Nov-2025,3471.3,Put,2900,0,0,34.92,0,0,0
28-Oct-2025,3471.3,Call,3150,0,0,34.92,0,0,0
25-Nov-2025,3471.3,Put,3900,0,0,0,0,0,0
25-Nov-2025,3471.3,Call,3250,0,0,0,0,0,0
25-Nov-2025,3471.3,Put,3800,0,0,0,0,0,0
25-Nov-2025,3471.3,Put,3000,0,0,34.92,0,0,0
25-Nov-2025,3471.3,Put,3450,0,0,0,0,0,0
25-Nov-2025,3471.3,Call,3700,0,0,34.92,0,0,0
25-Nov-2025,3471.3,Put,3150,0,0,0,0,0,0
25-Nov-2025,3471.3,Put,3600,0,0,34.92,0,0,0
25-Nov-2025,3471.3,Call,3550,0,0,0,0,0,0
25-Nov-2025,3471.3,Call,3300,0,0,34.92,0,1,0
25-Nov-2025,3471.3,Call,3000,0,0,0,0,0,0
25-Nov-2025,3471.3,Call,3350,0,0,0,0,0,0
25-Nov-2025,3471.3,Call,3150,0,0,0,0,0,0
25-Nov-2025,3471.3,Put,3650,0,0,0,0,0,0
25-Nov-2025,3471.3,Call,3400,0,0,34.92,0,0,0
25-Nov-2025,3471.3,Put,3700,0,0,34.92,0,0,0
25-Nov-2025,3471.3,Put,3750,0,0,0,0,0,0
25-Nov-2025,3471.3,Call,3900,0,0,34.92,0,0,0
25-Nov-2025,3471.3,Call,2900,0,0,0,0,0,0
28-Oct-2025,3471.3,Put,2700,0,0,34.92,0,17,0
