28-Oct-2025,1374,-,0,1382,0,24.68,1037,257869,10087
28-Oct-2025,1374,Call,1400,18.05,16.78,24.68,558,9797,7695
28-Oct-2025,1374,Call,1380,27.5,17.09,24.68,111,5938,5152
28-Oct-2025,1374,Call,1370,33.1,17.13,24.68,255,3011,3623
28-Oct-2025,1374,Put,1370,20.8,18.53,24.68,248,3115,3193
28-Oct-2025,1374,Put,1380,25.2,18.41,24.68,162,5249,3030
28-Oct-2025,1374,Call,1500,1.5,18.03,24.68,872,7173,2712
28-Oct-2025,1374,Call,1390,22.5,16.97,24.68,31,2591,2629
28-Oct-2025,1374,Put,1360,17.1,18.62,24.68,24,2967,2449
28-Oct-2025,1374,Call,1420,11.1,16.64,24.68,127,3089,2204
28-Oct-2025,1374,Call,1450,4.95,16.55,24.68,314,3273,2110
28-Oct-2025,1374,Call,1430,8.45,16.54,24.68,-41,1402,2083
28-Oct-2025,1374,Put,1350,13.9,18.75,24.68,-3,2368,2044
28-Oct-2025,1374,Put,1300,4.6,20.07,24.68,94,3053,1760
28-Oct-2025,1374,Call,1440,6.6,16.54,24.68,188,3013,1712
28-Oct-2025,1374,Call,1410,14.1,16.72,24.68,123,1648,1681
28-Oct-2025,1374,Call,1360,39.3,17.2,24.68,-105,2624,1641
28-Oct-2025,1374,Put,1320,7.15,19.47,24.68,40,1497,1623
28-Oct-2025,1374,Put,1400,35.65,18.17,24.68,84,6098,1512
28-Oct-2025,1374,Put,1340,11.1,18.97,24.68,0,1430,1486
28-Oct-2025,1374,Put,1330,9,19.21,24.68,5,1274,1369
28-Oct-2025,1374,Call,1460,3.7,16.63,24.68,98,1626,1360
28-Oct-2025,1374,Put,1390,30.15,18.18,24.68,39,2333,1264
28-Oct-2025,1374,Put,1260,1.9,21.79,24.68,244,1068,977
28-Oct-2025,1374,Put,1280,2.9,20.8,24.68,204,1084,810
28-Oct-2025,1374,Call,1470,2.85,16.91,24.68,105,1011,740
28-Oct-2025,1374,Call,1480,2.1,16.97,24.68,206,1246,700
28-Oct-2025,1374,Put,1270,2.4,21.4,24.68,238,570,610
28-Oct-2025,1374,Put,1230,1.25,24.17,24.68,302,521,593
28-Oct-2025,1374,Call,1350,45.35,17.21,24.68,-137,982,565
28-Oct-2025,1374,Put,1410,41.8,18.12,24.68,24,916,550
28-Oct-2025,1374,Put,1200,0.95,27.28,24.68,83,2318,478
28-Oct-2025,1374,Put,1250,1.6,22.73,24.68,98,828,458
25-Nov-2025,1374,-,0,1389.3,0,24.68,30,9072,450
28-Oct-2025,1374,Put,1290,3.6,20.42,24.68,75,410,414
28-Oct-2025,1374,Call,1490,1.7,17.3,24.68,59,601,355
28-Oct-2025,1374,Put,1310,5.85,19.81,24.68,48,475,344
28-Oct-2025,1374,Call,1600,0.55,24.79,24.68,5,2521,342
28-Oct-2025,1374,Put,1240,1.4,23.28,24.68,73,796,310
28-Oct-2025,1374,Call,1520,0.95,18.8,24.68,74,741,293
25-Nov-2025,1374,Call,1400,32.3,16.33,24.68,59,728,256
25-Nov-2025,1374,Call,1500,7.3,17.75,24.68,37,639,242
28-Oct-2025,1374,Call,1300,84.5,15.26,24.68,108,1402,241
28-Oct-2025,1374,Call,1560,0.7,21.62,24.68,106,654,240
28-Oct-2025,1374,Call,1320,68.8,17.41,24.68,-24,306,201
28-Oct-2025,1374,Call,1340,52.2,16.96,24.68,-24,379,179
28-Oct-2025,1374,Call,1540,0.75,20.11,24.68,-19,1029,170
25-Nov-2025,1374,Put,1300,10.05,19.8,24.68,29,296,165
28-Oct-2025,1374,Call,1510,1.2,18.35,24.68,57,348,157
28-Oct-2025,1374,Put,1500,119.35,22.34,24.68,1,4058,115
25-Nov-2025,1374,Put,1400,43.5,19.03,24.68,16,319,114
25-Nov-2025,1374,Call,1600,1.85,20.23,24.68,30,267,109
28-Oct-2025,1374,Call,1580,0.65,23.53,24.68,27,353,102
28-Oct-2025,1374,Put,1220,1.1,24.99,24.68,-12,301,101
30-Dec-2025,1374,-,0,1396.7,0,0,0,71,91
28-Oct-2025,1374,Put,1440,65.25,19.06,24.68,33,1618,90
25-Nov-2025,1374,Put,1240,3.85,21.4,24.68,31,80,71
28-Oct-2025,1374,Call,1530,0.8,19.3,24.68,11,217,64
28-Oct-2025,1374,Put,1420,50,18.72,24.68,0,1238,60
28-Oct-2025,1374,Call,1250,129.9,0,24.68,50,132,59
28-Oct-2025,1374,Put,1140,0.6,32.87,24.68,41,133,56
28-Oct-2025,1374,Put,1600,218,33.35,24.68,38,1405,42
25-Nov-2025,1374,Call,1420,23.45,16.17,24.68,17,36,41
25-Nov-2025,1374,Call,1440,17.5,16.48,24.68,10,41,38
28-Oct-2025,1374,Call,1330,60,17.09,24.68,7,196,37
28-Oct-2025,1374,Put,1160,0.7,30.97,24.68,-1,86,36
28-Oct-2025,1374,Put,1450,74.55,20.31,24.68,12,921,31
25-Nov-2025,1374,Put,1360,24.8,18.46,24.68,5,176,30
28-Oct-2025,1374,Call,1310,77.35,16.92,24.68,6,111,25
25-Nov-2025,1374,Call,1380,41.1,16.08,24.68,3,29,23
25-Nov-2025,1374,Put,1380,33.4,18.9,24.68,11,68,23
28-Oct-2025,1374,Call,1180,199.65,0,24.68,0,1163,18
28-Oct-2025,1374,Call,1220,158.95,0,24.68,6,41,18
25-Nov-2025,1374,Put,1280,6.2,19.26,24.68,5,37,18
28-Oct-2025,1374,Call,1200,178.5,0,24.68,8,118,15
30-Dec-2025,1374,Call,1400,45.5,15.37,0,0,9,12
28-Oct-2025,1374,Put,1540,159.25,27.86,24.68,6,301,11
28-Oct-2025,1374,Put,1180,0.8,28.94,24.68,-3,89,11
28-Oct-2025,1374,Put,1460,82.3,19.83,24.68,6,657,10
25-Nov-2025,1374,Call,1460,12.85,16.76,24.68,4,12,10
28-Oct-2025,1374,Put,1480,102.5,23.39,24.68,-1,368,9
28-Oct-2025,1374,Put,1640,259.5,41.54,24.68,-6,1802,9
25-Nov-2025,1374,Put,1320,13.5,19.4,24.68,5,8,8
28-Oct-2025,1374,Call,1290,93.45,13.95,24.68,4,71,7
25-Nov-2025,1374,Put,1340,18.4,18.93,24.68,3,21,7
28-Oct-2025,1374,Call,1620,0.45,25.86,24.68,0,103,5
28-Oct-2025,1374,Put,1430,58.65,19.87,24.68,0,384,4
28-Oct-2025,1374,Put,1520,136,16.94,24.68,0,210,4
25-Nov-2025,1374,Call,1370,48.3,16.67,0,0,0,4
28-Oct-2025,1374,Call,1280,102.65,0,24.68,2,57,3
25-Nov-2025,1374,Call,1390,37.95,16.89,0,0,1,2
28-Oct-2025,1374,Put,1530,146.85,21.39,24.68,0,35,1
28-Oct-2025,1374,Put,1560,177.3,26.53,24.68,0,368,1
25-Nov-2025,1374,Put,1350,22,19.14,0,0,0,1
25-Nov-2025,1374,Put,1440,71.55,21.03,24.68,0,2,1
30-Dec-2025,1374,Put,1380,83.65,35.87,0,0,0,1
28-Oct-2025,1374,Call,1640,0,0,24.68,0,171,0
28-Oct-2025,1374,Put,1510,0,0,24.68,0,61,0
28-Oct-2025,1374,Put,1620,0,0,24.68,0,68,0
28-Oct-2025,1374,Call,1260,0,0,24.68,0,84,0
28-Oct-2025,1374,Call,1270,0,0,24.68,0,144,0
28-Oct-2025,1374,Call,1240,0,0,24.68,0,74,0
28-Oct-2025,1374,Put,1470,0,0,24.68,0,142,0
28-Oct-2025,1374,Put,1490,0,0,24.68,0,34,0
28-Oct-2025,1374,Put,1580,0,0,24.68,0,71,0
28-Oct-2025,1374,Call,1160,0,0,24.68,0,1,0
28-Oct-2025,1374,Call,1140,0,0,24.68,0,9,0
28-Oct-2025,1374,Call,1230,0,0,24.68,0,0,0
25-Nov-2025,1374,Call,1290,0,0,0,0,0,0
25-Nov-2025,1374,Call,1350,0,0,0,0,0,0
25-Nov-2025,1374,Call,1330,0,0,0,0,0,0
25-Nov-2025,1374,Call,1270,0,0,0,0,0,0
25-Nov-2025,1374,Call,1250,0,0,0,0,0,0
25-Nov-2025,1374,Put,1330,0,0,0,0,0,0
25-Nov-2025,1374,Call,1410,0,0,0,0,0,0
25-Nov-2025,1374,Put,1310,0,0,0,0,0,0
25-Nov-2025,1374,Put,1370,0,0,0,0,0,0
25-Nov-2025,1374,Put,1390,0,0,0,0,0,0
25-Nov-2025,1374,Call,1430,0,0,0,0,0,0
25-Nov-2025,1374,Put,1410,0,0,0,0,0,0
25-Nov-2025,1374,Put,1430,0,0,0,0,0,0
25-Nov-2025,1374,Call,1470,0,0,0,0,0,0
25-Nov-2025,1374,Call,1450,0,0,0,0,0,0
25-Nov-2025,1374,Call,1310,0,0,0,0,0,0
25-Nov-2025,1374,Put,1470,0,0,0,0,0,0
25-Nov-2025,1374,Put,1450,0,0,0,0,0,0
25-Nov-2025,1374,Call,1240,0,0,0,0,0,0
25-Nov-2025,1374,Put,1520,0,0,0,0,0,0
25-Nov-2025,1374,Call,1280,0,0,0,0,0,0
25-Nov-2025,1374,Call,1540,0,0,24.68,0,0,0
25-Nov-2025,1374,Call,1260,0,0,0,0,0,0
25-Nov-2025,1374,Call,1520,0,0,24.68,0,0,0
25-Nov-2025,1374,Put,1480,0,0,0,0,0,0
25-Nov-2025,1374,Put,1290,0,0,0,0,0,0
25-Nov-2025,1374,Call,1340,0,0,24.68,0,0,0
25-Nov-2025,1374,Put,1270,0,0,0,0,0,0
25-Nov-2025,1374,Put,1250,0,0,0,0,0,0
25-Nov-2025,1374,Put,1600,0,0,24.68,0,1,0
25-Nov-2025,1374,Put,1180,0,0,0,0,0,0
25-Nov-2025,1374,Put,1220,0,0,0,0,0,0
25-Nov-2025,1374,Call,1480,0,0,24.68,0,0,0
25-Nov-2025,1374,Put,1260,0,0,24.68,0,0,0
25-Nov-2025,1374,Put,1420,0,0,24.68,0,0,0
25-Nov-2025,1374,Put,1460,0,0,24.68,0,0,0
25-Nov-2025,1374,Put,1200,0,0,24.68,0,0,0
25-Nov-2025,1374,Put,1540,0,0,0,0,0,0
25-Nov-2025,1374,Call,1560,0,0,24.68,0,0,0
25-Nov-2025,1374,Call,1320,0,0,24.68,0,0,0
25-Nov-2025,1374,Call,1360,0,0,24.68,0,0,0
25-Nov-2025,1374,Call,1180,0,0,0,0,0,0
25-Nov-2025,1374,Put,1500,0,0,24.68,0,0,0
25-Nov-2025,1374,Put,1560,0,0,0,0,0,0
25-Nov-2025,1374,Call,1300,0,0,24.68,0,0,0
25-Nov-2025,1374,Call,1220,0,0,0,0,0,0
30-Dec-2025,1374,Call,1560,0,0,0,0,0,0
25-Nov-2025,1374,Call,1200,0,0,0,0,0,0
25-Nov-2025,1374,Call,1160,0,0,0,0,0,0
30-Dec-2025,1374,Put,1240,0,0,0,0,0,0
30-Dec-2025,1374,Put,1160,0,0,0,0,0,0
30-Dec-2025,1374,Put,1280,0,0,0,0,0,0
30-Dec-2025,1374,Put,1360,0,0,0,0,0,0
25-Nov-2025,1374,Put,1160,0,0,24.68,0,0,0
30-Dec-2025,1374,Put,1200,0,0,0,0,0,0
30-Dec-2025,1374,Put,1340,0,0,0,0,0,0
30-Dec-2025,1374,Call,1420,0,0,0,0,0,0
30-Dec-2025,1374,Call,1460,0,0,0,0,0,0
30-Dec-2025,1374,Put,1260,0,0,0,0,0,0
30-Dec-2025,1374,Put,1400,0,0,0,0,0,0
30-Dec-2025,1374,Put,1300,0,0,0,0,0,0
30-Dec-2025,1374,Call,1440,0,0,0,0,0,0
30-Dec-2025,1374,Put,1320,0,0,0,0,0,0
