28-Oct-2025,701.4,Call,700,22.7,25.28,35.39,-453,7023,23035
28-Oct-2025,701.4,-,0,705.5,0,35.39,-779,76893,17500
28-Oct-2025,701.4,Call,720,13.9,25.93,35.39,-190,5111,10594
28-Oct-2025,701.4,Call,690,28.4,24.98,35.39,-395,1478,10205
28-Oct-2025,701.4,Call,750,6.7,28.02,35.39,-201,4618,8910
28-Oct-2025,701.4,Call,710,17.95,25.53,35.39,142,3136,8853
28-Oct-2025,701.4,Call,680,34.8,24.71,35.39,-532,2266,6553
28-Oct-2025,701.4,Call,730,10.7,26.25,35.39,-548,2926,6526
28-Oct-2025,701.4,Put,700,16.85,26.42,35.39,255,4015,6214
28-Oct-2025,701.4,Put,680,9.2,26.27,35.39,686,3576,6195
28-Oct-2025,701.4,Call,800,2.3,32.24,35.39,1019,7694,5515
28-Oct-2025,701.4,Call,740,8.6,27.14,35.39,-57,4128,5384
28-Oct-2025,701.4,Put,690,12.65,26.29,35.39,925,2153,5377
28-Oct-2025,701.4,Put,660,4.9,27.27,35.39,536,2297,4751
28-Oct-2025,701.4,Put,670,6.8,26.65,35.39,265,3272,4745
28-Oct-2025,701.4,Put,650,3.55,27.9,35.39,337,2543,3845
28-Oct-2025,701.4,Call,760,5.3,28.87,35.39,118,1789,3109
28-Oct-2025,701.4,Call,670,41,24.89,35.39,-207,1558,2326
28-Oct-2025,701.4,Call,770,4.15,29.73,35.39,307,1363,2161
28-Oct-2025,701.4,Call,780,3.4,30.65,35.39,332,1557,2041
28-Oct-2025,701.4,Call,820,1.45,33.58,35.39,575,1424,1922
28-Oct-2025,701.4,Put,640,2.75,28.96,35.39,-38,1655,1810
25-Nov-2025,701.4,Call,800,2.75,22.98,35.39,592,5248,1559
25-Nov-2025,701.4,-,0,705.45,0,35.39,-73,6059,1490
28-Oct-2025,701.4,Put,720,28.25,27.09,35.39,161,2380,1319
28-Oct-2025,701.4,Put,620,1.55,31.72,35.39,-16,1295,1286
28-Oct-2025,701.4,Put,630,2,29.95,35.39,-32,2018,1247
28-Oct-2025,701.4,Call,790,2.75,31.21,35.39,109,1064,1139
28-Oct-2025,701.4,Put,600,1,34.65,35.39,212,1731,1092
28-Oct-2025,701.4,Put,710,22.35,26.76,35.39,11,1290,1044
25-Nov-2025,701.4,Call,700,23.45,15.94,35.39,-20,1455,726
28-Oct-2025,701.4,Put,610,1.25,32.85,35.39,15,414,574
28-Oct-2025,701.4,Call,650,57.4,25.01,35.39,-48,360,507
28-Oct-2025,701.4,Call,660,50.1,24.89,35.39,4,457,423
25-Nov-2025,701.4,Call,720,14.65,17.09,35.39,60,516,332
28-Oct-2025,701.4,Put,590,0.8,36.16,35.39,4,437,295
25-Nov-2025,701.4,Call,760,5.75,19.37,35.39,84,346,290
28-Oct-2025,701.4,Put,580,0.65,37.31,35.39,-50,556,276
25-Nov-2025,701.4,Call,640,66.35,0,35.39,208,246,267
25-Nov-2025,701.4,Put,660,5.8,21.65,35.39,106,356,253
28-Oct-2025,701.4,Put,560,0.55,42.4,35.39,24,434,243
28-Oct-2025,701.4,Call,600,104.85,0,35.39,33,255,213
25-Nov-2025,701.4,Call,740,8.85,18.61,35.39,21,453,184
28-Oct-2025,701.4,Put,730,35.45,27.87,35.39,-5,336,173
25-Nov-2025,701.4,Put,700,19.3,22.14,35.39,75,240,167
25-Nov-2025,701.4,Put,640,3.55,23.19,35.39,122,137,154
25-Nov-2025,701.4,Put,600,1.45,26.87,35.39,70,159,141
30-Dec-2025,701.4,-,0,705.9,0,0,0,93,140
28-Oct-2025,701.4,Call,640,67.65,27.83,35.39,-3,256,115
28-Oct-2025,701.4,Put,800,96.5,34.63,35.39,1,1939,113
28-Oct-2025,701.4,Call,620,86.5,30.26,35.39,52,176,101
25-Nov-2025,701.4,Call,680,36.4,15.74,35.39,21,135,96
28-Oct-2025,701.4,Put,740,43.1,28.4,35.39,9,549,90
25-Nov-2025,701.4,Call,780,3.5,20.92,35.39,47,49,90
25-Nov-2025,701.4,Put,680,11,21.89,35.39,72,102,90
28-Oct-2025,701.4,Call,630,76.45,26.67,35.39,43,130,78
28-Oct-2025,701.4,Put,750,51.2,29.2,35.39,33,544,62
25-Nov-2025,701.4,Call,750,7.5,19.2,0,0,40,57
28-Oct-2025,701.4,Put,770,68.9,31.74,35.39,19,73,44
25-Nov-2025,701.4,Call,710,18.25,16.27,0,0,27,33
28-Oct-2025,701.4,Put,760,60,30.61,35.39,8,336,28
25-Nov-2025,701.4,Call,690,29.05,15.47,0,0,25,27
28-Oct-2025,701.4,Put,790,86.95,33.13,35.39,3,26,21
25-Nov-2025,701.4,Put,800,97,33.43,35.39,9,10,18
25-Nov-2025,701.4,Call,730,12,18.1,0,0,10,16
25-Nov-2025,701.4,Call,660,49.95,0,35.39,12,12,14
25-Nov-2025,701.4,Put,720,29.9,23.23,35.39,13,13,14
25-Nov-2025,701.4,Put,710,25.25,23.86,0,0,10,13
28-Oct-2025,701.4,Put,780,78.7,34.45,35.39,0,261,12
28-Oct-2025,701.4,Put,820,115.7,37.25,35.39,1,53,10
28-Oct-2025,701.4,Put,840,135.5,41.49,35.39,2,1035,10
28-Oct-2025,701.4,Call,610,95.6,27.8,35.39,6,6,9
25-Nov-2025,701.4,Put,740,45.6,26.47,35.39,0,2,6
25-Nov-2025,701.4,Put,560,1,33.24,35.39,0,0,1
25-Nov-2025,701.4,Call,600,94.4,0,35.39,0,0,1
28-Oct-2025,701.4,Call,590,0,0,35.39,0,0,0
28-Oct-2025,701.4,Call,560,0,0,35.39,0,15,0
28-Oct-2025,701.4,Call,580,0,0,35.39,0,40,0
25-Nov-2025,701.4,Put,630,0,0,0,0,0,0
25-Nov-2025,701.4,Put,670,0,0,0,0,0,0
30-Dec-2025,701.4,Put,560,0,0,0,0,0,0
30-Dec-2025,701.4,Call,720,0,0,0,0,0,0
25-Nov-2025,701.4,Call,670,0,0,0,0,0,0
25-Nov-2025,701.4,Call,610,0,0,0,0,0,0
30-Dec-2025,701.4,Call,740,0,0,0,0,0,0
25-Nov-2025,701.4,Call,560,0,0,0,0,0,0
25-Nov-2025,701.4,Put,620,0,0,35.39,0,0,0
25-Nov-2025,701.4,Put,690,0,0,0,0,0,0
25-Nov-2025,701.4,Put,580,0,0,35.39,0,0,0
25-Nov-2025,701.4,Call,580,0,0,0,0,0,0
25-Nov-2025,701.4,Call,650,0,0,0,0,0,0
25-Nov-2025,701.4,Put,840,0,0,35.39,0,1,0
25-Nov-2025,701.4,Put,760,0,0,35.39,0,0,0
30-Dec-2025,701.4,Put,660,0,0,0,0,0,0
30-Dec-2025,701.4,Call,760,0,0,0,0,0,0
25-Nov-2025,701.4,Call,620,0,0,35.39,0,0,0
25-Nov-2025,701.4,Put,780,0,0,35.39,0,0,0
30-Dec-2025,701.4,Call,680,0,0,0,0,0,0
25-Nov-2025,701.4,Call,630,0,0,0,0,0,0
30-Dec-2025,701.4,Put,700,0,0,0,0,0,0
25-Nov-2025,701.4,Put,730,0,0,0,0,0,0
30-Dec-2025,701.4,Put,640,0,0,0,0,0,0
30-Dec-2025,701.4,Put,620,0,0,0,0,0,0
30-Dec-2025,701.4,Call,800,0,0,0,0,0,0
30-Dec-2025,701.4,Put,600,0,0,0,0,0,0
25-Nov-2025,701.4,Call,840,0,0,35.39,0,0,0
25-Nov-2025,701.4,Put,610,0,0,0,0,0,0
25-Nov-2025,701.4,Put,650,0,0,0,0,0,0
30-Dec-2025,701.4,Call,700,0,0,0,0,0,0
25-Nov-2025,701.4,Put,750,0,0,0,0,0,0
30-Dec-2025,701.4,Put,680,0,0,0,0,0,0
30-Dec-2025,701.4,Put,720,0,0,0,0,0,0
30-Dec-2025,701.4,Call,640,0,0,0,0,0,0
