28-Oct-2025,701,Call,700,22.1,25.72,35.39,-417,7059,22547
28-Oct-2025,701,-,0,704.45,0,35.39,-822,76850,17234
28-Oct-2025,701,Call,720,13.5,26.4,35.39,-176,5125,10448
28-Oct-2025,701,Call,690,27.5,25.31,35.39,-397,1476,10130
28-Oct-2025,701,Call,750,6.65,28.26,35.39,-190,4629,8770
28-Oct-2025,701,Call,710,17.25,25.91,35.39,109,3103,8639
28-Oct-2025,701,Call,680,33.85,25.22,35.39,-526,2272,6520
28-Oct-2025,701,Call,730,10.55,26.68,35.39,-559,2915,6353
28-Oct-2025,701,Put,680,9.4,26.47,35.39,683,3573,6059
28-Oct-2025,701,Put,700,17.3,26.73,35.39,339,4099,5758
28-Oct-2025,701,Call,800,2.2,32.24,35.39,946,7621,5440
28-Oct-2025,701,Put,690,12.95,26.34,35.39,909,2137,5301
28-Oct-2025,701,Call,740,8.25,27.32,35.39,-27,4158,5298
28-Oct-2025,701,Put,670,6.85,26.67,35.39,257,3264,4676
28-Oct-2025,701,Put,660,5,27.26,35.39,523,2284,4624
28-Oct-2025,701,Put,650,3.6,27.95,35.39,334,2540,3794
28-Oct-2025,701,Call,760,5.3,28.99,35.39,137,1808,3010
28-Oct-2025,701,Call,670,41.4,24.84,35.39,-208,1557,2321
28-Oct-2025,701,Call,770,4.2,29.93,35.39,282,1338,2121
28-Oct-2025,701,Call,780,3.4,30.45,35.39,311,1536,1988
28-Oct-2025,701,Call,820,1.45,33.5,35.39,573,1422,1916
28-Oct-2025,701,Put,640,2.7,29.08,35.39,-42,1651,1793
25-Nov-2025,701,Call,800,2.9,23,35.39,594,5250,1527
25-Nov-2025,701,-,0,705.1,0,35.39,-76,6056,1461
28-Oct-2025,701,Put,620,1.6,31.12,35.39,-29,1282,1269
28-Oct-2025,701,Put,630,2,29.97,35.39,-32,2018,1236
28-Oct-2025,701,Put,720,28.7,27.63,35.39,41,2260,1157
28-Oct-2025,701,Call,790,2.7,31.39,35.39,123,1078,1100
28-Oct-2025,701,Put,600,1.05,34.5,35.39,212,1731,1071
28-Oct-2025,701,Put,710,22.5,26.68,35.39,10,1289,1011
25-Nov-2025,701,Call,700,23.3,16.1,35.39,-26,1449,715
28-Oct-2025,701,Put,610,1.25,32.43,35.39,13,412,564
28-Oct-2025,701,Call,650,58.05,25.66,35.39,-46,362,493
28-Oct-2025,701,Call,660,49.35,24.35,35.39,3,456,420
25-Nov-2025,701,Call,720,14.65,17.38,35.39,41,497,326
25-Nov-2025,701,Call,760,5.65,19.79,35.39,84,346,288
28-Oct-2025,701,Put,590,0.85,36.02,35.39,4,437,283
25-Nov-2025,701,Call,640,66.35,0,35.39,208,246,267
28-Oct-2025,701,Put,580,0.65,37.17,35.39,-50,556,264
25-Nov-2025,701,Put,660,6.05,22.13,35.39,104,354,248
28-Oct-2025,701,Put,560,0.6,42.28,35.39,23,433,231
28-Oct-2025,701,Call,600,103.75,0,35.39,33,255,209
25-Nov-2025,701,Call,740,9.45,18.27,35.39,16,448,181
28-Oct-2025,701,Put,730,35.75,28.02,35.39,-7,334,168
25-Nov-2025,701,Put,640,3.55,23.25,35.39,93,108,152
25-Nov-2025,701,Put,700,18.7,22.48,35.39,59,224,142
25-Nov-2025,701,Put,600,1.45,26.38,35.39,70,159,141
30-Dec-2025,701,-,0,705.5,0,0,0,91,136
28-Oct-2025,701,Call,640,67.65,24.28,35.39,-3,256,115
28-Oct-2025,701,Put,800,96.5,37.35,35.39,2,1940,113
28-Oct-2025,701,Call,620,86.5,35.32,35.39,52,176,101
25-Nov-2025,701,Call,680,36.4,14.76,35.39,21,135,96
28-Oct-2025,701,Put,740,43.1,29.59,35.39,9,549,90
25-Nov-2025,701,Put,680,11,22.24,35.39,68,98,89
25-Nov-2025,701,Call,780,3.8,20.97,35.39,47,49,86
28-Oct-2025,701,Call,630,76.45,26.51,35.39,43,130,78
28-Oct-2025,701,Put,750,51.2,31.46,35.39,33,544,62
25-Nov-2025,701,Call,750,7.5,19.19,0,0,40,57
28-Oct-2025,701,Put,770,68.9,34.58,35.39,19,73,44
25-Nov-2025,701,Call,710,18.25,16.93,0,0,24,33
28-Oct-2025,701,Put,760,60,32.32,35.39,7,335,27
25-Nov-2025,701,Call,690,29.05,15.91,0,0,23,26
28-Oct-2025,701,Put,790,86.95,35.9,35.39,3,26,21
25-Nov-2025,701,Put,800,97,32.79,35.39,9,10,18
25-Nov-2025,701,Call,730,12,17.97,0,0,10,16
25-Nov-2025,701,Call,660,49.95,9.96,35.39,12,12,14
25-Nov-2025,701,Put,720,29.9,23.81,35.39,13,13,14
25-Nov-2025,701,Put,710,25.25,24.47,0,0,10,13
28-Oct-2025,701,Put,780,78.7,33.98,35.39,0,261,12
28-Oct-2025,701,Put,840,135.5,39.08,35.39,2,1035,10
28-Oct-2025,701,Put,820,115.7,35.05,35.39,1,53,10
28-Oct-2025,701,Call,610,95.6,0,35.39,6,6,9
25-Nov-2025,701,Put,740,45.6,26.09,35.39,0,2,6
25-Nov-2025,701,Put,560,1,33.14,35.39,0,0,1
25-Nov-2025,701,Call,600,94.4,0,35.39,0,0,1
28-Oct-2025,701,Call,560,0,0,35.39,0,15,0
28-Oct-2025,701,Call,580,0,0,35.39,0,40,0
28-Oct-2025,701,Call,590,0,0,35.39,0,0,0
25-Nov-2025,701,Call,670,0,0,0,0,0,0
25-Nov-2025,701,Put,580,0,0,35.39,0,0,0
25-Nov-2025,701,Put,780,0,0,35.39,0,0,0
25-Nov-2025,701,Put,670,0,0,0,0,0,0
25-Nov-2025,701,Put,650,0,0,0,0,0,0
25-Nov-2025,701,Call,610,0,0,0,0,0,0
25-Nov-2025,701,Put,690,0,0,0,0,0,0
25-Nov-2025,701,Call,630,0,0,0,0,0,0
25-Nov-2025,701,Call,650,0,0,0,0,0,0
25-Nov-2025,701,Put,750,0,0,0,0,0,0
25-Nov-2025,701,Put,730,0,0,0,0,0,0
25-Nov-2025,701,Put,620,0,0,35.39,0,0,0
25-Nov-2025,701,Put,760,0,0,35.39,0,0,0
25-Nov-2025,701,Put,840,0,0,35.39,0,1,0
25-Nov-2025,701,Call,620,0,0,35.39,0,0,0
25-Nov-2025,701,Call,560,0,0,0,0,0,0
25-Nov-2025,701,Put,630,0,0,0,0,0,0
25-Nov-2025,701,Put,610,0,0,0,0,0,0
25-Nov-2025,701,Call,580,0,0,0,0,0,0
30-Dec-2025,701,Put,640,0,0,0,0,0,0
25-Nov-2025,701,Call,840,0,0,35.39,0,0,0
30-Dec-2025,701,Call,640,0,0,0,0,0,0
30-Dec-2025,701,Put,600,0,0,0,0,0,0
30-Dec-2025,701,Put,680,0,0,0,0,0,0
30-Dec-2025,701,Call,740,0,0,0,0,0,0
30-Dec-2025,701,Put,620,0,0,0,0,0,0
30-Dec-2025,701,Put,560,0,0,0,0,0,0
30-Dec-2025,701,Call,760,0,0,0,0,0,0
30-Dec-2025,701,Call,680,0,0,0,0,0,0
30-Dec-2025,701,Put,660,0,0,0,0,0,0
30-Dec-2025,701,Put,700,0,0,0,0,0,0
30-Dec-2025,701,Call,800,0,0,0,0,0,0
30-Dec-2025,701,Put,720,0,0,0,0,0,0
30-Dec-2025,701,Call,720,0,0,0,0,0,0
30-Dec-2025,701,Call,700,0,0,0,0,0,0
