28-Oct-2025,12135,-,0,12196,0,25.63,206,47662,1815
28-Oct-2025,12135,Call,13000,42.3,19.74,25.63,276,1727,1659
28-Oct-2025,12135,Call,12500,136.35,18.95,25.63,313,1347,1436
28-Oct-2025,12135,Call,13500,14.2,21.68,25.63,651,856,1428
28-Oct-2025,12135,Call,12200,258.1,18.61,25.63,202,622,1125
28-Oct-2025,12135,Put,12000,165,20.06,25.63,74,745,1110
28-Oct-2025,12135,Put,12100,204.55,20.04,25.63,51,281,575
28-Oct-2025,12135,Put,12200,251.45,20.01,25.63,62,397,544
28-Oct-2025,12135,Call,12800,68,19.3,25.63,126,762,538
28-Oct-2025,12135,Call,12300,212.05,18.74,25.63,40,343,492
28-Oct-2025,12135,Call,12100,310,18.71,25.63,108,336,482
28-Oct-2025,12135,Call,12700,86.5,19.1,25.63,71,337,382
28-Oct-2025,12135,Call,12600,109,18.99,25.63,43,426,334
28-Oct-2025,12135,Put,10800,9.95,24.79,25.63,258,262,270
28-Oct-2025,12135,Call,12400,171.1,18.8,25.63,36,324,259
28-Oct-2025,12135,Call,12000,372,18.72,25.63,22,209,246
28-Oct-2025,12135,Put,11800,104.75,20.46,25.63,62,403,237
28-Oct-2025,12135,Call,13100,33.4,20.07,25.63,11,129,206
28-Oct-2025,12135,Put,11500,48,20.88,25.63,15,268,162
28-Oct-2025,12135,Call,13200,26.9,20.36,25.63,21,170,157
28-Oct-2025,12135,Call,12900,53.75,19.52,25.63,-19,104,137
28-Oct-2025,12135,Put,12300,305.05,20.16,25.63,14,216,105
28-Oct-2025,12135,Put,11900,130.75,20.09,25.63,-2,101,100
28-Oct-2025,12135,Put,11400,37.7,21.32,25.63,42,125,94
28-Oct-2025,12135,Put,11600,62.6,20.66,25.63,26,152,92
28-Oct-2025,12135,Put,11000,14.95,23.45,25.63,19,166,92
28-Oct-2025,12135,Put,10400,7.75,29.77,25.63,-5,54,80
25-Nov-2025,12135,-,0,12271,0,25.63,12,283,74
28-Oct-2025,12135,Put,12600,498.9,20.46,25.63,21,437,69
28-Oct-2025,12135,Call,13300,20,20.47,25.63,21,44,69
28-Oct-2025,12135,Put,11300,29.2,21.7,25.63,10,27,68
28-Oct-2025,12135,Call,14000,5.55,23.82,25.63,6,99,62
28-Oct-2025,12135,Put,11700,80.75,20.44,25.63,-2,216,61
28-Oct-2025,12135,Call,13400,17,21.11,25.63,-3,29,55
28-Oct-2025,12135,Put,12500,435.65,20.9,25.63,25,314,52
28-Oct-2025,12135,Put,11200,22,21.97,25.63,12,39,50
28-Oct-2025,12135,Put,13000,835.45,22.86,25.63,3,186,41
28-Oct-2025,12135,Call,13700,13.9,24.06,25.63,11,26,26
28-Oct-2025,12135,Put,12400,374,21.01,25.63,-2,196,25
28-Oct-2025,12135,Call,13600,12.15,22.24,25.63,-1,63,15
28-Oct-2025,12135,Call,11600,667.75,18.72,25.63,1,19,14
28-Oct-2025,12135,Call,11500,754.6,18.93,25.63,6,17,13
28-Oct-2025,12135,Call,11700,590.4,19.19,25.63,5,17,12
28-Oct-2025,12135,Call,14400,4,26.71,25.63,2,57,7
28-Oct-2025,12135,Put,10600,7.8,26.78,25.63,0,6,7
28-Oct-2025,12135,Call,11900,447.25,19.55,25.63,-2,27,7
28-Oct-2025,12135,Put,12700,580.5,21.23,25.63,0,101,5
28-Oct-2025,12135,Put,12800,713.7,26.6,25.63,2,2,3
28-Oct-2025,12135,Put,11100,18.1,22.71,25.63,1,3,2
25-Nov-2025,12135,Call,13000,130,19.34,25.63,1,1,2
25-Nov-2025,12135,Put,11600,155,22.87,25.63,0,0,1
30-Dec-2025,12135,-,0,0,0,0,0,0,0
28-Oct-2025,12135,Call,13800,0,0,25.63,0,26,0
28-Oct-2025,12135,Call,11300,0,0,25.63,0,0,0
28-Oct-2025,12135,Put,14000,0,0,25.63,0,0,0
28-Oct-2025,12135,Put,13400,0,0,25.63,0,0,0
28-Oct-2025,12135,Call,10900,0,0,25.63,0,0,0
28-Oct-2025,12135,Call,10400,0,0,25.63,0,0,0
28-Oct-2025,12135,Put,14400,0,0,25.63,0,0,0
28-Oct-2025,12135,Put,13600,0,0,25.63,0,0,0
28-Oct-2025,12135,Call,10600,0,0,25.63,0,0,0
28-Oct-2025,12135,Put,13800,0,0,25.63,0,0,0
28-Oct-2025,12135,Put,13200,0,0,25.63,0,0,0
28-Oct-2025,12135,Put,13300,0,0,25.63,0,0,0
28-Oct-2025,12135,Call,11200,0,0,25.63,0,8,0
28-Oct-2025,12135,Put,12900,0,0,25.63,0,0,0
28-Oct-2025,12135,Put,13100,0,0,25.63,0,0,0
28-Oct-2025,12135,Call,11800,0,0,25.63,0,5,0
28-Oct-2025,12135,Put,10900,0,0,25.63,0,0,0
28-Oct-2025,12135,Call,11100,0,0,25.63,0,0,0
28-Oct-2025,12135,Put,13900,0,0,25.63,0,0,0
28-Oct-2025,12135,Call,11400,0,0,25.63,0,0,0
28-Oct-2025,12135,Put,14200,0,0,25.63,0,0,0
28-Oct-2025,12135,Call,14200,0,0,25.63,0,0,0
28-Oct-2025,12135,Call,10800,0,0,25.63,0,0,0
28-Oct-2025,12135,Call,13900,0,0,25.63,0,0,0
28-Oct-2025,12135,Put,13500,0,0,25.63,0,0,0
25-Nov-2025,12135,Call,14400,0,0,25.63,0,0,0
25-Nov-2025,12135,Call,12800,0,0,25.63,0,0,0
25-Nov-2025,12135,Call,13400,0,0,25.63,0,1,0
25-Nov-2025,12135,Put,11900,0,0,0,0,0,0
25-Nov-2025,12135,Put,10600,0,0,0,0,0,0
25-Nov-2025,12135,Put,12000,0,0,25.63,0,0,0
25-Nov-2025,12135,Put,12400,0,0,25.63,0,0,0
28-Oct-2025,12135,Put,13700,0,0,25.63,0,0,0
25-Nov-2025,12135,Put,11700,0,0,0,0,0,0
25-Nov-2025,12135,Put,13000,0,0,0,0,0,0
25-Nov-2025,12135,Put,13200,0,0,0,0,0,0
25-Nov-2025,12135,Call,13600,0,0,25.63,0,0,0
28-Oct-2025,12135,Call,11000,0,0,25.63,0,2,0
25-Nov-2025,12135,Put,14400,0,0,0,0,0,0
25-Nov-2025,12135,Put,11500,0,0,0,0,0,0
25-Nov-2025,12135,Call,11900,0,0,0,0,0,0
25-Nov-2025,12135,Call,11800,0,0,0,0,0,0
25-Nov-2025,12135,Put,11000,0,0,25.63,0,0,0
25-Nov-2025,12135,Call,12700,0,0,0,0,0,0
25-Nov-2025,12135,Put,12100,0,0,0,0,0,0
25-Nov-2025,12135,Put,11300,0,0,0,0,0,0
25-Nov-2025,12135,Put,13400,0,0,0,0,0,0
25-Nov-2025,12135,Put,11800,0,0,25.63,0,0,0
25-Nov-2025,12135,Call,10800,0,0,0,0,0,0
25-Nov-2025,12135,Call,11200,0,0,0,0,0,0
25-Nov-2025,12135,Call,12300,0,0,0,0,0,0
25-Nov-2025,12135,Call,12900,0,0,0,0,0,0
25-Nov-2025,12135,Put,11400,0,0,0,0,0,0
25-Nov-2025,12135,Put,13800,0,0,0,0,0,0
25-Nov-2025,12135,Call,10400,0,0,0,0,0,0
25-Nov-2025,12135,Put,12900,0,0,0,0,0,0
25-Nov-2025,12135,Put,12800,0,0,25.63,0,0,0
25-Nov-2025,12135,Call,12000,0,0,25.63,0,0,0
25-Nov-2025,12135,Put,12500,0,0,0,0,0,0
25-Nov-2025,12135,Put,12700,0,0,0,0,0,0
25-Nov-2025,12135,Call,11100,0,0,0,0,0,0
25-Nov-2025,12135,Put,13600,0,0,0,0,0,0
25-Nov-2025,12135,Call,12400,0,0,25.63,0,0,0
25-Nov-2025,12135,Call,13800,0,0,0,0,0,0
25-Nov-2025,12135,Put,12200,0,0,25.63,0,0,0
25-Nov-2025,12135,Call,11400,0,0,0,0,0,0
25-Nov-2025,12135,Call,13100,0,0,0,0,0,0
25-Nov-2025,12135,Call,12100,0,0,0,0,0,0
25-Nov-2025,12135,Put,14000,0,0,0,0,0,0
25-Nov-2025,12135,Put,12600,0,0,25.63,0,0,0
25-Nov-2025,12135,Call,13200,0,0,25.63,0,0,0
25-Nov-2025,12135,Call,12200,0,0,25.63,0,0,0
25-Nov-2025,12135,Call,10600,0,0,0,0,0,0
25-Nov-2025,12135,Put,12300,0,0,0,0,0,0
25-Nov-2025,12135,Put,13100,0,0,0,0,0,0
25-Nov-2025,12135,Put,13300,0,0,0,0,0,0
30-Dec-2025,12135,Put,11800,0,0,0,0,0,0
25-Nov-2025,12135,Call,11600,0,0,0,0,0,0
25-Nov-2025,12135,Call,11000,0,0,0,0,0,0
30-Dec-2025,12135,Put,12000,0,0,0,0,0,0
25-Nov-2025,12135,Call,11700,0,0,0,0,0,0
25-Nov-2025,12135,Call,13300,0,0,0,0,0,0
30-Dec-2025,12135,Put,12200,0,0,0,0,0,0
25-Nov-2025,12135,Call,12500,0,0,0,0,0,0
25-Nov-2025,12135,Call,12600,0,0,25.63,0,0,0
25-Nov-2025,12135,Call,11300,0,0,0,0,0,0
25-Nov-2025,12135,Call,11500,0,0,0,0,0,0
