28-Oct-2025,7670,Call,8400,7.1,22.55,26.7719,0,201,240
28-Oct-2025,7670,Call,7700,128.5,18.44,26.7719,5,806,188
28-Oct-2025,7670,Call,7800,87,18.4,26.7719,8,1190,186
28-Oct-2025,7670,-,0,7700,0,26.7719,13,22025,126
28-Oct-2025,7670,Put,7600,79,17.98,26.7719,0,494,119
28-Oct-2025,7670,Put,7500,49.1,18.15,26.7719,3,393,117
28-Oct-2025,7670,Put,7700,129.15,18.66,26.7719,15,522,105
28-Oct-2025,7670,Call,8000,36.5,19.12,26.7719,-3,824,101
28-Oct-2025,7670,Put,7650,100.4,18.06,26.7719,6,221,66
28-Oct-2025,7670,Call,7900,55.85,18.86,26.7719,11,401,55
28-Oct-2025,7670,Put,7400,33.25,18.86,26.7719,17,331,50
28-Oct-2025,7670,Call,7750,102.95,18.2,26.7719,7,250,39
28-Oct-2025,7670,Put,7800,194.35,19.17,26.7719,-5,138,28
28-Oct-2025,7670,Call,7600,184.45,18.19,26.7719,4,462,27
28-Oct-2025,7670,Call,7850,68.75,18.55,26.7719,-1,115,26
28-Oct-2025,7670,Call,7650,156,18.46,26.7719,5,207,26
28-Oct-2025,7670,Put,7300,20.95,19.94,26.7719,-1,227,12
28-Oct-2025,7670,Put,7100,9.4,22.41,26.7719,4,66,11
28-Oct-2025,7670,Put,7750,149.85,18.91,26.7719,3,108,10
28-Oct-2025,7670,Call,8100,21,19.42,26.7719,0,116,9
28-Oct-2025,7670,Put,6800,2.7,0,26.7719,0,177,8
25-Nov-2025,7670,-,0,7732,0,26.7719,1,228,6
28-Oct-2025,7670,Put,7450,44.5,19.18,26.7719,-2,83,6
28-Oct-2025,7670,Call,8500,5,23.28,26.7719,0,29,3
28-Oct-2025,7670,Call,8200,14.1,20.31,26.7719,0,153,2
30-Dec-2025,7670,-,0,0,0,26.7719,0,23,0
28-Oct-2025,7670,Put,8000,0,0,26.7719,0,9,0
28-Oct-2025,7670,Put,6600,0,0,26.7719,0,0,0
28-Oct-2025,7670,Put,7250,0,0,26.7719,0,0,0
28-Oct-2025,7670,Put,6300,0,0,26.7719,0,0,0
28-Oct-2025,7670,Call,8800,0,0,26.7719,0,0,0
28-Oct-2025,7670,Put,6200,0,0,26.7719,0,0,0
28-Oct-2025,7670,Put,8250,0,0,26.7719,0,0,0
28-Oct-2025,7670,Call,6200,0,0,26.7719,0,0,0
28-Oct-2025,7670,Call,6300,0,0,26.7719,0,0,0
28-Oct-2025,7670,Put,6900,0,0,26.7719,0,0,0
28-Oct-2025,7670,Put,7000,0,0,26.7719,0,284,0
28-Oct-2025,7670,Call,6850,0,0,26.7719,0,0,0
28-Oct-2025,7670,Put,6700,0,0,26.7719,0,37,0
28-Oct-2025,7670,Call,6400,0,0,26.7719,0,0,0
28-Oct-2025,7670,Call,8300,0,0,26.7719,0,147,0
28-Oct-2025,7670,Call,8700,0,0,26.7719,0,9,0
28-Oct-2025,7670,Call,8550,0,0,26.7719,0,4,0
28-Oct-2025,7670,Call,6600,0,0,26.7719,0,0,0
28-Oct-2025,7670,Put,8400,0,0,26.7719,0,0,0
28-Oct-2025,7670,Call,8900,0,0,26.7719,0,49,0
28-Oct-2025,7670,Call,6900,0,0,26.7719,0,0,0
28-Oct-2025,7670,Call,7100,0,0,26.7719,0,0,0
28-Oct-2025,7670,Put,8500,0,0,26.7719,0,0,0
28-Oct-2025,7670,Call,6800,0,0,26.7719,0,2,0
28-Oct-2025,7670,Put,8300,0,0,26.7719,0,0,0
28-Oct-2025,7670,Put,7150,0,0,26.7719,0,8,0
28-Oct-2025,7670,Call,6700,0,0,26.7719,0,0,0
28-Oct-2025,7670,Put,8200,0,0,26.7719,0,0,0
28-Oct-2025,7670,Put,8150,0,0,26.7719,0,0,0
28-Oct-2025,7670,Put,8600,0,0,26.7719,0,0,0
28-Oct-2025,7670,Put,7350,0,0,26.7719,0,99,0
28-Oct-2025,7670,Call,7200,0,0,26.7719,0,0,0
28-Oct-2025,7670,Put,8100,0,0,26.7719,0,5,0
28-Oct-2025,7670,Call,7000,0,0,26.7719,0,15,0
28-Oct-2025,7670,Call,7550,0,0,26.7719,0,121,0
28-Oct-2025,7670,Call,8250,0,0,26.7719,0,1,0
28-Oct-2025,7670,Call,8600,0,0,26.7719,0,15,0
28-Oct-2025,7670,Call,7250,0,0,26.7719,0,0,0
28-Oct-2025,7670,Call,7050,0,0,26.7719,0,0,0
28-Oct-2025,7670,Call,7150,0,0,26.7719,0,0,0
28-Oct-2025,7670,Put,7050,0,0,26.7719,0,0,0
28-Oct-2025,7670,Call,7350,0,0,26.7719,0,30,0
28-Oct-2025,7670,Call,7400,0,0,26.7719,0,104,0
28-Oct-2025,7670,Call,7450,0,0,26.7719,0,49,0
28-Oct-2025,7670,Put,7850,0,0,26.7719,0,62,0
28-Oct-2025,7670,Call,7950,0,0,26.7719,0,74,0
28-Oct-2025,7670,Put,7950,0,0,26.7719,0,0,0
28-Oct-2025,7670,Call,8050,0,0,26.7719,0,60,0
28-Oct-2025,7670,Put,8050,0,0,26.7719,0,4,0
28-Oct-2025,7670,Call,8150,0,0,26.7719,0,0,0
28-Oct-2025,7670,Put,7550,0,0,26.7719,0,143,0
28-Oct-2025,7670,Put,8800,0,0,26.7719,0,0,0
28-Oct-2025,7670,Put,8900,0,0,26.7719,0,0,0
28-Oct-2025,7670,Put,7200,0,0,26.7719,0,0,0
28-Oct-2025,7670,Call,7500,0,0,26.7719,0,301,0
28-Oct-2025,7670,Call,6950,0,0,26.7719,0,0,0
28-Oct-2025,7670,Put,6950,0,0,26.7719,0,5,0
28-Oct-2025,7670,Put,6400,0,0,26.7719,0,0,0
28-Oct-2025,7670,Put,6500,0,0,26.7719,0,6,0
28-Oct-2025,7670,Put,6850,0,0,26.7719,0,0,0
28-Oct-2025,7670,Call,7300,0,0,26.7719,0,64,0
28-Oct-2025,7670,Put,7900,0,0,26.7719,0,41,0
28-Oct-2025,7670,Call,6500,0,0,26.7719,0,0,0
28-Oct-2025,7670,Put,8700,0,0,26.7719,0,0,0
25-Nov-2025,7670,Call,7100,0,0,26.7719,0,0,0
25-Nov-2025,7670,Put,8250,0,0,26.7719,0,0,0
25-Nov-2025,7670,Call,7050,0,0,26.7719,0,0,0
25-Nov-2025,7670,Call,7150,0,0,26.7719,0,0,0
25-Nov-2025,7670,Put,7950,0,0,26.7719,0,0,0
25-Nov-2025,7670,Call,7900,0,0,26.7719,0,0,0
25-Nov-2025,7670,Call,7500,0,0,26.7719,0,1,0
25-Nov-2025,7670,Call,8900,0,0,26.7719,0,25,0
25-Nov-2025,7670,Call,7250,0,0,26.7719,0,0,0
25-Nov-2025,7670,Call,8150,0,0,26.7719,0,0,0
25-Nov-2025,7670,Call,7800,0,0,26.7719,0,1,0
25-Nov-2025,7670,Call,7950,0,0,26.7719,0,0,0
25-Nov-2025,7670,Put,7200,0,0,26.7719,0,0,0
25-Nov-2025,7670,Put,8200,0,0,26.7719,0,0,0
25-Nov-2025,7670,Put,7300,0,0,26.7719,0,0,0
25-Nov-2025,7670,Call,7450,0,0,26.7719,0,0,0
25-Nov-2025,7670,Put,7850,0,0,26.7719,0,0,0
25-Nov-2025,7670,Put,6200,0,0,26.7719,0,0,0
25-Nov-2025,7670,Put,7450,0,0,26.7719,0,0,0
25-Nov-2025,7670,Call,7350,0,0,26.7719,0,0,0
25-Nov-2025,7670,Put,8100,0,0,26.7719,0,0,0
25-Nov-2025,7670,Call,8400,0,0,26.7719,0,0,0
25-Nov-2025,7670,Put,6700,0,0,26.7719,0,0,0
25-Nov-2025,7670,Put,7650,0,0,26.7719,0,0,0
25-Nov-2025,7670,Call,8100,0,0,26.7719,0,0,0
25-Nov-2025,7670,Put,6500,0,0,26.7719,0,0,0
25-Nov-2025,7670,Put,7150,0,0,26.7719,0,0,0
30-Dec-2025,7670,Put,7200,0,0,26.7719,0,0,0
30-Dec-2025,7670,Call,8300,0,0,26.7719,0,0,0
25-Nov-2025,7670,Call,7200,0,0,26.7719,0,0,0
25-Nov-2025,7670,Call,7700,0,0,26.7719,0,3,0
30-Dec-2025,7670,Put,8000,0,0,26.7719,0,0,0
30-Dec-2025,7670,Put,7900,0,0,26.7719,0,0,0
25-Nov-2025,7670,Put,7600,0,0,26.7719,0,0,0
25-Nov-2025,7670,Put,6300,0,0,26.7719,0,0,0
25-Nov-2025,7670,Put,7550,0,0,26.7719,0,0,0
30-Dec-2025,7670,Call,7600,0,0,26.7719,0,0,0
30-Dec-2025,7670,Put,7300,0,0,26.7719,0,0,0
25-Nov-2025,7670,Call,7600,0,0,26.7719,0,5,0
25-Nov-2025,7670,Put,6400,0,0,26.7719,0,0,0
25-Nov-2025,7670,Call,8000,0,0,26.7719,0,0,0
25-Nov-2025,7670,Call,7850,0,0,26.7719,0,0,0
25-Nov-2025,7670,Call,7400,0,0,26.7719,0,0,0
30-Dec-2025,7670,Put,7400,0,0,26.7719,0,0,0
25-Nov-2025,7670,Put,7350,0,0,26.7719,0,0,0
25-Nov-2025,7670,Put,7750,0,0,26.7719,0,0,0
25-Nov-2025,7670,Put,8000,0,0,26.7719,0,0,0
25-Nov-2025,7670,Call,7000,0,0,26.7719,0,0,0
25-Nov-2025,7670,Call,8250,0,0,26.7719,0,0,0
25-Nov-2025,7670,Put,7400,0,0,26.7719,0,0,0
30-Dec-2025,7670,Call,8100,0,0,26.7719,0,0,0
30-Dec-2025,7670,Put,7500,0,0,26.7719,0,0,0
25-Nov-2025,7670,Put,7500,0,0,26.7719,0,10,0
25-Nov-2025,7670,Put,7800,0,0,26.7719,0,0,0
25-Nov-2025,7670,Call,7550,0,0,26.7719,0,0,0
25-Nov-2025,7670,Call,7750,0,0,26.7719,0,0,0
25-Nov-2025,7670,Put,8050,0,0,26.7719,0,0,0
25-Nov-2025,7670,Put,7250,0,0,26.7719,0,0,0
25-Nov-2025,7670,Call,8050,0,0,26.7719,0,0,0
30-Dec-2025,7670,Put,7800,0,0,26.7719,0,0,0
25-Nov-2025,7670,Put,8300,0,0,26.7719,0,0,0
25-Nov-2025,7670,Put,8400,0,0,26.7719,0,0,0
30-Dec-2025,7670,Call,7700,0,0,26.7719,0,0,0
25-Nov-2025,7670,Put,6600,0,0,26.7719,0,0,0
25-Nov-2025,7670,Call,7650,0,0,26.7719,0,0,0
25-Nov-2025,7670,Call,7300,0,0,26.7719,0,0,0
25-Nov-2025,7670,Put,8150,0,0,26.7719,0,0,0
30-Dec-2025,7670,Call,8000,0,0,26.7719,0,0,0
30-Dec-2025,7670,Call,7900,0,0,26.7719,0,0,0
25-Nov-2025,7670,Put,7100,0,0,26.7719,0,0,0
30-Dec-2025,7670,Call,8200,0,0,26.7719,0,0,0
30-Dec-2025,7670,Put,7600,0,0,26.7719,0,0,0
30-Dec-2025,7670,Call,7800,0,0,26.7719,0,0,0
30-Dec-2025,7670,Call,8400,0,0,26.7719,0,0,0
25-Nov-2025,7670,Put,7900,0,0,26.7719,0,0,0
25-Nov-2025,7670,Call,8200,0,0,26.7719,0,0,0
25-Nov-2025,7670,Call,8300,0,0,26.7719,0,0,0
25-Nov-2025,7670,Put,7700,0,0,26.7719,0,0,0
30-Dec-2025,7670,Put,7700,0,0,26.7719,0,0,0
