28-Oct-2025,2333.5,Call,2400,17.8,18.23,23.5608,80,3304,885
28-Oct-2025,2333.5,-,0,2338.6,0,23.5608,218,52869,763
28-Oct-2025,2333.5,Call,2340,40.25,17.57,23.5608,154,1338,715
28-Oct-2025,2333.5,Call,2500,4.85,20.87,23.5608,25,4546,680
28-Oct-2025,2333.5,Call,2360,30.8,17.98,23.5608,21,1832,595
28-Oct-2025,2333.5,Call,2460,7.6,19.44,23.5608,-21,908,460
28-Oct-2025,2333.5,Call,2320,50.6,17.56,23.5608,5,341,356
28-Oct-2025,2333.5,Put,2320,31.6,20.64,23.5608,-20,448,335
28-Oct-2025,2333.5,Put,2300,24,20.55,23.5608,35,1903,325
28-Oct-2025,2333.5,Put,2340,40.95,20.62,23.5608,-6,778,293
28-Oct-2025,2333.5,Call,2380,23.6,18.02,23.5608,-6,829,266
28-Oct-2025,2333.5,Put,2280,18,20.64,23.5608,59,358,220
28-Oct-2025,2333.5,Call,2300,62.35,17.24,23.5608,19,710,215
28-Oct-2025,2333.5,Call,2440,10,18.89,23.5608,26,1124,209
28-Oct-2025,2333.5,Put,2200,5.55,22.08,23.5608,-79,1845,209
28-Oct-2025,2333.5,Call,2520,3.7,21.22,23.5608,-27,551,176
28-Oct-2025,2333.5,Call,2600,1.45,23.33,23.5608,-42,2626,156
28-Oct-2025,2333.5,Call,2420,13.3,18.51,23.5608,13,1070,149
28-Oct-2025,2333.5,Put,2260,13.4,20.9,23.5608,-53,355,128
28-Oct-2025,2333.5,Put,2360,52.2,20.94,23.5608,21,1040,92
28-Oct-2025,2333.5,Call,2480,5.9,19.91,23.5608,-37,692,78
28-Oct-2025,2333.5,Call,2560,2.25,22.38,23.5608,27,393,75
28-Oct-2025,2333.5,Put,2180,3.95,22.47,23.5608,3,160,72
25-Nov-2025,2333.5,-,0,2348,0,23.5608,12,1978,51
28-Oct-2025,2333.5,Call,2540,2.9,21.79,23.5608,1,411,42
28-Oct-2025,2333.5,Put,2240,10,21.17,23.5608,-6,456,33
28-Oct-2025,2333.5,Put,2400,78.25,21.32,23.5608,5,1420,28
28-Oct-2025,2333.5,Put,2380,63.9,21.29,23.5608,-3,256,20
28-Oct-2025,2333.5,Call,2580,1.7,22.76,23.5608,4,385,15
28-Oct-2025,2333.5,Put,2160,2.8,23.05,23.5608,-2,378,15
25-Nov-2025,2333.5,Call,2680,6.05,23.24,23.5608,11,33,14
28-Oct-2025,2333.5,Put,2220,7.2,21.51,23.5608,-1,297,13
25-Nov-2025,2333.5,Call,2500,23.75,20.83,23.5608,3,74,11
28-Oct-2025,2333.5,Call,2200,142.05,0,23.5608,0,95,8
28-Oct-2025,2333.5,Put,2080,0.95,25.75,23.5608,0,370,8
30-Dec-2025,2333.5,-,0,2359.5,0,23.5608,3,114,7
28-Oct-2025,2333.5,Call,2640,0.65,23.48,23.5608,0,349,7
28-Oct-2025,2333.5,Put,2140,1.95,23.2,23.5608,0,248,6
28-Oct-2025,2333.5,Call,2800,0.5,32.18,23.5608,-4,152,5
25-Nov-2025,2333.5,Call,2400,51.5,19.91,23.5608,3,97,5
25-Nov-2025,2333.5,Put,2080,7.3,25.49,23.5608,0,3,4
28-Oct-2025,2333.5,Call,2280,75.2,15.11,23.5608,2,18,4
25-Nov-2025,2333.5,Call,2600,10.7,21.94,23.5608,0,92,4
28-Oct-2025,2333.5,Put,2600,256.45,29.15,23.5608,2,517,3
28-Oct-2025,2333.5,Put,2100,1.6,26.12,23.5608,0,11,3
28-Oct-2025,2333.5,Call,2700,0.8,28.05,23.5608,0,1078,3
28-Oct-2025,2333.5,Call,2680,0.7,26.29,23.5608,0,286,2
28-Oct-2025,2333.5,Put,2460,130,26,23.5608,-1,169,2
28-Oct-2025,2333.5,Put,2120,1.5,23.97,23.5608,0,1028,2
25-Nov-2025,2333.5,Put,2200,21,23.66,23.5608,0,174,2
28-Oct-2025,2333.5,Call,2620,1.15,24.14,23.5608,0,170,1
25-Nov-2025,2333.5,Put,2400,100,24.17,23.5608,0,50,1
25-Nov-2025,2333.5,Call,2380,59.5,0,23.5608,0,60,1
25-Nov-2025,2333.5,Call,2460,32,20.28,23.5608,0,27,1
25-Nov-2025,2333.5,Put,2340,68,23.94,23.5608,0,20,1
28-Oct-2025,2333.5,Put,2560,0,0,23.5608,0,32,0
28-Oct-2025,2333.5,Put,2640,0,0,23.5608,0,12,0
28-Oct-2025,2333.5,Put,2680,0,0,23.5608,0,0,0
28-Oct-2025,2333.5,Put,2540,0,0,23.5608,0,113,0
28-Oct-2025,2333.5,Put,2420,0,0,23.5608,0,106,0
28-Oct-2025,2333.5,Call,2880,0,0,23.5608,0,200,0
28-Oct-2025,2333.5,Call,2160,0,0,23.5608,0,1,0
28-Oct-2025,2333.5,Put,2520,0,0,23.5608,0,74,0
28-Oct-2025,2333.5,Put,2840,0,0,23.5608,0,1,0
28-Oct-2025,2333.5,Put,1960,0,0,23.5608,0,0,0
28-Oct-2025,2333.5,Call,2100,0,0,23.5608,0,0,0
28-Oct-2025,2333.5,Call,2720,0,0,23.5608,0,83,0
28-Oct-2025,2333.5,Call,1960,0,0,23.5608,0,0,0
28-Oct-2025,2333.5,Call,2040,0,0,23.5608,0,0,0
28-Oct-2025,2333.5,Call,2000,0,0,23.5608,0,1,0
28-Oct-2025,2333.5,Put,2000,0,0,23.5608,0,0,0
28-Oct-2025,2333.5,Put,2580,0,0,23.5608,0,22,0
28-Oct-2025,2333.5,Call,2660,0,0,23.5608,0,100,0
28-Oct-2025,2333.5,Put,2700,0,0,23.5608,0,78,0
28-Oct-2025,2333.5,Call,2740,0,0,23.5608,0,17,0
28-Oct-2025,2333.5,Put,2740,0,0,23.5608,0,2,0
28-Oct-2025,2333.5,Put,2040,0,0,23.5608,0,0,0
28-Oct-2025,2333.5,Call,2140,0,0,23.5608,0,1,0
28-Oct-2025,2333.5,Call,2180,0,0,23.5608,0,0,0
28-Oct-2025,2333.5,Call,2120,0,0,23.5608,0,0,0
28-Oct-2025,2333.5,Put,2480,0,0,23.5608,0,195,0
25-Nov-2025,2333.5,Call,2340,0,0,23.5608,0,3,0
25-Nov-2025,2333.5,Call,2360,0,0,23.5608,0,5,0
25-Nov-2025,2333.5,Call,2300,0,0,23.5608,0,0,0
25-Nov-2025,2333.5,Put,2520,0,0,23.5608,0,0,0
25-Nov-2025,2333.5,Put,2300,0,0,23.5608,0,85,0
25-Nov-2025,2333.5,Put,2420,0,0,23.5608,0,0,0
28-Oct-2025,2333.5,Put,2720,0,0,23.5608,0,0,0
28-Oct-2025,2333.5,Call,2780,0,0,23.5608,0,24,0
25-Nov-2025,2333.5,Put,2180,0,0,23.5608,0,1,0
28-Oct-2025,2333.5,Put,2620,0,0,23.5608,0,1,0
28-Oct-2025,2333.5,Call,2220,0,0,23.5608,0,0,0
25-Nov-2025,2333.5,Put,2320,0,0,23.5608,0,0,0
28-Oct-2025,2333.5,Call,2080,0,0,23.5608,0,1,0
28-Oct-2025,2333.5,Put,2800,0,0,23.5608,0,11,0
28-Oct-2025,2333.5,Put,2440,0,0,23.5608,0,219,0
28-Oct-2025,2333.5,Put,2500,0,0,23.5608,0,590,0
25-Nov-2025,2333.5,Call,2540,0,0,23.5608,0,0,0
25-Nov-2025,2333.5,Put,2120,0,0,23.5608,0,0,0
25-Nov-2025,2333.5,Put,2580,0,0,23.5608,0,0,0
25-Nov-2025,2333.5,Call,2180,0,0,23.5608,0,0,0
25-Nov-2025,2333.5,Call,2000,0,0,23.5608,0,0,0
25-Nov-2025,2333.5,Put,2220,0,0,23.5608,0,52,0
28-Oct-2025,2333.5,Call,2840,0,0,23.5608,0,28,0
25-Nov-2025,2333.5,Call,2200,0,0,23.5608,0,0,0
30-Dec-2025,2333.5,Put,2360,0,0,23.5608,0,0,0
25-Nov-2025,2333.5,Call,2800,0,0,23.5608,0,17,0
25-Nov-2025,2333.5,Call,2140,0,0,23.5608,0,0,0
25-Nov-2025,2333.5,Put,2260,0,0,23.5608,0,0,0
30-Dec-2025,2333.5,Put,2200,0,0,23.5608,0,0,0
25-Nov-2025,2333.5,Call,2720,0,0,23.5608,0,20,0
30-Dec-2025,2333.5,Call,2520,0,0,23.5608,0,0,0
25-Nov-2025,2333.5,Put,2360,0,0,23.5608,0,7,0
25-Nov-2025,2333.5,Put,2640,0,0,23.5608,0,0,0
25-Nov-2025,2333.5,Call,2040,0,0,23.5608,0,0,0
30-Dec-2025,2333.5,Put,2440,0,0,23.5608,0,0,0
30-Dec-2025,2333.5,Call,2560,0,0,23.5608,0,5,0
30-Dec-2025,2333.5,Call,2400,0,0,23.5608,0,0,0
30-Dec-2025,2333.5,Put,1920,0,0,23.5608,0,0,0
25-Nov-2025,2333.5,Call,2560,0,0,23.5608,0,1,0
30-Dec-2025,2333.5,Put,2400,0,0,23.5608,0,0,0
25-Nov-2025,2333.5,Put,2500,0,0,23.5608,0,0,0
25-Nov-2025,2333.5,Call,2420,0,0,23.5608,0,0,0
25-Nov-2025,2333.5,Put,2100,0,0,23.5608,0,0,0
30-Dec-2025,2333.5,Put,2240,0,0,23.5608,0,0,0
25-Nov-2025,2333.5,Put,2280,0,0,23.5608,0,55,0
25-Nov-2025,2333.5,Put,2680,0,0,23.5608,0,0,0
25-Nov-2025,2333.5,Call,2080,0,0,23.5608,0,0,0
30-Dec-2025,2333.5,Call,2320,0,0,23.5608,0,0,0
28-Oct-2025,2333.5,Call,2760,0,0,23.5608,0,54,0
25-Nov-2025,2333.5,Call,2120,0,0,23.5608,0,0,0
25-Nov-2025,2333.5,Call,2580,0,0,23.5608,0,0,0
25-Nov-2025,2333.5,Put,2480,0,0,23.5608,0,0,0
25-Nov-2025,2333.5,Put,2380,0,0,23.5608,0,0,0
25-Nov-2025,2333.5,Put,2560,0,0,23.5608,0,0,0
25-Nov-2025,2333.5,Call,2280,0,0,23.5608,0,0,0
25-Nov-2025,2333.5,Call,2520,0,0,23.5608,0,59,0
25-Nov-2025,2333.5,Put,2000,0,0,23.5608,0,0,0
28-Oct-2025,2333.5,Put,2880,0,0,23.5608,0,1,0
25-Nov-2025,2333.5,Call,2100,0,0,23.5608,0,0,0
25-Nov-2025,2333.5,Call,2480,0,0,23.5608,0,7,0
30-Dec-2025,2333.5,Call,2440,0,0,23.5608,0,0,0
30-Dec-2025,2333.5,Call,2360,0,0,23.5608,0,0,0
30-Dec-2025,2333.5,Call,2720,0,0,23.5608,0,0,0
25-Nov-2025,2333.5,Call,2220,0,0,23.5608,0,0,0
25-Nov-2025,2333.5,Call,2320,0,0,23.5608,0,0,0
25-Nov-2025,2333.5,Put,2460,0,0,23.5608,0,0,0
25-Nov-2025,2333.5,Call,2260,0,0,23.5608,0,0,0
25-Nov-2025,2333.5,Put,2040,0,0,23.5608,0,0,0
25-Nov-2025,2333.5,Call,1960,0,0,23.5608,0,0,0
25-Nov-2025,2333.5,Put,2540,0,0,23.5608,0,0,0
25-Nov-2025,2333.5,Put,2720,0,0,23.5608,0,0,0
28-Oct-2025,2333.5,Call,2260,0,0,23.5608,0,17,0
30-Dec-2025,2333.5,Put,2000,0,0,23.5608,0,0,0
30-Dec-2025,2333.5,Call,2280,0,0,23.5608,0,0,0
28-Oct-2025,2333.5,Call,2240,0,0,23.5608,0,10,0
30-Dec-2025,2333.5,Put,2320,0,0,23.5608,0,0,0
25-Nov-2025,2333.5,Put,2440,0,0,23.5608,0,0,0
25-Nov-2025,2333.5,Call,2240,0,0,23.5608,0,0,0
25-Nov-2025,2333.5,Put,2240,0,0,23.5608,0,10,0
25-Nov-2025,2333.5,Put,2160,0,0,23.5608,0,0,0
25-Nov-2025,2333.5,Put,1960,0,0,23.5608,0,0,0
25-Nov-2025,2333.5,Call,2640,0,0,23.5608,0,24,0
30-Dec-2025,2333.5,Call,2480,0,0,23.5608,0,0,0
30-Dec-2025,2333.5,Put,2080,0,0,23.5608,0,0,0
25-Nov-2025,2333.5,Put,2140,0,0,23.5608,0,0,0
30-Dec-2025,2333.5,Put,2280,0,0,23.5608,0,0,0
25-Nov-2025,2333.5,Call,2440,0,0,23.5608,0,2,0
25-Nov-2025,2333.5,Put,2600,0,0,23.5608,0,0,0
25-Nov-2025,2333.5,Call,2160,0,0,23.5608,0,0,0
