28-Oct-2025,2331.3,Call,2400,17.65,18.37,23.5608,165,3389,1510
28-Oct-2025,2331.3,-,0,2338.7,0,23.5608,517,53168,1396
28-Oct-2025,2331.3,Call,2460,7.4,19.64,23.5608,116,1045,1328
28-Oct-2025,2331.3,Call,2340,39.5,17.9,23.5608,281,1465,1322
28-Oct-2025,2331.3,Call,2500,4.75,21.23,23.5608,109,4630,905
28-Oct-2025,2331.3,Call,2360,29.8,18.13,23.5608,42,1853,847
28-Oct-2025,2331.3,Put,2320,31.9,20.22,23.5608,-5,463,617
28-Oct-2025,2331.3,Call,2320,50.4,17.75,23.5608,30,366,606
28-Oct-2025,2331.3,Put,2300,24.7,20.4,23.5608,52,1920,487
28-Oct-2025,2331.3,Put,2340,42.55,20.07,23.5608,29,813,449
28-Oct-2025,2331.3,Call,2380,22.5,18.15,23.5608,23,858,448
28-Oct-2025,2331.3,Call,2420,13,18.62,23.5608,92,1149,375
28-Oct-2025,2331.3,Call,2300,61.9,17.77,23.5608,49,740,342
28-Oct-2025,2331.3,Call,2440,9.55,19.11,23.5608,71,1169,328
28-Oct-2025,2331.3,Put,2280,18.75,20.34,23.5608,75,374,318
28-Oct-2025,2331.3,Call,2600,1.4,23.93,23.5608,-57,2611,310
28-Oct-2025,2331.3,Put,2200,5.75,21.92,23.5608,-40,1884,304
28-Oct-2025,2331.3,Call,2520,3.55,21.62,23.5608,-43,535,211
28-Oct-2025,2331.3,Put,2260,13.65,20.31,23.5608,-42,366,163
28-Oct-2025,2331.3,Put,2360,54.65,20.95,23.5608,38,1057,152
25-Nov-2025,2331.3,-,0,2347,0,23.5608,77,2043,139
28-Oct-2025,2331.3,Call,2560,2.05,22.15,23.5608,17,383,121
28-Oct-2025,2331.3,Call,2480,5.65,20.27,23.5608,-41,688,102
28-Oct-2025,2331.3,Put,2180,3.9,21.92,23.5608,18,175,101
28-Oct-2025,2331.3,Call,2700,0.8,28.46,23.5608,10,1088,93
28-Oct-2025,2331.3,Put,2400,80.1,21.12,23.5608,-11,1404,93
28-Oct-2025,2331.3,Call,2540,2.9,22.39,23.5608,-2,408,83
28-Oct-2025,2331.3,Put,2240,10.5,21.22,23.5608,5,467,72
28-Oct-2025,2331.3,Put,2160,2.8,22.37,23.5608,9,389,39
28-Oct-2025,2331.3,Put,2380,65.6,20.36,23.5608,-6,253,30
28-Oct-2025,2331.3,Put,2220,7.8,21.15,23.5608,2,300,28
25-Nov-2025,2331.3,Put,2200,21.7,23.51,23.5608,21,195,26
25-Nov-2025,2331.3,Call,2680,5.6,23.18,23.5608,18,40,23
25-Nov-2025,2331.3,Call,2500,23.25,20.97,23.5608,10,81,21
28-Oct-2025,2331.3,Call,2580,1.9,23.7,23.5608,6,387,19
30-Dec-2025,2331.3,-,0,2357.7,0,23.5608,9,120,15
28-Oct-2025,2331.3,Call,2200,137,0,23.5608,2,97,12
25-Nov-2025,2331.3,Call,2600,10.1,21.98,23.5608,0,92,12
28-Oct-2025,2331.3,Put,2140,2,22.83,23.5608,5,253,11
28-Oct-2025,2331.3,Call,2680,0.75,26.95,23.5608,0,286,10
28-Oct-2025,2331.3,Call,2280,75.35,17.88,23.5608,4,20,9
25-Nov-2025,2331.3,Call,2400,50,20.32,23.5608,6,100,9
28-Oct-2025,2331.3,Put,2080,0.95,25.32,23.5608,0,370,8
28-Oct-2025,2331.3,Put,2100,0.95,23.56,23.5608,1,12,7
28-Oct-2025,2331.3,Call,2620,1.2,24.75,23.5608,-5,165,7
28-Oct-2025,2331.3,Call,2640,0.65,23.89,23.5608,0,349,7
28-Oct-2025,2331.3,Call,2800,0.4,31.72,23.5608,-5,151,6
25-Nov-2025,2331.3,Put,2080,7.3,25.14,23.5608,0,3,4
28-Oct-2025,2331.3,Put,2600,256.45,0,23.5608,2,517,3
28-Oct-2025,2331.3,Put,2460,130,23.06,23.5608,-1,169,3
28-Oct-2025,2331.3,Put,2120,1.5,23.52,23.5608,0,1028,2
25-Nov-2025,2331.3,Put,2400,105,24.76,23.5608,1,51,2
25-Nov-2025,2331.3,Put,2300,52.15,23.66,23.5608,0,85,2
28-Oct-2025,2331.3,Call,2000,337,0,23.5608,0,1,1
28-Oct-2025,2331.3,Put,2500,167,25.34,23.5608,0,590,1
28-Oct-2025,2331.3,Put,2540,195.45,0,23.5608,0,113,1
25-Nov-2025,2331.3,Call,2380,59.5,20.71,23.5608,0,60,1
25-Nov-2025,2331.3,Call,2340,73.1,19.05,23.5608,0,3,1
25-Nov-2025,2331.3,Put,2340,68,23.21,23.5608,0,20,1
25-Nov-2025,2331.3,Call,2460,32,20.85,23.5608,0,27,1
25-Nov-2025,2331.3,Put,2180,19,24.11,23.5608,0,1,1
28-Oct-2025,2331.3,Call,2760,0,0,23.5608,0,54,0
28-Oct-2025,2331.3,Put,2840,0,0,23.5608,0,1,0
28-Oct-2025,2331.3,Put,2000,0,0,23.5608,0,0,0
28-Oct-2025,2331.3,Put,1960,0,0,23.5608,0,0,0
28-Oct-2025,2331.3,Call,2040,0,0,23.5608,0,0,0
28-Oct-2025,2331.3,Call,2100,0,0,23.5608,0,0,0
28-Oct-2025,2331.3,Call,1960,0,0,23.5608,0,0,0
28-Oct-2025,2331.3,Put,2520,0,0,23.5608,0,74,0
28-Oct-2025,2331.3,Put,2440,0,0,23.5608,0,219,0
28-Oct-2025,2331.3,Call,2080,0,0,23.5608,0,1,0
28-Oct-2025,2331.3,Call,2720,0,0,23.5608,0,83,0
28-Oct-2025,2331.3,Put,2040,0,0,23.5608,0,0,0
28-Oct-2025,2331.3,Put,2620,0,0,23.5608,0,1,0
28-Oct-2025,2331.3,Call,2180,0,0,23.5608,0,0,0
28-Oct-2025,2331.3,Put,2580,0,0,23.5608,0,22,0
28-Oct-2025,2331.3,Call,2660,0,0,23.5608,0,100,0
28-Oct-2025,2331.3,Put,2740,0,0,23.5608,0,2,0
28-Oct-2025,2331.3,Put,2700,0,0,23.5608,0,78,0
28-Oct-2025,2331.3,Call,2740,0,0,23.5608,0,17,0
28-Oct-2025,2331.3,Call,2140,0,0,23.5608,0,1,0
28-Oct-2025,2331.3,Call,2120,0,0,23.5608,0,0,0
28-Oct-2025,2331.3,Call,2260,0,0,23.5608,0,17,0
28-Oct-2025,2331.3,Call,2840,0,0,23.5608,0,28,0
28-Oct-2025,2331.3,Put,2420,0,0,23.5608,0,106,0
28-Oct-2025,2331.3,Call,2880,0,0,23.5608,0,200,0
28-Oct-2025,2331.3,Call,2240,0,0,23.5608,0,10,0
28-Oct-2025,2331.3,Put,2560,0,0,23.5608,0,32,0
28-Oct-2025,2331.3,Put,2640,0,0,23.5608,0,12,0
28-Oct-2025,2331.3,Put,2800,0,0,23.5608,0,11,0
28-Oct-2025,2331.3,Put,2720,0,0,23.5608,0,0,0
28-Oct-2025,2331.3,Put,2880,0,0,23.5608,0,1,0
28-Oct-2025,2331.3,Put,2480,0,0,23.5608,0,195,0
25-Nov-2025,2331.3,Call,2240,0,0,23.5608,0,0,0
28-Oct-2025,2331.3,Put,2680,0,0,23.5608,0,0,0
25-Nov-2025,2331.3,Put,2640,0,0,23.5608,0,0,0
25-Nov-2025,2331.3,Call,2300,0,0,23.5608,0,0,0
25-Nov-2025,2331.3,Call,2320,0,0,23.5608,0,0,0
25-Nov-2025,2331.3,Call,2420,0,0,23.5608,0,0,0
28-Oct-2025,2331.3,Call,2780,0,0,23.5608,0,24,0
28-Oct-2025,2331.3,Call,2220,0,0,23.5608,0,0,0
25-Nov-2025,2331.3,Call,2000,0,0,23.5608,0,0,0
25-Nov-2025,2331.3,Call,2280,0,0,23.5608,0,0,0
25-Nov-2025,2331.3,Call,2040,0,0,23.5608,0,0,0
28-Oct-2025,2331.3,Call,2160,0,0,23.5608,0,1,0
25-Nov-2025,2331.3,Call,2360,0,0,23.5608,0,5,0
25-Nov-2025,2331.3,Call,2540,0,0,23.5608,0,0,0
25-Nov-2025,2331.3,Call,2560,0,0,23.5608,0,1,0
25-Nov-2025,2331.3,Call,2220,0,0,23.5608,0,0,0
25-Nov-2025,2331.3,Put,2260,0,0,23.5608,0,0,0
25-Nov-2025,2331.3,Call,2180,0,0,23.5608,0,0,0
25-Nov-2025,2331.3,Call,2640,0,0,23.5608,0,24,0
25-Nov-2025,2331.3,Put,2120,0,0,23.5608,0,0,0
25-Nov-2025,2331.3,Put,2140,0,0,23.5608,0,0,0
25-Nov-2025,2331.3,Put,2440,0,0,23.5608,0,0,0
25-Nov-2025,2331.3,Put,2040,0,0,23.5608,0,0,0
25-Nov-2025,2331.3,Put,2460,0,0,23.5608,0,0,0
25-Nov-2025,2331.3,Call,2140,0,0,23.5608,0,0,0
25-Nov-2025,2331.3,Call,2260,0,0,23.5608,0,0,0
25-Nov-2025,2331.3,Put,2360,0,0,23.5608,0,7,0
25-Nov-2025,2331.3,Put,2500,0,0,23.5608,0,0,0
25-Nov-2025,2331.3,Put,2420,0,0,23.5608,0,0,0
25-Nov-2025,2331.3,Put,2380,0,0,23.5608,0,0,0
25-Nov-2025,2331.3,Put,2540,0,0,23.5608,0,0,0
25-Nov-2025,2331.3,Put,2580,0,0,23.5608,0,0,0
25-Nov-2025,2331.3,Put,2320,0,0,23.5608,0,0,0
25-Nov-2025,2331.3,Put,2680,0,0,23.5608,0,0,0
25-Nov-2025,2331.3,Put,2720,0,0,23.5608,0,0,0
25-Nov-2025,2331.3,Put,2600,0,0,23.5608,0,0,0
25-Nov-2025,2331.3,Put,2520,0,0,23.5608,0,0,0
25-Nov-2025,2331.3,Put,2480,0,0,23.5608,0,0,0
25-Nov-2025,2331.3,Put,2160,0,0,23.5608,0,0,0
25-Nov-2025,2331.3,Call,2440,0,0,23.5608,0,2,0
25-Nov-2025,2331.3,Call,2100,0,0,23.5608,0,0,0
25-Nov-2025,2331.3,Put,2240,0,0,23.5608,0,10,0
25-Nov-2025,2331.3,Put,2100,0,0,23.5608,0,0,0
25-Nov-2025,2331.3,Call,1960,0,0,23.5608,0,0,0
25-Nov-2025,2331.3,Call,2520,0,0,23.5608,0,59,0
25-Nov-2025,2331.3,Call,2720,0,0,23.5608,0,20,0
30-Dec-2025,2331.3,Call,2520,0,0,23.5608,0,0,0
25-Nov-2025,2331.3,Call,2580,0,0,23.5608,0,0,0
25-Nov-2025,2331.3,Put,1960,0,0,23.5608,0,0,0
25-Nov-2025,2331.3,Put,2560,0,0,23.5608,0,0,0
30-Dec-2025,2331.3,Call,2560,0,0,23.5608,0,5,0
25-Nov-2025,2331.3,Put,2220,0,0,23.5608,0,52,0
30-Dec-2025,2331.3,Put,1920,0,0,23.5608,0,0,0
30-Dec-2025,2331.3,Put,2240,0,0,23.5608,0,0,0
25-Nov-2025,2331.3,Call,2160,0,0,23.5608,0,0,0
25-Nov-2025,2331.3,Call,2080,0,0,23.5608,0,0,0
30-Dec-2025,2331.3,Put,2280,0,0,23.5608,0,0,0
30-Dec-2025,2331.3,Put,2000,0,0,23.5608,0,0,0
25-Nov-2025,2331.3,Call,2120,0,0,23.5608,0,0,0
30-Dec-2025,2331.3,Call,2720,0,0,23.5608,0,0,0
30-Dec-2025,2331.3,Call,2440,0,0,23.5608,0,0,0
30-Dec-2025,2331.3,Put,2200,0,0,23.5608,0,0,0
25-Nov-2025,2331.3,Call,2800,0,0,23.5608,0,17,0
25-Nov-2025,2331.3,Call,2480,0,0,23.5608,0,7,0
30-Dec-2025,2331.3,Put,2080,0,0,23.5608,0,0,0
25-Nov-2025,2331.3,Put,2280,0,0,23.5608,0,55,0
25-Nov-2025,2331.3,Put,2000,0,0,23.5608,0,0,0
30-Dec-2025,2331.3,Call,2400,0,0,23.5608,0,0,0
30-Dec-2025,2331.3,Call,2360,0,0,23.5608,0,0,0
25-Nov-2025,2331.3,Call,2200,0,0,23.5608,0,0,0
30-Dec-2025,2331.3,Put,2320,0,0,23.5608,0,0,0
30-Dec-2025,2331.3,Put,2440,0,0,23.5608,0,0,0
30-Dec-2025,2331.3,Call,2480,0,0,23.5608,0,0,0
30-Dec-2025,2331.3,Call,2320,0,0,23.5608,0,0,0
30-Dec-2025,2331.3,Put,2400,0,0,23.5608,0,0,0
30-Dec-2025,2331.3,Put,2360,0,0,23.5608,0,0,0
30-Dec-2025,2331.3,Call,2280,0,0,23.5608,0,0,0
