28-Oct-2025,1024.6,-,0,1028.15,0,31.2678,189,120262,3151
28-Oct-2025,1024.6,Call,1030,22.2,24.42,31.2678,-53,1651,1898
28-Oct-2025,1024.6,Call,1020,27.45,24.36,31.2678,-11,2336,1802
28-Oct-2025,1024.6,Put,1020,19,25.12,31.2678,221,1739,1360
28-Oct-2025,1024.6,Call,1050,13.85,24.05,31.2678,-52,1297,1204
28-Oct-2025,1024.6,Call,1100,3.5,24.75,31.2678,-59,2885,1201
28-Oct-2025,1024.6,Call,1040,17.75,24.23,31.2678,20,1208,1198
28-Oct-2025,1024.6,Put,1010,14.75,25.28,31.2678,-79,661,1133
28-Oct-2025,1024.6,Put,1000,11.4,25.15,31.2678,153,2107,1023
28-Oct-2025,1024.6,Call,1000,40,24.22,31.2678,-37,1527,730
28-Oct-2025,1024.6,Put,980,6.4,25.51,31.2678,54,1040,686
28-Oct-2025,1024.6,Put,990,8.7,25.31,31.2678,18,559,575
28-Oct-2025,1024.6,Call,1060,10.65,23.73,31.2678,-33,986,513
28-Oct-2025,1024.6,Put,970,4.75,25.79,31.2678,-32,927,512
28-Oct-2025,1024.6,Call,1080,6.15,24.18,31.2678,-19,1332,460
28-Oct-2025,1024.6,Put,1030,23.65,25.28,31.2678,71,1157,434
28-Oct-2025,1024.6,Call,1070,8.05,24.05,31.2678,-40,538,426
28-Oct-2025,1024.6,Call,1010,33.35,24.25,31.2678,36,773,398
25-Nov-2025,1024.6,-,0,1033.6,0,31.2678,168,1527,392
28-Oct-2025,1024.6,Put,950,2.55,26.62,31.2678,19,998,228
28-Oct-2025,1024.6,Put,900,0.55,29.57,31.2678,-80,1051,223
28-Oct-2025,1024.6,Put,960,3.5,26.25,31.2678,-45,614,219
28-Oct-2025,1024.6,Put,940,1.85,27.05,31.2678,-34,638,196
28-Oct-2025,1024.6,Put,1040,29.2,25.47,31.2678,9,252,177
25-Nov-2025,1024.6,Put,1000,20.05,24.82,31.2678,108,178,170
28-Oct-2025,1024.6,Put,930,1.3,27.37,31.2678,-16,363,162
28-Oct-2025,1024.6,Call,1090,4.75,24.45,31.2678,5,881,146
28-Oct-2025,1024.6,Put,1050,34.85,25.01,31.2678,5,658,143
28-Oct-2025,1024.6,Call,1140,1.05,25.84,31.2678,6,1001,137
28-Oct-2025,1024.6,Call,1120,1.9,25.11,31.2678,2,683,115
28-Oct-2025,1024.6,Put,920,1,28.22,31.2678,-32,623,96
28-Oct-2025,1024.6,Call,1160,0.65,26.78,31.2678,0,1455,92
28-Oct-2025,1024.6,Call,1110,2.65,25.02,31.2678,-9,286,82
28-Oct-2025,1024.6,Call,990,47.1,23.71,31.2678,-9,260,68
28-Oct-2025,1024.6,Call,980,56.2,25.77,31.2678,-8,315,62
25-Nov-2025,1024.6,Put,950,7.85,25.38,31.2678,-9,190,62
30-Dec-2025,1024.6,-,0,1039.9,0,31.2678,8,141,60
28-Oct-2025,1024.6,Call,960,73.15,26.39,31.2678,-4,225,54
25-Nov-2025,1024.6,Call,1120,8.85,23.54,31.2678,37,88,51
28-Oct-2025,1024.6,Put,890,0.45,30.7,31.2678,-4,196,36
25-Nov-2025,1024.6,Call,1100,13.1,23.64,31.2678,4,338,34
28-Oct-2025,1024.6,Put,1100,73.15,24.46,31.2678,-11,531,32
28-Oct-2025,1024.6,Put,1080,56.35,24.64,31.2678,-17,43,28
25-Nov-2025,1024.6,Call,1040,30.8,22.03,31.2678,7,211,26
28-Oct-2025,1024.6,Put,1070,49.35,25.7,31.2678,-1,46,22
28-Oct-2025,1024.6,Call,970,62.9,22.95,31.2678,1,611,21
28-Oct-2025,1024.6,Call,950,81.15,23.83,31.2678,-1,481,21
28-Oct-2025,1024.6,Put,1060,42.35,25.96,31.2678,-1,97,21
25-Nov-2025,1024.6,Call,1020,42,22.3,31.2678,-1,87,18
28-Oct-2025,1024.6,Put,910,0.8,29.27,31.2678,-2,273,17
25-Nov-2025,1024.6,Put,900,2.95,27.13,31.2678,7,96,17
25-Nov-2025,1024.6,Put,1020,27.8,24.72,31.2678,2,46,12
25-Nov-2025,1024.6,Call,1050,27,22.13,31.2678,8,42,12
25-Nov-2025,1024.6,Call,1000,53.65,21.87,31.2678,3,157,12
25-Nov-2025,1024.6,Call,1080,17.3,22.82,31.2678,-1,60,11
28-Oct-2025,1024.6,Put,880,0.3,30.93,31.2678,-1,166,8
25-Nov-2025,1024.6,Put,980,13.6,24.56,31.2678,2,97,8
28-Oct-2025,1024.6,Call,900,128.8,0,31.2678,-4,348,6
25-Nov-2025,1024.6,Put,920,4.45,26.47,31.2678,5,34,6
28-Oct-2025,1024.6,Put,850,0.2,35.02,31.2678,0,608,4
25-Nov-2025,1024.6,Call,1030,36.8,22.43,31.2678,1,27,4
25-Nov-2025,1024.6,Put,780,1,39.35,31.2678,1,13,4
25-Nov-2025,1024.6,Call,1060,23.5,22.46,31.2678,2,13,4
28-Oct-2025,1024.6,Put,860,0.2,33.11,31.2678,0,580,3
25-Nov-2025,1024.6,Put,1040,37.5,24.83,31.2678,1,2,3
30-Dec-2025,1024.6,Call,1120,16.5,21.39,31.2678,0,4,2
28-Oct-2025,1024.6,Put,840,0.15,35.71,31.2678,0,166,1
28-Oct-2025,1024.6,Call,930,99.65,20.35,31.2678,0,56,1
25-Nov-2025,1024.6,Call,1090,15,23.19,31.2678,0,0,1
30-Dec-2025,1024.6,Put,900,5.9,25.75,31.2678,0,13,1
28-Oct-2025,1024.6,Put,1090,0,0,31.2678,0,28,0
28-Oct-2025,1024.6,Put,870,0,0,31.2678,0,146,0
28-Oct-2025,1024.6,Put,1120,0,0,31.2678,0,21,0
28-Oct-2025,1024.6,Call,840,0,0,31.2678,0,15,0
28-Oct-2025,1024.6,Put,1110,0,0,31.2678,0,1,0
28-Oct-2025,1024.6,Call,820,0,0,31.2678,0,5,0
28-Oct-2025,1024.6,Call,940,0,0,31.2678,0,577,0
28-Oct-2025,1024.6,Put,1160,0,0,31.2678,0,132,0
28-Oct-2025,1024.6,Call,800,0,0,31.2678,0,106,0
28-Oct-2025,1024.6,Put,740,0,0,31.2678,0,8,0
28-Oct-2025,1024.6,Call,910,0,0,31.2678,0,62,0
28-Oct-2025,1024.6,Put,790,0,0,31.2678,0,3,0
28-Oct-2025,1024.6,Call,890,0,0,31.2678,0,16,0
28-Oct-2025,1024.6,Put,1180,0,0,31.2678,0,0,0
28-Oct-2025,1024.6,Call,870,0,0,31.2678,0,16,0
28-Oct-2025,1024.6,Put,800,0,0,31.2678,0,168,0
28-Oct-2025,1024.6,Call,860,0,0,31.2678,0,57,0
28-Oct-2025,1024.6,Call,850,0,0,31.2678,0,6,0
25-Nov-2025,1024.6,Put,890,0,0,31.2678,0,0,0
25-Nov-2025,1024.6,Call,880,0,0,31.2678,0,0,0
28-Oct-2025,1024.6,Call,920,0,0,31.2678,0,168,0
28-Oct-2025,1024.6,Put,760,0,0,31.2678,0,8,0
25-Nov-2025,1024.6,Put,1110,0,0,31.2678,0,0,0
25-Nov-2025,1024.6,Call,950,0,0,31.2678,0,0,0
25-Nov-2025,1024.6,Put,1010,0,0,31.2678,0,0,0
25-Nov-2025,1024.6,Put,1140,0,0,31.2678,0,0,0
25-Nov-2025,1024.6,Put,960,0,0,31.2678,0,0,0
28-Oct-2025,1024.6,Call,830,0,0,31.2678,0,7,0
28-Oct-2025,1024.6,Call,1180,0,0,31.2678,0,0,0
25-Nov-2025,1024.6,Call,960,0,0,31.2678,0,0,0
25-Nov-2025,1024.6,Call,940,0,0,31.2678,0,0,0
25-Nov-2025,1024.6,Put,1100,0,0,31.2678,0,0,0
25-Nov-2025,1024.6,Put,970,0,0,31.2678,0,0,0
25-Nov-2025,1024.6,Put,1060,0,0,31.2678,0,0,0
25-Nov-2025,1024.6,Put,1080,0,0,31.2678,0,0,0
28-Oct-2025,1024.6,Call,880,0,0,31.2678,0,63,0
25-Nov-2025,1024.6,Put,1030,0,0,31.2678,0,0,0
25-Nov-2025,1024.6,Put,930,0,0,31.2678,0,0,0
25-Nov-2025,1024.6,Put,1050,0,0,31.2678,0,0,0
25-Nov-2025,1024.6,Call,970,0,0,31.2678,0,0,0
28-Oct-2025,1024.6,Put,820,0,0,31.2678,0,90,0
25-Nov-2025,1024.6,Put,800,0,0,31.2678,0,15,0
25-Nov-2025,1024.6,Call,980,0,0,31.2678,0,0,0
25-Nov-2025,1024.6,Call,1070,0,0,31.2678,0,0,0
25-Nov-2025,1024.6,Call,990,0,0,31.2678,0,15,0
25-Nov-2025,1024.6,Call,1010,0,0,31.2678,0,4,0
28-Oct-2025,1024.6,Put,780,0,0,31.2678,0,11,0
25-Nov-2025,1024.6,Put,860,0,0,31.2678,0,0,0
25-Nov-2025,1024.6,Put,840,0,0,31.2678,0,0,0
25-Nov-2025,1024.6,Put,820,0,0,31.2678,0,0,0
25-Nov-2025,1024.6,Call,1160,0,0,31.2678,0,0,0
25-Nov-2025,1024.6,Call,860,0,0,31.2678,0,0,0
25-Nov-2025,1024.6,Put,1160,0,0,31.2678,0,0,0
25-Nov-2025,1024.6,Call,1110,0,0,31.2678,0,6,0
25-Nov-2025,1024.6,Put,940,0,0,31.2678,0,0,0
25-Nov-2025,1024.6,Call,890,0,0,31.2678,0,0,0
25-Nov-2025,1024.6,Put,910,0,0,31.2678,0,15,0
25-Nov-2025,1024.6,Put,1180,0,0,31.2678,0,0,0
25-Nov-2025,1024.6,Call,920,0,0,31.2678,0,0,0
28-Oct-2025,1024.6,Put,1140,0,0,31.2678,0,11,0
25-Nov-2025,1024.6,Call,1180,0,0,0,0,0,0
25-Nov-2025,1024.6,Call,910,0,0,31.2678,0,0,0
25-Nov-2025,1024.6,Call,1140,0,0,31.2678,0,0,0
25-Nov-2025,1024.6,Call,820,0,0,31.2678,0,0,0
25-Nov-2025,1024.6,Call,840,0,0,31.2678,0,0,0
25-Nov-2025,1024.6,Call,930,0,0,31.2678,0,0,0
25-Nov-2025,1024.6,Put,880,0,0,31.2678,0,0,0
25-Nov-2025,1024.6,Put,1120,0,0,31.2678,0,0,0
25-Nov-2025,1024.6,Put,990,0,0,31.2678,0,0,0
25-Nov-2025,1024.6,Call,900,0,0,31.2678,0,0,0
30-Dec-2025,1024.6,Put,1040,0,0,31.2678,0,0,0
30-Dec-2025,1024.6,Put,840,0,0,31.2678,0,0,0
25-Nov-2025,1024.6,Put,1090,0,0,31.2678,0,0,0
30-Dec-2025,1024.6,Call,1020,0,0,31.2678,0,0,0
25-Nov-2025,1024.6,Put,1070,0,0,31.2678,0,0,0
30-Dec-2025,1024.6,Put,1080,0,0,31.2678,0,0,0
30-Dec-2025,1024.6,Put,960,0,0,31.2678,0,0,0
30-Dec-2025,1024.6,Call,1040,0,0,31.2678,0,0,0
30-Dec-2025,1024.6,Put,1000,0,0,31.2678,0,0,0
30-Dec-2025,1024.6,Put,920,0,0,31.2678,0,0,0
30-Dec-2025,1024.6,Call,1060,0,0,31.2678,0,0,0
30-Dec-2025,1024.6,Put,980,0,0,31.2678,0,0,0
30-Dec-2025,1024.6,Put,1060,0,0,31.2678,0,0,0
30-Dec-2025,1024.6,Put,880,0,0,31.2678,0,0,0
30-Dec-2025,1024.6,Call,1080,0,0,31.2678,0,0,0
30-Dec-2025,1024.6,Call,1100,0,0,31.2678,0,0,0
30-Dec-2025,1024.6,Call,1200,0,0,0,0,0,0
30-Dec-2025,1024.6,Call,1000,0,0,31.2678,0,0,0
30-Dec-2025,1024.6,Put,1020,0,0,31.2678,0,0,0
