28-Oct-2025,1024.2,-,0,1027.4,0,31.2678,180,120253,2019
28-Oct-2025,1024.2,Call,1020,27,23.03,31.2678,51,2398,1259
28-Oct-2025,1024.2,Call,1030,21.65,23.23,31.2678,114,1818,1044
28-Oct-2025,1024.2,Put,1010,15.65,25.72,31.2678,-59,681,984
28-Oct-2025,1024.2,Put,1020,19.9,26.48,31.2678,132,1650,962
28-Oct-2025,1024.2,Call,1100,3.45,24.44,31.2678,-13,2931,925
28-Oct-2025,1024.2,Call,1040,17.1,23.36,31.2678,-17,1171,752
28-Oct-2025,1024.2,Call,1050,13.35,23.31,31.2678,-26,1323,675
28-Oct-2025,1024.2,Put,1000,12.1,26.31,31.2678,93,2047,603
28-Oct-2025,1024.2,Call,1000,39,22.59,31.2678,-8,1556,484
28-Oct-2025,1024.2,Put,990,9.15,26.27,31.2678,40,581,443
28-Oct-2025,1024.2,Put,980,6.95,26.54,31.2678,24,1010,410
28-Oct-2025,1024.2,Call,1010,32.75,22.83,31.2678,50,787,335
28-Oct-2025,1024.2,Put,970,5.1,26.66,31.2678,3,962,323
28-Oct-2025,1024.2,Call,1080,6.05,23.79,31.2678,-4,1347,302
28-Oct-2025,1024.2,Call,1070,8,23.58,31.2678,-7,571,292
28-Oct-2025,1024.2,Call,1060,10.4,23.49,31.2678,7,1026,283
25-Nov-2025,1024.2,-,0,1033.35,0,31.2678,117,1476,250
28-Oct-2025,1024.2,Put,1030,24.35,26.34,31.2678,45,1131,242
28-Oct-2025,1024.2,Put,900,0.6,30.13,31.2678,-61,1070,181
28-Oct-2025,1024.2,Put,950,2.75,27.21,31.2678,27,1006,174
25-Nov-2025,1024.2,Put,1000,19.5,24.56,31.2678,66,136,108
28-Oct-2025,1024.2,Put,1050,34.3,24.94,31.2678,1,654,98
28-Oct-2025,1024.2,Put,1040,30.15,26.43,31.2678,9,252,94
28-Oct-2025,1024.2,Call,1090,4.6,24.13,31.2678,-1,875,89
28-Oct-2025,1024.2,Put,960,3.75,26.67,31.2678,13,672,82
28-Oct-2025,1024.2,Put,930,1.4,28.16,31.2678,-11,368,78
28-Oct-2025,1024.2,Put,940,1.95,27.4,31.2678,-1,671,71
28-Oct-2025,1024.2,Call,1140,1.2,26.11,31.2678,0,995,65
28-Oct-2025,1024.2,Call,1120,1.95,25.51,31.2678,-7,674,62
28-Oct-2025,1024.2,Call,1110,2.7,24.83,31.2678,-15,280,61
28-Oct-2025,1024.2,Put,920,1,28.38,31.2678,-10,645,60
28-Oct-2025,1024.2,Call,980,54.15,21.12,31.2678,-5,318,54
28-Oct-2025,1024.2,Call,1160,0.65,26.95,31.2678,2,1457,53
28-Oct-2025,1024.2,Call,990,48.85,25.31,31.2678,-4,265,50
30-Dec-2025,1024.2,-,0,1041,0,31.2678,9,142,45
25-Nov-2025,1024.2,Put,950,8.2,25.81,31.2678,1,200,44
28-Oct-2025,1024.2,Call,960,71.45,19.65,31.2678,-2,227,40
25-Nov-2025,1024.2,Call,1120,8.75,23.14,31.2678,23,74,37
28-Oct-2025,1024.2,Put,890,0.4,30.31,31.2678,4,204,32
28-Oct-2025,1024.2,Put,1100,75.6,29.22,31.2678,-7,535,22
28-Oct-2025,1024.2,Put,1060,42,26.19,31.2678,-2,96,20
28-Oct-2025,1024.2,Put,1070,48.05,24.78,31.2678,-1,46,19
28-Oct-2025,1024.2,Put,1080,56.25,25.42,31.2678,-12,48,19
25-Nov-2025,1024.2,Call,1040,32.25,22.4,31.2678,4,208,19
25-Nov-2025,1024.2,Call,1100,13,23.38,31.2678,3,337,19
28-Oct-2025,1024.2,Put,910,0.8,29.42,31.2678,-2,273,15
28-Oct-2025,1024.2,Call,950,80.05,0,31.2678,0,482,15
25-Nov-2025,1024.2,Call,1020,40.4,20.82,31.2678,0,88,15
28-Oct-2025,1024.2,Call,970,63.15,21.93,31.2678,0,610,12
25-Nov-2025,1024.2,Call,1050,25.05,20.54,31.2678,8,42,11
25-Nov-2025,1024.2,Call,1080,16.2,21.79,31.2678,-1,60,10
25-Nov-2025,1024.2,Call,1000,48,16.85,31.2678,2,156,7
25-Nov-2025,1024.2,Put,900,3,27.35,31.2678,0,89,7
25-Nov-2025,1024.2,Put,1020,28.25,25.27,31.2678,0,44,7
28-Oct-2025,1024.2,Call,900,123,0,31.2678,-1,351,5
25-Nov-2025,1024.2,Put,920,4.5,26.68,31.2678,1,30,5
28-Oct-2025,1024.2,Put,850,0.2,35.14,31.2678,0,608,4
25-Nov-2025,1024.2,Put,980,15.3,26.19,31.2678,1,96,3
25-Nov-2025,1024.2,Call,1060,22,21.18,31.2678,2,13,3
25-Nov-2025,1024.2,Call,1030,35,20.88,31.2678,0,26,3
28-Oct-2025,1024.2,Put,860,0.2,33.24,31.2678,0,580,2
30-Dec-2025,1024.2,Call,1120,16.5,21.26,31.2678,0,4,2
28-Oct-2025,1024.2,Put,880,0.45,32.88,31.2678,0,167,1
28-Oct-2025,1024.2,Put,840,0.15,35.83,31.2678,0,166,1
25-Nov-2025,1024.2,Call,1090,15,23,31.2678,0,0,1
25-Nov-2025,1024.2,Put,780,1,39.44,31.2678,0,12,1
30-Dec-2025,1024.2,Put,900,5.9,25.84,31.2678,0,13,1
28-Oct-2025,1024.2,Call,930,0,0,31.2678,0,56,0
28-Oct-2025,1024.2,Call,880,0,0,31.2678,0,63,0
28-Oct-2025,1024.2,Call,800,0,0,31.2678,0,106,0
28-Oct-2025,1024.2,Call,860,0,0,31.2678,0,57,0
28-Oct-2025,1024.2,Call,920,0,0,31.2678,0,168,0
28-Oct-2025,1024.2,Call,1180,0,0,31.2678,0,0,0
28-Oct-2025,1024.2,Put,1180,0,0,31.2678,0,0,0
28-Oct-2025,1024.2,Put,790,0,0,31.2678,0,3,0
28-Oct-2025,1024.2,Put,1110,0,0,31.2678,0,1,0
28-Oct-2025,1024.2,Put,760,0,0,31.2678,0,8,0
28-Oct-2025,1024.2,Call,840,0,0,31.2678,0,15,0
28-Oct-2025,1024.2,Put,780,0,0,31.2678,0,11,0
28-Oct-2025,1024.2,Call,830,0,0,31.2678,0,7,0
28-Oct-2025,1024.2,Call,850,0,0,31.2678,0,6,0
28-Oct-2025,1024.2,Put,1140,0,0,31.2678,0,11,0
28-Oct-2025,1024.2,Put,800,0,0,31.2678,0,168,0
28-Oct-2025,1024.2,Put,820,0,0,31.2678,0,90,0
28-Oct-2025,1024.2,Put,1090,0,0,31.2678,0,28,0
28-Oct-2025,1024.2,Put,870,0,0,31.2678,0,146,0
28-Oct-2025,1024.2,Call,940,0,0,31.2678,0,577,0
28-Oct-2025,1024.2,Put,1160,0,0,31.2678,0,132,0
28-Oct-2025,1024.2,Put,1120,0,0,31.2678,0,21,0
28-Oct-2025,1024.2,Call,890,0,0,31.2678,0,16,0
28-Oct-2025,1024.2,Call,870,0,0,31.2678,0,16,0
28-Oct-2025,1024.2,Call,910,0,0,31.2678,0,62,0
28-Oct-2025,1024.2,Call,820,0,0,31.2678,0,5,0
28-Oct-2025,1024.2,Put,740,0,0,31.2678,0,8,0
25-Nov-2025,1024.2,Call,1160,0,0,31.2678,0,0,0
25-Nov-2025,1024.2,Put,800,0,0,31.2678,0,15,0
25-Nov-2025,1024.2,Call,1110,0,0,31.2678,0,6,0
25-Nov-2025,1024.2,Call,990,0,0,31.2678,0,15,0
25-Nov-2025,1024.2,Call,1010,0,0,31.2678,0,4,0
25-Nov-2025,1024.2,Call,1070,0,0,31.2678,0,0,0
25-Nov-2025,1024.2,Call,1140,0,0,31.2678,0,0,0
25-Nov-2025,1024.2,Put,940,0,0,31.2678,0,0,0
25-Nov-2025,1024.2,Put,1040,0,0,31.2678,0,1,0
25-Nov-2025,1024.2,Put,840,0,0,31.2678,0,0,0
25-Nov-2025,1024.2,Put,880,0,0,31.2678,0,0,0
25-Nov-2025,1024.2,Put,1030,0,0,31.2678,0,0,0
25-Nov-2025,1024.2,Call,1180,0,0,0,0,0,0
25-Nov-2025,1024.2,Put,1050,0,0,31.2678,0,0,0
25-Nov-2025,1024.2,Call,980,0,0,31.2678,0,0,0
25-Nov-2025,1024.2,Put,1070,0,0,31.2678,0,0,0
25-Nov-2025,1024.2,Put,1090,0,0,31.2678,0,0,0
25-Nov-2025,1024.2,Put,1120,0,0,31.2678,0,0,0
25-Nov-2025,1024.2,Put,1140,0,0,31.2678,0,0,0
25-Nov-2025,1024.2,Call,860,0,0,31.2678,0,0,0
25-Nov-2025,1024.2,Call,920,0,0,31.2678,0,0,0
25-Nov-2025,1024.2,Put,910,0,0,31.2678,0,15,0
25-Nov-2025,1024.2,Put,930,0,0,31.2678,0,0,0
25-Nov-2025,1024.2,Call,960,0,0,31.2678,0,0,0
25-Nov-2025,1024.2,Put,1180,0,0,31.2678,0,0,0
25-Nov-2025,1024.2,Call,880,0,0,31.2678,0,0,0
25-Nov-2025,1024.2,Call,900,0,0,31.2678,0,0,0
25-Nov-2025,1024.2,Put,960,0,0,31.2678,0,0,0
25-Nov-2025,1024.2,Call,910,0,0,31.2678,0,0,0
25-Nov-2025,1024.2,Call,930,0,0,31.2678,0,0,0
25-Nov-2025,1024.2,Call,950,0,0,31.2678,0,0,0
25-Nov-2025,1024.2,Put,820,0,0,31.2678,0,0,0
25-Nov-2025,1024.2,Put,860,0,0,31.2678,0,0,0
25-Nov-2025,1024.2,Put,1160,0,0,31.2678,0,0,0
25-Nov-2025,1024.2,Put,890,0,0,31.2678,0,0,0
25-Nov-2025,1024.2,Call,890,0,0,31.2678,0,0,0
25-Nov-2025,1024.2,Call,970,0,0,31.2678,0,0,0
25-Nov-2025,1024.2,Put,1110,0,0,31.2678,0,0,0
25-Nov-2025,1024.2,Put,1010,0,0,31.2678,0,0,0
25-Nov-2025,1024.2,Put,970,0,0,31.2678,0,0,0
25-Nov-2025,1024.2,Put,1060,0,0,31.2678,0,0,0
25-Nov-2025,1024.2,Put,1080,0,0,31.2678,0,0,0
25-Nov-2025,1024.2,Call,820,0,0,31.2678,0,0,0
25-Nov-2025,1024.2,Call,940,0,0,31.2678,0,0,0
25-Nov-2025,1024.2,Put,1100,0,0,31.2678,0,0,0
30-Dec-2025,1024.2,Call,1200,0,0,0,0,0,0
25-Nov-2025,1024.2,Call,840,0,0,31.2678,0,0,0
30-Dec-2025,1024.2,Call,1040,0,0,31.2678,0,0,0
30-Dec-2025,1024.2,Call,1060,0,0,31.2678,0,0,0
30-Dec-2025,1024.2,Put,1020,0,0,31.2678,0,0,0
25-Nov-2025,1024.2,Put,990,0,0,31.2678,0,0,0
30-Dec-2025,1024.2,Put,1040,0,0,31.2678,0,0,0
30-Dec-2025,1024.2,Put,1060,0,0,31.2678,0,0,0
30-Dec-2025,1024.2,Call,1100,0,0,31.2678,0,0,0
30-Dec-2025,1024.2,Call,1080,0,0,31.2678,0,0,0
30-Dec-2025,1024.2,Call,1000,0,0,31.2678,0,0,0
30-Dec-2025,1024.2,Put,880,0,0,31.2678,0,0,0
30-Dec-2025,1024.2,Call,1020,0,0,31.2678,0,0,0
30-Dec-2025,1024.2,Put,1080,0,0,31.2678,0,0,0
30-Dec-2025,1024.2,Put,960,0,0,31.2678,0,0,0
30-Dec-2025,1024.2,Put,1000,0,0,31.2678,0,0,0
30-Dec-2025,1024.2,Put,920,0,0,31.2678,0,0,0
30-Dec-2025,1024.2,Put,840,0,0,31.2678,0,0,0
30-Dec-2025,1024.2,Put,980,0,0,31.2678,0,0,0
