28-Oct-2025,406.5,Call,410,7.85,22.8,37.9851,53,2956,3149
28-Oct-2025,406.5,-,0,408.5,0,37.9851,245,36737,2886
28-Oct-2025,406.5,Call,420,4.25,23.23,37.9851,-178,3336,2736
28-Oct-2025,406.5,Call,405,10.25,22.64,37.9851,37,1105,1978
28-Oct-2025,406.5,Call,415,5.8,22.92,37.9851,-25,2004,1760
28-Oct-2025,406.5,Put,400,4.65,22.65,37.9851,130,1852,1742
28-Oct-2025,406.5,Put,405,6.75,22.78,37.9851,92,1115,1468
28-Oct-2025,406.5,Call,400,13.35,22.57,37.9851,81,1222,956
28-Oct-2025,406.5,Put,410,9.05,22.74,37.9851,59,1902,931
28-Oct-2025,406.5,Put,395,3.15,22.73,37.9851,25,677,870
28-Oct-2025,406.5,Call,425,3.05,23.46,37.9851,40,1083,821
28-Oct-2025,406.5,Call,430,2.2,23.8,37.9851,22,2041,806
28-Oct-2025,406.5,Put,390,2.1,23.13,37.9851,-59,1153,606
28-Oct-2025,406.5,Call,440,1.25,25.36,37.9851,4,1521,480
25-Nov-2025,406.5,-,0,410.75,0,37.9851,130,2015,451
28-Oct-2025,406.5,Put,380,1,24.92,37.9851,-27,830,392
28-Oct-2025,406.5,Call,435,1.6,24.37,37.9851,-20,688,323
28-Oct-2025,406.5,Put,385,1.45,23.67,37.9851,-60,581,318
28-Oct-2025,406.5,Call,450,0.75,27.05,37.9851,-5,1538,314
28-Oct-2025,406.5,Put,415,12.05,23.07,37.9851,12,810,263
28-Oct-2025,406.5,Call,445,0.95,26.32,37.9851,59,327,164
28-Oct-2025,406.5,Put,420,14.65,23.17,37.9851,-25,802,135
28-Oct-2025,406.5,Put,370,0.45,27.24,37.9851,3,449,125
28-Oct-2025,406.5,Call,460,0.5,28.77,37.9851,20,1054,124
28-Oct-2025,406.5,Call,470,0.3,30.81,37.9851,-2,830,115
28-Oct-2025,406.5,Put,375,0.65,25.75,37.9851,-5,432,87
28-Oct-2025,406.5,Call,395,17,23.08,37.9851,4,122,86
28-Oct-2025,406.5,Call,455,0.6,28.6,37.9851,19,101,64
25-Nov-2025,406.5,Call,430,7.3,23.34,37.9851,-4,120,56
30-Dec-2025,406.5,-,0,413.4,0,37.9851,5,341,49
28-Oct-2025,406.5,Call,390,21,19.77,37.9851,-7,260,48
28-Oct-2025,406.5,Put,340,0.15,37.1,37.9851,7,228,48
28-Oct-2025,406.5,Put,350,0.2,33.39,37.9851,-2,299,45
25-Nov-2025,406.5,Call,420,10.55,22.96,37.9851,6,181,43
25-Nov-2025,406.5,Call,450,3.4,24.85,37.9851,34,115,42
25-Nov-2025,406.5,Put,370,2.1,25.8,37.9851,21,154,38
28-Oct-2025,406.5,Put,425,19.7,27.81,37.9851,-10,218,33
25-Nov-2025,406.5,Put,380,3.55,25.72,37.9851,7,182,32
25-Nov-2025,406.5,Put,390,5.75,24.86,37.9851,4,139,28
25-Nov-2025,406.5,Call,480,1.25,27.47,37.9851,10,320,27
25-Nov-2025,406.5,Put,400,8.7,24.66,37.9851,-4,193,21
25-Nov-2025,406.5,Call,415,12.55,23.08,37.9851,1,21,16
28-Oct-2025,406.5,Put,320,0.1,45.15,37.9851,-13,62,15
28-Oct-2025,406.5,Call,380,29.7,0,37.9851,-8,275,15
28-Oct-2025,406.5,Put,365,0.4,28.88,37.9851,-3,127,14
28-Oct-2025,406.5,Put,440,32.1,29.49,37.9851,0,145,9
28-Oct-2025,406.5,Put,360,0.3,30.13,37.9851,-1,398,8
25-Nov-2025,406.5,Call,410,15,21.4,37.9851,0,72,8
28-Oct-2025,406.5,Call,375,34.25,0,37.9851,0,57,8
25-Nov-2025,406.5,Call,405,17.3,22.41,37.9851,0,5,8
28-Oct-2025,406.5,Call,385,25.2,21.33,37.9851,-1,66,7
28-Oct-2025,406.5,Put,355,0.25,31.89,37.9851,-1,220,7
25-Nov-2025,406.5,Put,365,1.8,27.09,37.9851,4,11,7
28-Oct-2025,406.5,Call,370,38.4,0,37.9851,-4,118,6
28-Oct-2025,406.5,Put,330,0.1,40.11,37.9851,-4,23,6
25-Nov-2025,406.5,Put,405,11.25,25.75,37.9851,0,45,6
25-Nov-2025,406.5,Call,400,19.5,20.86,37.9851,-1,47,6
28-Oct-2025,406.5,Put,430,23.2,25.8,37.9851,-2,183,5
25-Nov-2025,406.5,Call,440,4.95,24.15,37.9851,2,115,5
30-Dec-2025,406.5,Call,420,15.35,21.68,37.9851,-1,14,5
25-Nov-2025,406.5,Put,385,4.6,25.56,37.9851,2,13,4
28-Oct-2025,406.5,Put,450,40.85,28.48,37.9851,-1,191,3
28-Oct-2025,406.5,Put,435,28.45,31.52,37.9851,0,24,3
28-Oct-2025,406.5,Put,335,0.15,39.67,37.9851,0,81,3
25-Nov-2025,406.5,Call,425,8.85,23.6,37.9851,1,11,3
28-Oct-2025,406.5,Call,350,58.35,0,37.9851,1,272,2
25-Nov-2025,406.5,Put,420,18.85,25.77,37.9851,1,33,2
28-Oct-2025,406.5,Call,360,47.8,0,37.9851,0,112,2
25-Nov-2025,406.5,Call,460,2.4,25.78,37.9851,1,34,2
25-Nov-2025,406.5,Put,410,13.2,24.59,37.9851,0,63,2
25-Nov-2025,406.5,Call,380,34.75,21.46,37.9851,-1,3,2
28-Oct-2025,406.5,Put,345,0.2,36.01,37.9851,0,34,1
28-Oct-2025,406.5,Put,310,0.05,46.54,37.9851,0,31,1
28-Oct-2025,406.5,Put,460,0,0,37.9851,0,46,0
28-Oct-2025,406.5,Call,345,0,0,37.9851,0,6,0
28-Oct-2025,406.5,Call,365,0,0,37.9851,0,9,0
28-Oct-2025,406.5,Call,320,0,0,37.9851,0,16,0
28-Oct-2025,406.5,Call,355,0,0,37.9851,0,12,0
28-Oct-2025,406.5,Put,445,0,0,37.9851,0,34,0
28-Oct-2025,406.5,Call,340,0,0,37.9851,0,24,0
25-Nov-2025,406.5,Put,440,0,0,37.9851,0,3,0
28-Oct-2025,406.5,Put,470,0,0,37.9851,0,7,0
25-Nov-2025,406.5,Call,360,0,0,37.9851,0,0,0
25-Nov-2025,406.5,Put,450,0,0,37.9851,0,2,0
25-Nov-2025,406.5,Put,360,0,0,37.9851,0,0,0
25-Nov-2025,406.5,Put,375,0,0,37.9851,0,0,0
28-Oct-2025,406.5,Call,330,0,0,37.9851,0,1,0
25-Nov-2025,406.5,Put,430,0,0,37.9851,0,11,0
25-Nov-2025,406.5,Put,455,0,0,37.9851,0,0,0
25-Nov-2025,406.5,Call,455,0,0,37.9851,0,0,0
25-Nov-2025,406.5,Put,460,0,0,37.9851,0,0,0
25-Nov-2025,406.5,Call,385,0,0,37.9851,0,2,0
28-Oct-2025,406.5,Put,455,0,0,37.9851,0,0,0
25-Nov-2025,406.5,Put,445,0,0,37.9851,0,2,0
25-Nov-2025,406.5,Put,320,0,0,37.9851,0,11,0
25-Nov-2025,406.5,Put,340,0,0,37.9851,0,0,0
25-Nov-2025,406.5,Call,435,0,0,37.9851,0,3,0
25-Nov-2025,406.5,Call,340,0,0,37.9851,0,0,0
25-Nov-2025,406.5,Put,425,0,0,37.9851,0,5,0
30-Dec-2025,406.5,Put,430,0,0,37.9851,0,0,0
25-Nov-2025,406.5,Put,395,0,0,37.9851,0,34,0
25-Nov-2025,406.5,Call,375,0,0,37.9851,0,0,0
30-Dec-2025,406.5,Call,410,0,0,37.9851,0,0,0
25-Nov-2025,406.5,Put,470,0,0,37.9851,0,0,0
25-Nov-2025,406.5,Call,445,0,0,37.9851,0,1,0
25-Nov-2025,406.5,Call,370,0,0,37.9851,0,0,0
25-Nov-2025,406.5,Call,350,0,0,37.9851,0,0,0
25-Nov-2025,406.5,Put,350,0,0,37.9851,0,0,0
25-Nov-2025,406.5,Call,390,0,0,37.9851,0,1,0
30-Dec-2025,406.5,Call,400,0,0,37.9851,0,0,0
25-Nov-2025,406.5,Call,365,0,0,37.9851,0,0,0
25-Nov-2025,406.5,Call,470,0,0,37.9851,0,0,0
30-Dec-2025,406.5,Call,390,0,0,37.9851,0,0,0
25-Nov-2025,406.5,Call,395,0,0,37.9851,0,0,0
25-Nov-2025,406.5,Put,435,0,0,37.9851,0,0,0
25-Nov-2025,406.5,Put,415,0,0,37.9851,0,32,0
30-Dec-2025,406.5,Put,370,0,0,37.9851,0,0,0
30-Dec-2025,406.5,Call,440,0,0,37.9851,0,0,0
30-Dec-2025,406.5,Put,340,0,0,37.9851,0,1,0
30-Dec-2025,406.5,Put,380,0,0,37.9851,0,0,0
30-Dec-2025,406.5,Call,430,0,0,37.9851,0,0,0
30-Dec-2025,406.5,Call,460,0,0,37.9851,0,0,0
30-Dec-2025,406.5,Call,480,0,0,37.9851,0,0,0
30-Dec-2025,406.5,Put,360,0,0,37.9851,0,4,0
30-Dec-2025,406.5,Call,450,0,0,37.9851,0,0,0
30-Dec-2025,406.5,Put,400,0,0,37.9851,0,1,0
30-Dec-2025,406.5,Put,390,0,0,37.9851,0,0,0
30-Dec-2025,406.5,Put,410,0,0,37.9851,0,0,0
30-Dec-2025,406.5,Put,420,0,0,37.9851,0,2,0
