28-Oct-2025,404.85,-,0,406.45,0,37.9851,93,36585,343
28-Oct-2025,404.85,Call,410,7.6,25.24,37.9851,40,2943,297
28-Oct-2025,404.85,Call,420,4.35,25.45,37.9851,9,3523,243
28-Oct-2025,404.85,Call,405,9.85,25.13,37.9851,-14,1054,232
28-Oct-2025,404.85,Call,400,12.65,25.38,37.9851,53,1194,187
28-Oct-2025,404.85,Call,415,5.75,25.46,37.9851,3,2032,148
28-Oct-2025,404.85,Put,400,6,24.17,37.9851,34,1756,143
28-Oct-2025,404.85,Put,405,8.2,24.19,37.9851,14,1037,138
28-Oct-2025,404.85,Put,410,10.9,24.08,37.9851,12,1855,96
28-Oct-2025,404.85,Call,425,3.1,25.67,37.9851,-8,1035,90
28-Oct-2025,404.85,Put,395,4.2,23.9,37.9851,8,660,69
28-Oct-2025,404.85,Call,430,2.25,25.99,37.9851,3,2022,68
28-Oct-2025,404.85,Put,385,2,24.52,37.9851,-6,635,52
28-Oct-2025,404.85,Call,440,1.25,27.26,37.9851,10,1527,43
28-Oct-2025,404.85,Put,415,14.15,24.17,37.9851,-2,796,38
25-Nov-2025,404.85,-,0,408.75,0,37.9851,-3,1882,29
28-Oct-2025,404.85,Call,450,0.75,28.98,37.9851,0,1543,26
28-Oct-2025,404.85,Call,470,0.3,32.43,37.9851,-3,829,23
28-Oct-2025,404.85,Put,380,1.35,25.23,37.9851,4,861,17
28-Oct-2025,404.85,Put,390,3,24.25,37.9851,1,1213,16
28-Oct-2025,404.85,Call,395,15.7,24.52,37.9851,7,125,15
28-Oct-2025,404.85,Call,460,0.5,31.11,37.9851,0,1034,11
28-Oct-2025,404.85,Put,420,17.95,22.51,37.9851,2,829,7
28-Oct-2025,404.85,Call,435,1.65,26.49,37.9851,2,710,6
30-Dec-2025,404.85,-,0,411.2,0,37.9851,-3,333,5
28-Oct-2025,404.85,Put,370,0.6,26.91,37.9851,1,447,5
28-Oct-2025,404.85,Put,375,0.95,26.49,37.9851,1,438,5
28-Oct-2025,404.85,Put,355,0.3,31.25,37.9851,0,221,4
28-Oct-2025,404.85,Put,350,0.25,33.01,37.9851,0,301,3
28-Oct-2025,404.85,Put,365,0.5,0,37.9851,0,130,3
28-Oct-2025,404.85,Call,390,20.05,27.19,37.9851,0,267,3
28-Oct-2025,404.85,Call,375,32.8,29.91,37.9851,0,57,2
25-Nov-2025,404.85,Call,480,1.1,0,37.9851,0,310,2
25-Nov-2025,404.85,Call,405,15.9,23.53,37.9851,0,5,2
28-Oct-2025,404.85,Call,455,0.6,0,37.9851,0,82,1
25-Nov-2025,404.85,Call,420,10.6,25.96,37.9851,0,175,1
25-Nov-2025,404.85,Put,385,7.05,29.22,37.9851,0,11,1
25-Nov-2025,404.85,Call,440,4.75,0,37.9851,0,113,1
25-Nov-2025,404.85,Call,410,13.7,24.05,37.9851,0,72,1
25-Nov-2025,404.85,Put,400,10.25,25.31,37.9851,0,197,1
28-Oct-2025,404.85,Call,355,0,0,37.9851,0,12,0
28-Oct-2025,404.85,Call,345,0,0,37.9851,0,6,0
28-Oct-2025,404.85,Put,335,0,0,37.9851,0,81,0
28-Oct-2025,404.85,Put,345,0,0,37.9851,0,34,0
28-Oct-2025,404.85,Put,445,0,0,37.9851,0,34,0
28-Oct-2025,404.85,Call,445,0,0,37.9851,0,268,0
28-Oct-2025,404.85,Put,455,0,0,37.9851,0,0,0
28-Oct-2025,404.85,Put,435,0,0,37.9851,0,24,0
28-Oct-2025,404.85,Put,460,0,0,37.9851,0,46,0
28-Oct-2025,404.85,Put,430,0,0,37.9851,0,185,0
28-Oct-2025,404.85,Call,370,0,0,37.9851,0,122,0
28-Oct-2025,404.85,Call,385,0,0,37.9851,0,67,0
28-Oct-2025,404.85,Call,365,0,0,37.9851,0,9,0
28-Oct-2025,404.85,Call,360,0,0,37.9851,0,112,0
28-Oct-2025,404.85,Call,320,0,0,37.9851,0,16,0
28-Oct-2025,404.85,Put,310,0,0,37.9851,0,31,0
28-Oct-2025,404.85,Call,340,0,0,37.9851,0,24,0
28-Oct-2025,404.85,Call,350,0,0,37.9851,0,271,0
28-Oct-2025,404.85,Put,340,0,0,37.9851,0,221,0
28-Oct-2025,404.85,Call,330,0,0,37.9851,0,1,0
28-Oct-2025,404.85,Put,330,0,0,37.9851,0,27,0
28-Oct-2025,404.85,Put,440,0,0,37.9851,0,145,0
28-Oct-2025,404.85,Put,425,0,0,37.9851,0,228,0
28-Oct-2025,404.85,Put,450,0,0,37.9851,0,192,0
28-Oct-2025,404.85,Put,320,0,0,37.9851,0,75,0
28-Oct-2025,404.85,Put,470,0,0,37.9851,0,7,0
28-Oct-2025,404.85,Call,380,0,0,37.9851,0,283,0
28-Oct-2025,404.85,Put,360,0,0,37.9851,0,399,0
25-Nov-2025,404.85,Put,350,0,0,37.9851,0,0,0
25-Nov-2025,404.85,Put,470,0,0,37.9851,0,0,0
25-Nov-2025,404.85,Put,380,0,0,37.9851,0,175,0
25-Nov-2025,404.85,Put,360,0,0,37.9851,0,0,0
25-Nov-2025,404.85,Call,460,0,0,37.9851,0,33,0
25-Nov-2025,404.85,Call,365,0,0,37.9851,0,0,0
25-Nov-2025,404.85,Call,370,0,0,37.9851,0,0,0
25-Nov-2025,404.85,Put,425,0,0,37.9851,0,5,0
25-Nov-2025,404.85,Put,405,0,0,37.9851,0,45,0
25-Nov-2025,404.85,Put,410,0,0,37.9851,0,63,0
25-Nov-2025,404.85,Call,430,0,0,37.9851,0,124,0
25-Nov-2025,404.85,Put,365,0,0,37.9851,0,7,0
25-Nov-2025,404.85,Call,375,0,0,37.9851,0,0,0
25-Nov-2025,404.85,Put,375,0,0,37.9851,0,0,0
25-Nov-2025,404.85,Call,385,0,0,37.9851,0,2,0
25-Nov-2025,404.85,Call,395,0,0,37.9851,0,0,0
25-Nov-2025,404.85,Put,395,0,0,37.9851,0,34,0
25-Nov-2025,404.85,Call,415,0,0,37.9851,0,20,0
25-Nov-2025,404.85,Put,415,0,0,37.9851,0,32,0
25-Nov-2025,404.85,Call,425,0,0,37.9851,0,10,0
25-Nov-2025,404.85,Call,435,0,0,37.9851,0,3,0
25-Nov-2025,404.85,Put,435,0,0,37.9851,0,0,0
25-Nov-2025,404.85,Call,445,0,0,37.9851,0,1,0
25-Nov-2025,404.85,Put,445,0,0,37.9851,0,2,0
25-Nov-2025,404.85,Put,390,0,0,37.9851,0,135,0
25-Nov-2025,404.85,Call,360,0,0,37.9851,0,0,0
25-Nov-2025,404.85,Put,370,0,0,37.9851,0,133,0
25-Nov-2025,404.85,Call,380,0,0,37.9851,0,4,0
25-Nov-2025,404.85,Call,340,0,0,37.9851,0,0,0
25-Nov-2025,404.85,Call,350,0,0,37.9851,0,0,0
25-Nov-2025,404.85,Put,450,0,0,37.9851,0,2,0
25-Nov-2025,404.85,Put,440,0,0,37.9851,0,3,0
25-Nov-2025,404.85,Put,460,0,0,37.9851,0,0,0
25-Nov-2025,404.85,Call,450,0,0,37.9851,0,81,0
25-Nov-2025,404.85,Call,455,0,0,37.9851,0,0,0
25-Nov-2025,404.85,Put,420,0,0,37.9851,0,32,0
25-Nov-2025,404.85,Call,470,0,0,37.9851,0,0,0
25-Nov-2025,404.85,Put,320,0,0,37.9851,0,11,0
25-Nov-2025,404.85,Put,430,0,0,37.9851,0,11,0
25-Nov-2025,404.85,Put,340,0,0,37.9851,0,0,0
25-Nov-2025,404.85,Call,390,0,0,37.9851,0,1,0
25-Nov-2025,404.85,Call,400,0,0,37.9851,0,48,0
25-Nov-2025,404.85,Put,455,0,0,37.9851,0,0,0
30-Dec-2025,404.85,Put,360,0,0,37.9851,0,4,0
30-Dec-2025,404.85,Put,400,0,0,37.9851,0,1,0
30-Dec-2025,404.85,Put,390,0,0,37.9851,0,0,0
30-Dec-2025,404.85,Put,380,0,0,37.9851,0,0,0
30-Dec-2025,404.85,Put,340,0,0,37.9851,0,1,0
30-Dec-2025,404.85,Put,430,0,0,37.9851,0,0,0
30-Dec-2025,404.85,Call,450,0,0,37.9851,0,0,0
30-Dec-2025,404.85,Call,440,0,0,37.9851,0,0,0
30-Dec-2025,404.85,Call,430,0,0,37.9851,0,0,0
30-Dec-2025,404.85,Call,420,0,0,37.9851,0,15,0
30-Dec-2025,404.85,Call,410,0,0,37.9851,0,0,0
30-Dec-2025,404.85,Call,400,0,0,37.9851,0,0,0
30-Dec-2025,404.85,Put,420,0,0,37.9851,0,2,0
30-Dec-2025,404.85,Put,410,0,0,37.9851,0,0,0
