28-Oct-2025,1193.4,-,0,1194.7,0,38.7307,-94,21469,1615
28-Oct-2025,1193.4,Call,1200,27.5,25.17,38.7307,-4,921,658
28-Oct-2025,1193.4,Call,1240,13.2,26.32,38.7307,-33,774,408
28-Oct-2025,1193.4,Put,1180,23,29.42,38.7307,-76,311,405
28-Oct-2025,1193.4,Call,1220,19.35,25.65,38.7307,-56,1120,312
28-Oct-2025,1193.4,Call,1260,8.95,27.08,38.7307,-7,518,312
28-Oct-2025,1193.4,Put,1200,32.8,30.86,38.7307,-17,810,273
28-Oct-2025,1193.4,Call,1180,37.7,24.88,38.7307,-34,129,267
28-Oct-2025,1193.4,Call,1300,4.25,28.55,38.7307,49,1353,267
28-Oct-2025,1193.4,Call,1280,6.2,27.81,38.7307,26,345,161
28-Oct-2025,1193.4,Put,1140,10.95,29.44,38.7307,-1,263,158
25-Nov-2025,1193.4,-,0,1191.1,0,38.7307,51,725,126
28-Oct-2025,1193.4,Put,1100,4.75,31.35,38.7307,7,444,124
28-Oct-2025,1193.4,Put,1160,15.7,29.47,38.7307,-20,293,118
28-Oct-2025,1193.4,Put,1120,7.1,30.81,38.7307,1,135,51
28-Oct-2025,1193.4,Put,1220,44.55,31.03,38.7307,2,534,48
28-Oct-2025,1193.4,Call,1340,2.05,30.44,38.7307,-18,141,43
28-Oct-2025,1193.4,Call,1160,50,24.22,38.7307,12,74,43
28-Oct-2025,1193.4,Put,1240,58.5,33.62,38.7307,-7,219,41
30-Dec-2025,1193.4,-,0,1191.9,0,38.7307,-5,84,37
28-Oct-2025,1193.4,Put,1080,3.1,32.92,38.7307,18,109,36
25-Nov-2025,1193.4,Call,1300,16.15,27.38,38.7307,27,56,35
28-Oct-2025,1193.4,Call,1320,2.8,29.32,38.7307,15,190,24
25-Nov-2025,1193.4,Put,1200,53.8,34.77,38.7307,7,66,21
28-Oct-2025,1193.4,Call,1140,66.4,25.82,38.7307,-3,37,18
28-Oct-2025,1193.4,Call,1120,80.2,19.21,38.7307,1,16,16
28-Oct-2025,1193.4,Call,1100,97.75,0,38.7307,-1,28,16
28-Oct-2025,1193.4,Put,1060,2.15,34.48,38.7307,-3,128,12
28-Oct-2025,1193.4,Put,1260,73.7,32.07,38.7307,-3,163,11
25-Nov-2025,1193.4,Call,1240,31.15,26,38.7307,-1,83,9
25-Nov-2025,1193.4,Put,1100,18,34.39,38.7307,5,7,8
28-Oct-2025,1193.4,Call,1360,1.3,30.76,38.7307,-1,88,5
28-Oct-2025,1193.4,Call,1380,1,32.14,38.7307,-4,78,5
28-Oct-2025,1193.4,Put,1000,1.1,41.61,38.7307,-1,68,5
28-Oct-2025,1193.4,Put,1040,1.6,36.31,38.7307,-2,130,5
28-Oct-2025,1193.4,Call,1400,0.75,33.28,38.7307,-1,311,4
28-Oct-2025,1193.4,Call,1480,0.3,38.17,38.7307,0,14,1
25-Nov-2025,1193.4,Put,1160,40,36.48,38.7307,0,1,1
25-Nov-2025,1193.4,Call,1100,107.5,12.47,38.7307,0,0,1
25-Nov-2025,1193.4,Call,1200,47.95,25.62,38.7307,0,0,1
28-Oct-2025,1193.4,Put,1480,0,0,38.7307,0,2,0
28-Oct-2025,1193.4,Put,920,0,0,38.7307,0,11,0
28-Oct-2025,1193.4,Put,1440,0,0,38.7307,0,0,0
28-Oct-2025,1193.4,Put,980,0,0,38.7307,0,15,0
28-Oct-2025,1193.4,Call,1440,0,0,38.7307,0,7,0
28-Oct-2025,1193.4,Put,1020,0,0,38.7307,0,16,0
28-Oct-2025,1193.4,Put,1300,0,0,38.7307,0,349,0
25-Nov-2025,1193.4,Put,1400,0,0,38.7307,0,0,0
28-Oct-2025,1193.4,Call,1040,0,0,38.7307,0,0,0
28-Oct-2025,1193.4,Put,1340,0,0,38.7307,0,12,0
28-Oct-2025,1193.4,Call,1000,0,0,38.7307,0,0,0
28-Oct-2025,1193.4,Put,1400,0,0,38.7307,0,36,0
28-Oct-2025,1193.4,Call,1060,0,0,38.7307,0,6,0
28-Oct-2025,1193.4,Put,960,0,0,38.7307,0,15,0
25-Nov-2025,1193.4,Put,1260,0,0,38.7307,0,0,0
25-Nov-2025,1193.4,Put,1300,0,0,38.7307,0,3,0
25-Nov-2025,1193.4,Call,1080,0,0,38.7307,0,0,0
25-Nov-2025,1193.4,Call,1000,0,0,38.7307,0,0,0
28-Oct-2025,1193.4,Put,1360,0,0,38.7307,0,13,0
25-Nov-2025,1193.4,Put,1080,0,0,38.7307,0,2,0
25-Nov-2025,1193.4,Call,1120,0,0,38.7307,0,0,0
25-Nov-2025,1193.4,Put,1340,0,0,38.7307,0,0,0
28-Oct-2025,1193.4,Put,1320,0,0,38.7307,0,20,0
25-Nov-2025,1193.4,Put,1440,0,0,38.7307,0,0,0
28-Oct-2025,1193.4,Call,1080,0,0,38.7307,0,25,0
28-Oct-2025,1193.4,Put,1280,0,0,38.7307,0,74,0
25-Nov-2025,1193.4,Put,1320,0,0,38.7307,0,2,0
25-Nov-2025,1193.4,Call,1320,0,0,38.7307,0,3,0
30-Dec-2025,1193.4,Put,1240,0,0,38.7307,0,0,0
25-Nov-2025,1193.4,Put,1120,0,0,38.7307,0,1,0
25-Nov-2025,1193.4,Call,1260,0,0,38.7307,0,1,0
25-Nov-2025,1193.4,Call,1160,0,0,38.7307,0,0,0
25-Nov-2025,1193.4,Call,1440,0,0,38.7307,0,0,0
25-Nov-2025,1193.4,Call,1340,0,0,38.7307,0,0,0
25-Nov-2025,1193.4,Call,1040,0,0,38.7307,0,0,0
25-Nov-2025,1193.4,Call,1400,0,0,38.7307,0,0,0
25-Nov-2025,1193.4,Put,1180,0,0,38.7307,0,4,0
25-Nov-2025,1193.4,Put,1000,0,0,38.7307,0,0,0
30-Dec-2025,1193.4,Put,1080,0,0,38.7307,0,0,0
25-Nov-2025,1193.4,Call,1360,0,0,38.7307,0,0,0
25-Nov-2025,1193.4,Call,1280,0,0,38.7307,0,2,0
25-Nov-2025,1193.4,Call,1140,0,0,38.7307,0,0,0
30-Dec-2025,1193.4,Call,1280,0,0,38.7307,0,0,0
30-Dec-2025,1193.4,Put,1200,0,0,38.7307,0,0,0
25-Nov-2025,1193.4,Put,1220,0,0,38.7307,0,0,0
25-Nov-2025,1193.4,Put,1240,0,0,38.7307,0,35,0
30-Dec-2025,1193.4,Call,1160,0,0,38.7307,0,0,0
25-Nov-2025,1193.4,Call,1180,0,0,38.7307,0,1,0
25-Nov-2025,1193.4,Put,1140,0,0,38.7307,0,0,0
25-Nov-2025,1193.4,Put,1040,0,0,38.7307,0,0,0
30-Dec-2025,1193.4,Call,1200,0,0,38.7307,0,0,0
25-Nov-2025,1193.4,Put,1360,0,0,38.7307,0,0,0
25-Nov-2025,1193.4,Call,1220,0,0,38.7307,0,20,0
30-Dec-2025,1193.4,Put,1120,0,0,38.7307,0,0,0
25-Nov-2025,1193.4,Put,1280,0,0,38.7307,0,8,0
30-Dec-2025,1193.4,Put,1160,0,0,38.7307,0,0,0
30-Dec-2025,1193.4,Call,1240,0,0,38.7307,0,0,0
30-Dec-2025,1193.4,Call,1320,0,0,38.7307,0,0,0
