28-Oct-2025,1945.3,Call,1960,24.1,15.45,24.8856,82,2411,789
28-Oct-2025,1945.3,Call,2000,11.25,16.02,24.8856,167,2467,587
28-Oct-2025,1945.3,Put,1940,23.9,17.41,24.8856,-4,1116,461
28-Oct-2025,1945.3,-,0,1951.3,0,24.8856,144,99550,451
28-Oct-2025,1945.3,Call,1940,34.25,14.94,24.8856,48,2154,420
28-Oct-2025,1945.3,Call,1980,16.6,15.52,24.8856,8,1145,306
28-Oct-2025,1945.3,Put,1900,10.3,17.31,24.8856,12,1794,252
28-Oct-2025,1945.3,Put,1920,15.9,17.17,24.8856,1,861,200
28-Oct-2025,1945.3,Call,2020,7.25,16.16,24.8856,-7,761,151
28-Oct-2025,1945.3,Put,1860,4.25,18,24.8856,1,1064,141
28-Oct-2025,1945.3,Call,2100,1.65,18.89,24.8856,-63,1347,121
28-Oct-2025,1945.3,Call,2040,4.75,16.57,24.8856,12,1085,118
28-Oct-2025,1945.3,Put,1880,6.65,17.61,24.8856,27,1066,115
28-Oct-2025,1945.3,Call,1920,46.15,14.58,24.8856,-2,1106,113
28-Oct-2025,1945.3,Put,2000,60.2,18.58,24.8856,-1,537,63
28-Oct-2025,1945.3,Put,1960,33.45,17.56,24.8856,-7,731,61
28-Oct-2025,1945.3,Call,2060,3.2,17.23,24.8856,8,617,50
28-Oct-2025,1945.3,Call,2080,2.2,17.97,24.8856,-10,294,46
28-Oct-2025,1945.3,Put,1840,2.7,18.68,24.8856,-3,661,43
28-Oct-2025,1945.3,Call,1900,60.8,14.4,24.8856,3,2339,39
28-Oct-2025,1945.3,Put,1980,46.55,18.24,24.8856,-2,251,34
28-Oct-2025,1945.3,Put,1800,1.4,20.63,24.8856,-3,1160,22
28-Oct-2025,1945.3,Put,1820,1.8,19.28,24.8856,-2,255,18
25-Nov-2025,1945.3,-,0,1961.1,0,24.8856,-1,863,15
28-Oct-2025,1945.3,Put,1740,0.4,22.68,24.8856,0,206,13
25-Nov-2025,1945.3,Call,1960,50.4,16.29,24.8856,0,153,10
28-Oct-2025,1945.3,Call,2120,1.25,19.44,24.8856,-1,403,9
30-Dec-2025,1945.3,-,0,1968.8,0,24.8856,0,3546,2
28-Oct-2025,1945.3,Call,2140,0.85,20.26,24.8856,0,125,2
25-Nov-2025,1945.3,Put,1860,16.1,19.92,24.8856,0,18,2
28-Oct-2025,1945.3,Put,1780,1,21.59,24.8856,0,233,1
25-Nov-2025,1945.3,Call,2000,33.05,16.51,24.8856,0,83,1
28-Oct-2025,1945.3,Put,1760,0,0,24.8856,0,206,0
28-Oct-2025,1945.3,Put,2200,0,0,24.8856,0,24,0
28-Oct-2025,1945.3,Put,1660,0,0,24.8856,0,0,0
28-Oct-2025,1945.3,Put,1720,0,0,24.8856,0,210,0
28-Oct-2025,1945.3,Call,1660,0,0,24.8856,0,0,0
28-Oct-2025,1945.3,Call,1700,0,0,24.8856,0,41,0
28-Oct-2025,1945.3,Call,1740,0,0,24.8856,0,21,0
28-Oct-2025,1945.3,Call,1780,0,0,24.8856,0,2,0
28-Oct-2025,1945.3,Call,1820,0,0,24.8856,0,214,0
28-Oct-2025,1945.3,Put,2020,0,0,24.8856,0,22,0
28-Oct-2025,1945.3,Put,2060,0,0,24.8856,0,3,0
28-Oct-2025,1945.3,Put,1700,0,0,24.8856,0,475,0
28-Oct-2025,1945.3,Call,2160,0,0,24.8856,0,159,0
28-Oct-2025,1945.3,Call,1840,0,0,24.8856,0,61,0
28-Oct-2025,1945.3,Put,2040,0,0,24.8856,0,74,0
28-Oct-2025,1945.3,Put,2080,0,0,24.8856,0,1,0
28-Oct-2025,1945.3,Put,2120,0,0,24.8856,0,0,0
28-Oct-2025,1945.3,Put,1680,0,0,24.8856,0,293,0
28-Oct-2025,1945.3,Put,2160,0,0,24.8856,0,0,0
28-Oct-2025,1945.3,Call,1640,0,0,24.8856,0,0,0
28-Oct-2025,1945.3,Call,1680,0,0,24.8856,0,2,0
28-Oct-2025,1945.3,Call,1720,0,0,24.8856,0,14,0
28-Oct-2025,1945.3,Put,2240,0,0,24.8856,0,0,0
28-Oct-2025,1945.3,Put,2140,0,0,24.8856,0,0,0
28-Oct-2025,1945.3,Put,1640,0,0,24.8856,0,1,0
28-Oct-2025,1945.3,Call,1860,0,0,24.8856,0,230,0
28-Oct-2025,1945.3,Put,2100,0,0,24.8856,0,151,0
28-Oct-2025,1945.3,Put,1600,0,0,24.8856,0,57,0
28-Oct-2025,1945.3,Call,1880,0,0,24.8856,0,497,0
28-Oct-2025,1945.3,Call,1600,0,0,24.8856,0,4,0
28-Oct-2025,1945.3,Call,1760,0,0,24.8856,0,15,0
28-Oct-2025,1945.3,Call,1800,0,0,24.8856,0,219,0
28-Oct-2025,1945.3,Call,2200,0,0,24.8856,0,292,0
28-Oct-2025,1945.3,Call,2240,0,0,24.8856,0,2,0
25-Nov-2025,1945.3,Call,1920,0,0,24.8856,0,4,0
25-Nov-2025,1945.3,Call,2140,0,0,0,0,0,0
25-Nov-2025,1945.3,Put,2160,0,0,24.8856,0,0,0
25-Nov-2025,1945.3,Call,1600,0,0,24.8856,0,0,0
25-Nov-2025,1945.3,Put,2240,0,0,24.8856,0,0,0
25-Nov-2025,1945.3,Put,1820,0,0,24.8856,0,3,0
25-Nov-2025,1945.3,Call,1860,0,0,24.8856,0,0,0
25-Nov-2025,1945.3,Call,2080,0,0,24.8856,0,0,0
25-Nov-2025,1945.3,Put,1880,0,0,24.8856,0,0,0
25-Nov-2025,1945.3,Put,1680,0,0,24.8856,0,0,0
25-Nov-2025,1945.3,Put,1960,0,0,24.8856,0,0,0
25-Nov-2025,1945.3,Call,2020,0,0,24.8856,0,0,0
25-Nov-2025,1945.3,Put,1700,0,0,24.8856,0,0,0
25-Nov-2025,1945.3,Put,1740,0,0,24.8856,0,0,0
25-Nov-2025,1945.3,Put,1660,0,0,24.8856,0,0,0
25-Nov-2025,1945.3,Put,1600,0,0,24.8856,0,0,0
25-Nov-2025,1945.3,Call,2240,0,0,24.8856,0,0,0
25-Nov-2025,1945.3,Call,1900,0,0,24.8856,0,41,0
25-Nov-2025,1945.3,Put,1840,0,0,24.8856,0,11,0
25-Nov-2025,1945.3,Put,1920,0,0,24.8856,0,5,0
25-Nov-2025,1945.3,Put,2140,0,0,0,0,0,0
25-Nov-2025,1945.3,Put,1800,0,0,24.8856,0,86,0
25-Nov-2025,1945.3,Call,2040,0,0,24.8856,0,16,0
25-Nov-2025,1945.3,Call,1640,0,0,24.8856,0,0,0
25-Nov-2025,1945.3,Call,1760,0,0,24.8856,0,0,0
25-Nov-2025,1945.3,Call,1800,0,0,24.8856,0,0,0
25-Nov-2025,1945.3,Call,1840,0,0,24.8856,0,0,0
25-Nov-2025,1945.3,Put,2000,0,0,24.8856,0,0,0
25-Nov-2025,1945.3,Put,2040,0,0,24.8856,0,0,0
25-Nov-2025,1945.3,Put,2080,0,0,24.8856,0,0,0
25-Nov-2025,1945.3,Call,1700,0,0,24.8856,0,0,0
25-Nov-2025,1945.3,Call,1780,0,0,24.8856,0,0,0
25-Nov-2025,1945.3,Put,2200,0,0,24.8856,0,0,0
25-Nov-2025,1945.3,Put,2120,0,0,24.8856,0,0,0
25-Nov-2025,1945.3,Call,1680,0,0,24.8856,0,0,0
25-Nov-2025,1945.3,Put,1900,0,0,24.8856,0,31,0
25-Nov-2025,1945.3,Call,2120,0,0,24.8856,0,0,0
25-Nov-2025,1945.3,Put,1940,0,0,24.8856,0,17,0
25-Nov-2025,1945.3,Call,1740,0,0,24.8856,0,0,0
25-Nov-2025,1945.3,Put,2020,0,0,24.8856,0,0,0
25-Nov-2025,1945.3,Call,1720,0,0,24.8856,0,0,0
25-Nov-2025,1945.3,Call,1980,0,0,24.8856,0,42,0
25-Nov-2025,1945.3,Put,2100,0,0,24.8856,0,0,0
25-Nov-2025,1945.3,Put,1760,0,0,24.8856,0,0,0
25-Nov-2025,1945.3,Call,2060,0,0,24.8856,0,24,0
25-Nov-2025,1945.3,Put,1720,0,0,24.8856,0,0,0
25-Nov-2025,1945.3,Call,1940,0,0,24.8856,0,6,0
25-Nov-2025,1945.3,Call,1660,0,0,24.8856,0,0,0
25-Nov-2025,1945.3,Call,1820,0,0,24.8856,0,0,0
30-Dec-2025,1945.3,Put,1960,0,0,24.8856,0,0,0
25-Nov-2025,1945.3,Call,2160,0,0,24.8856,0,42,0
25-Nov-2025,1945.3,Call,2100,0,0,24.8856,0,3,0
30-Dec-2025,1945.3,Put,1880,0,0,24.8856,0,0,0
25-Nov-2025,1945.3,Put,1780,0,0,24.8856,0,0,0
30-Dec-2025,1945.3,Call,1960,0,0,24.8856,0,0,0
30-Dec-2025,1945.3,Call,1920,0,0,24.8856,0,0,0
30-Dec-2025,1945.3,Put,1720,0,0,24.8856,0,0,0
25-Nov-2025,1945.3,Call,1880,0,0,24.8856,0,0,0
25-Nov-2025,1945.3,Put,2060,0,0,24.8856,0,0,0
30-Dec-2025,1945.3,Put,1600,0,0,24.8856,0,0,0
30-Dec-2025,1945.3,Put,1840,0,0,24.8856,0,0,0
30-Dec-2025,1945.3,Put,1920,0,0,24.8856,0,0,0
30-Dec-2025,1945.3,Put,1680,0,0,24.8856,0,0,0
30-Dec-2025,1945.3,Call,2040,0,0,24.8856,0,0,0
30-Dec-2025,1945.3,Put,2000,0,0,24.8856,0,0,0
30-Dec-2025,1945.3,Call,2120,0,0,24.8856,0,0,0
30-Dec-2025,1945.3,Call,2240,0,0,24.8856,0,0,0
25-Nov-2025,1945.3,Put,1980,0,0,24.8856,0,0,0
30-Dec-2025,1945.3,Put,1760,0,0,0,0,0,0
30-Dec-2025,1945.3,Call,2000,0,0,24.8856,0,0,0
30-Dec-2025,1945.3,Put,2040,0,0,24.8856,0,0,0
25-Nov-2025,1945.3,Call,2200,0,0,24.8856,0,0,0
25-Nov-2025,1945.3,Put,1640,0,0,24.8856,0,0,0
