28-Oct-2025,1196.8,-,0,1196.6,0,38.7307,-161,21402,2008
28-Oct-2025,1196.8,Call,1200,28.3,24.52,38.7307,-9,916,785
28-Oct-2025,1196.8,Put,1180,22.75,29.64,38.7307,-47,340,470
28-Oct-2025,1196.8,Call,1240,13.6,25.87,38.7307,-48,759,457
28-Oct-2025,1196.8,Call,1220,19.6,25.17,38.7307,-48,1128,408
28-Oct-2025,1196.8,Call,1260,9.25,26.66,38.7307,-4,521,345
28-Oct-2025,1196.8,Put,1200,31.8,30.53,38.7307,-17,810,312
28-Oct-2025,1196.8,Call,1180,38.35,23.68,38.7307,-38,125,307
28-Oct-2025,1196.8,Call,1300,4.55,28.15,38.7307,63,1367,294
28-Oct-2025,1196.8,Call,1280,6.3,27.45,38.7307,27,346,205
28-Oct-2025,1196.8,Put,1140,10.4,30.27,38.7307,-6,258,188
25-Nov-2025,1196.8,-,0,1194.9,0,38.7307,51,725,142
28-Oct-2025,1196.8,Put,1100,4.45,32.16,38.7307,-2,435,142
28-Oct-2025,1196.8,Put,1160,15.6,30.16,38.7307,-29,284,138
28-Oct-2025,1196.8,Put,1120,6.65,31.01,38.7307,3,137,55
28-Oct-2025,1196.8,Put,1240,57.45,31.65,38.7307,2,228,53
28-Oct-2025,1196.8,Put,1220,43.85,33.75,38.7307,2,534,53
28-Oct-2025,1196.8,Call,1160,51,23.76,38.7307,12,74,52
28-Oct-2025,1196.8,Call,1340,2.05,29.56,38.7307,-18,141,45
28-Oct-2025,1196.8,Put,1080,2.9,33.85,38.7307,17,108,40
30-Dec-2025,1196.8,-,0,1196,0,38.7307,-4,85,38
25-Nov-2025,1196.8,Call,1300,16.15,26.51,38.7307,27,56,35
28-Oct-2025,1196.8,Call,1320,3.05,28.84,38.7307,17,192,29
28-Oct-2025,1196.8,Call,1140,65.85,22.66,38.7307,-2,38,21
28-Oct-2025,1196.8,Call,1100,99.95,0,38.7307,0,29,21
25-Nov-2025,1196.8,Put,1200,53.8,35.32,38.7307,17,76,21
28-Oct-2025,1196.8,Call,1120,82.4,17.74,38.7307,4,19,20
28-Oct-2025,1196.8,Put,1060,2,35.34,38.7307,-3,128,17
28-Oct-2025,1196.8,Put,1260,73.15,35.8,38.7307,-4,162,13
25-Nov-2025,1196.8,Call,1240,32.05,25.35,38.7307,-1,83,10
25-Nov-2025,1196.8,Put,1100,18,35.19,38.7307,5,7,8
28-Oct-2025,1196.8,Call,1360,1.5,30.75,38.7307,0,89,6
28-Oct-2025,1196.8,Put,1040,1.6,37.12,38.7307,-2,130,5
28-Oct-2025,1196.8,Call,1380,1,31.36,38.7307,-4,78,5
28-Oct-2025,1196.8,Call,1400,0.75,32.53,38.7307,-1,311,5
28-Oct-2025,1196.8,Put,1000,1.1,42.36,38.7307,-1,68,5
28-Oct-2025,1196.8,Call,1480,0.25,37.52,38.7307,1,15,2
25-Nov-2025,1196.8,Call,1200,47.95,24.04,38.7307,1,1,2
25-Nov-2025,1196.8,Call,1100,112,9.64,38.7307,1,1,2
25-Nov-2025,1196.8,Put,1180,42.45,33.99,38.7307,0,4,2
25-Nov-2025,1196.8,Put,1160,40,37.53,38.7307,0,1,1
25-Nov-2025,1196.8,Put,1120,21,33.58,38.7307,0,1,1
28-Oct-2025,1196.8,Put,1280,0,0,38.7307,0,74,0
28-Oct-2025,1196.8,Put,1480,0,0,38.7307,0,2,0
28-Oct-2025,1196.8,Put,1440,0,0,38.7307,0,0,0
28-Oct-2025,1196.8,Call,1000,0,0,38.7307,0,0,0
28-Oct-2025,1196.8,Put,1320,0,0,38.7307,0,20,0
28-Oct-2025,1196.8,Call,1040,0,0,38.7307,0,0,0
28-Oct-2025,1196.8,Call,1080,0,0,38.7307,0,25,0
28-Oct-2025,1196.8,Put,1360,0,0,38.7307,0,13,0
28-Oct-2025,1196.8,Put,1020,0,0,38.7307,0,16,0
28-Oct-2025,1196.8,Put,980,0,0,38.7307,0,15,0
28-Oct-2025,1196.8,Put,960,0,0,38.7307,0,15,0
28-Oct-2025,1196.8,Call,1060,0,0,38.7307,0,6,0
28-Oct-2025,1196.8,Put,1400,0,0,38.7307,0,36,0
28-Oct-2025,1196.8,Call,1440,0,0,38.7307,0,7,0
28-Oct-2025,1196.8,Put,920,0,0,38.7307,0,11,0
25-Nov-2025,1196.8,Call,1440,0,0,38.7307,0,0,0
28-Oct-2025,1196.8,Put,1300,0,0,38.7307,0,349,0
25-Nov-2025,1196.8,Put,1300,0,0,38.7307,0,3,0
25-Nov-2025,1196.8,Put,1260,0,0,38.7307,0,0,0
25-Nov-2025,1196.8,Put,1340,0,0,38.7307,0,0,0
28-Oct-2025,1196.8,Put,1340,0,0,38.7307,0,12,0
25-Nov-2025,1196.8,Call,1080,0,0,38.7307,0,0,0
25-Nov-2025,1196.8,Put,1220,0,0,38.7307,0,0,0
25-Nov-2025,1196.8,Call,1180,0,0,38.7307,0,1,0
25-Nov-2025,1196.8,Put,1140,0,0,38.7307,0,0,0
25-Nov-2025,1196.8,Put,1400,0,0,38.7307,0,0,0
25-Nov-2025,1196.8,Call,1120,0,0,38.7307,0,0,0
25-Nov-2025,1196.8,Call,1220,0,0,38.7307,0,20,0
25-Nov-2025,1196.8,Call,1140,0,0,38.7307,0,0,0
25-Nov-2025,1196.8,Put,1360,0,0,38.7307,0,0,0
25-Nov-2025,1196.8,Put,1280,0,0,38.7307,0,8,0
25-Nov-2025,1196.8,Put,1000,0,0,38.7307,0,0,0
25-Nov-2025,1196.8,Call,1320,0,0,38.7307,0,3,0
25-Nov-2025,1196.8,Call,1040,0,0,38.7307,0,0,0
25-Nov-2025,1196.8,Put,1440,0,0,38.7307,0,0,0
25-Nov-2025,1196.8,Put,1040,0,0,38.7307,0,0,0
25-Nov-2025,1196.8,Put,1240,0,0,38.7307,0,35,0
25-Nov-2025,1196.8,Put,1320,0,0,38.7307,0,2,0
25-Nov-2025,1196.8,Put,1080,0,0,38.7307,0,2,0
25-Nov-2025,1196.8,Call,1160,0,0,38.7307,0,0,0
30-Dec-2025,1196.8,Put,1120,0,0,38.7307,0,0,0
25-Nov-2025,1196.8,Call,1000,0,0,38.7307,0,0,0
30-Dec-2025,1196.8,Call,1160,0,0,38.7307,0,0,0
25-Nov-2025,1196.8,Call,1340,0,0,38.7307,0,0,0
30-Dec-2025,1196.8,Call,1280,0,0,38.7307,0,0,0
30-Dec-2025,1196.8,Put,1080,0,0,38.7307,0,0,0
30-Dec-2025,1196.8,Call,1320,0,0,38.7307,0,0,0
25-Nov-2025,1196.8,Call,1400,0,0,38.7307,0,0,0
30-Dec-2025,1196.8,Call,1240,0,0,38.7307,0,0,0
25-Nov-2025,1196.8,Call,1260,0,0,38.7307,0,1,0
30-Dec-2025,1196.8,Call,1200,0,0,38.7307,0,0,0
30-Dec-2025,1196.8,Put,1200,0,0,38.7307,0,0,0
30-Dec-2025,1196.8,Put,1160,0,0,38.7307,0,0,0
30-Dec-2025,1196.8,Put,1240,0,0,38.7307,0,0,0
25-Nov-2025,1196.8,Call,1280,0,0,38.7307,0,2,0
25-Nov-2025,1196.8,Call,1360,0,0,38.7307,0,0,0
