28-Oct-2025,1198.7,-,0,1200,0,38.7307,-258,21305,2253
28-Oct-2025,1198.7,Call,1200,29.5,24.08,38.7307,-8,917,868
28-Oct-2025,1198.7,Put,1180,21.3,30.66,38.7307,-52,335,506
28-Oct-2025,1198.7,Call,1240,14.45,25.51,38.7307,-52,755,492
28-Oct-2025,1198.7,Call,1220,19.75,24.83,38.7307,-58,1118,443
28-Oct-2025,1198.7,Call,1260,8.95,25.8,38.7307,10,535,405
28-Oct-2025,1198.7,Put,1200,30,30,38.7307,-5,822,357
28-Oct-2025,1198.7,Call,1180,39.7,23.85,38.7307,-37,126,316
28-Oct-2025,1198.7,Call,1300,4.5,28.23,38.7307,59,1363,302
28-Oct-2025,1198.7,Call,1280,6.65,26.84,38.7307,25,344,215
28-Oct-2025,1198.7,Put,1140,10.05,30.38,38.7307,-6,258,200
25-Nov-2025,1198.7,-,0,1199.9,0,38.7307,48,722,154
28-Oct-2025,1198.7,Put,1100,4.4,31.99,38.7307,-7,430,151
28-Oct-2025,1198.7,Put,1160,14.6,29.53,38.7307,-29,284,147
28-Oct-2025,1198.7,Put,1120,6.25,30.98,38.7307,6,140,99
28-Oct-2025,1198.7,Call,1320,2.95,28.76,38.7307,20,195,63
28-Oct-2025,1198.7,Put,1220,44,32,38.7307,1,533,58
28-Oct-2025,1198.7,Call,1160,51.8,22.83,38.7307,15,77,57
28-Oct-2025,1198.7,Put,1240,57.85,33.26,38.7307,2,228,55
28-Oct-2025,1198.7,Call,1340,2.05,29.7,38.7307,-18,141,45
28-Oct-2025,1198.7,Put,1080,2.85,32.9,38.7307,17,108,43
30-Dec-2025,1198.7,-,0,1195.1,0,38.7307,-3,86,39
25-Nov-2025,1198.7,Call,1300,16.15,26.65,38.7307,27,56,35
28-Oct-2025,1198.7,Call,1120,81.95,0,38.7307,4,19,23
28-Oct-2025,1198.7,Call,1100,99.45,0,38.7307,0,29,22
28-Oct-2025,1198.7,Call,1140,67,21.64,38.7307,0,40,22
25-Nov-2025,1198.7,Put,1200,53.8,35.11,38.7307,17,76,21
28-Oct-2025,1198.7,Put,1060,2.1,34.85,38.7307,-3,128,19
28-Oct-2025,1198.7,Put,1260,73.5,35,38.7307,-4,162,15
25-Nov-2025,1198.7,Call,1240,32.05,25.55,38.7307,-1,83,10
25-Nov-2025,1198.7,Put,1100,18,35.06,38.7307,5,7,8
28-Oct-2025,1198.7,Put,1040,1.4,36.07,38.7307,-3,129,7
28-Oct-2025,1198.7,Call,1360,1.5,30.89,38.7307,0,89,6
28-Oct-2025,1198.7,Put,1000,1.1,42.24,38.7307,-1,68,5
28-Oct-2025,1198.7,Call,1400,0.75,32.66,38.7307,-1,311,5
28-Oct-2025,1198.7,Call,1380,1,31.49,38.7307,-4,78,5
28-Oct-2025,1198.7,Call,1480,0.25,36.82,38.7307,1,15,2
25-Nov-2025,1198.7,Call,1100,112,14.92,38.7307,1,1,2
25-Nov-2025,1198.7,Call,1200,47.95,24.31,38.7307,1,1,2
25-Nov-2025,1198.7,Put,1180,42.45,33.8,38.7307,0,4,2
25-Nov-2025,1198.7,Put,1120,21,33.44,38.7307,0,1,1
25-Nov-2025,1198.7,Put,1160,40,37.35,38.7307,0,1,1
28-Oct-2025,1198.7,Put,1020,0,0,38.7307,0,16,0
28-Oct-2025,1198.7,Put,1400,0,0,38.7307,0,36,0
28-Oct-2025,1198.7,Put,960,0,0,38.7307,0,15,0
28-Oct-2025,1198.7,Call,1060,0,0,38.7307,0,6,0
28-Oct-2025,1198.7,Put,1480,0,0,38.7307,0,2,0
28-Oct-2025,1198.7,Call,1000,0,0,38.7307,0,0,0
28-Oct-2025,1198.7,Call,1040,0,0,38.7307,0,0,0
28-Oct-2025,1198.7,Put,1280,0,0,38.7307,0,74,0
28-Oct-2025,1198.7,Put,1320,0,0,38.7307,0,20,0
28-Oct-2025,1198.7,Put,1300,0,0,38.7307,0,349,0
28-Oct-2025,1198.7,Put,1340,0,0,38.7307,0,12,0
28-Oct-2025,1198.7,Put,920,0,0,38.7307,0,11,0
28-Oct-2025,1198.7,Call,1440,0,0,38.7307,0,7,0
28-Oct-2025,1198.7,Put,980,0,0,38.7307,0,15,0
28-Oct-2025,1198.7,Put,1360,0,0,38.7307,0,13,0
25-Nov-2025,1198.7,Call,1260,0,0,38.7307,0,1,0
25-Nov-2025,1198.7,Call,1220,0,0,38.7307,0,20,0
25-Nov-2025,1198.7,Call,1120,0,0,38.7307,0,0,0
25-Nov-2025,1198.7,Put,1040,0,0,38.7307,0,0,0
28-Oct-2025,1198.7,Call,1080,0,0,38.7307,0,25,0
25-Nov-2025,1198.7,Put,1340,0,0,38.7307,0,0,0
25-Nov-2025,1198.7,Put,1300,0,0,38.7307,0,3,0
25-Nov-2025,1198.7,Call,1080,0,0,38.7307,0,0,0
25-Nov-2025,1198.7,Call,1000,0,0,38.7307,0,0,0
25-Nov-2025,1198.7,Put,1280,0,0,38.7307,0,8,0
28-Oct-2025,1198.7,Put,1440,0,0,38.7307,0,0,0
25-Nov-2025,1198.7,Call,1180,0,0,38.7307,0,1,0
25-Nov-2025,1198.7,Put,1000,0,0,38.7307,0,0,0
30-Dec-2025,1198.7,Put,1120,0,0,38.7307,0,0,0
25-Nov-2025,1198.7,Call,1340,0,0,38.7307,0,0,0
25-Nov-2025,1198.7,Call,1040,0,0,38.7307,0,0,0
30-Dec-2025,1198.7,Call,1280,0,0,38.7307,0,0,0
25-Nov-2025,1198.7,Put,1440,0,0,38.7307,0,0,0
30-Dec-2025,1198.7,Put,1240,0,0,38.7307,0,0,0
25-Nov-2025,1198.7,Put,1260,0,0,38.7307,0,0,0
25-Nov-2025,1198.7,Put,1220,0,0,38.7307,0,0,0
25-Nov-2025,1198.7,Put,1240,0,0,38.7307,0,35,0
25-Nov-2025,1198.7,Call,1280,0,0,38.7307,0,2,0
25-Nov-2025,1198.7,Call,1440,0,0,38.7307,0,0,0
25-Nov-2025,1198.7,Put,1080,0,0,38.7307,0,2,0
25-Nov-2025,1198.7,Put,1360,0,0,38.7307,0,0,0
30-Dec-2025,1198.7,Put,1160,0,0,38.7307,0,0,0
25-Nov-2025,1198.7,Call,1360,0,0,38.7307,0,0,0
25-Nov-2025,1198.7,Call,1140,0,0,38.7307,0,0,0
25-Nov-2025,1198.7,Put,1400,0,0,38.7307,0,0,0
30-Dec-2025,1198.7,Put,1200,0,0,38.7307,0,0,0
30-Dec-2025,1198.7,Call,1320,0,0,38.7307,0,0,0
25-Nov-2025,1198.7,Put,1140,0,0,38.7307,0,0,0
25-Nov-2025,1198.7,Put,1320,0,0,38.7307,0,2,0
25-Nov-2025,1198.7,Call,1320,0,0,38.7307,0,3,0
30-Dec-2025,1198.7,Put,1080,0,0,38.7307,0,0,0
25-Nov-2025,1198.7,Call,1160,0,0,38.7307,0,0,0
25-Nov-2025,1198.7,Call,1400,0,0,38.7307,0,0,0
30-Dec-2025,1198.7,Call,1200,0,0,38.7307,0,0,0
30-Dec-2025,1198.7,Call,1160,0,0,38.7307,0,0,0
30-Dec-2025,1198.7,Call,1240,0,0,38.7307,0,0,0
