28-Oct-2025,238.5,-,0,239.88,0,46.3538,59,21647,2393
28-Oct-2025,238.5,Call,240,6.15,29.2,46.3538,97,1321,1350
28-Oct-2025,238.5,Call,250,2.6,29.19,46.3538,149,1902,1104
28-Oct-2025,238.5,Call,245,4,29.11,46.3538,76,748,939
28-Oct-2025,238.5,Put,240,6.1,26.97,46.3538,-15,967,729
28-Oct-2025,238.5,Put,235,3.9,27.22,46.3538,55,407,620
28-Oct-2025,238.45,Put,237.5,4.9,26.78,46.3538,14,151,448
28-Oct-2025,238.45,Call,255,1.6,29.45,46.3538,3,341,370
28-Oct-2025,238.5,Call,242.5,4.9,29.28,46.3538,33,154,320
28-Oct-2025,238.45,Put,230,2.4,27.84,46.3538,5,489,291
28-Oct-2025,238.5,Call,260,0.95,30.18,46.3538,15,734,250
28-Oct-2025,238.5,Call,247.5,3.25,29.23,46.3538,9,124,232
28-Oct-2025,238.45,Call,235,8.8,29.7,46.3538,-28,307,206
28-Oct-2025,238.45,Call,270,0.4,32,46.3538,-41,491,186
28-Oct-2025,238.5,Call,265,0.6,31.3,46.3538,-3,327,141
28-Oct-2025,238.45,Put,245,8.9,26.9,46.3538,11,444,128
28-Oct-2025,238.45,Put,242.5,7.55,27.08,46.3538,20,110,124
25-Nov-2025,238.45,-,0,241,0,46.3538,35,596,105
28-Oct-2025,238.5,Call,237.5,7.5,29.34,46.3538,-1,51,104
28-Oct-2025,238.5,Put,225,1.4,28.78,46.3538,-11,219,99
28-Oct-2025,238.5,Call,252.5,2,29.02,46.3538,18,110,83
28-Oct-2025,238.5,Put,220,0.85,30.68,46.3538,7,362,78
28-Oct-2025,238.45,Put,250,12.7,28.46,46.3538,12,276,63
28-Oct-2025,238.5,Put,232.5,3.1,27.64,46.3538,19,103,62
28-Oct-2025,238.5,Call,257.5,1.2,29.29,46.3538,9,96,48
28-Oct-2025,238.5,Call,230,12.55,31.17,46.3538,8,232,44
28-Oct-2025,238.5,Call,232.5,10.55,30.11,46.3538,2,37,43
28-Oct-2025,238.5,Put,247.5,10.55,26.68,46.3538,-2,125,39
28-Oct-2025,238.45,Put,255,16.4,26.55,46.3538,1,89,35
28-Oct-2025,238.5,Put,260,20.85,25.91,46.3538,0,338,31
25-Nov-2025,238.5,Call,260,4.05,30.49,46.3538,14,42,27
28-Oct-2025,238.5,Call,222.5,18.65,33.43,46.3538,3,17,24
28-Oct-2025,238.45,Put,222.5,1.05,29.54,46.3538,3,51,24
28-Oct-2025,238.5,Put,227.5,1.9,29.14,46.3538,2,32,24
28-Oct-2025,238.5,Call,225,16.35,31.41,46.3538,6,100,24
28-Oct-2025,238.5,Put,252.5,14.35,26.7,46.3538,-1,56,21
28-Oct-2025,238.5,Call,227.5,14.15,29.77,46.3538,-2,37,21
28-Oct-2025,238.45,Call,280,0.2,34.94,46.3538,0,292,18
28-Oct-2025,238.5,Put,215,0.6,33.49,46.3538,8,211,16
30-Dec-2025,238.45,-,0,243.23,0,46.3538,10,90,15
28-Oct-2025,238.45,Put,210,0.35,34.78,46.3538,-10,261,15
28-Oct-2025,238.5,Put,257.5,19,30.12,46.3538,-2,31,14
28-Oct-2025,238.45,Call,267.5,0.6,32.84,46.3538,0,29,14
28-Oct-2025,238.5,Call,220,20.4,30.04,46.3538,-1,150,12
28-Oct-2025,238.5,Call,275,0.25,32.81,46.3538,6,89,12
25-Nov-2025,238.5,Call,240,11,30.46,46.3538,5,18,12
25-Nov-2025,238.45,Put,230,5.65,31.15,46.3538,1,40,12
28-Oct-2025,238.5,Put,262.5,23.05,25.69,46.3538,-1,35,11
28-Oct-2025,238.45,Put,265,25.35,24.34,46.3538,-1,75,10
28-Oct-2025,238.5,Put,180,0.05,50.54,46.3538,0,35,10
28-Oct-2025,238.5,Put,200,0.2,40.84,46.3538,3,234,7
28-Oct-2025,238.45,Call,262.5,0.85,31.19,46.3538,-3,34,7
25-Nov-2025,238.5,Call,250,7,30.68,46.3538,0,18,6
25-Nov-2025,238.45,Put,250,15.25,30.44,46.3538,1,24,5
25-Nov-2025,238.45,Put,220,3.05,31.95,46.3538,2,9,5
28-Oct-2025,238.5,Put,170,0.05,59.58,46.3538,2,28,4
28-Oct-2025,238.5,Put,195,0.15,43.69,46.3538,1,2,4
28-Oct-2025,238.5,Put,205,0.25,37.49,46.3538,-1,49,4
25-Nov-2025,238.5,Put,240,9.9,31.32,46.3538,2,18,4
25-Nov-2025,238.45,Call,255,5.25,30.2,46.3538,2,4,3
25-Nov-2025,238.5,Put,225,4.2,31.55,46.3538,2,15,3
25-Nov-2025,238.5,Call,270,2.8,33.08,46.3538,0,18,3
25-Nov-2025,238.45,Call,265,3.35,31.79,46.3538,0,0,1
25-Nov-2025,238.45,Put,260,22,29.59,46.3538,0,2,1
25-Nov-2025,238.45,Put,245,12.5,31.19,46.3538,0,7,1
25-Nov-2025,238.45,Put,255,18.75,30.95,46.3538,0,1,1
28-Oct-2025,238.5,Call,217.5,0,0,46.3538,0,0,0
28-Oct-2025,238.45,Put,280,0,0,46.3538,0,118,0
28-Oct-2025,238.45,Put,270,0,0,46.3538,0,90,0
28-Oct-2025,238.5,Call,180,0,0,46.3538,0,1,0
28-Oct-2025,238.5,Call,200,0,0,46.3538,0,49,0
28-Oct-2025,238.5,Put,267.5,0,0,46.3538,0,19,0
28-Oct-2025,238.45,Call,210,0,0,46.3538,0,76,0
28-Oct-2025,238.45,Call,205,0,0,46.3538,0,10,0
28-Oct-2025,238.45,Call,215,0,0,46.3538,0,20,0
28-Oct-2025,238.5,Put,217.5,0,0,46.3538,0,0,0
28-Oct-2025,238.5,Put,275,0,0,46.3538,0,2,0
25-Nov-2025,238.45,Call,210,0,0,46.3538,0,0,0
25-Nov-2025,238.5,Call,252.5,0,0,46.3538,0,0,0
25-Nov-2025,238.5,Call,275,0,0,46.3538,0,0,0
25-Nov-2025,238.5,Put,205,0,0,46.3538,0,0,0
25-Nov-2025,238.45,Call,242.5,0,0,46.3538,0,0,0
25-Nov-2025,238.5,Put,210,0,0,46.3538,0,1,0
25-Nov-2025,238.5,Put,215,0,0,46.3538,0,0,0
25-Nov-2025,238.5,Call,280,0,0,46.3538,0,0,0
25-Nov-2025,238.45,Put,235,0,0,46.3538,0,0,0
25-Nov-2025,238.45,Put,270,0,0,46.3538,0,2,0
25-Nov-2025,238.45,Put,237.5,0,0,46.3538,0,0,0
25-Nov-2025,238.45,Call,245,0,0,46.3538,0,2,0
25-Nov-2025,238.45,Put,222.5,0,0,46.3538,0,0,0
25-Nov-2025,238.45,Put,232.5,0,0,46.3538,0,0,0
25-Nov-2025,238.45,Put,227.5,0,0,46.3538,0,0,0
25-Nov-2025,238.45,Put,217.5,0,0,46.3538,0,0,0
25-Nov-2025,238.5,Put,267.5,0,0,46.3538,0,0,0
25-Nov-2025,238.5,Call,267.5,0,0,46.3538,0,0,0
25-Nov-2025,238.45,Call,262.5,0,0,46.3538,0,0,0
25-Nov-2025,238.45,Call,247.5,0,0,46.3538,0,0,0
25-Nov-2025,238.5,Put,200,0,0,46.3538,0,3,0
25-Nov-2025,238.5,Put,280,0,0,46.3538,0,0,0
25-Nov-2025,238.45,Put,262.5,0,0,46.3538,0,0,0
25-Nov-2025,238.5,Call,235,0,0,46.3538,0,0,0
25-Nov-2025,238.45,Call,220,0,0,46.3538,0,0,0
25-Nov-2025,238.45,Call,230,0,0,46.3538,0,0,0
25-Nov-2025,238.5,Put,247.5,0,0,46.3538,0,0,0
25-Nov-2025,238.45,Put,242.5,0,0,46.3538,0,0,0
25-Nov-2025,238.45,Put,257.5,0,0,46.3538,0,0,0
25-Nov-2025,238.5,Put,252.5,0,0,46.3538,0,0,0
25-Nov-2025,238.45,Call,215,0,0,46.3538,0,0,0
25-Nov-2025,238.45,Put,275,0,0,46.3538,0,0,0
25-Nov-2025,238.5,Call,225,0,0,46.3538,0,0,0
25-Nov-2025,238.5,Put,265,0,0,46.3538,0,0,0
25-Nov-2025,238.45,Call,222.5,0,0,46.3538,0,0,0
25-Nov-2025,238.5,Call,217.5,0,0,46.3538,0,0,0
25-Nov-2025,238.45,Call,257.5,0,0,46.3538,0,0,0
25-Nov-2025,238.5,Call,205,0,0,46.3538,0,0,0
30-Dec-2025,238.5,Call,280,0,0,46.3538,0,0,0
25-Nov-2025,238.45,Call,227.5,0,0,46.3538,0,0,0
30-Dec-2025,238.5,Put,225,0,0,46.3538,0,0,0
30-Dec-2025,238.5,Put,210,0,0,46.3538,0,0,0
30-Dec-2025,238.45,Put,260,0,0,46.3538,0,0,0
30-Dec-2025,238.45,Call,235,0,0,46.3538,0,0,0
25-Nov-2025,238.45,Call,232.5,0,0,46.3538,0,0,0
30-Dec-2025,238.45,Put,220,0,0,46.3538,0,0,0
30-Dec-2025,238.45,Put,230,0,0,46.3538,0,0,0
25-Nov-2025,238.45,Call,237.5,0,0,46.3538,0,0,0
30-Dec-2025,238.45,Put,215,0,0,46.3538,0,0,0
30-Dec-2025,238.45,Call,250,0,0,46.3538,0,0,0
30-Dec-2025,238.45,Call,255,0,0,46.3538,0,0,0
30-Dec-2025,238.5,Call,265,0,0,46.3538,0,0,0
30-Dec-2025,238.45,Call,270,0,0,46.3538,0,0,0
30-Dec-2025,238.45,Put,235,0,0,46.3538,0,0,0
30-Dec-2025,238.5,Put,245,0,0,46.3538,0,0,0
30-Dec-2025,238.5,Call,260,0,0,46.3538,0,0,0
30-Dec-2025,238.45,Call,230,0,0,46.3538,0,0,0
30-Dec-2025,238.45,Call,245,0,0,46.3538,0,0,0
30-Dec-2025,238.45,Put,240,0,0,46.3538,0,0,0
30-Dec-2025,238.45,Put,250,0,0,46.3538,0,0,0
30-Dec-2025,238.5,Call,220,0,0,46.3538,0,0,0
30-Dec-2025,238.45,Call,210,0,0,46.3538,0,0,0
30-Dec-2025,238.45,Call,240,0,0,46.3538,0,0,0
30-Dec-2025,238.45,Put,255,0,0,46.3538,0,0,0
