28-Oct-2025,345.4,Call,350,7,26.49,33.6672,10,1038,3205
28-Oct-2025,345.4,-,0,347.2,0,33.6672,165,18087,2364
28-Oct-2025,345.4,Call,360,3.7,26.55,33.6672,38,626,2343
28-Oct-2025,345.4,Call,355,5.1,26.39,33.6672,87,393,1734
28-Oct-2025,345.4,Call,340,12.35,27.22,33.6672,-198,631,1278
28-Oct-2025,345.4,Call,345,9.45,26.71,33.6672,-39,568,1015
28-Oct-2025,345.4,Put,340,5.15,26.25,33.6672,2,580,1008
28-Oct-2025,345.4,Put,335,3.65,26.66,33.6672,-25,1001,916
28-Oct-2025,345.4,Put,350,9.8,26.22,33.6672,-21,183,758
28-Oct-2025,345.4,Call,380,0.8,27.95,33.6672,15,466,747
28-Oct-2025,345.4,Put,345,7.25,26.36,33.6672,41,322,696
28-Oct-2025,345.4,Put,330,2.45,27.34,33.6672,-23,487,514
28-Oct-2025,345.4,Call,370,1.75,27.33,33.6672,18,423,514
28-Oct-2025,345.4,Call,390,0.35,29.33,33.6672,19,652,364
28-Oct-2025,345.4,Call,365,2.55,26.89,33.6672,68,283,331
25-Nov-2025,345.4,-,0,348.2,0,33.6672,26,263,160
28-Oct-2025,345.4,Put,320,1.1,28.5,33.6672,2,464,151
28-Oct-2025,345.4,Put,325,1.65,28.04,33.6672,8,463,111
28-Oct-2025,345.4,Call,375,1.2,27.36,33.6672,8,92,110
28-Oct-2025,345.4,Put,355,12.9,26.19,33.6672,4,33,104
28-Oct-2025,345.4,Call,330,19.6,28.18,33.6672,-6,243,94
28-Oct-2025,345.4,Call,335,15.7,27.27,33.6672,-5,185,91
28-Oct-2025,345.4,Put,310,0.5,31.08,33.6672,-23,273,79
28-Oct-2025,345.4,Put,360,16.4,26.24,33.6672,2,256,77
28-Oct-2025,345.4,Put,315,0.8,29.99,33.6672,-6,157,45
28-Oct-2025,345.4,Put,305,0.35,31.74,33.6672,16,157,45
25-Nov-2025,345.4,Call,360,8.25,25.34,33.6672,19,79,36
28-Oct-2025,345.4,Call,325,23.75,28.93,33.6672,6,52,35
28-Oct-2025,345.4,Put,365,19.25,21.4,33.6672,-4,175,35
30-Dec-2025,345.4,-,0,349.45,0,33.6672,10,38,32
28-Oct-2025,345.4,Put,370,23.55,20.67,33.6672,3,49,22
28-Oct-2025,345.4,Call,320,28.2,30.15,33.6672,-1,145,21
28-Oct-2025,345.4,Put,380,33.2,26.84,33.6672,3,44,20
28-Oct-2025,345.4,Put,300,0.25,33.11,33.6672,-3,531,19
28-Oct-2025,345.4,Put,375,28.9,26.67,33.6672,1,12,18
25-Nov-2025,345.4,Call,350,12.2,25.01,33.6672,10,23,17
28-Oct-2025,345.4,Put,390,42.95,25.45,33.6672,1,17,13
28-Oct-2025,345.4,Call,315,32.85,31.83,33.6672,0,26,12
28-Oct-2025,345.4,Put,285,0.15,39.73,33.6672,0,26,12
25-Nov-2025,345.4,Put,340,8.8,26.73,33.6672,3,6,12
25-Nov-2025,345.4,Put,320,3.3,27.57,33.6672,0,45,11
28-Oct-2025,345.4,Call,310,38.6,41.68,33.6672,2,54,8
25-Nov-2025,345.4,Put,315,2.15,26.52,33.6672,5,38,8
25-Nov-2025,345.4,Put,330,5.15,26.13,33.6672,2,14,6
25-Nov-2025,345.4,Call,370,5.85,26.74,33.6672,4,6,5
25-Nov-2025,345.4,Call,380,4.05,27.77,33.6672,2,15,5
28-Oct-2025,345.4,Put,290,0.1,34.67,33.6672,0,108,4
28-Oct-2025,345.4,Call,300,47.6,41.78,33.6672,1,59,4
28-Oct-2025,345.4,Put,295,0.15,33.6,33.6672,-1,128,3
25-Nov-2025,345.4,Put,335,7,26.84,33.6672,0,0,2
25-Nov-2025,345.4,Call,330,24.9,26.95,33.6672,0,5,2
28-Oct-2025,345.4,Call,400,0.25,31.71,0,0,0,1
25-Nov-2025,345.4,Call,340,18.15,26.3,33.6672,0,15,1
25-Nov-2025,345.4,Put,360,18.75,25.98,33.6672,0,11,1
30-Dec-2025,345.4,Call,370,9.9,25.32,33.6672,0,0,1
28-Oct-2025,345.4,Put,400,0,0,0,0,0,0
28-Oct-2025,345.4,Call,305,0,0,33.6672,0,18,0
28-Oct-2025,345.4,Call,295,0,0,33.6672,0,5,0
28-Oct-2025,345.4,Put,260,0,0,33.6672,0,40,0
28-Oct-2025,345.4,Call,260,0,0,33.6672,0,10,0
28-Oct-2025,345.4,Call,270,0,0,33.6672,0,12,0
28-Oct-2025,345.4,Call,290,0,0,33.6672,0,18,0
28-Oct-2025,345.4,Call,280,0,0,33.6672,0,46,0
25-Nov-2025,345.4,Put,350,0,0,33.6672,0,9,0
25-Nov-2025,345.4,Call,325,0,0,33.6672,0,1,0
25-Nov-2025,345.4,Call,355,0,0,33.6672,0,0,0
25-Nov-2025,345.4,Call,365,0,0,33.6672,0,0,0
25-Nov-2025,345.4,Put,345,0,0,33.6672,0,0,0
25-Nov-2025,345.4,Put,325,0,0,33.6672,0,0,0
25-Nov-2025,345.4,Call,345,0,0,33.6672,0,0,0
25-Nov-2025,345.4,Call,390,0,0,33.6672,0,0,0
25-Nov-2025,345.4,Put,290,0,0,33.6672,0,0,0
25-Nov-2025,345.4,Put,300,0,0,33.6672,0,0,0
25-Nov-2025,345.4,Call,300,0,0,33.6672,0,1,0
25-Nov-2025,345.4,Call,320,0,0,33.6672,0,0,0
25-Nov-2025,345.4,Put,310,0,0,33.6672,0,0,0
25-Nov-2025,345.4,Put,375,0,0,33.6672,0,0,0
25-Nov-2025,345.4,Call,290,0,0,33.6672,0,0,0
25-Nov-2025,345.4,Put,370,0,0,33.6672,0,0,0
25-Nov-2025,345.4,Call,315,0,0,33.6672,0,0,0
25-Nov-2025,345.4,Put,380,0,0,33.6672,0,0,0
25-Nov-2025,345.4,Call,375,0,0,33.6672,0,0,0
25-Nov-2025,345.4,Call,335,0,0,33.6672,0,0,0
25-Nov-2025,345.4,Put,390,0,0,33.6672,0,0,0
25-Nov-2025,345.4,Put,355,0,0,33.6672,0,0,0
25-Nov-2025,345.4,Call,400,0,0,0,0,0,0
25-Nov-2025,345.4,Put,400,0,0,0,0,0,0
25-Nov-2025,345.4,Put,365,0,0,33.6672,0,0,0
25-Nov-2025,345.4,Call,310,0,0,33.6672,0,0,0
30-Dec-2025,345.4,Put,320,0,0,33.6672,0,0,0
30-Dec-2025,345.4,Put,330,0,0,33.6672,0,0,0
30-Dec-2025,345.4,Put,310,0,0,33.6672,0,0,0
30-Dec-2025,345.4,Put,350,0,0,33.6672,0,0,0
30-Dec-2025,345.4,Put,300,0,0,33.6672,0,0,0
30-Dec-2025,345.4,Put,360,0,0,33.6672,0,0,0
30-Dec-2025,345.4,Put,340,0,0,33.6672,0,0,0
30-Dec-2025,345.4,Call,340,0,0,33.6672,0,0,0
30-Dec-2025,345.4,Call,380,0,0,33.6672,0,0,0
30-Dec-2025,345.4,Call,360,0,0,33.6672,0,0,0
30-Dec-2025,345.4,Put,370,0,0,33.6672,0,0,0
30-Dec-2025,345.4,Call,350,0,0,33.6672,0,0,0
