28-Oct-2025,1513.3,Call,1510,29.65,16.91,26.2226,148,375,3558
28-Oct-2025,1513.3,-,0,1517.3,0,26.2226,202,29023,3234
28-Oct-2025,1513.3,Call,1520,24.45,16.89,26.2226,77,857,2433
28-Oct-2025,1513.3,Call,1500,35.6,16.77,26.2226,2,609,2041
28-Oct-2025,1513.3,Call,1600,3.5,17.91,26.2226,-35,2140,1315
28-Oct-2025,1513.3,Put,1500,18.15,19.85,26.2226,15,881,1158
28-Oct-2025,1513.3,Call,1540,16.05,16.98,26.2226,81,429,906
28-Oct-2025,1513.3,Call,1560,9.9,17.14,26.2226,-12,610,858
28-Oct-2025,1513.3,Put,1480,11.9,20.17,26.2226,0,210,578
28-Oct-2025,1513.3,Put,1400,1.85,22.88,26.2226,50,660,540
28-Oct-2025,1513.3,Call,1530,19.9,16.99,26.2226,8,179,536
28-Oct-2025,1513.3,Call,1580,5.8,17.29,26.2226,106,315,504
28-Oct-2025,1513.3,Put,1510,22,19.83,26.2226,57,139,486
28-Oct-2025,1513.3,Call,1550,12.8,16.82,26.2226,30,304,403
28-Oct-2025,1513.3,Put,1520,26.5,19.75,26.2226,44,354,399
28-Oct-2025,1513.3,Call,1620,1.85,18.12,26.2226,43,515,322
28-Oct-2025,1513.3,Put,1460,7.7,20.88,26.2226,-23,215,294
28-Oct-2025,1513.3,Put,1490,14.65,19.95,26.2226,-5,59,181
28-Oct-2025,1513.3,Call,1490,42.45,17.07,26.2226,-10,40,139
25-Nov-2025,1513.3,-,0,1525.9,0,26.2226,29,289,131
28-Oct-2025,1513.3,Put,1440,4.8,21.32,26.2226,-30,187,131
28-Oct-2025,1513.3,Put,1470,9.5,20.82,26.2226,-18,45,73
28-Oct-2025,1513.3,Put,1450,5.95,21.07,26.2226,21,38,70
28-Oct-2025,1513.3,Call,1590,4.3,17.27,26.2226,16,104,57
28-Oct-2025,1513.3,Call,1480,48,15.9,26.2226,-3,75,56
28-Oct-2025,1513.3,Put,1540,37.95,19.99,26.2226,7,153,55
25-Nov-2025,1513.3,Call,1600,19.4,20.32,26.2226,20,56,52
28-Oct-2025,1513.3,Put,1380,1,23.27,26.2226,1,829,49
28-Oct-2025,1513.3,Call,1630,1.45,18.34,26.2226,20,560,48
28-Oct-2025,1513.3,Call,1660,0.5,18.67,26.2226,9,896,45
28-Oct-2025,1513.3,Call,1640,1.05,18.7,26.2226,4,486,44
28-Oct-2025,1513.3,Put,1530,31.6,19.54,26.2226,7,74,41
28-Oct-2025,1513.3,Put,1420,3.05,22.35,26.2226,0,108,37
28-Oct-2025,1513.3,Call,1570,7.6,17.26,26.2226,14,49,36
28-Oct-2025,1513.3,Put,1560,52.55,21,26.2226,-11,255,25
28-Oct-2025,1513.3,Put,1430,3.7,21.81,26.2226,11,13,25
28-Oct-2025,1513.3,Put,1550,43.45,19.22,26.2226,1,104,22
28-Oct-2025,1513.3,Put,1410,2.25,22.39,26.2226,-8,25,22
28-Oct-2025,1513.3,Put,1600,84,21.03,26.2226,1,158,15
28-Oct-2025,1513.3,Call,1460,66.2,18.3,26.2226,1,21,15
28-Oct-2025,1513.3,Call,1440,80.6,0,26.2226,1,7,14
28-Oct-2025,1513.3,Put,1580,67.5,20.99,26.2226,-3,38,13
28-Oct-2025,1513.3,Call,1610,2.45,18.02,26.2226,7,35,13
28-Oct-2025,1513.3,Call,1700,0.6,23.51,26.2226,3,544,12
28-Oct-2025,1513.3,Put,1360,0.5,23.42,26.2226,-3,197,10
28-Oct-2025,1513.3,Put,1570,59.05,20.31,26.2226,1,10,8
30-Dec-2025,1513.3,-,0,1531.9,0,26.2226,1,15,5
28-Oct-2025,1513.3,Call,1400,120,0,26.2226,-2,37,5
25-Nov-2025,1513.3,Put,1460,22.6,23.97,26.2226,0,18,4
25-Nov-2025,1513.3,Put,1400,10.4,24.86,26.2226,2,3,4
28-Oct-2025,1513.3,Call,1740,0.3,25.15,26.2226,0,13,3
25-Nov-2025,1513.3,Call,1640,10.5,20.03,26.2226,1,7,3
28-Oct-2025,1513.3,Call,1840,0.2,32.48,26.2226,1,18,2
28-Oct-2025,1513.3,Put,1340,0.55,26.44,26.2226,0,427,2
25-Nov-2025,1513.3,Call,1500,62.45,20.69,26.2226,0,3,2
28-Oct-2025,1513.3,Call,1720,1.1,28.13,26.2226,0,38,2
25-Nov-2025,1513.3,Put,1500,35.6,23.42,26.2226,1,17,2
25-Nov-2025,1513.3,Call,1540,40.5,20.23,26.2226,1,4,2
28-Oct-2025,1513.3,Call,1760,0,0,26.2226,0,86,0
28-Oct-2025,1513.3,Call,1410,0,0,26.2226,0,0,0
28-Oct-2025,1513.3,Call,1390,0,0,26.2226,0,0,0
28-Oct-2025,1513.3,Call,1430,0,0,26.2226,0,0,0
28-Oct-2025,1513.3,Call,1450,0,0,26.2226,0,12,0
28-Oct-2025,1513.3,Call,1470,0,0,26.2226,0,1,0
28-Oct-2025,1513.3,Put,1590,0,0,26.2226,0,2,0
28-Oct-2025,1513.3,Put,1610,0,0,26.2226,0,0,0
28-Oct-2025,1513.3,Call,1260,0,0,26.2226,0,0,0
28-Oct-2025,1513.3,Call,1300,0,0,26.2226,0,0,0
28-Oct-2025,1513.3,Put,1720,0,0,26.2226,0,0,0
28-Oct-2025,1513.3,Put,1760,0,0,26.2226,0,0,0
28-Oct-2025,1513.3,Put,1640,0,0,26.2226,0,0,0
28-Oct-2025,1513.3,Put,1680,0,0,26.2226,0,0,0
28-Oct-2025,1513.3,Call,1320,0,0,26.2226,0,0,0
28-Oct-2025,1513.3,Call,1360,0,0,26.2226,0,0,0
28-Oct-2025,1513.3,Put,1320,0,0,26.2226,0,20,0
28-Oct-2025,1513.3,Call,1370,0,0,0,0,0,0
28-Oct-2025,1513.3,Put,1370,0,0,0,0,0,0
28-Oct-2025,1513.3,Call,1420,0,0,26.2226,0,1,0
28-Oct-2025,1513.3,Put,1620,0,0,26.2226,0,5,0
28-Oct-2025,1513.3,Put,1660,0,0,26.2226,0,0,0
28-Oct-2025,1513.3,Put,1700,0,0,26.2226,0,0,0
28-Oct-2025,1513.3,Put,1740,0,0,26.2226,0,0,0
28-Oct-2025,1513.3,Put,1280,0,0,26.2226,0,17,0
28-Oct-2025,1513.3,Put,1260,0,0,26.2226,0,0,0
28-Oct-2025,1513.3,Put,1300,0,0,26.2226,0,1,0
28-Oct-2025,1513.3,Call,1340,0,0,26.2226,0,0,0
28-Oct-2025,1513.3,Put,1390,0,0,26.2226,0,143,0
25-Nov-2025,1513.3,Call,1430,0,0,26.2226,0,0,0
25-Nov-2025,1513.3,Call,1280,0,0,26.2226,0,0,0
25-Nov-2025,1513.3,Put,1550,0,0,26.2226,0,0,0
25-Nov-2025,1513.3,Call,1450,0,0,26.2226,0,0,0
25-Nov-2025,1513.3,Call,1380,0,0,26.2226,0,0,0
25-Nov-2025,1513.3,Put,1590,0,0,26.2226,0,0,0
25-Nov-2025,1513.3,Put,1640,0,0,26.2226,0,0,0
28-Oct-2025,1513.3,Put,1630,0,0,26.2226,0,0,0
28-Oct-2025,1513.3,Call,1380,0,0,26.2226,0,0,0
28-Oct-2025,1513.3,Call,1680,0,0,26.2226,0,38,0
25-Nov-2025,1513.3,Call,1720,0,0,26.2226,0,0,0
25-Nov-2025,1513.3,Call,1320,0,0,26.2226,0,0,0
25-Nov-2025,1513.3,Call,1410,0,0,26.2226,0,0,0
25-Nov-2025,1513.3,Call,1340,0,0,26.2226,0,0,0
25-Nov-2025,1513.3,Put,1630,0,0,26.2226,0,0,0
25-Nov-2025,1513.3,Call,1560,0,0,26.2226,0,0,0
25-Nov-2025,1513.3,Put,1380,0,0,26.2226,0,0,0
25-Nov-2025,1513.3,Put,1520,0,0,26.2226,0,26,0
25-Nov-2025,1513.3,Put,1360,0,0,26.2226,0,0,0
25-Nov-2025,1513.3,Call,1360,0,0,26.2226,0,0,0
25-Nov-2025,1513.3,Put,1320,0,0,26.2226,0,0,0
25-Nov-2025,1513.3,Put,1620,0,0,26.2226,0,0,0
25-Nov-2025,1513.3,Put,1390,0,0,26.2226,0,0,0
25-Nov-2025,1513.3,Call,1300,0,0,26.2226,0,0,0
25-Nov-2025,1513.3,Put,1490,0,0,26.2226,0,0,0
25-Nov-2025,1513.3,Put,1530,0,0,26.2226,0,0,0
25-Nov-2025,1513.3,Call,1610,0,0,26.2226,0,0,0
25-Nov-2025,1513.3,Call,1510,0,0,26.2226,0,2,0
25-Nov-2025,1513.3,Put,1480,0,0,26.2226,0,0,0
25-Nov-2025,1513.3,Call,1490,0,0,26.2226,0,0,0
25-Nov-2025,1513.3,Put,1300,0,0,26.2226,0,0,0
30-Dec-2025,1513.3,Put,1420,0,0,26.2226,0,0,0
30-Dec-2025,1513.3,Call,1520,0,0,26.2226,0,0,0
25-Nov-2025,1513.3,Put,1560,0,0,26.2226,0,0,0
25-Nov-2025,1513.3,Call,1530,0,0,26.2226,0,0,0
25-Nov-2025,1513.3,Call,1760,0,0,26.2226,0,0,0
30-Dec-2025,1513.3,Call,1540,0,0,26.2226,0,0,0
25-Nov-2025,1513.3,Put,1280,0,0,26.2226,0,0,0
25-Nov-2025,1513.3,Call,1580,0,0,26.2226,0,0,0
30-Dec-2025,1513.3,Put,1440,0,0,26.2226,0,0,0
25-Nov-2025,1513.3,Put,1370,0,0,0,0,0,0
30-Dec-2025,1513.3,Call,1580,0,0,26.2226,0,0,0
30-Dec-2025,1513.3,Put,1560,0,0,26.2226,0,0,0
25-Nov-2025,1513.3,Call,1260,0,0,26.2226,0,0,0
25-Nov-2025,1513.3,Put,1340,0,0,26.2226,0,0,0
25-Nov-2025,1513.3,Call,1520,0,0,26.2226,0,14,0
30-Dec-2025,1513.3,Call,1480,0,0,26.2226,0,0,0
30-Dec-2025,1513.3,Put,1500,0,0,26.2226,0,0,0
25-Nov-2025,1513.3,Put,1760,0,0,26.2226,0,0,0
28-Oct-2025,1513.3,Call,1280,0,0,26.2226,0,0,0
25-Nov-2025,1513.3,Call,1400,0,0,26.2226,0,0,0
25-Nov-2025,1513.3,Call,1460,0,0,26.2226,0,0,0
30-Dec-2025,1513.3,Call,1600,0,0,26.2226,0,0,0
25-Nov-2025,1513.3,Call,1440,0,0,26.2226,0,0,0
25-Nov-2025,1513.3,Put,1610,0,0,26.2226,0,0,0
25-Nov-2025,1513.3,Call,1700,0,0,26.2226,0,0,0
25-Nov-2025,1513.3,Put,1450,0,0,26.2226,0,0,0
25-Nov-2025,1513.3,Call,1420,0,0,26.2226,0,0,0
25-Nov-2025,1513.3,Put,1430,0,0,26.2226,0,0,0
25-Nov-2025,1513.3,Put,1740,0,0,26.2226,0,0,0
25-Nov-2025,1513.3,Call,1630,0,0,26.2226,0,0,0
25-Nov-2025,1513.3,Put,1720,0,0,26.2226,0,0,0
25-Nov-2025,1513.3,Put,1700,0,0,26.2226,0,0,0
28-Oct-2025,1513.3,Call,1800,0,0,26.2226,0,18,0
25-Nov-2025,1513.3,Put,1420,0,0,26.2226,0,0,0
25-Nov-2025,1513.3,Put,1660,0,0,26.2226,0,0,0
25-Nov-2025,1513.3,Call,1590,0,0,26.2226,0,0,0
25-Nov-2025,1513.3,Put,1580,0,0,26.2226,0,0,0
25-Nov-2025,1513.3,Call,1550,0,0,26.2226,0,5,0
25-Nov-2025,1513.3,Call,1370,0,0,0,0,0,0
25-Nov-2025,1513.3,Put,1510,0,0,26.2226,0,0,0
25-Nov-2025,1513.3,Put,1680,0,0,26.2226,0,0,0
25-Nov-2025,1513.3,Call,1570,0,0,26.2226,0,0,0
25-Nov-2025,1513.3,Put,1570,0,0,26.2226,0,0,0
25-Nov-2025,1513.3,Call,1470,0,0,26.2226,0,0,0
25-Nov-2025,1513.3,Put,1440,0,0,26.2226,0,0,0
30-Dec-2025,1513.3,Call,1620,0,0,26.2226,0,0,0
25-Nov-2025,1513.3,Put,1540,0,0,26.2226,0,0,0
25-Nov-2025,1513.3,Call,1740,0,0,26.2226,0,0,0
25-Nov-2025,1513.3,Put,1470,0,0,26.2226,0,0,0
25-Nov-2025,1513.3,Call,1390,0,0,26.2226,0,0,0
25-Nov-2025,1513.3,Call,1660,0,0,26.2226,0,3,0
30-Dec-2025,1513.3,Put,1480,0,0,26.2226,0,0,0
25-Nov-2025,1513.3,Call,1480,0,0,26.2226,0,0,0
25-Nov-2025,1513.3,Call,1620,0,0,26.2226,0,0,0
25-Nov-2025,1513.3,Put,1260,0,0,0,0,0,0
25-Nov-2025,1513.3,Put,1600,0,0,26.2226,0,0,0
30-Dec-2025,1513.3,Put,1400,0,0,26.2226,0,0,0
25-Nov-2025,1513.3,Put,1410,0,0,26.2226,0,0,0
30-Dec-2025,1513.3,Put,1460,0,0,26.2226,0,0,0
30-Dec-2025,1513.3,Put,1540,0,0,26.2226,0,0,0
30-Dec-2025,1513.3,Call,1560,0,0,26.2226,0,0,0
25-Nov-2025,1513.3,Call,1680,0,0,26.2226,0,0,0
30-Dec-2025,1513.3,Call,1640,0,0,26.2226,0,0,0
30-Dec-2025,1513.3,Put,1580,0,0,26.2226,0,0,0
30-Dec-2025,1513.3,Put,1520,0,0,26.2226,0,0,0
30-Dec-2025,1513.3,Call,1500,0,0,26.2226,0,0,0
