28-Oct-2025,1505.5,Call,1510,29.4,19.5,26.2226,367,594,2195
28-Oct-2025,1505.5,Call,1520,24.35,19.44,26.2226,83,863,1343
28-Oct-2025,1505.5,-,0,1513.4,0,26.2226,42,28863,1238
28-Oct-2025,1505.5,Call,1500,35,19.61,26.2226,50,657,1166
28-Oct-2025,1505.5,Call,1600,3.65,19.55,26.2226,-185,1990,877
28-Oct-2025,1505.5,Put,1500,20.85,20.35,26.2226,44,910,605
28-Oct-2025,1505.5,Call,1540,15.85,19.01,26.2226,88,436,593
28-Oct-2025,1505.5,Call,1560,9.9,18.84,26.2226,-28,594,590
28-Oct-2025,1505.5,Call,1530,19.75,19.2,26.2226,24,195,306
28-Oct-2025,1505.5,Put,1480,14.1,20.98,26.2226,63,273,293
28-Oct-2025,1505.5,Put,1400,2.2,23.19,26.2226,32,642,269
28-Oct-2025,1505.5,Put,1510,25.05,20.19,26.2226,70,152,249
28-Oct-2025,1505.5,Call,1580,6,19.19,26.2226,2,211,217
28-Oct-2025,1505.5,Call,1550,12.65,18.83,26.2226,-2,272,189
28-Oct-2025,1505.5,Put,1520,30,20.16,26.2226,36,346,173
28-Oct-2025,1505.5,Put,1460,8.55,21.34,26.2226,19,257,134
28-Oct-2025,1505.5,Call,1620,2.05,19.61,26.2226,2,474,95
28-Oct-2025,1505.5,Call,1490,41.65,19.46,26.2226,-4,46,94
28-Oct-2025,1505.5,Put,1490,17.2,20.92,26.2226,-3,61,88
28-Oct-2025,1505.5,Put,1440,5.6,21.99,26.2226,-21,196,73
25-Nov-2025,1505.5,-,0,1524.3,0,26.2226,13,273,56
28-Oct-2025,1505.5,Put,1450,6.85,21.95,26.2226,9,26,45
28-Oct-2025,1505.5,Call,1660,0.7,19.8,26.2226,12,899,39
28-Oct-2025,1505.5,Put,1380,1.3,23.77,26.2226,-1,827,36
28-Oct-2025,1505.5,Call,1480,48,19.17,26.2226,0,78,34
28-Oct-2025,1505.5,Put,1470,11.55,21.42,26.2226,-10,53,26
25-Nov-2025,1505.5,Call,1600,19.5,21.12,26.2226,14,50,24
28-Oct-2025,1505.5,Call,1590,4.65,18.8,26.2226,1,89,22
28-Oct-2025,1505.5,Call,1570,7.3,18.33,26.2226,8,43,18
28-Oct-2025,1505.5,Put,1530,35.7,21.15,26.2226,2,69,14
28-Oct-2025,1505.5,Call,1630,1.45,19.29,26.2226,0,540,13
28-Oct-2025,1505.5,Put,1420,3.75,23.3,26.2226,-3,105,11
28-Oct-2025,1505.5,Put,1410,3.05,23.32,26.2226,-6,27,10
28-Oct-2025,1505.5,Call,1640,1.15,19.67,26.2226,1,483,10
28-Oct-2025,1505.5,Put,1430,4.85,22.66,26.2226,4,6,8
28-Oct-2025,1505.5,Call,1460,64,20.24,26.2226,-1,19,7
28-Oct-2025,1505.5,Put,1540,40.4,21.64,26.2226,-1,145,7
28-Oct-2025,1505.5,Put,1560,55.7,20.81,26.2226,-2,264,6
28-Oct-2025,1505.5,Call,1610,2.75,19.24,26.2226,4,32,6
28-Oct-2025,1505.5,Put,1550,47.4,20.58,26.2226,3,106,6
28-Oct-2025,1505.5,Put,1600,90.25,22.18,26.2226,0,157,5
28-Oct-2025,1505.5,Put,1570,60.7,23.39,26.2226,1,10,5
28-Oct-2025,1505.5,Call,1440,80.1,19.73,26.2226,1,7,4
30-Dec-2025,1505.5,-,0,1531.5,0,26.2226,1,15,3
28-Oct-2025,1505.5,Put,1360,0.7,24.08,26.2226,0,200,2
28-Oct-2025,1505.5,Call,1720,1.1,28.74,26.2226,0,38,2
28-Oct-2025,1505.5,Put,1580,71.55,21.26,26.2226,0,41,2
28-Oct-2025,1505.5,Call,1740,0.25,25.1,26.2226,0,13,1
28-Oct-2025,1505.5,Call,1400,116,15.68,26.2226,0,39,1
25-Nov-2025,1505.5,Call,1500,62.55,0,26.2226,0,3,1
25-Nov-2025,1505.5,Put,1460,21.6,22.69,26.2226,0,18,1
28-Oct-2025,1505.5,Put,1620,0,0,26.2226,0,5,0
28-Oct-2025,1505.5,Call,1420,0,0,26.2226,0,1,0
28-Oct-2025,1505.5,Call,1380,0,0,26.2226,0,0,0
28-Oct-2025,1505.5,Put,1740,0,0,26.2226,0,0,0
28-Oct-2025,1505.5,Call,1840,0,0,26.2226,0,17,0
28-Oct-2025,1505.5,Put,1660,0,0,26.2226,0,0,0
28-Oct-2025,1505.5,Put,1700,0,0,26.2226,0,0,0
28-Oct-2025,1505.5,Call,1280,0,0,26.2226,0,0,0
28-Oct-2025,1505.5,Put,1280,0,0,26.2226,0,17,0
28-Oct-2025,1505.5,Put,1390,0,0,26.2226,0,143,0
28-Oct-2025,1505.5,Put,1300,0,0,26.2226,0,1,0
28-Oct-2025,1505.5,Call,1340,0,0,26.2226,0,0,0
28-Oct-2025,1505.5,Put,1260,0,0,26.2226,0,0,0
28-Oct-2025,1505.5,Put,1340,0,0,26.2226,0,427,0
28-Oct-2025,1505.5,Call,1760,0,0,26.2226,0,86,0
28-Oct-2025,1505.5,Call,1680,0,0,26.2226,0,38,0
28-Oct-2025,1505.5,Call,1800,0,0,26.2226,0,18,0
28-Oct-2025,1505.5,Put,1630,0,0,26.2226,0,0,0
28-Oct-2025,1505.5,Call,1450,0,0,26.2226,0,12,0
28-Oct-2025,1505.5,Call,1430,0,0,26.2226,0,0,0
28-Oct-2025,1505.5,Call,1300,0,0,26.2226,0,0,0
28-Oct-2025,1505.5,Call,1390,0,0,26.2226,0,0,0
28-Oct-2025,1505.5,Call,1470,0,0,26.2226,0,1,0
28-Oct-2025,1505.5,Call,1410,0,0,26.2226,0,0,0
28-Oct-2025,1505.5,Put,1590,0,0,26.2226,0,2,0
28-Oct-2025,1505.5,Put,1640,0,0,26.2226,0,0,0
28-Oct-2025,1505.5,Put,1720,0,0,26.2226,0,0,0
28-Oct-2025,1505.5,Put,1610,0,0,26.2226,0,0,0
28-Oct-2025,1505.5,Put,1320,0,0,26.2226,0,20,0
28-Oct-2025,1505.5,Call,1320,0,0,26.2226,0,0,0
28-Oct-2025,1505.5,Call,1260,0,0,26.2226,0,0,0
28-Oct-2025,1505.5,Call,1700,0,0,26.2226,0,541,0
28-Oct-2025,1505.5,Put,1680,0,0,26.2226,0,0,0
28-Oct-2025,1505.5,Call,1370,0,0,0,0,0,0
28-Oct-2025,1505.5,Put,1370,0,0,0,0,0,0
28-Oct-2025,1505.5,Put,1760,0,0,26.2226,0,0,0
25-Nov-2025,1505.5,Call,1480,0,0,26.2226,0,0,0
25-Nov-2025,1505.5,Put,1440,0,0,26.2226,0,0,0
28-Oct-2025,1505.5,Call,1360,0,0,26.2226,0,0,0
25-Nov-2025,1505.5,Call,1520,0,0,26.2226,0,14,0
25-Nov-2025,1505.5,Put,1340,0,0,26.2226,0,0,0
25-Nov-2025,1505.5,Put,1500,0,0,26.2226,0,16,0
25-Nov-2025,1505.5,Put,1510,0,0,26.2226,0,0,0
25-Nov-2025,1505.5,Put,1560,0,0,26.2226,0,0,0
25-Nov-2025,1505.5,Put,1300,0,0,26.2226,0,0,0
25-Nov-2025,1505.5,Put,1320,0,0,26.2226,0,0,0
25-Nov-2025,1505.5,Put,1480,0,0,26.2226,0,0,0
25-Nov-2025,1505.5,Put,1600,0,0,26.2226,0,0,0
25-Nov-2025,1505.5,Put,1450,0,0,26.2226,0,0,0
25-Nov-2025,1505.5,Call,1640,0,0,26.2226,0,6,0
25-Nov-2025,1505.5,Call,1620,0,0,26.2226,0,0,0
25-Nov-2025,1505.5,Call,1680,0,0,26.2226,0,0,0
25-Nov-2025,1505.5,Call,1540,0,0,26.2226,0,3,0
25-Nov-2025,1505.5,Call,1580,0,0,26.2226,0,0,0
25-Nov-2025,1505.5,Put,1430,0,0,26.2226,0,0,0
25-Nov-2025,1505.5,Put,1370,0,0,0,0,0,0
25-Nov-2025,1505.5,Call,1510,0,0,26.2226,0,2,0
25-Nov-2025,1505.5,Put,1420,0,0,26.2226,0,0,0
25-Nov-2025,1505.5,Call,1370,0,0,0,0,0,0
25-Nov-2025,1505.5,Put,1630,0,0,26.2226,0,0,0
25-Nov-2025,1505.5,Put,1400,0,0,26.2226,0,1,0
25-Nov-2025,1505.5,Call,1630,0,0,26.2226,0,0,0
25-Nov-2025,1505.5,Put,1390,0,0,26.2226,0,0,0
25-Nov-2025,1505.5,Call,1560,0,0,26.2226,0,0,0
25-Nov-2025,1505.5,Put,1380,0,0,26.2226,0,0,0
25-Nov-2025,1505.5,Call,1660,0,0,26.2226,0,3,0
25-Nov-2025,1505.5,Call,1590,0,0,26.2226,0,0,0
25-Nov-2025,1505.5,Put,1410,0,0,26.2226,0,0,0
25-Nov-2025,1505.5,Call,1530,0,0,26.2226,0,0,0
25-Nov-2025,1505.5,Call,1570,0,0,26.2226,0,0,0
25-Nov-2025,1505.5,Put,1520,0,0,26.2226,0,26,0
25-Nov-2025,1505.5,Put,1360,0,0,26.2226,0,0,0
25-Nov-2025,1505.5,Call,1610,0,0,26.2226,0,0,0
25-Nov-2025,1505.5,Call,1470,0,0,26.2226,0,0,0
25-Nov-2025,1505.5,Put,1470,0,0,26.2226,0,0,0
25-Nov-2025,1505.5,Call,1490,0,0,26.2226,0,0,0
25-Nov-2025,1505.5,Put,1490,0,0,26.2226,0,0,0
25-Nov-2025,1505.5,Call,1300,0,0,26.2226,0,0,0
25-Nov-2025,1505.5,Put,1700,0,0,26.2226,0,0,0
25-Nov-2025,1505.5,Put,1740,0,0,26.2226,0,0,0
25-Nov-2025,1505.5,Call,1360,0,0,26.2226,0,0,0
25-Nov-2025,1505.5,Put,1720,0,0,26.2226,0,0,0
25-Nov-2025,1505.5,Call,1550,0,0,26.2226,0,5,0
25-Nov-2025,1505.5,Call,1760,0,0,26.2226,0,0,0
25-Nov-2025,1505.5,Call,1320,0,0,26.2226,0,0,0
25-Nov-2025,1505.5,Put,1540,0,0,26.2226,0,0,0
25-Nov-2025,1505.5,Call,1260,0,0,26.2226,0,0,0
25-Nov-2025,1505.5,Call,1280,0,0,26.2226,0,0,0
25-Nov-2025,1505.5,Put,1610,0,0,26.2226,0,0,0
25-Nov-2025,1505.5,Call,1340,0,0,26.2226,0,0,0
25-Nov-2025,1505.5,Call,1400,0,0,26.2226,0,0,0
25-Nov-2025,1505.5,Put,1590,0,0,26.2226,0,0,0
25-Nov-2025,1505.5,Put,1530,0,0,26.2226,0,0,0
25-Nov-2025,1505.5,Put,1580,0,0,26.2226,0,0,0
25-Nov-2025,1505.5,Put,1550,0,0,26.2226,0,0,0
25-Nov-2025,1505.5,Put,1760,0,0,26.2226,0,0,0
25-Nov-2025,1505.5,Call,1740,0,0,26.2226,0,0,0
25-Nov-2025,1505.5,Put,1660,0,0,26.2226,0,0,0
25-Nov-2025,1505.5,Put,1280,0,0,26.2226,0,0,0
25-Nov-2025,1505.5,Put,1640,0,0,26.2226,0,0,0
25-Nov-2025,1505.5,Put,1680,0,0,26.2226,0,0,0
25-Nov-2025,1505.5,Put,1620,0,0,26.2226,0,0,0
25-Nov-2025,1505.5,Call,1380,0,0,26.2226,0,0,0
30-Dec-2025,1505.5,Put,1400,0,0,26.2226,0,0,0
30-Dec-2025,1505.5,Call,1560,0,0,26.2226,0,0,0
25-Nov-2025,1505.5,Call,1450,0,0,26.2226,0,0,0
25-Nov-2025,1505.5,Call,1390,0,0,26.2226,0,0,0
25-Nov-2025,1505.5,Call,1720,0,0,26.2226,0,0,0
25-Nov-2025,1505.5,Call,1700,0,0,26.2226,0,0,0
25-Nov-2025,1505.5,Call,1420,0,0,26.2226,0,0,0
25-Nov-2025,1505.5,Call,1440,0,0,26.2226,0,0,0
25-Nov-2025,1505.5,Call,1410,0,0,26.2226,0,0,0
25-Nov-2025,1505.5,Call,1460,0,0,26.2226,0,0,0
30-Dec-2025,1505.5,Put,1520,0,0,26.2226,0,0,0
30-Dec-2025,1505.5,Call,1480,0,0,26.2226,0,0,0
30-Dec-2025,1505.5,Put,1480,0,0,26.2226,0,0,0
25-Nov-2025,1505.5,Call,1430,0,0,26.2226,0,0,0
30-Dec-2025,1505.5,Call,1500,0,0,26.2226,0,0,0
30-Dec-2025,1505.5,Call,1620,0,0,26.2226,0,0,0
30-Dec-2025,1505.5,Put,1500,0,0,26.2226,0,0,0
25-Nov-2025,1505.5,Put,1570,0,0,26.2226,0,0,0
30-Dec-2025,1505.5,Put,1460,0,0,26.2226,0,0,0
30-Dec-2025,1505.5,Call,1520,0,0,26.2226,0,0,0
30-Dec-2025,1505.5,Call,1540,0,0,26.2226,0,0,0
30-Dec-2025,1505.5,Call,1600,0,0,26.2226,0,0,0
30-Dec-2025,1505.5,Put,1560,0,0,26.2226,0,0,0
30-Dec-2025,1505.5,Call,1640,0,0,26.2226,0,0,0
30-Dec-2025,1505.5,Call,1580,0,0,26.2226,0,0,0
30-Dec-2025,1505.5,Put,1540,0,0,26.2226,0,0,0
30-Dec-2025,1505.5,Put,1580,0,0,26.2226,0,0,0
30-Dec-2025,1505.5,Put,1420,0,0,26.2226,0,0,0
30-Dec-2025,1505.5,Put,1440,0,0,26.2226,0,0,0
