28-Oct-2025,385.85,Call,390,5,16.63,29.1602,43,2853,2405
28-Oct-2025,385.85,Call,385,7.3,16.19,29.1602,15,1292,1930
28-Oct-2025,385.85,-,0,387.25,0,29.1602,67,50413,1612
28-Oct-2025,385.85,Put,380,3.2,18.43,29.1602,67,1695,1330
28-Oct-2025,385.85,Call,400,2.1,18.08,29.1602,-209,2983,867
28-Oct-2025,385.85,Call,387.5,6.05,16.66,29.1602,25,649,823
28-Oct-2025,385.85,Call,380,10.4,16.08,29.1602,1,549,730
28-Oct-2025,385.85,Call,395,3.2,17.58,29.1602,130,3146,449
28-Oct-2025,385.85,Put,385,5.15,18.65,29.1602,-34,1497,434
28-Oct-2025,385.85,Put,382.5,4.1,18.32,29.1602,2,318,413
28-Oct-2025,385.85,Put,375,1.95,18.69,29.1602,18,913,390
28-Oct-2025,385.85,Call,405,1.3,18.41,29.1602,119,768,364
28-Oct-2025,385.85,Call,382.5,8.5,15.93,29.1602,-24,252,356
28-Oct-2025,385.85,Call,410,0.9,19.44,29.1602,-67,1726,251
28-Oct-2025,385.85,Put,377.5,2.65,18.6,29.1602,21,186,216
28-Oct-2025,385.85,Put,390,7.8,19.01,29.1602,44,1547,197
28-Oct-2025,385.85,Put,370,1.2,19.02,29.1602,-7,572,196
28-Oct-2025,385.85,Put,365,0.75,19.94,29.1602,5,469,174
25-Nov-2025,385.85,-,0,388.3,0,29.1602,20,1319,149
28-Oct-2025,385.85,Put,387.5,6.65,18.97,29.1602,-11,320,128
28-Oct-2025,385.85,Call,392.5,4.05,17.61,29.1602,-12,343,121
25-Nov-2025,385.85,Call,420,2.05,19.18,29.1602,57,195,91
28-Oct-2025,385.85,Call,420,0.4,21.34,29.1602,-39,1488,77
28-Oct-2025,385.85,Call,377.5,12.1,16.78,29.1602,13,46,51
28-Oct-2025,385.85,Put,340,0.15,27.43,29.1602,0,109,42
28-Oct-2025,385.85,Put,372.5,1.55,18.95,29.1602,-1,85,42
28-Oct-2025,385.85,Call,407.5,1.15,19.57,29.1602,31,98,41
28-Oct-2025,385.85,Put,395,11.1,19.93,29.1602,2,755,39
28-Oct-2025,385.85,Put,400,14.9,19.65,29.1602,-16,1118,34
28-Oct-2025,385.85,Call,375,13.8,15.83,29.1602,7,89,33
28-Oct-2025,385.85,Call,370,18.1,16.05,29.1602,0,140,29
28-Oct-2025,385.85,Put,367.5,0.9,19.18,29.1602,-7,73,29
25-Nov-2025,385.85,Call,400,6.4,18.67,29.1602,7,172,27
25-Nov-2025,385.85,Call,390,9.85,17.41,29.1602,8,114,26
28-Oct-2025,385.85,Call,397.5,2.65,18.11,29.1602,-7,234,25
28-Oct-2025,385.85,Call,415,0.6,20.57,29.1602,16,536,24
25-Nov-2025,385.85,Call,410,3.8,19.11,29.1602,4,112,24
28-Oct-2025,385.85,Call,412.5,0.75,20.27,29.1602,1,50,22
30-Dec-2025,385.85,-,0,390,0,29.1602,4,183,18
28-Oct-2025,385.85,Put,405,19.35,21.55,29.1602,-7,75,18
28-Oct-2025,385.85,Put,350,0.2,23.17,29.1602,-5,230,18
25-Nov-2025,385.85,Put,350,1.25,22.79,29.1602,11,13,15
28-Oct-2025,385.85,Call,372.5,16,16.44,29.1602,1,29,14
28-Oct-2025,385.85,Put,360,0.5,21.2,29.1602,1,584,13
28-Oct-2025,385.85,Call,402.5,1.7,18.42,29.1602,2,101,12
28-Oct-2025,385.85,Call,425,0.3,22.55,29.1602,4,285,11
28-Oct-2025,385.85,Put,407.5,23.05,28.24,29.1602,-3,11,10
25-Nov-2025,385.85,Put,380,7.3,21.61,29.1602,5,103,9
25-Nov-2025,385.85,Put,370,3.9,20.92,29.1602,7,100,9
28-Oct-2025,385.85,Call,365,21.6,0,29.1602,0,17,8
25-Nov-2025,385.85,Call,380,14.5,15.27,29.1602,0,91,8
28-Oct-2025,385.85,Put,397.5,14.5,24.31,29.1602,2,33,7
28-Oct-2025,385.85,Call,367.5,19.35,0,29.1602,-1,18,7
25-Nov-2025,385.85,Call,395,6.85,16.03,29.1602,5,29,7
28-Oct-2025,385.85,Put,402.5,20.4,31.97,29.1602,0,23,6
28-Oct-2025,385.85,Call,440,0.15,26.25,29.1602,1,250,5
28-Oct-2025,385.85,Call,355,29.1,0,29.1602,0,5,4
28-Oct-2025,385.85,Call,430,0.2,23.2,29.1602,0,225,4
25-Nov-2025,385.85,Put,360,2.1,22.95,29.1602,-1,26,4
28-Oct-2025,385.85,Call,362.5,20.4,0,29.1602,0,0,3
28-Oct-2025,385.85,Put,355,0.35,22.62,29.1602,-1,76,3
25-Nov-2025,385.85,Call,385,12,16.48,29.1602,2,66,3
30-Dec-2025,385.85,Call,400,9,15.79,29.1602,1,16,3
28-Oct-2025,385.85,Put,357.5,0.55,23.25,29.1602,1,14,2
28-Oct-2025,385.85,Put,410,23.75,22.39,29.1602,0,224,2
28-Oct-2025,385.85,Call,350,33.5,0,29.1602,0,33,2
28-Oct-2025,385.85,Put,450,65.35,56.13,29.1602,0,1571,2
28-Oct-2025,385.85,Put,345,0.2,25.91,29.1602,0,10,1
25-Nov-2025,385.85,Put,375,6.3,23.09,29.1602,0,114,1
25-Nov-2025,385.85,Put,390,11.9,0,29.1602,0,107,1
28-Oct-2025,385.85,Put,335,0,0,29.1602,0,6,0
28-Oct-2025,385.85,Call,357.5,0,0,29.1602,0,0,0
28-Oct-2025,385.85,Call,345,0,0,29.1602,0,6,0
28-Oct-2025,385.85,Call,335,0,0,29.1602,0,0,0
28-Oct-2025,385.85,Put,415,0,0,29.1602,0,79,0
28-Oct-2025,385.85,Put,435,0,0,29.1602,0,0,0
28-Oct-2025,385.85,Put,352.5,0,0,29.1602,0,0,0
28-Oct-2025,385.85,Call,352.5,0,0,29.1602,0,0,0
28-Oct-2025,385.85,Put,445,0,0,29.1602,0,0,0
28-Oct-2025,385.85,Call,340,0,0,29.1602,0,0,0
28-Oct-2025,385.85,Put,310,0,0,29.1602,0,14,0
28-Oct-2025,385.85,Call,320,0,0,29.1602,0,0,0
28-Oct-2025,385.85,Put,430,0,0,29.1602,0,86,0
28-Oct-2025,385.85,Call,330,0,0,29.1602,0,0,0
28-Oct-2025,385.85,Put,320,0,0,29.1602,0,106,0
28-Oct-2025,385.85,Call,460,0,0,29.1602,0,56,0
28-Oct-2025,385.85,Call,450,0,0,29.1602,0,1042,0
28-Oct-2025,385.85,Put,440,0,0,29.1602,0,121,0
28-Oct-2025,385.85,Call,325,0,0,29.1602,0,0,0
28-Oct-2025,385.85,Put,325,0,0,29.1602,0,43,0
28-Oct-2025,385.85,Call,435,0,0,29.1602,0,458,0
28-Oct-2025,385.85,Put,420,0,0,29.1602,0,283,0
28-Oct-2025,385.85,Put,417.5,0,0,29.1602,0,1,0
28-Oct-2025,385.85,Call,360,0,0,29.1602,0,35,0
28-Oct-2025,385.85,Call,445,0,0,29.1602,0,0,0
28-Oct-2025,385.85,Put,362.5,0,0,29.1602,0,38,0
28-Oct-2025,385.85,Put,392.5,0,0,29.1602,0,209,0
28-Oct-2025,385.85,Call,417.5,0,0,29.1602,0,38,0
28-Oct-2025,385.85,Put,412.5,0,0,29.1602,0,8,0
28-Oct-2025,385.85,Put,425,0,0,29.1602,0,1,0
28-Oct-2025,385.85,Put,460,0,0,29.1602,0,15,0
28-Oct-2025,385.85,Put,330,0,0,29.1602,0,43,0
25-Nov-2025,385.85,Call,355,0,0,29.1602,0,0,0
25-Nov-2025,385.85,Put,435,0,0,29.1602,0,0,0
25-Nov-2025,385.85,Call,360,0,0,29.1602,0,1,0
25-Nov-2025,385.85,Put,440,0,0,29.1602,0,0,0
25-Nov-2025,385.85,Put,345,0,0,29.1602,0,0,0
25-Nov-2025,385.85,Call,362.5,0,0,29.1602,0,0,0
25-Nov-2025,385.85,Put,362.5,0,0,29.1602,0,2,0
25-Nov-2025,385.85,Call,365,0,0,29.1602,0,0,0
25-Nov-2025,385.85,Put,365,0,0,29.1602,0,0,0
25-Nov-2025,385.85,Call,367.5,0,0,29.1602,0,0,0
25-Nov-2025,385.85,Put,367.5,0,0,29.1602,0,0,0
25-Nov-2025,385.85,Call,372.5,0,0,29.1602,0,0,0
25-Nov-2025,385.85,Put,372.5,0,0,29.1602,0,0,0
25-Nov-2025,385.85,Call,375,0,0,29.1602,0,0,0
25-Nov-2025,385.85,Call,377.5,0,0,29.1602,0,0,0
25-Nov-2025,385.85,Put,377.5,0,0,29.1602,0,0,0
25-Nov-2025,385.85,Call,382.5,0,0,29.1602,0,0,0
25-Nov-2025,385.85,Call,387.5,0,0,29.1602,0,0,0
25-Nov-2025,385.85,Call,392.5,0,0,29.1602,0,0,0
25-Nov-2025,385.85,Call,397.5,0,0,29.1602,0,0,0
25-Nov-2025,385.85,Call,402.5,0,0,29.1602,0,0,0
25-Nov-2025,385.85,Put,402.5,0,0,29.1602,0,1,0
25-Nov-2025,385.85,Call,405,0,0,29.1602,0,0,0
25-Nov-2025,385.85,Put,405,0,0,29.1602,0,0,0
25-Nov-2025,385.85,Call,407.5,0,0,29.1602,0,0,0
25-Nov-2025,385.85,Put,407.5,0,0,29.1602,0,0,0
25-Nov-2025,385.85,Put,412.5,0,0,29.1602,0,0,0
25-Nov-2025,385.85,Put,415,0,0,29.1602,0,0,0
25-Nov-2025,385.85,Put,417.5,0,0,29.1602,0,0,0
25-Nov-2025,385.85,Put,425,0,0,29.1602,0,0,0
25-Nov-2025,385.85,Put,420,0,0,29.1602,0,18,0
25-Nov-2025,385.85,Put,430,0,0,29.1602,0,0,0
25-Nov-2025,385.85,Put,330,0,0,29.1602,0,0,0
25-Nov-2025,385.85,Put,400,0,0,29.1602,0,5,0
25-Nov-2025,385.85,Call,352.5,0,0,29.1602,0,0,0
25-Nov-2025,385.85,Put,352.5,0,0,29.1602,0,0,0
25-Nov-2025,385.85,Call,340,0,0,29.1602,0,0,0
25-Nov-2025,385.85,Call,350,0,0,29.1602,0,0,0
25-Nov-2025,385.85,Call,370,0,0,29.1602,0,0,0
25-Nov-2025,385.85,Call,425,0,0,29.1602,0,0,0
25-Nov-2025,385.85,Call,357.5,0,0,29.1602,0,0,0
25-Nov-2025,385.85,Put,357.5,0,0,29.1602,0,0,0
25-Nov-2025,385.85,Call,445,0,0,29.1602,0,0,0
25-Nov-2025,385.85,Call,440,0,0,29.1602,0,0,0
25-Nov-2025,385.85,Call,412.5,0,0,29.1602,0,0,0
25-Nov-2025,385.85,Call,415,0,0,29.1602,0,0,0
25-Nov-2025,385.85,Call,417.5,0,0,29.1602,0,0,0
25-Nov-2025,385.85,Put,445,0,0,29.1602,0,0,0
25-Nov-2025,385.85,Call,320,0,0,29.1602,0,0,0
25-Nov-2025,385.85,Call,330,0,0,29.1602,0,0,0
25-Nov-2025,385.85,Put,450,0,0,29.1602,0,0,0
25-Nov-2025,385.85,Call,335,0,0,29.1602,0,0,0
25-Nov-2025,385.85,Call,345,0,0,29.1602,0,0,0
25-Nov-2025,385.85,Call,325,0,0,29.1602,0,0,0
25-Nov-2025,385.85,Put,355,0,0,29.1602,0,0,0
25-Nov-2025,385.85,Put,395,0,0,29.1602,0,0,0
25-Nov-2025,385.85,Put,397.5,0,0,29.1602,0,0,0
25-Nov-2025,385.85,Put,335,0,0,29.1602,0,0,0
25-Nov-2025,385.85,Put,382.5,0,0,29.1602,0,0,0
25-Nov-2025,385.85,Put,385,0,0,29.1602,0,29,0
25-Nov-2025,385.85,Put,387.5,0,0,29.1602,0,0,0
25-Nov-2025,385.85,Put,392.5,0,0,29.1602,0,0,0
25-Nov-2025,385.85,Put,325,0,0,29.1602,0,0,0
25-Nov-2025,385.85,Put,340,0,0,29.1602,0,0,0
30-Dec-2025,385.85,Put,380,0,0,29.1602,0,0,0
30-Dec-2025,385.85,Put,370,0,0,29.1602,0,0,0
25-Nov-2025,385.85,Put,410,0,0,29.1602,0,58,0
25-Nov-2025,385.85,Put,320,0,0,29.1602,0,5,0
30-Dec-2025,385.85,Put,390,0,0,29.1602,0,0,0
30-Dec-2025,385.85,Call,420,0,0,29.1602,0,0,0
30-Dec-2025,385.85,Call,380,0,0,29.1602,0,0,0
30-Dec-2025,385.85,Put,400,0,0,29.1602,0,0,0
30-Dec-2025,385.85,Call,395,0,0,29.1602,0,0,0
30-Dec-2025,385.85,Call,410,0,0,29.1602,0,0,0
30-Dec-2025,385.85,Call,375,0,0,29.1602,0,0,0
30-Dec-2025,385.85,Call,385,0,0,29.1602,0,0,0
30-Dec-2025,385.85,Call,405,0,0,29.1602,0,0,0
30-Dec-2025,385.85,Put,385,0,0,29.1602,0,0,0
30-Dec-2025,385.85,Call,415,0,0,29.1602,0,0,0
30-Dec-2025,385.85,Call,390,0,0,29.1602,0,0,0
30-Dec-2025,385.85,Put,395,0,0,29.1602,0,0,0
30-Dec-2025,385.85,Put,360,0,0,29.1602,0,0,0
30-Dec-2025,385.85,Put,375,0,0,29.1602,0,0,0
30-Dec-2025,385.85,Put,365,0,0,29.1602,0,0,0
