28-Oct-2025,26721.1,Put,26600,169.9,11.54,17.848,23,617,2925
28-Oct-2025,26721.1,Call,27000,193.25,10.51,17.848,-210,1457,2922
28-Oct-2025,26721.1,Call,27200,125.9,10.63,17.848,-292,3547,2504
28-Oct-2025,26721.1,Call,26900,238.2,10.58,17.848,127,592,1958
28-Oct-2025,26721.1,Call,26700,346.3,10.84,17.848,121,519,1825
28-Oct-2025,26721.1,Call,26800,287.9,10.71,17.848,-99,988,1817
28-Oct-2025,26721.1,Call,26600,420,10.78,17.848,5,431,1722
28-Oct-2025,26721.1,Put,26500,140.55,11.82,17.848,105,707,1570
28-Oct-2025,26721.1,Put,26700,201.45,11.32,17.848,106,577,1462
28-Oct-2025,26721.1,Put,26400,117.65,12.03,17.848,2,777,1090
28-Oct-2025,26721.1,Call,27500,62.65,10.95,17.848,-81,1316,953
28-Oct-2025,26721.1,Call,28000,19.3,11.76,17.848,-11,1100,837
28-Oct-2025,26721.1,Put,26000,56,13.22,17.848,186,1002,804
28-Oct-2025,26721.1,Put,26300,97.7,12.4,17.848,51,641,744
28-Oct-2025,26721.1,Put,25000,10.65,16.51,17.848,-128,897,711
28-Oct-2025,26721.1,Put,26800,244.85,11.03,17.848,82,484,630
28-Oct-2025,26721.1,Call,27300,99,10.73,17.848,-18,2469,544
28-Oct-2025,26721.1,Call,26650,385,10.95,17.848,20,130,479
28-Oct-2025,26721.1,Put,26650,185,11.58,17.848,61,175,434
28-Oct-2025,26721.1,Call,27100,148.1,10.28,17.848,334,334,390
28-Oct-2025,26721.1,Put,26550,155,11.88,17.848,-10,258,363
28-Oct-2025,26721.1,Call,26750,319.75,10.72,17.848,13,195,319
28-Oct-2025,26721.1,Put,26900,315.85,12.05,17.848,6,263,316
28-Oct-2025,26721.1,Put,27000,344,11.12,17.848,5,409,306
28-Oct-2025,26721.1,Call,26500,485.5,11.3,17.848,53,574,278
28-Oct-2025,26721.1,-,0,26848.5,0,17.848,52,518,254
28-Oct-2025,26721.1,Call,29000,4.85,15.35,17.848,-61,430,213
28-Oct-2025,26721.1,Put,26750,223.2,11.23,17.848,25,125,199
28-Oct-2025,26721.1,Call,26850,260.55,9.84,17.848,14,155,163
28-Oct-2025,26721.1,Call,26550,457.5,10.53,17.848,-7,53,149
28-Oct-2025,26721.1,Call,28500,7.7,13.24,17.848,-60,220,143
28-Oct-2025,26721.1,Call,27650,45.15,11.3,17.848,29,165,135
28-Oct-2025,26721.1,Call,28200,12.75,12.31,17.848,-5,169,134
28-Oct-2025,26721.1,Put,25100,13.05,16.29,17.848,-20,30,131
28-Oct-2025,26721.1,Put,25900,48.6,13.58,17.848,5,118,117
28-Oct-2025,26721.1,Call,27050,172.65,10.16,17.848,9,247,110
28-Oct-2025,26721.1,Call,26950,200.15,10.03,17.848,2,40,103
28-Oct-2025,26721.1,Put,26200,81.9,12.84,17.848,-10,353,90
28-Oct-2025,26721.1,Call,27800,27.35,11.11,17.848,-14,818,82
28-Oct-2025,26721.1,Call,27950,21.95,11.76,17.848,34,36,77
28-Oct-2025,26721.1,Put,25700,30.5,13.9,17.848,-4,681,74
28-Oct-2025,26721.1,Call,26400,550.7,10.98,17.848,-4,185,71
28-Oct-2025,26721.1,Call,28100,15.5,11.96,17.848,7,97,70
28-Oct-2025,26721.1,Call,27450,65,10.6,17.848,12,152,66
28-Oct-2025,26721.1,Put,26100,66.45,12.77,17.848,16,116,65
28-Oct-2025,26721.1,Put,24500,6.35,19.04,17.848,-25,283,64
28-Oct-2025,26721.1,Call,27900,21,11.23,17.848,29,308,59
28-Oct-2025,26721.1,Call,27350,90.45,10.9,17.848,-10,322,55
28-Oct-2025,26721.1,Call,27750,32.2,11.14,17.848,32,32,53
28-Oct-2025,26721.1,Put,26250,93,12.64,17.848,0,27,48
28-Oct-2025,26721.1,Call,26300,636.35,11.49,17.848,-20,167,48
28-Oct-2025,26721.1,Call,28600,7,13.68,17.848,4,30,45
28-Oct-2025,26721.1,Put,26450,135.5,12.19,17.848,0,40,43
28-Oct-2025,26721.1,Call,29500,3.5,17.49,17.848,-8,288,40
28-Oct-2025,26721.1,Call,28400,9.15,12.95,17.848,18,26,37
28-Oct-2025,26721.1,Put,23500,3.9,24.47,17.848,17,31,37
28-Oct-2025,26721.1,Put,25850,45,13.79,17.848,-8,191,34
28-Oct-2025,26721.1,Call,28700,6.05,14,17.848,-20,16,33
28-Oct-2025,26721.1,Put,25200,15.5,15.99,17.848,3,34,32
28-Oct-2025,26721.1,Put,26850,269.75,11.21,17.848,4,61,28
28-Oct-2025,26721.1,Put,26350,108,12.18,17.848,7,91,25
28-Oct-2025,26721.1,Call,28300,10.25,12.52,17.848,6,44,21
28-Oct-2025,26721.1,Call,28900,5.05,14.85,17.848,1,13,19
28-Oct-2025,26721.1,Put,24700,8.4,18.11,17.848,8,134,17
28-Oct-2025,26721.1,Put,23700,3.6,22.86,17.848,7,15,15
28-Oct-2025,26721.1,Call,26200,635,0,17.848,1,87,13
28-Oct-2025,26721.1,Put,26050,59.4,13.23,17.848,1,52,13
28-Oct-2025,26721.1,Put,26150,73.9,12.69,17.848,-5,85,12
28-Oct-2025,26721.1,Call,28800,5.55,14.44,17.848,-7,5,11
28-Oct-2025,26721.1,Put,27200,475,0,17.848,0,934,9
28-Oct-2025,26721.1,Put,24000,4.75,21.56,17.848,6,104,9
28-Oct-2025,26721.1,Put,24200,5.1,20.35,17.848,0,39,9
25-Nov-2025,26721.1,-,0,26946,0,17.848,2,21,8
28-Oct-2025,26721.1,Put,27300,556.35,11.5,17.848,4,9,7
28-Oct-2025,26721.1,Call,26150,741.7,10.3,17.848,-1,35,6
28-Oct-2025,26721.1,Call,26000,872,9.97,17.848,-2,191,6
28-Oct-2025,26721.1,Call,26450,503.15,10.43,17.848,-1,33,5
28-Oct-2025,26721.1,Put,24900,10,17.09,17.848,2,31,5
28-Oct-2025,26721.1,Put,25150,15,16.3,17.848,1,1,3
28-Oct-2025,26721.1,Put,23800,4,22.47,17.848,2,2,3
28-Oct-2025,26721.1,Call,26250,681,11.8,17.848,0,22,2
28-Oct-2025,26721.1,Put,24600,8,18.72,17.848,1,35,2
28-Oct-2025,26721.1,Put,22500,3.3,30.85,17.848,0,15,2
28-Oct-2025,26721.1,Put,24400,8.5,20.38,17.848,0,17,1
28-Oct-2025,26721.1,Call,26100,706.5,0,17.848,0,28,1
28-Oct-2025,26721.1,Call,27850,51.1,13.67,17.848,0,0,1
30-Dec-2025,26721.1,-,0,0,0,17.848,0,0,0
28-Oct-2025,26721.1,Put,27100,0,0,17.848,0,0,0
28-Oct-2025,26721.1,Put,27400,0,0,17.848,0,0,0
28-Oct-2025,26721.1,Put,27500,0,0,17.848,0,0,0
28-Oct-2025,26721.1,Put,27600,0,0,17.848,0,0,0
28-Oct-2025,26721.1,Put,27700,0,0,17.848,0,0,0
28-Oct-2025,26721.1,Put,27800,0,0,17.848,0,0,0
28-Oct-2025,26721.1,Put,27900,0,0,17.848,0,0,0
28-Oct-2025,26721.1,Put,28000,0,0,17.848,0,0,0
28-Oct-2025,26721.1,Put,28100,0,0,17.848,0,0,0
28-Oct-2025,26721.1,Put,28200,0,0,17.848,0,0,0
28-Oct-2025,26721.1,Put,28300,0,0,17.848,0,0,0
28-Oct-2025,26721.1,Put,28400,0,0,17.848,0,0,0
28-Oct-2025,26721.1,Put,28500,0,0,17.848,0,0,0
28-Oct-2025,26721.1,Put,28700,0,0,17.848,0,0,0
28-Oct-2025,26721.1,Put,29000,0,0,17.848,0,0,0
28-Oct-2025,26721.1,Put,29500,0,0,17.848,0,0,0
28-Oct-2025,26721.1,Put,23600,0,0,17.848,0,7,0
28-Oct-2025,26721.1,Put,24100,0,0,17.848,0,7,0
28-Oct-2025,26721.1,Put,24850,0,0,17.848,0,0,0
28-Oct-2025,26721.1,Call,25050,0,0,17.848,0,0,0
28-Oct-2025,26721.1,Call,25350,0,0,17.848,0,0,0
28-Oct-2025,26721.1,Put,25500,0,0,17.848,0,0,0
28-Oct-2025,26721.1,Put,25750,0,0,17.848,0,0,0
28-Oct-2025,26721.1,Call,27600,0,0,17.848,0,0,0
28-Oct-2025,26721.1,Call,27700,0,0,17.848,0,0,0
28-Oct-2025,26721.1,Put,27150,0,0,17.848,0,0,0
28-Oct-2025,26721.1,Call,29100,0,0,17.848,0,5,0
28-Oct-2025,26721.1,Put,28600,0,0,17.848,0,0,0
28-Oct-2025,26721.1,Put,25400,0,0,17.848,0,0,0
28-Oct-2025,26721.1,Put,25600,0,0,17.848,0,0,0
28-Oct-2025,26721.1,Put,25800,0,0,17.848,0,0,0
28-Oct-2025,26721.1,Put,26950,0,0,17.848,0,8,0
28-Oct-2025,26721.1,Put,27050,0,0,17.848,0,0,0
28-Oct-2025,26721.1,Put,27250,0,0,17.848,0,0,0
28-Oct-2025,26721.1,Put,25050,0,0,17.848,0,0,0
28-Oct-2025,26721.1,Call,25850,0,0,17.848,0,0,0
28-Oct-2025,26721.1,Call,25450,0,0,17.848,0,0,0
28-Oct-2025,26721.1,Call,25550,0,0,17.848,0,0,0
28-Oct-2025,26721.1,Call,25950,0,0,17.848,0,0,0
28-Oct-2025,26721.1,Call,26350,0,0,17.848,0,50,0
28-Oct-2025,26721.1,Call,27150,0,0,17.848,0,0,0
28-Oct-2025,26721.1,Put,25350,0,0,17.848,0,0,0
28-Oct-2025,26721.1,Call,29300,0,0,17.848,0,0,0
28-Oct-2025,26721.1,Put,27650,0,0,17.848,0,0,0
28-Oct-2025,26721.1,Put,28900,0,0,17.848,0,0,0
28-Oct-2025,26721.1,Put,27750,0,0,17.848,0,0,0
28-Oct-2025,26721.1,Call,23000,0,0,17.848,0,0,0
28-Oct-2025,26721.1,Call,24100,0,0,17.848,0,0,0
25-Nov-2025,26721.1,Put,25000,0,0,0,0,0,0
28-Oct-2025,26721.1,Put,28050,0,0,17.848,0,0,0
28-Oct-2025,26721.1,Put,27450,0,0,17.848,0,0,0
28-Oct-2025,26721.1,Put,27350,0,0,17.848,0,0,0
28-Oct-2025,26721.1,Call,23600,0,0,17.848,0,0,0
28-Oct-2025,26721.1,Call,27400,0,0,17.848,0,0,0
28-Oct-2025,26721.1,Put,23900,0,0,17.848,0,3,0
28-Oct-2025,26721.1,Call,24700,0,0,17.848,0,0,0
28-Oct-2025,26721.1,Put,24750,0,0,17.848,0,1,0
28-Oct-2025,26721.1,Put,25250,0,0,17.848,0,0,0
28-Oct-2025,26721.1,Call,25500,0,0,17.848,0,3,0
28-Oct-2025,26721.1,Call,24500,0,0,17.848,0,0,0
28-Oct-2025,26721.1,Put,29300,0,0,17.848,0,0,0
28-Oct-2025,26721.1,Call,25650,0,0,17.848,0,0,0
28-Oct-2025,26721.1,Put,24950,0,0,17.848,0,0,0
28-Oct-2025,26721.1,Call,25000,0,0,17.848,0,15,0
28-Oct-2025,26721.1,Call,27250,0,0,17.848,0,0,0
28-Oct-2025,26721.1,Put,24300,0,0,17.848,0,3,0
28-Oct-2025,26721.1,Call,23800,0,0,17.848,0,0,0
28-Oct-2025,26721.1,Put,25300,0,0,17.848,0,0,0
28-Oct-2025,26721.1,Call,23900,0,0,17.848,0,0,0
28-Oct-2025,26721.1,Call,24200,0,0,17.848,0,0,0
28-Oct-2025,26721.1,Put,28800,0,0,17.848,0,0,0
28-Oct-2025,26721.1,Call,28050,0,0,17.848,0,1,0
28-Oct-2025,26721.1,Put,29100,0,0,17.848,0,0,0
25-Nov-2025,26721.1,Call,29000,0,0,17.848,0,1,0
28-Oct-2025,26721.1,Call,24400,0,0,17.848,0,0,0
28-Oct-2025,26721.1,Put,29200,0,0,17.848,0,0,0
28-Oct-2025,26721.1,Put,27850,0,0,17.848,0,0,0
28-Oct-2025,26721.1,Call,24950,0,0,17.848,0,0,0
28-Oct-2025,26721.1,Call,23700,0,0,17.848,0,0,0
28-Oct-2025,26721.1,Put,27950,0,0,17.848,0,0,0
28-Oct-2025,26721.1,Put,23000,0,0,17.848,0,24,0
28-Oct-2025,26721.1,Call,29200,0,0,17.848,0,0,0
28-Oct-2025,26721.1,Call,25700,0,0,17.848,0,8,0
25-Nov-2025,26721.1,Put,26500,0,0,0,0,0,0
28-Oct-2025,26721.1,Call,24800,0,0,17.848,0,0,0
28-Oct-2025,26721.1,Put,25950,0,0,17.848,0,0,0
28-Oct-2025,26721.1,Call,27550,0,0,17.848,0,0,0
28-Oct-2025,26721.1,Call,24850,0,0,17.848,0,0,0
28-Oct-2025,26721.1,Call,25300,0,0,17.848,0,0,0
28-Oct-2025,26721.1,Call,25600,0,0,17.848,0,0,0
28-Oct-2025,26721.1,Call,25150,0,0,17.848,0,0,0
28-Oct-2025,26721.1,Put,25450,0,0,17.848,0,0,0
28-Oct-2025,26721.1,Call,22500,0,0,17.848,0,0,0
25-Nov-2025,26721.1,Call,28600,0,0,17.848,0,0,0
28-Oct-2025,26721.1,Call,23500,0,0,17.848,0,0,0
28-Oct-2025,26721.1,Call,25400,0,0,17.848,0,0,0
28-Oct-2025,26721.1,Put,27550,0,0,17.848,0,0,0
28-Oct-2025,26721.1,Call,25200,0,0,17.848,0,0,0
28-Oct-2025,26721.1,Call,24600,0,0,17.848,0,0,0
28-Oct-2025,26721.1,Call,25800,0,0,17.848,0,0,0
28-Oct-2025,26721.1,Call,25100,0,0,17.848,0,0,0
28-Oct-2025,26721.1,Call,24000,0,0,17.848,0,26,0
28-Oct-2025,26721.1,Call,25750,0,0,17.848,0,0,0
28-Oct-2025,26721.1,Call,24900,0,0,17.848,0,0,0
28-Oct-2025,26721.1,Call,26050,0,0,17.848,0,2,0
28-Oct-2025,26721.1,Call,25900,0,0,17.848,0,7,0
28-Oct-2025,26721.1,Put,25650,0,0,17.848,0,0,0
28-Oct-2025,26721.1,Put,24800,0,0,17.848,0,3,0
28-Oct-2025,26721.1,Call,24300,0,0,17.848,0,0,0
25-Nov-2025,26721.1,Put,26000,0,0,0,0,0,0
28-Oct-2025,26721.1,Put,25550,0,0,17.848,0,0,0
28-Oct-2025,26721.1,Call,24750,0,0,17.848,0,0,0
28-Oct-2025,26721.1,Call,25250,0,0,17.848,0,0,0
25-Nov-2025,26721.1,Call,28800,0,0,17.848,0,0,0
25-Nov-2025,26721.1,Call,28700,0,0,17.848,0,1,0
25-Nov-2025,26721.1,Call,27400,0,0,0,0,0,0
25-Nov-2025,26721.1,Call,27300,0,0,0,0,0,0
25-Nov-2025,26721.1,Call,29500,0,0,17.848,0,0,0
25-Nov-2025,26721.1,Call,26500,0,0,17.848,0,0,0
25-Nov-2025,26721.1,Call,28400,0,0,17.848,0,0,0
25-Nov-2025,26721.1,Call,28300,0,0,17.848,0,0,0
25-Nov-2025,26721.1,Call,27200,0,0,0,0,0,0
25-Nov-2025,26721.1,Call,28200,0,0,17.848,0,0,0
25-Nov-2025,26721.1,Call,28100,0,0,17.848,0,0,0
25-Nov-2025,26721.1,Call,28000,0,0,17.848,0,0,0
25-Nov-2025,26721.1,Call,27500,0,0,17.848,0,0,0
25-Nov-2025,26721.1,Call,27900,0,0,0,0,0,0
25-Nov-2025,26721.1,Call,27800,0,0,0,0,0,0
25-Nov-2025,26721.1,Call,27700,0,0,0,0,0,0
25-Nov-2025,26721.1,Call,28500,0,0,17.848,0,0,0
25-Nov-2025,26721.1,Put,24500,0,0,17.848,0,0,0
25-Nov-2025,26721.1,Put,22500,0,0,17.848,0,0,0
25-Nov-2025,26721.1,Put,23000,0,0,17.848,0,0,0
25-Nov-2025,26721.1,Call,27600,0,0,0,0,0,0
25-Nov-2025,26721.1,Put,24000,0,0,17.848,0,0,0
25-Nov-2025,26721.1,Put,23500,0,0,17.848,0,0,0
30-Dec-2025,26721.1,Put,23500,0,0,0,0,0,0
30-Dec-2025,26721.1,Call,28500,0,0,17.848,0,1,0
30-Dec-2025,26721.1,Call,28300,0,0,17.848,0,1,0
30-Dec-2025,26721.1,Call,28600,0,0,17.848,0,1,0
30-Dec-2025,26721.1,Put,23000,0,0,17.848,0,0,0
