28-Oct-2025,1489.5,-,0,1482.7,0,29.1435,1725,60259,15328
28-Oct-2025,1488.6,Call,1500,27.5,21.53,29.1435,-30,2953,12327
28-Oct-2025,1489.5,Call,1480,36.85,20.7,29.1435,329,1194,8900
28-Oct-2025,1488.6,Call,1460,48,19.34,29.1435,-601,1131,6121
28-Oct-2025,1488.6,Call,1520,19.9,21.97,29.1435,8,1147,5678
28-Oct-2025,1488.6,Put,1440,18.45,30.66,29.1435,660,1274,5184
28-Oct-2025,1489.5,Put,1400,9.5,31.03,29.1435,-247,1496,4030
28-Oct-2025,1489.5,Call,1540,14.2,22.56,29.1435,171,1092,3717
28-Oct-2025,1488.6,Put,1460,25.4,31,29.1435,167,656,3674
28-Oct-2025,1488.6,Put,1420,13.1,30.79,29.1435,-13,814,3456
28-Oct-2025,1489.5,Call,1600,4.5,23.84,29.1435,11,1621,3053
28-Oct-2025,1489.5,Put,1480,34.25,31.22,29.1435,467,814,3026
28-Oct-2025,1489.5,Call,1440,61.5,17.15,29.1435,-436,582,2508
28-Oct-2025,1489.5,Put,1500,44.55,31.76,29.1435,55,960,2466
28-Oct-2025,1489.5,Put,1380,6.55,31.43,29.1435,33,912,2166
28-Oct-2025,1489.5,Call,1420,76,0,29.1435,-323,661,1863
28-Oct-2025,1489.5,Call,1580,6.6,23.37,29.1435,82,690,1755
28-Oct-2025,1489.5,Call,1640,2,24.79,29.1435,806,923,1568
28-Oct-2025,1488.6,Call,1400,92,0,29.1435,-260,1367,1300
28-Oct-2025,1489.5,Call,1560,9.8,22.8,29.1435,242,641,1220
28-Oct-2025,1488.6,Put,1360,4.65,31.89,29.1435,-3,679,961
28-Oct-2025,1489.5,Put,1340,3.25,32.96,29.1435,220,730,893
28-Oct-2025,1488.6,Put,1300,1.55,34.35,29.1435,-13,947,749
25-Nov-2025,1489.5,-,0,1490,0,29.1435,3,1316,688
28-Oct-2025,1489.5,Put,1520,56.5,33.12,29.1435,45,220,648
28-Oct-2025,1489.5,Call,1620,2.9,23.87,29.1435,83,777,628
28-Oct-2025,1489.5,Put,1320,2.2,33.66,29.1435,-50,239,493
28-Oct-2025,1489.5,Call,1380,109.6,0,29.1435,-171,257,379
28-Oct-2025,1489.5,Put,1540,70.85,33.71,29.1435,31,174,257
28-Oct-2025,1488.6,Put,1280,1.1,35.16,29.1435,30,212,222
28-Oct-2025,1489.5,Put,1600,120.6,40.74,29.1435,6,234,202
28-Oct-2025,1488.6,Put,1560,86.1,35.65,29.1435,16,152,180
28-Oct-2025,1489.5,Call,1680,0.9,26.1,29.1435,24,135,163
28-Oct-2025,1489.5,Call,1340,144.75,0,29.1435,-16,93,154
28-Oct-2025,1488.6,Call,1360,127.3,0,29.1435,-51,139,147
25-Nov-2025,1489.5,Put,1400,17.8,27.39,29.1435,47,241,137
28-Oct-2025,1489.5,Put,1260,0.8,36.32,29.1435,-18,352,120
28-Oct-2025,1489.5,Put,1580,103.25,37.27,29.1435,10,84,107
30-Dec-2025,1489.5,-,0,1494.8,0,29.1435,15,97,103
28-Oct-2025,1488.6,Call,1660,1.4,25.43,29.1435,36,77,86
25-Nov-2025,1489.5,Call,1600,14.4,21.24,29.1435,43,55,68
25-Nov-2025,1489.5,Call,1500,46,18.69,29.1435,24,71,58
25-Nov-2025,1489.5,Put,1320,5.7,27.86,29.1435,15,68,58
25-Nov-2025,1488.6,Call,1560,22.65,20.29,29.1435,35,43,58
28-Oct-2025,1488.6,Put,1240,0.55,37.2,29.1435,4,504,42
25-Nov-2025,1488.6,Put,1500,57,28.43,29.1435,35,35,39
25-Nov-2025,1489.5,Call,1480,50,16.63,29.1435,8,50,31
28-Oct-2025,1489.5,Put,1200,0.3,39.71,29.1435,0,431,30
28-Oct-2025,1489.5,Call,1320,164.9,0,29.1435,4,52,28
28-Oct-2025,1489.5,Call,1300,185.5,0,29.1435,-13,183,25
25-Nov-2025,1489.5,Put,1440,29.65,27.23,29.1435,12,39,25
25-Nov-2025,1488.6,Put,1600,124.25,31.37,29.1435,6,12,14
25-Nov-2025,1489.5,Call,1520,36.1,19.74,29.1435,0,76,13
25-Nov-2025,1489.5,Call,1440,77.25,16.62,29.1435,0,2,11
25-Nov-2025,1489.5,Put,1460,38.1,27.86,29.1435,7,7,8
28-Oct-2025,1489.5,Put,1720,243,62.51,29.1435,-4,60,6
28-Oct-2025,1489.5,Put,1220,0.35,37.74,29.1435,-3,1129,6
25-Nov-2025,1489.5,Call,1540,30,20.63,29.1435,4,15,5
28-Oct-2025,1488.6,Put,1680,195,46.35,29.1435,-2,34,4
25-Nov-2025,1489.5,Call,1640,9.05,22.13,29.1435,0,1,3
25-Nov-2025,1489.5,Call,1400,100.95,0,29.1435,0,31,3
25-Nov-2025,1489.5,Put,1560,94,29.77,29.1435,2,7,3
28-Oct-2025,1489.5,Put,1660,179.6,48.34,29.1435,1,7,2
25-Nov-2025,1489.5,Put,1300,4.4,28.08,29.1435,0,0,2
25-Nov-2025,1489.5,Put,1540,75.2,26.69,29.1435,0,0,1
25-Nov-2025,1489.5,Put,1280,4.05,29.82,29.1435,0,6,1
25-Nov-2025,1489.5,Put,1240,2,29.96,29.1435,0,1,1
25-Nov-2025,1489.5,Put,1480,45.1,27.22,29.1435,0,5,1
28-Oct-2025,1488.6,Call,1280,0,0,29.1435,0,0,0
28-Oct-2025,1489.5,Call,1240,0,0,29.1435,0,0,0
28-Oct-2025,1489.5,Put,1640,0,0,29.1435,0,20,0
28-Oct-2025,1489.5,Call,1200,0,0,29.1435,0,1,0
28-Oct-2025,1489.5,Call,1260,0,0,29.1435,0,0,0
28-Oct-2025,1488.6,Put,1620,0,0,29.1435,0,7,0
28-Oct-2025,1489.5,Call,1760,0,0,29.1435,0,31,0
28-Oct-2025,1488.6,Put,1160,0,0,29.1435,0,13,0
25-Nov-2025,1489.5,Put,1360,0,0,29.1435,0,0,0
25-Nov-2025,1488.6,Put,1340,0,0,29.1435,0,9,0
25-Nov-2025,1488.6,Call,1580,0,0,29.1435,0,1,0
25-Nov-2025,1489.5,Put,1580,0,0,29.1435,0,0,0
25-Nov-2025,1489.5,Put,1200,0,0,29.1435,0,0,0
25-Nov-2025,1489.5,Call,1240,0,0,29.1435,0,0,0
25-Nov-2025,1489.5,Call,1320,0,0,29.1435,0,0,0
25-Nov-2025,1489.5,Call,1280,0,0,29.1435,0,0,0
25-Nov-2025,1489.5,Call,1360,0,0,29.1435,0,0,0
25-Nov-2025,1489.5,Put,1520,0,0,29.1435,0,0,0
25-Nov-2025,1489.5,Put,1640,0,0,29.1435,0,0,0
25-Nov-2025,1489.5,Call,1380,0,0,29.1435,0,0,0
25-Nov-2025,1489.5,Call,1300,0,0,29.1435,0,0,0
25-Nov-2025,1489.5,Call,1260,0,0,29.1435,0,1,0
30-Dec-2025,1489.5,Put,1520,0,0,29.1435,0,0,0
25-Nov-2025,1489.5,Put,1380,0,0,29.1435,0,0,0
25-Nov-2025,1489.5,Put,1260,0,0,29.1435,0,0,0
25-Nov-2025,1489.5,Call,1340,0,0,29.1435,0,0,0
30-Dec-2025,1488.6,Put,1360,0,0,29.1435,0,0,0
25-Nov-2025,1489.5,Put,1420,0,0,29.1435,0,16,0
25-Nov-2025,1488.6,Call,1420,0,0,29.1435,0,0,0
30-Dec-2025,1489.5,Call,1520,0,0,29.1435,0,0,0
30-Dec-2025,1489.5,Call,1600,0,0,29.1435,0,0,0
25-Nov-2025,1489.5,Call,1460,0,0,29.1435,0,0,0
25-Nov-2025,1489.5,Call,1200,0,0,29.1435,0,0,0
30-Dec-2025,1488.6,Call,1680,0,0,29.1435,0,0,0
30-Dec-2025,1488.6,Call,1400,0,0,29.1435,0,1,0
30-Dec-2025,1489.5,Call,1560,0,0,29.1435,0,0,0
30-Dec-2025,1488.6,Call,1480,0,0,29.1435,0,0,0
30-Dec-2025,1488.6,Put,1320,0,0,29.1435,0,0,0
30-Dec-2025,1488.6,Call,1440,0,0,29.1435,0,0,0
30-Dec-2025,1489.5,Put,1440,0,0,29.1435,0,0,0
30-Dec-2025,1489.5,Put,1560,0,0,0,0,0,0
30-Dec-2025,1488.6,Put,1480,0,0,29.1435,0,0,0
30-Dec-2025,1488.6,Put,1400,0,0,29.1435,0,0,0
