28-Oct-2025,1479.7,-,0,1475.9,0,29.1435,1015,59549,8355
28-Oct-2025,1479.7,Call,1500,24.7,22.06,29.1435,-140,2843,6475
28-Oct-2025,1479.7,Call,1480,33.5,21.38,29.1435,357,1222,5359
28-Oct-2025,1479.7,Call,1460,43.35,20.37,29.1435,-493,1239,4258
28-Oct-2025,1479.7,Call,1520,17.45,22.54,29.1435,-89,1050,3282
28-Oct-2025,1479.7,Put,1440,21.25,30.68,29.1435,379,993,2716
28-Oct-2025,1479.7,Put,1400,10.9,31.02,29.1435,-77,1666,2339
28-Oct-2025,1479.7,Call,1540,11.85,23.32,29.1435,65,986,2129
28-Oct-2025,1479.7,Put,1420,15.3,30.92,29.1435,-8,819,2127
28-Oct-2025,1479.7,Put,1460,28.85,31.01,29.1435,89,578,1910
28-Oct-2025,1479.7,Call,1440,56,19.24,29.1435,-299,719,1634
28-Oct-2025,1479.7,Call,1600,3.75,24.43,29.1435,-218,1392,1553
28-Oct-2025,1479.7,Put,1380,7.6,31.44,29.1435,32,911,1309
28-Oct-2025,1479.7,Put,1480,38.4,31.65,29.1435,257,604,1273
28-Oct-2025,1479.7,Call,1640,1.5,24.97,29.1435,694,811,1147
28-Oct-2025,1479.7,Call,1420,69.75,16.34,29.1435,-118,866,1110
28-Oct-2025,1479.7,Put,1500,49.55,32.27,29.1435,34,939,1075
28-Oct-2025,1479.7,Call,1580,5.6,23.92,29.1435,-59,549,919
28-Oct-2025,1479.7,Call,1400,85.2,0,29.1435,-188,1439,726
28-Oct-2025,1479.7,Put,1340,3.7,32.3,29.1435,260,770,657
28-Oct-2025,1479.7,Call,1560,8.2,23.62,29.1435,72,471,521
25-Nov-2025,1479.7,-,0,1484,0,29.1435,-21,1292,427
28-Oct-2025,1479.7,Put,1360,5.35,31.83,29.1435,-28,654,397
28-Oct-2025,1479.7,Put,1300,1.7,33.76,29.1435,-57,903,396
28-Oct-2025,1479.7,Call,1620,2.35,24.55,29.1435,45,739,318
28-Oct-2025,1479.7,Put,1320,2.5,33.2,29.1435,-62,227,272
28-Oct-2025,1479.7,Put,1520,62.85,33.35,29.1435,41,216,271
28-Oct-2025,1479.7,Call,1380,102.2,0,29.1435,-144,284,267
28-Oct-2025,1479.7,Put,1280,1.15,34.51,29.1435,28,210,123
28-Oct-2025,1479.7,Put,1540,75.85,34.48,29.1435,25,168,116
28-Oct-2025,1479.7,Put,1260,0.75,34.39,29.1435,-10,360,106
28-Oct-2025,1479.7,Call,1680,0.9,26.77,29.1435,5,116,99
28-Oct-2025,1479.7,Call,1340,137.95,0,29.1435,-3,106,88
28-Oct-2025,1479.7,Put,1600,129.2,39.84,29.1435,-8,220,88
28-Oct-2025,1479.7,Put,1560,93.55,36.2,29.1435,15,151,85
28-Oct-2025,1479.7,Call,1360,119.5,0,29.1435,-23,167,83
28-Oct-2025,1479.7,Put,1580,110.4,38.18,29.1435,6,80,59
25-Nov-2025,1479.7,Call,1560,22.6,21.61,29.1435,35,43,56
25-Nov-2025,1479.7,Put,1400,20,27.34,29.1435,3,197,52
30-Dec-2025,1479.7,-,0,1489,0,29.1435,9,91,50
25-Nov-2025,1479.7,Call,1600,13.75,22,29.1435,12,24,26
28-Oct-2025,1479.7,Put,1200,0.25,38.12,29.1435,0,431,24
28-Oct-2025,1479.7,Put,1240,0.5,35.91,29.1435,0,500,24
25-Nov-2025,1479.7,Call,1480,52.6,20.03,29.1435,4,46,22
28-Oct-2025,1479.7,Call,1300,177,0,29.1435,-9,187,21
28-Oct-2025,1479.7,Call,1660,1.25,26.22,29.1435,-2,39,19
25-Nov-2025,1479.7,Call,1500,44,20.84,29.1435,6,53,18
25-Nov-2025,1479.7,Call,1440,77.25,19.87,29.1435,0,2,11
25-Nov-2025,1479.7,Call,1520,36.55,21.51,29.1435,-1,75,10
25-Nov-2025,1479.7,Put,1440,32.9,27.76,29.1435,0,27,9
28-Oct-2025,1479.7,Put,1220,0.6,39.67,29.1435,0,1132,5
25-Nov-2025,1479.7,Put,1600,140.5,37.3,29.1435,4,10,5
28-Oct-2025,1479.7,Put,1720,243,55.17,29.1435,-3,61,4
28-Oct-2025,1479.7,Put,1680,205,51.19,29.1435,-1,35,3
25-Nov-2025,1479.7,Call,1400,100.95,13.64,29.1435,0,31,3
25-Nov-2025,1479.7,Put,1560,99,30.05,29.1435,1,6,2
25-Nov-2025,1479.7,Put,1240,2,29.36,29.1435,0,1,1
25-Nov-2025,1479.7,Put,1280,4.05,29.14,29.1435,0,6,1
25-Nov-2025,1479.7,Put,1320,5.55,26.57,29.1435,0,53,1
28-Oct-2025,1479.7,Put,1660,0,0,29.1435,0,6,0
28-Oct-2025,1479.7,Call,1760,0,0,29.1435,0,31,0
28-Oct-2025,1479.7,Call,1260,0,0,29.1435,0,0,0
28-Oct-2025,1479.7,Put,1160,0,0,29.1435,0,13,0
28-Oct-2025,1479.7,Put,1620,0,0,29.1435,0,7,0
28-Oct-2025,1479.7,Call,1240,0,0,29.1435,0,0,0
28-Oct-2025,1479.7,Call,1320,0,0,29.1435,0,48,0
28-Oct-2025,1479.7,Call,1200,0,0,29.1435,0,1,0
28-Oct-2025,1479.7,Call,1280,0,0,29.1435,0,0,0
28-Oct-2025,1479.7,Put,1640,0,0,29.1435,0,20,0
25-Nov-2025,1479.7,Put,1380,0,0,29.1435,0,0,0
25-Nov-2025,1479.7,Call,1420,0,0,29.1435,0,0,0
25-Nov-2025,1479.7,Put,1500,0,0,29.1435,0,0,0
25-Nov-2025,1479.7,Call,1460,0,0,29.1435,0,0,0
25-Nov-2025,1479.7,Put,1200,0,0,29.1435,0,0,0
25-Nov-2025,1479.7,Put,1460,0,0,29.1435,0,0,0
25-Nov-2025,1479.7,Put,1420,0,0,29.1435,0,16,0
25-Nov-2025,1479.7,Call,1380,0,0,29.1435,0,0,0
25-Nov-2025,1479.7,Put,1540,0,0,29.1435,0,0,0
25-Nov-2025,1479.7,Call,1580,0,0,29.1435,0,1,0
25-Nov-2025,1479.7,Put,1340,0,0,29.1435,0,9,0
25-Nov-2025,1479.7,Call,1540,0,0,29.1435,0,11,0
25-Nov-2025,1479.7,Call,1640,0,0,29.1435,0,1,0
25-Nov-2025,1479.7,Put,1480,0,0,29.1435,0,5,0
25-Nov-2025,1479.7,Call,1280,0,0,29.1435,0,0,0
25-Nov-2025,1479.7,Call,1360,0,0,29.1435,0,0,0
25-Nov-2025,1479.7,Call,1200,0,0,29.1435,0,0,0
25-Nov-2025,1479.7,Call,1240,0,0,29.1435,0,0,0
25-Nov-2025,1479.7,Call,1320,0,0,29.1435,0,0,0
25-Nov-2025,1479.7,Call,1300,0,0,29.1435,0,0,0
25-Nov-2025,1479.7,Put,1360,0,0,29.1435,0,0,0
30-Dec-2025,1479.7,Put,1400,0,0,29.1435,0,0,0
25-Nov-2025,1479.7,Put,1640,0,0,29.1435,0,0,0
30-Dec-2025,1479.7,Put,1560,0,0,0,0,0,0
30-Dec-2025,1479.7,Put,1320,0,0,29.1435,0,0,0
25-Nov-2025,1479.7,Call,1260,0,0,29.1435,0,1,0
30-Dec-2025,1479.7,Put,1440,0,0,29.1435,0,0,0
25-Nov-2025,1479.7,Put,1260,0,0,29.1435,0,0,0
25-Nov-2025,1479.7,Call,1340,0,0,29.1435,0,0,0
30-Dec-2025,1479.7,Put,1520,0,0,29.1435,0,0,0
25-Nov-2025,1479.7,Put,1580,0,0,29.1435,0,0,0
30-Dec-2025,1479.7,Put,1360,0,0,29.1435,0,0,0
25-Nov-2025,1479.7,Put,1520,0,0,29.1435,0,0,0
25-Nov-2025,1479.7,Put,1300,0,0,29.1435,0,0,0
30-Dec-2025,1479.7,Put,1480,0,0,29.1435,0,0,0
30-Dec-2025,1479.7,Call,1680,0,0,29.1435,0,0,0
30-Dec-2025,1479.7,Call,1400,0,0,29.1435,0,1,0
30-Dec-2025,1479.7,Call,1560,0,0,29.1435,0,0,0
30-Dec-2025,1479.7,Call,1440,0,0,29.1435,0,0,0
30-Dec-2025,1479.7,Call,1520,0,0,29.1435,0,0,0
30-Dec-2025,1479.7,Call,1480,0,0,29.1435,0,0,0
30-Dec-2025,1479.7,Call,1600,0,0,29.1435,0,0,0
