28-Oct-2025,774.5,-,0,779,0,33.4072,143,45860,1543
28-Oct-2025,774.5,Call,780,16.15,23.48,33.4072,61,1556,1388
28-Oct-2025,774.5,Call,800,8.25,23.22,33.4072,45,2509,1344
28-Oct-2025,774.5,Call,770,21.5,23.87,33.4072,51,916,866
28-Oct-2025,774.5,Put,770,12.5,23.57,33.4072,100,836,708
28-Oct-2025,774.5,Call,790,11.35,23.98,33.4072,-17,801,665
28-Oct-2025,774.5,Put,750,6.3,24.35,33.4072,24,1184,595
28-Oct-2025,774.5,Call,810,5.7,23.44,33.4072,-17,833,511
28-Oct-2025,774.5,Put,780,17,22.84,33.4072,58,896,362
28-Oct-2025,774.5,Put,760,9,23.62,33.4072,45,689,321
28-Oct-2025,774.5,Call,820,3.7,23.44,33.4072,26,1089,316
28-Oct-2025,774.5,Put,740,4.35,24.89,33.4072,-4,420,249
28-Oct-2025,774.5,Call,840,1.75,24.4,33.4072,-45,529,246
28-Oct-2025,774.5,Call,850,1.25,24.98,33.4072,-41,340,209
28-Oct-2025,774.5,Put,790,22.7,22.74,33.4072,45,408,172
28-Oct-2025,774.5,Put,730,3,25.59,33.4072,11,430,163
28-Oct-2025,774.5,Call,760,28.1,24.81,33.4072,30,578,160
25-Nov-2025,774.5,-,0,782.75,0,33.4072,13,570,105
28-Oct-2025,774.5,Call,830,2.55,23.85,33.4072,4,521,105
28-Oct-2025,774.5,Put,720,2,26.49,33.4072,4,1008,92
28-Oct-2025,774.5,Put,700,1.1,29.03,33.4072,1,869,77
28-Oct-2025,774.5,Call,860,0.9,25.74,33.4072,13,723,55
25-Nov-2025,774.5,Put,700,4.05,26.74,33.4072,27,72,55
28-Oct-2025,774.5,Call,750,36,26.24,33.4072,1,635,40
28-Oct-2025,774.5,Put,710,1.45,27.55,33.4072,5,216,39
28-Oct-2025,774.5,Put,800,29.15,22.26,33.4072,0,190,18
30-Dec-2025,774.5,-,0,788.8,0,33.4072,5,61,14
28-Oct-2025,774.5,Call,880,0.45,26.99,33.4072,1,496,14
28-Oct-2025,774.5,Call,900,0.3,29.27,33.4072,1,85,13
28-Oct-2025,774.5,Put,690,0.75,29.86,33.4072,-1,348,11
25-Nov-2025,774.5,Call,800,19.9,23.87,33.4072,2,49,10
28-Oct-2025,774.5,Call,740,43.85,26.82,33.4072,2,108,9
25-Nov-2025,774.5,Call,780,29.5,24.46,33.4072,-3,21,8
28-Oct-2025,774.5,Put,680,0.6,31.11,33.4072,-1,437,6
28-Oct-2025,774.5,Call,700,78.95,25.14,33.4072,-1,142,6
28-Oct-2025,774.5,Put,850,72.95,28.45,33.4072,-3,50,5
28-Oct-2025,774.5,Put,820,44.55,23.02,33.4072,1,122,4
28-Oct-2025,774.5,Call,710,68.65,18.63,33.4072,2,24,4
28-Oct-2025,774.5,Call,730,52.5,28.06,33.4072,1,120,4
28-Oct-2025,774.5,Put,840,63.65,27.52,33.4072,0,33,3
28-Oct-2025,774.5,Put,650,0.35,37.1,33.4072,0,152,2
25-Nov-2025,774.5,Put,730,8.25,25.39,33.4072,1,79,2
25-Nov-2025,774.5,Call,850,7,24.47,33.4072,-1,17,2
28-Oct-2025,774.5,Put,660,0.65,37.85,33.4072,0,24,1
28-Oct-2025,774.5,Put,900,124,46.37,33.4072,0,1,1
25-Nov-2025,774.5,Call,880,3.85,25.61,33.4072,0,24,1
25-Nov-2025,774.5,Put,770,21,25.23,33.4072,0,8,1
28-Oct-2025,774.5,Call,620,0,0,33.4072,0,1,0
28-Oct-2025,774.5,Call,690,0,0,33.4072,0,18,0
28-Oct-2025,774.5,Call,660,0,0,33.4072,0,24,0
28-Oct-2025,774.5,Call,650,0,0,33.4072,0,15,0
28-Oct-2025,774.5,Call,600,0,0,33.4072,0,2,0
28-Oct-2025,774.5,Call,670,0,0,33.4072,0,15,0
28-Oct-2025,774.5,Put,620,0,0,33.4072,0,23,0
28-Oct-2025,774.5,Call,680,0,0,33.4072,0,15,0
28-Oct-2025,774.5,Put,670,0,0,33.4072,0,79,0
28-Oct-2025,774.5,Put,600,0,0,33.4072,0,35,0
28-Oct-2025,774.5,Put,640,0,0,33.4072,0,0,0
28-Oct-2025,774.5,Put,810,0,0,33.4072,0,59,0
28-Oct-2025,774.5,Put,880,0,0,33.4072,0,0,0
28-Oct-2025,774.5,Call,640,0,0,33.4072,0,0,0
28-Oct-2025,774.5,Call,720,0,0,33.4072,0,84,0
25-Nov-2025,774.5,Put,780,0,0,33.4072,0,6,0
25-Nov-2025,774.5,Put,760,0,0,33.4072,0,27,0
25-Nov-2025,774.5,Put,800,0,0,33.4072,0,0,0
25-Nov-2025,774.5,Put,840,0,0,33.4072,0,0,0
25-Nov-2025,774.5,Put,860,0,0,33.4072,0,0,0
28-Oct-2025,774.5,Put,830,0,0,33.4072,0,22,0
25-Nov-2025,774.5,Put,790,0,0,33.4072,0,1,0
25-Nov-2025,774.5,Call,790,0,0,33.4072,0,3,0
25-Nov-2025,774.5,Call,860,0,0,33.4072,0,17,0
25-Nov-2025,774.5,Put,690,0,0,33.4072,0,1,0
25-Nov-2025,774.5,Call,770,0,0,33.4072,0,2,0
25-Nov-2025,774.5,Call,830,0,0,33.4072,0,28,0
25-Nov-2025,774.5,Put,830,0,0,33.4072,0,0,0
25-Nov-2025,774.5,Call,810,0,0,33.4072,0,18,0
25-Nov-2025,774.5,Put,710,0,0,33.4072,0,2,0
25-Nov-2025,774.5,Put,680,0,0,33.4072,0,61,0
25-Nov-2025,774.5,Put,820,0,0,33.4072,0,14,0
25-Nov-2025,774.5,Put,660,0,0,33.4072,0,1,0
25-Nov-2025,774.5,Put,810,0,0,33.4072,0,4,0
25-Nov-2025,774.5,Call,740,0,0,33.4072,0,0,0
25-Nov-2025,774.5,Call,640,0,0,33.4072,0,0,0
25-Nov-2025,774.5,Put,740,0,0,33.4072,0,0,0
25-Nov-2025,774.5,Put,720,0,0,33.4072,0,0,0
25-Nov-2025,774.5,Put,850,0,0,33.4072,0,2,0
25-Nov-2025,774.5,Call,820,0,0,33.4072,0,15,0
25-Nov-2025,774.5,Call,840,0,0,33.4072,0,3,0
25-Nov-2025,774.5,Put,750,0,0,33.4072,0,0,0
25-Nov-2025,774.5,Put,640,0,0,33.4072,0,0,0
25-Nov-2025,774.5,Call,700,0,0,33.4072,0,0,0
25-Nov-2025,774.5,Call,690,0,0,33.4072,0,0,0
25-Nov-2025,774.5,Call,710,0,0,33.4072,0,0,0
25-Nov-2025,774.5,Call,680,0,0,33.4072,0,2,0
25-Nov-2025,774.5,Call,720,0,0,33.4072,0,1,0
28-Oct-2025,774.5,Put,860,0,0,33.4072,0,4,0
30-Dec-2025,774.5,Put,720,0,0,33.4072,0,0,0
25-Nov-2025,774.5,Put,880,0,0,33.4072,0,0,0
25-Nov-2025,774.5,Call,760,0,0,33.4072,0,2,0
25-Nov-2025,774.5,Call,730,0,0,33.4072,0,0,0
30-Dec-2025,774.5,Call,820,0,0,33.4072,0,3,0
30-Dec-2025,774.5,Call,780,0,0,33.4072,0,0,0
25-Nov-2025,774.5,Call,750,0,0,33.4072,0,2,0
30-Dec-2025,774.5,Put,700,0,0,33.4072,0,0,0
25-Nov-2025,774.5,Put,900,0,0,33.4072,0,0,0
30-Dec-2025,774.5,Put,820,0,0,33.4072,0,0,0
30-Dec-2025,774.5,Put,680,0,0,33.4072,0,0,0
30-Dec-2025,774.5,Call,880,0,0,33.4072,0,0,0
30-Dec-2025,774.5,Call,760,0,0,33.4072,0,0,0
30-Dec-2025,774.5,Put,780,0,0,33.4072,0,0,0
30-Dec-2025,774.5,Put,640,0,0,33.4072,0,0,0
30-Dec-2025,774.5,Put,800,0,0,33.4072,0,0,0
30-Dec-2025,774.5,Put,740,0,0,33.4072,0,0,0
30-Dec-2025,774.5,Put,760,0,0,33.4072,0,0,0
30-Dec-2025,774.5,Call,800,0,0,33.4072,0,0,0
25-Nov-2025,774.5,Call,660,0,0,33.4072,0,0,0
30-Dec-2025,774.5,Call,860,0,0,33.4072,0,0,0
25-Nov-2025,774.5,Call,900,0,0,33.4072,0,0,0
30-Dec-2025,774.5,Call,840,0,0,33.4072,0,0,0
