28-Oct-2025,2516.2,-,0,2523.2,0,22.755,21,45762,1621
28-Oct-2025,2516.2,Put,2500,33.1,20.38,22.755,29,1201,1064
28-Oct-2025,2516.2,Call,2600,16.35,18.24,22.755,-3,3069,1051
28-Oct-2025,2516.2,Call,2500,56.75,17.5,22.755,36,865,992
28-Oct-2025,2516.2,Call,2520,45.7,17.65,22.755,81,537,718
28-Oct-2025,2516.2,Call,2560,27.7,17.86,22.755,151,1654,604
28-Oct-2025,2516.2,Call,2540,36.35,17.89,22.755,-81,700,540
28-Oct-2025,2516.2,Call,2800,1.25,22.69,22.755,-8,962,522
28-Oct-2025,2516.2,Call,2580,21.05,18.01,22.755,50,1855,410
28-Oct-2025,2516.2,Call,2700,4.25,20.1,22.755,-89,1468,402
28-Oct-2025,2516.2,Put,2520,41.9,20.48,22.755,60,431,315
28-Oct-2025,2516.2,Call,2620,12.1,18.25,22.755,78,410,255
28-Oct-2025,2516.2,Put,2480,25.75,20.31,22.755,27,348,244
28-Oct-2025,2516.2,Put,2460,19.75,20.49,22.755,18,300,212
28-Oct-2025,2516.2,Call,2660,7.1,19.23,22.755,-15,328,198
28-Oct-2025,2516.2,Call,2640,9.05,18.64,22.755,-15,564,191
28-Oct-2025,2516.2,Put,2400,7.9,20.8,22.755,12,1006,166
25-Nov-2025,2516.2,-,0,2518,0,22.755,62,1427,144
28-Oct-2025,2516.2,Put,2440,14.65,20.58,22.755,10,488,138
28-Oct-2025,2516.2,Put,2600,92.8,21.77,22.755,25,946,115
28-Oct-2025,2516.2,Put,2540,53.4,20.71,22.755,23,491,105
28-Oct-2025,2516.2,Call,2680,5.4,19.44,22.755,-4,283,99
28-Oct-2025,2516.2,Put,2380,5.55,20.95,22.755,-14,176,90
28-Oct-2025,2516.2,Put,2360,4.1,21.32,22.755,14,255,81
28-Oct-2025,2516.2,Put,2560,65.15,21,22.755,5,286,79
28-Oct-2025,2516.2,Put,2420,10.5,20.48,22.755,23,323,77
28-Oct-2025,2516.2,Call,2720,3.15,20.63,22.755,-19,250,67
28-Oct-2025,2516.2,Put,2700,180.35,26.46,22.755,-31,367,56
28-Oct-2025,2516.2,Call,2400,129.85,11.85,22.755,12,171,55
25-Nov-2025,2516.2,Call,2600,33.75,15.15,22.755,10,166,54
28-Oct-2025,2516.2,Call,2480,68,16.77,22.755,-13,175,52
28-Oct-2025,2516.2,Call,2740,2.6,21.16,22.755,20,231,50
28-Oct-2025,2516.2,Put,2320,2.35,22.54,22.755,2,312,49
28-Oct-2025,2516.2,Put,2300,1.8,23.18,22.755,5,576,41
28-Oct-2025,2516.2,Call,2460,81.65,16.28,22.755,-2,95,34
25-Nov-2025,2516.2,Put,2700,196,28.46,22.755,15,29,30
25-Nov-2025,2516.2,Put,2300,8.95,22.3,22.755,25,25,27
25-Nov-2025,2516.2,Call,2500,73,12.43,22.755,11,48,18
28-Oct-2025,2516.2,Put,2340,3.05,21.87,22.755,2,201,15
25-Nov-2025,2516.2,Put,2400,24.5,21.96,22.755,7,240,14
28-Oct-2025,2516.2,Call,3000,0.55,31.26,22.755,-2,265,12
25-Nov-2025,2516.2,Put,2520,72.6,24.12,22.755,3,108,11
25-Nov-2025,2516.2,Call,2700,14.5,16.9,22.755,7,21,10
28-Oct-2025,2516.2,Put,2580,78.9,21.69,22.755,1,152,9
28-Oct-2025,2516.2,Call,2780,1.6,22.11,22.755,-2,409,8
25-Nov-2025,2516.2,Put,2500,58.4,22.57,22.755,3,105,7
25-Nov-2025,2516.2,Put,2600,121.55,25.99,22.755,3,85,6
28-Oct-2025,2516.2,Call,2900,0.6,26.09,22.755,-1,101,4
30-Dec-2025,2516.2,-,0,2527,0,22.755,1,47,3
28-Oct-2025,2516.2,Call,2760,2.2,21.95,22.755,0,207,3
25-Nov-2025,2516.2,Call,2840,4.75,19.33,22.755,-2,51,3
25-Nov-2025,2516.2,Call,2640,24,0,22.755,0,27,3
28-Oct-2025,2516.2,Call,2880,0.85,26.16,22.755,0,139,2
28-Oct-2025,2516.2,Call,2960,0.5,28.78,22.755,1,5,2
25-Nov-2025,2516.2,Call,2800,6.5,18.67,22.755,-1,6,2
28-Oct-2025,2516.2,Put,2240,1.2,26.6,22.755,0,81,1
28-Oct-2025,2516.2,Put,2900,375,39.6,22.755,0,4,1
28-Oct-2025,2516.2,Call,2820,1.4,24.29,22.755,0,5,1
28-Oct-2025,2516.2,Put,2800,294.05,46.54,22.755,0,72,1
25-Nov-2025,2516.2,Call,2540,52.65,13.29,22.755,0,25,1
25-Nov-2025,2516.2,Call,2580,41.55,15.26,22.755,0,2,1
28-Oct-2025,2516.2,Put,2260,0,0,22.755,0,1,0
28-Oct-2025,2516.2,Call,2260,0,0,22.755,0,0,0
28-Oct-2025,2516.2,Put,2120,0,0,22.755,0,6,0
28-Oct-2025,2516.2,Put,2680,0,0,22.755,0,56,0
28-Oct-2025,2516.2,Put,2620,0,0,22.755,0,19,0
28-Oct-2025,2516.2,Put,2160,0,0,22.755,0,7,0
28-Oct-2025,2516.2,Put,2880,0,0,22.755,0,0,0
28-Oct-2025,2516.2,Put,2720,0,0,22.755,0,8,0
28-Oct-2025,2516.2,Call,2380,0,0,22.755,0,13,0
28-Oct-2025,2516.2,Call,2120,0,0,22.755,0,0,0
28-Oct-2025,2516.2,Put,2280,0,0,22.755,0,1,0
28-Oct-2025,2516.2,Call,2440,0,0,22.755,0,64,0
28-Oct-2025,2516.2,Call,2860,0,0,22.755,0,6,0
28-Oct-2025,2516.2,Put,2920,0,0,22.755,0,0,0
28-Oct-2025,2516.2,Put,2200,0,0,22.755,0,77,0
28-Oct-2025,2516.2,Call,2840,0,0,22.755,0,50,0
28-Oct-2025,2516.2,Call,2920,0,0,22.755,0,95,0
28-Oct-2025,2516.2,Call,2420,0,0,22.755,0,20,0
28-Oct-2025,2516.2,Call,2160,0,0,22.755,0,0,0
28-Oct-2025,2516.2,Call,2200,0,0,22.755,0,4,0
28-Oct-2025,2516.2,Put,2740,0,0,22.755,0,0,0
28-Oct-2025,2516.2,Call,2300,0,0,22.755,0,4,0
28-Oct-2025,2516.2,Put,2780,0,0,22.755,0,1,0
28-Oct-2025,2516.2,Put,2820,0,0,22.755,0,2,0
28-Oct-2025,2516.2,Call,2340,0,0,22.755,0,1,0
28-Oct-2025,2516.2,Put,2660,0,0,22.755,0,34,0
28-Oct-2025,2516.2,Put,2760,0,0,22.755,0,1,0
28-Oct-2025,2516.2,Call,2240,0,0,22.755,0,4,0
28-Oct-2025,2516.2,Put,2840,0,0,22.755,0,9,0
28-Oct-2025,2516.2,Call,2280,0,0,22.755,0,3,0
28-Oct-2025,2516.2,Call,2320,0,0,22.755,0,1,0
28-Oct-2025,2516.2,Call,2360,0,0,22.755,0,0,0
28-Oct-2025,2516.2,Put,3000,0,0,22.755,0,1,0
28-Oct-2025,2516.2,Put,2960,0,0,22.755,0,0,0
28-Oct-2025,2516.2,Put,2640,0,0,22.755,0,56,0
25-Nov-2025,2516.2,Call,2400,0,0,22.755,0,106,0
25-Nov-2025,2516.2,Call,2440,0,0,22.755,0,0,0
25-Nov-2025,2516.2,Put,2640,0,0,22.755,0,0,0
25-Nov-2025,2516.2,Put,2680,0,0,22.755,0,0,0
25-Nov-2025,2516.2,Put,2720,0,0,22.755,0,0,0
25-Nov-2025,2516.2,Put,2760,0,0,22.755,0,0,0
25-Nov-2025,2516.2,Put,2800,0,0,22.755,0,0,0
25-Nov-2025,2516.2,Put,2480,0,0,22.755,0,0,0
25-Nov-2025,2516.2,Put,2440,0,0,22.755,0,7,0
25-Nov-2025,2516.2,Put,2560,0,0,22.755,0,2,0
25-Nov-2025,2516.2,Call,2560,0,0,22.755,0,2,0
25-Nov-2025,2516.2,Put,2360,0,0,22.755,0,7,0
25-Nov-2025,2516.2,Call,2260,0,0,0,0,0,0
25-Nov-2025,2516.2,Put,2160,0,0,22.755,0,0,0
25-Nov-2025,2516.2,Put,2280,0,0,22.755,0,0,0
25-Nov-2025,2516.2,Put,2540,0,0,22.755,0,17,0
25-Nov-2025,2516.2,Put,2740,0,0,22.755,0,0,0
25-Nov-2025,2516.2,Call,2480,0,0,22.755,0,0,0
25-Nov-2025,2516.2,Put,2240,0,0,22.755,0,0,0
25-Nov-2025,2516.2,Put,2660,0,0,22.755,0,0,0
25-Nov-2025,2516.2,Put,2320,0,0,22.755,0,0,0
25-Nov-2025,2516.2,Call,2460,0,0,22.755,0,0,0
25-Nov-2025,2516.2,Call,2880,0,0,22.755,0,0,0
25-Nov-2025,2516.2,Call,2680,0,0,22.755,0,0,0
25-Nov-2025,2516.2,Call,2300,0,0,22.755,0,0,0
25-Nov-2025,2516.2,Put,2580,0,0,22.755,0,0,0
25-Nov-2025,2516.2,Call,2160,0,0,22.755,0,0,0
25-Nov-2025,2516.2,Put,2460,0,0,22.755,0,0,0
25-Nov-2025,2516.2,Put,2200,0,0,22.755,0,0,0
25-Nov-2025,2516.2,Put,2840,0,0,22.755,0,0,0
25-Nov-2025,2516.2,Put,2380,0,0,22.755,0,2,0
25-Nov-2025,2516.2,Put,2960,0,0,22.755,0,0,0
25-Nov-2025,2516.2,Call,2420,0,0,22.755,0,5,0
25-Nov-2025,2516.2,Call,2780,0,0,22.755,0,0,0
25-Nov-2025,2516.2,Call,2340,0,0,22.755,0,0,0
25-Nov-2025,2516.2,Call,2520,0,0,22.755,0,16,0
25-Nov-2025,2516.2,Call,2720,0,0,22.755,0,0,0
25-Nov-2025,2516.2,Call,2240,0,0,22.755,0,0,0
25-Nov-2025,2516.2,Put,2340,0,0,22.755,0,0,0
25-Nov-2025,2516.2,Call,2920,0,0,22.755,0,0,0
30-Dec-2025,2516.2,Call,2520,0,0,22.755,0,0,0
25-Nov-2025,2516.2,Put,2920,0,0,22.755,0,0,0
25-Nov-2025,2516.2,Put,2780,0,0,22.755,0,0,0
25-Nov-2025,2516.2,Put,2260,0,0,0,0,0,0
25-Nov-2025,2516.2,Call,2320,0,0,22.755,0,0,0
30-Dec-2025,2516.2,Call,2680,0,0,22.755,0,0,0
30-Dec-2025,2516.2,Call,2600,0,0,22.755,0,0,0
25-Nov-2025,2516.2,Call,2200,0,0,22.755,0,0,0
30-Dec-2025,2516.2,Call,2560,0,0,22.755,0,0,0
25-Nov-2025,2516.2,Call,2380,0,0,22.755,0,0,0
30-Dec-2025,2516.2,Call,2720,0,0,22.755,0,0,0
25-Nov-2025,2516.2,Put,2120,0,0,22.755,0,0,0
25-Nov-2025,2516.2,Call,2620,0,0,22.755,0,0,0
25-Nov-2025,2516.2,Call,2280,0,0,22.755,0,0,0
30-Dec-2025,2516.2,Put,2480,0,0,22.755,0,0,0
25-Nov-2025,2516.2,Call,2360,0,0,22.755,0,0,0
30-Dec-2025,2516.2,Call,2640,0,0,22.755,0,8,0
25-Nov-2025,2516.2,Put,2620,0,0,22.755,0,0,0
25-Nov-2025,2516.2,Call,2120,0,0,22.755,0,0,0
25-Nov-2025,2516.2,Call,2960,0,0,22.755,0,0,0
30-Dec-2025,2516.2,Put,2440,0,0,22.755,0,0,0
30-Dec-2025,2516.2,Put,2600,0,0,22.755,0,0,0
30-Dec-2025,2516.2,Put,2520,0,0,22.755,0,0,0
30-Dec-2025,2516.2,Put,2560,0,0,22.755,0,0,0
25-Nov-2025,2516.2,Put,2420,0,0,22.755,0,1,0
30-Dec-2025,2516.2,Put,2360,0,0,22.755,0,1,0
25-Nov-2025,2516.2,Put,2880,0,0,22.755,0,0,0
30-Dec-2025,2516.2,Call,2480,0,0,22.755,0,0,0
30-Dec-2025,2516.2,Put,2400,0,0,22.755,0,7,0
25-Nov-2025,2516.2,Call,2760,0,0,22.755,0,0,0
25-Nov-2025,2516.2,Call,2740,0,0,22.755,0,0,0
25-Nov-2025,2516.2,Call,2660,0,0,22.755,0,2,0
