28-Oct-2025,3425.7,Call,3500,55,24.89,34.624,-248,5497,2322
28-Oct-2025,3425.7,-,0,3440.5,0,34.624,222,98942,1916
28-Oct-2025,3425.7,Call,3600,27.5,25.61,34.624,-103,5662,1864
28-Oct-2025,3425.7,Call,3450,75.45,24.82,34.624,75,1499,1188
28-Oct-2025,3425.7,Put,3400,60,25.31,34.624,36,2597,981
28-Oct-2025,3425.7,Call,3550,38.8,25.18,34.624,-53,1554,875
28-Oct-2025,3425.7,Put,3450,82.8,25.42,34.624,49,1234,807
28-Oct-2025,3425.7,Put,3300,27.95,26.07,34.624,-15,1628,691
28-Oct-2025,3425.7,Call,3400,101.9,24.88,34.624,-16,1577,685
28-Oct-2025,3425.7,Call,3700,12.7,26.37,34.624,27,2643,660
28-Oct-2025,3425.7,Put,3350,41.85,25.6,34.624,36,562,503
28-Oct-2025,3425.7,Put,3500,112.3,25.5,34.624,19,2074,467
28-Oct-2025,3425.7,Call,3650,18.85,25.94,34.624,15,1283,392
28-Oct-2025,3425.7,Call,3800,6.5,27.83,34.624,23,1608,303
28-Oct-2025,3425.7,Put,3200,12.4,27.43,34.624,-50,965,265
28-Oct-2025,3425.7,Put,3250,19,27.02,34.624,-19,521,174
28-Oct-2025,3425.7,Call,3750,9,26.83,34.624,0,1530,173
28-Oct-2025,3425.7,Call,3300,171.75,24.89,34.624,-20,237,156
25-Nov-2025,3425.7,-,0,3460,0,34.624,-17,1262,84
25-Nov-2025,3425.7,Call,3500,111.45,25.96,34.624,-16,85,58
28-Oct-2025,3425.7,Call,3900,3.8,30.01,34.624,12,1100,57
30-Dec-2025,3425.7,-,0,3483,0,34.624,-1,637,51
28-Oct-2025,3425.7,Call,3850,4.75,28.85,34.624,24,304,49
28-Oct-2025,3425.7,Put,3150,7.2,28.47,34.624,-6,196,48
28-Oct-2025,3425.7,Put,3100,5.05,28.98,34.624,-7,424,41
28-Oct-2025,3425.7,Call,3350,136.5,25.05,34.624,8,181,29
28-Oct-2025,3425.7,Put,2900,0.95,33.77,34.624,-3,160,27
28-Oct-2025,3425.7,Put,3550,144.8,27.04,34.624,-7,526,27
28-Oct-2025,3425.7,Call,4000,2.4,32.26,34.624,5,2204,21
28-Oct-2025,3425.7,Put,3600,181.45,26.64,34.624,2,1289,18
28-Oct-2025,3425.7,Put,2800,0.7,39.68,34.624,1,107,14
28-Oct-2025,3425.7,Put,3050,2.3,28.74,34.624,0,222,10
25-Nov-2025,3425.7,Put,3200,35,26.95,34.624,1,341,9
28-Oct-2025,3425.7,Put,3000,1.65,30.29,34.624,0,646,8
25-Nov-2025,3425.7,Call,3600,75,24.87,34.624,1,63,8
25-Nov-2025,3425.7,Put,3400,92,26.48,34.624,1,98,8
25-Nov-2025,3425.7,Call,3800,33.85,26.68,34.624,3,108,6
28-Oct-2025,3425.7,Call,3950,2.95,30.98,34.624,0,515,3
28-Oct-2025,3425.7,Call,3200,266.9,28.25,34.624,0,96,2
28-Oct-2025,3425.7,Put,2950,1.5,32.9,34.624,0,145,2
25-Nov-2025,3425.7,Call,3650,70,27.2,34.624,0,8,2
28-Oct-2025,3425.7,Call,4200,1.1,36.83,34.624,0,350,1
25-Nov-2025,3425.7,Call,4000,13,27.38,34.624,0,33,1
28-Oct-2025,3425.7,Put,3700,0,0,34.624,0,232,0
28-Oct-2025,3425.7,Call,4100,0,0,34.624,0,222,0
28-Oct-2025,3425.7,Put,3900,0,0,34.624,0,12,0
28-Oct-2025,3425.7,Put,2700,0,0,34.624,0,12,0
28-Oct-2025,3425.7,Put,3800,0,0,34.624,0,139,0
28-Oct-2025,3425.7,Call,3150,0,0,34.624,0,0,0
28-Oct-2025,3425.7,Put,3650,0,0,34.624,0,217,0
28-Oct-2025,3425.7,Put,3750,0,0,34.624,0,77,0
28-Oct-2025,3425.7,Put,3850,0,0,34.624,0,0,0
28-Oct-2025,3425.7,Call,3050,0,0,34.624,0,6,0
28-Oct-2025,3425.7,Call,3250,0,0,34.624,0,27,0
28-Oct-2025,3425.7,Call,2950,0,0,34.624,0,5,0
28-Oct-2025,3425.7,Call,2800,0,0,34.624,0,42,0
28-Oct-2025,3425.7,Call,2900,0,0,34.624,0,7,0
28-Oct-2025,3425.7,Call,2700,0,0,34.624,0,11,0
28-Oct-2025,3425.7,Call,3100,0,0,34.624,0,18,0
25-Nov-2025,3425.7,Call,4200,0,0,34.624,0,8,0
25-Nov-2025,3425.7,Put,2800,0,0,34.624,0,9,0
25-Nov-2025,3425.7,Put,2900,0,0,34.624,0,0,0
25-Nov-2025,3425.7,Put,3750,0,0,34.624,0,0,0
25-Nov-2025,3425.7,Put,3500,0,0,34.624,0,38,0
28-Oct-2025,3425.7,Put,4000,0,0,34.624,0,64,0
25-Nov-2025,3425.7,Call,3400,0,0,34.624,0,8,0
25-Nov-2025,3425.7,Put,3850,0,0,34.624,0,0,0
25-Nov-2025,3425.7,Call,3300,0,0,34.624,0,1,0
25-Nov-2025,3425.7,Put,3450,0,0,34.624,0,2,0
25-Nov-2025,3425.7,Call,3550,0,0,34.624,0,2,0
25-Nov-2025,3425.7,Put,3700,0,0,34.624,0,0,0
25-Nov-2025,3425.7,Put,3650,0,0,34.624,0,0,0
28-Oct-2025,3425.7,Call,3000,0,0,34.624,0,162,0
25-Nov-2025,3425.7,Call,3750,0,0,34.624,0,0,0
25-Nov-2025,3425.7,Call,3900,0,0,34.624,0,0,0
25-Nov-2025,3425.7,Put,3550,0,0,34.624,0,0,0
25-Nov-2025,3425.7,Put,3300,0,0,34.624,0,122,0
25-Nov-2025,3425.7,Call,2900,0,0,34.624,0,0,0
25-Nov-2025,3425.7,Put,3600,0,0,34.624,0,0,0
25-Nov-2025,3425.7,Put,3900,0,0,34.624,0,2,0
25-Nov-2025,3425.7,Call,3850,0,0,34.624,0,0,0
25-Nov-2025,3425.7,Put,3100,0,0,34.624,0,96,0
25-Nov-2025,3425.7,Put,3000,0,0,34.624,0,0,0
25-Nov-2025,3425.7,Call,3200,0,0,34.624,0,0,0
25-Nov-2025,3425.7,Put,4000,0,0,34.624,0,0,0
25-Nov-2025,3425.7,Call,3150,0,0,34.624,0,0,0
25-Nov-2025,3425.7,Put,4200,0,0,34.624,0,0,0
25-Nov-2025,3425.7,Call,3000,0,0,34.624,0,0,0
25-Nov-2025,3425.7,Call,2800,0,0,34.624,0,8,0
25-Nov-2025,3425.7,Call,3100,0,0,34.624,0,4,0
30-Dec-2025,3425.7,Put,3600,0,0,34.624,0,0,0
25-Nov-2025,3425.7,Put,3800,0,0,34.624,0,0,0
25-Nov-2025,3425.7,Put,3350,0,0,34.624,0,0,0
30-Dec-2025,3425.7,Put,3200,0,0,34.624,0,0,0
30-Dec-2025,3425.7,Call,3300,0,0,34.624,0,8,0
25-Nov-2025,3425.7,Put,3150,0,0,34.624,0,0,0
30-Dec-2025,3425.7,Put,3400,0,0,34.624,0,3,0
25-Nov-2025,3425.7,Call,3450,0,0,34.624,0,0,0
25-Nov-2025,3425.7,Put,3250,0,0,34.624,0,0,0
25-Nov-2025,3425.7,Call,3250,0,0,34.624,0,0,0
30-Dec-2025,3425.7,Call,3800,0,0,34.624,0,0,0
30-Dec-2025,3425.7,Put,3300,0,0,34.624,0,0,0
30-Dec-2025,3425.7,Call,3600,0,0,34.624,0,3,0
30-Dec-2025,3425.7,Call,3700,0,0,34.624,0,0,0
25-Nov-2025,3425.7,Call,3350,0,0,34.624,0,7,0
30-Dec-2025,3425.7,Call,3400,0,0,34.624,0,0,0
30-Dec-2025,3425.7,Call,3500,0,0,34.624,0,2,0
25-Nov-2025,3425.7,Call,3700,0,0,34.624,0,0,0
30-Dec-2025,3425.7,Put,3500,0,0,34.624,0,0,0
