28-Oct-2025,3438.6,Call,3500,58.2,24.33,34.624,-440,5305,4975
28-Oct-2025,3438.6,-,0,3458,0,34.624,686,99406,3774
28-Oct-2025,3438.6,Call,3600,28.15,24.96,34.624,93,5858,3444
28-Oct-2025,3438.6,Call,3450,80.35,24.31,34.624,165,1589,2598
28-Oct-2025,3438.6,Put,3400,50.35,24.48,34.624,63,2624,1983
28-Oct-2025,3438.6,Call,3550,40.5,24.58,34.624,-16,1591,1526
28-Oct-2025,3438.6,Call,3400,107.9,24.33,34.624,7,1600,1405
28-Oct-2025,3438.6,Put,3450,72.4,24.48,34.624,90,1275,1348
28-Oct-2025,3438.6,Call,3700,12.6,25.47,34.624,114,2730,1252
28-Oct-2025,3438.6,Put,3300,22.2,25.16,34.624,-12,1631,1246
28-Oct-2025,3438.6,Call,3650,18.9,25.08,34.624,130,1398,1242
28-Oct-2025,3438.6,Put,3350,34.15,24.64,34.624,51,577,931
28-Oct-2025,3438.6,Put,3500,100,24.56,34.624,34,2089,813
28-Oct-2025,3438.6,Call,3800,6.3,27.45,34.624,132,1717,584
28-Oct-2025,3438.6,Put,3200,9.3,26.47,34.624,-41,974,422
28-Oct-2025,3438.6,Call,3750,8.65,26.47,34.624,22,1552,385
25-Nov-2025,3438.6,-,0,3476.4,0,34.624,110,1389,332
28-Oct-2025,3438.6,Put,3250,14.85,25.32,34.624,-25,515,314
28-Oct-2025,3438.6,Call,3300,180.8,25.14,34.624,-26,231,193
28-Oct-2025,3438.6,Put,3100,4.05,28.52,34.624,17,448,160
28-Oct-2025,3438.6,Call,3850,4.55,28.45,34.624,60,340,152
28-Oct-2025,3438.6,Call,4000,2.35,32.07,34.624,25,2224,126
28-Oct-2025,3438.6,Call,3900,3.5,29.44,34.624,-3,1085,121
28-Oct-2025,3438.6,Put,3150,5.85,27.44,34.624,-4,198,105
30-Dec-2025,3438.6,-,0,3493.1,0,34.624,-1,637,80
25-Nov-2025,3438.6,Call,3500,121.75,26.02,34.624,-18,83,79
28-Oct-2025,3438.6,Put,3600,169.1,25.08,34.624,-9,1278,77
28-Oct-2025,3438.6,Call,3350,140.95,24.72,34.624,3,176,72
28-Oct-2025,3438.6,Put,3550,130.75,24.48,34.624,-4,529,48
28-Oct-2025,3438.6,Put,2900,0.95,33.94,34.624,-3,160,27
28-Oct-2025,3438.6,Put,2800,1.05,40.35,34.624,1,107,27
28-Oct-2025,3438.6,Put,3700,246.45,21.9,34.624,7,239,26
25-Nov-2025,3438.6,Call,3650,63,25.51,34.624,13,21,26
25-Nov-2025,3438.6,Call,3600,78,25.23,34.624,8,70,25
28-Oct-2025,3438.6,Call,3950,2.65,30.23,34.624,-1,514,23
28-Oct-2025,3438.6,Call,4100,1.55,34.27,34.624,0,222,22
25-Nov-2025,3438.6,Put,3200,33.7,27.22,34.624,3,343,14
25-Nov-2025,3438.6,Call,3800,33,26.53,34.624,7,112,14
25-Nov-2025,3438.6,Put,3400,87.05,25.71,34.624,3,100,14
28-Oct-2025,3438.6,Put,3050,2.4,29.14,34.624,0,222,13
28-Oct-2025,3438.6,Put,3000,2.05,31.52,34.624,-1,645,10
28-Oct-2025,3438.6,Call,4200,1.1,36.66,34.624,-1,349,9
28-Oct-2025,3438.6,Call,3200,266.85,28.27,34.624,-1,95,6
28-Oct-2025,3438.6,Put,3750,291.3,19.9,34.624,-1,76,6
25-Nov-2025,3438.6,Put,3300,57,26.83,34.624,5,127,6
25-Nov-2025,3438.6,Call,4000,12.3,26.87,34.624,1,34,3
30-Dec-2025,3438.6,Call,3700,84.7,23.59,34.624,2,2,3
28-Oct-2025,3438.6,Put,2950,1.5,33.07,34.624,0,145,2
25-Nov-2025,3438.6,Put,3100,20,28.22,34.624,0,96,1
28-Oct-2025,3438.6,Put,3900,0,0,34.624,0,12,0
28-Oct-2025,3438.6,Put,3800,0,0,34.624,0,139,0
28-Oct-2025,3438.6,Put,2700,0,0,34.624,0,12,0
28-Oct-2025,3438.6,Call,3150,0,0,34.624,0,0,0
28-Oct-2025,3438.6,Put,3650,0,0,34.624,0,217,0
28-Oct-2025,3438.6,Call,2950,0,0,34.624,0,5,0
28-Oct-2025,3438.6,Put,3850,0,0,34.624,0,0,0
28-Oct-2025,3438.6,Call,2700,0,0,34.624,0,11,0
28-Oct-2025,3438.6,Call,3050,0,0,34.624,0,6,0
28-Oct-2025,3438.6,Call,3250,0,0,34.624,0,27,0
28-Oct-2025,3438.6,Put,4000,0,0,34.624,0,64,0
28-Oct-2025,3438.6,Call,2800,0,0,34.624,0,42,0
28-Oct-2025,3438.6,Call,3000,0,0,34.624,0,162,0
28-Oct-2025,3438.6,Call,2900,0,0,34.624,0,7,0
28-Oct-2025,3438.6,Call,3100,0,0,34.624,0,18,0
25-Nov-2025,3438.6,Put,3500,0,0,34.624,0,38,0
25-Nov-2025,3438.6,Call,3850,0,0,34.624,0,0,0
25-Nov-2025,3438.6,Put,2800,0,0,34.624,0,9,0
25-Nov-2025,3438.6,Call,4200,0,0,34.624,0,8,0
25-Nov-2025,3438.6,Call,3300,0,0,34.624,0,1,0
25-Nov-2025,3438.6,Put,3450,0,0,34.624,0,2,0
25-Nov-2025,3438.6,Put,2900,0,0,34.624,0,0,0
25-Nov-2025,3438.6,Put,3750,0,0,34.624,0,0,0
25-Nov-2025,3438.6,Put,3650,0,0,34.624,0,0,0
25-Nov-2025,3438.6,Call,3550,0,0,34.624,0,2,0
25-Nov-2025,3438.6,Put,3850,0,0,34.624,0,0,0
25-Nov-2025,3438.6,Put,3700,0,0,34.624,0,0,0
25-Nov-2025,3438.6,Put,3550,0,0,34.624,0,0,0
25-Nov-2025,3438.6,Call,3750,0,0,34.624,0,0,0
25-Nov-2025,3438.6,Put,3600,0,0,34.624,0,0,0
25-Nov-2025,3438.6,Call,3900,0,0,34.624,0,0,0
25-Nov-2025,3438.6,Call,3200,0,0,34.624,0,0,0
25-Nov-2025,3438.6,Call,3400,0,0,34.624,0,8,0
25-Nov-2025,3438.6,Call,2800,0,0,34.624,0,8,0
25-Nov-2025,3438.6,Put,3000,0,0,34.624,0,0,0
25-Nov-2025,3438.6,Call,3100,0,0,34.624,0,4,0
25-Nov-2025,3438.6,Call,2900,0,0,34.624,0,0,0
25-Nov-2025,3438.6,Call,3000,0,0,34.624,0,0,0
25-Nov-2025,3438.6,Put,3900,0,0,34.624,0,2,0
25-Nov-2025,3438.6,Put,3800,0,0,34.624,0,0,0
25-Nov-2025,3438.6,Put,4200,0,0,34.624,0,0,0
25-Nov-2025,3438.6,Call,3150,0,0,34.624,0,0,0
25-Nov-2025,3438.6,Put,3150,0,0,34.624,0,0,0
25-Nov-2025,3438.6,Call,3700,0,0,34.624,0,0,0
25-Nov-2025,3438.6,Put,4000,0,0,34.624,0,0,0
25-Nov-2025,3438.6,Call,3250,0,0,34.624,0,0,0
25-Nov-2025,3438.6,Call,3450,0,0,34.624,0,0,0
25-Nov-2025,3438.6,Put,3350,0,0,34.624,0,0,0
25-Nov-2025,3438.6,Call,3350,0,0,34.624,0,7,0
30-Dec-2025,3438.6,Put,3200,0,0,34.624,0,0,0
30-Dec-2025,3438.6,Call,3300,0,0,34.624,0,8,0
30-Dec-2025,3438.6,Call,3800,0,0,34.624,0,0,0
30-Dec-2025,3438.6,Put,3500,0,0,34.624,0,0,0
25-Nov-2025,3438.6,Put,3250,0,0,34.624,0,0,0
30-Dec-2025,3438.6,Put,3600,0,0,34.624,0,0,0
30-Dec-2025,3438.6,Call,3500,0,0,34.624,0,2,0
30-Dec-2025,3438.6,Put,3300,0,0,34.624,0,0,0
30-Dec-2025,3438.6,Put,3400,0,0,34.624,0,3,0
30-Dec-2025,3438.6,Call,3400,0,0,34.624,0,0,0
30-Dec-2025,3438.6,Call,3600,0,0,34.624,0,3,0
