28-Oct-2025,15908,Put,16000,300.9,20.26,25.9849,-82,3905,2194
28-Oct-2025,15908,Call,16000,228.2,16.36,25.9849,252,3667,2116
28-Oct-2025,15908,Call,17000,30.55,20,25.9849,58,7811,2063
28-Oct-2025,15908,Call,16500,80,17.68,25.9849,313,4653,1901
28-Oct-2025,15908,-,0,15926,0,25.9849,-52,54002,1867
28-Oct-2025,15908,Put,15500,108,20.12,25.9849,-290,2568,1662
28-Oct-2025,15908,Call,16200,149.65,16.62,25.9849,22,6029,1394
28-Oct-2025,15908,Call,18000,7.85,25.78,25.9849,-119,3788,1019
28-Oct-2025,15908,Put,15900,250.9,20.21,25.9849,48,880,905
28-Oct-2025,15908,Call,16100,188.4,16.51,25.9849,57,2403,895
28-Oct-2025,15908,Put,15000,37.1,21.99,25.9849,114,5233,895
28-Oct-2025,15908,Put,15800,204.7,20.07,25.9849,-22,1130,747
28-Oct-2025,15908,Call,16800,43,19.02,25.9849,238,1767,726
28-Oct-2025,15908,Call,16300,121.05,16.95,25.9849,-13,4061,701
28-Oct-2025,15908,Call,16700,53,18.46,25.9849,302,1236,692
28-Oct-2025,15908,Call,16600,65.15,18.2,25.9849,-16,1341,610
28-Oct-2025,15908,Put,16100,359.95,20.71,25.9849,-15,840,473
28-Oct-2025,15908,Put,15700,166.5,20.14,25.9849,14,630,461
28-Oct-2025,15908,Call,15900,275.85,16.29,25.9849,73,504,459
28-Oct-2025,15908,Call,16400,98,17.23,25.9849,33,2797,457
28-Oct-2025,15908,Put,15600,134.45,20.03,25.9849,8,707,434
28-Oct-2025,15908,Call,17200,21.65,21.11,25.9849,28,2373,381
28-Oct-2025,15908,Call,17500,13.05,22.53,25.9849,37,1386,324
28-Oct-2025,15908,Call,17300,17.4,21.37,25.9849,-9,815,245
28-Oct-2025,15908,Put,16200,421.85,20.98,25.9849,-43,1269,223
28-Oct-2025,15908,Call,17100,24.9,20.42,25.9849,-25,718,214
28-Oct-2025,15908,Put,14500,12.35,24.02,25.9849,-13,2158,213
28-Oct-2025,15908,Put,15200,55.55,20.95,25.9849,-26,587,212
28-Oct-2025,15908,Call,16900,36.5,19.53,25.9849,18,918,211
28-Oct-2025,15908,Call,17600,12.4,23.36,25.9849,12,2834,204
28-Oct-2025,15908,Call,17400,15,22,25.9849,20,873,185
28-Oct-2025,15908,Put,15400,85.2,20.42,25.9849,1,483,164
28-Oct-2025,15908,Call,17800,8.95,24.44,25.9849,-1,1715,132
28-Oct-2025,15908,Put,16500,640,21.64,25.9849,-57,361,118
25-Nov-2025,15908,-,0,16021,0,25.9849,3,1531,116
28-Oct-2025,15908,Call,18200,7.4,26.92,25.9849,16,941,95
28-Oct-2025,15908,Put,16300,496,21.37,25.9849,19,1086,89
28-Oct-2025,15908,Call,15800,333.15,15.86,25.9849,37,607,86
28-Oct-2025,15908,Put,14700,19.05,22.82,25.9849,9,420,76
28-Oct-2025,15908,Put,14800,24.1,22.57,25.9849,-11,429,71
28-Oct-2025,15908,Call,15000,964.35,0,25.9849,14,637,69
28-Oct-2025,15908,Put,15300,68.6,20.74,25.9849,-20,555,67
28-Oct-2025,15908,Put,14000,4.6,26.84,25.9849,-10,1960,60
28-Oct-2025,15908,Put,15100,45.75,21.29,25.9849,-11,433,46
28-Oct-2025,15908,Call,15700,395,16.27,25.9849,-3,187,38
28-Oct-2025,15908,Put,14900,29.6,22.21,25.9849,0,305,37
25-Nov-2025,15908,Call,16400,290,18.27,25.9849,23,51,32
25-Nov-2025,15908,Call,16000,471.15,18.37,25.9849,22,63,31
25-Nov-2025,15908,Put,15000,117,21.69,25.9849,-4,87,30
28-Oct-2025,15908,Call,15500,531,14.7,25.9849,7,570,29
28-Oct-2025,15908,Put,14600,15,23.38,25.9849,2,193,22
25-Nov-2025,15908,Put,16000,419,20.68,25.9849,-1,95,12
30-Dec-2025,15908,-,0,16088,0,25.9849,1,89,11
28-Oct-2025,15908,Put,14300,8.15,24.91,25.9849,0,492,10
28-Oct-2025,15908,Put,13000,3.7,38.17,25.9849,1,124,10
28-Oct-2025,15908,Put,16400,533.95,18.96,25.9849,-2,134,6
28-Oct-2025,15908,Call,15200,808.05,17.38,25.9849,-4,57,6
28-Oct-2025,15908,Put,14400,10.05,24.43,25.9849,0,64,4
28-Oct-2025,15908,Put,13800,4.85,29.27,25.9849,-1,119,4
28-Oct-2025,15908,Put,17000,1095,17.51,25.9849,0,151,4
25-Nov-2025,15908,Call,17000,131,18.74,25.9849,0,80,4
28-Oct-2025,15908,Put,14200,4.2,23.77,25.9849,0,1127,3
28-Oct-2025,15908,Put,13700,5,30.66,25.9849,0,24,2
28-Oct-2025,15908,Call,15600,469.6,16.21,25.9849,-1,101,2
28-Oct-2025,15908,Put,13400,4.65,34.16,25.9849,0,140,2
28-Oct-2025,15908,Call,14800,1150,0,25.9849,0,207,2
28-Oct-2025,15908,Put,16800,840.5,16.55,25.9849,0,34,1
28-Oct-2025,15908,Call,18400,7.5,29.46,25.9849,0,5,1
28-Oct-2025,15908,Put,13200,3.1,34.89,25.9849,0,55,1
28-Oct-2025,15908,Put,13500,3.85,32.08,25.9849,0,37,1
25-Nov-2025,15908,Call,16200,379.3,18.6,25.9849,0,4,1
25-Nov-2025,15908,Put,13800,33.15,26.93,25.9849,0,18,1
30-Dec-2025,15908,Put,16000,500,20.76,25.9849,0,4,1
28-Oct-2025,15908,Call,13700,0,0,25.9849,0,3,0
28-Oct-2025,15908,Call,14600,0,0,25.9849,0,0,0
28-Oct-2025,15908,Call,13600,0,0,25.9849,0,2,0
28-Oct-2025,15908,Call,14200,0,0,25.9849,0,4,0
28-Oct-2025,15908,Call,13400,0,0,25.9849,0,1,0
28-Oct-2025,15908,Put,16700,0,0,25.9849,0,14,0
28-Oct-2025,15908,Call,14500,0,0,25.9849,0,122,0
28-Oct-2025,15908,Call,14000,0,0,25.9849,0,189,0
28-Oct-2025,15908,Put,18400,0,0,25.9849,0,0,0
28-Oct-2025,15908,Call,13200,0,0,25.9849,0,5,0
28-Oct-2025,15908,Call,13800,0,0,25.9849,0,0,0
28-Oct-2025,15908,Put,13600,0,0,25.9849,0,11,0
28-Oct-2025,15908,Put,17200,0,0,25.9849,0,2,0
28-Oct-2025,15908,Call,15100,0,0,25.9849,0,8,0
28-Oct-2025,15908,Call,14400,0,0,25.9849,0,2,0
28-Oct-2025,15908,Put,17500,0,0,25.9849,0,20,0
28-Oct-2025,15908,Put,18200,0,0,25.9849,0,0,0
28-Oct-2025,15908,Call,14700,0,0,25.9849,0,3,0
28-Oct-2025,15908,Put,17400,0,0,25.9849,0,0,0
28-Oct-2025,15908,Call,15400,0,0,25.9849,0,14,0
28-Oct-2025,15908,Put,16600,0,0,25.9849,0,55,0
28-Oct-2025,15908,Put,12800,0,0,25.9849,0,49,0
28-Oct-2025,15908,Put,17300,0,0,25.9849,0,0,0
28-Oct-2025,15908,Put,18000,0,0,25.9849,0,1,0
28-Oct-2025,15908,Put,13900,0,0,25.9849,0,56,0
28-Oct-2025,15908,Put,17800,0,0,25.9849,0,0,0
28-Oct-2025,15908,Put,14100,0,0,25.9849,0,151,0
28-Oct-2025,15908,Put,17600,0,0,25.9849,0,0,0
28-Oct-2025,15908,Call,13000,0,0,25.9849,0,53,0
28-Oct-2025,15908,Put,16900,0,0,25.9849,0,16,0
28-Oct-2025,15908,Call,13500,0,0,25.9849,0,17,0
25-Nov-2025,15908,Call,17100,0,0,25.9849,0,0,0
25-Nov-2025,15908,Put,15800,0,0,25.9849,0,0,0
25-Nov-2025,15908,Put,17300,0,0,25.9849,0,0,0
25-Nov-2025,15908,Call,17200,0,0,25.9849,0,0,0
28-Oct-2025,15908,Put,17100,0,0,25.9849,0,0,0
28-Oct-2025,15908,Call,14900,0,0,25.9849,0,34,0
25-Nov-2025,15908,Call,18400,0,0,25.9849,0,11,0
25-Nov-2025,15908,Put,15300,0,0,25.9849,0,0,0
25-Nov-2025,15908,Put,15500,0,0,25.9849,0,1,0
25-Nov-2025,15908,Call,15400,0,0,25.9849,0,0,0
25-Nov-2025,15908,Call,15500,0,0,25.9849,0,0,0
25-Nov-2025,15908,Call,16600,0,0,25.9849,0,5,0
25-Nov-2025,15908,Call,17800,0,0,25.9849,0,0,0
25-Nov-2025,15908,Call,15300,0,0,25.9849,0,0,0
25-Nov-2025,15908,Call,14900,0,0,25.9849,0,0,0
25-Nov-2025,15908,Call,15900,0,0,25.9849,0,0,0
25-Nov-2025,15908,Call,14600,0,0,25.9849,0,0,0
25-Nov-2025,15908,Put,16500,0,0,25.9849,0,0,0
25-Nov-2025,15908,Call,14700,0,0,25.9849,0,0,0
25-Nov-2025,15908,Call,15100,0,0,25.9849,0,0,0
25-Nov-2025,15908,Put,13600,0,0,25.9849,0,0,0
25-Nov-2025,15908,Call,16500,0,0,25.9849,0,1,0
25-Nov-2025,15908,Put,16900,0,0,25.9849,0,0,0
25-Nov-2025,15908,Put,16600,0,0,25.9849,0,0,0
25-Nov-2025,15908,Put,15900,0,0,25.9849,0,0,0
28-Oct-2025,15908,Call,15300,0,0,25.9849,0,27,0
25-Nov-2025,15908,Call,16700,0,0,25.9849,0,0,0
25-Nov-2025,15908,Call,15200,0,0,25.9849,0,0,0
25-Nov-2025,15908,Put,17200,0,0,25.9849,0,0,0
25-Nov-2025,15908,Call,15600,0,0,25.9849,0,1,0
25-Nov-2025,15908,Put,14700,0,0,25.9849,0,0,0
25-Nov-2025,15908,Put,15700,0,0,25.9849,0,0,0
25-Nov-2025,15908,Call,15800,0,0,25.9849,0,1,0
25-Nov-2025,15908,Call,14800,0,0,25.9849,0,1,0
25-Nov-2025,15908,Put,17100,0,0,25.9849,0,0,0
25-Nov-2025,15908,Put,15100,0,0,25.9849,0,0,0
25-Nov-2025,15908,Put,17400,0,0,25.9849,0,0,0
25-Nov-2025,15908,Call,16900,0,0,25.9849,0,0,0
25-Nov-2025,15908,Call,18200,0,0,25.9849,0,0,0
25-Nov-2025,15908,Call,16100,0,0,25.9849,0,2,0
25-Nov-2025,15908,Put,17600,0,0,25.9849,0,0,0
25-Nov-2025,15908,Put,17000,0,0,25.9849,0,0,0
25-Nov-2025,15908,Put,16700,0,0,25.9849,0,0,0
25-Nov-2025,15908,Call,15700,0,0,25.9849,0,0,0
25-Nov-2025,15908,Put,14800,0,0,25.9849,0,0,0
25-Nov-2025,15908,Call,17600,0,0,25.9849,0,0,0
25-Nov-2025,15908,Put,16800,0,0,25.9849,0,0,0
25-Nov-2025,15908,Put,16200,0,0,25.9849,0,0,0
25-Nov-2025,15908,Call,16300,0,0,25.9849,0,0,0
25-Nov-2025,15908,Call,17400,0,0,25.9849,0,0,0
25-Nov-2025,15908,Put,14400,0,0,25.9849,0,0,0
25-Nov-2025,15908,Call,14400,0,0,25.9849,0,0,0
25-Nov-2025,15908,Call,15000,0,0,25.9849,0,6,0
25-Nov-2025,15908,Call,16800,0,0,25.9849,0,0,0
25-Nov-2025,15908,Call,14000,0,0,25.9849,0,0,0
25-Nov-2025,15908,Put,16100,0,0,25.9849,0,0,0
25-Nov-2025,15908,Put,15200,0,0,25.9849,0,0,0
25-Nov-2025,15908,Put,14600,0,0,25.9849,0,0,0
25-Nov-2025,15908,Put,15400,0,0,25.9849,0,0,0
25-Nov-2025,15908,Put,17800,0,0,25.9849,0,0,0
25-Nov-2025,15908,Put,18000,0,0,25.9849,0,0,0
25-Nov-2025,15908,Call,17300,0,0,25.9849,0,0,0
25-Nov-2025,15908,Put,16300,0,0,25.9849,0,0,0
25-Nov-2025,15908,Put,18200,0,0,25.9849,0,0,0
25-Nov-2025,15908,Put,18400,0,0,25.9849,0,0,0
25-Nov-2025,15908,Call,13800,0,0,25.9849,0,0,0
25-Nov-2025,15908,Put,14000,0,0,25.9849,0,0,0
25-Nov-2025,15908,Put,14900,0,0,25.9849,0,0,0
25-Nov-2025,15908,Call,13600,0,0,25.9849,0,0,0
25-Nov-2025,15908,Put,15600,0,0,25.9849,0,0,0
30-Dec-2025,15908,Call,17600,0,0,25.9849,0,0,0
25-Nov-2025,15908,Call,14200,0,0,25.9849,0,0,0
25-Nov-2025,15908,Put,16400,0,0,25.9849,0,0,0
25-Nov-2025,15908,Call,18000,0,0,25.9849,0,4,0
30-Dec-2025,15908,Call,17000,0,0,25.9849,0,0,0
