28-Oct-2025,242.58,-,0,243.85,0,32.606,665,43791,3678
28-Oct-2025,242.58,Call,245,3.1,17.07,32.606,360,2782,3456
28-Oct-2025,242.58,Call,250,1.4,16.56,32.606,-132,8534,2958
28-Oct-2025,242.58,Put,245,4.2,16.08,32.606,210,1184,1843
28-Oct-2025,242.58,Put,240,2.15,17.04,32.606,18,1392,1473
28-Oct-2025,242.58,Call,240,5.95,17.5,32.606,-128,1153,1452
28-Oct-2025,242.58,Call,260,0.4,19.9,32.606,74,2094,1435
28-Oct-2025,242.58,Call,247.5,2.15,16.69,32.606,-102,3972,1409
28-Oct-2025,242.58,Call,255,0.7,17.97,32.606,-17,1205,1382
28-Oct-2025,242.58,Call,265,0.25,21.94,32.606,-110,656,1150
28-Oct-2025,242.58,Put,230,0.6,20.35,32.606,290,1165,919
28-Oct-2025,242.58,Call,242.5,4.5,17.87,32.606,-1,406,818
28-Oct-2025,242.58,Call,270,0.15,23.53,32.606,-161,684,798
28-Oct-2025,242.58,Put,242.5,3.05,16.35,32.606,41,368,792
28-Oct-2025,242.58,Put,247.5,5.75,14.95,32.606,54,250,403
28-Oct-2025,242.58,Put,237.5,1.5,17.35,32.606,90,307,388
28-Oct-2025,242.58,Put,235,1.05,18.03,32.606,55,607,320
28-Oct-2025,242.58,Put,225,0.25,21.59,32.606,31,381,290
28-Oct-2025,242.58,Call,252.5,0.95,17.33,32.606,-1,1092,263
25-Nov-2025,242.58,-,0,245,0,32.606,0,832,242
28-Oct-2025,242.58,Put,232.5,0.75,18.87,32.606,38,183,197
28-Oct-2025,242.58,Put,250,7.45,15.75,32.606,-4,510,141
28-Oct-2025,242.58,Call,235,10.15,20.77,32.606,0,337,95
28-Oct-2025,242.58,Call,257.5,0.5,19.18,32.606,9,219,87
28-Oct-2025,242.58,Call,262.5,0.35,21.44,32.606,-5,77,76
28-Oct-2025,242.58,Call,237.5,7.9,20.96,32.606,-1,55,71
28-Oct-2025,242.58,Call,280,0.1,28.48,32.606,-39,583,65
25-Nov-2025,242.58,Call,270,1.25,22.92,32.606,32,122,63
28-Oct-2025,242.58,Call,230,14.95,26.29,32.606,-7,148,59
28-Oct-2025,242.58,Put,220,0.2,25.29,32.606,-15,802,57
28-Oct-2025,242.58,Put,255,11.75,16.99,32.606,-6,95,51
28-Oct-2025,242.58,Put,252.5,9.05,12.52,32.606,-2,85,46
28-Oct-2025,242.58,Put,227.5,0.35,20.67,32.606,-6,25,39
28-Oct-2025,242.58,Put,260,16.05,0,32.606,-3,231,37
25-Nov-2025,242.58,Call,250,5.9,22.45,32.606,1,96,37
25-Nov-2025,242.58,Call,260,2.7,21.91,32.606,7,119,33
28-Oct-2025,242.58,Put,257.5,13.15,0,32.606,-4,56,25
28-Oct-2025,242.58,Call,232.5,12.15,22.93,32.606,3,31,22
30-Dec-2025,242.58,-,0,247,0,32.606,-7,79,17
28-Oct-2025,242.58,Call,227.5,18.35,36.07,32.606,2,37,16
25-Nov-2025,242.58,Put,240,5,21.75,32.606,10,47,15
25-Nov-2025,242.58,Put,245,6.9,20.82,32.606,7,13,10
25-Nov-2025,242.58,Put,220,0.85,23.39,32.606,-2,75,10
28-Oct-2025,242.58,Call,225,19.2,31.12,32.606,1,90,9
28-Oct-2025,242.58,Put,262.5,17.9,0,32.606,-2,41,5
25-Nov-2025,242.58,Put,250,9.9,21.59,32.606,2,70,5
25-Nov-2025,242.58,Call,245,7.5,20.69,32.606,1,28,4
28-Oct-2025,242.58,Call,275,0.1,25.32,32.606,-1,184,2
25-Nov-2025,242.58,Call,247.5,6.75,21.89,32.606,1,4,2
25-Nov-2025,242.58,Call,255,3.7,21.93,32.606,0,5,2
28-Oct-2025,242.58,Put,280,35.85,0,32.606,0,254,1
25-Nov-2025,242.58,Put,242.5,6,21.61,32.606,0,0,1
25-Nov-2025,242.58,Put,230,2.6,24.07,32.606,0,83,1
25-Nov-2025,242.58,Call,240,10,19.97,32.606,0,35,1
30-Dec-2025,242.58,Call,240,14,21.23,32.606,0,0,1
28-Oct-2025,242.58,Call,215,0,0,32.606,0,1,0
28-Oct-2025,242.58,Put,267.5,0,0,32.606,0,2,0
28-Oct-2025,242.58,Put,265,0,0,32.606,0,58,0
28-Oct-2025,242.58,Put,222.5,0,0,32.606,0,19,0
28-Oct-2025,242.58,Put,200,0,0,32.606,0,48,0
28-Oct-2025,242.58,Call,222.5,0,0,32.606,0,18,0
28-Oct-2025,242.58,Put,205,0,0,32.606,0,19,0
28-Oct-2025,242.58,Call,205,0,0,32.606,0,0,0
28-Oct-2025,242.58,Put,210,0,0,32.606,0,40,0
28-Oct-2025,242.58,Call,210,0,0,32.606,0,3,0
28-Oct-2025,242.58,Put,275,0,0,32.606,0,0,0
28-Oct-2025,242.58,Call,220,0,0,32.606,0,42,0
28-Oct-2025,242.58,Put,215,0,0,32.606,0,4,0
28-Oct-2025,242.58,Put,270,0,0,32.606,0,602,0
28-Oct-2025,242.58,Call,267.5,0,0,32.606,0,0,0
25-Nov-2025,242.58,Put,252.5,0,0,32.606,0,0,0
25-Nov-2025,242.58,Call,252.5,0,0,32.606,0,0,0
25-Nov-2025,242.58,Put,247.5,0,0,32.606,0,0,0
25-Nov-2025,242.58,Call,242.5,0,0,32.606,0,0,0
25-Nov-2025,242.58,Call,257.5,0,0,32.606,0,0,0
25-Nov-2025,242.58,Call,267.5,0,0,32.606,0,0,0
25-Nov-2025,242.58,Put,260,0,0,32.606,0,23,0
25-Nov-2025,242.58,Put,225,0,0,32.606,0,0,0
25-Nov-2025,242.58,Call,232.5,0,0,32.606,0,0,0
25-Nov-2025,242.58,Put,235,0,0,32.606,0,18,0
25-Nov-2025,242.58,Call,280,0,0,32.606,0,0,0
25-Nov-2025,242.58,Put,205,0,0,32.606,0,0,0
25-Nov-2025,242.58,Put,222.5,0,0,32.606,0,0,0
25-Nov-2025,242.58,Call,230,0,0,32.606,0,1,0
25-Nov-2025,242.58,Call,275,0,0,32.606,0,0,0
25-Nov-2025,242.58,Put,227.5,0,0,32.606,0,0,0
25-Nov-2025,242.58,Put,232.5,0,0,32.606,0,0,0
25-Nov-2025,242.58,Put,215,0,0,32.606,0,0,0
25-Nov-2025,242.58,Put,265,0,0,32.606,0,0,0
25-Nov-2025,242.58,Call,222.5,0,0,32.606,0,0,0
25-Nov-2025,242.58,Call,235,0,0,32.606,0,0,0
25-Nov-2025,242.58,Call,265,0,0,32.606,0,1,0
25-Nov-2025,242.58,Call,227.5,0,0,32.606,0,0,0
25-Nov-2025,242.58,Put,270,0,0,32.606,0,0,0
25-Nov-2025,242.58,Put,262.5,0,0,32.606,0,0,0
25-Nov-2025,242.58,Call,225,0,0,32.606,0,0,0
25-Nov-2025,242.58,Put,255,0,0,32.606,0,1,0
25-Nov-2025,242.58,Call,215,0,0,32.606,0,0,0
25-Nov-2025,242.58,Put,275,0,0,32.606,0,0,0
30-Dec-2025,242.58,Put,220,0,0,32.606,0,0,0
30-Dec-2025,242.58,Put,255,0,0,32.606,0,0,0
25-Nov-2025,242.58,Put,200,0,0,32.606,0,2,0
30-Dec-2025,242.58,Call,250,0,0,32.606,0,0,0
25-Nov-2025,242.58,Call,205,0,0,32.606,0,0,0
25-Nov-2025,242.58,Put,257.5,0,0,32.606,0,0,0
25-Nov-2025,242.58,Call,210,0,0,32.606,0,0,0
30-Dec-2025,242.58,Call,245,0,0,32.606,0,0,0
25-Nov-2025,242.58,Call,220,0,0,32.606,0,0,0
30-Dec-2025,242.58,Call,260,0,0,32.606,0,0,0
30-Dec-2025,242.58,Put,225,0,0,32.606,0,0,0
25-Nov-2025,242.58,Call,262.5,0,0,32.606,0,0,0
25-Nov-2025,242.58,Put,237.5,0,0,32.606,0,0,0
25-Nov-2025,242.58,Put,210,0,0,32.606,0,0,0
25-Nov-2025,242.58,Call,237.5,0,0,32.606,0,0,0
25-Nov-2025,242.58,Put,280,0,0,32.606,0,1,0
30-Dec-2025,242.58,Put,245,0,0,32.606,0,0,0
25-Nov-2025,242.58,Put,267.5,0,0,32.606,0,0,0
30-Dec-2025,242.58,Call,255,0,0,32.606,0,0,0
30-Dec-2025,242.58,Put,250,0,0,32.606,0,0,0
30-Dec-2025,242.58,Put,230,0,0,32.606,0,0,0
30-Dec-2025,242.58,Put,235,0,0,32.606,0,0,0
30-Dec-2025,242.58,Call,270,0,0,32.606,0,6,0
30-Dec-2025,242.58,Put,240,0,0,32.606,0,0,0
30-Dec-2025,242.58,Call,265,0,0,32.606,0,0,0
