28-Oct-2025,241.8,Call,245,3,17.32,32.606,241,2663,987
28-Oct-2025,241.8,Call,250,1.35,17.67,32.606,29,8695,891
28-Oct-2025,241.8,-,0,242.82,0,32.606,107,43233,691
28-Oct-2025,241.8,Call,260,0.4,21.28,32.606,22,2042,434
28-Oct-2025,241.8,Call,240,5.5,17.93,32.606,23,1304,421
28-Oct-2025,241.8,Call,247.5,1.95,16.99,32.606,-40,4034,418
28-Oct-2025,241.8,Call,265,0.2,22.2,32.606,-91,675,389
28-Oct-2025,241.8,Put,240,2.75,18.62,32.606,17,1391,375
28-Oct-2025,241.8,Call,255,0.7,18.68,32.606,-7,1215,255
28-Oct-2025,241.8,Call,270,0.15,24.65,32.606,0,845,213
28-Oct-2025,241.8,Put,245,4.95,18.6,32.606,-22,952,209
28-Oct-2025,241.8,Call,242.5,4.1,17.4,32.606,26,433,204
28-Oct-2025,241.8,Put,242.5,3.8,18.13,32.606,21,348,165
28-Oct-2025,241.8,Put,230,0.7,20.71,32.606,36,911,136
28-Oct-2025,241.8,Put,237.5,1.9,18.98,32.606,30,247,102
28-Oct-2025,241.8,Put,235,1.35,19.93,32.606,9,561,83
28-Oct-2025,241.8,Call,252.5,0.95,18.04,32.606,-9,1084,64
25-Nov-2025,241.8,-,0,244.02,0,32.606,19,851,56
28-Oct-2025,241.8,Put,247.5,6.6,18.21,32.606,4,200,54
28-Oct-2025,241.8,Put,225,0.4,23.24,32.606,-8,342,37
28-Oct-2025,241.8,Call,262.5,0.3,22.01,32.606,0,82,35
28-Oct-2025,241.8,Call,235,9.15,17.4,32.606,-3,334,33
28-Oct-2025,241.8,Call,257.5,0.5,19.04,32.606,-1,209,29
28-Oct-2025,241.8,Call,230,13.1,17.92,32.606,1,156,24
25-Nov-2025,241.8,Call,250,4.85,20.76,32.606,-3,92,22
28-Oct-2025,241.8,Put,250,8.35,19.42,32.606,0,514,21
28-Oct-2025,241.8,Put,260,18.2,25.02,32.606,2,236,14
25-Nov-2025,241.8,Call,270,1.2,23.08,32.606,0,90,13
28-Oct-2025,241.8,Put,255,13.65,22.48,32.606,3,104,12
28-Oct-2025,241.8,Call,237.5,6.95,17.78,32.606,6,62,10
28-Oct-2025,241.8,Put,252.5,11.1,21.18,32.606,-3,84,10
28-Oct-2025,241.8,Put,232.5,1,20.26,32.606,3,148,9
28-Oct-2025,241.8,Put,227.5,0.55,21.68,32.606,4,35,6
28-Oct-2025,241.8,Put,257.5,16.05,24.53,32.606,2,62,6
28-Oct-2025,241.8,Call,280,0.05,26.91,32.606,0,622,5
28-Oct-2025,241.8,Call,232.5,10.5,17.22,32.606,4,32,5
28-Oct-2025,241.8,Call,227.5,14.85,14.07,32.606,1,36,4
25-Nov-2025,241.8,Put,240,6,23.13,32.606,2,39,4
28-Oct-2025,241.8,Put,220,0.25,25.17,32.606,0,817,3
25-Nov-2025,241.8,Call,260,2.3,21.65,32.606,0,112,3
30-Dec-2025,241.8,-,0,244.93,0,32.606,0,86,2
28-Oct-2025,241.8,Call,225,17.55,0,32.606,0,89,1
28-Oct-2025,241.8,Call,275,0.1,26.37,32.606,0,185,1
25-Nov-2025,241.8,Call,247.5,5.55,20.29,32.606,0,3,1
25-Nov-2025,241.8,Put,230,2.6,22.87,32.606,0,83,1
28-Oct-2025,241.8,Call,210,0,0,32.606,0,3,0
28-Oct-2025,241.8,Call,220,0,0,32.606,0,42,0
28-Oct-2025,241.8,Put,210,0,0,32.606,0,40,0
28-Oct-2025,241.8,Put,222.5,0,0,32.606,0,19,0
28-Oct-2025,241.8,Put,262.5,0,0,32.606,0,43,0
28-Oct-2025,241.8,Put,200,0,0,32.606,0,48,0
28-Oct-2025,241.8,Put,205,0,0,32.606,0,19,0
28-Oct-2025,241.8,Call,222.5,0,0,32.606,0,18,0
28-Oct-2025,241.8,Put,267.5,0,0,32.606,0,2,0
28-Oct-2025,241.8,Call,205,0,0,32.606,0,0,0
25-Nov-2025,241.8,Call,242.5,0,0,32.606,0,0,0
25-Nov-2025,241.8,Put,235,0,0,32.606,0,18,0
25-Nov-2025,241.8,Put,247.5,0,0,32.606,0,0,0
25-Nov-2025,241.8,Call,245,0,0,32.606,0,27,0
25-Nov-2025,241.8,Call,237.5,0,0,32.606,0,0,0
25-Nov-2025,241.8,Call,255,0,0,32.606,0,5,0
28-Oct-2025,241.8,Put,275,0,0,32.606,0,0,0
25-Nov-2025,241.8,Call,232.5,0,0,32.606,0,0,0
25-Nov-2025,241.8,Put,225,0,0,32.606,0,0,0
28-Oct-2025,241.8,Put,270,0,0,32.606,0,602,0
28-Oct-2025,241.8,Put,215,0,0,32.606,0,4,0
25-Nov-2025,241.8,Put,275,0,0,32.606,0,0,0
25-Nov-2025,241.8,Put,242.5,0,0,32.606,0,0,0
28-Oct-2025,241.8,Call,215,0,0,32.606,0,1,0
25-Nov-2025,241.8,Put,205,0,0,32.606,0,0,0
25-Nov-2025,241.8,Call,225,0,0,32.606,0,0,0
28-Oct-2025,241.8,Put,265,0,0,32.606,0,58,0
25-Nov-2025,241.8,Put,237.5,0,0,32.606,0,0,0
25-Nov-2025,241.8,Put,252.5,0,0,32.606,0,0,0
28-Oct-2025,241.8,Call,267.5,0,0,32.606,0,0,0
25-Nov-2025,241.8,Call,235,0,0,32.606,0,0,0
25-Nov-2025,241.8,Put,227.5,0,0,32.606,0,0,0
25-Nov-2025,241.8,Put,222.5,0,0,32.606,0,0,0
25-Nov-2025,241.8,Put,232.5,0,0,32.606,0,0,0
25-Nov-2025,241.8,Put,262.5,0,0,32.606,0,0,0
25-Nov-2025,241.8,Call,240,0,0,32.606,0,35,0
25-Nov-2025,241.8,Call,257.5,0,0,32.606,0,0,0
25-Nov-2025,241.8,Call,267.5,0,0,32.606,0,0,0
25-Nov-2025,241.8,Put,215,0,0,32.606,0,0,0
30-Dec-2025,241.8,Put,240,0,0,32.606,0,0,0
25-Nov-2025,241.8,Call,265,0,0,32.606,0,1,0
25-Nov-2025,241.8,Put,267.5,0,0,32.606,0,0,0
25-Nov-2025,241.8,Call,230,0,0,32.606,0,1,0
25-Nov-2025,241.8,Call,280,0,0,32.606,0,0,0
30-Dec-2025,241.8,Put,250,0,0,32.606,0,0,0
25-Nov-2025,241.8,Put,250,0,0,32.606,0,68,0
25-Nov-2025,241.8,Put,270,0,0,32.606,0,0,0
28-Oct-2025,241.8,Put,280,0,0,32.606,0,254,0
25-Nov-2025,241.8,Call,262.5,0,0,32.606,0,0,0
25-Nov-2025,241.8,Call,205,0,0,32.606,0,0,0
25-Nov-2025,241.8,Put,280,0,0,32.606,0,1,0
25-Nov-2025,241.8,Call,215,0,0,32.606,0,0,0
25-Nov-2025,241.8,Put,245,0,0,32.606,0,6,0
30-Dec-2025,241.8,Put,230,0,0,32.606,0,0,0
30-Dec-2025,241.8,Call,240,0,0,32.606,0,0,0
30-Dec-2025,241.8,Call,255,0,0,32.606,0,0,0
30-Dec-2025,241.8,Call,250,0,0,32.606,0,0,0
25-Nov-2025,241.8,Call,275,0,0,32.606,0,0,0
25-Nov-2025,241.8,Call,227.5,0,0,32.606,0,0,0
25-Nov-2025,241.8,Put,265,0,0,32.606,0,0,0
25-Nov-2025,241.8,Call,252.5,0,0,32.606,0,0,0
30-Dec-2025,241.8,Call,245,0,0,32.606,0,0,0
30-Dec-2025,241.8,Put,245,0,0,32.606,0,0,0
30-Dec-2025,241.8,Put,225,0,0,32.606,0,0,0
25-Nov-2025,241.8,Put,257.5,0,0,32.606,0,0,0
30-Dec-2025,241.8,Put,255,0,0,32.606,0,0,0
30-Dec-2025,241.8,Call,270,0,0,32.606,0,6,0
25-Nov-2025,241.8,Put,210,0,0,32.606,0,0,0
25-Nov-2025,241.8,Call,220,0,0,32.606,0,0,0
30-Dec-2025,241.8,Put,235,0,0,32.606,0,0,0
25-Nov-2025,241.8,Put,220,0,0,32.606,0,77,0
30-Dec-2025,241.8,Put,220,0,0,32.606,0,0,0
25-Nov-2025,241.8,Call,222.5,0,0,32.606,0,0,0
30-Dec-2025,241.8,Call,265,0,0,32.606,0,0,0
25-Nov-2025,241.8,Call,210,0,0,32.606,0,0,0
30-Dec-2025,241.8,Call,260,0,0,32.606,0,0,0
25-Nov-2025,241.8,Put,255,0,0,32.606,0,1,0
25-Nov-2025,241.8,Put,200,0,0,32.606,0,2,0
25-Nov-2025,241.8,Put,260,0,0,32.606,0,23,0
