28-Oct-2025,1375.3,Call,1400,15.35,18,24.4907,-701,21232,3700
28-Oct-2025,1375.3,-,0,1379.1,0,24.4907,-81,258756,3631
28-Oct-2025,1375.3,Call,1380,23.85,17.71,24.4907,-267,8395,3343
28-Oct-2025,1375.3,Call,1370,29,17.6,24.4907,-312,4564,1864
28-Oct-2025,1375.3,Call,1360,35,17.3,24.4907,-145,4280,1732
28-Oct-2025,1375.3,Put,1380,24.15,20.69,24.4907,-6,6973,1359
28-Oct-2025,1375.3,Put,1360,15.6,20.46,24.4907,65,4565,1187
28-Oct-2025,1375.3,Call,1390,19.15,17.89,24.4907,-154,4590,1063
28-Oct-2025,1375.3,Put,1350,12.2,20.48,24.4907,27,3890,1049
28-Oct-2025,1375.3,Call,1420,9,17.84,24.4907,-102,7446,988
28-Oct-2025,1375.3,Put,1370,19.55,20.54,24.4907,47,4598,910
28-Oct-2025,1375.3,Call,1350,42,17.12,24.4907,61,1994,792
28-Oct-2025,1375.3,Put,1320,5.4,20.74,24.4907,-112,1863,770
28-Oct-2025,1375.3,Put,1330,7.15,20.52,24.4907,-79,1967,750
28-Oct-2025,1375.3,Put,1340,9.35,20.35,24.4907,-54,2581,705
28-Oct-2025,1375.3,Call,1410,11.9,17.89,24.4907,-95,2760,695
28-Oct-2025,1375.3,Call,1340,49.3,16.75,24.4907,-494,902,660
28-Oct-2025,1375.3,Call,1450,3.9,18.36,24.4907,-55,4330,642
28-Oct-2025,1375.3,Put,1300,3.05,21.15,24.4907,-65,4156,641
28-Oct-2025,1375.3,Put,1400,35.3,21.01,24.4907,-77,7774,528
28-Oct-2025,1375.3,Call,1430,6.8,17.94,24.4907,-49,2318,444
28-Oct-2025,1375.3,Put,1390,29.6,20.62,24.4907,-6,3393,434
25-Nov-2025,1375.3,-,0,1386,0,24.4907,-17,12066,400
28-Oct-2025,1375.3,Call,1440,5.15,18.22,24.4907,-52,5102,354
28-Oct-2025,1375.3,Put,1310,4.05,20.98,24.4907,15,845,245
28-Oct-2025,1375.3,Call,1460,2.9,18.56,24.4907,1,2443,200
28-Oct-2025,1375.3,Call,1500,1.2,20.62,24.4907,-10,10109,186
28-Oct-2025,1375.3,Put,1280,1.65,21.68,24.4907,-32,2204,180
28-Oct-2025,1375.3,Call,1300,82.5,11.52,24.4907,-112,1745,165
28-Oct-2025,1375.3,Put,1290,2.2,21.34,24.4907,-11,819,158
28-Oct-2025,1375.3,Call,1480,1.7,19.44,24.4907,2,1444,123
28-Oct-2025,1375.3,Call,1470,2.25,18.9,24.4907,-15,1233,121
25-Nov-2025,1375.3,Call,1400,30,16.6,24.4907,8,1576,109
28-Oct-2025,1375.3,Put,1410,42.15,20.76,24.4907,8,1306,103
28-Oct-2025,1375.3,Put,1420,49.35,19.61,24.4907,-41,1504,88
28-Oct-2025,1375.3,Put,1260,0.9,22.52,24.4907,-3,1387,75
28-Oct-2025,1375.3,Call,1490,1.35,20.13,24.4907,-24,1309,64
28-Oct-2025,1375.3,Put,1200,0.45,28.83,24.4907,15,2362,62
28-Oct-2025,1375.3,Call,1560,0.55,25.06,24.4907,44,1393,57
28-Oct-2025,1375.3,Put,1270,1.2,21.91,24.4907,-6,875,56
30-Dec-2025,1375.3,-,0,1395.4,0,24.4907,-3,2960,54
25-Nov-2025,1375.3,Call,1380,40.75,16.84,24.4907,-2,156,52
28-Oct-2025,1375.3,Put,1440,64.7,21.8,24.4907,3,1629,51
28-Oct-2025,1375.3,Put,1250,0.8,23.62,24.4907,3,867,47
28-Oct-2025,1375.3,Call,1540,0.55,22.77,24.4907,-4,1151,45
25-Nov-2025,1375.3,Put,1240,2.5,21,24.4907,1,192,44
25-Nov-2025,1375.3,Put,1300,7.85,19.64,24.4907,22,496,38
25-Nov-2025,1375.3,Call,1500,6.5,18.51,24.4907,10,1107,35
28-Oct-2025,1375.3,Put,1240,0.55,23.36,24.4907,0,1679,26
25-Nov-2025,1375.3,Call,1480,8.6,17.8,24.4907,0,100,23
28-Oct-2025,1375.3,Call,1600,0.45,28.22,24.4907,8,2561,20
25-Nov-2025,1375.3,Call,1450,14.55,17.6,24.4907,10,131,20
25-Nov-2025,1375.3,Put,1360,23.15,19.18,24.4907,3,367,19
25-Nov-2025,1375.3,Call,1360,51.05,16.57,24.4907,-7,78,18
28-Oct-2025,1375.3,Call,1330,56.75,17.4,24.4907,-2,335,16
30-Dec-2025,1375.3,Call,1400,43,15,24.4907,8,226,16
25-Nov-2025,1375.3,Put,1310,9.65,19.65,24.4907,10,39,15
25-Nov-2025,1375.3,Call,1420,23,17.13,24.4907,-8,196,15
28-Oct-2025,1375.3,Call,1320,67,17.9,24.4907,2,437,14
28-Oct-2025,1375.3,Call,1510,0.95,21.05,24.4907,9,869,14
28-Oct-2025,1375.3,Put,1600,219,42.19,24.4907,0,1789,11
25-Nov-2025,1375.3,Put,1350,19.35,19.25,24.4907,-2,75,10
25-Nov-2025,1375.3,Put,1380,31.2,19.38,24.4907,-2,183,9
28-Oct-2025,1375.3,Put,1430,54.65,20.01,24.4907,-3,486,8
28-Oct-2025,1375.3,Put,1500,118,24.28,24.4907,-5,4092,8
25-Nov-2025,1375.3,Call,1300,97,15.42,24.4907,1,32,8
30-Dec-2025,1375.3,Put,1300,13.45,19.7,24.4907,1,85,8
25-Nov-2025,1375.3,Put,1330,13.65,19.31,24.4907,1,33,7
25-Nov-2025,1375.3,Call,1350,59.5,16.95,24.4907,-3,42,7
25-Nov-2025,1375.3,Put,1400,40.7,19.25,24.4907,-1,1031,7
28-Oct-2025,1375.3,Put,1230,0.55,25.19,24.4907,1,416,6
25-Nov-2025,1375.3,Put,1340,16.3,19.27,24.4907,-3,342,5
25-Nov-2025,1375.3,Call,1370,44.9,15.99,24.4907,0,123,5
28-Oct-2025,1375.3,Put,1460,82.35,23.86,24.4907,0,648,4
25-Nov-2025,1375.3,Call,1390,35.35,16.78,24.4907,0,94,4
28-Oct-2025,1375.3,Call,1160,218,0,24.4907,0,9,3
28-Oct-2025,1375.3,Call,1200,181.05,0,24.4907,0,144,3
28-Oct-2025,1375.3,Call,1180,200.3,0,24.4907,0,1163,3
25-Nov-2025,1375.3,Put,1260,4.1,20.73,24.4907,0,85,3
28-Oct-2025,1375.3,Put,1450,72,21.5,24.4907,-1,953,2
28-Oct-2025,1375.3,Put,1140,0.35,36.5,24.4907,0,164,2
28-Oct-2025,1375.3,Call,1530,0.7,22.43,24.4907,0,185,2
28-Oct-2025,1375.3,Call,1290,91.9,0,24.4907,0,108,2
28-Oct-2025,1375.3,Call,1310,75.05,16.08,24.4907,0,188,2
25-Nov-2025,1375.3,Call,1470,10.15,17.63,24.4907,-1,65,2
25-Nov-2025,1375.3,Call,1520,5,19.18,24.4907,-1,93,2
25-Nov-2025,1375.3,Call,1440,16.5,17.15,24.4907,0,131,2
28-Oct-2025,1375.3,Put,1180,0.5,0,24.4907,0,99,1
28-Oct-2025,1375.3,Call,1520,0.75,0,24.4907,0,933,1
28-Oct-2025,1375.3,Call,1250,131,0,24.4907,0,138,1
28-Oct-2025,1375.3,Put,1490,110.65,0,24.4907,0,65,1
28-Oct-2025,1375.3,Put,1160,0.4,34.18,24.4907,0,116,1
25-Nov-2025,1375.3,Put,1200,1.45,23.07,24.4907,0,26,1
25-Nov-2025,1375.3,Call,1600,1.95,22.05,24.4907,0,403,1
25-Nov-2025,1375.3,Call,1460,12.7,17.94,24.4907,0,129,1
25-Nov-2025,1375.3,Put,1280,6.2,20.88,24.4907,0,143,1
28-Oct-2025,1375.3,Put,1510,0,0,24.4907,0,61,0
28-Oct-2025,1375.3,Call,1620,0,0,24.4907,0,133,0
28-Oct-2025,1375.3,Put,1620,0,0,24.4907,0,68,0
28-Oct-2025,1375.3,Put,1560,0,0,24.4907,0,371,0
28-Oct-2025,1375.3,Put,1640,0,0,24.4907,0,1809,0
28-Oct-2025,1375.3,Call,1580,0,0,24.4907,0,318,0
28-Oct-2025,1375.3,Put,1220,0,0,24.4907,0,245,0
28-Oct-2025,1375.3,Call,1140,0,0,24.4907,0,14,0
28-Oct-2025,1375.3,Call,1640,0,0,24.4907,0,191,0
28-Oct-2025,1375.3,Put,1480,0,0,24.4907,0,375,0
28-Oct-2025,1375.3,Put,1530,0,0,24.4907,0,28,0
28-Oct-2025,1375.3,Put,1540,0,0,24.4907,0,317,0
28-Oct-2025,1375.3,Call,1260,0,0,24.4907,0,85,0
28-Oct-2025,1375.3,Call,1270,0,0,24.4907,0,145,0
28-Oct-2025,1375.3,Call,1280,0,0,24.4907,0,108,0
28-Oct-2025,1375.3,Put,1520,0,0,24.4907,0,224,0
28-Oct-2025,1375.3,Put,1470,0,0,24.4907,0,148,0
28-Oct-2025,1375.3,Call,1240,0,0,24.4907,0,75,0
28-Oct-2025,1375.3,Put,1580,0,0,24.4907,0,71,0
25-Nov-2025,1375.3,Call,1490,0,0,24.4907,0,0,0
25-Nov-2025,1375.3,Put,1420,0,0,24.4907,0,0,0
25-Nov-2025,1375.3,Call,1540,0,0,24.4907,0,1,0
28-Oct-2025,1375.3,Call,1220,0,0,24.4907,0,42,0
25-Nov-2025,1375.3,Put,1460,0,0,24.4907,0,3,0
25-Nov-2025,1375.3,Put,1540,0,0,24.4907,0,0,0
25-Nov-2025,1375.3,Call,1580,0,0,24.4907,0,0,0
25-Nov-2025,1375.3,Call,1560,0,0,24.4907,0,29,0
25-Nov-2025,1375.3,Put,1560,0,0,24.4907,0,0,0
25-Nov-2025,1375.3,Call,1160,0,0,24.4907,0,0,0
25-Nov-2025,1375.3,Call,1180,0,0,24.4907,0,0,0
25-Nov-2025,1375.3,Call,1200,0,0,24.4907,0,0,0
25-Nov-2025,1375.3,Call,1220,0,0,24.4907,0,0,0
25-Nov-2025,1375.3,Call,1320,0,0,24.4907,0,0,0
25-Nov-2025,1375.3,Put,1490,0,0,24.4907,0,0,0
25-Nov-2025,1375.3,Put,1160,0,0,24.4907,0,0,0
25-Nov-2025,1375.3,Put,1500,0,0,24.4907,0,19,0
25-Nov-2025,1375.3,Call,1250,0,0,24.4907,0,0,0
25-Nov-2025,1375.3,Call,1270,0,0,24.4907,0,0,0
25-Nov-2025,1375.3,Call,1290,0,0,24.4907,0,0,0
25-Nov-2025,1375.3,Call,1310,0,0,24.4907,0,0,0
25-Nov-2025,1375.3,Call,1330,0,0,24.4907,0,0,0
25-Nov-2025,1375.3,Put,1390,0,0,24.4907,0,1,0
25-Nov-2025,1375.3,Call,1410,0,0,24.4907,0,1,0
25-Nov-2025,1375.3,Put,1410,0,0,24.4907,0,0,0
25-Nov-2025,1375.3,Call,1430,0,0,24.4907,0,35,0
25-Nov-2025,1375.3,Put,1430,0,0,24.4907,0,39,0
25-Nov-2025,1375.3,Put,1320,0,0,24.4907,0,89,0
25-Nov-2025,1375.3,Put,1370,0,0,24.4907,0,2,0
25-Nov-2025,1375.3,Put,1480,0,0,24.4907,0,0,0
25-Nov-2025,1375.3,Put,1470,0,0,24.4907,0,0,0
25-Nov-2025,1375.3,Call,1260,0,0,24.4907,0,0,0
25-Nov-2025,1375.3,Call,1280,0,0,24.4907,0,0,0
25-Nov-2025,1375.3,Put,1450,0,0,24.4907,0,23,0
30-Dec-2025,1375.3,Call,1520,0,0,24.4907,0,0,0
25-Nov-2025,1375.3,Put,1290,0,0,24.4907,0,0,0
25-Nov-2025,1375.3,Put,1440,0,0,24.4907,0,21,0
30-Dec-2025,1375.3,Call,1480,0,0,24.4907,0,48,0
25-Nov-2025,1375.3,Put,1600,0,0,24.4907,0,28,0
25-Nov-2025,1375.3,Put,1270,0,0,24.4907,0,0,0
25-Nov-2025,1375.3,Put,1520,0,0,24.4907,0,0,0
30-Dec-2025,1375.3,Put,1380,0,0,24.4907,0,1,0
25-Nov-2025,1375.3,Put,1250,0,0,24.4907,0,0,0
30-Dec-2025,1375.3,Call,1360,0,0,24.4907,0,0,0
30-Dec-2025,1375.3,Call,1600,0,0,24.4907,0,0,0
25-Nov-2025,1375.3,Call,1340,0,0,24.4907,0,0,0
30-Dec-2025,1375.3,Call,1440,0,0,24.4907,0,2,0
25-Nov-2025,1375.3,Call,1240,0,0,24.4907,0,0,0
30-Dec-2025,1375.3,Put,1360,0,0,24.4907,0,0,0
30-Dec-2025,1375.3,Put,1400,0,0,24.4907,0,5,0
30-Dec-2025,1375.3,Call,1380,0,0,24.4907,0,0,0
30-Dec-2025,1375.3,Call,1560,0,0,24.4907,0,15,0
30-Dec-2025,1375.3,Call,1420,0,0,24.4907,0,0,0
30-Dec-2025,1375.3,Put,1440,0,0,24.4907,0,0,0
30-Dec-2025,1375.3,Call,1500,0,0,24.4907,0,37,0
30-Dec-2025,1375.3,Put,1420,0,0,24.4907,0,0,0
30-Dec-2025,1375.3,Put,1340,0,0,24.4907,0,0,0
30-Dec-2025,1375.3,Put,1160,0,0,24.4907,0,0,0
30-Dec-2025,1375.3,Put,1260,0,0,24.4907,0,0,0
25-Nov-2025,1375.3,Put,1220,0,0,24.4907,0,0,0
25-Nov-2025,1375.3,Put,1580,0,0,24.4907,0,0,0
25-Nov-2025,1375.3,Put,1180,0,0,24.4907,0,0,0
30-Dec-2025,1375.3,Call,1460,0,0,24.4907,0,0,0
30-Dec-2025,1375.3,Put,1200,0,0,24.4907,0,27,0
30-Dec-2025,1375.3,Put,1280,0,0,24.4907,0,1,0
30-Dec-2025,1375.3,Put,1240,0,0,24.4907,0,0,0
30-Dec-2025,1375.3,Put,1320,0,0,24.4907,0,7,0
