28-Oct-2025,672.4,Call,700,2.8,40.66,35.9565,3524,18495,34912
28-Oct-2025,672.4,Call,680,6.6,33.94,35.9565,5978,8174,32372
28-Oct-2025,672.4,Put,670,7.45,31.81,35.9565,-514,4458,26619
28-Oct-2025,672.4,Call,720,1.3,46.53,35.9565,362,19157,25002
28-Oct-2025,672.4,Call,690,4.4,37.63,35.9565,451,7468,23664
28-Oct-2025,672.4,Call,710,1.85,42.79,35.9565,2751,12745,22382
28-Oct-2025,672.4,Put,660,4,32.61,35.9565,-341,3201,21412
28-Oct-2025,672.4,Call,750,0.45,54.03,35.9565,257,14391,21345
28-Oct-2025,672.4,Call,730,0.85,48.85,35.9565,423,10386,16977
28-Oct-2025,672.4,-,0,672.75,0,35.9565,-2176,62492,16914
28-Oct-2025,672.4,Call,740,0.6,50.99,35.9565,318,13050,16509
28-Oct-2025,672.4,Put,650,2.1,34.46,35.9565,-210,4471,15758
28-Oct-2025,672.4,Call,670,10.2,30.6,35.9565,2158,3196,12328
28-Oct-2025,672.4,Put,680,13.85,34.47,35.9565,-869,4387,11562
28-Oct-2025,672.4,Call,760,0.35,55.79,35.9565,-18,6456,11382
28-Oct-2025,672.4,Put,640,1.1,37.1,35.9565,603,4025,8893
28-Oct-2025,672.4,Call,770,0.3,59.26,35.9565,-671,4321,8761
28-Oct-2025,672.4,Put,690,21.8,37.87,35.9565,-2275,1791,8101
28-Oct-2025,672.4,Put,630,0.7,40.31,35.9565,-548,2529,5959
28-Oct-2025,672.4,Call,800,0.2,68.76,35.9565,-866,15743,5915
25-Nov-2025,672.4,Call,800,0.2,71.29,35.9565,-1936,9218,4664
28-Oct-2025,672.4,Put,620,0.45,44.6,35.9565,-113,1874,3927
28-Oct-2025,672.4,Put,600,0.2,51.8,35.9565,1129,3770,3647
28-Oct-2025,672.4,Put,700,30.15,40.75,35.9565,-775,3414,3228
28-Oct-2025,672.4,Call,780,0.2,64.09,35.9565,-502,3659,2999
25-Nov-2025,672.4,Call,700,2.95,40.4,35.9565,821,3202,2752
28-Oct-2025,672.4,Call,660,16.7,30.98,35.9565,101,529,2346
25-Nov-2025,672.4,Call,680,6.65,33.21,35.9565,1064,1432,2162
28-Oct-2025,672.4,Call,790,0.15,64.37,35.9565,-151,1855,2157
25-Nov-2025,672.4,-,0,672.85,0,35.9565,303,6833,1888
28-Oct-2025,672.4,Call,820,0.1,73.74,35.9565,630,3637,1697
25-Nov-2025,672.4,Call,720,1.3,46.09,35.9565,574,2048,1436
25-Nov-2025,672.4,Call,750,0.45,54.03,35.9565,373,2250,1334
28-Oct-2025,672.4,Call,650,24.7,32.55,35.9565,21,421,1193
25-Nov-2025,672.4,Call,730,0.85,48.26,35.9565,-77,753,998
28-Oct-2025,672.4,Put,610,0.3,48.3,35.9565,103,544,958
25-Nov-2025,672.4,Call,710,1.9,43.13,35.9565,99,811,811
25-Nov-2025,672.4,Call,690,4.45,37.85,35.9565,228,724,806
28-Oct-2025,672.4,Put,710,39,46.23,35.9565,-277,1830,791
25-Nov-2025,672.4,Call,670,10.6,30.6,35.9565,269,321,737
28-Oct-2025,672.4,Put,750,77,54.46,35.9565,-661,531,725
25-Nov-2025,672.4,Put,640,1.05,36.65,35.9565,66,572,673
30-Dec-2025,672.4,Call,700,3,40.92,35.9565,-26,567,627
25-Nov-2025,672.4,Put,650,2.1,35.63,35.9565,57,280,619
25-Nov-2025,672.4,Put,670,7.4,32.89,35.9565,242,466,600
25-Nov-2025,672.4,Put,680,13,36.85,35.9565,-24,185,468
25-Nov-2025,672.4,Call,740,0.6,50.99,35.9565,116,1296,463
30-Dec-2025,672.4,-,0,673.1,0,35.9565,172,1003,452
25-Nov-2025,672.4,Call,780,0.25,64.09,35.9565,-51,679,435
25-Nov-2025,672.4,Call,760,0.4,58.34,35.9565,175,1009,401
30-Dec-2025,672.4,Call,800,0.2,71.29,35.9565,72,1579,341
28-Oct-2025,672.4,Put,580,0.1,59.24,35.9565,-85,221,326
25-Nov-2025,672.4,Put,660,3.85,32.82,35.9565,60,342,320
28-Oct-2025,672.4,Put,720,48.75,51.96,35.9565,-138,2364,313
25-Nov-2025,672.4,Put,700,29.5,44.52,35.9565,-35,678,292
25-Nov-2025,672.4,Put,610,0.4,50.66,35.9565,172,197,232
28-Oct-2025,672.4,Call,640,33.8,33.74,35.9565,30,237,202
28-Oct-2025,672.4,Put,730,58.2,53.56,35.9565,-124,980,185
25-Nov-2025,672.4,Put,690,21.8,40.57,35.9565,-53,80,173
28-Oct-2025,672.4,Call,810,0.15,73.05,35.9565,-19,623,171
28-Oct-2025,672.4,Put,800,127,89.91,35.9565,-85,1580,162
30-Dec-2025,672.4,Call,740,0.65,51.77,35.9565,59,414,148
28-Oct-2025,672.4,Put,840,164.85,0,35.9565,-73,853,143
28-Oct-2025,672.4,Put,590,0.15,56.02,35.9565,20,159,130
30-Dec-2025,672.4,Put,600,0.3,55.04,35.9565,119,219,130
25-Nov-2025,672.4,Call,790,0.25,68.81,35.9565,31,249,126
25-Nov-2025,672.4,Put,600,0.25,53.53,35.9565,-34,432,124
25-Nov-2025,672.4,Call,650,25,35.85,35.9565,23,25,122
30-Dec-2025,672.4,Call,760,0.4,58.34,35.9565,48,320,107
28-Oct-2025,672.4,Put,560,0.1,71.46,35.9565,-4,489,102
28-Oct-2025,672.4,Put,760,86.3,51.95,35.9565,-71,305,101
30-Dec-2025,672.4,Call,720,1.35,46.53,35.9565,50,186,85
25-Nov-2025,672.4,Put,630,0.75,41.57,35.9565,57,57,82
28-Oct-2025,672.4,Call,600,75,72.12,35.9565,8,250,76
25-Nov-2025,672.4,Call,770,0.25,59.26,35.9565,-19,158,73
25-Nov-2025,672.4,Put,620,0.5,45.48,35.9565,32,85,72
30-Dec-2025,672.4,Call,680,6.8,34.13,35.9565,41,52,47
25-Nov-2025,672.4,Call,660,17.5,32.29,35.9565,9,43,33
28-Oct-2025,672.4,Put,740,65.7,0,35.9565,-7,749,31
28-Oct-2025,672.4,Call,630,43.4,33.91,35.9565,16,145,30
28-Oct-2025,672.4,Put,820,147,100.65,35.9565,-3,68,28
25-Nov-2025,672.4,Put,710,38.1,43.31,35.9565,-10,87,28
25-Nov-2025,672.4,Put,720,47.5,46.43,35.9565,-5,98,26
28-Oct-2025,672.4,Put,780,106.7,73.35,35.9565,-23,286,25
25-Nov-2025,672.4,Put,800,126,0,35.9565,-18,283,22
28-Oct-2025,672.4,Call,620,53.5,0,35.9565,-2,171,17
25-Nov-2025,672.4,Call,820,0.1,73.74,35.9565,-10,103,15
25-Nov-2025,672.4,Call,840,0.1,81.63,35.9565,-11,253,14
30-Dec-2025,672.4,Put,660,3.75,32.39,35.9565,4,15,13
25-Nov-2025,672.4,Call,640,35.85,44.64,35.9565,5,174,12
25-Nov-2025,672.4,Put,740,65.55,0,35.9565,-5,74,9
25-Nov-2025,672.4,Put,560,0.15,75.04,35.9565,4,6,8
25-Nov-2025,672.4,Put,730,58,57.95,35.9565,-2,40,6
25-Nov-2025,672.4,Put,840,166.5,99.11,35.9565,-3,161,6
25-Nov-2025,672.4,Call,600,72.75,0,35.9565,1,3,5
30-Dec-2025,672.4,Put,640,1,36.2,35.9565,2,2,4
30-Dec-2025,672.4,Put,680,14.95,41.03,35.9565,2,3,3
28-Oct-2025,672.4,Call,580,101.75,144.95,35.9565,-1,35,2
28-Oct-2025,672.4,Call,610,0,0,35.9565,0,7,0
28-Oct-2025,672.4,Put,770,0,0,35.9565,0,157,0
28-Oct-2025,672.4,Put,790,0,0,35.9565,0,120,0
28-Oct-2025,672.4,Call,560,0,0,35.9565,0,15,0
25-Nov-2025,672.4,Put,790,0,0,35.9565,0,0,0
25-Nov-2025,672.4,Call,610,0,0,35.9565,0,0,0
25-Nov-2025,672.4,Call,630,0,0,35.9565,0,0,0
25-Nov-2025,672.4,Put,750,0,0,35.9565,0,40,0
25-Nov-2025,672.4,Put,780,0,0,35.9565,0,2,0
25-Nov-2025,672.4,Call,620,0,0,35.9565,0,0,0
25-Nov-2025,672.4,Put,760,0,0,35.9565,0,0,0
25-Nov-2025,672.4,Put,820,0,0,35.9565,0,0,0
25-Nov-2025,672.4,Call,580,0,0,35.9565,0,0,0
25-Nov-2025,672.4,Put,580,0,0,35.9565,0,5,0
25-Nov-2025,672.4,Put,770,0,0,35.9565,0,0,0
30-Dec-2025,672.4,Put,700,0,0,35.9565,0,2,0
30-Dec-2025,672.4,Put,740,0,0,35.9565,0,1,0
30-Dec-2025,672.4,Call,640,0,0,35.9565,0,0,0
30-Dec-2025,672.4,Call,780,0,0,35.9565,0,0,0
30-Dec-2025,672.4,Call,660,0,0,35.9565,0,0,0
30-Dec-2025,672.4,Put,780,0,0,35.9565,0,0,0
30-Dec-2025,672.4,Put,620,0,0,35.9565,0,0,0
30-Dec-2025,672.4,Put,720,0,0,35.9565,0,0,0
30-Dec-2025,672.4,Put,800,0,0,35.9565,0,0,0
30-Dec-2025,672.4,Call,600,0,0,35.9565,0,0,0
30-Dec-2025,672.4,Put,760,0,0,35.9565,0,3,0
