28-Oct-2025,176.17,Call,175,4.85,0,34.481,-253,3145,3238
28-Oct-2025,176.17,Call,180,2.55,0,34.481,-297,3204,2399
28-Oct-2025,176.17,-,0,176.91,0,34.481,441,33574,2233
28-Oct-2025,176.17,Put,170,1.4,0,34.481,203,2007,1304
28-Oct-2025,176.17,Call,190,0.65,0,34.481,6,1636,1260
28-Oct-2025,176.17,Put,175,3.05,0,34.481,162,1315,1127
28-Oct-2025,176.17,Call,177.5,3.6,0,34.481,84,1027,1028
28-Oct-2025,176.17,Call,185,1.25,0,34.481,41,1424,927
28-Oct-2025,176.17,Call,172.5,6.5,0,34.481,-77,1194,900
28-Oct-2025,176.17,Put,172.5,2.05,0,34.481,136,1024,855
28-Oct-2025,176.17,Call,195,0.35,0,34.481,1,995,633
28-Oct-2025,176.17,Call,170,8.25,0,34.481,-42,1828,612
28-Oct-2025,176.17,Put,165,0.6,0,34.481,-12,1733,575
28-Oct-2025,176.17,Put,160,0.3,0,34.481,37,1396,427
28-Oct-2025,176.17,Call,182.5,1.85,24.24,34.481,-63,569,346
28-Oct-2025,176.17,Put,167.5,0.9,26.07,34.481,62,839,260
28-Oct-2025,176.17,Put,162.5,0.4,0,34.481,-16,557,219
25-Nov-2025,176.17,-,0,177.53,0,34.481,27,887,204
28-Oct-2025,176.17,Put,177.5,4.15,0,34.481,29,186,179
28-Oct-2025,176.17,Call,200,0.2,0,34.481,37,805,134
28-Oct-2025,176.17,Put,157.5,0.25,0,34.481,6,224,109
28-Oct-2025,176.17,Put,155,0.15,31.32,34.481,48,1004,108
28-Oct-2025,176.17,Call,187.5,0.9,0,34.481,22,298,86
28-Oct-2025,176.17,Put,180,5.7,0,34.481,5,566,78
28-Oct-2025,176.17,Call,167.5,10.2,0,34.481,7,293,61
28-Oct-2025,176.17,Put,150,0.1,35.39,34.481,3,1404,40
28-Oct-2025,176.17,Call,160,17,0,34.481,-3,433,35
28-Oct-2025,176.17,Call,165,12.45,0,34.481,1,337,33
28-Oct-2025,176.17,Put,140,0.1,43.67,34.481,0,76,30
25-Nov-2025,176.17,Put,165,1.7,0,34.481,-3,70,30
30-Dec-2025,176.17,-,0,178.4,0,34.481,4,97,28
25-Nov-2025,176.17,Call,180,5,0,34.481,2,144,25
28-Oct-2025,176.17,Put,182.5,7.55,0,34.481,3,44,24
25-Nov-2025,176.17,Put,170,2.95,0,34.481,5,54,24
25-Nov-2025,176.17,Put,160,1,0,34.481,-8,97,23
25-Nov-2025,176.17,Call,190,2,0,34.481,0,162,20
25-Nov-2025,176.17,Call,200,0.75,24.72,34.481,11,57,19
28-Oct-2025,176.17,Put,152.5,0.1,0,34.481,-1,149,14
25-Nov-2025,176.17,Put,180,7.2,0,34.481,7,31,11
28-Oct-2025,176.17,Put,185,9.35,0,34.481,-1,85,7
25-Nov-2025,176.17,Put,150,0.4,0,34.481,0,50,7
28-Oct-2025,176.17,Call,162.5,14.45,0,34.481,1,70,6
25-Nov-2025,176.17,Put,175,4.85,0,34.481,0,34,6
25-Nov-2025,176.17,Call,175,7.1,0,34.481,2,64,6
28-Oct-2025,176.17,Put,190,14.2,0,34.481,0,114,5
28-Oct-2025,176.17,Call,157.5,19,0,34.481,-2,55,4
30-Dec-2025,176.17,Call,190,3.5,0,34.481,-1,14,3
28-Oct-2025,176.17,Put,187.5,11.6,0,34.481,0,37,2
28-Oct-2025,176.17,Put,200,23.85,0,34.481,-1,22,2
25-Nov-2025,176.17,Call,185,3.25,0,34.481,1,104,2
28-Oct-2025,176.17,Call,150,27,0,34.481,0,128,1
28-Oct-2025,176.17,Call,145,30,0,34.481,0,26,1
28-Oct-2025,176.17,Put,147.5,0.05,0,34.481,0,340,1
25-Nov-2025,176.17,Call,170,10.1,0,34.481,0,33,1
25-Nov-2025,176.17,Call,195,1.05,0,34.481,0,16,1
30-Dec-2025,176.17,Call,180,6.55,0,34.481,0,4,1
28-Oct-2025,176.17,Put,130,0,0,34.481,0,136,0
28-Oct-2025,176.17,Put,145,0,0,34.481,0,400,0
28-Oct-2025,176.17,Call,155,0,0,34.481,0,159,0
28-Oct-2025,176.17,Call,130,0,0,34.481,0,118,0
28-Oct-2025,176.17,Call,147.5,0,0,34.481,0,3,0
28-Oct-2025,176.17,Call,152.5,0,0,34.481,0,20,0
28-Oct-2025,176.17,Put,142.5,0,0,34.481,0,15,0
28-Oct-2025,176.17,Put,195,0,0,34.481,0,70,0
28-Oct-2025,176.17,Call,135,0,0,34.481,0,7,0
28-Oct-2025,176.17,Call,140,0,0,34.481,0,51,0
25-Nov-2025,176.17,Call,130,0,0,34.481,0,1,0
25-Nov-2025,176.17,Call,145,0,0,34.481,0,0,0
25-Nov-2025,176.17,Call,150,0,0,34.481,0,1,0
25-Nov-2025,176.17,Put,195,0,0,34.481,0,0,0
25-Nov-2025,176.17,Call,152.5,0,0,34.481,0,0,0
25-Nov-2025,176.17,Put,152.5,0,0,34.481,0,0,0
25-Nov-2025,176.17,Call,157.5,0,0,34.481,0,0,0
25-Nov-2025,176.17,Put,157.5,0,0,34.481,0,0,0
25-Nov-2025,176.17,Call,162.5,0,0,34.481,0,0,0
25-Nov-2025,176.17,Call,167.5,0,0,34.481,0,3,0
25-Nov-2025,176.17,Put,167.5,0,0,34.481,0,0,0
25-Nov-2025,176.17,Call,177.5,0,0,34.481,0,0,0
25-Nov-2025,176.17,Put,182.5,0,0,34.481,0,0,0
25-Nov-2025,176.17,Call,187.5,0,0,34.481,0,0,0
25-Nov-2025,176.17,Call,165,0,0,34.481,0,10,0
25-Nov-2025,176.17,Put,187.5,0,0,34.481,0,0,0
25-Nov-2025,176.17,Put,172.5,0,0,34.481,0,0,0
25-Nov-2025,176.17,Put,145,0,0,34.481,0,0,0
25-Nov-2025,176.17,Put,162.5,0,0,34.481,0,0,0
25-Nov-2025,176.17,Call,172.5,0,0,34.481,0,0,0
25-Nov-2025,176.17,Call,160,0,0,34.481,0,6,0
25-Nov-2025,176.17,Put,185,0,0,34.481,0,0,0
25-Nov-2025,176.17,Call,182.5,0,0,34.481,0,0,0
25-Nov-2025,176.17,Put,155,0,0,34.481,0,0,0
30-Dec-2025,176.17,Call,160,0,0,34.481,0,0,0
25-Nov-2025,176.17,Call,155,0,0,34.481,0,0,0
25-Nov-2025,176.17,Put,190,0,0,34.481,0,0,0
25-Nov-2025,176.17,Put,130,0,0,34.481,0,14,0
25-Nov-2025,176.17,Put,200,0,0,34.481,0,0,0
30-Dec-2025,176.17,Call,170,0,0,34.481,0,2,0
30-Dec-2025,176.17,Call,140,0,0,34.481,0,0,0
30-Dec-2025,176.17,Call,150,0,0,34.481,0,0,0
30-Dec-2025,176.17,Put,155,0,0,34.481,0,0,0
25-Nov-2025,176.17,Put,177.5,0,0,34.481,0,0,0
30-Dec-2025,176.17,Put,185,0,0,34.481,0,0,0
30-Dec-2025,176.17,Put,170,0,0,34.481,0,0,0
30-Dec-2025,176.17,Call,165,0,0,34.481,0,0,0
30-Dec-2025,176.17,Call,185,0,0,34.481,0,0,0
30-Dec-2025,176.17,Put,175,0,0,34.481,0,0,0
30-Dec-2025,176.17,Put,180,0,0,34.481,0,0,0
30-Dec-2025,176.17,Call,155,0,0,34.481,0,0,0
30-Dec-2025,176.17,Put,200,0,0,34.481,0,0,0
30-Dec-2025,176.17,Put,150,0,0,34.481,0,0,0
30-Dec-2025,176.17,Put,165,0,0,34.481,0,4,0
30-Dec-2025,176.17,Call,175,0,0,34.481,0,0,0
30-Dec-2025,176.17,Call,200,0,0,34.481,0,0,0
30-Dec-2025,176.17,Put,160,0,0,34.481,0,3,0
