28-Oct-2025,3039,Call,3100,40.6,21.88,24.6801,3861,13193,28334
28-Oct-2025,3039,-,0,3038.9,0,24.6801,3559,177423,22351
28-Oct-2025,3039,Call,3040,65.7,21.35,24.6801,-153,3994,19971
28-Oct-2025,3039,Call,3200,15.85,22.61,24.6801,96,10285,17003
28-Oct-2025,3039,Call,3060,56.05,21.47,24.6801,152,3200,14205
28-Oct-2025,3039,Call,3000,88.5,21.27,24.6801,-1839,12335,13738
28-Oct-2025,3039,Put,3000,48.9,26.16,24.6801,1003,8711,13636
28-Oct-2025,3039,Put,2900,22.5,27.73,24.6801,359,7736,8338
28-Oct-2025,3039,Call,3300,6.1,23.76,24.6801,1599,7465,8110
28-Oct-2025,3039,Call,3080,47.65,21.55,24.6801,174,5339,6910
28-Oct-2025,3039,Call,3120,33.4,21.81,24.6801,379,1357,6729
28-Oct-2025,3039,Call,3020,76.65,21.2,24.6801,-649,1833,6539
28-Oct-2025,3039,Put,3020,56.7,26.05,24.6801,391,1847,6020
28-Oct-2025,3039,Put,3040,66.1,26.02,24.6801,781,1977,5901
28-Oct-2025,3039,Put,2800,10.25,30.22,24.6801,1273,5876,5555
28-Oct-2025,3039,Call,3140,28.05,21.97,24.6801,462,1582,5517
28-Oct-2025,3039,Call,3160,23.1,22.13,24.6801,182,1459,4613
28-Oct-2025,3039,Put,2960,35.6,26.21,24.6801,79,3341,4037
28-Oct-2025,3039,Call,3220,12.75,22.64,24.6801,-498,955,3690
28-Oct-2025,3039,Put,2920,26.2,27.25,24.6801,31,2804,3414
28-Oct-2025,3039,Put,3100,100.15,26.39,24.6801,114,3605,3298
28-Oct-2025,3039,Put,2980,41.45,26.19,24.6801,110,2529,3190
28-Oct-2025,3039,Call,3240,10.5,22.97,24.6801,32,1062,3083
28-Oct-2025,3039,Call,3400,2.95,26.06,24.6801,444,3584,2965
28-Oct-2025,3039,Put,2940,30.6,26.86,24.6801,-173,2137,2775
28-Oct-2025,3039,Put,2700,4.55,32.8,24.6801,693,2905,2710
28-Oct-2025,3039,Call,3180,19.05,22.33,24.6801,-118,1080,2665
28-Oct-2025,3039,Put,3060,76.5,26.1,24.6801,157,1151,2477
28-Oct-2025,3039,Call,3280,7.3,23.04,24.6801,1064,2081,2393
28-Oct-2025,3039,Put,2600,2.6,37.31,24.6801,351,3131,2377
28-Oct-2025,3039,Call,3320,5,24.05,24.6801,-400,1703,2340
28-Oct-2025,3039,Put,2880,18.6,28.24,24.6801,572,2118,2183
28-Oct-2025,3039,Call,2900,161.8,19.97,24.6801,-630,3477,2102
28-Oct-2025,3039,Call,3260,8.65,23.03,24.6801,301,1477,1895
28-Oct-2025,3039,Call,3340,4.05,24.28,24.6801,769,1545,1752
28-Oct-2025,3039,Call,2980,101,20.84,24.6801,-116,1739,1583
28-Oct-2025,3039,Put,2740,6.2,31.73,24.6801,345,951,1446
28-Oct-2025,3039,Put,2860,16.35,28.59,24.6801,145,1271,1411
28-Oct-2025,3039,Put,3080,87.75,26.11,24.6801,180,856,1389
25-Nov-2025,3039,-,0,3055,0,24.6801,121,8005,1299
28-Oct-2025,3039,Call,2960,114.1,20.77,24.6801,-402,3390,1294
28-Oct-2025,3039,Call,3600,1.25,32.66,24.6801,-18,2090,1086
28-Oct-2025,3039,Put,2840,13.9,29.09,24.6801,3,1258,1038
28-Oct-2025,3039,Call,2940,129.25,20.55,24.6801,-191,1608,943
28-Oct-2025,3039,Put,2780,8.8,30.55,24.6801,124,791,882
28-Oct-2025,3039,Put,2640,3,35.02,24.6801,-166,780,859
25-Nov-2025,3039,Call,3200,40,19.64,24.6801,-7,893,851
28-Oct-2025,3039,Call,3480,1.9,28.62,24.6801,140,473,802
28-Oct-2025,3039,Put,2760,7.35,31.22,24.6801,99,788,773
28-Oct-2025,3039,Put,2720,5.2,32.25,24.6801,100,773,690
28-Oct-2025,3039,Put,2820,11.8,29.64,24.6801,50,713,652
28-Oct-2025,3039,Call,3380,3.25,25.41,24.6801,70,445,585
28-Oct-2025,3039,Put,3200,175,28.62,24.6801,-72,2024,534
28-Oct-2025,3039,Call,3420,2.5,26.45,24.6801,74,502,529
28-Oct-2025,3039,Call,3360,3.6,24.8,24.6801,53,723,523
28-Oct-2025,3039,Call,3440,2.3,27.19,24.6801,110,377,500
28-Oct-2025,3039,Put,2680,3.8,33.35,24.6801,81,1250,498
28-Oct-2025,3039,Call,2920,150.65,19.36,24.6801,-223,1637,488
28-Oct-2025,3039,Put,2660,3.35,34.03,24.6801,85,773,426
25-Nov-2025,3039,Put,2900,36.4,23.73,24.6801,99,326,422
25-Nov-2025,3039,Put,2800,19.6,25.01,24.6801,39,353,381
25-Nov-2025,3039,Call,3000,124,18.31,24.6801,-36,848,371
25-Nov-2025,3039,Call,3100,75.35,19.35,24.6801,70,419,366
28-Oct-2025,3039,Call,3520,1.8,30.22,24.6801,38,818,365
25-Nov-2025,3039,Put,3000,66.7,23.47,24.6801,0,800,365
25-Nov-2025,3039,Call,3400,11.2,21.37,24.6801,74,453,292
28-Oct-2025,3039,Put,2520,1.55,40.63,24.6801,-72,570,269
30-Dec-2025,3039,-,0,3075,0,24.6801,55,566,252
28-Oct-2025,3039,Put,2560,1.75,38.1,24.6801,-83,526,248
28-Oct-2025,3039,Put,2480,1.35,42.29,24.6801,24,347,172
25-Nov-2025,3039,Call,3320,19.35,20.44,24.6801,78,293,172
28-Oct-2025,3039,Put,3120,111.5,26.55,24.6801,-3,271,167
25-Nov-2025,3039,Put,2880,30,23.77,24.6801,-36,120,167
28-Oct-2025,3039,Put,3240,201.6,29.91,24.6801,-21,192,151
25-Nov-2025,3039,Put,3200,170,23.39,24.6801,0,154,148
28-Oct-2025,3039,Call,2800,254,0,24.6801,11,904,147
28-Oct-2025,3039,Put,3300,265,32.72,24.6801,-34,1489,124
28-Oct-2025,3039,Put,2400,1.3,47.78,24.6801,-19,226,121
28-Oct-2025,3039,Put,3220,184.3,29.2,24.6801,-37,71,121
28-Oct-2025,3039,Put,3180,141.05,23.51,24.6801,-12,203,116
25-Nov-2025,3039,Put,2700,9.5,25.79,24.6801,36,115,104
28-Oct-2025,3039,Put,3140,121.15,27.1,24.6801,-9,299,90
28-Oct-2025,3039,Put,3400,352.75,38.22,24.6801,-12,1671,88
25-Nov-2025,3039,Call,3520,6.5,23.16,24.6801,-2,268,84
25-Nov-2025,3039,Call,3020,115.7,18.5,24.6801,0,54,78
25-Nov-2025,3039,Put,3100,106.2,22.63,24.6801,49,148,74
28-Oct-2025,3039,Put,3160,135.75,27.47,24.6801,-20,365,73
25-Nov-2025,3039,Call,3040,107.9,19.3,24.6801,43,102,73
28-Oct-2025,3039,Put,3520,467.45,43.48,24.6801,59,261,60
30-Dec-2025,3039,Call,3000,162.95,17.05,24.6801,29,67,60
28-Oct-2025,3039,Put,2440,1.25,44.67,24.6801,4,50,57
28-Oct-2025,3039,Put,3560,500,37.61,24.6801,-51,154,56
25-Nov-2025,3039,Call,2900,203.85,19.31,24.6801,-5,129,53
25-Nov-2025,3039,Put,3040,74.65,22.05,24.6801,18,74,42
28-Oct-2025,3039,Call,3560,1.5,31.39,24.6801,-25,161,40
25-Nov-2025,3039,Put,2920,39.75,22.74,24.6801,-17,80,36
25-Nov-2025,3039,Call,3060,93.2,18.8,24.6801,7,51,36
28-Oct-2025,3039,Call,2880,197,27.44,24.6801,-10,555,32
25-Nov-2025,3039,Put,2940,45.8,22.89,24.6801,11,40,32
28-Oct-2025,3039,Call,3640,1.15,33.97,24.6801,24,145,31
25-Nov-2025,3039,Put,2720,10.1,25.52,24.6801,-16,60,30
25-Nov-2025,3039,Call,3280,25,20.1,24.6801,5,79,27
25-Nov-2025,3039,Call,3120,67.4,19.54,24.6801,4,33,27
25-Nov-2025,3039,Call,3440,9.25,21.82,24.6801,15,26,26
25-Nov-2025,3039,Put,2960,51,22.61,24.6801,6,65,25
25-Nov-2025,3039,Put,2820,19.8,24.26,24.6801,11,21,23
28-Oct-2025,3039,Put,3600,538.75,38,24.6801,9,1223,22
30-Dec-2025,3039,Put,3000,81,21.81,24.6801,5,17,21
25-Nov-2025,3039,Call,3240,32.35,19.8,24.6801,12,63,20
30-Dec-2025,3039,Call,3240,58.9,18.6,24.6801,9,40,20
30-Dec-2025,3039,Call,3200,72.8,18.73,24.6801,14,14,16
30-Dec-2025,3039,Call,3280,50.95,19.27,24.6801,13,19,16
28-Oct-2025,3039,Put,3280,237.65,31.63,24.6801,9,40,15
25-Nov-2025,3039,Put,2760,14.6,25.3,24.6801,-9,25,15
25-Nov-2025,3039,Put,2840,22.95,24.17,24.6801,-8,13,15
25-Nov-2025,3039,Put,2740,11.6,25.27,24.6801,-5,23,14
25-Nov-2025,3039,Put,3120,125.75,24.6,24.6801,8,85,14
25-Nov-2025,3039,Call,3080,86,19.12,24.6801,1,82,13
25-Nov-2025,3039,Call,3160,58,20.41,24.6801,8,26,12
25-Nov-2025,3039,Call,3600,4.9,24.42,24.6801,5,38,11
25-Nov-2025,3039,Call,3680,2.95,25.23,24.6801,0,18,11
25-Nov-2025,3039,Call,2960,146,15.57,24.6801,-5,18,11
25-Nov-2025,3039,Put,2860,26.7,24.16,24.6801,9,38,10
30-Dec-2025,3039,Put,2800,27.05,22.93,24.6801,7,28,9
28-Oct-2025,3039,Call,2600,439,0,24.6801,0,549,8
25-Nov-2025,3039,Put,3140,133,23.62,24.6801,5,5,8
28-Oct-2025,3039,Call,2720,313.15,0,24.6801,0,18,7
28-Oct-2025,3039,Call,2760,307.2,31.46,24.6801,0,82,7
25-Nov-2025,3039,Put,3060,83.8,22.08,24.6801,5,5,7
25-Nov-2025,3039,Call,2920,183.35,17.68,24.6801,-1,19,7
28-Oct-2025,3039,Call,2700,356.15,0,24.6801,2,75,6
28-Oct-2025,3039,Call,2860,205,20.19,24.6801,0,241,5
28-Oct-2025,3039,Call,2820,227.7,0,24.6801,1,65,3
25-Nov-2025,3039,Put,3080,94,22.2,24.6801,0,2,3
25-Nov-2025,3039,Call,2800,285.15,16.21,24.6801,0,5,3
28-Oct-2025,3039,Put,3640,592,55.75,24.6801,0,671,2
25-Nov-2025,3039,Call,3260,28,19.81,0,0,0,2
25-Nov-2025,3039,Put,3020,80,25.34,24.6801,0,0,2
25-Nov-2025,3039,Call,2980,140.45,0,24.6801,0,18,1
25-Nov-2025,3039,Call,3140,50,16.78,24.6801,0,0,1
25-Nov-2025,3039,Call,2940,165,0,24.6801,0,23,1
30-Dec-2025,3039,Call,3160,85,18.18,24.6801,0,0,1
28-Oct-2025,3039,Call,2440,0,0,24.6801,0,0,0
28-Oct-2025,3039,Call,2480,0,0,24.6801,0,2,0
28-Oct-2025,3039,Call,2640,0,0,24.6801,0,1,0
28-Oct-2025,3039,Put,3260,0,0,24.6801,0,60,0
28-Oct-2025,3039,Call,2680,0,0,24.6801,0,0,0
28-Oct-2025,3039,Call,2660,0,0,24.6801,0,0,0
28-Oct-2025,3039,Put,3480,0,0,24.6801,0,90,0
28-Oct-2025,3039,Call,2560,0,0,24.6801,0,0,0
28-Oct-2025,3039,Put,3440,0,0,24.6801,0,34,0
28-Oct-2025,3039,Call,2840,0,0,24.6801,0,108,0
28-Oct-2025,3039,Put,3360,0,0,24.6801,0,18,0
28-Oct-2025,3039,Put,3420,0,0,24.6801,0,14,0
28-Oct-2025,3039,Call,2740,0,0,24.6801,0,9,0
28-Oct-2025,3039,Put,3320,0,0,24.6801,0,30,0
28-Oct-2025,3039,Call,2520,0,0,24.6801,0,0,0
28-Oct-2025,3039,Put,3340,0,0,24.6801,0,34,0
28-Oct-2025,3039,Call,2780,0,0,24.6801,0,5,0
25-Nov-2025,3039,Put,3480,0,0,24.6801,0,5,0
25-Nov-2025,3039,Call,2440,0,0,24.6801,0,0,0
25-Nov-2025,3039,Call,2480,0,0,24.6801,0,0,0
25-Nov-2025,3039,Put,2520,0,0,24.6801,0,0,0
25-Nov-2025,3039,Put,2600,0,0,24.6801,0,0,0
25-Nov-2025,3039,Call,2520,0,0,24.6801,0,0,0
25-Nov-2025,3039,Put,3520,0,0,24.6801,0,0,0
25-Nov-2025,3039,Call,3480,0,0,24.6801,0,0,0
25-Nov-2025,3039,Call,2600,0,0,24.6801,0,0,0
25-Nov-2025,3039,Put,2640,0,0,24.6801,0,0,0
25-Nov-2025,3039,Call,2840,0,0,24.6801,0,7,0
25-Nov-2025,3039,Put,3440,0,0,24.6801,0,0,0
25-Nov-2025,3039,Call,2560,0,0,24.6801,0,0,0
25-Nov-2025,3039,Call,2880,0,0,24.6801,0,24,0
25-Nov-2025,3039,Call,2760,0,0,24.6801,0,0,0
25-Nov-2025,3039,Put,3320,0,0,24.6801,0,0,0
25-Nov-2025,3039,Put,3260,0,0,0,0,0,0
25-Nov-2025,3039,Put,2440,0,0,24.6801,0,0,0
30-Dec-2025,3039,Put,2960,0,0,24.6801,0,0,0
25-Nov-2025,3039,Call,3220,0,0,24.6801,0,2,0
25-Nov-2025,3039,Call,2640,0,0,24.6801,0,0,0
25-Nov-2025,3039,Call,3360,0,0,24.6801,0,0,0
25-Nov-2025,3039,Call,2680,0,0,24.6801,0,0,0
25-Nov-2025,3039,Put,3280,0,0,24.6801,0,1,0
25-Nov-2025,3039,Put,2660,0,0,24.6801,0,0,0
30-Dec-2025,3039,Call,2960,0,0,24.6801,0,0,0
25-Nov-2025,3039,Put,3220,0,0,24.6801,0,0,0
25-Nov-2025,3039,Call,2820,0,0,24.6801,0,0,0
25-Nov-2025,3039,Call,3180,0,0,24.6801,0,0,0
25-Nov-2025,3039,Put,3400,0,0,24.6801,0,0,0
25-Nov-2025,3039,Put,3180,0,0,24.6801,0,0,0
25-Nov-2025,3039,Put,3360,0,0,24.6801,0,0,0
25-Nov-2025,3039,Call,2700,0,0,24.6801,0,0,0
25-Nov-2025,3039,Call,2860,0,0,24.6801,0,4,0
25-Nov-2025,3039,Call,2780,0,0,24.6801,0,0,0
25-Nov-2025,3039,Put,2680,0,0,24.6801,0,0,0
25-Nov-2025,3039,Call,2660,0,0,24.6801,0,0,0
25-Nov-2025,3039,Put,3240,0,0,24.6801,0,0,0
25-Nov-2025,3039,Call,2740,0,0,24.6801,0,0,0
25-Nov-2025,3039,Put,2980,0,0,24.6801,0,4,0
25-Nov-2025,3039,Put,3160,0,0,24.6801,0,0,0
25-Nov-2025,3039,Put,2480,0,0,24.6801,0,0,0
25-Nov-2025,3039,Put,2780,0,0,24.6801,0,1,0
25-Nov-2025,3039,Call,2720,0,0,24.6801,0,0,0
25-Nov-2025,3039,Put,3680,0,0,24.6801,0,1,0
25-Nov-2025,3039,Put,2560,0,0,24.6801,0,0,0
30-Dec-2025,3039,Put,2880,0,0,24.6801,0,0,0
30-Dec-2025,3039,Call,3040,0,0,24.6801,0,0,0
30-Dec-2025,3039,Put,3040,0,0,24.6801,0,0,0
30-Dec-2025,3039,Call,3120,0,0,24.6801,0,0,0
30-Dec-2025,3039,Put,3200,0,0,24.6801,0,0,0
30-Dec-2025,3039,Put,3160,0,0,24.6801,0,0,0
30-Dec-2025,3039,Put,3120,0,0,24.6801,0,0,0
30-Dec-2025,3039,Put,3080,0,0,24.6801,0,0,0
30-Dec-2025,3039,Call,3080,0,0,24.6801,0,0,0
30-Dec-2025,3039,Call,3440,0,0,24.6801,0,0,0
30-Dec-2025,3039,Call,3360,0,0,24.6801,0,0,0
30-Dec-2025,3039,Call,3520,0,0,0,0,0,0
30-Dec-2025,3039,Put,2920,0,0,24.6801,0,0,0
30-Dec-2025,3039,Put,2840,0,0,24.6801,0,0,0
30-Dec-2025,3039,Put,2640,0,0,24.6801,0,0,0
30-Dec-2025,3039,Put,2560,0,0,24.6801,0,0,0
