28-Oct-2025,3063.7,Call,3100,47.7,21.07,24.6801,5396,14728,40905
28-Oct-2025,3063.7,-,0,3061,0,24.6801,5358,179222,32155
28-Oct-2025,3063.7,Call,3040,76.5,20.32,24.6801,432,4579,26803
28-Oct-2025,3063.7,Call,3200,19,22.06,24.6801,1332,11521,24576
28-Oct-2025,3063.7,Put,3000,40.75,26.27,24.6801,2090,9798,22471
28-Oct-2025,3063.7,Call,3000,101,20.01,24.6801,-3475,10699,21549
28-Oct-2025,3063.7,Call,3060,65.65,20.54,24.6801,700,3748,20302
28-Oct-2025,3063.7,Put,2900,19.55,28.42,24.6801,1594,8971,13117
28-Oct-2025,3063.7,Call,3300,7.1,23.15,24.6801,2359,8225,12514
28-Oct-2025,3063.7,Call,3080,55.85,20.72,24.6801,468,5633,10612
28-Oct-2025,3063.7,Put,3040,55.75,26.13,24.6801,1366,2562,9478
28-Oct-2025,3063.7,Call,3120,39.8,21.09,24.6801,703,1681,9208
28-Oct-2025,3063.7,Put,2800,8.85,30.87,24.6801,1630,6233,8671
28-Oct-2025,3063.7,Call,3140,33.1,21.29,24.6801,1061,2181,8585
28-Oct-2025,3063.7,Call,3020,87.75,20.13,24.6801,-845,1637,8262
28-Oct-2025,3063.7,Put,3020,47.75,26.17,24.6801,453,1909,7784
28-Oct-2025,3063.7,Call,3160,27.65,21.52,24.6801,366,1643,6517
28-Oct-2025,3063.7,Put,2960,29.6,26.73,24.6801,194,3456,5937
28-Oct-2025,3063.7,Call,3400,3.25,25.31,24.6801,1269,4409,5151
28-Oct-2025,3063.7,Call,3220,15.55,22.12,24.6801,-227,1226,5092
28-Oct-2025,3063.7,Put,2920,22.35,27.83,24.6801,132,2905,5011
28-Oct-2025,3063.7,Call,3180,22.85,21.82,24.6801,259,1457,4909
28-Oct-2025,3063.7,Call,3240,12.6,22.41,24.6801,275,1305,4737
28-Oct-2025,3063.7,Put,3100,86.65,26.32,24.6801,226,3717,4620
28-Oct-2025,3063.7,Put,2980,34.5,26.38,24.6801,261,2680,4599
28-Oct-2025,3063.7,Put,2940,25.8,27.35,24.6801,-74,2236,4241
28-Oct-2025,3063.7,Put,2700,3.9,33.28,24.6801,1009,3221,4102
28-Oct-2025,3063.7,Put,3060,65,26.11,24.6801,375,1369,4025
28-Oct-2025,3063.7,Put,2880,16.5,28.96,24.6801,645,2191,3341
28-Oct-2025,3063.7,Call,3320,5.55,23.25,24.6801,-261,1842,3038
28-Oct-2025,3063.7,Put,2600,2.35,37.62,24.6801,460,3240,3007
28-Oct-2025,3063.7,Call,3260,10.3,22.57,24.6801,491,1667,2948
28-Oct-2025,3063.7,Call,3280,8.4,22.74,24.6801,1041,2058,2855
28-Oct-2025,3063.7,Call,2900,179.85,17.92,24.6801,-762,3345,2748
28-Oct-2025,3063.7,Call,3340,4.65,23.69,24.6801,908,1684,2373
28-Oct-2025,3063.7,Put,2860,14,29.43,24.6801,351,1477,2332
28-Oct-2025,3063.7,Call,2980,115.45,19.72,24.6801,-192,1663,2217
28-Oct-2025,3063.7,Put,2740,5.3,32.14,24.6801,454,1060,2004
28-Oct-2025,3063.7,Put,3080,75.05,26.1,24.6801,235,911,1964
28-Oct-2025,3063.7,Put,2840,12.15,29.93,24.6801,95,1350,1810
25-Nov-2025,3063.7,-,0,3077.3,0,24.6801,180,8064,1739
28-Oct-2025,3063.7,Call,2960,129,19.65,24.6801,-456,3336,1682
28-Oct-2025,3063.7,Put,2780,7.35,31.23,24.6801,266,933,1318
28-Oct-2025,3063.7,Call,3600,1.4,31.93,24.6801,-26,2082,1266
28-Oct-2025,3063.7,Call,2940,146.2,19.71,24.6801,-248,1551,1254
28-Oct-2025,3063.7,Put,2760,6.25,31.69,24.6801,177,866,1249
25-Nov-2025,3063.7,Call,3200,46,19.4,24.6801,58,958,1231
28-Oct-2025,3063.7,Call,3520,1.8,29.39,24.6801,642,1422,1168
28-Oct-2025,3063.7,Call,3480,2.05,27.64,24.6801,176,509,1105
28-Oct-2025,3063.7,Put,2720,4.5,32.6,24.6801,117,790,1059
28-Oct-2025,3063.7,Put,2640,2.65,35.44,24.6801,-154,792,1011
28-Oct-2025,3063.7,Put,3200,156.5,28.52,24.6801,-14,2082,1009
28-Oct-2025,3063.7,Put,2820,10.3,30.36,24.6801,36,699,937
28-Oct-2025,3063.7,Call,3380,3.55,24.88,24.6801,142,517,858
28-Oct-2025,3063.7,Call,3360,4,24.13,24.6801,28,698,799
28-Oct-2025,3063.7,Call,3420,2.7,25.77,24.6801,133,561,796
28-Oct-2025,3063.7,Call,3440,2.35,26.28,24.6801,162,429,778
28-Oct-2025,3063.7,Put,2680,3.25,33.82,24.6801,148,1317,738
28-Oct-2025,3063.7,Call,2920,162,18.95,24.6801,-281,1579,638
25-Nov-2025,3063.7,Put,2900,33.95,24.56,24.6801,150,377,598
25-Nov-2025,3063.7,Call,3100,83.5,18.91,24.6801,106,455,593
28-Oct-2025,3063.7,Put,2660,2.85,34.62,24.6801,41,729,553
25-Nov-2025,3063.7,Put,3000,60,23.9,24.6801,62,862,546
25-Nov-2025,3063.7,Call,3000,138,18.09,24.6801,-52,832,528
25-Nov-2025,3063.7,Put,2800,17.85,25.59,24.6801,48,362,526
25-Nov-2025,3063.7,Call,3400,12.85,21.02,24.6801,109,488,451
28-Oct-2025,3063.7,Put,2560,1.8,38.85,24.6801,-59,550,444
28-Oct-2025,3063.7,Put,2520,1.6,41.34,24.6801,-57,585,370
28-Oct-2025,3063.7,Put,3120,98,26.51,24.6801,6,280,342
30-Dec-2025,3063.7,-,0,3094.5,0,24.6801,53,564,323
28-Oct-2025,3063.7,Put,2480,1.25,43.38,24.6801,38,361,278
28-Oct-2025,3063.7,Put,3240,191,31.11,24.6801,-33,180,232
28-Oct-2025,3063.7,Put,3300,245.05,32.47,24.6801,-30,1493,209
25-Nov-2025,3063.7,Call,3320,21,20.06,24.6801,91,306,209
28-Oct-2025,3063.7,Put,2400,1.2,48.12,24.6801,23,268,207
25-Nov-2025,3063.7,Put,2880,29.45,24.68,24.6801,-43,113,182
25-Nov-2025,3063.7,Call,3040,115,18.7,24.6801,82,141,168
25-Nov-2025,3063.7,Put,2700,9.55,27.12,24.6801,74,153,166
28-Oct-2025,3063.7,Put,3220,176.95,31.15,24.6801,-16,92,166
28-Oct-2025,3063.7,Call,2800,271,0,24.6801,14,907,159
25-Nov-2025,3063.7,Put,3200,169,25.32,24.6801,6,160,154
28-Oct-2025,3063.7,Put,3140,112,26.84,24.6801,7,315,136
28-Oct-2025,3063.7,Put,3180,141.3,29.05,24.6801,-7,208,133
25-Nov-2025,3063.7,Put,3100,105,24.12,24.6801,51,150,120
25-Nov-2025,3063.7,Call,3020,123.15,17.66,24.6801,-3,51,115
28-Oct-2025,3063.7,Put,3400,340,39.29,24.6801,-25,1658,114
25-Nov-2025,3063.7,Call,3520,6.25,22.25,24.6801,16,286,109
28-Oct-2025,3063.7,Put,3160,126.35,27.88,24.6801,-19,366,95
28-Oct-2025,3063.7,Call,3560,1.6,30.75,24.6801,-28,158,86
25-Nov-2025,3063.7,Call,3060,105,19.06,24.6801,15,59,76
30-Dec-2025,3063.7,Call,3000,168.4,15.89,24.6801,27,65,76
25-Nov-2025,3063.7,Call,3240,35.15,19.38,24.6801,40,91,73
25-Nov-2025,3063.7,Put,3040,77,24.09,24.6801,19,75,67
28-Oct-2025,3063.7,Put,3520,476.7,58.91,24.6801,59,261,61
28-Oct-2025,3063.7,Put,2440,1.4,46.24,24.6801,4,50,60
28-Oct-2025,3063.7,Call,3640,1.2,33.28,24.6801,31,152,59
28-Oct-2025,3063.7,Put,3560,500,51.63,24.6801,-51,154,56
25-Nov-2025,3063.7,Call,2900,195.9,0,24.6801,-5,129,55
25-Nov-2025,3063.7,Put,2920,37.5,24.18,24.6801,-27,70,52
25-Nov-2025,3063.7,Call,3280,26.9,19.74,24.6801,8,82,48
25-Nov-2025,3063.7,Put,2960,47.25,23.88,24.6801,9,68,45
25-Nov-2025,3063.7,Call,3160,58.25,19.09,24.6801,17,35,39
28-Oct-2025,3063.7,Call,2880,197,0,24.6801,-10,555,37
25-Nov-2025,3063.7,Call,3120,74.5,18.85,24.6801,9,38,37
25-Nov-2025,3063.7,Put,2940,45,24.89,24.6801,11,40,34
25-Nov-2025,3063.7,Call,3440,9.3,20.94,24.6801,17,28,33
30-Dec-2025,3063.7,Call,3240,56.15,17.07,24.6801,10,41,31
25-Nov-2025,3063.7,Put,2720,10.1,26.28,24.6801,-16,60,30
25-Nov-2025,3063.7,Call,3080,95.1,19.18,24.6801,4,85,28
30-Dec-2025,3063.7,Call,3200,75,17.24,24.6801,17,17,28
30-Dec-2025,3063.7,Put,3000,83,24.32,24.6801,9,21,27
28-Oct-2025,3063.7,Put,3600,540,54.54,24.6801,5,1219,26
28-Oct-2025,3063.7,Put,3280,229.75,34.04,24.6801,20,51,25
25-Nov-2025,3063.7,Put,2820,22,26.06,24.6801,15,25,24
25-Nov-2025,3063.7,Call,2960,162.2,17.1,24.6801,-12,11,22
25-Nov-2025,3063.7,Call,3140,60,17.59,24.6801,9,9,21
25-Nov-2025,3063.7,Put,2840,23.25,25.2,24.6801,-6,15,21
25-Nov-2025,3063.7,Put,2860,26.2,24.96,24.6801,11,40,21
25-Nov-2025,3063.7,Put,3060,87.6,24.53,24.6801,14,14,19
30-Dec-2025,3063.7,Call,3280,50,18.13,24.6801,17,23,18
25-Nov-2025,3063.7,Put,3120,122.4,25.71,24.6801,13,90,16
25-Nov-2025,3063.7,Put,2760,14.65,26.53,24.6801,-10,24,16
30-Dec-2025,3063.7,Put,2800,27.55,23.77,24.6801,8,29,16
25-Nov-2025,3063.7,Put,2740,11.6,26.05,24.6801,-5,23,14
25-Nov-2025,3063.7,Call,2980,149.4,17.1,24.6801,-7,11,14
25-Nov-2025,3063.7,Call,3600,3.55,22.7,24.6801,6,39,13
25-Nov-2025,3063.7,Call,3680,2.95,24.61,24.6801,2,20,12
28-Oct-2025,3063.7,Call,2860,200,0,24.6801,-3,238,10
25-Nov-2025,3063.7,Put,3140,129,24.7,24.6801,8,8,10
25-Nov-2025,3063.7,Call,2940,176.65,16.87,24.6801,-6,17,10
28-Oct-2025,3063.7,Call,2600,439,0,24.6801,0,549,8
28-Oct-2025,3063.7,Call,2760,307.5,0,24.6801,0,82,8
28-Oct-2025,3063.7,Call,2720,313.15,0,24.6801,0,18,7
28-Oct-2025,3063.7,Call,2700,365,0,24.6801,5,78,7
25-Nov-2025,3063.7,Call,3260,28.2,18.78,0,0,5,7
25-Nov-2025,3063.7,Call,2920,183.35,11.74,24.6801,-1,19,7
28-Oct-2025,3063.7,Call,2820,232.3,0,24.6801,2,66,6
28-Oct-2025,3063.7,Put,3640,580,57.38,24.6801,0,671,5
28-Oct-2025,3063.7,Call,2840,216.75,0,24.6801,0,108,4
25-Nov-2025,3063.7,Call,2800,285.15,0,24.6801,0,5,3
25-Nov-2025,3063.7,Put,3080,94,23.87,24.6801,0,2,3
25-Nov-2025,3063.7,Put,3020,80,26.77,24.6801,0,0,2
30-Dec-2025,3063.7,Call,3160,85,16.93,24.6801,0,0,1
28-Oct-2025,3063.7,Call,2440,0,0,24.6801,0,0,0
28-Oct-2025,3063.7,Call,2480,0,0,24.6801,0,2,0
28-Oct-2025,3063.7,Put,3260,0,0,24.6801,0,60,0
28-Oct-2025,3063.7,Call,2640,0,0,24.6801,0,1,0
28-Oct-2025,3063.7,Call,2680,0,0,24.6801,0,0,0
28-Oct-2025,3063.7,Put,3480,0,0,24.6801,0,90,0
28-Oct-2025,3063.7,Call,2660,0,0,24.6801,0,0,0
28-Oct-2025,3063.7,Call,2560,0,0,24.6801,0,0,0
28-Oct-2025,3063.7,Put,3320,0,0,24.6801,0,30,0
28-Oct-2025,3063.7,Call,2780,0,0,24.6801,0,5,0
25-Nov-2025,3063.7,Call,3360,0,0,24.6801,0,0,0
25-Nov-2025,3063.7,Call,2520,0,0,24.6801,0,0,0
25-Nov-2025,3063.7,Put,2600,0,0,24.6801,0,0,0
28-Oct-2025,3063.7,Put,3420,0,0,24.6801,0,14,0
25-Nov-2025,3063.7,Call,2480,0,0,24.6801,0,0,0
25-Nov-2025,3063.7,Call,3480,0,0,24.6801,0,0,0
28-Oct-2025,3063.7,Call,2520,0,0,24.6801,0,0,0
25-Nov-2025,3063.7,Put,3440,0,0,24.6801,0,0,0
25-Nov-2025,3063.7,Put,3680,0,0,24.6801,0,1,0
25-Nov-2025,3063.7,Call,2560,0,0,24.6801,0,0,0
25-Nov-2025,3063.7,Call,3220,0,0,24.6801,0,2,0
28-Oct-2025,3063.7,Call,2740,0,0,24.6801,0,9,0
30-Dec-2025,3063.7,Call,2960,0,0,24.6801,0,0,0
25-Nov-2025,3063.7,Call,2680,0,0,24.6801,0,0,0
25-Nov-2025,3063.7,Put,3480,0,0,24.6801,0,5,0
28-Oct-2025,3063.7,Put,3440,0,0,24.6801,0,34,0
25-Nov-2025,3063.7,Put,3360,0,0,24.6801,0,0,0
28-Oct-2025,3063.7,Put,3360,0,0,24.6801,0,18,0
28-Oct-2025,3063.7,Put,3340,0,0,24.6801,0,34,0
25-Nov-2025,3063.7,Call,2440,0,0,24.6801,0,0,0
25-Nov-2025,3063.7,Call,2840,0,0,24.6801,0,7,0
25-Nov-2025,3063.7,Put,2980,0,0,24.6801,0,4,0
25-Nov-2025,3063.7,Put,3320,0,0,24.6801,0,0,0
25-Nov-2025,3063.7,Put,3400,0,0,24.6801,0,0,0
25-Nov-2025,3063.7,Call,2720,0,0,24.6801,0,0,0
25-Nov-2025,3063.7,Put,3280,0,0,24.6801,0,1,0
25-Nov-2025,3063.7,Put,2640,0,0,24.6801,0,0,0
25-Nov-2025,3063.7,Call,2780,0,0,24.6801,0,0,0
25-Nov-2025,3063.7,Call,2660,0,0,24.6801,0,0,0
25-Nov-2025,3063.7,Call,2640,0,0,24.6801,0,0,0
25-Nov-2025,3063.7,Put,3520,0,0,24.6801,0,0,0
25-Nov-2025,3063.7,Put,2520,0,0,24.6801,0,0,0
25-Nov-2025,3063.7,Call,2880,0,0,24.6801,0,24,0
30-Dec-2025,3063.7,Put,2880,0,0,24.6801,0,0,0
25-Nov-2025,3063.7,Put,3240,0,0,24.6801,0,0,0
25-Nov-2025,3063.7,Call,3180,0,0,24.6801,0,0,0
30-Dec-2025,3063.7,Put,3040,0,0,24.6801,0,0,0
25-Nov-2025,3063.7,Put,2440,0,0,24.6801,0,0,0
25-Nov-2025,3063.7,Put,2480,0,0,24.6801,0,0,0
30-Dec-2025,3063.7,Put,3080,0,0,24.6801,0,0,0
25-Nov-2025,3063.7,Put,2660,0,0,24.6801,0,0,0
30-Dec-2025,3063.7,Call,3040,0,0,24.6801,0,0,0
25-Nov-2025,3063.7,Call,2740,0,0,24.6801,0,0,0
25-Nov-2025,3063.7,Call,2760,0,0,24.6801,0,0,0
25-Nov-2025,3063.7,Put,3160,0,0,24.6801,0,0,0
30-Dec-2025,3063.7,Call,3120,0,0,24.6801,0,0,0
25-Nov-2025,3063.7,Put,2780,0,0,24.6801,0,1,0
25-Nov-2025,3063.7,Call,2700,0,0,24.6801,0,0,0
25-Nov-2025,3063.7,Call,2820,0,0,24.6801,0,0,0
25-Nov-2025,3063.7,Put,2680,0,0,24.6801,0,0,0
25-Nov-2025,3063.7,Put,3220,0,0,24.6801,0,0,0
25-Nov-2025,3063.7,Call,2600,0,0,24.6801,0,0,0
25-Nov-2025,3063.7,Put,3260,0,0,0,0,0,0
25-Nov-2025,3063.7,Put,2560,0,0,24.6801,0,0,0
25-Nov-2025,3063.7,Call,2860,0,0,24.6801,0,4,0
30-Dec-2025,3063.7,Put,2960,0,0,24.6801,0,0,0
25-Nov-2025,3063.7,Put,3180,0,0,24.6801,0,0,0
30-Dec-2025,3063.7,Put,3160,0,0,24.6801,0,0,0
30-Dec-2025,3063.7,Put,3120,0,0,24.6801,0,0,0
30-Dec-2025,3063.7,Call,3440,0,0,24.6801,0,0,0
30-Dec-2025,3063.7,Put,3200,0,0,24.6801,0,0,0
30-Dec-2025,3063.7,Put,2560,0,0,24.6801,0,0,0
30-Dec-2025,3063.7,Call,3080,0,0,24.6801,0,0,0
30-Dec-2025,3063.7,Call,3360,0,0,24.6801,0,0,0
30-Dec-2025,3063.7,Call,3520,0,0,0,0,0,0
30-Dec-2025,3063.7,Put,2840,0,0,24.6801,0,0,0
30-Dec-2025,3063.7,Put,2920,0,0,24.6801,0,0,0
30-Dec-2025,3063.7,Put,2640,0,0,24.6801,0,0,0
