28-Oct-2025,22.11,Call,23,0.35,32.15,41.2074,-54,3029,387
28-Oct-2025,22.11,-,0,22.2,0,41.2074,-2,27015,140
25-Nov-2025,22.11,-,0,22.32,0,41.2074,13,2071,48
28-Oct-2025,22.11,Put,22,0.5,30.68,41.2074,11,727,46
28-Oct-2025,22.11,Call,22,0.75,30.97,41.2074,-7,1522,41
28-Oct-2025,22.11,Call,21,1.4,29.76,41.2074,-1,657,16
28-Oct-2025,22.11,Put,23,1.15,34.81,41.2074,5,493,16
28-Oct-2025,22.11,Call,24,0.2,37.35,41.2074,0,1778,15
30-Dec-2025,22.11,-,0,22.5,0,41.2074,3,191,12
28-Oct-2025,22.11,Call,26,0.05,42.02,41.2074,0,192,10
28-Oct-2025,22.11,Put,20,0.1,38.4,41.2074,4,672,7
28-Oct-2025,22.11,Call,25,0.1,39.81,41.2074,0,297,6
25-Nov-2025,22.11,Call,23,0.7,29.95,41.2074,1,106,3
25-Nov-2025,22.11,Call,28,0.1,40.67,41.2074,0,44,2
25-Nov-2025,22.11,Put,20,0.2,31.88,41.2074,0,148,2
30-Dec-2025,22.11,Call,24,0.7,0,41.2074,0,15,2
28-Oct-2025,22.11,Call,20,2.25,25.49,41.2074,0,258,1
25-Nov-2025,22.11,Call,26,0.2,36.46,41.2074,0,143,1
25-Nov-2025,22.11,Put,22,0.8,31.63,41.2074,0,66,1
28-Oct-2025,22.11,Put,26,0,0,41.2074,0,30,0
28-Oct-2025,22.11,Put,25,0,0,41.2074,0,16,0
28-Oct-2025,22.11,Put,24,0,0,41.2074,0,172,0
28-Oct-2025,22.11,Put,18,0,0,41.2074,0,136,0
28-Oct-2025,22.11,Call,19,0,0,41.2074,0,136,0
28-Oct-2025,22.11,Put,12,0,0,41.2074,0,10,0
28-Oct-2025,22.11,Put,21,0,0,41.2074,0,910,0
28-Oct-2025,22.11,Call,18,0,0,41.2074,0,3,0
28-Oct-2025,22.11,Put,16,0,0,41.2074,0,16,0
28-Oct-2025,22.11,Put,17,0,0,41.2074,0,5,0
28-Oct-2025,22.11,Call,16,0,0,41.2074,0,10,0
25-Nov-2025,22.11,Put,18,0,0,41.2074,0,17,0
25-Nov-2025,22.11,Put,24,0,0,41.2074,0,0,0
25-Nov-2025,22.11,Put,19,0,0,41.2074,0,5,0
28-Oct-2025,22.11,Put,19,0,0,41.2074,0,316,0
25-Nov-2025,22.11,Call,20,0,0,41.2074,0,67,0
25-Nov-2025,22.11,Call,21,0,0,41.2074,0,12,0
25-Nov-2025,22.11,Call,19,0,0,41.2074,0,0,0
25-Nov-2025,22.11,Put,26,0,0,41.2074,0,0,0
25-Nov-2025,22.11,Put,21,0,0,41.2074,0,46,0
25-Nov-2025,22.11,Call,24,0,0,41.2074,0,261,0
25-Nov-2025,22.11,Put,23,0,0,41.2074,0,0,0
25-Nov-2025,22.11,Put,25,0,0,41.2074,0,0,0
30-Dec-2025,22.11,Call,20,0,0,41.2074,0,1,0
30-Dec-2025,22.11,Call,18,0,0,41.2074,0,0,0
25-Nov-2025,22.11,Call,22,0,0,41.2074,0,181,0
30-Dec-2025,22.11,Put,18,0,0,41.2074,0,6,0
30-Dec-2025,22.11,Put,22,0,0,41.2074,0,20,0
25-Nov-2025,22.11,Call,25,0,0,41.2074,0,31,0
30-Dec-2025,22.11,Call,16,0,0,41.2074,0,0,0
30-Dec-2025,22.11,Put,20,0,0,41.2074,0,16,0
30-Dec-2025,22.11,Call,28,0,0,41.2074,0,2,0
30-Dec-2025,22.11,Put,24,0,0,41.2074,0,0,0
30-Dec-2025,22.11,Put,26,0,0,41.2074,0,0,0
25-Nov-2025,22.11,Call,18,0,0,41.2074,0,0,0
30-Dec-2025,22.11,Call,26,0,0,41.2074,0,33,0
30-Dec-2025,22.11,Put,28,0,0,41.2074,0,0,0
30-Dec-2025,22.11,Put,16,0,0,41.2074,0,0,0
30-Dec-2025,22.11,Call,22,0,0,41.2074,0,3,0
