28-Oct-2025,136.5,-,0,136.3,0,35.0252,121,27114,1461
28-Oct-2025,136.5,Call,135,2.8,22.67,35.0252,-81,836,1399
28-Oct-2025,136.5,Call,140,1,27.13,35.0252,-166,2887,1097
28-Oct-2025,136.5,Call,136,2.3,23.26,35.0252,2,239,573
28-Oct-2025,136.5,Call,137.5,1.65,24.32,35.0252,23,631,543
28-Oct-2025,136.5,Put,130,0.35,29.3,35.0252,-29,803,506
28-Oct-2025,136.5,Call,137,1.85,24.01,35.0252,-5,319,487
25-Nov-2025,136.5,-,0,134.05,0,35.0252,156,3648,481
28-Oct-2025,136.5,Put,135,1.5,28.82,35.0252,-4,862,454
28-Oct-2025,136.5,Call,145,0.3,30.85,35.0252,-58,2288,425
28-Oct-2025,136.5,Call,150,0.2,39.46,35.0252,8,2138,329
25-Nov-2025,136.5,Call,140,2.65,20.87,35.0252,84,700,291
28-Oct-2025,136.5,Call,138,1.5,25.02,35.0252,-21,421,252
28-Oct-2025,136.5,Put,132.5,0.7,28.46,35.0252,-15,190,237
25-Nov-2025,136.5,Call,150,0.9,25.57,35.0252,25,273,197
28-Oct-2025,136.5,Call,142.5,0.5,28.36,35.0252,-35,696,191
28-Oct-2025,136.5,Put,136,1.95,29.14,35.0252,16,104,171
28-Oct-2025,136.5,Call,155,0.1,44.18,35.0252,-64,559,145
28-Oct-2025,136.5,Put,125,0.1,34.1,35.0252,6,299,140
28-Oct-2025,136.5,Put,131,0.45,29.38,35.0252,-22,134,138
28-Oct-2025,136.5,Put,134,1.1,29.63,35.0252,7,113,127
28-Oct-2025,136.5,Put,140,4.65,33.85,35.0252,-23,568,103
28-Oct-2025,136.5,Put,137,2.55,31.71,35.0252,16,103,99
25-Nov-2025,136.5,Put,125,1.4,34.79,35.0252,20,373,97
28-Oct-2025,136.5,Call,139,1.15,26.45,35.0252,-1,311,93
25-Nov-2025,136.5,Call,145,1.55,23.91,35.0252,27,282,91
25-Nov-2025,136.5,Call,160,0.35,30.35,35.0252,61,202,86
28-Oct-2025,136.5,Call,142,0.6,28.66,35.0252,-16,462,79
25-Nov-2025,136.5,Call,135,4.45,16.65,35.0252,6,197,77
28-Oct-2025,136.5,Call,160,0.05,48.08,35.0252,1,1439,75
28-Oct-2025,136.5,Put,133,0.85,28.08,35.0252,2,81,67
28-Oct-2025,136.5,Call,141,0.75,27.82,35.0252,-12,341,62
28-Oct-2025,136.5,Call,134,3.3,19.91,35.0252,-12,42,60
25-Nov-2025,136.5,Put,130,2.85,35.66,35.0252,28,306,59
28-Oct-2025,136.5,Put,137.5,2.9,30.83,35.0252,-4,595,57
28-Oct-2025,136.5,Call,154,0.1,42.3,35.0252,31,104,53
28-Oct-2025,136.5,Call,165,0.05,56.01,35.0252,-2,503,52
28-Oct-2025,136.5,Call,147.5,0.2,33.8,35.0252,-24,543,44
30-Dec-2025,136.5,-,0,132.96,0,35.0252,5,322,34
25-Nov-2025,136.5,Put,140,8.4,42.07,35.0252,-1,155,34
28-Oct-2025,136.5,Put,145,9.15,43.51,35.0252,-3,192,32
28-Oct-2025,136.5,Put,127.5,0.15,32.22,35.0252,-7,158,31
28-Oct-2025,136.5,Put,127,0.15,31.55,35.0252,4,66,31
28-Oct-2025,136.5,Put,132,0.65,28.65,35.0252,4,111,31
25-Nov-2025,136.5,Call,130,6.95,0,35.0252,5,56,31
28-Oct-2025,136.5,Call,148,0.25,36.78,35.0252,-1,190,30
28-Oct-2025,136.5,Call,130,6.5,0,35.0252,-19,142,29
28-Oct-2025,136.5,Call,133,4.1,19.24,35.0252,-1,49,27
28-Oct-2025,136.5,Call,143,0.5,29.89,35.0252,-14,185,26
28-Oct-2025,136.5,Put,120,0.05,41.79,35.0252,-12,178,26
25-Nov-2025,136.5,Call,138,3.05,18.48,35.0252,-2,42,26
28-Oct-2025,136.5,Put,128,0.2,30.82,35.0252,2,80,24
28-Oct-2025,136.5,Put,138,3.25,31.63,35.0252,1,91,24
25-Nov-2025,136.5,Put,135,5.2,38.32,35.0252,1,237,24
25-Nov-2025,136.5,Put,120,0.7,35.03,35.0252,9,219,24
28-Oct-2025,136.5,Call,144,0.35,29.46,35.0252,-1,166,22
28-Oct-2025,136.5,Call,152,0.15,41.39,35.0252,17,71,21
28-Oct-2025,136.5,Call,132.5,4.4,17.47,35.0252,0,50,19
25-Nov-2025,136.5,Call,137,3.65,18.8,35.0252,1,28,15
28-Oct-2025,136.5,Call,152.5,0.1,39.42,35.0252,-6,130,12
25-Nov-2025,136.5,Call,142,2.1,22.11,35.0252,7,22,12
28-Oct-2025,136.5,Put,139,4,33.38,35.0252,0,82,11
28-Oct-2025,136.5,Put,129,0.3,31.08,35.0252,-3,86,11
28-Oct-2025,136.5,Call,162,0.05,51.3,35.0252,0,175,10
25-Nov-2025,136.5,Put,127,1.95,35.26,35.0252,5,33,10
25-Nov-2025,136.5,Put,129,2.5,37.14,35.0252,1,36,10
25-Nov-2025,136.5,Put,134,4.75,38.26,35.0252,5,19,10
28-Oct-2025,136.5,Call,132,4.75,13.41,35.0252,0,43,9
25-Nov-2025,136.5,Call,144,1.6,22.55,35.0252,0,44,9
28-Oct-2025,136.5,Call,131,5.65,0,35.0252,-4,57,8
25-Nov-2025,136.5,Call,136,3.95,17.62,35.0252,1,21,8
28-Oct-2025,136.5,Call,151,0.15,39.31,35.0252,1,53,7
28-Oct-2025,136.5,Put,142.5,6.8,37.67,35.0252,-1,140,7
25-Nov-2025,136.5,Put,123,1.05,34.9,35.0252,5,5,7
25-Nov-2025,136.5,Put,132,3.7,38.31,35.0252,6,16,7
25-Nov-2025,136.5,Put,138,7,40.87,35.0252,0,9,7
25-Nov-2025,136.5,Call,133,5.25,12.45,35.0252,2,4,7
25-Nov-2025,136.5,Call,141,2.25,20.97,35.0252,5,9,7
28-Oct-2025,136.5,Call,156,0.1,46.04,35.0252,0,143,6
28-Oct-2025,136.5,Put,142,6.4,37.43,35.0252,-1,67,6
25-Nov-2025,136.5,Put,122,1,35.5,35.0252,0,25,6
25-Nov-2025,136.5,Put,150,16.85,53.91,35.0252,2,82,6
25-Nov-2025,136.5,Put,145,12.2,46.37,35.0252,3,14,6
25-Nov-2025,136.5,Call,139,2.9,20.24,35.0252,0,64,6
25-Nov-2025,136.5,Call,134,4.8,14.84,35.0252,1,14,6
28-Oct-2025,136.5,Put,141,5.95,41.5,35.0252,-4,80,5
28-Oct-2025,136.5,Call,147,0.3,35.96,35.0252,2,135,5
28-Oct-2025,136.5,Put,143,7.3,39.44,35.0252,-3,22,5
25-Nov-2025,136.5,Put,126,1.65,34.71,35.0252,0,10,5
25-Nov-2025,136.5,Put,118,0.55,35.87,35.0252,3,14,5
28-Oct-2025,136.5,Call,149,0.2,37.23,35.0252,0,45,4
28-Oct-2025,136.5,Put,115,0.05,53.41,35.0252,0,72,4
25-Nov-2025,136.5,Call,127,8.75,0,35.0252,1,2,3
25-Nov-2025,136.5,Put,131,3.45,37.44,35.0252,1,13,3
25-Nov-2025,136.5,Put,136,5.85,39.42,35.0252,0,9,3
25-Nov-2025,136.5,Call,146,1.3,23.68,35.0252,2,9,3
28-Oct-2025,136.5,Call,146,0.3,33.44,35.0252,0,179,2
25-Nov-2025,136.5,Call,156,0.4,27.16,35.0252,1,7,2
25-Nov-2025,136.5,Put,142,9.95,44.27,35.0252,0,10,2
25-Nov-2025,136.5,Call,128,8.4,0,35.0252,1,1,2
25-Nov-2025,136.5,Call,147,1.15,24.03,35.0252,0,21,2
25-Nov-2025,136.5,Put,137,6.65,41.25,35.0252,0,10,2
25-Nov-2025,136.5,Put,128,2.25,35.59,35.0252,1,23,2
30-Dec-2025,136.5,Put,130,4.2,33.94,35.0252,0,23,2
28-Oct-2025,136.5,Put,122.5,0.05,36.04,35.0252,0,110,1
28-Oct-2025,136.5,Put,117.5,0.05,47.58,35.0252,0,184,1
28-Oct-2025,136.5,Put,124,0.1,36.61,35.0252,0,9,1
28-Oct-2025,136.5,Put,152.5,16.25,0,35.0252,0,6,1
25-Nov-2025,136.5,Call,154,0.55,27.12,35.0252,0,1,1
25-Nov-2025,136.5,Put,133,4.8,41.16,35.0252,0,8,1
25-Nov-2025,136.5,Call,131,6.2,0,35.0252,0,0,1
25-Nov-2025,136.5,Call,148,1.05,24.66,35.0252,0,24,1
28-Oct-2025,136.5,Call,127.5,0,0,35.0252,0,19,0
28-Oct-2025,136.5,Call,125,0,0,35.0252,0,39,0
28-Oct-2025,136.5,Put,144,0,0,35.0252,0,13,0
28-Oct-2025,136.5,Put,147,0,0,35.0252,0,16,0
28-Oct-2025,136.5,Put,152,0,0,35.0252,0,0,0
28-Oct-2025,136.5,Put,149,0,0,35.0252,0,0,0
28-Oct-2025,136.5,Put,156,0,0,35.0252,0,0,0
28-Oct-2025,136.5,Put,153,0,0,35.0252,0,0,0
28-Oct-2025,136.5,Call,153,0,0,35.0252,0,113,0
28-Oct-2025,136.5,Put,158,0,0,35.0252,0,0,0
28-Oct-2025,136.5,Put,146,0,0,35.0252,0,13,0
28-Oct-2025,136.5,Put,151,0,0,35.0252,0,0,0
28-Oct-2025,136.5,Put,162,0,0,35.0252,0,0,0
28-Oct-2025,136.5,Call,118,0,0,35.0252,0,0,0
28-Oct-2025,136.5,Put,114,0,0,0,0,0,0
28-Oct-2025,136.5,Put,123,0,0,35.0252,0,0,0
28-Oct-2025,136.5,Call,105,0,0,35.0252,0,6,0
28-Oct-2025,136.5,Put,154,0,0,35.0252,0,0,0
28-Oct-2025,136.5,Put,148,0,0,35.0252,0,10,0
28-Oct-2025,136.5,Put,118,0,0,35.0252,0,0,0
28-Oct-2025,136.5,Call,127,0,0,35.0252,0,0,0
28-Oct-2025,136.5,Call,158,0,0,35.0252,0,8,0
28-Oct-2025,136.5,Put,110,0,0,35.0252,0,46,0
28-Oct-2025,136.5,Call,126,0,0,35.0252,0,0,0
28-Oct-2025,136.5,Call,122.5,0,0,35.0252,0,40,0
28-Oct-2025,136.5,Put,122,0,0,35.0252,0,23,0
28-Oct-2025,136.5,Call,116,0,0,35.0252,0,0,0
28-Oct-2025,136.5,Put,105,0,0,35.0252,0,13,0
28-Oct-2025,136.5,Put,165,0,0,35.0252,0,3,0
28-Oct-2025,136.5,Call,122,0,0,35.0252,0,0,0
28-Oct-2025,136.5,Call,157.5,0,0,35.0252,0,88,0
28-Oct-2025,136.5,Call,120,0,0,35.0252,0,23,0
28-Oct-2025,136.5,Call,129,0,0,35.0252,0,27,0
28-Oct-2025,136.5,Put,126,0,0,35.0252,0,36,0
28-Oct-2025,136.5,Call,124,0,0,35.0252,0,0,0
28-Oct-2025,136.5,Call,123,0,0,35.0252,0,0,0
28-Oct-2025,136.5,Put,160,0,0,35.0252,0,28,0
28-Oct-2025,136.5,Put,147.5,0,0,35.0252,0,16,0
28-Oct-2025,136.5,Call,114,0,0,0,0,0,0
28-Oct-2025,136.5,Put,155,0,0,35.0252,0,27,0
28-Oct-2025,136.5,Put,116,0,0,35.0252,0,0,0
28-Oct-2025,136.5,Call,128,0,0,35.0252,0,5,0
28-Oct-2025,136.5,Call,115,0,0,35.0252,0,12,0
28-Oct-2025,136.5,Put,150,0,0,35.0252,0,180,0
28-Oct-2025,136.5,Call,110,0,0,35.0252,0,6,0
25-Nov-2025,136.5,Call,118,0,0,35.0252,0,0,0
25-Nov-2025,136.5,Call,122,0,0,35.0252,0,0,0
25-Nov-2025,136.5,Call,124,0,0,35.0252,0,0,0
25-Nov-2025,136.5,Put,156,0,0,35.0252,0,0,0
25-Nov-2025,136.5,Put,162,0,0,35.0252,0,0,0
25-Nov-2025,136.5,Call,123,0,0,35.0252,0,0,0
25-Nov-2025,136.5,Call,152,0,0,35.0252,0,0,0
25-Nov-2025,136.5,Call,153,0,0,35.0252,0,0,0
25-Nov-2025,136.5,Call,116,0,0,35.0252,0,0,0
25-Nov-2025,136.5,Put,124,0,0,35.0252,0,0,0
25-Nov-2025,136.5,Call,114,0,0,0,0,0,0
25-Nov-2025,136.5,Put,114,0,0,0,0,0,0
25-Nov-2025,136.5,Put,116,0,0,35.0252,0,0,0
25-Nov-2025,136.5,Put,147,0,0,35.0252,0,0,0
25-Nov-2025,136.5,Put,151,0,0,35.0252,0,0,0
25-Nov-2025,136.5,Call,143,0,0,35.0252,0,0,0
25-Nov-2025,136.5,Call,149,0,0,35.0252,0,0,0
25-Nov-2025,136.5,Call,126,0,0,35.0252,0,0,0
30-Dec-2025,136.5,Put,122,0,0,0,0,0,0
25-Nov-2025,136.5,Put,141,0,0,35.0252,0,0,0
25-Nov-2025,136.5,Call,162,0,0,35.0252,0,0,0
30-Dec-2025,136.5,Call,144,0,0,35.0252,0,1,0
25-Nov-2025,136.5,Call,120,0,0,35.0252,0,4,0
25-Nov-2025,136.5,Put,148,0,0,35.0252,0,0,0
25-Nov-2025,136.5,Put,158,0,0,35.0252,0,0,0
25-Nov-2025,136.5,Call,151,0,0,35.0252,0,0,0
25-Nov-2025,136.5,Call,125,0,0,35.0252,0,0,0
30-Dec-2025,136.5,Put,134,0,0,35.0252,0,0,0
25-Nov-2025,136.5,Put,146,0,0,35.0252,0,0,0
25-Nov-2025,136.5,Put,154,0,0,35.0252,0,0,0
30-Dec-2025,136.5,Call,160,0,0,35.0252,0,26,0
25-Nov-2025,136.5,Call,129,0,0,35.0252,0,0,0
25-Nov-2025,136.5,Put,139,0,0,35.0252,0,0,0
25-Nov-2025,136.5,Put,160,0,0,35.0252,0,21,0
25-Nov-2025,136.5,Put,152,0,0,35.0252,0,0,0
25-Nov-2025,136.5,Put,153,0,0,35.0252,0,0,0
25-Nov-2025,136.5,Put,143,0,0,35.0252,0,0,0
25-Nov-2025,136.5,Call,158,0,0,35.0252,0,0,0
25-Nov-2025,136.5,Call,132,0,0,35.0252,0,0,0
25-Nov-2025,136.5,Put,144,0,0,35.0252,0,0,0
25-Nov-2025,136.5,Put,149,0,0,35.0252,0,0,0
30-Dec-2025,136.5,Put,138,0,0,35.0252,0,0,0
30-Dec-2025,136.5,Put,136,0,0,35.0252,0,0,0
30-Dec-2025,136.5,Call,136,0,0,35.0252,0,0,0
30-Dec-2025,136.5,Put,128,0,0,35.0252,0,1,0
30-Dec-2025,136.5,Put,132,0,0,35.0252,0,0,0
30-Dec-2025,136.5,Call,142,0,0,35.0252,0,2,0
30-Dec-2025,136.5,Put,126,0,0,35.0252,0,0,0
30-Dec-2025,136.5,Call,146,0,0,35.0252,0,14,0
30-Dec-2025,136.5,Put,140,0,0,35.0252,0,0,0
30-Dec-2025,136.5,Call,140,0,0,35.0252,0,0,0
30-Dec-2025,136.5,Call,130,0,0,35.0252,0,0,0
30-Dec-2025,136.5,Call,148,0,0,35.0252,0,0,0
30-Dec-2025,136.5,Call,150,0,0,35.0252,0,0,0
30-Dec-2025,136.5,Call,132,0,0,35.0252,0,0,0
30-Dec-2025,136.5,Put,124,0,0,35.0252,0,0,0
30-Dec-2025,136.5,Call,138,0,0,35.0252,0,0,0
30-Dec-2025,136.5,Call,134,0,0,35.0252,0,0,0
30-Dec-2025,136.5,Call,154,0,0,35.0252,0,4,0
