28-Oct-2025,9170,Call,9200,104.9,19.12,30.4473,248,2935,5285
28-Oct-2025,9170,-,0,9180.5,0,30.4473,140,38927,3160
28-Oct-2025,9170,Call,9300,66.7,19.74,30.4473,12,1303,3043
28-Oct-2025,9170,Call,9500,23.15,21.24,30.4473,56,1960,2505
28-Oct-2025,9170,Call,9100,158.25,18.77,30.4473,-39,1436,2120
28-Oct-2025,9170,Put,9100,78.05,22.22,30.4473,329,1201,1899
28-Oct-2025,9170,Call,9400,39.8,20.33,30.4473,81,977,1727
28-Oct-2025,9170,Put,9200,124.05,22.61,30.4473,193,1009,1554
28-Oct-2025,9170,Call,9000,227.65,17.83,30.4473,-75,1176,1365
28-Oct-2025,9170,Put,8900,28.35,23.06,30.4473,76,918,1252
28-Oct-2025,9170,Put,9000,47.35,22.41,30.4473,119,1199,1235
28-Oct-2025,9170,Put,8800,17.65,24.31,30.4473,38,1395,1223
28-Oct-2025,9170,Call,9600,14.6,22.2,30.4473,-114,683,1211
25-Nov-2025,9170,-,0,9202.5,0,30.4473,439,2889,961
28-Oct-2025,9170,Call,10000,4.1,29.26,30.4473,-250,2702,832
28-Oct-2025,9170,Call,9800,6.5,25.08,30.4473,-208,833,718
28-Oct-2025,9170,Call,9700,8.9,23.46,30.4473,99,733,636
28-Oct-2025,9170,Put,8600,7.5,27.23,30.4473,5,826,581
28-Oct-2025,9170,Put,8500,5.35,29.14,30.4473,-18,814,457
28-Oct-2025,9170,Put,8700,10.9,25.61,30.4473,-21,1229,417
28-Oct-2025,9170,Put,9300,185,23.1,30.4473,23,223,392
25-Nov-2025,9170,Call,10000,67.2,25.15,30.4473,21,394,280
25-Nov-2025,9170,Put,8300,41.1,28.39,30.4473,-74,214,235
25-Nov-2025,9170,Call,9500,175.6,23.73,30.4473,69,261,206
25-Nov-2025,9170,Call,9200,292.95,23.05,30.4473,54,185,205
28-Oct-2025,9170,Call,8900,303.5,17.75,30.4473,-8,565,154
28-Oct-2025,9170,Put,9400,262.3,24.26,30.4473,-64,147,120
28-Oct-2025,9170,Call,9900,4.65,26.91,30.4473,-2,655,109
25-Nov-2025,9170,Put,8200,32.55,28.93,30.4473,-45,70,105
28-Oct-2025,9170,Call,8800,394.35,0,30.4473,-22,951,103
30-Dec-2025,9170,-,0,9230.5,0,30.4473,31,291,91
25-Nov-2025,9170,Put,9000,198.75,27.27,30.4473,32,128,90
28-Oct-2025,9170,Call,8700,491.55,0,30.4473,-11,793,76
25-Nov-2025,9170,Put,9200,290.7,28.21,30.4473,47,149,71
28-Oct-2025,9170,Put,8000,0.75,37.32,30.4473,-5,441,64
25-Nov-2025,9170,Call,9100,342.5,22.22,30.4473,2,56,62
25-Nov-2025,9170,Call,9000,402.9,22.31,30.4473,32,189,56
28-Oct-2025,9170,Put,9500,350.1,25.05,30.4473,-16,134,55
28-Oct-2025,9170,Put,9600,440.95,27.71,30.4473,-7,33,50
28-Oct-2025,9170,Put,8200,1.8,34.16,30.4473,-6,478,49
25-Nov-2025,9170,Put,8700,104.4,27.35,30.4473,23,80,48
28-Oct-2025,9170,Put,8300,2.85,33.06,30.4473,-25,441,47
25-Nov-2025,9170,Put,8500,65.1,27.72,30.4473,14,350,45
28-Oct-2025,9170,Call,8500,675.3,0,30.4473,0,147,41
30-Dec-2025,9170,Put,7600,14.9,26.59,30.4473,20,20,40
28-Oct-2025,9170,Put,8400,3.85,30.39,30.4473,-7,453,39
25-Nov-2025,9170,Put,9300,342.05,27.07,30.4473,28,43,38
25-Nov-2025,9170,Call,10200,45,25.83,30.4473,29,67,37
25-Nov-2025,9170,Put,8800,130.2,27.2,30.4473,27,27,36
25-Nov-2025,9170,Call,9700,120.45,24.24,30.4473,13,67,32
28-Oct-2025,9170,Call,10400,1.45,34.98,30.4473,5,287,31
25-Nov-2025,9170,Call,10600,22.6,27.77,30.4473,13,14,29
28-Oct-2025,9170,Put,7900,0.55,38.25,30.4473,-9,147,27
28-Oct-2025,9170,Call,10100,3.5,30.28,30.4473,-6,136,26
25-Nov-2025,9170,Call,9300,247.4,23.34,30.4473,13,31,23
28-Oct-2025,9170,Call,10300,2.25,34.5,30.4473,7,109,23
28-Oct-2025,9170,Put,9700,529.05,30.39,30.4473,0,28,22
25-Nov-2025,9170,Put,8600,82.95,27.36,30.4473,6,34,22
25-Nov-2025,9170,Call,9600,144.15,24.16,30.4473,9,44,21
25-Nov-2025,9170,Call,9800,98.45,24.49,30.4473,14,14,21
25-Nov-2025,9170,Put,8000,20.25,29.39,30.4473,0,118,20
25-Nov-2025,9170,Call,9400,210,24.21,30.4473,7,59,20
25-Nov-2025,9170,Put,8900,161.7,27.25,30.4473,12,23,19
28-Oct-2025,9170,Call,10200,2.25,31.95,30.4473,-4,250,17
28-Oct-2025,9170,Call,8300,880.4,0,30.4473,-13,79,17
25-Nov-2025,9170,Put,9100,239.8,27.64,30.4473,7,32,16
25-Nov-2025,9170,Put,8100,24.5,29.07,30.4473,6,8,13
28-Oct-2025,9170,Put,7800,1,43.87,30.4473,0,181,11
25-Nov-2025,9170,Call,9900,80.9,24.97,30.4473,9,9,11
28-Oct-2025,9170,Put,10000,823,0,30.4473,-7,99,10
25-Nov-2025,9170,Call,10400,32,26.86,30.4473,2,47,10
25-Nov-2025,9170,Put,10000,865,33.43,30.4473,2,18,7
25-Nov-2025,9170,Call,10100,55.05,25.63,30.4473,5,5,7
28-Oct-2025,9170,Call,8400,781.15,0,30.4473,-2,129,6
28-Oct-2025,9170,Call,8000,1178.75,0,30.4473,0,38,6
25-Nov-2025,9170,Put,10400,1215.4,0,30.4473,2,4,6
25-Nov-2025,9170,Put,8400,51.5,28.04,30.4473,1,9,5
28-Oct-2025,9170,Call,8600,585,0,30.4473,-2,454,5
28-Oct-2025,9170,Put,7700,0.15,39.12,30.4473,0,651,4
25-Nov-2025,9170,Call,8700,600,19.14,30.4473,0,22,3
30-Dec-2025,9170,Put,8000,51.15,27.99,30.4473,0,12,2
25-Nov-2025,9170,Call,10800,15.2,28.34,30.4473,1,76,2
28-Oct-2025,9170,Put,8100,1.6,36.79,30.4473,0,181,2
25-Nov-2025,9170,Put,7600,7.45,31.85,30.4473,0,133,2
28-Oct-2025,9170,Call,7600,1595,62.06,30.4473,0,4,1
25-Nov-2025,9170,Call,8000,1222,0,30.4473,0,0,1
28-Oct-2025,9170,Put,10400,1200,0,30.4473,0,9,1
28-Oct-2025,9170,Put,10100,0,0,30.4473,0,0,0
28-Oct-2025,9170,Call,7900,0,0,30.4473,0,0,0
28-Oct-2025,9170,Put,10600,0,0,30.4473,0,0,0
28-Oct-2025,9170,Call,7200,0,0,30.4473,0,0,0
28-Oct-2025,9170,Put,7200,0,0,30.4473,0,0,0
28-Oct-2025,9170,Put,7600,0,0,30.4473,0,453,0
28-Oct-2025,9170,Put,7400,0,0,30.4473,0,201,0
25-Nov-2025,9170,Put,9600,0,0,30.4473,0,0,0
25-Nov-2025,9170,Call,7900,0,0,30.4473,0,0,0
25-Nov-2025,9170,Put,9800,0,0,30.4473,0,0,0
25-Nov-2025,9170,Call,8800,0,0,30.4473,0,11,0
25-Nov-2025,9170,Call,7400,0,0,30.4473,0,0,0
25-Nov-2025,9170,Put,10600,0,0,30.4473,0,0,0
25-Nov-2025,9170,Put,7200,0,0,30.4473,0,0,0
30-Dec-2025,9170,Put,8600,0,0,30.4473,0,0,0
25-Nov-2025,9170,Call,8500,0,0,30.4473,0,12,0
25-Nov-2025,9170,Put,7900,0,0,30.4473,0,0,0
25-Nov-2025,9170,Call,7800,0,0,30.4473,0,0,0
25-Nov-2025,9170,Put,9500,0,0,30.4473,0,14,0
30-Dec-2025,9170,Call,10200,0,0,30.4473,0,0,0
25-Nov-2025,9170,Call,7600,0,0,30.4473,0,1,0
25-Nov-2025,9170,Call,7700,0,0,30.4473,0,0,0
30-Dec-2025,9170,Put,9000,0,0,30.4473,0,0,0
25-Nov-2025,9170,Put,9900,0,0,30.4473,0,0,0
30-Dec-2025,9170,Call,9200,0,0,30.4473,0,1,0
30-Dec-2025,9170,Put,7800,0,0,30.4473,0,0,0
30-Dec-2025,9170,Put,9200,0,0,30.4473,0,5,0
25-Nov-2025,9170,Put,7400,0,0,30.4473,0,0,0
30-Dec-2025,9170,Call,9800,0,0,30.4473,0,0,0
30-Dec-2025,9170,Call,9000,0,0,30.4473,0,0,0
30-Dec-2025,9170,Call,9600,0,0,30.4473,0,0,0
28-Oct-2025,9170,Call,7700,0,0,30.4473,0,0,0
28-Oct-2025,9170,Put,10200,0,0,30.4473,0,2,0
28-Oct-2025,9170,Call,8200,0,0,30.4473,0,51,0
28-Oct-2025,9170,Put,9800,0,0,30.4473,0,27,0
28-Oct-2025,9170,Call,7400,0,0,30.4473,0,0,0
30-Dec-2025,9170,Call,10000,0,0,30.4473,0,0,0
25-Nov-2025,9170,Call,8900,0,0,30.4473,0,32,0
28-Oct-2025,9170,Put,9900,0,0,30.4473,0,3,0
25-Nov-2025,9170,Call,8600,0,0,30.4473,0,16,0
25-Nov-2025,9170,Put,7800,0,0,30.4473,0,20,0
25-Nov-2025,9170,Put,10200,0,0,30.4473,0,0,0
28-Oct-2025,9170,Call,10600,0,0,30.4473,0,0,0
28-Oct-2025,9170,Call,7800,0,0,30.4473,0,0,0
25-Nov-2025,9170,Call,8400,0,0,30.4473,0,0,0
25-Nov-2025,9170,Put,9400,0,0,30.4473,0,0,0
25-Nov-2025,9170,Put,7700,0,0,30.4473,0,0,0
25-Nov-2025,9170,Call,7200,0,0,30.4473,0,0,0
25-Nov-2025,9170,Call,8200,0,0,30.4473,0,0,0
30-Dec-2025,9170,Put,9600,0,0,30.4473,0,0,0
25-Nov-2025,9170,Put,9700,0,0,30.4473,0,0,0
30-Dec-2025,9170,Call,10400,0,0,30.4473,0,0,0
30-Dec-2025,9170,Put,8800,0,0,30.4473,0,0,0
25-Nov-2025,9170,Put,10100,0,0,30.4473,0,0,0
30-Dec-2025,9170,Call,9400,0,0,30.4473,0,0,0
25-Nov-2025,9170,Call,8100,0,0,30.4473,0,0,0
25-Nov-2025,9170,Call,8300,0,0,30.4473,0,0,0
28-Oct-2025,9170,Call,8100,0,0,30.4473,0,0,0
30-Dec-2025,9170,Put,9400,0,0,30.4473,0,0,0
