28-Oct-2025,1244.3,-,0,1245.7,0,38.5868,24,19828,573
28-Oct-2025,1244.3,Call,1300,5.3,30.85,38.5868,-69,1472,364
28-Oct-2025,1244.3,Call,1260,15.75,28.81,38.5868,28,1109,287
28-Oct-2025,1244.3,Call,1280,9.2,30.28,38.5868,38,1186,183
25-Nov-2025,1244.3,-,0,1238.9,0,38.5868,50,4270,168
28-Oct-2025,1244.3,Call,1240,24.7,29.27,38.5868,-1,677,157
28-Oct-2025,1244.3,Put,1240,19.05,29.15,38.5868,18,356,99
28-Oct-2025,1244.3,Put,1200,6.5,30.89,38.5868,23,763,77
28-Oct-2025,1244.3,Put,1260,30.1,30.28,38.5868,6,324,72
28-Oct-2025,1244.3,Put,1220,11.7,29.34,38.5868,-3,587,65
28-Oct-2025,1244.3,Call,1320,3,31.54,38.5868,-1,566,62
25-Nov-2025,1244.3,Call,1300,27.05,28.68,38.5868,-1,414,56
28-Oct-2025,1244.3,Call,1220,36.85,29.62,38.5868,-21,741,47
28-Oct-2025,1244.3,Put,1180,3.85,32.61,38.5868,13,283,37
28-Oct-2025,1244.3,Call,1340,1.9,32.45,38.5868,3,301,21
28-Oct-2025,1244.3,Put,1160,2.3,35.29,38.5868,-9,249,13
28-Oct-2025,1244.3,Call,1400,0.65,38.87,38.5868,0,414,11
28-Oct-2025,1244.3,Call,1360,1.35,34.93,38.5868,-1,321,7
28-Oct-2025,1244.3,Put,1140,1.65,38.65,38.5868,-2,276,7
28-Oct-2025,1244.3,Call,1200,53,31.63,38.5868,-4,468,7
25-Nov-2025,1244.3,Call,1240,49.9,27.57,38.5868,0,123,7
25-Nov-2025,1244.3,Call,1340,17,29.14,38.5868,1,45,5
28-Oct-2025,1244.3,Put,1280,43.75,35.36,38.5868,-1,202,4
30-Dec-2025,1244.3,-,0,1236.6,0,38.5868,0,249,3
28-Oct-2025,1244.3,Put,1300,58.2,30.84,38.5868,0,298,3
28-Oct-2025,1244.3,Call,1160,89.45,32.48,38.5868,0,87,1
28-Oct-2025,1244.3,Put,960,0.15,67.65,38.5868,0,15,1
25-Nov-2025,1244.3,Put,1240,49.75,0,38.5868,0,36,1
28-Oct-2025,1244.3,Put,1360,0,0,38.5868,0,20,0
28-Oct-2025,1244.3,Put,1400,0,0,38.5868,0,42,0
28-Oct-2025,1244.3,Put,1120,0,0,38.5868,0,93,0
28-Oct-2025,1244.3,Put,1020,0,0,38.5868,0,6,0
28-Oct-2025,1244.3,Put,1060,0,0,38.5868,0,118,0
28-Oct-2025,1244.3,Call,1180,0,0,38.5868,0,64,0
28-Oct-2025,1244.3,Call,1140,0,0,38.5868,0,45,0
28-Oct-2025,1244.3,Call,1100,0,0,38.5868,0,22,0
28-Oct-2025,1244.3,Put,1440,0,0,38.5868,0,0,0
28-Oct-2025,1244.3,Put,1100,0,0,38.5868,0,195,0
28-Oct-2025,1244.3,Put,1040,0,0,38.5868,0,98,0
28-Oct-2025,1244.3,Put,980,0,0,38.5868,0,12,0
28-Oct-2025,1244.3,Call,1080,0,0,38.5868,0,25,0
28-Oct-2025,1244.3,Call,1480,0,0,38.5868,0,24,0
28-Oct-2025,1244.3,Put,920,0,0,38.5868,0,11,0
28-Oct-2025,1244.3,Call,1120,0,0,38.5868,0,24,0
28-Oct-2025,1244.3,Call,1440,0,0,38.5868,0,96,0
28-Oct-2025,1244.3,Put,1340,0,0,38.5868,0,24,0
28-Oct-2025,1244.3,Put,1080,0,0,38.5868,0,98,0
28-Oct-2025,1244.3,Call,1380,0,0,38.5868,0,125,0
28-Oct-2025,1244.3,Call,1060,0,0,38.5868,0,6,0
28-Oct-2025,1244.3,Put,1380,0,0,38.5868,0,0,0
28-Oct-2025,1244.3,Put,1480,0,0,38.5868,0,3,0
28-Oct-2025,1244.3,Call,1000,0,0,38.5868,0,0,0
28-Oct-2025,1244.3,Call,1040,0,0,38.5868,0,0,0
28-Oct-2025,1244.3,Put,1320,0,0,38.5868,0,13,0
28-Oct-2025,1244.3,Put,1000,0,0,38.5868,0,40,0
25-Nov-2025,1244.3,Call,1120,0,0,38.5868,0,0,0
25-Nov-2025,1244.3,Put,1360,0,0,38.5868,0,4,0
25-Nov-2025,1244.3,Put,1440,0,0,38.5868,0,3,0
25-Nov-2025,1244.3,Call,1280,0,0,38.5868,0,19,0
25-Nov-2025,1244.3,Call,1400,0,0,38.5868,0,44,0
25-Nov-2025,1244.3,Put,1280,0,0,38.5868,0,10,0
25-Nov-2025,1244.3,Call,1220,0,0,38.5868,0,24,0
25-Nov-2025,1244.3,Call,1260,0,0,38.5868,0,31,0
25-Nov-2025,1244.3,Put,1080,0,0,38.5868,0,2,0
25-Nov-2025,1244.3,Put,1040,0,0,38.5868,0,0,0
25-Nov-2025,1244.3,Call,1380,0,0,38.5868,0,0,0
25-Nov-2025,1244.3,Call,1140,0,0,38.5868,0,0,0
25-Nov-2025,1244.3,Put,1300,0,0,38.5868,0,83,0
25-Nov-2025,1244.3,Put,1220,0,0,38.5868,0,13,0
25-Nov-2025,1244.3,Call,1440,0,0,38.5868,0,2,0
25-Nov-2025,1244.3,Put,1480,0,0,38.5868,0,5,0
25-Nov-2025,1244.3,Put,1180,0,0,38.5868,0,32,0
25-Nov-2025,1244.3,Call,1080,0,0,38.5868,0,0,0
25-Nov-2025,1244.3,Call,1200,0,0,38.5868,0,14,0
25-Nov-2025,1244.3,Call,1360,0,0,38.5868,0,57,0
25-Nov-2025,1244.3,Put,1400,0,0,38.5868,0,11,0
25-Nov-2025,1244.3,Put,1160,0,0,38.5868,0,52,0
25-Nov-2025,1244.3,Call,1160,0,0,38.5868,0,0,0
25-Nov-2025,1244.3,Put,1340,0,0,38.5868,0,3,0
25-Nov-2025,1244.3,Put,1100,0,0,38.5868,0,52,0
25-Nov-2025,1244.3,Put,1000,0,0,38.5868,0,0,0
30-Dec-2025,1244.3,Put,1120,0,0,38.5868,0,0,0
30-Dec-2025,1244.3,Put,1200,0,0,38.5868,0,9,0
30-Dec-2025,1244.3,Put,1080,0,0,38.5868,0,0,0
25-Nov-2025,1244.3,Put,1200,0,0,38.5868,0,120,0
25-Nov-2025,1244.3,Put,1120,0,0,38.5868,0,2,0
30-Dec-2025,1244.3,Call,1320,0,0,38.5868,0,0,0
25-Nov-2025,1244.3,Call,1180,0,0,38.5868,0,1,0
25-Nov-2025,1244.3,Call,1320,0,0,38.5868,0,22,0
25-Nov-2025,1244.3,Call,1040,0,0,38.5868,0,0,0
30-Dec-2025,1244.3,Put,1160,0,0,38.5868,0,1,0
30-Dec-2025,1244.3,Call,1360,0,0,38.5868,0,0,0
25-Nov-2025,1244.3,Call,1100,0,0,38.5868,0,0,0
30-Dec-2025,1244.3,Put,1320,0,0,38.5868,0,0,0
25-Nov-2025,1244.3,Put,1320,0,0,38.5868,0,3,0
30-Dec-2025,1244.3,Call,1280,0,0,38.5868,0,0,0
25-Nov-2025,1244.3,Put,1260,0,0,38.5868,0,22,0
30-Dec-2025,1244.3,Call,1240,0,0,38.5868,0,0,0
25-Nov-2025,1244.3,Call,1000,0,0,38.5868,0,0,0
30-Dec-2025,1244.3,Call,1400,0,0,38.5868,0,0,0
25-Nov-2025,1244.3,Put,1380,0,0,38.5868,0,0,0
30-Dec-2025,1244.3,Call,1200,0,0,38.5868,0,0,0
25-Nov-2025,1244.3,Call,1480,0,0,38.5868,0,0,0
30-Dec-2025,1244.3,Put,1240,0,0,38.5868,0,1,0
30-Dec-2025,1244.3,Put,1040,0,0,38.5868,0,0,0
25-Nov-2025,1244.3,Put,1140,0,0,38.5868,0,0,0
30-Dec-2025,1244.3,Put,1280,0,0,38.5868,0,0,0
