28-Oct-2025,361.75,Call,360,6,24.22,39.1431,-401,741,2882
28-Oct-2025,361.75,-,0,361.8,0,39.1431,-144,15825,2825
28-Oct-2025,361.75,Call,365,3.6,24.32,39.1431,-56,567,2151
28-Oct-2025,361.75,Call,370,2.05,24.54,39.1431,-80,776,2088
28-Oct-2025,361.75,Put,360,4.2,23.45,39.1431,157,496,1727
25-Nov-2025,361.75,-,0,363.85,0,39.1431,493,1571,1178
28-Oct-2025,361.75,Put,355,2.35,23.96,39.1431,2,251,943
28-Oct-2025,361.75,Call,375,1.15,25.13,39.1431,111,416,779
28-Oct-2025,361.75,Put,350,1.25,25.35,39.1431,-74,509,698
28-Oct-2025,361.75,Call,390,0.35,30.29,39.1431,-36,324,450
28-Oct-2025,361.75,Put,365,6.5,23.83,39.1431,74,170,440
28-Oct-2025,361.75,Put,345,0.75,26.91,39.1431,-39,226,362
28-Oct-2025,361.75,Call,355,9.15,25.47,39.1431,-84,182,353
28-Oct-2025,361.75,Call,350,13.35,25.23,39.1431,-53,380,350
28-Oct-2025,361.75,Call,380,0.75,26.67,39.1431,15,550,311
28-Oct-2025,361.75,Put,340,0.55,30.17,39.1431,-5,491,284
28-Oct-2025,361.75,Put,370,9.6,22.08,39.1431,-34,153,236
25-Nov-2025,361.75,Call,390,4.05,27.17,39.1431,136,218,217
25-Nov-2025,361.75,Call,380,6.5,26.91,39.1431,60,212,182
25-Nov-2025,361.75,Call,360,14.9,27.47,39.1431,42,97,150
25-Nov-2025,361.75,Call,370,10,26.99,39.1431,36,94,121
25-Nov-2025,361.75,Put,340,4,28.84,39.1431,36,88,101
25-Nov-2025,361.75,Put,350,6.55,28.47,39.1431,29,98,81
25-Nov-2025,361.75,Call,400,2.45,27.58,39.1431,26,77,73
28-Oct-2025,361.75,Call,340,22.7,35.85,39.1431,-15,123,68
28-Oct-2025,361.75,Call,400,0.2,34.72,39.1431,-10,674,65
28-Oct-2025,361.75,Put,320,0.15,40.76,39.1431,-15,212,60
28-Oct-2025,361.75,Put,375,13.5,21.06,39.1431,2,19,59
28-Oct-2025,361.75,Put,330,0.3,36.05,39.1431,-8,283,57
28-Oct-2025,361.75,Put,380,17.7,0,39.1431,-5,43,53
28-Oct-2025,361.75,Call,345,19.6,39.91,39.1431,-12,141,48
28-Oct-2025,361.75,Put,315,0.15,45.17,39.1431,25,101,45
30-Dec-2025,361.75,-,0,366.5,0,39.1431,-1,65,41
25-Nov-2025,361.75,Put,370,15,27.17,39.1431,22,37,36
25-Nov-2025,361.75,Call,375,8.3,27.51,39.1431,16,23,32
25-Nov-2025,361.75,Put,360,10.5,28.11,39.1431,8,45,30
25-Nov-2025,361.75,Call,365,12.4,27.36,39.1431,5,47,29
28-Oct-2025,361.75,Put,335,0.35,32.2,39.1431,-8,104,27
28-Oct-2025,361.75,Put,385,22.3,0,39.1431,-1,21,24
28-Oct-2025,361.75,Call,385,0.45,28.85,39.1431,-4,119,23
25-Nov-2025,361.75,Call,350,22,29.89,39.1431,1,40,20
25-Nov-2025,361.75,Put,380,21.6,27.83,39.1431,10,17,19
25-Nov-2025,361.75,Put,310,0.75,32.17,39.1431,1,32,18
28-Oct-2025,361.75,Put,325,0.25,39.55,39.1431,-3,193,17
28-Oct-2025,361.75,Put,390,27.25,0,39.1431,0,38,12
28-Oct-2025,361.75,Put,310,0.1,46.88,39.1431,1,97,12
28-Oct-2025,361.75,Call,330,33.4,49.58,39.1431,-3,21,12
25-Nov-2025,361.75,Put,320,1.25,30.46,39.1431,8,43,12
25-Nov-2025,361.75,Put,365,12.35,27.32,39.1431,5,5,11
25-Nov-2025,361.75,Put,330,2.15,29.16,39.1431,3,37,11
25-Nov-2025,361.75,Call,410,1.7,29.13,39.1431,8,9,10
28-Oct-2025,361.75,Put,400,35.9,0,39.1431,-7,34,9
25-Nov-2025,361.75,Put,390,27.9,24.73,39.1431,2,13,8
28-Oct-2025,361.75,Call,335,28.95,48.65,39.1431,0,24,7
25-Nov-2025,361.75,Call,355,17.95,27.67,39.1431,-3,4,7
28-Oct-2025,361.75,Call,410,0.15,39.97,39.1431,-1,224,6
25-Nov-2025,361.75,Put,355,8,27.63,39.1431,4,6,6
25-Nov-2025,361.75,Put,400,37.25,28.22,39.1431,2,13,5
25-Nov-2025,361.75,Put,410,46.35,29.7,39.1431,4,12,5
25-Nov-2025,361.75,Put,300,0.5,34.59,39.1431,0,32,3
28-Oct-2025,361.75,Put,420,57.8,47.28,39.1431,-1,16,2
25-Nov-2025,361.75,Call,300,66,44.13,39.1431,0,0,1
25-Nov-2025,361.75,Put,325,1.65,29.83,39.1431,0,1,1
28-Oct-2025,361.75,Call,395,0,0,39.1431,0,0,0
28-Oct-2025,361.75,Call,315,0,0,39.1431,0,9,0
28-Oct-2025,361.75,Call,420,0,0,39.1431,0,40,0
28-Oct-2025,361.75,Call,300,0,0,39.1431,0,4,0
28-Oct-2025,361.75,Call,325,0,0,39.1431,0,16,0
28-Oct-2025,361.75,Put,395,0,0,39.1431,0,10,0
28-Oct-2025,361.75,Call,310,0,0,39.1431,0,10,0
28-Oct-2025,361.75,Put,410,0,0,39.1431,0,3,0
28-Oct-2025,361.75,Put,290,0,0,39.1431,0,7,0
28-Oct-2025,361.75,Put,285,0,0,39.1431,0,35,0
28-Oct-2025,361.75,Put,305,0,0,39.1431,0,1,0
28-Oct-2025,361.75,Put,300,0,0,39.1431,0,237,0
28-Oct-2025,361.75,Call,320,0,0,39.1431,0,39,0
25-Nov-2025,361.75,Call,395,0,0,39.1431,0,0,0
28-Oct-2025,361.75,Put,295,0,0,39.1431,0,4,0
25-Nov-2025,361.75,Call,345,0,0,39.1431,0,0,0
25-Nov-2025,361.75,Call,310,0,0,39.1431,0,4,0
25-Nov-2025,361.75,Call,315,0,0,39.1431,0,0,0
25-Nov-2025,361.75,Call,325,0,0,39.1431,0,2,0
25-Nov-2025,361.75,Put,335,0,0,39.1431,0,0,0
25-Nov-2025,361.75,Put,385,0,0,39.1431,0,7,0
30-Dec-2025,361.75,Call,400,0,0,39.1431,0,0,0
25-Nov-2025,361.75,Call,335,0,0,39.1431,0,2,0
25-Nov-2025,361.75,Call,330,0,0,39.1431,0,7,0
30-Dec-2025,361.75,Put,340,0,0,39.1431,0,0,0
25-Nov-2025,361.75,Put,375,0,0,39.1431,0,25,0
30-Dec-2025,361.75,Call,360,0,0,39.1431,0,0,0
30-Dec-2025,361.75,Call,370,0,0,39.1431,0,0,0
25-Nov-2025,361.75,Put,345,0,0,39.1431,0,0,0
25-Nov-2025,361.75,Put,395,0,0,39.1431,0,0,0
30-Dec-2025,361.75,Call,390,0,0,39.1431,0,1,0
30-Dec-2025,361.75,Call,350,0,0,39.1431,0,0,0
25-Nov-2025,361.75,Put,315,0,0,39.1431,0,0,0
25-Nov-2025,361.75,Call,340,0,0,39.1431,0,1,0
30-Dec-2025,361.75,Put,330,0,0,39.1431,0,0,0
25-Nov-2025,361.75,Call,320,0,0,39.1431,0,4,0
30-Dec-2025,361.75,Put,360,0,0,39.1431,0,0,0
30-Dec-2025,361.75,Put,370,0,0,39.1431,0,0,0
30-Dec-2025,361.75,Put,350,0,0,39.1431,0,0,0
30-Dec-2025,361.75,Put,380,0,0,39.1431,0,0,0
25-Nov-2025,361.75,Call,385,0,0,39.1431,0,0,0
30-Dec-2025,361.75,Call,380,0,0,39.1431,0,0,0
