28-Oct-2025,7058.5,Call,7100,59.85,17.49,27.9649,239,1236,1770
28-Oct-2025,7058.5,Call,7200,29.95,18.44,27.9649,60,953,1420
28-Oct-2025,7058.5,Put,7000,53.4,20.19,27.9649,59,630,1333
28-Oct-2025,7058.5,-,0,7058,0,27.9649,53,18658,1141
28-Oct-2025,7058.5,Call,7000,110.2,16.46,27.9649,13,1681,957
28-Oct-2025,7058.5,Call,7050,83.25,17.49,27.9649,78,573,806
28-Oct-2025,7058.5,Put,6900,25.65,20.89,27.9649,10,492,587
28-Oct-2025,7058.5,Put,6800,13,22.03,27.9649,6,563,533
28-Oct-2025,7058.5,Put,7050,75.35,20.58,27.9649,51,213,485
28-Oct-2025,7058.5,Call,7150,42.75,18.02,27.9649,31,292,424
28-Oct-2025,7058.5,Call,7300,15.35,20.01,27.9649,-37,385,409
28-Oct-2025,7058.5,Put,7100,101.6,20.75,27.9649,54,335,348
28-Oct-2025,7058.5,Call,7500,5.85,24.22,27.9649,14,1138,323
25-Nov-2025,7058.5,-,0,7103.5,0,27.9649,131,911,318
28-Oct-2025,7058.5,Put,6950,35.05,19.79,27.9649,54,241,312
28-Oct-2025,7058.5,Call,7250,20.55,19.32,27.9649,-7,247,284
28-Oct-2025,7058.5,Put,6700,7.45,24.46,27.9649,-10,487,219
28-Oct-2025,7058.5,Put,6850,18,21.53,27.9649,-14,241,201
28-Oct-2025,7058.5,Call,7400,8.7,22.14,27.9649,-26,374,179
28-Oct-2025,7058.5,Call,6900,180.8,14.63,27.9649,-24,311,154
28-Oct-2025,7058.5,Call,6950,144.4,18.03,27.9649,-2,128,111
25-Nov-2025,7058.5,Call,7000,242,19.69,27.9649,45,97,105
28-Oct-2025,7058.5,Put,6600,5.6,28.17,27.9649,-12,374,97
25-Nov-2025,7058.5,Call,7500,66.2,21.93,27.9649,17,135,97
28-Oct-2025,7058.5,Call,7350,11.35,20.93,27.9649,-15,74,72
25-Nov-2025,7058.5,Put,7100,198.6,24.63,27.9649,25,35,69
28-Oct-2025,7058.5,Put,6500,3.6,30.23,27.9649,-19,1022,64
28-Oct-2025,7058.5,Put,6750,10.25,23.6,27.9649,-5,226,60
28-Oct-2025,7058.5,Call,7600,2.8,25.24,27.9649,-31,399,57
28-Oct-2025,7058.5,Put,7200,184,25.68,27.9649,11,204,56
28-Oct-2025,7058.5,Call,7450,6.95,23.17,27.9649,-8,57,47
28-Oct-2025,7058.5,Call,7800,1.9,30.8,27.9649,-36,250,41
28-Oct-2025,7058.5,Put,6200,0.4,33.45,27.9649,-1,971,40
25-Nov-2025,7058.5,Call,7200,150.75,20.83,27.9649,-3,49,38
25-Nov-2025,7058.5,Put,6500,29.8,24.6,27.9649,3,111,27
28-Oct-2025,7058.5,Put,6100,0.15,33.85,27.9649,0,468,26
28-Oct-2025,7058.5,Put,6400,1.7,31.21,27.9649,-4,455,26
25-Nov-2025,7058.5,Call,7100,184.95,19.47,27.9649,12,37,23
25-Nov-2025,7058.5,Put,6900,113.3,24.04,27.9649,11,59,23
25-Nov-2025,7058.5,Put,7000,150,23.56,27.9649,3,69,22
25-Nov-2025,7058.5,Put,6300,13.25,25,27.9649,20,83,21
28-Oct-2025,7058.5,Call,7700,2.25,28.02,27.9649,-6,814,20
25-Nov-2025,7058.5,Put,6400,19.55,24.67,27.9649,13,84,18
25-Nov-2025,7058.5,Put,6700,58.85,23.94,27.9649,13,65,18
28-Oct-2025,7058.5,Call,6600,460.5,0,27.9649,-14,70,17
28-Oct-2025,7058.5,Call,7900,0.85,30.82,27.9649,-1,187,17
28-Oct-2025,7058.5,Call,6500,561,0,27.9649,-14,97,16
28-Oct-2025,7058.5,Put,6350,1,31.06,27.9649,-8,11,15
28-Oct-2025,7058.5,Put,6650,6.55,26.33,27.9649,-6,69,15
25-Nov-2025,7058.5,Call,8000,16.25,24.35,27.9649,11,63,14
28-Oct-2025,7058.5,Call,6800,270,0,27.9649,-7,174,12
25-Nov-2025,7058.5,Call,6500,612,0,27.9649,10,10,12
25-Nov-2025,7058.5,Call,7550,55.85,21.9,27.9649,-1,8,9
28-Oct-2025,7058.5,Call,8000,1.25,35.48,27.9649,-7,249,8
30-Dec-2025,7058.5,-,0,7120,0,27.9649,2,106,7
25-Nov-2025,7058.5,Call,6900,305,19.58,27.9649,5,43,7
28-Oct-2025,7058.5,Put,6250,1.15,35.69,27.9649,0,19,6
28-Oct-2025,7058.5,Call,6700,357,0,27.9649,0,81,6
25-Nov-2025,7058.5,Call,7300,125.5,22.35,27.9649,2,11,6
28-Oct-2025,7058.5,Put,6300,1.25,34.02,27.9649,0,217,5
28-Oct-2025,7058.5,Call,7550,4.9,25.78,27.9649,1,69,5
25-Nov-2025,7058.5,Put,6850,96.7,23.66,27.9649,3,12,5
25-Nov-2025,7058.5,Call,7600,48.35,22.12,27.9649,1,4,4
28-Oct-2025,7058.5,Put,6450,2.9,0,27.9649,0,84,3
25-Nov-2025,7058.5,Call,7050,226,21.16,27.9649,1,15,3
28-Oct-2025,7058.5,Put,7300,260.25,26.19,27.9649,0,12,2
25-Nov-2025,7058.5,Call,6800,368,18.12,27.9649,1,45,2
28-Oct-2025,7058.5,Put,7500,412,0,27.9649,0,293,1
28-Oct-2025,7058.5,Put,6000,0.95,44.93,27.9649,0,364,1
28-Oct-2025,7058.5,Call,6000,1100,81.26,27.9649,0,163,1
28-Oct-2025,7058.5,Put,7350,306.9,28.27,27.9649,0,3,1
25-Nov-2025,7058.5,Call,6950,300.8,23.12,27.9649,0,4,1
28-Oct-2025,7058.5,Put,5850,0,0,27.9649,0,43,0
28-Oct-2025,7058.5,Put,6150,0,0,27.9649,0,4,0
28-Oct-2025,7058.5,Put,5950,0,0,27.9649,0,10,0
28-Oct-2025,7058.5,Put,5900,0,0,27.9649,0,31,0
28-Oct-2025,7058.5,Put,6050,0,0,27.9649,0,65,0
28-Oct-2025,7058.5,Put,6550,0,0,27.9649,0,99,0
28-Oct-2025,7058.5,Put,5700,0,0,27.9649,0,1,0
28-Oct-2025,7058.5,Put,7900,0,0,27.9649,0,0,0
28-Oct-2025,7058.5,Call,7650,0,0,0,0,0,0
28-Oct-2025,7058.5,Put,7650,0,0,0,0,0,0
28-Oct-2025,7058.5,Call,6750,0,0,27.9649,0,10,0
28-Oct-2025,7058.5,Call,6850,0,0,27.9649,0,29,0
28-Oct-2025,7058.5,Call,5500,0,0,27.9649,0,6,0
28-Oct-2025,7058.5,Call,5900,0,0,27.9649,0,0,0
28-Oct-2025,7058.5,Call,6100,0,0,27.9649,0,3,0
28-Oct-2025,7058.5,Call,6200,0,0,27.9649,0,28,0
28-Oct-2025,7058.5,Call,6300,0,0,27.9649,0,17,0
28-Oct-2025,7058.5,Call,6400,0,0,27.9649,0,19,0
28-Oct-2025,7058.5,Call,5600,0,0,27.9649,0,9,0
28-Oct-2025,7058.5,Call,5700,0,0,27.9649,0,3,0
28-Oct-2025,7058.5,Put,7800,0,0,27.9649,0,0,0
28-Oct-2025,7058.5,Put,7250,0,0,27.9649,0,6,0
28-Oct-2025,7058.5,Put,7600,0,0,27.9649,0,0,0
28-Oct-2025,7058.5,Put,7450,0,0,27.9649,0,1,0
28-Oct-2025,7058.5,Put,7400,0,0,27.9649,0,114,0
28-Oct-2025,7058.5,Put,7150,0,0,27.9649,0,12,0
28-Oct-2025,7058.5,Call,5400,0,0,27.9649,0,19,0
28-Oct-2025,7058.5,Call,5300,0,0,27.9649,0,5,0
28-Oct-2025,7058.5,Call,6650,0,0,27.9649,0,0,0
28-Oct-2025,7058.5,Put,7550,0,0,27.9649,0,0,0
28-Oct-2025,7058.5,Put,7700,0,0,27.9649,0,0,0
28-Oct-2025,7058.5,Put,8000,0,0,27.9649,0,0,0
28-Oct-2025,7058.5,Put,5800,0,0,27.9649,0,24,0
28-Oct-2025,7058.5,Call,6350,0,0,27.9649,0,0,0
28-Oct-2025,7058.5,Call,6450,0,0,27.9649,0,0,0
28-Oct-2025,7058.5,Call,6550,0,0,27.9649,0,2,0
25-Nov-2025,7058.5,Call,7650,0,0,0,0,0,0
25-Nov-2025,7058.5,Put,7650,0,0,0,0,0,0
25-Nov-2025,7058.5,Put,6350,0,0,27.9649,0,0,0
25-Nov-2025,7058.5,Put,7450,0,0,27.9649,0,0,0
25-Nov-2025,7058.5,Call,6350,0,0,27.9649,0,0,0
25-Nov-2025,7058.5,Put,5900,0,0,27.9649,0,20,0
25-Nov-2025,7058.5,Call,6450,0,0,27.9649,0,0,0
25-Nov-2025,7058.5,Call,6550,0,0,27.9649,0,0,0
25-Nov-2025,7058.5,Call,6750,0,0,27.9649,0,0,0
25-Nov-2025,7058.5,Call,6650,0,0,27.9649,0,0,0
25-Nov-2025,7058.5,Call,6400,0,0,27.9649,0,0,0
25-Nov-2025,7058.5,Call,6700,0,0,27.9649,0,0,0
25-Nov-2025,7058.5,Call,7350,0,0,27.9649,0,1,0
25-Nov-2025,7058.5,Call,6600,0,0,27.9649,0,0,0
25-Nov-2025,7058.5,Put,7250,0,0,27.9649,0,0,0
25-Nov-2025,7058.5,Put,7350,0,0,27.9649,0,0,0
25-Nov-2025,7058.5,Put,7150,0,0,27.9649,0,0,0
25-Nov-2025,7058.5,Call,7150,0,0,27.9649,0,2,0
25-Nov-2025,7058.5,Put,6650,0,0,27.9649,0,3,0
25-Nov-2025,7058.5,Put,6750,0,0,27.9649,0,1,0
25-Nov-2025,7058.5,Call,7250,0,0,27.9649,0,2,0
25-Nov-2025,7058.5,Put,6950,0,0,27.9649,0,0,0
25-Nov-2025,7058.5,Call,6850,0,0,27.9649,0,0,0
25-Nov-2025,7058.5,Put,7200,0,0,27.9649,0,0,0
25-Nov-2025,7058.5,Put,7050,0,0,27.9649,0,0,0
25-Nov-2025,7058.5,Put,7300,0,0,27.9649,0,0,0
25-Nov-2025,7058.5,Call,7700,0,0,27.9649,0,7,0
25-Nov-2025,7058.5,Put,7400,0,0,27.9649,0,0,0
25-Nov-2025,7058.5,Call,7400,0,0,27.9649,0,0,0
25-Nov-2025,7058.5,Call,7450,0,0,27.9649,0,0,0
25-Nov-2025,7058.5,Call,7800,0,0,27.9649,0,0,0
25-Nov-2025,7058.5,Put,7700,0,0,27.9649,0,0,0
25-Nov-2025,7058.5,Put,6200,0,0,27.9649,0,0,0
25-Nov-2025,7058.5,Put,7900,0,0,27.9649,0,0,0
25-Nov-2025,7058.5,Call,7900,0,0,27.9649,0,40,0
25-Nov-2025,7058.5,Put,6800,0,0,27.9649,0,7,0
25-Nov-2025,7058.5,Put,6100,0,0,27.9649,0,0,0
25-Nov-2025,7058.5,Put,7500,0,0,27.9649,0,0,0
25-Nov-2025,7058.5,Put,6600,0,0,27.9649,0,7,0
25-Nov-2025,7058.5,Put,7550,0,0,27.9649,0,0,0
25-Nov-2025,7058.5,Call,5900,0,0,27.9649,0,1,0
25-Nov-2025,7058.5,Call,6100,0,0,27.9649,0,0,0
25-Nov-2025,7058.5,Call,6000,0,0,27.9649,0,0,0
25-Nov-2025,7058.5,Put,7600,0,0,27.9649,0,0,0
25-Nov-2025,7058.5,Call,6200,0,0,27.9649,0,0,0
25-Nov-2025,7058.5,Call,6300,0,0,27.9649,0,2,0
25-Nov-2025,7058.5,Put,6000,0,0,27.9649,0,0,0
25-Nov-2025,7058.5,Put,6550,0,0,27.9649,0,1,0
25-Nov-2025,7058.5,Put,7800,0,0,27.9649,0,0,0
30-Dec-2025,7058.5,Put,6600,0,0,27.9649,0,0,0
30-Dec-2025,7058.5,Put,7000,0,0,27.9649,0,0,0
25-Nov-2025,7058.5,Put,8000,0,0,27.9649,0,0,0
25-Nov-2025,7058.5,Put,6450,0,0,27.9649,0,0,0
30-Dec-2025,7058.5,Call,7200,0,0,27.9649,0,0,0
30-Dec-2025,7058.5,Put,6900,0,0,27.9649,0,0,0
30-Dec-2025,7058.5,Call,7300,0,0,27.9649,0,0,0
30-Dec-2025,7058.5,Put,6800,0,0,27.9649,0,0,0
30-Dec-2025,7058.5,Put,7300,0,0,27.9649,0,0,0
30-Dec-2025,7058.5,Call,7600,0,0,27.9649,0,0,0
30-Dec-2025,7058.5,Call,6900,0,0,27.9649,0,0,0
30-Dec-2025,7058.5,Call,7000,0,0,27.9649,0,0,0
30-Dec-2025,7058.5,Put,7100,0,0,27.9649,0,0,0
30-Dec-2025,7058.5,Call,7100,0,0,27.9649,0,0,0
30-Dec-2025,7058.5,Call,7800,0,0,27.9649,0,0,0
30-Dec-2025,7058.5,Call,7400,0,0,27.9649,0,0,0
30-Dec-2025,7058.5,Call,7500,0,0,27.9649,0,0,0
30-Dec-2025,7058.5,Put,6700,0,0,27.9649,0,0,0
30-Dec-2025,7058.5,Put,7400,0,0,27.9649,0,0,0
30-Dec-2025,7058.5,Put,7200,0,0,27.9649,0,0,0
30-Dec-2025,7058.5,Put,6500,0,0,27.9649,0,0,0
