28-Oct-2025,2602.8,Call,2700,9.5,24.88,22.7128,2107,3550,4848
28-Oct-2025,2602.8,Call,2600,36.2,20.2,22.7128,-36,2731,2865
28-Oct-2025,2602.8,-,0,2602.5,0,22.7128,525,45225,2853
28-Oct-2025,2602.8,Put,2600,33.7,25.03,22.7128,89,788,1670
28-Oct-2025,2602.8,Call,2620,27.5,20.52,22.7128,154,682,1574
28-Oct-2025,2602.8,Call,2800,2.9,29.59,22.7128,280,1252,1523
28-Oct-2025,2602.8,Call,2640,20.8,21.72,22.7128,44,1009,1227
28-Oct-2025,2602.8,Call,2660,16.15,22.64,22.7128,57,590,930
28-Oct-2025,2602.8,Call,2740,5.6,26.54,22.7128,140,445,866
28-Oct-2025,2602.8,Put,2500,6.7,26.3,22.7128,-123,1954,851
28-Oct-2025,2602.8,Call,2680,12.2,23.68,22.7128,256,670,739
25-Nov-2025,2602.8,-,0,2597.5,0,22.7128,384,3469,717
28-Oct-2025,2602.8,Call,2720,7.65,25.84,22.7128,113,527,639
28-Oct-2025,2602.8,Call,2760,4.4,27.59,22.7128,154,426,598
28-Oct-2025,2602.8,Put,2580,23.95,24.76,22.7128,59,318,572
28-Oct-2025,2602.8,Put,2540,12.65,25.03,22.7128,-34,487,558
28-Oct-2025,2602.8,Put,2560,17.9,24.48,22.7128,12,453,489
28-Oct-2025,2602.8,Call,2580,48.1,18.73,22.7128,3,1799,420
25-Nov-2025,2602.8,Call,2700,28,16.76,22.7128,193,371,400
28-Oct-2025,2602.8,Put,2620,43.75,25.26,22.7128,20,206,380
28-Oct-2025,2602.8,Call,2880,1.4,34.68,22.7128,54,174,356
25-Nov-2025,2602.8,Call,2600,63.9,14.22,22.7128,33,501,310
28-Oct-2025,2602.8,Call,2780,3.45,28.38,22.7128,74,495,309
28-Oct-2025,2602.8,Call,2560,59.8,18.65,22.7128,-11,1905,286
28-Oct-2025,2602.8,Put,2520,9.25,25.49,22.7128,7,736,262
28-Oct-2025,2602.8,Put,2640,58.35,27.14,22.7128,14,165,253
28-Oct-2025,2602.8,Put,2460,3.7,27.7,22.7128,-6,358,239
28-Oct-2025,2602.8,Put,2400,1.7,32.04,22.7128,56,860,223
28-Oct-2025,2602.8,Put,2440,2.75,29.39,22.7128,-56,309,212
28-Oct-2025,2602.8,Put,2480,4.8,27.11,22.7128,-44,537,193
28-Oct-2025,2602.8,Call,2500,112.25,13.68,22.7128,-45,723,163
28-Oct-2025,2602.8,Call,2540,77.25,17.51,22.7128,-23,583,149
25-Nov-2025,2601.8,Put,2600,61.85,24.03,22.7128,49,312,125
25-Nov-2025,2602.8,Call,2800,12,19.08,22.7128,35,130,105
28-Oct-2025,2602.8,Call,2900,1.15,34.98,22.7128,43,123,101
28-Oct-2025,2602.8,Put,2420,2.2,31.03,22.7128,-29,247,87
28-Oct-2025,2602.8,Put,2240,0.25,40.73,22.7128,27,84,66
25-Nov-2025,2602.8,Put,2500,25,22.58,22.7128,20,324,55
25-Nov-2025,2602.8,Call,2740,20.3,17.67,22.7128,32,66,50
25-Nov-2025,2602.8,Call,2640,50.75,16.65,22.7128,6,182,39
30-Dec-2025,2602.8,-,0,2612,0,22.7128,5,258,35
28-Oct-2025,2602.8,Call,2520,93,19.93,22.7128,-2,726,33
28-Oct-2025,2602.8,Put,2700,105.8,32.17,22.7128,-3,223,33
25-Nov-2025,2602.8,Put,2400,9.1,23,22.7128,6,220,33
25-Nov-2025,2602.8,Put,2540,34.35,22.1,22.7128,20,46,32
28-Oct-2025,2602.8,Put,2680,90.1,30.18,22.7128,-16,45,31
28-Oct-2025,2602.8,Call,2820,2.8,31.83,22.7128,18,78,30
28-Oct-2025,2602.8,Call,3000,0.9,42.09,22.7128,-9,173,27
25-Nov-2025,2602.8,Call,2500,128,0,22.7128,7,185,25
25-Nov-2025,2602.8,Put,2700,127,26.76,22.7128,10,149,23
25-Nov-2025,2602.8,Call,2620,57.3,15.64,22.7128,10,24,22
28-Oct-2025,2602.8,Call,2860,1.65,33.82,22.7128,14,20,19
28-Oct-2025,2602.8,Put,2660,68.65,26.02,22.7128,2,66,19
25-Nov-2025,2602.8,Put,2620,74.85,24.27,22.7128,8,13,17
28-Oct-2025,2602.8,Call,2840,2.3,32.83,22.7128,0,79,16
25-Nov-2025,2602.8,Put,2560,45.5,22.94,22.7128,2,86,15
25-Nov-2025,2602.8,Put,2340,4.5,23.77,22.7128,8,15,15
25-Nov-2025,2602.8,Put,2300,3,24.95,22.7128,0,63,13
28-Oct-2025,2602.8,Put,2380,1.35,33.11,22.7128,1,233,12
28-Oct-2025,2602.8,Call,2480,133.6,21.32,22.7128,-4,92,12
25-Nov-2025,2602.8,Call,2840,9,19.78,22.7128,-6,49,12
25-Nov-2025,2602.8,Call,2880,6.5,20.51,22.7128,7,36,9
25-Nov-2025,2602.8,Call,2580,75.45,13.88,22.7128,1,10,9
28-Oct-2025,2602.8,Put,2360,1.15,34.7,22.7128,1,253,8
28-Oct-2025,2602.8,Put,2300,0.9,40.23,22.7128,-3,526,8
25-Nov-2025,2602.8,Put,2520,31,23.05,22.7128,1,119,8
28-Oct-2025,2602.8,Call,2440,168.15,0,22.7128,-2,84,6
28-Oct-2025,2602.8,Put,2320,0.8,37.53,22.7128,-3,280,5
25-Nov-2025,2602.8,Put,2440,13.3,22.78,22.7128,2,24,5
28-Oct-2025,2602.8,Put,2720,119.6,30.4,22.7128,-1,7,4
25-Nov-2025,2602.8,Put,2360,6,23.89,22.7128,2,14,4
25-Nov-2025,2602.8,Call,2680,36.55,17.32,22.7128,2,2,4
28-Oct-2025,2602.8,Call,2460,151.95,15.13,22.7128,-1,85,3
25-Nov-2025,2602.8,Call,2400,205.95,0,22.7128,1,55,3
25-Nov-2025,2602.8,Call,2660,42.9,16.92,22.7128,0,3,3
25-Nov-2025,2602.8,Put,2480,19,22.1,22.7128,1,14,3
28-Oct-2025,2601.8,Put,2260,0.4,45.01,22.7128,1,2,2
28-Oct-2025,2602.8,Put,2200,0.7,50.89,22.7128,0,82,2
28-Oct-2025,2602.8,Call,2240,353,0,22.7128,0,5,1
28-Oct-2025,2602.8,Put,2340,0.45,32.49,22.7128,0,232,1
25-Nov-2025,2602.8,Call,2300,295,0,22.7128,0,0,1
25-Nov-2025,2602.8,Call,2720,23.25,16.97,22.7128,0,0,1
28-Oct-2025,2602.8,Put,2120,0,0,22.7128,0,7,0
28-Oct-2025,2602.8,Put,2160,0,0,22.7128,0,7,0
28-Oct-2025,2602.8,Call,2260,0,0,22.7128,0,0,0
28-Oct-2025,2602.8,Call,2200,0,0,22.7128,0,0,0
28-Oct-2025,2601.8,Call,2120,0,0,22.7128,0,0,0
28-Oct-2025,2602.8,Put,2880,0,0,22.7128,0,0,0
28-Oct-2025,2602.8,Call,2920,0,0,22.7128,0,92,0
28-Oct-2025,2602.8,Put,2280,0,0,22.7128,0,3,0
28-Oct-2025,2602.8,Call,2340,0,0,22.7128,0,3,0
28-Oct-2025,2602.8,Call,2380,0,0,22.7128,0,19,0
28-Oct-2025,2602.8,Put,2900,0,0,22.7128,0,6,0
28-Oct-2025,2602.8,Call,2080,0,0,22.7128,0,0,0
28-Oct-2025,2602.8,Put,2920,0,0,22.7128,0,0,0
28-Oct-2025,2602.8,Call,2300,0,0,22.7128,0,4,0
28-Oct-2025,2602.8,Call,2420,0,0,22.7128,0,48,0
28-Oct-2025,2602.8,Call,2320,0,0,22.7128,0,1,0
28-Oct-2025,2602.8,Call,2960,0,0,22.7128,0,5,0
28-Oct-2025,2602.8,Call,2280,0,0,22.7128,0,3,0
28-Oct-2025,2602.8,Put,2080,0,0,22.7128,0,0,0
28-Oct-2025,2602.8,Call,2400,0,0,22.7128,0,147,0
28-Oct-2025,2602.8,Put,2960,0,0,22.7128,0,0,0
28-Oct-2025,2602.8,Put,2780,0,0,22.7128,0,1,0
28-Oct-2025,2602.8,Put,3000,0,0,22.7128,0,1,0
28-Oct-2025,2602.8,Put,2840,0,0,22.7128,0,9,0
28-Oct-2025,2602.8,Call,2360,0,0,22.7128,0,0,0
28-Oct-2025,2602.8,Call,2160,0,0,22.7128,0,0,0
28-Oct-2025,2602.8,Put,2800,0,0,22.7128,0,73,0
25-Nov-2025,2602.8,Call,2780,0,0,22.7128,0,0,0
28-Oct-2025,2602.8,Put,2820,0,0,22.7128,0,2,0
28-Oct-2025,2602.8,Put,2760,0,0,22.7128,0,1,0
25-Nov-2025,2602.8,Put,2880,0,0,22.7128,0,0,0
25-Nov-2025,2602.8,Call,2360,0,0,22.7128,0,0,0
25-Nov-2025,2602.8,Put,2960,0,0,22.7128,0,0,0
25-Nov-2025,2602.8,Put,2760,0,0,22.7128,0,0,0
25-Nov-2025,2602.8,Call,2820,0,0,0,0,0,0
25-Nov-2025,2602.8,Put,2640,0,0,22.7128,0,10,0
25-Nov-2025,2602.8,Call,2420,0,0,22.7128,0,5,0
25-Nov-2025,2602.8,Call,2320,0,0,22.7128,0,0,0
25-Nov-2025,2602.8,Call,2160,0,0,22.7128,0,0,0
25-Nov-2025,2602.8,Put,2800,0,0,22.7128,0,0,0
25-Nov-2025,2602.8,Put,2080,0,0,22.7128,0,0,0
25-Nov-2025,2602.8,Call,2200,0,0,22.7128,0,4,0
25-Nov-2025,2602.8,Put,2580,0,0,22.7128,0,0,0
25-Nov-2025,2602.8,Put,2740,0,0,22.7128,0,3,0
25-Nov-2025,2602.8,Call,3000,0,0,0,0,0,0
28-Oct-2025,2602.8,Put,2740,0,0,22.7128,0,25,0
25-Nov-2025,2602.8,Call,2080,0,0,22.7128,0,0,0
25-Nov-2025,2602.8,Put,2840,0,0,22.7128,0,0,0
25-Nov-2025,2602.8,Call,2960,0,0,22.7128,0,0,0
25-Nov-2025,2602.8,Call,2560,0,0,22.7128,0,16,0
25-Nov-2025,2602.8,Call,2540,0,0,22.7128,0,55,0
25-Nov-2025,2602.8,Call,2460,0,0,22.7128,0,19,0
25-Nov-2025,2602.8,Call,2440,0,0,22.7128,0,2,0
25-Nov-2025,2602.8,Put,2820,0,0,0,0,0,0
25-Nov-2025,2602.8,Put,3000,0,0,0,0,0,0
25-Nov-2025,2602.8,Put,2460,0,0,22.7128,0,1,0
25-Nov-2025,2602.8,Put,2780,0,0,22.7128,0,0,0
25-Nov-2025,2602.8,Put,2420,0,0,22.7128,0,2,0
25-Nov-2025,2602.8,Call,2240,0,0,22.7128,0,0,0
25-Nov-2025,2602.8,Put,2280,0,0,22.7128,0,0,0
25-Nov-2025,2602.8,Put,2260,0,0,22.7128,0,0,0
25-Nov-2025,2602.8,Call,2280,0,0,22.7128,0,1,0
25-Nov-2025,2602.8,Put,2920,0,0,22.7128,0,0,0
25-Nov-2025,2602.8,Call,2520,0,0,22.7128,0,92,0
25-Nov-2025,2602.8,Put,2120,0,0,22.7128,0,0,0
25-Nov-2025,2602.8,Put,2160,0,0,22.7128,0,0,0
30-Dec-2025,2602.8,Call,2800,0,0,22.7128,0,0,0
25-Nov-2025,2602.8,Put,2720,0,0,22.7128,0,0,0
25-Nov-2025,2602.8,Call,2380,0,0,22.7128,0,0,0
25-Nov-2025,2602.8,Put,2660,0,0,22.7128,0,0,0
25-Nov-2025,2602.8,Call,2340,0,0,22.7128,0,0,0
25-Nov-2025,2602.8,Call,2260,0,0,22.7128,0,0,0
25-Nov-2025,2602.8,Put,2680,0,0,22.7128,0,0,0
25-Nov-2025,2602.8,Call,2920,0,0,22.7128,0,0,0
25-Nov-2025,2602.8,Call,2760,0,0,22.7128,0,0,0
25-Nov-2025,2602.8,Put,2240,0,0,22.7128,0,0,0
25-Nov-2025,2602.8,Put,2380,0,0,22.7128,0,5,0
25-Nov-2025,2602.8,Put,2320,0,0,22.7128,0,0,0
25-Nov-2025,2602.8,Put,2200,0,0,22.7128,0,0,0
25-Nov-2025,2602.8,Call,2480,0,0,22.7128,0,1,0
25-Nov-2025,2602.8,Call,2120,0,0,22.7128,0,0,0
30-Dec-2025,2602.8,Put,2680,0,0,22.7128,0,0,0
30-Dec-2025,2602.8,Put,2400,0,0,22.7128,0,6,0
30-Dec-2025,2602.8,Call,2600,0,0,22.7128,0,2,0
30-Dec-2025,2602.8,Put,2360,0,0,22.7128,0,0,0
30-Dec-2025,2602.8,Call,2720,0,0,22.7128,0,0,0
30-Dec-2025,2602.8,Put,2440,0,0,22.7128,0,0,0
30-Dec-2025,2602.8,Call,2640,0,0,22.7128,0,8,0
30-Dec-2025,2602.8,Put,2560,0,0,22.7128,0,0,0
30-Dec-2025,2602.8,Call,2680,0,0,22.7128,0,0,0
30-Dec-2025,2602.8,Put,2600,0,0,22.7128,0,0,0
30-Dec-2025,2602.8,Call,2760,0,0,22.7128,0,0,0
30-Dec-2025,2602.8,Put,2480,0,0,22.7128,0,0,0
30-Dec-2025,2602.8,Put,2640,0,0,22.7128,0,0,0
30-Dec-2025,2602.8,Put,2520,0,0,22.7128,0,0,0
30-Dec-2025,2602.8,Call,2560,0,0,22.7128,0,0,0
