28-Oct-2025,486.1,Call,500,4.3,32.56,44.4854,1021,3260,6756
28-Oct-2025,486.1,-,0,487,0,44.4854,88,26131,5067
28-Oct-2025,486.1,Call,490,7.5,30.16,44.4854,493,849,3845
28-Oct-2025,486.1,Call,510,2.45,33.98,44.4854,272,2284,3612
28-Oct-2025,486.1,Call,520,1.55,36.81,44.4854,369,3072,3054
28-Oct-2025,486.1,Put,480,5.8,30.99,44.4854,59,1099,2607
25-Nov-2025,486.1,-,0,489.65,0,44.4854,1049,4849,2203
28-Oct-2025,486.1,Call,480,12.75,30.24,44.4854,-4,540,2012
28-Oct-2025,486.1,Call,540,0.7,42.36,44.4854,-170,1480,1748
28-Oct-2025,486.1,Call,485,9.95,31.35,44.4854,162,326,1630
28-Oct-2025,486.1,Put,490,10.5,34.43,44.4854,-37,675,1589
28-Oct-2025,486.1,Call,505,3.15,33.19,44.4854,127,661,1529
28-Oct-2025,486.1,Call,530,1,38.76,44.4854,-381,1748,1373
28-Oct-2025,486.1,Put,470,2.8,31.84,44.4854,35,882,1367
28-Oct-2025,486.1,Call,495,5.55,31.66,44.4854,219,386,1363
25-Nov-2025,486.1,Call,500,16.95,33.42,44.4854,483,798,1363
28-Oct-2025,486.1,Call,550,0.5,45.29,44.4854,95,1724,1263
25-Nov-2025,486.1,Call,550,5.25,36.95,44.4854,747,2090,1243
25-Nov-2025,486.1,Call,520,10.15,33.87,44.4854,380,826,1221
28-Oct-2025,486.1,Put,485,7.85,31.04,44.4854,-14,315,995
28-Oct-2025,486.1,Call,515,2,35.62,44.4854,39,796,979
28-Oct-2025,486.1,Put,500,17.1,34.49,44.4854,-122,1184,865
28-Oct-2025,486.1,Call,525,1.2,37.94,44.4854,-26,1010,699
28-Oct-2025,486.1,Put,475,4.05,31.03,44.4854,97,487,695
25-Nov-2025,486.1,Call,530,8,34.22,44.4854,335,452,642
28-Oct-2025,486.1,Put,460,1.4,33.98,44.4854,-13,751,590
28-Oct-2025,486.1,Call,560,0.4,48.81,44.4854,-44,961,587
25-Nov-2025,486.1,Call,540,6.45,35.86,44.4854,83,376,388
25-Nov-2025,486.1,Call,510,13.2,33.91,44.4854,102,283,359
28-Oct-2025,486.1,Put,495,13.55,32.33,44.4854,-18,273,318
25-Nov-2025,486.1,Call,560,4,36.9,44.4854,108,460,302
28-Oct-2025,486.1,Put,450,0.8,36.88,44.4854,-12,633,285
25-Nov-2025,486.1,Put,450,6.1,34.89,44.4854,45,558,267
28-Oct-2025,486.1,Call,535,0.8,40.45,44.4854,-138,205,245
25-Nov-2025,486.1,Call,580,2.3,37.74,44.4854,56,548,243
28-Oct-2025,486.1,Put,510,25.35,38.41,44.4854,-59,418,238
28-Oct-2025,486.1,Call,475,16.6,31.48,44.4854,2,140,218
28-Oct-2025,486.1,Call,570,0.3,51.51,44.4854,-42,447,217
25-Nov-2025,486.1,Call,490,20.85,32.23,44.4854,121,146,199
25-Nov-2025,486.1,Put,480,15.7,34.96,44.4854,115,324,193
25-Nov-2025,486.1,Put,500,26.8,35.57,44.4854,32,258,189
25-Nov-2025,486.1,Put,440,4.2,35.07,44.4854,78,370,186
28-Oct-2025,486.1,Call,470,19.9,26.32,44.4854,-40,387,182
28-Oct-2025,486.1,Put,505,21.35,37.49,44.4854,-36,149,154
28-Oct-2025,486.1,Put,465,2,33.07,44.4854,4,147,154
25-Nov-2025,486.1,Put,520,39.9,36.69,44.4854,36,142,154
25-Nov-2025,486.1,Put,470,11.45,34.06,44.4854,56,152,141
28-Oct-2025,486.1,Call,580,0.2,53.11,44.4854,-5,631,135
25-Nov-2025,486.1,Call,525,9,34.46,44.4854,81,99,131
25-Nov-2025,486.1,Put,460,8.6,34.76,44.4854,39,201,109
30-Dec-2025,486.1,-,0,493.2,0,44.4854,46,481,101
25-Nov-2025,486.1,Call,480,25.4,31.96,44.4854,52,83,94
25-Nov-2025,486.1,Call,570,3.1,37.33,44.4854,41,90,91
28-Oct-2025,486.1,Call,545,0.6,43.99,44.4854,-17,145,88
25-Nov-2025,486.1,Put,490,21.2,35.95,44.4854,28,117,85
28-Oct-2025,486.1,Put,455,1.05,35.21,44.4854,0,127,75
25-Nov-2025,486.1,Call,535,7,34.97,44.4854,54,54,68
28-Oct-2025,486.1,Put,440,0.45,39.85,44.4854,13,258,67
28-Oct-2025,486.1,Put,515,29.75,38.02,44.4854,-20,115,67
28-Oct-2025,486.1,Put,520,34.5,40.54,44.4854,-22,329,65
25-Nov-2025,486.1,Call,505,15.1,33.6,44.4854,19,77,57
28-Oct-2025,486.1,Put,420,0.25,49.37,44.4854,-2,302,53
25-Nov-2025,486.1,Put,430,2.85,35.45,44.4854,30,35,45
30-Dec-2025,486.1,Put,440,7.45,32.63,44.4854,19,44,43
28-Oct-2025,486.1,Call,450,37.9,0,44.4854,1,133,32
28-Oct-2025,486.1,Call,460,28.8,32.49,44.4854,0,408,32
25-Nov-2025,486.1,Put,510,32.7,35.88,44.4854,-7,46,31
25-Nov-2025,486.1,Put,420,2,36.41,44.4854,20,51,29
28-Oct-2025,486.1,Put,525,39.05,45.2,44.4854,-11,124,25
25-Nov-2025,486.1,Call,450,45.35,30.64,44.4854,6,38,24
25-Nov-2025,486.1,Put,475,13.3,34.21,44.4854,14,27,21
28-Oct-2025,486.1,Call,555,0.4,46.2,44.4854,2,97,20
28-Oct-2025,486.1,Call,465,24.1,28.67,44.4854,2,25,19
25-Nov-2025,486.1,Call,485,23,32.52,44.4854,11,11,19
28-Oct-2025,486.1,Put,530,43.3,39.33,44.4854,-3,102,17
30-Dec-2025,486.1,Call,550,9.7,31.87,44.4854,3,16,17
28-Oct-2025,486.1,Put,360,0.05,75.95,44.4854,13,16,16
28-Oct-2025,486.1,Put,400,0.1,55.82,44.4854,4,140,16
28-Oct-2025,486.1,Call,440,46.85,0,44.4854,-1,109,15
28-Oct-2025,486.1,Put,410,0.15,52.26,44.4854,6,99,13
25-Nov-2025,486.1,Call,470,30.95,30.99,44.4854,6,11,11
25-Nov-2025,486.1,Call,460,37.5,30.23,44.4854,9,12,10
25-Nov-2025,486.1,Put,410,1.4,37.46,44.4854,3,13,10
28-Oct-2025,486.1,Call,455,33.45,33.89,44.4854,-2,15,9
28-Oct-2025,486.1,Put,540,53.4,54.18,44.4854,-4,55,9
30-Dec-2025,486.1,Call,500,24.25,30.41,44.4854,2,19,8
25-Nov-2025,486.1,Call,515,11.2,33.41,44.4854,2,23,5
28-Oct-2025,486.1,Put,430,0.25,42.64,44.4854,-1,132,4
28-Oct-2025,486.1,Put,445,0.6,38.38,44.4854,0,56,4
28-Oct-2025,486.1,Put,550,63.95,58.74,44.4854,1,289,3
28-Oct-2025,486.1,Call,400,85.05,0,44.4854,0,35,3
25-Nov-2025,486.1,Call,495,18.9,33.1,44.4854,0,17,2
25-Nov-2025,486.1,Put,550,65,40.99,44.4854,1,1,2
30-Dec-2025,486.1,Put,470,17.4,34.09,44.4854,0,25,2
25-Nov-2025,486.1,Put,525,44.75,39.06,44.4854,0,9,1
25-Nov-2025,486.1,Put,560,73.25,40.72,44.4854,0,3,1
25-Nov-2025,486.1,Put,495,22.9,34.43,44.4854,0,10,1
25-Nov-2025,486.1,Put,485,17.5,33.87,44.4854,0,2,1
28-Oct-2025,486.1,Put,380,0,0,44.4854,0,23,0
28-Oct-2025,486.1,Put,340,0,0,44.4854,0,10,0
28-Oct-2025,486.1,Call,390,0,0,44.4854,0,1,0
28-Oct-2025,486.1,Call,430,0,0,44.4854,0,61,0
28-Oct-2025,486.1,Put,570,0,0,44.4854,0,4,0
28-Oct-2025,486.1,Put,580,0,0,44.4854,0,7,0
28-Oct-2025,486.1,Put,545,0,0,44.4854,0,28,0
28-Oct-2025,486.1,Put,555,0,0,44.4854,0,13,0
28-Oct-2025,486.1,Call,435,0,0,44.4854,0,0,0
28-Oct-2025,486.1,Put,435,0,0,44.4854,0,5,0
28-Oct-2025,486.1,Call,445,0,0,44.4854,0,22,0
28-Oct-2025,486.1,Put,560,0,0,44.4854,0,15,0
28-Oct-2025,486.1,Put,535,0,0,44.4854,0,22,0
28-Oct-2025,486.1,Call,420,0,0,44.4854,0,21,0
28-Oct-2025,486.1,Put,390,0,0,44.4854,0,23,0
28-Oct-2025,486.1,Call,410,0,0,44.4854,0,4,0
25-Nov-2025,486.1,Put,435,0,0,44.4854,0,8,0
25-Nov-2025,486.1,Put,545,0,0,44.4854,0,3,0
25-Nov-2025,486.1,Call,555,0,0,44.4854,0,0,0
25-Nov-2025,486.1,Call,545,0,0,44.4854,0,0,0
25-Nov-2025,486.1,Call,440,0,0,44.4854,0,11,0
25-Nov-2025,486.1,Call,420,0,0,44.4854,0,0,0
25-Nov-2025,486.1,Put,535,0,0,44.4854,0,0,0
25-Nov-2025,486.1,Put,360,0,0,44.4854,0,11,0
25-Nov-2025,486.1,Call,410,0,0,44.4854,0,0,0
25-Nov-2025,486.1,Put,445,0,0,44.4854,0,1,0
25-Nov-2025,486.1,Call,430,0,0,44.4854,0,0,0
25-Nov-2025,486.1,Call,445,0,0,44.4854,0,0,0
25-Nov-2025,486.1,Call,475,0,0,44.4854,0,0,0
25-Nov-2025,486.1,Call,465,0,0,44.4854,0,0,0
25-Nov-2025,486.1,Put,380,0,0,44.4854,0,2,0
25-Nov-2025,486.1,Put,515,0,0,44.4854,0,0,0
25-Nov-2025,486.1,Call,455,0,0,44.4854,0,0,0
30-Dec-2025,486.1,Put,540,0,0,44.4854,0,0,0
25-Nov-2025,486.1,Put,570,0,0,44.4854,0,0,0
25-Nov-2025,486.1,Put,580,0,0,44.4854,0,8,0
25-Nov-2025,486.1,Put,555,0,0,44.4854,0,0,0
25-Nov-2025,486.1,Put,530,0,0,44.4854,0,0,0
30-Dec-2025,486.1,Call,470,0,0,0,0,0,0
30-Dec-2025,486.1,Put,430,0,0,44.4854,0,0,0
25-Nov-2025,486.1,Put,455,0,0,44.4854,0,0,0
25-Nov-2025,486.1,Put,540,0,0,44.4854,0,0,0
30-Dec-2025,486.1,Call,490,0,0,44.4854,0,0,0
25-Nov-2025,486.1,Call,435,0,0,44.4854,0,0,0
25-Nov-2025,486.1,Put,465,0,0,44.4854,0,1,0
30-Dec-2025,486.1,Call,580,0,0,44.4854,0,4,0
30-Dec-2025,486.1,Call,560,0,0,44.4854,0,3,0
25-Nov-2025,486.1,Put,505,0,0,44.4854,0,0,0
30-Dec-2025,486.1,Call,520,0,0,44.4854,0,1,0
30-Dec-2025,486.1,Put,530,0,0,44.4854,0,0,0
30-Dec-2025,486.1,Put,500,0,0,44.4854,0,2,0
30-Dec-2025,486.1,Put,510,0,0,44.4854,0,0,0
30-Dec-2025,486.1,Call,530,0,0,44.4854,0,0,0
30-Dec-2025,486.1,Put,480,0,0,44.4854,0,0,0
30-Dec-2025,486.1,Call,510,0,0,44.4854,0,0,0
30-Dec-2025,486.1,Put,450,0,0,44.4854,0,0,0
30-Dec-2025,486.1,Put,520,0,0,44.4854,0,0,0
30-Dec-2025,486.1,Put,460,0,0,44.4854,0,0,0
30-Dec-2025,486.1,Put,490,0,0,44.4854,0,0,0
30-Dec-2025,486.1,Call,540,0,0,44.4854,0,0,0
30-Dec-2025,486.1,Call,480,0,0,44.4854,0,0,0
