28-Oct-2025,3858,-,0,3862.8,0,27.9518,448,84616,1707
28-Oct-2025,3858,Call,3900,18,14.28,27.9518,156,3277,1187
28-Oct-2025,3858,Call,4000,4.4,17.47,27.9518,39,3752,1150
28-Oct-2025,3858,Call,3850,37.25,13.25,27.9518,107,6630,789
28-Oct-2025,3858,Call,3880,24.7,14.31,27.9518,59,910,652
28-Oct-2025,3858,Call,3860,34.3,14.06,27.9518,102,1364,507
28-Oct-2025,3858,Put,3850,25.75,14.3,27.9518,115,2381,444
28-Oct-2025,3858,Put,3800,9.25,14.43,27.9518,30,4214,420
28-Oct-2025,3858,Call,3800,70.3,12.83,27.9518,-1,8099,395
28-Oct-2025,3858,Put,3860,31,14.55,27.9518,110,675,365
25-Nov-2025,3858,-,0,3884.6,0,27.9518,183,4394,359
28-Oct-2025,3858,Put,3600,1.05,24.04,27.9518,-124,1967,283
28-Oct-2025,3858,Put,3840,21.9,14.15,27.9518,52,1193,277
28-Oct-2025,3858,Call,3840,46.95,13.35,27.9518,21,1748,272
28-Oct-2025,3858,Put,3700,2.7,19.26,27.9518,83,1721,256
28-Oct-2025,3858,Put,3820,13.7,14.15,27.9518,45,1135,232
28-Oct-2025,3858,Put,3760,5.2,15.92,27.9518,58,810,231
28-Oct-2025,3858,Put,3780,6.95,15.13,27.9518,81,917,228
28-Oct-2025,3858,Call,3950,8.4,15.53,27.9518,7,674,193
28-Oct-2025,3858,Call,3980,6,16.62,27.9518,-20,131,173
28-Oct-2025,3858,Put,3750,4.55,16.64,27.9518,29,987,171
28-Oct-2025,3858,Call,3820,59,12.34,27.9518,2,2145,161
28-Oct-2025,3858,Put,3900,53.15,16.25,27.9518,31,991,143
28-Oct-2025,3858,Put,3740,3.9,17.09,27.9518,0,318,141
28-Oct-2025,3858,Put,3880,42.9,14.79,27.9518,32,489,131
28-Oct-2025,3858,Call,3920,14.3,14.78,27.9518,2,322,115
28-Oct-2025,3858,Call,4100,1.4,20.76,27.9518,-11,2084,111
25-Nov-2025,3858,Call,3900,92.7,19.03,27.9518,45,431,110
28-Oct-2025,3858,Call,3940,9.7,15.5,27.9518,-18,264,106
28-Oct-2025,3858,Call,3750,121.3,14.3,27.9518,-3,1157,85
25-Nov-2025,3858,Call,4000,54.15,19.25,27.9518,27,760,83
28-Oct-2025,3858,Call,3960,7.8,15.86,27.9518,-9,284,72
25-Nov-2025,3858,Put,3900,107.2,22.05,27.9518,20,479,67
28-Oct-2025,3858,Put,3300,0.1,36.86,27.9518,6,519,66
25-Nov-2025,3858,Call,3800,146,18.55,27.9518,-17,350,62
28-Oct-2025,3858,Call,3780,89.6,0,27.9518,-1,1013,29
28-Oct-2025,3858,Put,4000,140.75,20.79,27.9518,-3,305,28
28-Oct-2025,3858,Call,4200,0.9,26.14,27.9518,8,1189,27
25-Nov-2025,3858,Put,3800,58,20.81,27.9518,-1,505,27
28-Oct-2025,3858,Call,3700,169,13.31,27.9518,-1,1580,26
25-Nov-2025,3858,Call,4200,18.15,21.38,27.9518,4,312,24
28-Oct-2025,3858,Put,3940,93.1,21.7,27.9518,-7,37,24
28-Oct-2025,3858,Put,3920,73.05,18.71,27.9518,-1,66,22
25-Nov-2025,3858,Put,3600,16.5,22.3,27.9518,-9,659,22
25-Nov-2025,3858,Put,3880,96.2,21.82,27.9518,1,91,22
28-Oct-2025,3858,Put,3720,3.2,18.22,27.9518,0,182,21
28-Oct-2025,3858,Call,4050,2.5,19.1,27.9518,3,667,21
25-Nov-2025,3858,Put,3700,31.3,21.34,27.9518,0,786,20
25-Nov-2025,3858,Put,3200,3,31.57,27.9518,0,35,20
30-Dec-2025,3858,-,0,3912.9,0,27.9518,-5,2364,19
25-Nov-2025,3858,Call,4360,7.7,22.97,27.9518,16,17,19
28-Oct-2025,3858,Put,3400,0.3,34.06,27.9518,-12,640,15
25-Nov-2025,3858,Call,3840,124,19.15,27.9518,-5,36,15
28-Oct-2025,3858,Put,3500,0.55,29.2,27.9518,-4,1048,12
28-Oct-2025,3858,Put,3650,1.95,0,27.9518,0,839,11
28-Oct-2025,3858,Put,3950,99.2,21.05,27.9518,-1,63,9
28-Oct-2025,3858,Call,4040,2.9,18.73,27.9518,-1,148,8
28-Oct-2025,3858,Put,3680,2.25,20.32,27.9518,0,269,7
25-Nov-2025,3858,Call,4320,9.55,22.59,27.9518,6,7,7
25-Nov-2025,3858,Call,4280,11.9,21.94,27.9518,0,22,6
25-Nov-2025,3858,Call,3880,99.25,18.57,27.9518,3,46,6
28-Oct-2025,3858,Call,3720,148.3,16.33,27.9518,0,138,5
28-Oct-2025,3858,Put,3980,125.65,22.86,27.9518,-2,25,5
25-Nov-2025,3858,Call,4040,42.8,19.72,27.9518,1,36,5
25-Nov-2025,3858,Put,3860,83,21.74,27.9518,3,53,4
28-Oct-2025,3858,Call,3760,104.75,0,27.9518,-1,300,3
25-Nov-2025,3858,Call,3860,109.9,18.57,27.9518,0,32,3
28-Oct-2025,3858,Call,4020,3.5,17.31,27.9518,-1,54,3
25-Nov-2025,3858,Put,3760,46.1,21.1,27.9518,0,236,3
25-Nov-2025,3858,Call,3940,73.05,18.92,27.9518,0,32,3
25-Nov-2025,3858,Call,3700,213.6,16.77,27.9518,0,145,2
28-Oct-2025,3858,Put,3550,0.95,27.56,27.9518,0,334,1
25-Nov-2025,3858,Put,3740,42,21.52,27.9518,0,52,1
25-Nov-2025,3858,Put,3820,73,22.47,27.9518,0,5,1
25-Nov-2025,3858,Put,4000,165.8,22.14,27.9518,0,130,1
28-Oct-2025,3858,Put,3250,0.2,42.79,27.9518,0,21,1
25-Nov-2025,3858,Put,3400,5.4,25.73,27.9518,0,213,1
30-Dec-2025,3858,Call,3880,145,0,27.9518,0,1,1
28-Oct-2025,3858,Put,3440,0,0,27.9518,0,46,0
28-Oct-2025,3858,Put,3460,0,0,27.9518,0,16,0
28-Oct-2025,3858,Put,3480,0,0,27.9518,0,120,0
28-Oct-2025,3858,Put,3520,0,0,27.9518,0,153,0
28-Oct-2025,3858,Call,3540,0,0,27.9518,0,0,0
28-Oct-2025,3858,Put,3540,0,0,27.9518,0,159,0
28-Oct-2025,3858,Call,3560,0,0,27.9518,0,0,0
28-Oct-2025,3858,Put,3560,0,0,27.9518,0,75,0
28-Oct-2025,3858,Call,3620,0,0,27.9518,0,23,0
28-Oct-2025,3858,Put,3620,0,0,27.9518,0,49,0
28-Oct-2025,3858,Put,3640,0,0,27.9518,0,143,0
28-Oct-2025,3858,Call,3660,0,0,27.9518,0,93,0
28-Oct-2025,3858,Put,3660,0,0,27.9518,0,274,0
28-Oct-2025,3858,Call,3680,0,0,27.9518,0,1004,0
28-Oct-2025,3858,Call,3740,0,0,27.9518,0,277,0
28-Oct-2025,3858,Call,4080,0,0,27.9518,0,709,0
28-Oct-2025,3858,Call,3500,0,0,27.9518,0,220,0
28-Oct-2025,3858,Call,3450,0,0,27.9518,0,38,0
28-Oct-2025,3858,Put,4360,0,0,27.9518,0,0,0
28-Oct-2025,3858,Call,4240,0,0,27.9518,0,37,0
28-Oct-2025,3858,Put,4240,0,0,27.9518,0,0,0
28-Oct-2025,3858,Put,3240,0,0,27.9518,0,0,0
28-Oct-2025,3858,Call,3550,0,0,27.9518,0,177,0
28-Oct-2025,3858,Call,3650,0,0,27.9518,0,338,0
28-Oct-2025,3858,Put,3450,0,0,27.9518,0,573,0
28-Oct-2025,3858,Put,3280,0,0,27.9518,0,0,0
28-Oct-2025,3858,Put,3320,0,0,27.9518,0,1,0
28-Oct-2025,3858,Put,3360,0,0,27.9518,0,0,0
28-Oct-2025,3858,Call,3280,0,0,27.9518,0,0,0
28-Oct-2025,3858,Call,3320,0,0,27.9518,0,0,0
28-Oct-2025,3858,Call,3460,0,0,27.9518,0,0,0
28-Oct-2025,3858,Call,3480,0,0,27.9518,0,0,0
28-Oct-2025,3858,Call,3520,0,0,27.9518,0,0,0
28-Oct-2025,3858,Call,3580,0,0,27.9518,0,0,0
28-Oct-2025,3858,Put,3580,0,0,27.9518,0,16,0
28-Oct-2025,3858,Put,3960,0,0,27.9518,0,0,0
28-Oct-2025,3858,Put,4120,0,0,27.9518,0,0,0
28-Oct-2025,3858,Put,3000,0,0,27.9518,0,26,0
28-Oct-2025,3858,Put,4060,0,0,27.9518,0,0,0
28-Oct-2025,3858,Put,4320,0,0,27.9518,0,0,0
28-Oct-2025,3858,Put,4160,0,0,27.9518,0,0,0
28-Oct-2025,3858,Call,3200,0,0,27.9518,0,53,0
28-Oct-2025,3858,Call,4280,0,0,27.9518,0,15,0
28-Oct-2025,3858,Call,3600,0,0,27.9518,0,865,0
28-Oct-2025,3858,Put,4040,0,0,27.9518,0,0,0
28-Oct-2025,3858,Put,4280,0,0,27.9518,0,0,0
25-Nov-2025,3858,Put,3720,0,0,27.9518,0,53,0
28-Oct-2025,3858,Put,4200,0,0,27.9518,0,18,0
28-Oct-2025,3858,Call,4320,0,0,27.9518,0,1,0
28-Oct-2025,3858,Call,3360,0,0,27.9518,0,0,0
28-Oct-2025,3858,Put,3350,0,0,27.9518,0,125,0
28-Oct-2025,3858,Call,3640,0,0,27.9518,0,36,0
28-Oct-2025,3858,Put,4100,0,0,27.9518,0,266,0
25-Nov-2025,3858,Put,3520,0,0,27.9518,0,31,0
28-Oct-2025,3858,Call,4060,0,0,27.9518,0,0,0
25-Nov-2025,3858,Call,3680,0,0,27.9518,0,0,0
25-Nov-2025,3858,Put,3780,0,0,27.9518,0,62,0
25-Nov-2025,3858,Call,3980,0,0,27.9518,0,0,0
25-Nov-2025,3858,Put,3660,0,0,27.9518,0,3,0
28-Oct-2025,3858,Call,3400,0,0,27.9518,0,39,0
25-Nov-2025,3858,Call,3960,0,0,27.9518,0,16,0
25-Nov-2025,3858,Put,3680,0,0,27.9518,0,4,0
25-Nov-2025,3858,Put,3480,0,0,27.9518,0,0,0
25-Nov-2025,3858,Put,3960,0,0,27.9518,0,0,0
25-Nov-2025,3858,Call,3780,0,0,27.9518,0,17,0
25-Nov-2025,3858,Call,4100,0,0,27.9518,0,0,0
25-Nov-2025,3858,Put,4240,0,0,27.9518,0,0,0
25-Nov-2025,3858,Put,3440,0,0,27.9518,0,0,0
25-Nov-2025,3858,Put,3360,0,0,27.9518,0,0,0
25-Nov-2025,3858,Put,3940,0,0,27.9518,0,0,0
28-Oct-2025,3858,Put,3200,0,0,27.9518,0,253,0
25-Nov-2025,3858,Put,4020,0,0,27.9518,0,0,0
25-Nov-2025,3858,Put,3500,0,0,27.9518,0,106,0
25-Nov-2025,3858,Call,4160,0,0,27.9518,0,0,0
25-Nov-2025,3858,Call,3740,0,0,27.9518,0,0,0
25-Nov-2025,3858,Put,3980,0,0,27.9518,0,2,0
25-Nov-2025,3858,Put,3320,0,0,27.9518,0,0,0
25-Nov-2025,3858,Put,3920,0,0,27.9518,0,11,0
28-Oct-2025,3858,Put,4020,0,0,27.9518,0,0,0
25-Nov-2025,3858,Call,3720,0,0,27.9518,0,4,0
25-Nov-2025,3858,Call,3320,0,0,27.9518,0,0,0
25-Nov-2025,3858,Put,4320,0,0,27.9518,0,0,0
25-Nov-2025,3858,Call,3580,0,0,27.9518,0,0,0
25-Nov-2025,3858,Put,3280,0,0,27.9518,0,0,0
25-Nov-2025,3858,Call,4400,0,0,27.9518,0,184,0
25-Nov-2025,3858,Call,4020,0,0,27.9518,0,30,0
28-Oct-2025,3858,Call,4160,0,0,27.9518,0,41,0
25-Nov-2025,3858,Put,4080,0,0,27.9518,0,0,0
25-Nov-2025,3858,Call,4120,0,0,27.9518,0,0,0
25-Nov-2025,3858,Call,3820,0,0,27.9518,0,6,0
25-Nov-2025,3858,Put,4360,0,0,27.9518,0,0,0
25-Nov-2025,3858,Put,4120,0,0,27.9518,0,0,0
25-Nov-2025,3858,Call,3440,0,0,27.9518,0,0,0
25-Nov-2025,3858,Call,4060,0,0,27.9518,0,0,0
28-Oct-2025,3858,Call,4120,0,0,27.9518,0,299,0
25-Nov-2025,3858,Put,3840,0,0,27.9518,0,53,0
28-Oct-2025,3858,Call,3440,0,0,27.9518,0,0,0
25-Nov-2025,3858,Call,3480,0,0,27.9518,0,0,0
25-Nov-2025,3858,Put,4040,0,0,27.9518,0,0,0
28-Oct-2025,3858,Put,4080,0,0,27.9518,0,0,0
25-Nov-2025,3858,Call,3460,0,0,27.9518,0,0,0
25-Nov-2025,3858,Call,3360,0,0,27.9518,0,0,0
25-Nov-2025,3858,Call,3760,0,0,27.9518,0,16,0
25-Nov-2025,3858,Put,4100,0,0,27.9518,0,0,0
25-Nov-2025,3858,Call,3620,0,0,27.9518,0,0,0
25-Nov-2025,3858,Put,3460,0,0,27.9518,0,0,0
25-Nov-2025,3858,Put,4200,0,0,27.9518,0,1,0
25-Nov-2025,3858,Put,4060,0,0,27.9518,0,0,0
25-Nov-2025,3858,Call,3280,0,0,27.9518,0,0,0
25-Nov-2025,3858,Call,3520,0,0,27.9518,0,0,0
25-Nov-2025,3858,Call,3560,0,0,27.9518,0,0,0
25-Nov-2025,3858,Call,3920,0,0,27.9518,0,36,0
25-Nov-2025,3858,Call,3240,0,0,27.9518,0,0,0
28-Oct-2025,3858,Call,4360,0,0,27.9518,0,0,0
25-Nov-2025,3858,Put,3620,0,0,27.9518,0,0,0
25-Nov-2025,3858,Call,4240,0,0,27.9518,0,19,0
28-Oct-2025,3858,Call,3240,0,0,27.9518,0,0,0
25-Nov-2025,3858,Put,3240,0,0,27.9518,0,0,0
25-Nov-2025,3858,Call,3400,0,0,27.9518,0,4,0
25-Nov-2025,3858,Call,4080,0,0,27.9518,0,0,0
25-Nov-2025,3858,Call,3500,0,0,27.9518,0,3,0
25-Nov-2025,3858,Put,3560,0,0,27.9518,0,0,0
25-Nov-2025,3858,Call,3200,0,0,27.9518,0,0,0
28-Oct-2025,3858,Call,3300,0,0,27.9518,0,1,0
25-Nov-2025,3858,Put,4280,0,0,27.9518,0,0,0
25-Nov-2025,3858,Put,3540,0,0,27.9518,0,0,0
25-Nov-2025,3858,Call,3600,0,0,27.9518,0,69,0
25-Nov-2025,3858,Call,3540,0,0,27.9518,0,3,0
25-Nov-2025,3858,Put,4160,0,0,27.9518,0,0,0
30-Dec-2025,3858,Call,4160,0,0,27.9518,0,0,0
25-Nov-2025,3858,Call,3660,0,0,27.9518,0,4,0
30-Dec-2025,3858,Call,3960,0,0,27.9518,0,0,0
30-Dec-2025,3858,Call,3920,0,0,27.9518,0,0,0
25-Nov-2025,3858,Put,3580,0,0,27.9518,0,0,0
25-Nov-2025,3858,Call,3640,0,0,27.9518,0,0,0
30-Dec-2025,3858,Call,4120,0,0,27.9518,0,0,0
30-Dec-2025,3858,Call,4040,0,0,27.9518,0,0,0
25-Nov-2025,3858,Put,3640,0,0,27.9518,0,3,0
30-Dec-2025,3858,Put,3200,0,0,27.9518,0,20,0
30-Dec-2025,3858,Put,3680,0,0,27.9518,0,0,0
30-Dec-2025,3858,Put,3880,0,0,27.9518,0,0,0
30-Dec-2025,3858,Call,3800,0,0,27.9518,0,2,0
30-Dec-2025,3858,Put,3360,0,0,27.9518,0,20,0
30-Dec-2025,3858,Put,4000,0,0,27.9518,0,0,0
30-Dec-2025,3858,Put,3760,0,0,27.9518,0,0,0
30-Dec-2025,3858,Put,4040,0,0,27.9518,0,0,0
30-Dec-2025,3858,Call,4080,0,0,27.9518,0,0,0
30-Dec-2025,3858,Put,3840,0,0,27.9518,0,0,0
30-Dec-2025,3858,Call,4240,0,0,0,0,0,0
30-Dec-2025,3858,Put,3800,0,0,27.9518,0,6,0
30-Dec-2025,3858,Put,3960,0,0,27.9518,0,0,0
30-Dec-2025,3858,Put,3920,0,0,27.9518,0,0,0
30-Dec-2025,3858,Put,3720,0,0,27.9518,0,0,0
30-Dec-2025,3858,Call,3840,0,0,27.9518,0,0,0
30-Dec-2025,3858,Call,4000,0,0,27.9518,0,3,0
