28-Oct-2025,3864.9,-,0,3872.9,0,27.9518,3298,87466,9624
28-Oct-2025,3864.9,Call,3900,19.75,13.45,27.9518,604,3725,8506
28-Oct-2025,3864.9,Call,4000,4.95,17.08,27.9518,132,3845,4948
28-Oct-2025,3864.9,Call,3880,27.45,12.96,27.9518,292,1143,4549
28-Oct-2025,3864.9,Call,3850,42.4,12.05,27.9518,100,6623,4203
28-Oct-2025,3864.9,Put,3800,7.2,14.12,27.9518,-527,3657,4111
28-Oct-2025,3864.9,Call,3860,36.95,12.55,27.9518,285,1547,3964
25-Nov-2025,3864.9,-,0,3893.7,0,27.9518,2626,6837,3634
28-Oct-2025,3864.9,Put,3850,20.3,13.69,27.9518,460,2726,3072
28-Oct-2025,3864.9,Call,3800,79.6,11.57,27.9518,-54,8046,2280
28-Oct-2025,3864.9,Put,3860,24.55,14.16,27.9518,212,777,2123
28-Oct-2025,3864.9,Call,3920,14.65,13.75,27.9518,911,1231,1935
28-Oct-2025,3864.9,Put,3820,11.05,13.82,27.9518,134,1224,1712
28-Oct-2025,3864.9,Put,3880,35,14.5,27.9518,269,726,1668
28-Oct-2025,3864.9,Call,3840,49,12.25,27.9518,-25,1702,1602
28-Oct-2025,3864.9,Put,3780,5.35,14.84,27.9518,151,987,1545
28-Oct-2025,3864.9,Put,3900,47.35,14.89,27.9518,174,1134,1315
25-Nov-2025,3864.9,Call,4000,56.4,19.37,27.9518,396,1129,1307
28-Oct-2025,3864.9,Put,3840,16.8,13.63,27.9518,234,1375,1305
28-Oct-2025,3864.9,Call,3700,178,0,27.9518,-519,1062,1169
28-Oct-2025,3864.9,Put,3760,4.1,15.68,27.9518,6,758,1166
28-Oct-2025,3864.9,Put,3600,0.85,23.45,27.9518,-248,1843,1116
28-Oct-2025,3864.9,Put,3700,2.3,19.15,27.9518,35,1673,946
28-Oct-2025,3864.9,Put,3750,3.6,16.2,27.9518,-57,901,933
28-Oct-2025,3864.9,Call,3980,6.2,15.97,27.9518,154,305,888
28-Oct-2025,3864.9,Call,3950,9.05,14.78,27.9518,42,709,868
28-Oct-2025,3864.9,Call,3940,10.95,14.48,27.9518,74,356,814
28-Oct-2025,3864.9,Call,3820,63.45,11.83,27.9518,1,2144,763
25-Nov-2025,3864.9,Call,3900,96,19.02,27.9518,166,552,599
28-Oct-2025,3864.9,Put,3740,3.25,16.72,27.9518,31,349,521
28-Oct-2025,3864.9,Call,3960,7.7,15.17,27.9518,49,342,419
28-Oct-2025,3864.9,Call,4100,1.4,20.35,27.9518,-12,2083,415
28-Oct-2025,3864.9,Call,4050,2.5,18.64,27.9518,1,665,330
28-Oct-2025,3864.9,Call,3750,125.75,14.65,27.9518,-40,1120,326
25-Nov-2025,3864.9,Put,3700,29.2,21.04,27.9518,145,931,292
28-Oct-2025,3864.9,Put,3720,2.65,17.87,27.9518,-22,160,274
28-Oct-2025,3864.9,Put,4000,131.35,17.23,27.9518,9,317,261
25-Nov-2025,3864.9,Call,4200,18,20.88,27.9518,85,393,253
28-Oct-2025,3864.9,Call,4020,3.75,17.74,27.9518,79,134,249
28-Oct-2025,3864.9,Call,3780,97,13.62,27.9518,2,1016,234
28-Oct-2025,3864.9,Put,3500,0.4,28.41,27.9518,-71,981,233
25-Nov-2025,3864.9,Call,3800,149.55,18.64,27.9518,-12,355,233
25-Nov-2025,3864.9,Put,3900,98,20.68,27.9518,56,515,223
28-Oct-2025,3864.9,Call,4200,0.9,25.56,27.9518,-49,1132,194
28-Oct-2025,3864.9,Put,3650,1.7,22.21,27.9518,25,864,189
25-Nov-2025,3864.9,Put,3800,55.05,20.8,27.9518,11,517,153
25-Nov-2025,3864.9,Call,4400,6,22.97,27.9518,48,232,145
28-Oct-2025,3864.9,Call,3760,116.9,14.19,27.9518,33,334,136
25-Nov-2025,3864.9,Put,3600,14.85,21.87,27.9518,28,696,113
28-Oct-2025,3864.9,Call,3720,151.25,0,27.9518,18,156,97
25-Nov-2025,3864.9,Put,3880,88.7,20.76,27.9518,43,133,97
28-Oct-2025,3864.9,Put,3920,59.75,17.17,27.9518,3,70,95
28-Oct-2025,3864.9,Put,3950,86.8,16.33,27.9518,11,75,92
28-Oct-2025,3864.9,Put,3680,2.1,20.48,27.9518,-47,222,86
28-Oct-2025,3864.9,Put,3940,77.9,15.6,27.9518,-1,43,85
28-Oct-2025,3864.9,Call,3740,135.95,14.76,27.9518,12,289,77
25-Nov-2025,3864.9,Call,3860,114.9,19,27.9518,42,74,76
28-Oct-2025,3864.9,Put,3300,0.15,38.58,27.9518,-7,506,74
30-Dec-2025,3864.9,-,0,3921,0,27.9518,0,2369,67
25-Nov-2025,3864.9,Call,3880,104.85,19.13,27.9518,30,73,67
25-Nov-2025,3864.9,Call,4100,31.4,20.1,27.9518,38,38,65
28-Oct-2025,3864.9,Call,4080,1.2,18.4,27.9518,0,709,62
28-Oct-2025,3864.9,Put,3400,0.15,31.99,27.9518,-48,604,61
25-Nov-2025,3864.9,Call,3960,70.35,19.47,27.9518,14,30,60
25-Nov-2025,3864.9,Put,4000,157,20.95,27.9518,18,148,58
25-Nov-2025,3864.9,Call,3840,124.85,18.63,27.9518,-1,40,53
28-Oct-2025,3864.9,Call,3600,273.65,0,27.9518,-3,862,52
25-Nov-2025,3864.9,Call,3700,223.4,17.43,27.9518,18,163,51
28-Oct-2025,3864.9,Call,4040,2.8,18.26,27.9518,6,155,50
28-Oct-2025,3864.9,Put,3980,112.75,18.33,27.9518,9,36,42
25-Nov-2025,3864.9,Put,3720,32.25,20.66,27.9518,-5,48,38
25-Nov-2025,3864.9,Call,4040,43.95,19.62,27.9518,5,40,33
25-Nov-2025,3864.9,Call,4360,7.8,22.81,27.9518,23,24,32
28-Oct-2025,3864.9,Call,3650,222.5,0,27.9518,-21,317,31
25-Nov-2025,3864.9,Put,3860,78,20.42,27.9518,14,64,31
28-Oct-2025,3864.9,Put,3550,0.75,27.01,27.9518,-8,326,28
25-Nov-2025,3864.9,Call,3600,312,19.98,27.9518,1,70,27
25-Nov-2025,3864.9,Call,4060,40.45,20.06,27.9518,23,23,26
25-Nov-2025,3864.9,Put,3200,2,29.86,27.9518,14,49,22
25-Nov-2025,3864.9,Put,3760,42.4,20.63,27.9518,0,236,22
25-Nov-2025,3864.9,Call,4240,14.95,21.65,27.9518,9,28,22
28-Oct-2025,3864.9,Put,3960,95.95,17.04,27.9518,4,4,20
25-Nov-2025,3864.9,Put,3520,9,22.99,27.9518,10,41,20
25-Nov-2025,3864.9,Call,4320,9.5,22.33,27.9518,16,17,20
28-Oct-2025,3864.9,Put,3200,0.2,46.54,27.9518,-5,248,18
25-Nov-2025,3864.9,Put,3740,37.35,20.66,27.9518,9,61,18
25-Nov-2025,3864.9,Put,3840,73,21.16,27.9518,6,59,17
25-Nov-2025,3864.9,Put,3500,8.4,23.59,27.9518,7,113,17
25-Nov-2025,3864.9,Call,4280,11.6,21.84,27.9518,-2,20,16
25-Nov-2025,3864.9,Call,3940,78,19.46,27.9518,-2,30,16
28-Oct-2025,3864.9,Put,3660,1.45,20.77,27.9518,-12,262,15
25-Nov-2025,3864.9,Put,3820,62.7,20.64,27.9518,11,16,15
28-Oct-2025,3864.9,Put,3640,1.3,23.17,27.9518,-3,140,14
28-Oct-2025,3864.9,Put,3560,0.25,22.85,27.9518,0,75,12
25-Nov-2025,3864.9,Put,3780,48,20.78,27.9518,-2,60,7
28-Oct-2025,3864.9,Put,3450,0.2,29.58,27.9518,-3,570,7
28-Oct-2025,3864.9,Call,3500,375.6,35.74,27.9518,0,220,6
28-Oct-2025,3864.9,Put,3540,0.4,25.58,27.9518,0,159,6
25-Nov-2025,3864.9,Call,4020,50.55,19.8,27.9518,-4,26,6
25-Nov-2025,3864.9,Put,3400,5.2,25.75,27.9518,0,213,6
28-Oct-2025,3864.9,Call,4240,0.45,25.65,27.9518,-4,33,5
25-Nov-2025,3864.9,Put,4200,318,23.49,27.9518,2,3,3
25-Nov-2025,3864.9,Call,3740,195.2,19.39,27.9518,1,1,3
25-Nov-2025,3864.9,Call,3760,178.7,18.9,27.9518,2,18,3
28-Oct-2025,3864.9,Call,3400,476.15,46.59,27.9518,-1,38,2
25-Nov-2025,3864.9,Call,3780,170,20.2,27.9518,0,17,2
25-Nov-2025,3864.9,Call,3500,400,0,27.9518,1,4,2
25-Nov-2025,3864.9,Call,3400,498.15,0,27.9518,1,5,2
30-Dec-2025,3864.9,Call,4000,105.95,19.35,27.9518,0,3,2
30-Dec-2025,3864.9,Put,3800,87.95,22.04,27.9518,0,6,2
28-Oct-2025,3864.9,Put,3250,0.2,43.09,27.9518,0,21,1
28-Oct-2025,3864.9,Put,4020,148.95,17.62,27.9518,0,0,1
28-Oct-2025,3864.9,Put,3480,0.3,28.84,27.9518,0,120,1
25-Nov-2025,3864.9,Call,3660,271.55,23.72,27.9518,0,4,1
25-Nov-2025,3864.9,Call,3820,127.9,16.56,27.9518,0,6,1
30-Dec-2025,3864.9,Call,3880,145,16.61,27.9518,0,1,1
28-Oct-2025,3864.9,Call,3280,0,0,27.9518,0,0,0
28-Oct-2025,3864.9,Call,3320,0,0,27.9518,0,0,0
28-Oct-2025,3864.9,Call,3360,0,0,27.9518,0,0,0
28-Oct-2025,3864.9,Call,3440,0,0,27.9518,0,0,0
28-Oct-2025,3864.9,Call,3460,0,0,27.9518,0,0,0
28-Oct-2025,3864.9,Call,3480,0,0,27.9518,0,0,0
28-Oct-2025,3864.9,Call,3520,0,0,27.9518,0,0,0
28-Oct-2025,3864.9,Call,3580,0,0,27.9518,0,0,0
28-Oct-2025,3864.9,Put,3580,0,0,27.9518,0,16,0
28-Oct-2025,3864.9,Put,4040,0,0,27.9518,0,0,0
28-Oct-2025,3864.9,Put,4080,0,0,27.9518,0,0,0
28-Oct-2025,3864.9,Put,4120,0,0,27.9518,0,0,0
28-Oct-2025,3864.9,Call,3200,0,0,27.9518,0,53,0
28-Oct-2025,3864.9,Call,3300,0,0,27.9518,0,1,0
28-Oct-2025,3864.9,Put,4240,0,0,27.9518,0,0,0
28-Oct-2025,3864.9,Call,3550,0,0,27.9518,0,177,0
28-Oct-2025,3864.9,Put,3000,0,0,27.9518,0,26,0
28-Oct-2025,3864.9,Call,4160,0,0,27.9518,0,41,0
28-Oct-2025,3864.9,Put,4160,0,0,27.9518,0,0,0
28-Oct-2025,3864.9,Put,3350,0,0,27.9518,0,125,0
28-Oct-2025,3864.9,Call,3640,0,0,27.9518,0,36,0
28-Oct-2025,3864.9,Call,4060,0,0,27.9518,0,0,0
28-Oct-2025,3864.9,Put,4060,0,0,27.9518,0,0,0
28-Oct-2025,3864.9,Call,4320,0,0,27.9518,0,1,0
28-Oct-2025,3864.9,Put,4320,0,0,27.9518,0,0,0
28-Oct-2025,3864.9,Call,4360,0,0,27.9518,0,0,0
28-Oct-2025,3864.9,Put,4360,0,0,27.9518,0,0,0
28-Oct-2025,3864.9,Call,4280,0,0,27.9518,0,15,0
28-Oct-2025,3864.9,Put,4280,0,0,27.9518,0,0,0
28-Oct-2025,3864.9,Call,3450,0,0,27.9518,0,38,0
28-Oct-2025,3864.9,Call,3240,0,0,27.9518,0,0,0
28-Oct-2025,3864.9,Put,3280,0,0,27.9518,0,0,0
28-Oct-2025,3864.9,Put,3320,0,0,27.9518,0,1,0
28-Oct-2025,3864.9,Put,3360,0,0,27.9518,0,0,0
28-Oct-2025,3864.9,Put,3440,0,0,27.9518,0,46,0
28-Oct-2025,3864.9,Put,3520,0,0,27.9518,0,153,0
28-Oct-2025,3864.9,Call,3560,0,0,27.9518,0,0,0
28-Oct-2025,3864.9,Call,3660,0,0,27.9518,0,93,0
25-Nov-2025,3864.9,Call,3540,0,0,27.9518,0,3,0
25-Nov-2025,3864.9,Put,3560,0,0,27.9518,0,0,0
25-Nov-2025,3864.9,Put,3480,0,0,27.9518,0,0,0
25-Nov-2025,3864.9,Put,4320,0,0,27.9518,0,0,0
25-Nov-2025,3864.9,Call,3620,0,0,27.9518,0,0,0
25-Nov-2025,3864.9,Put,4160,0,0,27.9518,0,0,0
25-Nov-2025,3864.9,Put,3240,0,0,27.9518,0,0,0
25-Nov-2025,3864.9,Put,4280,0,0,27.9518,0,0,0
28-Oct-2025,3864.9,Put,3460,0,0,27.9518,0,16,0
28-Oct-2025,3864.9,Call,3540,0,0,27.9518,0,0,0
25-Nov-2025,3864.9,Call,4160,0,0,27.9518,0,0,0
28-Oct-2025,3864.9,Put,4200,0,0,27.9518,0,18,0
25-Nov-2025,3864.9,Call,3640,0,0,27.9518,0,0,0
25-Nov-2025,3864.9,Put,4100,0,0,27.9518,0,0,0
25-Nov-2025,3864.9,Put,4360,0,0,27.9518,0,0,0
28-Oct-2025,3864.9,Put,4100,0,0,27.9518,0,266,0
25-Nov-2025,3864.9,Call,3320,0,0,27.9518,0,0,0
25-Nov-2025,3864.9,Put,3960,0,0,27.9518,0,0,0
25-Nov-2025,3864.9,Call,4120,0,0,27.9518,0,0,0
25-Nov-2025,3864.9,Call,3280,0,0,27.9518,0,0,0
25-Nov-2025,3864.9,Put,4020,0,0,27.9518,0,0,0
25-Nov-2025,3864.9,Put,3940,0,0,27.9518,0,0,0
25-Nov-2025,3864.9,Call,3680,0,0,27.9518,0,0,0
25-Nov-2025,3864.9,Call,3720,0,0,27.9518,0,4,0
28-Oct-2025,3864.9,Put,3240,0,0,27.9518,0,0,0
25-Nov-2025,3864.9,Put,3540,0,0,27.9518,0,0,0
28-Oct-2025,3864.9,Call,3620,0,0,27.9518,0,23,0
25-Nov-2025,3864.9,Put,3660,0,0,27.9518,0,3,0
25-Nov-2025,3864.9,Put,3320,0,0,27.9518,0,0,0
25-Nov-2025,3864.9,Put,3360,0,0,27.9518,0,0,0
25-Nov-2025,3864.9,Put,4240,0,0,27.9518,0,0,0
25-Nov-2025,3864.9,Put,3620,0,0,27.9518,0,0,0
25-Nov-2025,3864.9,Call,3920,0,0,27.9518,0,36,0
25-Nov-2025,3864.9,Call,3580,0,0,27.9518,0,0,0
25-Nov-2025,3864.9,Put,4060,0,0,27.9518,0,0,0
25-Nov-2025,3864.9,Call,3980,0,0,27.9518,0,0,0
25-Nov-2025,3864.9,Call,3460,0,0,27.9518,0,0,0
25-Nov-2025,3864.9,Put,3640,0,0,27.9518,0,3,0
28-Oct-2025,3864.9,Call,4120,0,0,27.9518,0,299,0
25-Nov-2025,3864.9,Call,3360,0,0,27.9518,0,0,0
25-Nov-2025,3864.9,Call,3480,0,0,27.9518,0,0,0
25-Nov-2025,3864.9,Put,3920,0,0,27.9518,0,11,0
28-Oct-2025,3864.9,Put,3620,0,0,27.9518,0,49,0
25-Nov-2025,3864.9,Put,3680,0,0,27.9518,0,4,0
25-Nov-2025,3864.9,Put,3980,0,0,27.9518,0,2,0
25-Nov-2025,3864.9,Put,3460,0,0,27.9518,0,0,0
25-Nov-2025,3864.9,Put,3580,0,0,27.9518,0,0,0
28-Oct-2025,3864.9,Call,3680,0,0,27.9518,0,1004,0
25-Nov-2025,3864.9,Call,3560,0,0,27.9518,0,0,0
25-Nov-2025,3864.9,Put,3280,0,0,27.9518,0,0,0
25-Nov-2025,3864.9,Call,3520,0,0,27.9518,0,0,0
25-Nov-2025,3864.9,Call,3240,0,0,27.9518,0,0,0
30-Dec-2025,3864.9,Put,3680,0,0,27.9518,0,0,0
30-Dec-2025,3864.9,Put,3200,0,0,27.9518,0,20,0
30-Dec-2025,3864.9,Put,4040,0,0,27.9518,0,0,0
30-Dec-2025,3864.9,Put,3360,0,0,27.9518,0,20,0
25-Nov-2025,3864.9,Call,3440,0,0,27.9518,0,0,0
25-Nov-2025,3864.9,Call,4080,0,0,27.9518,0,0,0
25-Nov-2025,3864.9,Put,3440,0,0,27.9518,0,0,0
25-Nov-2025,3864.9,Call,3200,0,0,27.9518,0,0,0
25-Nov-2025,3864.9,Put,4080,0,0,27.9518,0,0,0
25-Nov-2025,3864.9,Put,4040,0,0,27.9518,0,0,0
30-Dec-2025,3864.9,Call,4120,0,0,27.9518,0,0,0
30-Dec-2025,3864.9,Call,3960,0,0,27.9518,0,0,0
30-Dec-2025,3864.9,Call,4040,0,0,27.9518,0,0,0
30-Dec-2025,3864.9,Call,3800,0,0,27.9518,0,2,0
30-Dec-2025,3864.9,Call,4080,0,0,27.9518,0,0,0
25-Nov-2025,3864.9,Put,4120,0,0,27.9518,0,0,0
30-Dec-2025,3864.9,Call,4160,0,0,27.9518,0,0,0
30-Dec-2025,3864.9,Put,3600,0,0,27.9518,0,0,0
30-Dec-2025,3864.9,Put,4000,0,0,27.9518,0,0,0
30-Dec-2025,3864.9,Put,4080,0,0,27.9518,0,0,0
30-Dec-2025,3864.9,Put,3720,0,0,27.9518,0,0,0
30-Dec-2025,3864.9,Call,3840,0,0,27.9518,0,0,0
30-Dec-2025,3864.9,Call,4240,0,0,0,0,0,0
30-Dec-2025,3864.9,Put,3840,0,0,27.9518,0,0,0
30-Dec-2025,3864.9,Put,3760,0,0,27.9518,0,0,0
30-Dec-2025,3864.9,Put,3880,0,0,27.9518,0,0,0
30-Dec-2025,3864.9,Call,3920,0,0,27.9518,0,0,0
30-Dec-2025,3864.9,Put,3920,0,0,27.9518,0,0,0
30-Dec-2025,3864.9,Put,3960,0,0,27.9518,0,0,0
