28-Oct-2025,343.1,Call,345,2.2,13.64,28.6442,5,6454,2861
28-Oct-2025,343.1,Call,340,5,13.07,28.6442,-18,3759,2445
28-Oct-2025,343.1,-,0,343.25,0,28.6442,399,61594,2191
28-Oct-2025,343.1,Call,350,0.95,14.93,28.6442,-17,4550,1916
28-Oct-2025,343.1,Call,342.5,3.5,13.27,28.6442,7,1771,1591
28-Oct-2025,343.1,Put,340,1.85,17.59,28.6442,206,1503,1415
28-Oct-2025,343.1,Put,342.5,2.8,17.3,28.6442,62,667,1396
25-Nov-2025,343.1,-,0,343.2,0,28.6442,551,4970,1137
28-Oct-2025,343.1,Call,360,0.3,20.29,28.6442,-171,1416,745
28-Oct-2025,343.1,Put,345,4,17.14,28.6442,41,768,709
28-Oct-2025,343.1,Call,355,0.45,17.07,28.6442,71,891,693
28-Oct-2025,343.1,Put,335,0.85,18.73,28.6442,7,856,676
28-Oct-2025,343.1,Put,337.5,1.2,17.62,28.6442,82,377,579
28-Oct-2025,343.1,Call,347.5,1.35,13.77,28.6442,7,2985,514
28-Oct-2025,343.1,Put,330,0.4,20.5,28.6442,-8,951,372
25-Nov-2025,343.1,Put,330,3.8,23.7,28.6442,-211,218,356
28-Oct-2025,343.1,Call,335,9,0,28.6442,-14,370,228
25-Nov-2025,343.1,Call,350,5.9,16.98,28.6442,28,362,196
28-Oct-2025,343.1,Call,352.5,0.65,16.02,28.6442,16,381,163
28-Oct-2025,343.1,Call,370,0.15,25.87,28.6442,-27,1533,138
25-Nov-2025,343.1,Call,360,3.15,18.48,28.6442,62,320,131
28-Oct-2025,343.1,Put,350,7.8,17.88,28.6442,-20,422,127
28-Oct-2025,343.1,Put,332.5,0.55,19.28,28.6442,19,314,124
28-Oct-2025,343.1,Put,325,0.25,23.51,28.6442,-14,374,117
28-Oct-2025,343.1,Call,337.5,6.9,11.78,28.6442,-1,212,112
28-Oct-2025,343.1,Put,310,0.05,30.27,28.6442,-16,554,111
25-Nov-2025,343.1,Call,345,8,17.26,28.6442,49,90,99
25-Nov-2025,343.1,Call,340,10.4,15.47,28.6442,18,197,93
28-Oct-2025,343.1,Call,385,0.1,35.04,28.6442,0,59,79
28-Oct-2025,343.1,Call,365,0.2,23.01,28.6442,-48,165,74
28-Oct-2025,343.1,Call,330,13.6,18.78,28.6442,-17,262,71
28-Oct-2025,343.1,Put,320,0.15,26.04,28.6442,-6,449,66
30-Dec-2025,343.1,-,0,345.35,0,28.6442,-38,272,63
28-Oct-2025,343.1,Call,390,0.05,35.15,28.6442,-47,337,63
25-Nov-2025,343.1,Put,340,7.3,24.09,28.6442,29,185,61
28-Oct-2025,343.1,Call,380,0.05,28.73,28.6442,-8,1346,60
28-Oct-2025,343.1,Put,347.5,5.7,16.55,28.6442,-13,191,60
28-Oct-2025,343.1,Put,355,11.6,18.81,28.6442,9,64,56
28-Oct-2025,343.1,Put,360,16.15,18.39,28.6442,-5,296,44
25-Nov-2025,343.1,Put,320,1.9,24.26,28.6442,4,186,41
28-Oct-2025,343.1,Put,327.5,0.3,21.79,28.6442,-7,99,31
28-Oct-2025,343.1,Call,332.5,11.9,17.9,28.6442,-15,133,31
25-Nov-2025,343.1,Call,330,17.7,15.02,28.6442,19,41,30
28-Oct-2025,343.1,Put,352.5,9.55,19.21,28.6442,1,73,27
28-Oct-2025,343.1,Call,357.5,0.35,18.53,28.6442,0,77,23
25-Nov-2025,343.1,Put,332.5,4.25,23,28.6442,0,23,20
25-Nov-2025,343.1,Put,335,5.2,23.73,28.6442,0,45,18
25-Nov-2025,343.1,Call,370,1.75,20.09,28.6442,10,35,18
25-Nov-2025,343.1,Put,350,12.8,25.61,28.6442,5,64,18
28-Oct-2025,343.1,Call,362.5,0.2,20.84,28.6442,-9,75,15
25-Nov-2025,343.1,Put,325,2.7,23.91,28.6442,4,246,11
25-Nov-2025,343.1,Call,380,1.05,21.94,28.6442,0,85,10
25-Nov-2025,343.1,Call,355,4.45,18.17,28.6442,4,77,9
28-Oct-2025,343.1,Put,357.5,13.95,20.12,28.6442,-3,30,8
28-Oct-2025,343.1,Put,315,0.15,30.72,28.6442,-1,90,7
28-Oct-2025,343.1,Call,367.5,0.15,23.87,28.6442,-2,47,7
28-Oct-2025,343.1,Put,380,35.95,27.22,28.6442,-1,1214,6
28-Oct-2025,343.1,Call,325,19.3,25.08,28.6442,1,46,6
25-Nov-2025,343.1,Put,360,19.95,27.89,28.6442,4,71,6
28-Oct-2025,343.1,Call,327.5,16,0,28.6442,-2,32,5
25-Nov-2025,343.1,Call,335,12.75,11.83,28.6442,0,18,4
25-Nov-2025,343.1,Call,342.5,8.7,15.06,28.6442,2,18,4
28-Oct-2025,343.1,Put,300,0.05,38.55,28.6442,-1,534,3
28-Oct-2025,343.1,Put,305,0.05,34.4,28.6442,-1,537,3
28-Oct-2025,343.1,Put,370,27.55,44.67,28.6442,-2,91,3
25-Nov-2025,343.1,Call,375,1.3,20.8,28.6442,-1,14,3
28-Oct-2025,343.1,Put,322.5,0.25,26.05,28.6442,-1,72,2
25-Nov-2025,343.1,Call,385,0.75,22.33,28.6442,0,16,2
25-Nov-2025,343.1,Put,310,0.9,25.09,28.6442,-1,170,2
28-Oct-2025,343.1,Put,390,46.1,42.69,28.6442,0,338,1
28-Oct-2025,343.1,Call,300,44,41.77,28.6442,0,43,1
25-Nov-2025,343.1,Put,355,16.3,26.9,28.6442,0,9,1
25-Nov-2025,343.1,Put,375,33.5,34.91,28.6442,0,0,1
25-Nov-2025,343.1,Call,367.5,1.9,19.26,28.6442,0,1,1
28-Oct-2025,343.1,Put,375,0,0,28.6442,0,0,0
28-Oct-2025,343.1,Call,372.5,0,0,28.6442,0,19,0
28-Oct-2025,343.1,Put,285,0,0,28.6442,0,0,0
28-Oct-2025,343.1,Call,295,0,0,28.6442,0,0,0
28-Oct-2025,343.1,Call,315,0,0,28.6442,0,8,0
28-Oct-2025,343.1,Call,285,0,0,28.6442,0,0,0
28-Oct-2025,343.1,Put,372.5,0,0,28.6442,0,0,0
28-Oct-2025,343.1,Put,365,0,0,28.6442,0,18,0
28-Oct-2025,343.1,Put,295,0,0,28.6442,0,0,0
28-Oct-2025,343.1,Put,317.5,0,0,28.6442,0,18,0
28-Oct-2025,343.1,Call,305,0,0,28.6442,0,1,0
28-Oct-2025,343.1,Put,367.5,0,0,28.6442,0,4,0
28-Oct-2025,343.1,Call,322.5,0,0,28.6442,0,33,0
28-Oct-2025,343.1,Put,312.5,0,0,28.6442,0,16,0
28-Oct-2025,343.1,Put,362.5,0,0,28.6442,0,16,0
28-Oct-2025,343.1,Call,312.5,0,0,28.6442,0,1,0
28-Oct-2025,343.1,Call,317.5,0,0,28.6442,0,12,0
28-Oct-2025,343.1,Put,385,0,0,28.6442,0,0,0
28-Oct-2025,343.1,Put,290,0,0,28.6442,0,16,0
28-Oct-2025,343.1,Call,320,0,0,28.6442,0,202,0
28-Oct-2025,343.1,Call,290,0,0,28.6442,0,0,0
28-Oct-2025,343.1,Call,310,0,0,28.6442,0,3,0
28-Oct-2025,343.1,Call,375,0,0,28.6442,0,865,0
28-Oct-2025,343.1,Put,307.5,0,0,28.6442,0,34,0
28-Oct-2025,343.1,Put,400,0,0,28.6442,0,5,0
28-Oct-2025,343.1,Call,400,0,0,28.6442,0,100,0
25-Nov-2025,343.1,Put,347.5,0,0,28.6442,0,0,0
25-Nov-2025,343.1,Call,357.5,0,0,28.6442,0,1,0
28-Oct-2025,343.1,Call,307.5,0,0,28.6442,0,0,0
25-Nov-2025,343.1,Put,352.5,0,0,28.6442,0,0,0
25-Nov-2025,343.1,Call,352.5,0,0,28.6442,0,0,0
25-Nov-2025,343.1,Put,357.5,0,0,28.6442,0,0,0
25-Nov-2025,343.1,Put,365,0,0,28.6442,0,10,0
25-Nov-2025,343.1,Put,307.5,0,0,28.6442,0,0,0
25-Nov-2025,343.1,Put,290,0,0,28.6442,0,0,0
25-Nov-2025,343.1,Put,367.5,0,0,28.6442,0,0,0
25-Nov-2025,343.1,Put,285,0,0,28.6442,0,0,0
25-Nov-2025,343.1,Call,307.5,0,0,28.6442,0,0,0
25-Nov-2025,343.1,Put,362.5,0,0,28.6442,0,0,0
25-Nov-2025,343.1,Put,315,0,0,28.6442,0,28,0
25-Nov-2025,343.1,Put,370,0,0,28.6442,0,0,0
25-Nov-2025,343.1,Put,345,0,0,28.6442,0,0,0
25-Nov-2025,343.1,Call,320,0,0,28.6442,0,34,0
25-Nov-2025,343.1,Call,310,0,0,28.6442,0,0,0
25-Nov-2025,343.1,Put,385,0,0,28.6442,0,0,0
25-Nov-2025,343.1,Put,390,0,0,28.6442,0,22,0
25-Nov-2025,343.1,Call,290,0,0,28.6442,0,0,0
25-Nov-2025,343.1,Call,300,0,0,28.6442,0,0,0
25-Nov-2025,343.1,Put,380,0,0,28.6442,0,0,0
25-Nov-2025,343.1,Call,362.5,0,0,28.6442,0,4,0
25-Nov-2025,343.1,Call,305,0,0,28.6442,0,1,0
25-Nov-2025,343.1,Call,365,0,0,28.6442,0,0,0
25-Nov-2025,343.1,Call,295,0,0,28.6442,0,0,0
25-Nov-2025,343.1,Call,390,0,0,28.6442,0,12,0
25-Nov-2025,343.1,Call,285,0,0,28.6442,0,0,0
25-Nov-2025,343.1,Put,337.5,0,0,28.6442,0,1,0
25-Nov-2025,343.1,Put,327.5,0,0,28.6442,0,0,0
25-Nov-2025,343.1,Put,300,0,0,28.6442,0,69,0
25-Nov-2025,343.1,Call,317.5,0,0,28.6442,0,0,0
25-Nov-2025,343.1,Put,305,0,0,28.6442,0,0,0
30-Dec-2025,343.1,Put,350,0,0,28.6442,0,0,0
30-Dec-2025,343.1,Call,340,0,0,28.6442,0,0,0
25-Nov-2025,343.1,Call,347.5,0,0,28.6442,0,0,0
30-Dec-2025,343.1,Put,325,0,0,28.6442,0,0,0
25-Nov-2025,343.1,Call,312.5,0,0,28.6442,0,0,0
25-Nov-2025,343.1,Put,312.5,0,0,28.6442,0,0,0
30-Dec-2025,343.1,Put,340,0,0,28.6442,0,0,0
30-Dec-2025,343.1,Call,360,0,0,28.6442,0,0,0
25-Nov-2025,343.1,Call,332.5,0,0,28.6442,0,0,0
25-Nov-2025,343.1,Put,295,0,0,28.6442,0,0,0
30-Dec-2025,343.1,Put,320,0,0,28.6442,0,0,0
30-Dec-2025,343.1,Put,290,0,0,28.6442,0,0,0
30-Dec-2025,343.1,Call,350,0,0,28.6442,0,1,0
30-Dec-2025,343.1,Put,355,0,0,28.6442,0,0,0
25-Nov-2025,343.1,Put,317.5,0,0,28.6442,0,0,0
25-Nov-2025,343.1,Put,372.5,0,0,28.6442,0,0,0
25-Nov-2025,343.1,Call,372.5,0,0,28.6442,0,10,0
25-Nov-2025,343.1,Call,325,0,0,28.6442,0,0,0
25-Nov-2025,343.1,Call,315,0,0,28.6442,0,1,0
25-Nov-2025,343.1,Put,322.5,0,0,28.6442,0,0,0
25-Nov-2025,343.1,Call,322.5,0,0,28.6442,0,0,0
25-Nov-2025,343.1,Call,337.5,0,0,28.6442,0,0,0
25-Nov-2025,343.1,Call,327.5,0,0,28.6442,0,0,0
30-Dec-2025,343.1,Call,370,0,0,28.6442,0,20,0
30-Dec-2025,343.1,Call,380,0,0,28.6442,0,0,0
25-Nov-2025,343.1,Put,342.5,0,0,28.6442,0,0,0
30-Dec-2025,343.1,Put,345,0,0,28.6442,0,0,0
30-Dec-2025,343.1,Call,345,0,0,28.6442,0,0,0
30-Dec-2025,343.1,Put,335,0,0,28.6442,0,0,0
30-Dec-2025,343.1,Put,330,0,0,28.6442,0,2,0
30-Dec-2025,343.1,Call,335,0,0,28.6442,0,0,0
30-Dec-2025,343.1,Call,355,0,0,28.6442,0,0,0
30-Dec-2025,343.1,Call,365,0,0,28.6442,0,0,0
