28-Oct-2025,1460.2,Call,1460,15,15.46,24.2762,6394,9900,61535
28-Oct-2025,1460.2,Call,1500,3.3,16.99,24.2762,-4950,10304,43831
28-Oct-2025,1460.2,-,0,1460.7,0,24.2762,-5636,224307,42441
28-Oct-2025,1460.2,Call,1450,20.35,14.86,24.2762,52,5495,34467
28-Oct-2025,1460.2,Call,1470,10.5,15.69,24.2762,2760,4660,27243
28-Oct-2025,1460.2,Call,1480,7.1,15.93,24.2762,1753,3900,22676
28-Oct-2025,1460.2,Call,1440,27.15,13.76,24.2762,-2825,4120,20232
28-Oct-2025,1460.2,Put,1450,9.7,17.97,24.2762,1840,4121,20203
28-Oct-2025,1460.2,Put,1400,1.5,20.83,24.2762,-537,7004,18908
28-Oct-2025,1460.2,Put,1460,14.15,18.16,24.2762,3528,4013,18532
28-Oct-2025,1460.2,Put,1420,2.85,18.94,24.2762,564,3030,16632
28-Oct-2025,1460.2,Put,1440,6.45,18.02,24.2762,838,2571,14267
28-Oct-2025,1460.2,Call,1420,43.3,0,24.2762,-3782,4489,13804
28-Oct-2025,1460.2,Call,1490,4.8,16.27,24.2762,459,2727,13080
28-Oct-2025,1460.2,Call,1400,62,0,24.2762,-4093,8993,11335
28-Oct-2025,1460.2,Put,1430,4.35,18.46,24.2762,974,2011,10817
28-Oct-2025,1460.2,Call,1510,2.15,17.38,24.2762,-367,2146,9776
25-Nov-2025,1460.2,-,0,1468.7,0,24.2762,2088,34398,8375
28-Oct-2025,1460.2,Call,1430,34.95,11.46,24.2762,-1230,1994,8325
28-Oct-2025,1460.2,Put,1410,2.05,19.79,24.2762,12,1859,7882
28-Oct-2025,1460.2,Put,1380,0.9,23.52,24.2762,-872,4234,7215
28-Oct-2025,1460.2,Call,1520,1.5,18.01,24.2762,666,1652,6080
28-Oct-2025,1460.2,Put,1470,19.6,18.39,24.2762,1142,1251,5687
25-Nov-2025,1460.2,Call,1500,18.1,15.47,24.2762,624,3820,5681
28-Oct-2025,1460.2,Put,1390,1.1,22.12,24.2762,-942,2158,5234
28-Oct-2025,1460.2,Put,1360,0.7,27.16,24.2762,-1292,3332,4697
28-Oct-2025,1460.2,Call,1540,0.85,19.96,24.2762,170,1385,4599
28-Oct-2025,1460.2,Call,1530,1.05,18.85,24.2762,1222,1730,4265
28-Oct-2025,1460.2,Put,1480,26,19.27,24.2762,746,1108,4182
28-Oct-2025,1460.2,Put,1370,0.75,25.23,24.2762,-891,3222,4119
28-Oct-2025,1460.2,Call,1410,52.7,0,24.2762,-1294,1749,3458
28-Oct-2025,1460.2,Put,1350,0.6,28.63,24.2762,-979,2310,3231
25-Nov-2025,1460.2,Call,1400,79.5,14.72,24.2762,-81,2401,2829
28-Oct-2025,1460.2,Call,1560,0.6,22.58,24.2762,39,1856,2824
28-Oct-2025,1460.2,Put,1300,0.35,35.79,24.2762,-518,3392,2660
28-Oct-2025,1460.2,Call,1380,83.35,0,24.2762,-1156,3830,2624
25-Nov-2025,1460.2,Put,1400,9.6,19.39,24.2762,277,2095,2500
28-Oct-2025,1460.2,Call,1600,0.35,28.13,24.2762,254,2635,2203
25-Nov-2025,1460.2,Call,1460,36.4,15.44,24.2762,481,836,2085
25-Nov-2025,1460.2,Call,1450,42,15.35,24.2762,123,1060,2051
28-Oct-2025,1460.2,Put,1500,42.3,21.91,24.2762,-245,2931,1979
28-Oct-2025,1460.2,Call,1360,102.95,0,24.2762,-601,2325,1948
28-Oct-2025,1460.2,Put,1340,0.5,30.38,24.2762,-580,1451,1892
28-Oct-2025,1460.2,Call,1390,72,0,24.2762,-776,1815,1852
25-Nov-2025,1460.2,Call,1600,2.6,17.52,24.2762,312,965,1454
25-Nov-2025,1460.2,Put,1460,26.95,18.37,24.2762,707,807,1414
28-Oct-2025,1460.2,Put,1330,0.35,30.42,24.2762,-464,1226,1390
25-Nov-2025,1460.2,Call,1480,26,15.05,24.2762,434,668,1374
28-Oct-2025,1460.2,Call,1370,92.55,0,24.2762,-819,2339,1332
25-Nov-2025,1460.2,Call,1440,49.55,15.2,24.2762,-125,409,1285
28-Oct-2025,1460.2,Put,1320,0.3,32.46,24.2762,-421,1279,1249
25-Nov-2025,1460.2,Put,1450,22.25,18.5,24.2762,409,709,1172
25-Nov-2025,1460.2,Call,1540,8.25,15.8,24.2762,292,929,1050
30-Dec-2025,1460.2,-,0,1478.7,0,24.2762,306,5134,1049
25-Nov-2025,1460.2,Put,1420,13,18.82,24.2762,316,622,1001
25-Nov-2025,1460.2,Put,1500,47.85,18.46,24.2762,373,1264,980
28-Oct-2025,1460.2,Put,1490,33.75,20.05,24.2762,168,280,931
28-Oct-2025,1460.2,Put,1310,0.3,33.78,24.2762,-292,727,926
28-Oct-2025,1460.2,Call,1580,0.45,24.68,24.2762,175,466,910
25-Nov-2025,1460.2,Call,1560,5.3,16.18,24.2762,292,502,876
25-Nov-2025,1460.2,Call,1420,62.3,14.79,24.2762,-153,531,811
25-Nov-2025,1460.2,Put,1380,6.65,20.24,24.2762,-53,605,783
25-Nov-2025,1460.2,Call,1520,12,15.47,24.2762,194,494,724
25-Nov-2025,1460.2,Call,1470,30.55,15.49,24.2762,105,341,665
25-Nov-2025,1460.2,Put,1410,11.05,19.14,24.2762,91,252,664
25-Nov-2025,1460.2,Put,1340,3.35,21.64,24.2762,-227,305,663
25-Nov-2025,1460.2,Put,1430,16.1,18.75,24.2762,138,260,657
25-Nov-2025,1460.2,Put,1440,19,18.54,24.2762,185,276,642
28-Oct-2025,1460.2,Put,1200,0.2,55.04,24.2762,-162,1989,592
25-Nov-2025,1460.2,Put,1360,4.8,20.94,24.2762,-22,565,547
28-Oct-2025,1460.2,Put,1280,0.3,39.83,24.2762,-185,1731,517
25-Nov-2025,1460.2,Put,1300,1.75,23.54,24.2762,-156,438,508
25-Nov-2025,1460.2,Put,1330,2.8,22.06,24.2762,-59,127,480
25-Nov-2025,1460.2,Put,1350,4,21.37,24.2762,52,437,448
25-Nov-2025,1460.2,Put,1480,36,18.21,24.2762,105,171,433
28-Oct-2025,1460.2,Put,1260,0.2,41.75,24.2762,-214,766,430
25-Nov-2025,1460.2,Call,1490,22.2,15.19,24.2762,194,279,429
25-Nov-2025,1460.2,Call,1430,55.05,15.09,24.2762,-30,203,415
28-Oct-2025,1460.2,Call,1350,111,0,24.2762,-260,1049,401
25-Nov-2025,1460.2,Put,1370,5.6,20.65,24.2762,-40,370,391
28-Oct-2025,1460.2,Call,1640,0.2,31.73,24.2762,15,330,360
25-Nov-2025,1460.2,Put,1390,7.85,19.9,24.2762,-9,289,336
28-Oct-2025,1460.2,Put,1250,0.25,44.9,24.2762,-59,526,323
25-Nov-2025,1460.2,Put,1320,2.3,22.42,24.2762,41,209,315
28-Oct-2025,1460.2,Call,1300,166.5,45.82,24.2762,-54,1506,312
25-Nov-2025,1460.2,Call,1620,1.95,18.22,0,0,137,295
25-Nov-2025,1460.2,Call,1380,95.45,10.98,24.2762,-48,471,262
30-Dec-2025,1460.2,Call,1500,31.3,13.79,24.2762,-15,209,250
28-Oct-2025,1460.2,Put,1240,0.2,45.68,24.2762,-129,561,245
28-Oct-2025,1460.2,Put,1270,0.25,40.9,24.2762,-138,531,241
25-Nov-2025,1460.2,Call,1510,15.15,15.24,24.2762,130,130,219
25-Nov-2025,1460.2,Put,1520,61.75,19.2,24.2762,13,100,213
25-Nov-2025,1460.2,Call,1410,70.4,14.82,24.2762,-22,107,207
28-Oct-2025,1460.2,Put,1600,138.05,45.66,24.2762,-77,1935,202
28-Oct-2025,1460.2,Put,1290,0.25,36.93,24.2762,-81,396,196
25-Nov-2025,1460.2,Call,1300,171.5,0,24.2762,-181,164,196
25-Nov-2025,1460.2,Put,1600,131.9,24.47,24.2762,156,227,194
30-Dec-2025,1460.2,Put,1400,14.55,18.17,24.2762,100,220,192
25-Nov-2025,1460.2,Call,1580,3.7,16.71,24.2762,75,132,186
30-Dec-2025,1460.2,Call,1400,92.75,9.11,24.2762,-72,171,169
25-Nov-2025,1460.2,Put,1280,1.3,24.53,24.2762,-40,140,152
25-Nov-2025,1460.2,Call,1530,9.75,15.56,0,0,87,117
28-Oct-2025,1460.2,Call,1620,0.3,30.24,24.2762,-7,107,112
25-Nov-2025,1460.2,Call,1350,125,0,24.2762,-95,62,106
25-Nov-2025,1460.2,Put,1470,31,18.64,24.2762,63,63,106
25-Nov-2025,1460.2,Call,1390,89,14.76,24.2762,-19,294,94
28-Oct-2025,1460.2,Put,1230,0.2,47.65,24.2762,-56,105,81
28-Oct-2025,1460.2,Put,1510,49.7,24.55,24.2762,-13,43,81
25-Nov-2025,1460.2,Put,1260,1.1,26.05,24.2762,-7,137,71
28-Oct-2025,1460.2,Put,1520,56.75,19.95,24.2762,-42,154,67
25-Nov-2025,1460.2,Put,1310,2,22.86,24.2762,27,111,67
28-Oct-2025,1460.2,Put,1640,176,44.34,24.2762,-57,1752,60
28-Oct-2025,1460.2,Put,1220,0.15,48.06,24.2762,-2,229,55
25-Nov-2025,1460.2,Call,1360,115.25,0,24.2762,-4,319,53
25-Nov-2025,1460.2,Call,1370,105.95,11.75,24.2762,-8,137,51
25-Nov-2025,1460.2,Put,1200,0.85,31.77,24.2762,15,144,47
28-Oct-2025,1460.2,Put,1540,78.7,29.71,24.2762,-11,306,42
30-Dec-2025,1460.2,Put,1300,4.3,21.51,24.2762,-11,98,35
30-Dec-2025,1460.2,Call,1480,39.95,13.39,24.2762,-5,83,32
30-Dec-2025,1460.2,Put,1380,9.8,18.02,24.2762,7,18,29
30-Dec-2025,1460.2,Call,1600,8.15,15.44,24.2762,17,18,25
28-Oct-2025,1460.2,Call,1330,132.85,0,24.2762,-13,262,24
25-Nov-2025,1460.2,Put,1290,1.55,24.16,24.2762,-12,31,23
25-Nov-2025,1460.2,Put,1490,41.9,18.98,24.2762,18,18,22
30-Dec-2025,1460.2,Put,1280,2,19.94,24.2762,20,28,21
28-Oct-2025,1460.2,Call,1340,121.3,0,24.2762,-11,786,20
28-Oct-2025,1460.2,Put,1530,69.8,29.1,24.2762,6,33,20
30-Dec-2025,1460.2,Call,1560,13.4,14.32,24.2762,8,85,17
28-Oct-2025,1460.2,Put,1140,0.1,61.34,24.2762,-2,130,14
25-Nov-2025,1460.2,Put,1240,0.85,27.15,24.2762,-8,214,14
28-Oct-2025,1460.2,Put,1560,99.2,36.13,24.2762,-12,280,13
30-Dec-2025,1460.2,Call,1440,63.25,12.79,24.2762,1,11,13
30-Dec-2025,1460.2,Put,1320,4.9,20.27,24.2762,-3,9,10
28-Oct-2025,1460.2,Call,1310,144.85,0,24.2762,-2,159,8
25-Nov-2025,1460.2,Put,1620,150,26.09,0,0,2,8
30-Dec-2025,1460.2,Put,1200,1.5,25.48,24.2762,-6,51,8
30-Dec-2025,1460.2,Put,1360,7.1,17.98,24.2762,3,7,6
28-Oct-2025,1460.2,Put,1160,0.1,57.44,24.2762,1,53,5
28-Oct-2025,1460.2,Call,1320,140.5,0,24.2762,-2,338,3
28-Oct-2025,1460.2,Put,1180,0.1,53.6,24.2762,0,91,3
28-Oct-2025,1460.2,Put,1620,168.15,69.65,24.2762,0,71,2
28-Oct-2025,1460.2,Call,1250,206,0,24.2762,0,120,2
25-Nov-2025,1460.2,Call,1340,138.95,22.18,24.2762,0,23,2
30-Dec-2025,1460.2,Put,1500,52,18.38,24.2762,1,1,2
28-Oct-2025,1460.2,Put,1580,128,58.01,24.2762,0,71,1
25-Nov-2025,1460.2,Put,1560,94,21.19,24.2762,0,0,1
25-Nov-2025,1460.2,Call,1200,266,0,24.2762,0,17,1
25-Nov-2025,1460.2,Put,1220,1.1,30.51,24.2762,0,18,1
28-Oct-2025,1460.2,Call,1260,0,0,24.2762,0,85,0
28-Oct-2025,1460.2,Call,1280,0,0,24.2762,0,123,0
28-Oct-2025,1460.2,Call,1160,0,0,24.2762,0,9,0
28-Oct-2025,1460.2,Call,1180,0,0,24.2762,0,1163,0
28-Oct-2025,1460.2,Call,1200,0,0,24.2762,0,147,0
28-Oct-2025,1460.2,Call,1220,0,0,24.2762,0,42,0
28-Oct-2025,1460.2,Call,1270,0,0,24.2762,0,143,0
28-Oct-2025,1460.2,Call,1290,0,0,24.2762,0,143,0
28-Oct-2025,1460.2,Call,1240,0,0,24.2762,0,70,0
28-Oct-2025,1460.2,Call,1140,0,0,24.2762,0,7,0
25-Nov-2025,1460.2,Put,1580,0,0,24.2762,0,0,0
25-Nov-2025,1460.2,Put,1510,0,0,24.2762,0,0,0
25-Nov-2025,1460.2,Put,1250,0,0,24.2762,0,70,0
25-Nov-2025,1460.2,Call,1240,0,0,24.2762,0,1,0
25-Nov-2025,1460.2,Call,1260,0,0,24.2762,0,1,0
25-Nov-2025,1460.2,Call,1250,0,0,24.2762,0,0,0
30-Dec-2025,1460.2,Put,1440,0,0,24.2762,0,0,0
25-Nov-2025,1460.2,Call,1290,0,0,24.2762,0,0,0
30-Dec-2025,1460.2,Call,1380,0,0,24.2762,0,3,0
25-Nov-2025,1460.2,Call,1270,0,0,24.2762,0,0,0
25-Nov-2025,1460.2,Call,1310,0,0,24.2762,0,0,0
25-Nov-2025,1460.2,Put,1530,0,0,0,0,0,0
30-Dec-2025,1460.2,Call,1420,0,0,24.2762,0,7,0
25-Nov-2025,1460.2,Put,1270,0,0,24.2762,0,46,0
30-Dec-2025,1460.2,Put,1420,0,0,24.2762,0,0,0
25-Nov-2025,1460.2,Put,1180,0,0,24.2762,0,0,0
30-Dec-2025,1460.2,Put,1240,0,0,24.2762,0,0,0
25-Nov-2025,1460.2,Call,1320,0,0,24.2762,0,0,0
25-Nov-2025,1460.2,Call,1330,0,0,24.2762,0,0,0
30-Dec-2025,1460.2,Call,1460,0,0,24.2762,0,0,0
25-Nov-2025,1460.2,Put,1160,0,0,24.2762,0,0,0
25-Nov-2025,1460.2,Call,1280,0,0,24.2762,0,0,0
25-Nov-2025,1460.2,Call,1180,0,0,24.2762,0,0,0
30-Dec-2025,1460.2,Put,1460,0,0,24.2762,0,0,0
30-Dec-2025,1460.2,Put,1160,0,0,24.2762,0,0,0
25-Nov-2025,1460.2,Call,1160,0,0,24.2762,0,0,0
25-Nov-2025,1460.2,Put,1540,0,0,24.2762,0,0,0
30-Dec-2025,1460.2,Put,1480,0,0,24.2762,0,0,0
30-Dec-2025,1460.2,Put,1260,0,0,24.2762,0,0,0
30-Dec-2025,1460.2,Put,1520,0,0,0,0,0,0
30-Dec-2025,1460.2,Call,1540,0,0,0,0,0,0
30-Dec-2025,1460.2,Put,1340,0,0,24.2762,0,0,0
30-Dec-2025,1460.2,Call,1520,0,0,24.2762,0,0,0
30-Dec-2025,1460.2,Put,1540,0,0,0,0,0,0
30-Dec-2025,1460.2,Call,1360,0,0,24.2762,0,0,0
25-Nov-2025,1460.2,Call,1220,0,0,24.2762,0,0,0
30-Dec-2025,1460.2,Put,1600,0,0,24.2762,0,0,0
