28-Oct-2025,129.65,-,0,129.71,0,45.4004,-117,40805,2109
28-Oct-2025,129.65,Call,130,2.35,30.38,45.4004,77,970,1560
25-Nov-2025,129.65,-,0,130.46,0,45.4004,671,3833,1164
28-Oct-2025,129.65,Call,132.5,1.4,34.21,45.4004,416,810,1021
28-Oct-2025,129.65,Call,140,0.4,39.81,45.4004,-14,2756,920
28-Oct-2025,129.65,Call,135,0.85,33.43,45.4004,19,1921,875
28-Oct-2025,129.65,Call,132,1.55,33.81,45.4004,21,354,506
28-Oct-2025,129.65,Put,129,2.1,33.91,45.4004,43,151,485
28-Oct-2025,129.65,Put,125,0.8,33.29,45.4004,32,921,458
28-Oct-2025,129.65,Put,130,2.6,34.88,45.4004,34,846,445
28-Oct-2025,129.65,Call,131,1.95,31.16,45.4004,11,256,376
28-Oct-2025,129.65,Put,128,1.7,32.73,45.4004,21,175,338
28-Oct-2025,129.65,Call,128,3.5,30.77,45.4004,96,178,330
28-Oct-2025,129.65,Call,129,3.05,32.68,45.4004,50,119,263
28-Oct-2025,129.65,Call,133,1.4,33.73,45.4004,13,387,260
28-Oct-2025,129.65,Call,145,0.2,45.2,45.4004,-70,980,201
25-Nov-2025,129.65,Call,140,2.55,35.5,45.4004,89,365,185
28-Oct-2025,129.65,Put,140,10.35,40.26,45.4004,-82,273,173
28-Oct-2025,129.65,Call,125,5.55,28.78,45.4004,-15,218,170
28-Oct-2025,129.65,Put,127.5,1.5,33.91,45.4004,-5,223,167
28-Oct-2025,129.65,Call,137.5,0.55,36.17,45.4004,-33,562,155
28-Oct-2025,129.65,Put,131,3.2,32.43,45.4004,15,124,147
25-Nov-2025,129.65,Call,132,4.95,33.17,45.4004,124,135,129
25-Nov-2025,129.65,Call,130,6,34.08,45.4004,48,162,124
28-Oct-2025,129.65,Call,134,1.15,34.35,45.4004,-3,265,105
28-Oct-2025,129.65,Call,136,0.7,35.24,45.4004,5,312,103
28-Oct-2025,129.65,Call,139,0.4,38.31,45.4004,-4,144,98
28-Oct-2025,129.65,Call,155,0.05,53.17,45.4004,27,337,90
28-Oct-2025,129.65,Put,124,0.55,33.18,45.4004,2,82,81
25-Nov-2025,129.65,Put,120,1.8,36.44,45.4004,39,178,81
25-Nov-2025,129.65,Call,135,4.1,35.47,45.4004,22,266,79
28-Oct-2025,129.65,Put,127,1.3,31.98,45.4004,-4,92,78
28-Oct-2025,129.65,Call,127.5,3.7,34.06,45.4004,0,133,75
25-Nov-2025,129.65,Call,150,1.05,37.83,45.4004,10,216,68
25-Nov-2025,129.65,Call,125,8.45,30.77,45.4004,57,60,67
28-Oct-2025,129.65,Put,132.5,3.9,32.13,45.4004,-2,167,61
25-Nov-2025,129.65,Put,125,3.2,34.88,45.4004,27,152,61
28-Oct-2025,129.65,Put,120,0.25,38.33,45.4004,-14,626,60
28-Oct-2025,129.65,Call,138,0.5,36.58,45.4004,-8,230,60
28-Oct-2025,129.65,Put,132,3.55,31.76,45.4004,8,130,58
28-Oct-2025,129.65,Call,150,0.1,49.54,45.4004,-23,744,50
28-Oct-2025,129.65,Put,135,5.8,33.53,45.4004,-26,503,49
28-Oct-2025,129.65,Call,127,4.1,33.65,45.4004,0,34,48
28-Oct-2025,129.65,Call,137,0.65,36.67,45.4004,9,278,47
25-Nov-2025,129.65,Put,130,5,34,45.4004,16,155,46
28-Oct-2025,129.65,Put,126,1,32.6,45.4004,0,78,41
28-Oct-2025,129.65,Call,142.5,0.25,41.47,45.4004,-12,273,40
28-Oct-2025,129.65,Call,143,0.2,40.64,45.4004,1,156,38
28-Oct-2025,129.65,Put,115,0.1,44.74,45.4004,2,95,34
28-Oct-2025,129.65,Put,123,0.45,34.48,45.4004,-4,76,33
28-Oct-2025,129.65,Call,122.5,7.9,34.19,45.4004,4,40,32
28-Oct-2025,129.65,Call,141,0.3,39.48,45.4004,4,55,31
28-Oct-2025,129.65,Put,122.5,0.4,34.94,45.4004,-2,207,30
28-Oct-2025,129.65,Put,133,4.45,35.17,45.4004,-9,160,30
28-Oct-2025,129.65,Call,126,5.05,33.64,45.4004,2,42,30
30-Dec-2025,129.65,-,0,131.35,0,45.4004,6,278,28
28-Oct-2025,129.65,Call,123,7.45,33.76,45.4004,5,21,28
28-Oct-2025,129.65,Put,117.5,0.15,41.18,45.4004,0,79,25
28-Oct-2025,129.65,Put,122,0.45,37.94,45.4004,-1,131,25
28-Oct-2025,129.65,Call,124,6.65,34.62,45.4004,-1,27,25
28-Oct-2025,129.65,Put,136,6.9,34.45,45.4004,-5,104,21
28-Oct-2025,129.65,Put,145,15.7,63.28,45.4004,-12,116,20
28-Oct-2025,129.65,Call,121,9.3,36.13,45.4004,7,8,19
25-Nov-2025,129.65,Put,140,12.25,41.29,45.4004,-2,48,19
28-Oct-2025,129.65,Put,137,7.6,36.87,45.4004,-2,83,18
28-Oct-2025,129.65,Call,142,0.25,40.25,45.4004,2,94,18
28-Oct-2025,129.65,Call,146,0.15,44.84,45.4004,4,86,18
28-Oct-2025,129.65,Put,137.5,7.95,35.31,45.4004,-4,245,17
28-Oct-2025,129.65,Put,134,5.25,32.87,45.4004,-4,96,17
28-Oct-2025,129.65,Call,144,0.2,42.94,45.4004,-5,94,17
25-Nov-2025,129.65,Call,120,12,29.61,45.4004,8,11,17
28-Oct-2025,129.65,Call,148,0.1,45.67,45.4004,10,112,16
28-Oct-2025,129.65,Put,139,9.4,38.67,45.4004,-2,35,14
25-Nov-2025,129.65,Call,145,1.5,35.45,45.4004,3,80,14
25-Nov-2025,129.65,Put,135,8.3,37.26,45.4004,7,140,14
28-Oct-2025,129.65,Call,147.5,0.15,47.99,45.4004,-8,104,13
28-Oct-2025,129.65,Put,138,8.5,37.98,45.4004,-1,38,13
25-Nov-2025,129.65,Call,131,5.45,33.4,45.4004,9,13,12
28-Oct-2025,129.65,Call,118,12.15,38.76,45.4004,2,3,11
25-Nov-2025,129.65,Put,145,16.1,41.95,45.4004,4,36,8
25-Nov-2025,129.65,Put,118,1.4,36.72,45.4004,-2,47,8
28-Oct-2025,129.65,Call,120,9.8,0,45.4004,-5,111,7
25-Nov-2025,129.65,Call,137,3.3,34.76,45.4004,2,2,7
28-Oct-2025,129.65,Call,154,0.05,51.5,45.4004,5,40,6
25-Nov-2025,129.65,Put,126,3.4,34.79,45.4004,3,4,5
30-Dec-2025,129.65,Call,140,4.55,33,45.4004,4,13,5
28-Oct-2025,129.65,Call,116,13.2,0,45.4004,0,0,4
25-Nov-2025,129.65,Put,122,2.25,35.91,45.4004,1,11,4
25-Nov-2025,129.65,Put,132,6.25,35.35,45.4004,0,2,4
25-Nov-2025,129.65,Put,127,4.05,36.48,45.4004,3,8,4
28-Oct-2025,129.65,Put,121,0.5,42.68,45.4004,-2,54,3
28-Oct-2025,129.65,Put,110,0.05,52.26,45.4004,1,84,3
28-Oct-2025,129.65,Call,147,0.15,46.95,45.4004,0,76,2
28-Oct-2025,129.65,Put,142,12.8,56.83,45.4004,0,30,2
25-Nov-2025,129.65,Put,128,4.55,36.97,45.4004,1,7,2
25-Nov-2025,129.65,Put,134,7.55,36.36,45.4004,0,0,1
25-Nov-2025,129.65,Put,139,11.5,40.96,45.4004,0,0,1
25-Nov-2025,129.65,Put,131,6,37.07,45.4004,0,5,1
25-Nov-2025,129.65,Call,138,2.95,34.47,45.4004,0,5,1
25-Nov-2025,129.65,Call,129,6.1,31.15,45.4004,0,3,1
25-Nov-2025,129.65,Call,133,4.55,33.37,45.4004,0,22,1
25-Nov-2025,129.65,Call,123,9.2,25.54,45.4004,0,0,1
25-Nov-2025,129.65,Put,129,5.2,38.21,45.4004,0,4,1
30-Dec-2025,129.65,Call,130,7.75,28.99,45.4004,0,1,1
28-Oct-2025,129.65,Put,142.5,0,0,45.4004,0,43,0
28-Oct-2025,129.65,Put,147.5,0,0,45.4004,0,21,0
28-Oct-2025,129.65,Call,112,0,0,45.4004,0,0,0
28-Oct-2025,129.65,Put,112,0,0,45.4004,0,0,0
28-Oct-2025,129.65,Put,152,0,0,45.4004,0,0,0
28-Oct-2025,129.65,Put,154,0,0,45.4004,0,0,0
28-Oct-2025,129.65,Call,156,0,0,45.4004,0,0,0
28-Oct-2025,129.65,Put,156,0,0,45.4004,0,0,0
28-Oct-2025,129.65,Put,155,0,0,45.4004,0,19,0
28-Oct-2025,129.65,Put,116,0,0,45.4004,0,3,0
28-Oct-2025,129.65,Put,118,0,0,45.4004,0,6,0
28-Oct-2025,129.65,Put,147,0,0,45.4004,0,0,0
28-Oct-2025,129.65,Call,117,0,0,45.4004,0,1,0
28-Oct-2025,129.65,Put,117,0,0,45.4004,0,0,0
28-Oct-2025,129.65,Call,119,0,0,45.4004,0,0,0
28-Oct-2025,129.65,Put,119,0,0,45.4004,0,0,0
28-Oct-2025,129.65,Call,152.5,0,0,45.4004,0,35,0
28-Oct-2025,129.65,Put,152.5,0,0,45.4004,0,17,0
28-Oct-2025,129.65,Put,150,0,0,45.4004,0,102,0
28-Oct-2025,129.65,Call,108,0,0,45.4004,0,0,0
28-Oct-2025,129.65,Put,108,0,0,45.4004,0,0,0
28-Oct-2025,129.65,Put,100,0,0,45.4004,0,16,0
28-Oct-2025,129.65,Call,114,0,0,45.4004,0,10,0
28-Oct-2025,129.65,Put,114,0,0,45.4004,0,0,0
28-Oct-2025,129.65,Call,122,0,0,45.4004,0,0,0
28-Oct-2025,129.65,Put,141,0,0,45.4004,0,19,0
28-Oct-2025,129.65,Put,144,0,0,45.4004,0,27,0
28-Oct-2025,129.65,Put,146,0,0,45.4004,0,23,0
28-Oct-2025,129.65,Put,148,0,0,45.4004,0,0,0
28-Oct-2025,129.65,Call,110,0,0,45.4004,0,6,0
28-Oct-2025,129.65,Put,112.5,0,0,45.4004,0,1,0
25-Nov-2025,129.65,Call,108,0,0,45.4004,0,0,0
25-Nov-2025,129.65,Put,121,0,0,45.4004,0,0,0
25-Nov-2025,129.65,Call,147,0,0,45.4004,0,0,0
25-Nov-2025,129.65,Put,147,0,0,45.4004,0,0,0
25-Nov-2025,129.65,Call,156,0,0,45.4004,0,0,0
25-Nov-2025,129.65,Call,126,0,0,45.4004,0,0,0
25-Nov-2025,129.65,Call,127,0,0,45.4004,0,1,0
25-Nov-2025,129.65,Call,128,0,0,45.4004,0,0,0
25-Nov-2025,129.65,Put,137,0,0,45.4004,0,0,0
25-Nov-2025,129.65,Put,141,0,0,45.4004,0,0,0
25-Nov-2025,129.65,Put,142,0,0,45.4004,0,0,0
25-Nov-2025,129.65,Put,144,0,0,45.4004,0,0,0
25-Nov-2025,129.65,Put,146,0,0,45.4004,0,0,0
25-Nov-2025,129.65,Put,148,0,0,45.4004,0,0,0
25-Nov-2025,129.65,Put,119,0,0,45.4004,0,0,0
25-Nov-2025,129.65,Call,143,0,0,45.4004,0,0,0
25-Nov-2025,129.65,Call,117,0,0,45.4004,0,0,0
25-Nov-2025,129.65,Call,114,0,0,45.4004,0,0,0
25-Nov-2025,129.65,Call,116,0,0,45.4004,0,0,0
25-Nov-2025,129.65,Call,118,0,0,45.4004,0,0,0
25-Nov-2025,129.65,Put,152,0,0,45.4004,0,0,0
25-Nov-2025,129.65,Put,154,0,0,45.4004,0,0,0
25-Nov-2025,129.65,Put,116,0,0,45.4004,0,0,0
25-Nov-2025,129.65,Call,122,0,0,45.4004,0,0,0
25-Nov-2025,129.65,Put,123,0,0,45.4004,0,0,0
25-Nov-2025,129.65,Call,124,0,0,45.4004,0,0,0
25-Nov-2025,129.65,Put,124,0,0,45.4004,0,0,0
25-Nov-2025,129.65,Put,133,0,0,45.4004,0,0,0
25-Nov-2025,129.65,Call,146,0,0,45.4004,0,2,0
25-Nov-2025,129.65,Call,148,0,0,45.4004,0,0,0
25-Nov-2025,129.65,Call,141,0,0,45.4004,0,0,0
25-Nov-2025,129.65,Put,156,0,0,45.4004,0,0,0
25-Nov-2025,129.65,Put,114,0,0,45.4004,0,0,0
25-Nov-2025,129.65,Call,134,0,0,45.4004,0,3,0
25-Nov-2025,129.65,Call,136,0,0,45.4004,0,0,0
25-Nov-2025,129.65,Call,139,0,0,45.4004,0,2,0
25-Nov-2025,129.65,Call,142,0,0,45.4004,0,0,0
25-Nov-2025,129.65,Put,150,0,0,45.4004,0,8,0
25-Nov-2025,129.65,Put,110,0,0,45.4004,0,0,0
28-Oct-2025,129.65,Call,152,0,0,45.4004,0,39,0
25-Nov-2025,129.65,Call,121,0,0,45.4004,0,0,0
28-Oct-2025,129.65,Put,143,0,0,45.4004,0,16,0
25-Nov-2025,129.65,Put,143,0,0,45.4004,0,0,0
25-Nov-2025,129.65,Call,152,0,0,45.4004,0,17,0
25-Nov-2025,129.65,Put,112,0,0,45.4004,0,0,0
25-Nov-2025,129.65,Call,110,0,0,45.4004,0,0,0
30-Dec-2025,129.65,Call,134,0,0,45.4004,0,0,0
30-Dec-2025,129.65,Call,152,0,0,45.4004,0,18,0
25-Nov-2025,129.65,Put,136,0,0,45.4004,0,0,0
30-Dec-2025,129.65,Call,128,0,0,45.4004,0,0,0
30-Dec-2025,129.65,Put,128,0,0,45.4004,0,0,0
25-Nov-2025,129.65,Call,154,0,0,45.4004,0,0,0
25-Nov-2025,129.65,Put,138,0,0,45.4004,0,0,0
30-Dec-2025,129.65,Put,140,0,0,45.4004,0,0,0
30-Dec-2025,129.65,Put,130,0,0,45.4004,0,3,0
25-Nov-2025,129.65,Call,112,0,0,45.4004,0,0,0
25-Nov-2025,129.65,Put,117,0,0,45.4004,0,0,0
30-Dec-2025,129.65,Put,138,0,0,45.4004,0,0,0
30-Dec-2025,129.65,Put,116,0,0,45.4004,0,0,0
25-Nov-2025,129.65,Call,119,0,0,45.4004,0,0,0
25-Nov-2025,129.65,Call,144,0,0,45.4004,0,0,0
30-Dec-2025,129.65,Put,120,0,0,45.4004,0,3,0
30-Dec-2025,129.65,Put,126,0,0,45.4004,0,0,0
25-Nov-2025,129.65,Put,108,0,0,45.4004,0,0,0
30-Dec-2025,129.65,Put,118,0,0,45.4004,0,0,0
30-Dec-2025,129.65,Call,126,0,0,45.4004,0,0,0
30-Dec-2025,129.65,Call,132,0,0,45.4004,0,0,0
30-Dec-2025,129.65,Put,134,0,0,45.4004,0,0,0
30-Dec-2025,129.65,Put,132,0,0,45.4004,0,0,0
30-Dec-2025,129.65,Call,136,0,0,45.4004,0,0,0
30-Dec-2025,129.65,Put,136,0,0,45.4004,0,0,0
30-Dec-2025,129.65,Call,142,0,0,45.4004,0,0,0
30-Dec-2025,129.65,Call,144,0,0,45.4004,0,0,0
30-Dec-2025,129.65,Put,124,0,0,45.4004,0,0,0
30-Dec-2025,129.65,Call,148,0,0,45.4004,0,0,0
30-Dec-2025,129.65,Put,122,0,0,45.4004,0,1,0
30-Dec-2025,129.65,Call,124,0,0,45.4004,0,0,0
30-Dec-2025,129.65,Call,146,0,0,45.4004,0,6,0
30-Dec-2025,129.65,Call,138,0,0,45.4004,0,0,0
