28-Oct-2025,172.4,Call,175,1.6,25.34,34.2611,-93,5096,2710
28-Oct-2025,172.4,Call,180,0.5,25.4,34.2611,-48,4464,2107
28-Oct-2025,172.4,-,0,172.68,0,34.2611,254,34792,1783
28-Oct-2025,172.4,Call,172.5,2.6,24.68,34.2611,196,1772,1709
28-Oct-2025,172.4,Call,170,4.1,24.65,34.2611,26,1878,1044
28-Oct-2025,172.4,Put,170,1.45,26.51,34.2611,107,2600,1020
28-Oct-2025,172.4,Call,177.5,0.9,24.92,34.2611,-20,1354,800
25-Nov-2025,172.4,-,0,173.66,0,34.2611,436,2989,749
28-Oct-2025,172.4,Put,172.5,2.45,25.44,34.2611,54,1237,744
28-Oct-2025,172.4,Call,185,0.2,28.08,34.2611,-39,1539,599
28-Oct-2025,172.4,Put,165,0.45,28.33,34.2611,-9,2004,543
28-Oct-2025,172.4,Put,167.5,0.8,26.71,34.2611,26,825,531
28-Oct-2025,172.4,Put,160,0.15,30.89,34.2611,38,1372,359
28-Oct-2025,172.4,Call,190,0.1,33.96,34.2611,-10,2001,328
28-Oct-2025,172.4,Put,175,3.9,26.2,34.2611,-39,1327,318
28-Oct-2025,172.4,Call,182.5,0.3,27.76,34.2611,1,2277,299
28-Oct-2025,172.4,Call,195,0.05,41.43,34.2611,-22,1106,185
28-Oct-2025,172.4,Put,162.5,0.25,28.87,34.2611,7,579,167
25-Nov-2025,172.4,Call,180,2.95,24.63,34.2611,73,572,142
25-Nov-2025,172.4,Put,170,3.7,25.58,34.2611,16,328,101
25-Nov-2025,172.4,Call,175,4.75,24.15,34.2611,42,287,101
28-Oct-2025,172.4,Call,167.5,5.95,24.41,34.2611,-11,274,93
25-Nov-2025,172.4,Call,185,1.7,24.48,34.2611,29,268,89
25-Nov-2025,172.4,Call,195,0.55,25.98,34.2611,-1,88,73
25-Nov-2025,172.4,Call,190,1,25.56,34.2611,18,352,72
30-Dec-2025,172.4,-,0,174.37,0,34.2611,0,231,60
28-Oct-2025,172.4,Put,180,7.8,28.61,34.2611,36,832,58
25-Nov-2025,172.4,Call,170,7.3,23.77,34.2611,6,120,55
25-Nov-2025,172.4,Put,160,1.1,26.69,34.2611,15,409,43
25-Nov-2025,172.4,Call,172.5,5.95,23.59,34.2611,12,58,39
28-Oct-2025,172.4,Call,165,8.05,26.22,34.2611,2,357,38
28-Oct-2025,172.4,Put,150,0.1,47.86,34.2611,3,1513,35
28-Oct-2025,172.4,Call,187.5,0.1,30.04,34.2611,-5,360,35
25-Nov-2025,172.4,Call,160,14.8,23.06,34.2611,28,76,33
28-Oct-2025,172.4,Put,157.5,0.1,33.43,34.2611,-1,271,31
28-Oct-2025,172.4,Put,177.5,5.7,27.88,34.2611,-11,494,30
28-Oct-2025,172.4,Put,185,12.5,31.47,34.2611,0,243,27
25-Nov-2025,172.4,Call,182.5,2.05,23.57,34.2611,18,34,27
28-Oct-2025,172.4,Call,155,17.7,0,34.2611,-10,145,25
25-Nov-2025,172.4,Put,172.5,4.7,25.66,34.2611,7,33,23
25-Nov-2025,172.4,Put,165,2.05,25.56,34.2611,4,308,19
25-Nov-2025,172.4,Put,175,5.95,25.39,34.2611,4,141,18
28-Oct-2025,172.4,Put,155,0.15,41.05,34.2611,0,794,17
28-Oct-2025,172.4,Put,147.5,0.05,47.68,34.2611,0,343,16
25-Nov-2025,172.4,Call,200,0.4,27.34,34.2611,5,177,15
25-Nov-2025,172.4,Call,177.5,3.75,24.08,34.2611,6,19,15
28-Oct-2025,172.4,Put,140,0.05,61.33,34.2611,9,143,14
28-Oct-2025,172.4,Call,200,0.05,43.95,34.2611,2,904,14
28-Oct-2025,172.4,Call,162.5,9.95,0,34.2611,1,64,11
28-Oct-2025,172.4,Call,192.5,0.1,37.75,34.2611,10,76,11
25-Nov-2025,172.4,Put,167.5,2.8,25.61,34.2611,1,17,10
25-Nov-2025,172.4,Call,165,10.65,23.63,34.2611,6,47,8
25-Nov-2025,172.4,Put,180,9.5,27.69,34.2611,0,65,7
25-Nov-2025,172.4,Put,155,0.65,28.24,34.2611,3,46,7
25-Nov-2025,172.4,Put,150,0.35,29.64,34.2611,2,90,6
28-Oct-2025,172.4,Call,160,12.3,0,34.2611,0,311,5
25-Nov-2025,172.4,Call,187.5,1.3,25.12,34.2611,0,56,5
25-Nov-2025,172.4,Put,177.5,7.45,25.46,34.2611,2,18,5
28-Oct-2025,172.4,Put,145,0.05,52.19,34.2611,-1,363,4
28-Oct-2025,172.4,Put,142.5,0.05,56.74,34.2611,0,24,4
28-Oct-2025,172.4,Put,182.5,10.85,40.89,34.2611,-1,94,4
25-Nov-2025,172.4,Call,150,23.8,19.78,34.2611,1,10,4
30-Dec-2025,172.4,Call,170,9,19.42,34.2611,0,6,4
28-Oct-2025,172.4,Call,150,22.6,0,34.2611,0,117,3
28-Oct-2025,172.4,Put,152.5,0.05,38.75,34.2611,0,124,1
28-Oct-2025,172.4,Put,190,18.15,54.92,34.2611,0,106,1
28-Oct-2025,172.4,Call,130,41.3,0,34.2611,0,119,1
25-Nov-2025,172.4,Call,162.5,12.2,20.62,34.2611,0,4,1
25-Nov-2025,172.4,Call,167.5,8.7,22.7,34.2611,0,6,1
25-Nov-2025,172.4,Put,162.5,1.65,26.83,34.2611,0,0,1
30-Dec-2025,172.4,Call,180,4.85,22.03,34.2611,0,6,1
28-Oct-2025,172.4,Call,157.5,0,0,34.2611,0,35,0
28-Oct-2025,172.4,Call,140,0,0,34.2611,0,64,0
28-Oct-2025,172.4,Call,145,0,0,34.2611,0,26,0
28-Oct-2025,172.4,Call,147.5,0,0,34.2611,0,3,0
28-Oct-2025,172.4,Call,152.5,0,0,34.2611,0,20,0
28-Oct-2025,172.4,Put,130,0,0,34.2611,0,144,0
28-Oct-2025,172.4,Put,195,0,0,34.2611,0,66,0
28-Oct-2025,172.4,Put,200,0,0,34.2611,0,27,0
28-Oct-2025,172.4,Call,135,0,0,34.2611,0,7,0
28-Oct-2025,172.4,Put,192.5,0,0,34.2611,0,0,0
25-Nov-2025,172.4,Call,155,0,0,34.2611,0,7,0
25-Nov-2025,172.4,Put,145,0,0,34.2611,0,4,0
25-Nov-2025,172.4,Put,195,0,0,34.2611,0,1,0
25-Nov-2025,172.4,Put,152.5,0,0,34.2611,0,0,0
25-Nov-2025,172.4,Call,145,0,0,34.2611,0,2,0
28-Oct-2025,172.4,Put,187.5,0,0,34.2611,0,49,0
25-Nov-2025,172.4,Call,157.5,0,0,34.2611,0,0,0
25-Nov-2025,172.4,Call,192.5,0,0,34.2611,0,0,0
25-Nov-2025,172.4,Call,130,0,0,34.2611,0,1,0
25-Nov-2025,172.4,Put,130,0,0,34.2611,0,14,0
25-Nov-2025,172.4,Put,190,0,0,34.2611,0,36,0
25-Nov-2025,172.4,Put,185,0,0,34.2611,0,4,0
30-Dec-2025,172.4,Put,160,0,0,34.2611,0,3,0
30-Dec-2025,172.4,Put,180,0,0,34.2611,0,0,0
30-Dec-2025,172.4,Call,185,0,0,34.2611,0,1,0
25-Nov-2025,172.4,Put,192.5,0,0,34.2611,0,0,0
30-Dec-2025,172.4,Call,155,0,0,34.2611,0,0,0
30-Dec-2025,172.4,Call,150,0,0,34.2611,0,0,0
25-Nov-2025,172.4,Put,187.5,0,0,34.2611,0,0,0
25-Nov-2025,172.4,Put,182.5,0,0,34.2611,0,0,0
30-Dec-2025,172.4,Call,200,0,0,34.2611,0,0,0
25-Nov-2025,172.4,Put,157.5,0,0,34.2611,0,0,0
25-Nov-2025,172.4,Call,152.5,0,0,34.2611,0,0,0
30-Dec-2025,172.4,Call,210,0,0,34.2611,0,0,0
25-Nov-2025,172.4,Put,200,0,0,34.2611,0,1,0
30-Dec-2025,172.4,Call,160,0,0,34.2611,0,0,0
30-Dec-2025,172.4,Put,200,0,0,34.2611,0,0,0
30-Dec-2025,172.4,Put,190,0,0,34.2611,0,0,0
30-Dec-2025,172.4,Put,155,0,0,34.2611,0,0,0
30-Dec-2025,172.4,Put,185,0,0,34.2611,0,0,0
30-Dec-2025,172.4,Call,140,0,0,34.2611,0,0,0
30-Dec-2025,172.4,Put,210,0,0,34.2611,0,1,0
30-Dec-2025,172.4,Call,165,0,0,34.2611,0,0,0
30-Dec-2025,172.4,Put,170,0,0,34.2611,0,1,0
30-Dec-2025,172.4,Call,190,0,0,34.2611,0,26,0
30-Dec-2025,172.4,Put,150,0,0,34.2611,0,0,0
30-Dec-2025,172.4,Put,140,0,0,34.2611,0,0,0
30-Dec-2025,172.4,Put,165,0,0,34.2611,0,5,0
30-Dec-2025,172.4,Call,175,0,0,34.2611,0,2,0
30-Dec-2025,172.4,Put,175,0,0,34.2611,0,0,0
