28-Oct-2025,3007.4,Call,3000,39.35,18.01,24.4721,-1823,13531,22851
28-Oct-2025,3007.4,-,0,3013.5,0,24.4721,-394,158609,11403
28-Oct-2025,3007.4,Call,3100,8.55,20.35,24.4721,-1075,16265,10613
28-Oct-2025,3007.4,Put,3000,25.2,17.9,24.4721,325,7380,9110
28-Oct-2025,3007.4,Call,3020,29.25,17.97,24.4721,-1233,4729,8617
28-Oct-2025,3007.4,Call,3040,21.4,18.36,24.4721,-746,6708,7005
28-Oct-2025,3007.4,Call,3060,15.6,18.97,24.4721,-329,8442,6449
28-Oct-2025,3007.4,Put,2900,4.75,20.78,24.4721,-317,6068,5455
28-Oct-2025,3007.4,Call,2980,51.6,17.95,24.4721,-668,1949,5225
28-Oct-2025,3007.4,Put,2980,17.6,18.12,24.4721,450,3596,5134
28-Oct-2025,3007.4,Call,3200,2.8,25.43,24.4721,-1277,14562,4861
28-Oct-2025,3007.4,Call,2960,65.95,17.86,24.4721,-913,3914,4278
28-Oct-2025,3007.4,Put,2960,11.9,18.38,24.4721,-403,4529,4160
28-Oct-2025,3007.4,Call,3080,11.35,19.42,24.4721,-399,6780,4107
28-Oct-2025,3007.4,Put,2940,8.75,18.94,24.4721,-256,1916,4095
28-Oct-2025,3007.4,Put,2800,1.9,28.05,24.4721,-818,4339,3290
28-Oct-2025,3007.4,Put,2880,3.6,21.81,24.4721,-122,1518,3220
25-Nov-2025,3007.4,-,0,3029.4,0,24.4721,1163,24612,3190
28-Oct-2025,3007.4,Put,2920,6.3,19.81,24.4721,-125,2154,3077
28-Oct-2025,3007.4,Call,3120,6.4,21.13,24.4721,-173,1769,2675
28-Oct-2025,3007.4,Call,3140,4.9,22.08,24.4721,128,2519,2601
28-Oct-2025,3007.4,Put,2840,2.45,24.59,24.4721,-99,1197,2344
25-Nov-2025,3007.4,Call,3000,88.6,18.36,24.4721,88,3447,2042
25-Nov-2025,3007.4,Call,3100,44,18.46,24.4721,-20,2657,2013
28-Oct-2025,3007.4,Call,3160,4.05,23.21,24.4721,-254,2319,1923
28-Oct-2025,3007.4,Put,3020,35,18.2,24.4721,68,2296,1858
28-Oct-2025,3007.4,Put,2860,2.8,23.39,24.4721,-301,1158,1771
25-Nov-2025,3007.4,Call,3200,20.2,19.29,24.4721,195,3560,1685
28-Oct-2025,3007.4,Call,3180,3.3,24.3,24.4721,-122,1494,1447
28-Oct-2025,3007.4,Call,2900,117.6,20.2,24.4721,-176,2766,1368
28-Oct-2025,3007.4,Put,3040,47.2,18.69,24.4721,-176,2536,1194
28-Oct-2025,3007.4,Call,3300,1.3,30.81,24.4721,-439,6019,1139
28-Oct-2025,3007.4,Put,2820,2.1,26.19,24.4721,-131,505,973
28-Oct-2025,3007.4,Put,3100,94.65,21.06,24.4721,-172,3887,905
28-Oct-2025,3007.4,Call,2940,82.05,18.57,24.4721,-148,1136,897
25-Nov-2025,3007.4,Put,2800,10.2,21.19,24.4721,-78,817,661
25-Nov-2025,3007.4,Put,3000,58,20.09,24.4721,172,2842,655
28-Oct-2025,3007.4,Put,3060,61.5,19.23,24.4721,-107,1907,607
28-Oct-2025,3007.4,Call,3220,2.35,26.4,24.4721,-90,1082,592
28-Oct-2025,3007.4,Put,2700,0.65,33.43,24.4721,-66,2819,501
28-Oct-2025,3007.4,Put,2780,1.55,29.18,24.4721,-23,510,494
25-Nov-2025,3007.4,Call,2900,155.35,18.14,24.4721,148,718,493
25-Nov-2025,3007.4,Put,2900,25.25,20.2,24.4721,57,1213,488
25-Nov-2025,3007.4,Put,2700,4.5,23.3,24.4721,-13,521,473
28-Oct-2025,3007.4,Call,2920,99.35,19.09,24.4721,-48,1467,463
28-Oct-2025,3007.4,Call,3240,2,27.34,24.4721,-94,1200,462
25-Nov-2025,3007.4,Call,3400,5.15,22.42,24.4721,145,1283,439
28-Oct-2025,3007.4,Put,2760,1.35,30.99,24.4721,-112,936,431
28-Oct-2025,3007.4,Put,2740,1.15,32.11,24.4721,30,1106,401
25-Nov-2025,3007.4,Call,3300,9.55,20.4,24.4721,113,825,398
28-Oct-2025,3007.4,Call,3520,0.35,41.29,24.4721,-119,479,370
30-Dec-2025,3007.4,-,0,3052.4,0,24.4721,-99,1997,354
28-Oct-2025,3007.4,Call,3400,0.65,35.7,24.4721,-41,3572,313
28-Oct-2025,3007.4,Call,3260,1.65,28.33,24.4721,6,1188,307
25-Nov-2025,3007.4,Put,2960,42.55,20.17,24.4721,20,465,273
28-Oct-2025,3007.4,Call,2880,136.9,22.04,24.4721,-67,534,252
25-Nov-2025,3007.4,Call,3120,37.95,18.72,24.4721,12,216,242
25-Nov-2025,3007.4,Call,3040,69.55,18.46,24.4721,11,627,238
25-Nov-2025,3007.4,Call,3140,32,18.66,24.4721,34,248,227
28-Oct-2025,3007.4,Call,3600,0.25,44.88,24.4721,-10,846,217
25-Nov-2025,3007.4,Call,3060,59.25,18.44,24.4721,5,537,206
25-Nov-2025,3007.4,Call,2960,113.75,18.26,24.4721,-76,470,197
25-Nov-2025,3007.4,Put,3100,112,20.43,24.4721,75,456,187
25-Nov-2025,3007.4,Put,2840,14.5,20.79,24.4721,86,397,186
25-Nov-2025,3007.4,Call,3080,51.1,18.46,24.4721,24,257,167
25-Nov-2025,3007.4,Put,2780,8.55,21.87,24.4721,91,245,140
25-Nov-2025,3007.4,Put,2980,49.6,20.04,24.4721,35,209,134
25-Nov-2025,3007.4,Call,2980,100,18.3,24.4721,-15,214,129
28-Oct-2025,3007.4,Call,3340,0.75,31.12,24.4721,-2,2076,120
28-Oct-2025,3007.4,Call,3320,0.95,30.94,24.4721,0,1589,119
28-Oct-2025,3007.4,Call,3280,1.4,29.26,24.4721,-41,1033,119
25-Nov-2025,3007.4,Put,3200,186,21.45,24.4721,25,413,117
28-Oct-2025,3007.4,Put,3200,187.5,30.53,24.4721,-85,1873,114
25-Nov-2025,3007.4,Call,3160,27.65,18.83,24.4721,36,271,114
25-Nov-2025,3007.4,Put,2860,17.75,20.59,24.4721,6,185,113
28-Oct-2025,3007.4,Call,2800,215.85,27.68,24.4721,-12,979,111
28-Oct-2025,3007.4,Put,2720,0.95,33.23,24.4721,-34,595,110
28-Oct-2025,3007.4,Call,3560,0.4,43.19,24.4721,5,355,108
25-Nov-2025,3007.4,Put,2940,35.2,20.29,24.4721,41,139,107
28-Oct-2025,3007.4,Put,3080,77.2,20.29,24.4721,-26,1167,103
25-Nov-2025,3007.4,Call,3020,78.5,17.64,24.4721,-1,173,99
28-Oct-2025,3007.4,Call,3440,0.45,36.94,24.4721,-22,263,97
28-Oct-2025,3007.4,Put,2400,0.5,61.66,24.4721,29,397,95
28-Oct-2025,3007.4,Put,2600,0.5,41.89,24.4721,-49,2537,88
25-Nov-2025,3007.4,Put,2820,12.15,21.01,24.4721,16,78,88
28-Oct-2025,3007.4,Call,3640,0.25,47.34,24.4721,43,265,87
28-Oct-2025,3007.4,Call,2600,405.25,0,24.4721,-76,473,84
28-Oct-2025,3007.4,Put,3300,285,36.42,24.4721,-59,1457,79
25-Nov-2025,3007.4,Put,3020,70,20.77,24.4721,30,119,78
25-Nov-2025,3007.4,Put,2600,2.85,26.75,24.4721,23,213,76
28-Oct-2025,3007.4,Put,2480,0.3,50.64,24.4721,-60,237,74
25-Nov-2025,3007.4,Put,3040,77.15,20.13,24.4721,36,306,74
25-Nov-2025,3007.4,Put,3060,87,20.53,24.4721,28,137,58
28-Oct-2025,3007.4,Put,3400,385.7,50.64,24.4721,-20,1721,56
25-Nov-2025,3007.4,Put,2880,21.05,20.96,24.4721,-7,215,52
25-Nov-2025,3007.4,Put,2720,5.05,22.83,24.4721,-4,158,51
25-Nov-2025,3007.4,Call,3240,15.05,19.69,24.4721,0,137,50
30-Dec-2025,3007.4,Call,3200,43.8,17.66,24.4721,5,146,50
30-Dec-2025,3007.4,Call,3280,27.8,17.96,24.4721,30,139,50
25-Nov-2025,3007.4,Call,3520,2.7,24.85,24.4721,10,473,49
25-Nov-2025,3007.4,Put,2920,30.7,20.23,24.4721,13,122,48
25-Nov-2025,3007.4,Put,3300,276,24.49,24.4721,12,125,46
25-Nov-2025,3007.4,Call,3260,12.7,20.02,24.4721,4,111,45
30-Dec-2025,3007.4,Call,3000,129.25,17.44,24.4721,0,216,45
25-Nov-2025,3007.4,Put,2760,7.25,22.19,24.4721,0,184,44
25-Nov-2025,3007.4,Call,3280,10.5,20.04,24.4721,11,197,43
25-Nov-2025,3007.4,Put,3400,371.2,29.23,24.4721,36,88,43
25-Nov-2025,3007.4,Call,3220,17.05,19.46,24.4721,30,63,41
28-Oct-2025,3007.4,Call,3360,0.6,31.57,24.4721,-21,814,40
25-Nov-2025,3007.4,Put,2740,6.85,22.75,24.4721,-4,218,38
25-Nov-2025,3007.4,Call,2940,127.5,17.23,24.4721,-21,61,38
25-Nov-2025,3007.4,Put,3140,138.45,20.75,24.4721,13,133,38
25-Nov-2025,3007.4,Call,3600,2,26.4,24.4721,0,273,36
28-Oct-2025,3007.4,Call,2860,156.35,23.72,24.4721,-13,265,35
28-Oct-2025,3007.4,Put,2680,0.5,34.2,24.4721,-8,805,34
28-Oct-2025,3007.4,Put,3120,118.25,26.24,24.4721,-13,291,32
25-Nov-2025,3007.4,Call,3180,23.9,18.87,24.4721,13,136,32
28-Oct-2025,3007.4,Put,3160,151.2,24.65,24.4721,-18,335,30
28-Oct-2025,3007.4,Put,3560,553,70.14,24.4721,-28,120,29
28-Oct-2025,3007.4,Call,3420,0.5,35.98,24.4721,0,264,24
25-Nov-2025,3007.4,Call,3320,8,20.59,24.4721,0,375,22
28-Oct-2025,3007.4,Put,2560,0.4,44.58,24.4721,-20,491,21
28-Oct-2025,3007.4,Put,3140,129.3,22.53,24.4721,4,270,19
30-Dec-2025,3007.4,Put,2960,67,21.43,24.4721,12,25,19
30-Dec-2025,3007.4,Put,3000,80,21.35,24.4721,-1,141,17
25-Nov-2025,3007.4,Call,2800,240,0,24.4721,-7,150,16
25-Nov-2025,3007.4,Put,3680,657,45.84,24.4721,8,16,11
28-Oct-2025,3007.4,Put,2440,0.3,54.45,24.4721,-5,41,9
28-Oct-2025,3007.4,Put,2660,0.6,36.97,24.4721,-5,564,8
28-Oct-2025,3007.4,Put,2640,0.45,37.54,24.4721,-1,847,8
25-Nov-2025,3007.4,Call,3440,4.3,23.36,24.4721,-3,33,8
28-Oct-2025,3007.4,Put,3600,595,77.56,24.4721,0,1275,7
28-Oct-2025,3007.4,Call,2700,303.35,0,24.4721,-4,72,7
28-Oct-2025,3007.4,Put,3180,170.75,26.45,24.4721,-2,157,7
28-Oct-2025,3007.4,Call,2840,174.7,22.58,24.4721,1,164,6
30-Dec-2025,3007.4,Call,3520,10.85,21.56,24.4721,1,31,6
25-Nov-2025,3007.4,Put,3280,265,26.22,24.4721,0,6,5
28-Oct-2025,3007.4,Put,3240,227.75,32.08,24.4721,-1,194,4
28-Oct-2025,3007.4,Put,2520,0.45,49.08,24.4721,-2,400,4
30-Dec-2025,3007.4,Put,2840,32,21.36,24.4721,0,21,4
30-Dec-2025,3007.4,Put,2800,27,22.24,24.4721,0,79,4
28-Oct-2025,3007.4,Put,3640,633.1,77.85,24.4721,0,673,3
28-Oct-2025,3007.4,Call,3480,0.35,38.6,24.4721,1,374,3
25-Nov-2025,3007.4,Put,3120,131.3,21.93,24.4721,0,119,3
25-Nov-2025,3007.4,Put,3440,418,33.14,24.4721,0,2,3
30-Dec-2025,3007.4,Call,3440,11.2,19.37,24.4721,2,33,3
30-Dec-2025,3007.4,Call,3240,35.95,18.14,24.4721,0,28,3
28-Oct-2025,3007.4,Call,2480,535,0,24.4721,0,2,2
25-Nov-2025,3007.4,Call,3360,6.05,21.31,24.4721,0,29,2
25-Nov-2025,3007.4,Put,3080,102.15,20.81,24.4721,0,20,2
28-Oct-2025,3007.4,Put,3520,515,69.71,24.4721,0,278,1
28-Oct-2025,3007.4,Call,2820,173.35,0,24.4721,0,111,1
28-Oct-2025,3007.4,Call,2740,242.15,0,24.4721,0,10,1
25-Nov-2025,3007.4,Put,2660,3.5,0,24.4721,0,60,1
25-Nov-2025,3007.4,Call,3480,3.85,0,24.4721,0,11,1
30-Dec-2025,3007.4,Call,3120,67.65,17.18,24.4721,0,2,1
25-Nov-2025,3007.4,Put,3180,180.85,24.21,24.4721,0,3,1
30-Dec-2025,3007.4,Call,3360,16.75,18.46,24.4721,0,32,1
28-Oct-2025,3007.4,Call,2440,0,0,24.4721,0,0,0
28-Oct-2025,3007.4,Call,2780,0,0,24.4721,0,9,0
28-Oct-2025,3007.4,Call,2760,0,0,24.4721,0,60,0
28-Oct-2025,3007.4,Put,3440,0,0,24.4721,0,33,0
28-Oct-2025,3007.4,Call,2680,0,0,24.4721,0,0,0
28-Oct-2025,3007.4,Put,3480,0,0,24.4721,0,90,0
28-Oct-2025,3007.4,Call,2560,0,0,24.4721,0,0,0
28-Oct-2025,3007.4,Call,2660,0,0,24.4721,0,0,0
28-Oct-2025,3007.4,Put,3280,0,0,24.4721,0,46,0
25-Nov-2025,3007.4,Call,2660,0,0,24.4721,0,0,0
28-Oct-2025,3007.4,Put,3360,0,0,24.4721,0,14,0
28-Oct-2025,3007.4,Call,2720,0,0,24.4721,0,18,0
28-Oct-2025,3007.4,Put,3420,0,0,24.4721,0,14,0
28-Oct-2025,3007.4,Call,3380,0,0,24.4721,0,220,0
28-Oct-2025,3007.4,Put,3340,0,0,24.4721,0,36,0
28-Oct-2025,3007.4,Call,2520,0,0,24.4721,0,0,0
28-Oct-2025,3007.4,Put,3320,0,0,24.4721,0,30,0
28-Oct-2025,3007.4,Call,2640,0,0,24.4721,0,1,0
25-Nov-2025,3007.4,Call,2720,0,0,24.4721,0,0,0
25-Nov-2025,3007.4,Call,2740,0,0,24.4721,0,0,0
28-Oct-2025,3007.4,Put,3260,0,0,24.4721,0,59,0
25-Nov-2025,3007.4,Call,2760,0,0,24.4721,0,0,0
25-Nov-2025,3007.4,Put,3240,0,0,24.4721,0,15,0
28-Oct-2025,3007.4,Put,3220,0,0,24.4721,0,89,0
25-Nov-2025,3007.4,Call,2880,0,0,24.4721,0,27,0
25-Nov-2025,3007.4,Put,3160,0,0,24.4721,0,0,0
25-Nov-2025,3007.4,Call,2840,0,0,24.4721,0,9,0
25-Nov-2025,3007.4,Call,2700,0,0,24.4721,0,0,0
25-Nov-2025,3007.4,Call,2820,0,0,24.4721,0,0,0
25-Nov-2025,3007.4,Call,2920,0,0,24.4721,0,26,0
25-Nov-2025,3007.4,Put,3260,0,0,24.4721,0,0,0
25-Nov-2025,3007.4,Put,3520,0,0,24.4721,0,0,0
25-Nov-2025,3007.4,Call,2780,0,0,24.4721,0,0,0
25-Nov-2025,3007.4,Put,2680,0,0,24.4721,0,31,0
25-Nov-2025,3007.4,Put,3480,0,0,24.4721,0,5,0
25-Nov-2025,3007.4,Put,3360,0,0,24.4721,0,1,0
25-Nov-2025,3007.4,Put,2640,0,0,24.4721,0,0,0
25-Nov-2025,3007.4,Call,2520,0,0,24.4721,0,0,0
25-Nov-2025,3007.4,Put,3220,0,0,24.4721,0,0,0
25-Nov-2025,3007.4,Call,2860,0,0,24.4721,0,5,0
25-Nov-2025,3007.4,Call,2680,0,0,24.4721,0,0,0
25-Nov-2025,3007.4,Call,2640,0,0,24.4721,0,0,0
25-Nov-2025,3007.4,Call,3560,0,0,24.4721,0,0,0
25-Nov-2025,3007.4,Put,2440,0,0,24.4721,0,0,0
25-Nov-2025,3007.4,Put,2560,0,0,24.4721,0,0,0
30-Dec-2025,3007.4,Put,2640,0,0,24.4721,0,0,0
25-Nov-2025,3007.4,Call,3680,0,0,24.4721,0,59,0
25-Nov-2025,3007.4,Put,3320,0,0,24.4721,0,0,0
30-Dec-2025,3007.4,Put,3160,0,0,24.4721,0,0,0
25-Nov-2025,3007.4,Call,2440,0,0,24.4721,0,0,0
25-Nov-2025,3007.4,Call,2560,0,0,24.4721,0,0,0
25-Nov-2025,3007.4,Put,2480,0,0,24.4721,0,0,0
25-Nov-2025,3007.4,Call,2480,0,0,24.4721,0,0,0
25-Nov-2025,3007.4,Call,2600,0,0,24.4721,0,1,0
25-Nov-2025,3007.4,Put,3560,0,0,24.4721,0,0,0
25-Nov-2025,3007.4,Put,2520,0,0,24.4721,0,0,0
30-Dec-2025,3007.4,Put,2920,0,0,24.4721,0,0,0
30-Dec-2025,3007.4,Put,2880,0,0,24.4721,0,0,0
30-Dec-2025,3007.4,Put,2560,0,0,24.4721,0,0,0
30-Dec-2025,3007.4,Call,3040,0,0,24.4721,0,0,0
30-Dec-2025,3007.4,Call,2960,0,0,24.4721,0,0,0
30-Dec-2025,3007.4,Put,3040,0,0,24.4721,0,0,0
30-Dec-2025,3007.4,Put,3080,0,0,24.4721,0,0,0
30-Dec-2025,3007.4,Put,3200,0,0,24.4721,0,0,0
30-Dec-2025,3007.4,Put,3120,0,0,24.4721,0,0,0
30-Dec-2025,3007.4,Call,3160,0,0,24.4721,0,1,0
30-Dec-2025,3007.4,Call,3080,0,0,24.4721,0,0,0
30-Dec-2025,3007.4,Call,3320,0,0,24.4721,0,9,0
