28-Oct-2025,3014,Call,3000,41.6,17.79,24.4721,-2178,13176,25893
28-Oct-2025,3014,-,0,3018.5,0,24.4721,-350,158653,13210
28-Oct-2025,3014,Call,3100,9,19.92,24.4721,-1309,16031,12108
28-Oct-2025,3014,Put,3000,23.2,17.83,24.4721,432,7487,10739
28-Oct-2025,3014,Call,3020,31.25,17.98,24.4721,-1349,4613,10139
28-Oct-2025,3014,Call,3040,22.65,17.92,24.4721,-944,6510,8000
28-Oct-2025,3014,Call,3060,16.75,18.53,24.4721,-435,8336,7295
28-Oct-2025,3014,Put,2900,4.6,21.28,24.4721,-377,6008,6009
28-Oct-2025,3014,Put,2980,16.4,17.98,24.4721,217,3363,5887
28-Oct-2025,3014,Call,2980,54.95,17.39,24.4721,-793,1824,5658
28-Oct-2025,3014,Call,3200,2.95,25.09,24.4721,-1322,14517,5293
28-Oct-2025,3014,Put,2960,11.45,18.6,24.4721,-349,4583,4929
28-Oct-2025,3014,Call,2960,70.9,17.77,24.4721,-973,3854,4574
28-Oct-2025,3014,Put,2940,8.2,19.38,24.4721,-307,1865,4558
28-Oct-2025,3014,Call,3080,11.95,18.93,24.4721,-383,6796,4447
28-Oct-2025,3014,Put,2920,5.95,20.26,24.4721,-171,2108,3877
28-Oct-2025,3014,Put,2880,3.5,22.36,24.4721,-268,1372,3663
28-Oct-2025,3014,Put,2800,1.85,28.59,24.4721,-905,4252,3587
25-Nov-2025,3014,-,0,3034.3,0,24.4721,1286,24735,3547
28-Oct-2025,3014,Call,3140,5.25,21.69,24.4721,-73,2318,3046
28-Oct-2025,3014,Call,3120,6.9,20.68,24.4721,-147,1795,2900
28-Oct-2025,3014,Put,2840,2.35,25.12,24.4721,-166,1130,2497
28-Oct-2025,3014,Put,3020,32.6,18.24,24.4721,-26,2202,2340
25-Nov-2025,3014,Call,3000,91.25,18.16,24.4721,48,3407,2208
25-Nov-2025,3014,Call,3100,45.4,18.36,24.4721,-43,2634,2174
28-Oct-2025,3014,Call,3160,4.35,22.94,24.4721,-252,2321,2104
28-Oct-2025,3014,Put,2860,2.8,23.74,24.4721,-312,1147,1905
25-Nov-2025,3014,Call,3200,21.05,19.22,24.4721,137,3502,1903
28-Oct-2025,3014,Call,3180,3.45,23.84,24.4721,-173,1443,1687
28-Oct-2025,3014,Call,2900,123.05,19.06,24.4721,-210,2732,1543
28-Oct-2025,3014,Put,3040,44.35,18.53,24.4721,-169,2543,1477
28-Oct-2025,3014,Call,3300,1.4,30.44,24.4721,-458,6000,1226
28-Oct-2025,3014,Put,3100,90.65,22.09,24.4721,-227,3832,1073
28-Oct-2025,3014,Put,2820,2.05,26.85,24.4721,-118,518,1053
28-Oct-2025,3014,Call,2940,86.3,17.64,24.4721,-166,1118,949
25-Nov-2025,3014,Put,2800,9.65,21.17,24.4721,-52,843,782
25-Nov-2025,3014,Put,3000,55.25,19.99,24.4721,186,2856,751
28-Oct-2025,3014,Put,3060,58.05,19.98,24.4721,-137,1877,721
28-Oct-2025,3014,Call,3220,2.4,26.1,24.4721,-105,1067,640
25-Nov-2025,3014,Put,2900,23.95,20.19,24.4721,52,1208,585
28-Oct-2025,3014,Call,3240,2.05,27.2,24.4721,-74,1220,581
28-Oct-2025,3014,Put,2780,1.5,29.73,24.4721,-20,513,576
25-Nov-2025,3014,Call,2900,160.3,17.8,24.4721,136,706,546
25-Nov-2025,3014,Put,2700,4.45,23.35,24.4721,-39,495,532
25-Nov-2025,3014,Call,3300,9.8,20.31,24.4721,161,873,530
28-Oct-2025,3014,Put,2700,0.65,33.77,24.4721,-77,2808,517
28-Oct-2025,3014,Call,2920,104.8,18.9,24.4721,-66,1449,495
28-Oct-2025,3014,Put,2760,1.35,31.55,24.4721,-134,914,473
25-Nov-2025,3014,Call,3400,5.3,22.3,24.4721,148,1286,453
30-Dec-2025,3014,-,0,3049.3,0,24.4721,-69,2027,426
28-Oct-2025,3014,Put,2740,1.15,32.47,24.4721,23,1099,407
28-Oct-2025,3014,Call,3520,0.35,40.98,24.4721,-129,469,372
28-Oct-2025,3014,Call,3400,0.65,35.36,24.4721,-50,3563,349
28-Oct-2025,3014,Call,3260,1.7,28.24,24.4721,6,1188,326
25-Nov-2025,3014,Put,2960,39.6,20.03,24.4721,19,464,286
25-Nov-2025,3014,Call,3120,39.7,18.36,24.4721,7,211,275
25-Nov-2025,3014,Call,3040,70.75,18.24,24.4721,15,631,272
28-Oct-2025,3014,Call,2880,144.75,0,24.4721,-67,534,255
25-Nov-2025,3014,Call,3060,62,18.31,24.4721,3,535,242
25-Nov-2025,3014,Call,3140,33.75,18.55,24.4721,43,257,239
25-Nov-2025,3014,Call,2960,117.3,17.87,24.4721,-81,465,224
28-Oct-2025,3014,Call,3600,0.25,44.58,24.4721,-10,846,217
25-Nov-2025,3014,Put,3100,108.4,20.54,24.4721,76,457,201
25-Nov-2025,3014,Put,2840,13.8,20.8,24.4721,89,400,199
25-Nov-2025,3014,Put,2980,46.75,20.11,24.4721,45,219,183
28-Oct-2025,3014,Put,3200,183,26.94,24.4721,-96,1862,180
25-Nov-2025,3014,Call,3080,53.35,18.18,24.4721,20,253,180
25-Nov-2025,3014,Call,3020,80.65,17.86,24.4721,33,207,166
25-Nov-2025,3014,Put,3200,182.5,21.58,24.4721,22,410,162
25-Nov-2025,3014,Call,2980,103.05,17.89,24.4721,-26,203,159
28-Oct-2025,3014,Call,3280,1.5,29.24,24.4721,-39,1035,155
25-Nov-2025,3014,Put,2780,8.2,21.54,24.4721,93,247,148
25-Nov-2025,3014,Put,2940,32.95,20.1,24.4721,40,138,141
25-Nov-2025,3014,Call,3160,28.5,18.73,24.4721,36,271,140
28-Oct-2025,3014,Call,3340,0.8,31.39,24.4721,-2,2076,134
28-Oct-2025,3014,Call,3320,1.05,31.06,24.4721,0,1589,127
28-Oct-2025,3014,Put,3080,73.1,20.6,24.4721,-28,1165,126
25-Nov-2025,3014,Put,2860,16.25,20.61,24.4721,0,179,124
28-Oct-2025,3014,Call,2800,219,0,24.4721,-12,979,112
28-Oct-2025,3014,Put,2720,0.95,33.58,24.4721,-34,595,110
28-Oct-2025,3014,Call,3560,0.4,44.27,24.4721,7,357,108
25-Nov-2025,3014,Put,3040,73.65,20.05,24.4721,44,314,105
28-Oct-2025,3014,Put,3300,280.95,33.28,24.4721,-79,1437,104
28-Oct-2025,3014,Put,2400,0.45,61.97,24.4721,29,397,101
25-Nov-2025,3014,Put,2880,20.05,20.31,24.4721,-19,203,99
28-Oct-2025,3014,Put,2600,0.5,42.21,24.4721,-51,2535,98
28-Oct-2025,3014,Call,3440,0.45,36.62,24.4721,-22,263,97
25-Nov-2025,3014,Put,2820,11.4,20.95,24.4721,15,77,93
25-Nov-2025,3014,Put,2600,2.85,26.77,24.4721,25,215,90
25-Nov-2025,3014,Put,3020,63.95,20.17,24.4721,34,123,88
28-Oct-2025,3014,Call,3640,0.25,47.05,24.4721,43,265,87
28-Oct-2025,3014,Call,2600,405.25,0,24.4721,-76,473,84
28-Oct-2025,3014,Put,3400,379,45.62,24.4721,-35,1706,83
25-Nov-2025,3014,Put,3060,84.2,20.11,24.4721,25,134,81
28-Oct-2025,3014,Put,2480,0.3,50.94,24.4721,-60,237,74
25-Nov-2025,3014,Put,3400,365,27.97,24.4721,54,106,64
25-Nov-2025,3014,Put,3300,271,24.28,24.4721,24,137,58
25-Nov-2025,3014,Call,3240,15.45,19.55,24.4721,-1,136,56
28-Oct-2025,3014,Call,3360,0.65,31.98,24.4721,-21,814,54
25-Nov-2025,3014,Put,2920,28.55,20.44,24.4721,14,123,54
25-Nov-2025,3014,Put,2720,5.05,22.71,24.4721,-3,159,54
30-Dec-2025,3014,Call,3280,27.95,17.99,24.4721,36,145,51
25-Nov-2025,3014,Put,2760,6.8,22.05,24.4721,0,184,50
30-Dec-2025,3014,Call,3200,43.8,17.4,24.4721,5,146,50
25-Nov-2025,3014,Call,3520,2.7,24.44,24.4721,10,473,49
30-Dec-2025,3014,Call,3000,130.95,17.34,24.4721,4,220,49
25-Nov-2025,3014,Call,3180,24.8,18.82,24.4721,12,135,48
25-Nov-2025,3014,Call,3260,13,19.9,24.4721,4,111,46
25-Nov-2025,3014,Call,3220,18,19.18,24.4721,32,65,45
25-Nov-2025,3014,Call,3280,11.15,20.14,24.4721,14,200,45
25-Nov-2025,3014,Put,2740,5.8,22.22,24.4721,-9,213,43
25-Nov-2025,3014,Put,3140,139,21,24.4721,20,140,43
25-Nov-2025,3014,Call,2940,127.4,17.75,24.4721,-19,63,39
25-Nov-2025,3014,Call,3600,1.85,25.92,24.4721,3,276,37
28-Oct-2025,3014,Call,2860,160.15,0,24.4721,-17,261,36
28-Oct-2025,3014,Put,3120,107,21.35,24.4721,-24,280,36
28-Oct-2025,3014,Put,2680,0.5,34.53,24.4721,-8,805,34
28-Oct-2025,3014,Put,3160,151.2,28.48,24.4721,-18,335,30
28-Oct-2025,3014,Put,3560,553,76.23,24.4721,-28,120,29
28-Oct-2025,3014,Call,3420,0.5,35.65,24.4721,-1,263,25
25-Nov-2025,3014,Call,3320,8.3,20.49,24.4721,3,378,25
25-Nov-2025,3014,Call,3440,4.05,23.16,24.4721,6,42,25
25-Nov-2025,3014,Call,2800,244,15.46,24.4721,-13,144,22
30-Dec-2025,3014,Put,3000,79.5,21.1,24.4721,-1,141,22
28-Oct-2025,3014,Put,2560,0.4,44.89,24.4721,-20,491,21
30-Dec-2025,3014,Put,2960,63.5,20.97,24.4721,12,25,21
28-Oct-2025,3014,Put,3140,129.3,23.87,24.4721,4,270,19
28-Oct-2025,3014,Call,2840,179.25,19.94,24.4721,-10,153,19
25-Nov-2025,3014,Put,3680,657,47.8,24.4721,8,16,11
28-Oct-2025,3014,Put,3180,162.95,28.1,24.4721,-7,152,9
28-Oct-2025,3014,Put,2440,0.3,54.74,24.4721,-5,41,9
28-Oct-2025,3014,Put,2640,0.45,37.86,24.4721,-1,847,8
28-Oct-2025,3014,Put,3600,574.55,83.19,24.4721,0,1275,8
28-Oct-2025,3014,Put,2660,0.6,37.3,24.4721,-5,564,8
28-Oct-2025,3014,Put,2520,0.45,49.39,24.4721,-3,399,7
28-Oct-2025,3014,Call,2700,303.35,0,24.4721,-4,72,7
28-Oct-2025,3014,Put,3240,222.35,34.22,24.4721,-4,191,6
25-Nov-2025,3014,Put,2660,3.55,24.43,24.4721,-1,59,6
30-Dec-2025,3014,Call,3520,10.85,21.82,24.4721,1,31,6
25-Nov-2025,3014,Put,3280,265,27.43,24.4721,0,6,5
30-Dec-2025,3014,Put,2840,31,21.29,24.4721,3,24,5
28-Oct-2025,3014,Call,3480,0.35,38.29,24.4721,0,373,4
25-Nov-2025,3014,Put,3440,405,34.8,24.4721,1,3,4
30-Dec-2025,3014,Put,2800,27,22.44,24.4721,0,79,4
28-Oct-2025,3014,Put,3640,633.1,84.25,24.4721,0,673,3
25-Nov-2025,3014,Put,3120,131.3,22.63,24.4721,0,119,3
25-Nov-2025,3014,Put,3080,98.55,20.43,24.4721,-1,19,3
30-Dec-2025,3014,Call,3440,11.2,19.21,24.4721,2,33,3
30-Dec-2025,3014,Call,3240,35.95,17.91,24.4721,0,28,3
28-Oct-2025,3014,Call,3380,0.75,34.51,24.4721,0,220,2
28-Oct-2025,3014,Put,3320,300,0,24.4721,0,30,2
28-Oct-2025,3014,Call,2480,535,0,24.4721,0,2,2
30-Dec-2025,3014,Call,3120,72.25,16.86,24.4721,0,2,2
25-Nov-2025,3014,Call,3360,6.05,21.1,24.4721,0,29,2
28-Oct-2025,3014,Put,3280,277.85,50.83,24.4721,0,46,1
28-Oct-2025,3014,Call,2740,242.15,0,24.4721,0,10,1
28-Oct-2025,3014,Put,3360,339.95,0,24.4721,0,14,1
28-Oct-2025,3014,Call,2820,173.35,0,24.4721,0,111,1
28-Oct-2025,3014,Put,3520,515,75.01,24.4721,0,278,1
25-Nov-2025,3014,Put,3240,220,22.72,24.4721,0,15,1
25-Nov-2025,3014,Put,3180,180.85,25.06,24.4721,0,3,1
25-Nov-2025,3014,Call,3480,3.85,24.36,24.4721,0,11,1
30-Dec-2025,3014,Call,3360,16.75,18.28,24.4721,0,32,1
28-Oct-2025,3014,Put,3220,0,0,24.4721,0,89,0
28-Oct-2025,3014,Call,2520,0,0,24.4721,0,0,0
28-Oct-2025,3014,Put,3340,0,0,24.4721,0,36,0
28-Oct-2025,3014,Put,3420,0,0,24.4721,0,14,0
28-Oct-2025,3014,Put,3260,0,0,24.4721,0,59,0
28-Oct-2025,3014,Call,2720,0,0,24.4721,0,18,0
28-Oct-2025,3014,Call,2660,0,0,24.4721,0,0,0
28-Oct-2025,3014,Call,2680,0,0,24.4721,0,0,0
28-Oct-2025,3014,Put,3480,0,0,24.4721,0,90,0
28-Oct-2025,3014,Call,2640,0,0,24.4721,0,1,0
28-Oct-2025,3014,Call,2560,0,0,24.4721,0,0,0
28-Oct-2025,3014,Call,2440,0,0,24.4721,0,0,0
28-Oct-2025,3014,Call,2780,0,0,24.4721,0,9,0
28-Oct-2025,3014,Call,2760,0,0,24.4721,0,60,0
28-Oct-2025,3014,Put,3440,0,0,24.4721,0,33,0
25-Nov-2025,3014,Call,2660,0,0,24.4721,0,0,0
25-Nov-2025,3014,Call,3680,0,0,24.4721,0,59,0
25-Nov-2025,3014,Call,2440,0,0,24.4721,0,0,0
25-Nov-2025,3014,Call,2780,0,0,24.4721,0,0,0
30-Dec-2025,3014,Put,2640,0,0,24.4721,0,0,0
30-Dec-2025,3014,Put,2560,0,0,24.4721,0,0,0
25-Nov-2025,3014,Call,2600,0,0,24.4721,0,1,0
25-Nov-2025,3014,Put,3320,0,0,24.4721,0,0,0
25-Nov-2025,3014,Call,2480,0,0,24.4721,0,0,0
25-Nov-2025,3014,Put,3480,0,0,24.4721,0,5,0
25-Nov-2025,3014,Put,2440,0,0,24.4721,0,0,0
25-Nov-2025,3014,Put,3220,0,0,24.4721,0,0,0
25-Nov-2025,3014,Call,2880,0,0,24.4721,0,27,0
25-Nov-2025,3014,Call,2840,0,0,24.4721,0,9,0
25-Nov-2025,3014,Call,2720,0,0,24.4721,0,0,0
25-Nov-2025,3014,Call,2520,0,0,24.4721,0,0,0
25-Nov-2025,3014,Put,3560,0,0,24.4721,0,0,0
25-Nov-2025,3014,Call,2920,0,0,24.4721,0,26,0
25-Nov-2025,3014,Call,2560,0,0,24.4721,0,0,0
25-Nov-2025,3014,Call,2740,0,0,24.4721,0,0,0
25-Nov-2025,3014,Put,3260,0,0,24.4721,0,0,0
25-Nov-2025,3014,Call,2860,0,0,24.4721,0,5,0
25-Nov-2025,3014,Call,2700,0,0,24.4721,0,0,0
25-Nov-2025,3014,Call,2680,0,0,24.4721,0,0,0
25-Nov-2025,3014,Call,2760,0,0,24.4721,0,0,0
25-Nov-2025,3014,Put,2560,0,0,24.4721,0,0,0
25-Nov-2025,3014,Put,3160,0,0,24.4721,0,0,0
25-Nov-2025,3014,Put,2640,0,0,24.4721,0,0,0
25-Nov-2025,3014,Put,3360,0,0,24.4721,0,1,0
25-Nov-2025,3014,Put,3520,0,0,24.4721,0,0,0
25-Nov-2025,3014,Call,2640,0,0,24.4721,0,0,0
25-Nov-2025,3014,Call,2820,0,0,24.4721,0,0,0
25-Nov-2025,3014,Put,2480,0,0,24.4721,0,0,0
25-Nov-2025,3014,Call,3560,0,0,24.4721,0,0,0
25-Nov-2025,3014,Put,2680,0,0,24.4721,0,31,0
25-Nov-2025,3014,Put,2520,0,0,24.4721,0,0,0
30-Dec-2025,3014,Put,2920,0,0,24.4721,0,0,0
30-Dec-2025,3014,Put,3200,0,0,24.4721,0,0,0
30-Dec-2025,3014,Put,3080,0,0,24.4721,0,0,0
30-Dec-2025,3014,Put,2880,0,0,24.4721,0,0,0
30-Dec-2025,3014,Put,3160,0,0,24.4721,0,0,0
30-Dec-2025,3014,Call,3040,0,0,24.4721,0,0,0
30-Dec-2025,3014,Call,2960,0,0,24.4721,0,0,0
30-Dec-2025,3014,Put,3040,0,0,24.4721,0,0,0
30-Dec-2025,3014,Put,3120,0,0,24.4721,0,0,0
30-Dec-2025,3014,Call,3320,0,0,24.4721,0,9,0
30-Dec-2025,3014,Call,3080,0,0,24.4721,0,0,0
30-Dec-2025,3014,Call,3160,0,0,24.4721,0,1,0
