25-Nov-2025,1417.8,-,0,1428,0,38.7052,10215,36761,13075
28-Oct-2025,1417.8,-,0,1419.7,0,38.7052,2941,27982,12757
28-Oct-2025,1417.8,Put,1400,1.65,26.57,38.7052,-194,1659,5660
28-Oct-2025,1417.8,Call,1440,1.6,28.7,38.7052,204,1329,5400
28-Oct-2025,1417.8,Call,1420,6.15,24.55,38.7052,195,847,4242
28-Oct-2025,1417.8,Put,1420,6.9,21.29,38.7052,-254,321,2951
28-Oct-2025,1417.8,Call,1460,0.55,35.13,38.7052,-249,1396,2604
28-Oct-2025,1417.8,Call,1480,0.3,41.58,38.7052,-980,1399,2544
28-Oct-2025,1417.8,Call,1500,0.25,50.91,38.7052,-744,2382,2110
28-Oct-2025,1417.8,Put,1380,0.8,35.4,38.7052,79,985,1781
25-Nov-2025,1417.8,Put,1400,28.1,25.74,38.7052,324,1256,1318
28-Oct-2025,1417.8,Call,1400,20.95,30.14,38.7052,-86,608,1257
25-Nov-2025,1417.8,Call,1500,17.3,26.89,38.7052,279,1283,1224
25-Nov-2025,1417.8,Call,1440,36.8,25.86,38.7052,279,737,1038
25-Nov-2025,1417.8,Call,1420,45.9,25.88,38.7052,290,419,1027
28-Oct-2025,1417.8,Put,1440,22.15,0,38.7052,-54,591,985
25-Nov-2025,1417.8,Call,1480,22.3,26.11,38.7052,24,660,678
25-Nov-2025,1417.8,Put,1420,37.65,25.9,38.7052,169,303,608
25-Nov-2025,1417.8,Call,1400,56.1,25.85,38.7052,142,341,572
28-Oct-2025,1417.8,Put,1360,0.35,42.43,38.7052,-8,554,490
25-Nov-2025,1417.8,Call,1460,28.8,26.27,38.7052,100,667,485
28-Oct-2025,1417.8,Put,1460,40.3,0,38.7052,-162,477,425
28-Oct-2025,1417.8,Call,1520,0.15,56.97,38.7052,-104,530,400
30-Dec-2025,1417.8,-,0,1436,0,38.7052,189,655,397
25-Nov-2025,1417.8,Put,1360,15.65,26.85,38.7052,158,255,332
25-Nov-2025,1417.8,Put,1440,48.15,25.95,38.7052,123,398,328
28-Oct-2025,1417.8,Call,1540,0.2,68.68,38.7052,-34,354,317
28-Oct-2025,1417.8,Call,1380,40,0,38.7052,0,238,307
25-Nov-2025,1417.8,Call,1520,13.1,26.83,38.7052,149,299,281
25-Nov-2025,1417.8,Put,1380,21,26.08,38.7052,30,283,264
25-Nov-2025,1417.8,Call,1600,5.05,29.62,38.7052,126,797,264
25-Nov-2025,1417.8,Call,1540,10.1,27.47,38.7052,85,287,239
25-Nov-2025,1417.8,Put,1460,59.5,26.37,38.7052,13,319,238
25-Nov-2025,1417.8,Put,1500,88.45,26.98,38.7052,53,564,228
28-Oct-2025,1417.8,Put,1340,0.1,45.87,38.7052,-20,346,219
28-Oct-2025,1417.8,Call,1600,0.1,88.38,38.7052,-92,632,197
25-Nov-2025,1417.8,Call,1380,67.95,24.73,38.7052,60,79,187
25-Nov-2025,1417.8,Put,1300,6.35,28.37,38.7052,33,251,185
28-Oct-2025,1417.8,Call,1560,0.1,71.74,38.7052,-118,350,182
28-Oct-2025,1417.8,Call,1360,62.75,78,38.7052,-86,49,149
28-Oct-2025,1417.8,Put,1300,0.05,66.97,38.7052,-100,387,132
25-Nov-2025,1417.8,Put,1340,11.6,27,38.7052,30,185,120
25-Nov-2025,1417.8,Put,1320,8.35,27.3,38.7052,51,84,115
25-Nov-2025,1417.8,Put,1480,73,27.32,38.7052,10,169,115
28-Oct-2025,1417.8,Put,1500,80.75,0,38.7052,-36,380,89
28-Oct-2025,1417.8,Put,1480,63.55,60.16,38.7052,-54,470,87
25-Nov-2025,1417.8,Call,1560,7.9,28.03,38.7052,26,89,67
25-Nov-2025,1417.8,Call,1300,139.2,33.99,38.7052,21,43,67
25-Nov-2025,1417.8,Put,1280,4.75,29.42,38.7052,-9,65,60
28-Oct-2025,1417.8,Call,1640,0.05,104.27,38.7052,-40,328,55
25-Nov-2025,1417.8,Put,1200,1.85,34.63,38.7052,13,136,53
28-Oct-2025,1417.8,Call,1580,0.1,80.16,38.7052,-22,102,52
25-Nov-2025,1417.8,Put,1260,3.6,30.46,38.7052,3,99,48
25-Nov-2025,1417.8,Call,1640,3.1,30.64,38.7052,8,199,47
25-Nov-2025,1417.8,Put,1240,2.75,31.55,38.7052,-10,73,43
28-Oct-2025,1417.8,Put,1320,0.1,56.44,38.7052,-5,99,41
25-Nov-2025,1417.8,Put,1520,105.45,28.84,38.7052,3,101,41
25-Nov-2025,1417.8,Call,1360,82.1,24.69,38.7052,-1,15,41
25-Nov-2025,1417.8,Call,1680,2.15,32.38,38.7052,12,204,39
25-Nov-2025,1417.8,Call,1580,6.15,28.6,38.7052,7,207,35
25-Nov-2025,1417.8,Call,1620,4,30.01,38.7052,5,42,25
28-Oct-2025,1417.8,Call,1340,78,87.29,38.7052,-11,111,24
25-Nov-2025,1417.8,Call,1320,113.75,23.95,38.7052,8,19,22
25-Nov-2025,1417.8,Call,1340,97.65,24.69,38.7052,2,9,19
25-Nov-2025,1417.8,Put,1540,121.9,28.68,38.7052,14,65,19
28-Oct-2025,1417.8,Put,1120,0.05,154.09,38.7052,-1,52,18
28-Oct-2025,1417.8,Put,1260,0.05,81.94,38.7052,-8,91,16
28-Oct-2025,1417.8,Put,1240,0.05,91.95,38.7052,-5,53,16
28-Oct-2025,1417.8,Put,1200,0.1,120.18,38.7052,-8,48,15
28-Oct-2025,1417.8,Put,1280,0.1,77.5,38.7052,-10,134,11
30-Dec-2025,1417.8,Put,1280,11.65,27.36,38.7052,8,14,10
28-Oct-2025,1417.8,Call,1300,125.05,147.47,38.7052,-1,99,8
30-Dec-2025,1417.8,Call,1480,40.7,23.79,38.7052,3,15,6
28-Oct-2025,1417.8,Put,1520,92.4,0,38.7052,-2,122,4
28-Oct-2025,1417.8,Call,1620,0.1,96.41,38.7052,0,35,3
28-Oct-2025,1417.8,Call,1200,218,0,38.7052,0,102,1
28-Oct-2025,1417.8,Put,1600,0,0,38.7052,0,47,0
28-Oct-2025,1417.8,Put,1640,0,0,38.7052,0,5,0
28-Oct-2025,1417.8,Call,1240,0,0,38.7052,0,0,0
28-Oct-2025,1417.8,Put,1560,0,0,38.7052,0,15,0
28-Oct-2025,1417.8,Put,1580,0,0,38.7052,0,0,0
28-Oct-2025,1417.8,Call,1280,0,0,38.7052,0,4,0
28-Oct-2025,1417.8,Put,1540,0,0,38.7052,0,24,0
28-Oct-2025,1417.8,Put,1620,0,0,38.7052,0,0,0
28-Oct-2025,1417.8,Call,1260,0,0,38.7052,0,8,0
28-Oct-2025,1417.8,Call,1320,0,0,38.7052,0,19,0
28-Oct-2025,1417.8,Put,1680,0,0,38.7052,0,0,0
28-Oct-2025,1417.8,Call,1680,0,0,38.7052,0,1,0
28-Oct-2025,1417.8,Put,1180,0,0,38.7052,0,11,0
25-Nov-2025,1417.8,Put,1640,0,0,38.7052,0,0,0
25-Nov-2025,1417.8,Put,1620,0,0,38.7052,0,0,0
25-Nov-2025,1417.8,Call,1200,0,0,38.7052,0,6,0
25-Nov-2025,1417.8,Call,1280,0,0,38.7052,0,0,0
25-Nov-2025,1417.8,Put,1680,0,0,38.7052,0,3,0
25-Nov-2025,1417.8,Put,1560,0,0,38.7052,0,14,0
25-Nov-2025,1417.8,Put,1580,0,0,38.7052,0,0,0
25-Nov-2025,1417.8,Call,1240,0,0,38.7052,0,0,0
25-Nov-2025,1417.8,Call,1260,0,0,38.7052,0,0,0
30-Dec-2025,1417.8,Call,1400,0,0,38.7052,0,3,0
25-Nov-2025,1417.8,Put,1600,0,0,38.7052,0,43,0
30-Dec-2025,1417.8,Call,1640,0,0,38.7052,0,0,0
30-Dec-2025,1417.8,Call,1440,0,0,38.7052,0,0,0
30-Dec-2025,1417.8,Put,1440,0,0,38.7052,0,27,0
30-Dec-2025,1417.8,Put,1200,0,0,38.7052,0,0,0
30-Dec-2025,1417.8,Put,1120,0,0,38.7052,0,0,0
30-Dec-2025,1417.8,Call,1600,0,0,38.7052,0,0,0
30-Dec-2025,1417.8,Put,1400,0,0,38.7052,0,0,0
30-Dec-2025,1417.8,Put,1360,0,0,38.7052,0,0,0
30-Dec-2025,1417.8,Put,1480,0,0,38.7052,0,0,0
30-Dec-2025,1417.8,Call,1680,0,0,38.7052,0,0,0
30-Dec-2025,1417.8,Call,1280,0,0,0,0,0,0
30-Dec-2025,1417.8,Call,1520,0,0,38.7052,0,0,0
30-Dec-2025,1417.8,Call,1560,0,0,38.7052,0,0,0
