25-Nov-2025,416.25,-,0,417.9,0,37.2239,5647,28390,8447
28-Oct-2025,416.25,-,0,415.5,0,37.2239,641,16723,6669
28-Oct-2025,416.25,Call,420,1.15,29.37,37.2239,114,1836,6210
28-Oct-2025,416.25,Call,425,0.45,33.84,37.2239,-386,1986,4173
28-Oct-2025,416.25,Put,420,5.65,39.03,37.2239,-199,796,2648
28-Oct-2025,416.25,Call,415,2.85,25.8,37.2239,-99,520,2599
28-Oct-2025,416.25,Call,430,0.2,39.64,37.2239,-587,1743,2535
28-Oct-2025,416.25,Put,415,2.45,34.31,37.2239,-193,537,2341
25-Nov-2025,416.25,Call,420,12.9,28.37,37.2239,434,1714,1425
28-Oct-2025,416.25,Put,410,0.8,33.62,37.2239,-189,1275,1356
28-Oct-2025,416.25,Call,440,0.1,52.04,37.2239,-196,1072,1018
28-Oct-2025,416.25,Call,410,6.3,0,37.2239,-221,901,974
28-Oct-2025,416.25,Put,425,9.85,44.98,37.2239,-125,297,819
28-Oct-2025,416.25,Call,435,0.1,45.87,37.2239,-49,757,790
28-Oct-2025,416.25,Call,450,0.1,63.36,37.2239,-98,1025,737
25-Nov-2025,416.25,Put,415,12.2,30.63,37.2239,209,551,690
25-Nov-2025,416.25,Put,420,14.7,30.88,37.2239,179,914,655
28-Oct-2025,416.25,Put,400,0.15,46.98,37.2239,-13,1102,633
25-Nov-2025,416.25,Call,450,4,29.44,37.2239,182,916,633
25-Nov-2025,416.25,Call,430,8.9,28.51,37.2239,136,903,614
25-Nov-2025,416.25,Call,425,10.75,28.37,37.2239,207,683,553
25-Nov-2025,416.25,Put,425,17.65,30.76,37.2239,168,445,531
25-Nov-2025,416.25,Call,440,6,29.23,37.2239,90,815,488
28-Oct-2025,416.25,Put,405,0.25,37.06,37.2239,-59,728,478
25-Nov-2025,416.25,Put,380,2,30.22,37.2239,211,593,447
25-Nov-2025,416.25,Call,415,15.3,27.73,37.2239,183,455,443
25-Nov-2025,416.25,Put,400,6,29.77,37.2239,116,1292,443
28-Oct-2025,416.25,Call,460,0.05,78.86,37.2239,-274,484,427
30-Dec-2025,416.25,-,0,420.6,0,37.2239,232,972,370
25-Nov-2025,416.25,Call,460,2.6,30.03,37.2239,69,483,365
25-Nov-2025,416.25,Put,410,9.75,29.97,37.2239,107,793,346
25-Nov-2025,416.25,Call,435,7.3,29.08,37.2239,67,400,312
25-Nov-2025,416.25,Call,470,1.7,30.57,37.2239,99,363,281
28-Oct-2025,416.25,Put,395,0.1,51.79,37.2239,-16,381,266
28-Oct-2025,416.25,Call,405,10.8,0,37.2239,-105,416,264
25-Nov-2025,416.25,Call,480,1.15,31.55,37.2239,48,739,238
28-Oct-2025,416.25,Call,445,0.1,55.31,37.2239,30,359,234
28-Oct-2025,416.25,Put,430,14.7,55.32,37.2239,-22,88,221
25-Nov-2025,416.25,Call,410,17.9,27.39,37.2239,31,410,183
25-Nov-2025,416.25,Call,400,24,26.56,37.2239,71,404,178
25-Nov-2025,416.25,Put,390,3.5,29.77,37.2239,72,584,161
25-Nov-2025,416.25,Put,405,7.65,30.14,37.2239,46,357,157
28-Oct-2025,416.25,Call,400,16,0,37.2239,-95,419,152
25-Nov-2025,416.25,Call,445,5,29.2,37.2239,41,165,151
28-Oct-2025,416.25,Call,455,0.05,71.21,37.2239,-40,131,133
28-Oct-2025,416.25,Put,390,0.05,56.22,37.2239,-36,485,119
25-Nov-2025,416.25,Put,430,20.6,31.16,37.2239,29,276,114
25-Nov-2025,416.25,Put,395,4.65,29.61,37.2239,41,233,112
25-Nov-2025,416.25,Put,385,2.7,30.12,37.2239,36,198,111
25-Nov-2025,416.25,Call,390,31.5,25.27,37.2239,45,73,80
28-Oct-2025,416.25,Put,380,0.05,82.43,37.2239,-30,473,75
28-Oct-2025,416.25,Call,390,25.5,0,37.2239,-47,79,68
25-Nov-2025,416.25,Call,380,39.85,23.06,37.2239,27,103,55
28-Oct-2025,416.25,Call,380,36.2,0,37.2239,-30,65,53
25-Nov-2025,416.25,Call,455,3.2,29.79,37.2239,14,95,51
25-Nov-2025,416.25,Put,440,27.35,32.09,37.2239,9,104,48
28-Oct-2025,416.25,Call,360,56.25,0,37.2239,-27,32,43
25-Nov-2025,416.25,Put,450,35.5,33.39,37.2239,21,172,40
25-Nov-2025,416.25,Call,360,59.05,0,37.2239,38,66,40
28-Oct-2025,416.25,Call,395,22.3,73.76,37.2239,-21,73,33
25-Nov-2025,416.25,Put,480,62.1,38.34,37.2239,25,26,33
25-Nov-2025,416.25,Put,375,1.45,30.29,37.2239,16,121,33
25-Nov-2025,416.25,Put,370,1.2,31.48,37.2239,14,203,33
25-Nov-2025,416.25,Call,395,27.6,27.32,37.2239,23,28,32
28-Oct-2025,416.25,Put,435,18.75,58.32,37.2239,-6,26,30
28-Oct-2025,416.25,Call,470,0.05,93.66,37.2239,-26,639,30
25-Nov-2025,416.25,Call,385,36.15,25.13,37.2239,20,23,29
28-Oct-2025,416.25,Call,385,31.2,0,37.2239,-12,48,26
25-Nov-2025,416.25,Put,435,23.85,31.81,37.2239,1,33,26
25-Nov-2025,416.25,Put,360,0.7,32.72,37.2239,7,74,21
25-Nov-2025,416.25,Put,350,0.5,35.3,37.2239,4,86,21
28-Oct-2025,416.25,Put,385,0.05,65.68,37.2239,-11,279,20
28-Oct-2025,416.25,Put,370,0.05,94.01,37.2239,-14,245,20
28-Oct-2025,416.25,Call,350,66,0,37.2239,-8,178,15
28-Oct-2025,416.25,Call,365,52.25,148.63,37.2239,10,18,14
25-Nov-2025,416.25,Call,350,69,0,37.2239,7,175,14
25-Nov-2025,416.25,Call,365,53.75,25.36,37.2239,8,9,14
30-Dec-2025,416.25,Call,460,5.5,24.7,37.2239,8,62,12
25-Nov-2025,416.25,Put,365,0.95,32.33,37.2239,3,56,11
25-Nov-2025,416.25,Call,405,21.05,26.63,37.2239,0,47,11
25-Nov-2025,416.25,Put,340,0.35,38.52,37.2239,0,20,11
28-Oct-2025,416.25,Put,360,0.05,113.05,37.2239,-5,211,10
28-Oct-2025,416.25,Put,450,33.7,89.29,37.2239,-2,62,10
28-Oct-2025,416.25,Put,440,24.15,81.33,37.2239,-2,96,9
28-Oct-2025,416.25,Put,470,53.2,0,37.2239,5,18,8
25-Nov-2025,416.25,Put,320,0.25,44.63,37.2239,5,26,8
30-Dec-2025,416.25,Put,360,1.45,27.07,37.2239,6,13,8
30-Dec-2025,416.25,Call,440,10.9,24.93,37.2239,3,29,8
25-Nov-2025,416.25,Call,370,49.05,23.41,37.2239,1,18,7
30-Dec-2025,416.25,Call,420,18.5,23.8,37.2239,2,42,7
30-Dec-2025,416.25,Put,420,16.4,26.41,37.2239,4,57,7
28-Oct-2025,416.25,Put,365,0.05,103.51,37.2239,-5,208,6
25-Nov-2025,416.25,Put,460,43.45,33.6,37.2239,4,40,6
30-Dec-2025,416.25,Call,450,8,25.07,37.2239,2,32,5
30-Dec-2025,416.25,Put,400,8.4,26.26,37.2239,3,78,5
30-Dec-2025,416.25,Call,430,13,22.53,37.2239,2,14,5
28-Oct-2025,416.25,Put,310,0.05,213.3,37.2239,-3,23,4
28-Oct-2025,416.25,Call,370,48.2,170.83,37.2239,-1,64,4
28-Oct-2025,416.25,Put,320,0.05,192.38,37.2239,-3,54,4
28-Oct-2025,416.25,Put,460,42.8,0,37.2239,-2,14,4
25-Nov-2025,416.25,Put,470,51.3,30.18,37.2239,2,20,4
28-Oct-2025,416.25,Put,375,0.05,84.55,37.2239,-2,161,3
28-Oct-2025,416.25,Call,340,76.15,0,37.2239,0,22,2
28-Oct-2025,416.25,Call,320,97.65,292.65,37.2239,-1,8,2
28-Oct-2025,416.25,Put,330,0.05,171.94,37.2239,0,23,2
25-Nov-2025,416.25,Call,340,79,0,37.2239,1,6,2
30-Dec-2025,416.25,Put,390,5.7,26.33,37.2239,1,4,2
28-Oct-2025,416.25,Put,340,0.05,0,37.2239,0,105,1
28-Oct-2025,416.25,Put,445,0,0,37.2239,0,21,0
28-Oct-2025,416.25,Put,455,0,0,37.2239,0,14,0
28-Oct-2025,416.25,Call,375,0,0,37.2239,0,37,0
28-Oct-2025,416.25,Put,480,0,0,37.2239,0,0,0
28-Oct-2025,416.25,Call,330,0,0,37.2239,0,1,0
28-Oct-2025,416.25,Put,350,0,0,37.2239,0,162,0
28-Oct-2025,416.25,Call,480,0,0,37.2239,0,2,0
28-Oct-2025,416.25,Call,345,0,0,37.2239,0,6,0
28-Oct-2025,416.25,Put,355,0,0,37.2239,0,170,0
28-Oct-2025,416.25,Put,335,0,0,37.2239,0,22,0
28-Oct-2025,416.25,Call,355,0,0,37.2239,0,12,0
28-Oct-2025,416.25,Put,345,0,0,37.2239,0,4,0
25-Nov-2025,416.25,Call,375,0,0,37.2239,0,0,0
25-Nov-2025,416.25,Put,445,0,0,37.2239,0,8,0
25-Nov-2025,416.25,Put,455,0,0,37.2239,0,5,0
30-Dec-2025,416.25,Put,340,0,0,37.2239,0,7,0
30-Dec-2025,416.25,Call,480,0,0,37.2239,0,0,0
30-Dec-2025,416.25,Put,430,0,0,37.2239,0,4,0
30-Dec-2025,416.25,Put,380,0,0,37.2239,0,0,0
30-Dec-2025,416.25,Put,440,0,0,37.2239,0,1,0
30-Dec-2025,416.25,Call,410,0,0,37.2239,0,0,0
30-Dec-2025,416.25,Put,370,0,0,37.2239,0,0,0
30-Dec-2025,416.25,Put,410,0,0,37.2239,0,44,0
30-Dec-2025,416.25,Call,400,0,0,37.2239,0,1,0
