28-Oct-2025,2080.5,Call,2100,3.6,24.7,24.7671,789,2173,61731
28-Oct-2025,2080.5,Call,2120,1.25,27.17,24.7671,343,1248,31505
28-Oct-2025,2080.5,Call,2080,9.8,23.28,24.7671,-238,987,29412
25-Nov-2025,2080.5,-,0,2089.9,0,24.7671,18629,73053,28665
28-Oct-2025,2080.5,-,0,2077.9,0,24.7671,8000,55153,25934
28-Oct-2025,2080.5,Call,2060,22.45,20.14,24.7671,-1490,645,17199
28-Oct-2025,2080.5,Put,2060,4.7,28.61,24.7671,1168,1509,15967
28-Oct-2025,2080.5,Call,2140,0.75,32.97,24.7671,349,745,15415
28-Oct-2025,2080.5,Put,2040,1.8,29.97,24.7671,376,1561,12868
28-Oct-2025,2080.5,Put,2080,11.6,28.97,24.7671,858,953,10019
28-Oct-2025,2080.5,Call,2040,39.1,0,24.7671,-910,1408,7238
28-Oct-2025,2080.5,Put,2020,0.65,33.39,24.7671,116,1484,6989
25-Nov-2025,2080.5,Call,2100,47.3,20.54,24.7671,444,1270,6971
28-Oct-2025,2080.5,Call,2160,0.45,38.19,24.7671,263,421,5371
28-Oct-2025,2080.5,Put,2000,0.3,36.32,24.7671,95,1897,4500
25-Nov-2025,2080.5,Call,2060,68.45,20.82,24.7671,-20,500,3332
25-Nov-2025,2080.5,Call,2200,14.9,21.09,24.7671,331,885,3279
25-Nov-2025,2080.5,Call,2080,57,20.77,24.7671,436,590,2913
25-Nov-2025,2080.5,Put,2000,20,23.96,24.7671,427,983,2300
28-Oct-2025,2080.5,Call,2020,57.95,0,24.7671,-209,1404,2153
25-Nov-2025,2080.5,Put,2060,38,23.37,24.7671,349,595,2110
25-Nov-2025,2080.5,Put,2080,46.05,23.09,24.7671,500,524,2105
25-Nov-2025,2080.5,Call,2040,81.8,21.32,24.7671,-203,372,2085
28-Oct-2025,2080.5,Put,1980,0.15,40.23,24.7671,-234,1460,1766
25-Nov-2025,2080.5,Put,2100,56.2,22.96,24.7671,226,554,1493
28-Oct-2025,2080.5,Call,2200,0.2,47.27,24.7671,59,623,1487
25-Nov-2025,2080.5,Put,2040,31,23.4,24.7671,126,501,1455
25-Nov-2025,2080.5,Call,2140,30.95,20.69,24.7671,239,325,1422
28-Oct-2025,2080.5,Put,1960,0.1,45.25,24.7671,-305,3163,1382
28-Oct-2025,2080.5,Put,2100,25.25,31.2,24.7671,94,234,1289
25-Nov-2025,2080.5,Call,2120,37.8,20.96,24.7671,156,324,1226
25-Nov-2025,2080.5,Call,2320,3.7,23.21,24.7671,447,506,1200
25-Nov-2025,2080.5,Call,2160,23.5,20.74,24.7671,191,397,1117
28-Oct-2025,2080.5,Call,2180,0.25,37.2,24.7671,115,246,1044
28-Oct-2025,2080.5,Put,1940,0.1,52.2,24.7671,-376,1775,992
25-Nov-2025,2080.5,Put,2020,25.1,23.69,24.7671,154,387,888
28-Oct-2025,2080.5,Call,2000,78.05,0,24.7671,-105,1555,734
25-Nov-2025,2080.5,Put,1900,5.8,25.66,24.7671,72,507,728
25-Nov-2025,2080.5,Call,2180,19.2,20.91,24.7671,226,290,720
25-Nov-2025,2080.5,Call,2240,9.25,21.66,24.7671,93,353,712
25-Nov-2025,2080.5,Call,2000,108.7,20.84,24.7671,-45,1218,708
28-Oct-2025,2080.5,Put,1900,0.1,61.56,24.7671,-241,1748,599
25-Nov-2025,2080.5,Call,2280,5.85,22.34,24.7671,71,434,585
25-Nov-2025,2080.5,Call,2220,11.85,21.43,24.7671,98,159,543
25-Nov-2025,2080.5,Call,2260,7.15,22.21,24.7671,66,101,527
28-Oct-2025,2080.5,Put,1920,0.1,59.13,24.7671,-184,641,414
25-Nov-2025,2080.5,Put,1980,16,24.08,24.7671,90,221,384
25-Nov-2025,2080.5,Call,2020,93,20.38,24.7671,-48,165,374
25-Nov-2025,2080.5,Put,1960,12.1,24.3,24.7671,77,243,366
25-Nov-2025,2080.5,Put,1940,9.65,24.58,24.7671,144,562,356
30-Dec-2025,2080.5,-,0,2102.8,0,24.7671,45,5943,316
25-Nov-2025,2080.5,Put,1920,7.5,25.16,24.7671,57,154,302
25-Nov-2025,2080.5,Put,2200,124,24.51,24.7671,163,216,283
25-Nov-2025,2080.5,Put,1860,3.55,26.72,24.7671,1,228,229
28-Oct-2025,2080.5,Call,1980,96.55,0,24.7671,-28,2360,213
28-Oct-2025,2080.5,Put,1800,0.1,101.01,24.7671,-85,484,211
25-Nov-2025,2080.5,Put,1880,4.5,26.06,24.7671,24,103,166
25-Nov-2025,2080.5,Put,2140,81,22.75,24.7671,23,24,123
28-Oct-2025,2080.5,Put,1860,0.05,74.67,24.7671,-55,632,117
25-Nov-2025,2080.5,Put,1820,2.35,28.15,24.7671,51,109,115
25-Nov-2025,2080.5,Put,1840,2.9,27.42,24.7671,-29,78,110
28-Oct-2025,2080.5,Call,1960,114.6,0,24.7671,-51,7211,104
25-Nov-2025,2080.5,Put,1800,2,29.13,24.7671,47,212,103
25-Nov-2025,2080.5,Put,2120,67.9,23.2,24.7671,12,12,83
28-Oct-2025,2080.5,Put,1880,0.1,68.11,24.7671,-31,471,78
28-Oct-2025,2080.5,Call,1940,136.9,0,24.7671,-26,1406,73
28-Oct-2025,2080.5,Put,1840,0.1,81.27,24.7671,-51,330,71
28-Oct-2025,2080.5,Call,1900,176,0,24.7671,-24,1646,67
25-Nov-2025,2080.5,Call,1960,148,25.74,24.7671,-31,104,67
28-Oct-2025,2080.5,Call,2240,0.2,60.09,24.7671,1,44,66
30-Dec-2025,2080.5,Put,2000,28.3,21.02,24.7671,46,66,66
25-Nov-2025,2080.5,Call,1940,161.05,22.91,24.7671,-4,162,56
25-Nov-2025,2080.5,Call,1900,193.35,11.01,24.7671,11,80,53
28-Oct-2025,2080.5,Put,1820,0.1,93.96,24.7671,1,191,45
30-Dec-2025,2080.5,Put,1960,19.95,21.5,24.7671,40,40,43
28-Oct-2025,2080.5,Put,1720,0.05,121.65,24.7671,-23,137,35
30-Dec-2025,2080.5,Call,2200,30,17.84,24.7671,27,47,33
28-Oct-2025,2080.5,Call,1920,157,0,24.7671,-8,701,29
28-Oct-2025,2080.5,Put,1780,0.15,112.68,24.7671,-4,147,25
25-Nov-2025,2080.5,Call,1920,180,24.23,24.7671,-4,219,25
28-Oct-2025,2080.5,Put,2140,63.05,41.49,24.7671,3,6,19
28-Oct-2025,2080.5,Call,1880,196,0,24.7671,-8,379,18
25-Nov-2025,2080.5,Call,1980,124.6,20.82,24.7671,3,98,17
28-Oct-2025,2080.5,Call,1800,277.9,0,24.7671,-9,58,13
25-Nov-2025,2080.5,Put,1760,1.5,31.21,24.7671,-5,12,11
28-Oct-2025,2080.5,Put,1760,0.05,108.01,24.7671,0,163,8
28-Oct-2025,2080.5,Call,1860,218.3,0,24.7671,-6,135,7
30-Dec-2025,2080.5,Call,2240,24.5,19.38,24.7671,4,50,7
28-Oct-2025,2080.5,Put,1740,0.1,122.41,24.7671,-1,147,6
28-Oct-2025,2080.5,Put,1700,0.05,128.56,24.7671,0,393,1
28-Oct-2025,2080.5,Call,1840,240,0,24.7671,0,69,1
28-Oct-2025,2080.5,Put,2220,0,0,24.7671,0,0,0
28-Oct-2025,2080.5,Call,2280,0,0,24.7671,0,0,0
28-Oct-2025,2080.5,Call,2220,0,0,24.7671,0,0,0
28-Oct-2025,2080.5,Call,2320,0,0,24.7671,0,0,0
28-Oct-2025,2080.5,Put,2260,0,0,24.7671,0,0,0
28-Oct-2025,2080.5,Put,2180,0,0,24.7671,0,0,0
28-Oct-2025,2080.5,Put,2280,0,0,24.7671,0,0,0
28-Oct-2025,2080.5,Put,2320,0,0,24.7671,0,0,0
28-Oct-2025,2080.5,Call,1640,0,0,24.7671,0,0,0
28-Oct-2025,2080.5,Put,1680,0,0,24.7671,0,207,0
28-Oct-2025,2080.5,Put,2200,0,0,24.7671,0,7,0
28-Oct-2025,2080.5,Call,1660,0,0,24.7671,0,0,0
28-Oct-2025,2080.5,Call,2260,0,0,24.7671,0,0,0
28-Oct-2025,2080.5,Call,1760,0,0,24.7671,0,15,0
28-Oct-2025,2080.5,Call,1720,0,0,24.7671,0,10,0
28-Oct-2025,2080.5,Call,1680,0,0,24.7671,0,2,0
28-Oct-2025,2080.5,Call,1740,0,0,24.7671,0,21,0
28-Oct-2025,2080.5,Call,1820,0,0,24.7671,0,152,0
28-Oct-2025,2080.5,Call,1700,0,0,24.7671,0,48,0
28-Oct-2025,2080.5,Put,1600,0,0,24.7671,0,99,0
28-Oct-2025,2080.5,Call,1780,0,0,24.7671,0,2,0
28-Oct-2025,2080.5,Put,1640,0,0,24.7671,0,1,0
28-Oct-2025,2080.5,Put,2120,0,0,24.7671,0,0,0
28-Oct-2025,2080.5,Put,1660,0,0,24.7671,0,0,0
28-Oct-2025,2080.5,Put,2160,0,0,24.7671,0,2,0
28-Oct-2025,2080.5,Put,2240,0,0,24.7671,0,0,0
28-Oct-2025,2080.5,Call,1600,0,0,24.7671,0,4,0
25-Nov-2025,2080.5,Call,1660,0,0,24.7671,0,0,0
25-Nov-2025,2080.5,Put,2180,0,0,24.7671,0,0,0
25-Nov-2025,2080.5,Call,1860,0,0,24.7671,0,4,0
25-Nov-2025,2080.5,Put,1680,0,0,24.7671,0,0,0
25-Nov-2025,2080.5,Put,1720,0,0,24.7671,0,0,0
25-Nov-2025,2080.5,Put,2220,0,0,24.7671,0,0,0
25-Nov-2025,2080.5,Put,1660,0,0,24.7671,0,0,0
25-Nov-2025,2080.5,Put,2260,0,0,24.7671,0,0,0
25-Nov-2025,2080.5,Call,1640,0,0,24.7671,0,0,0
25-Nov-2025,2080.5,Put,2240,0,0,24.7671,0,0,0
25-Nov-2025,2080.5,Call,1840,0,0,24.7671,0,187,0
25-Nov-2025,2080.5,Put,2160,0,0,24.7671,0,0,0
25-Nov-2025,2080.5,Call,1760,0,0,24.7671,0,1,0
25-Nov-2025,2080.5,Put,2320,0,0,24.7671,0,0,0
25-Nov-2025,2080.5,Call,1720,0,0,24.7671,0,2,0
25-Nov-2025,2080.5,Put,2280,0,0,24.7671,0,0,0
25-Nov-2025,2080.5,Put,1740,0,0,24.7671,0,0,0
25-Nov-2025,2080.5,Call,1880,0,0,24.7671,0,4,0
25-Nov-2025,2080.5,Put,1780,0,0,24.7671,0,14,0
25-Nov-2025,2080.5,Call,1800,0,0,24.7671,0,66,0
25-Nov-2025,2080.5,Put,1640,0,0,24.7671,0,0,0
25-Nov-2025,2080.5,Call,1600,0,0,24.7671,0,4,0
25-Nov-2025,2080.5,Call,1740,0,0,24.7671,0,0,0
25-Nov-2025,2080.5,Call,1700,0,0,24.7671,0,0,0
25-Nov-2025,2080.5,Call,1680,0,0,24.7671,0,0,0
25-Nov-2025,2080.5,Call,1780,0,0,24.7671,0,0,0
25-Nov-2025,2080.5,Put,1600,0,0,24.7671,0,0,0
25-Nov-2025,2080.5,Put,1700,0,0,24.7671,0,0,0
30-Dec-2025,2080.5,Put,2080,0,0,24.7671,0,0,0
25-Nov-2025,2080.5,Call,1820,0,0,24.7671,0,44,0
30-Dec-2025,2080.5,Put,2160,0,0,0,0,0,0
30-Dec-2025,2080.5,Put,1680,0,0,24.7671,0,0,0
30-Dec-2025,2080.5,Put,1920,0,0,24.7671,0,0,0
30-Dec-2025,2080.5,Call,2000,0,0,24.7671,0,0,0
30-Dec-2025,2080.5,Call,2400,0,0,24.7671,0,0,0
30-Dec-2025,2080.5,Put,1800,0,0,24.7671,0,0,0
30-Dec-2025,2080.5,Put,1880,0,0,24.7671,0,0,0
30-Dec-2025,2080.5,Put,2120,0,0,24.7671,0,0,0
30-Dec-2025,2080.5,Put,1840,0,0,24.7671,0,0,0
30-Dec-2025,2080.5,Put,1720,0,0,24.7671,0,0,0
30-Dec-2025,2080.5,Put,2040,0,0,24.7671,0,0,0
30-Dec-2025,2080.5,Put,1600,0,0,24.7671,0,0,0
30-Dec-2025,2080.5,Call,2160,0,0,24.7671,0,0,0
30-Dec-2025,2080.5,Call,2120,0,0,24.7671,0,0,0
30-Dec-2025,2080.5,Call,2040,0,0,24.7671,0,0,0
30-Dec-2025,2080.5,Put,1760,0,0,24.7671,0,0,0
30-Dec-2025,2080.5,Call,2320,0,0,24.7671,0,0,0
30-Dec-2025,2080.5,Put,1520,0,0,24.7671,0,2,0
30-Dec-2025,2080.5,Call,2080,0,0,24.7671,0,0,0
