25-Nov-2025,2914.6,-,0,2932.7,0,25.2984,9661,50321,15368
28-Oct-2025,2914.6,-,0,2915.1,0,25.2984,1212,21844,11386
28-Oct-2025,2914.6,Call,2900,22,24.06,25.2984,-124,454,4240
28-Oct-2025,2914.6,Call,2920,12.9,26.67,25.2984,89,268,4175
28-Oct-2025,2914.6,Call,2960,4.65,32.65,25.2984,71,1176,3952
25-Nov-2025,2914.6,Call,3000,50.1,23.44,25.2984,213,864,2560
28-Oct-2025,2914.6,Call,2940,7.35,29.82,25.2984,108,291,2283
25-Nov-2025,2914.6,Call,2900,95,23.31,25.2984,185,543,1855
28-Oct-2025,2914.6,Put,2900,9,27.3,25.2984,28,319,1437
28-Oct-2025,2914.6,Call,2880,40.4,25.92,25.2984,-109,116,1137
28-Oct-2025,2914.6,Put,2860,3.25,32.09,25.2984,81,183,1085
28-Oct-2025,2914.6,Put,2880,5.35,29.52,25.2984,73,117,939
28-Oct-2025,2914.6,Put,2800,1.2,45.49,25.2984,-72,288,898
28-Oct-2025,2914.6,Call,3000,1.45,34.96,25.2984,-33,265,816
25-Nov-2025,2914.6,Call,2940,75,23.12,25.2984,92,161,811
28-Oct-2025,2914.6,Put,2840,1.95,35.65,25.2984,-13,108,757
25-Nov-2025,2914.6,Put,2900,60,24.23,25.2984,278,407,747
28-Oct-2025,2914.6,Put,2820,1.55,38.98,25.2984,-8,83,660
25-Nov-2025,2914.6,Call,3200,11.5,24.78,25.2984,206,297,619
28-Oct-2025,2914.6,Call,2860,59.55,31.98,25.2984,-44,135,548
25-Nov-2025,2914.6,Call,3040,38.5,23.57,25.2984,335,395,547
28-Oct-2025,2914.6,Call,2980,2.6,34.65,25.2984,-49,183,540
25-Nov-2025,2914.6,Put,2740,15,24.12,25.2984,402,407,511
25-Nov-2025,2914.6,Call,2920,84.95,23.28,25.2984,166,180,502
28-Oct-2025,2914.6,Put,2700,0.65,69.97,25.2984,-137,265,501
25-Nov-2025,2914.6,Put,2800,26.65,24.11,25.2984,133,312,372
25-Nov-2025,2914.6,Call,2880,108.7,23.35,25.2984,2,56,349
25-Nov-2025,2914.6,Call,3100,24,24.15,25.2984,102,222,343
25-Nov-2025,2914.6,Call,3280,6.25,25.5,25.2984,163,173,307
28-Oct-2025,2914.6,Call,2840,77.3,28.4,25.2984,-23,247,306
28-Oct-2025,2914.6,Put,2760,0.9,53.77,25.2984,-3,173,275
28-Oct-2025,2914.6,Put,2780,1,50.22,25.2984,12,205,266
28-Oct-2025,2914.6,Put,2740,0.75,59.7,25.2984,-36,220,264
25-Nov-2025,2914.6,Put,2700,10.5,24.6,25.2984,88,308,241
25-Nov-2025,2914.6,Call,2860,117.85,21.93,25.2984,8,57,209
25-Nov-2025,2914.6,Put,2860,45,24.56,25.2984,45,98,184
25-Nov-2025,2914.6,Put,2880,54,24.63,25.2984,44,54,177
28-Oct-2025,2914.6,Call,3040,0.55,39.86,25.2984,-4,124,169
25-Nov-2025,2914.6,Call,2960,65.95,23.05,25.2984,25,65,151
28-Oct-2025,2914.6,Put,2920,20.1,33,25.2984,28,50,136
25-Nov-2025,2914.6,Put,2600,4.15,26.23,25.2984,27,74,131
25-Nov-2025,2914.6,Call,3120,21.1,23.71,25.2984,26,34,112
25-Nov-2025,2914.6,Put,3000,111.8,23.53,25.2984,49,70,101
25-Nov-2025,2914.6,Put,2920,70,24.22,25.2984,34,34,93
25-Nov-2025,2914.6,Put,2840,39.2,24.46,25.2984,1,61,84
28-Oct-2025,2914.6,Call,3020,0.9,37.58,25.2984,19,82,77
28-Oct-2025,2914.6,Put,2680,0.5,73,25.2984,-45,94,73
25-Nov-2025,2914.6,Call,3160,16.5,24.84,25.2984,40,65,73
25-Nov-2025,2914.6,Call,2980,59.05,24.4,25.2984,34,34,67
28-Oct-2025,2914.6,Call,3060,0.45,43.76,25.2984,0,652,62
30-Dec-2025,2914.6,-,0,2952,0,25.2984,19,120,61
25-Nov-2025,2914.6,Put,2820,32.15,24.07,25.2984,15,49,60
25-Nov-2025,2914.6,Put,2780,23.1,24.42,25.2984,12,67,58
25-Nov-2025,2914.6,Call,3060,34.2,24.01,25.2984,31,53,56
25-Nov-2025,2914.6,Call,3020,44.8,23.61,25.2984,10,40,48
28-Oct-2025,2914.6,Call,2800,118.3,48.38,25.2984,-27,175,46
25-Nov-2025,2914.6,Call,2800,162.5,24.09,25.2984,6,30,46
25-Nov-2025,2914.6,Call,3240,8.35,25.11,25.2984,17,29,44
25-Nov-2025,2914.6,Put,2680,9.6,25.63,25.2984,19,146,44
25-Nov-2025,2914.6,Put,2760,18.9,24.35,25.2984,17,33,39
28-Oct-2025,2914.6,Call,2820,96.4,0,25.2984,0,74,36
25-Nov-2025,2914.6,Call,2820,149.1,23.59,25.2984,-5,22,34
28-Oct-2025,2914.6,Call,3080,0.05,37.6,25.2984,-2,159,31
28-Oct-2025,2914.6,Put,2660,0.5,78.59,25.2984,-6,176,27
28-Oct-2025,2914.6,Put,2960,48.35,31.84,25.2984,-13,21,26
25-Nov-2025,2914.6,Call,3080,28.45,23.7,25.2984,11,13,23
28-Oct-2025,2914.6,Call,2780,102.45,0,25.2984,-9,110,20
25-Nov-2025,2914.6,Put,2720,12.6,24.43,25.2984,12,12,17
25-Nov-2025,2914.6,Put,2400,1.85,34.85,25.2984,1,43,15
28-Oct-2025,2914.6,Call,3120,0.15,51.01,25.2984,1,99,14
28-Oct-2025,2914.6,Call,2760,155,0,25.2984,-8,113,13
28-Oct-2025,2914.6,Put,2940,30.65,26.9,25.2984,-8,24,13
28-Oct-2025,2914.6,Call,3100,0.1,44.64,25.2984,-5,391,12
28-Oct-2025,2914.6,Put,3000,86.55,42.69,25.2984,-5,10,11
28-Oct-2025,2914.6,Put,2720,0.9,67.5,25.2984,-5,38,11
28-Oct-2025,2914.6,Put,2480,0.05,102.37,25.2984,-1,25,10
25-Nov-2025,2914.6,Put,2940,80,24.27,25.2984,6,6,9
28-Oct-2025,2914.6,Put,2640,0.4,81.79,25.2984,-3,135,7
28-Oct-2025,2914.6,Put,2580,0.5,101,25.2984,-4,144,6
28-Oct-2025,2914.6,Put,2600,0.1,79.59,25.2984,-1,270,5
30-Dec-2025,2914.6,Call,3120,41.5,19.8,25.2984,0,9,5
25-Nov-2025,2914.6,Put,3100,230,40.27,25.2984,1,44,3
30-Dec-2025,2914.6,Put,2760,39.75,24.23,25.2984,0,3,3
28-Oct-2025,2914.6,Put,2500,0.1,103.97,25.2984,-1,4,2
28-Oct-2025,2914.6,Call,2700,195,0,25.2984,-1,113,2
25-Nov-2025,2914.6,Call,2700,203,0,25.2984,0,4,2
28-Oct-2025,2914.6,Call,3160,0.1,56.96,25.2984,0,39,1
28-Oct-2025,2914.6,Put,2520,0.1,99.05,25.2984,0,45,1
25-Nov-2025,2914.6,Call,2600,320,0,25.2984,0,0,1
25-Nov-2025,2914.6,Call,2840,121.1,18.43,25.2984,0,0,1
25-Nov-2025,2914.6,Put,3200,300,38.66,25.2984,0,0,1
25-Nov-2025,2914.6,Call,2740,175,0,25.2984,0,3,1
28-Oct-2025,2914.6,Put,2360,0,0,25.2984,0,0,0
28-Oct-2025,2914.6,Put,3240,0,0,25.2984,0,0,0
28-Oct-2025,2914.6,Put,3060,0,0,25.2984,0,0,0
28-Oct-2025,2914.6,Put,3200,0,0,25.2984,0,0,0
28-Oct-2025,2914.6,Put,2620,0,0,25.2984,0,58,0
28-Oct-2025,2914.6,Call,2360,0,0,25.2984,0,0,0
28-Oct-2025,2914.6,Call,2640,0,0,25.2984,0,14,0
28-Oct-2025,2914.6,Call,3200,0,0,25.2984,0,50,0
28-Oct-2025,2914.6,Call,2680,0,0,25.2984,0,7,0
28-Oct-2025,2914.6,Put,3040,0,0,25.2984,0,14,0
28-Oct-2025,2914.6,Put,2400,0,0,25.2984,0,1,0
28-Oct-2025,2914.6,Put,3080,0,0,25.2984,0,0,0
28-Oct-2025,2914.6,Put,3100,0,0,25.2984,0,15,0
28-Oct-2025,2914.6,Put,2560,0,0,25.2984,0,81,0
28-Oct-2025,2914.6,Put,3160,0,0,25.2984,0,0,0
28-Oct-2025,2914.6,Call,2400,0,0,25.2984,0,0,0
28-Oct-2025,2914.6,Call,2480,0,0,25.2984,0,2,0
28-Oct-2025,2914.6,Call,2440,0,0,25.2984,0,0,0
28-Oct-2025,2914.6,Call,2720,0,0,25.2984,0,10,0
28-Oct-2025,2914.6,Put,3120,0,0,25.2984,0,0,0
28-Oct-2025,2914.6,Call,3280,0,0,25.2984,0,16,0
28-Oct-2025,2914.6,Call,3240,0,0,25.2984,0,30,0
28-Oct-2025,2914.6,Put,3280,0,0,25.2984,0,0,0
28-Oct-2025,2914.6,Call,2520,0,0,25.2984,0,0,0
28-Oct-2025,2914.6,Call,2600,0,0,25.2984,0,6,0
28-Oct-2025,2914.6,Call,2560,0,0,25.2984,0,0,0
28-Oct-2025,2914.6,Put,2440,0,0,25.2984,0,0,0
28-Oct-2025,2914.6,Put,2980,0,0,25.2984,0,10,0
28-Oct-2025,2914.6,Call,2540,0,0,25.2984,0,0,0
28-Oct-2025,2914.6,Put,3020,0,0,25.2984,0,2,0
28-Oct-2025,2914.6,Call,2580,0,0,25.2984,0,0,0
28-Oct-2025,2914.6,Call,2660,0,0,25.2984,0,9,0
28-Oct-2025,2914.6,Call,2620,0,0,25.2984,0,0,0
28-Oct-2025,2914.6,Call,2740,0,0,25.2984,0,70,0
28-Oct-2025,2914.6,Put,2540,0,0,25.2984,0,21,0
25-Nov-2025,2914.6,Put,2540,0,0,25.2984,0,0,0
25-Nov-2025,2914.6,Call,2560,0,0,25.2984,0,0,0
25-Nov-2025,2914.6,Call,2520,0,0,25.2984,0,0,0
25-Nov-2025,2914.6,Call,2640,0,0,25.2984,0,0,0
25-Nov-2025,2914.6,Call,2680,0,0,25.2984,0,0,0
25-Nov-2025,2914.6,Put,3080,0,0,25.2984,0,0,0
25-Nov-2025,2914.6,Put,2960,0,0,25.2984,0,0,0
25-Nov-2025,2914.6,Put,3040,0,0,25.2984,0,0,0
25-Nov-2025,2914.6,Put,3060,0,0,25.2984,0,0,0
25-Nov-2025,2914.6,Call,2540,0,0,25.2984,0,0,0
25-Nov-2025,2914.6,Put,2520,0,0,25.2984,0,0,0
25-Nov-2025,2914.6,Call,2580,0,0,25.2984,0,0,0
25-Nov-2025,2914.6,Call,2620,0,0,25.2984,0,0,0
25-Nov-2025,2914.6,Call,2660,0,0,25.2984,0,0,0
25-Nov-2025,2914.6,Put,2980,0,0,25.2984,0,0,0
25-Nov-2025,2914.6,Put,2440,0,0,25.2984,0,0,0
25-Nov-2025,2914.6,Put,2360,0,0,25.2984,0,0,0
25-Nov-2025,2914.6,Call,2720,0,0,25.2984,0,0,0
25-Nov-2025,2914.6,Put,3240,0,0,25.2984,0,0,0
25-Nov-2025,2914.6,Put,2480,0,0,25.2984,0,0,0
25-Nov-2025,2914.6,Put,2640,0,0,25.2984,0,0,0
25-Nov-2025,2914.6,Put,2560,0,0,25.2984,0,0,0
25-Nov-2025,2914.6,Put,3160,0,0,25.2984,0,0,0
25-Nov-2025,2914.6,Put,3020,0,0,25.2984,0,0,0
25-Nov-2025,2914.6,Call,2760,0,0,25.2984,0,0,0
25-Nov-2025,2914.6,Put,3280,0,0,25.2984,0,0,0
25-Nov-2025,2914.6,Call,2360,0,0,25.2984,0,0,0
25-Nov-2025,2914.6,Call,2480,0,0,25.2984,0,0,0
25-Nov-2025,2914.6,Put,3120,0,0,25.2984,0,0,0
25-Nov-2025,2914.6,Call,2400,0,0,25.2984,0,0,0
25-Nov-2025,2914.6,Call,2440,0,0,25.2984,0,0,0
25-Nov-2025,2914.6,Call,2780,0,0,25.2984,0,0,0
25-Nov-2025,2914.6,Put,2580,0,0,25.2984,0,0,0
25-Nov-2025,2914.6,Put,2660,0,0,25.2984,0,0,0
25-Nov-2025,2914.6,Put,2620,0,0,25.2984,0,0,0
30-Dec-2025,2914.6,Put,2480,0,0,25.2984,0,0,0
30-Dec-2025,2914.6,Call,3080,0,0,25.2984,0,0,0
30-Dec-2025,2914.6,Put,2840,0,0,25.2984,0,0,0
30-Dec-2025,2914.6,Call,3280,0,0,25.2984,0,0,0
30-Dec-2025,2914.6,Put,2520,0,0,25.2984,0,0,0
30-Dec-2025,2914.6,Put,2400,0,0,25.2984,0,0,0
30-Dec-2025,2914.6,Call,2880,0,0,25.2984,0,0,0
30-Dec-2025,2914.6,Call,2920,0,0,25.2984,0,0,0
30-Dec-2025,2914.6,Put,3000,0,0,25.2984,0,0,0
30-Dec-2025,2914.6,Put,2920,0,0,25.2984,0,0,0
30-Dec-2025,2914.6,Put,2880,0,0,25.2984,0,0,0
30-Dec-2025,2914.6,Put,2960,0,0,25.2984,0,0,0
30-Dec-2025,2914.6,Call,2960,0,0,25.2984,0,0,0
30-Dec-2025,2914.6,Call,3040,0,0,25.2984,0,0,0
30-Dec-2025,2914.6,Call,3000,0,0,25.2984,0,0,0
30-Dec-2025,2914.6,Put,2720,0,0,25.2984,0,0,0
30-Dec-2025,2914.6,Put,2680,0,0,25.2984,0,0,0
30-Dec-2025,2914.6,Put,2800,0,0,25.2984,0,6,0
30-Dec-2025,2914.6,Put,3040,0,0,25.2984,0,0,0
30-Dec-2025,2914.6,Call,2800,0,0,25.2984,0,0,0
30-Dec-2025,2914.6,Call,2840,0,0,25.2984,0,0,0
