25-Nov-2025,482.25,-,0,485.65,0,44.2262,4706,23764,8267
28-Oct-2025,482.25,-,0,483,0,44.2262,-904,10772,6372
28-Oct-2025,482.25,Call,500,0.35,44.11,44.2262,-668,1992,3058
28-Oct-2025,482.25,Call,490,1,33.66,44.2262,-72,941,2990
25-Nov-2025,482.25,Call,500,11.7,32.21,44.2262,341,1695,1965
28-Oct-2025,482.25,Call,510,0.15,56.62,44.2262,-605,1572,1936
28-Oct-2025,482.25,Call,520,0.1,65.52,44.2262,-474,2117,1535
28-Oct-2025,482.25,Call,485,2.1,31.22,44.2262,-14,264,1259
25-Nov-2025,482.25,Call,550,2.9,36.28,44.2262,428,3666,1210
25-Nov-2025,482.25,Call,520,6.5,33.31,44.2262,225,1199,1125
28-Oct-2025,482.25,Call,495,0.5,38.31,44.2262,-139,331,1041
28-Oct-2025,482.25,Put,480,1.6,27.56,44.2262,-16,679,1000
25-Nov-2025,482.25,Call,510,8.7,32.53,44.2262,208,615,912
25-Nov-2025,482.25,Call,490,15.55,31.79,44.2262,293,789,820
28-Oct-2025,482.25,Call,530,0.05,79.81,44.2262,-321,940,797
28-Oct-2025,482.25,Put,485,4.2,25.43,44.2262,-88,255,773
28-Oct-2025,482.25,Put,475,0.8,33.06,44.2262,-245,229,740
28-Oct-2025,482.25,Call,480,4.55,33.74,44.2262,-31,292,697
28-Oct-2025,482.25,Call,505,0.25,48.05,44.2262,-155,414,662
25-Nov-2025,482.25,Call,540,3.6,34.51,44.2262,317,948,630
25-Nov-2025,482.25,Call,530,4.75,33.49,44.2262,64,518,620
25-Nov-2025,482.25,Call,480,20.35,31.86,44.2262,97,648,578
28-Oct-2025,482.25,Put,490,7.95,25.25,44.2262,-113,467,529
25-Nov-2025,482.25,Call,580,1.2,38.23,44.2262,-81,459,513
25-Nov-2025,482.25,Put,450,4.7,32.14,44.2262,-11,679,477
28-Oct-2025,482.25,Put,470,0.4,36.6,44.2262,-44,489,441
28-Oct-2025,482.25,Call,515,0.15,61.86,44.2262,-197,551,415
28-Oct-2025,482.25,Call,525,0.2,77.18,44.2262,-192,631,402
28-Oct-2025,482.25,Call,540,0.05,93.5,44.2262,-94,985,374
25-Nov-2025,482.25,Put,480,14.5,32.43,44.2262,-4,509,347
25-Nov-2025,482.25,Call,560,2.15,36.55,44.2262,76,703,302
25-Nov-2025,482.25,Put,440,3.1,33.05,44.2262,40,516,280
25-Nov-2025,482.25,Put,500,25.8,33.64,44.2262,79,558,275
28-Oct-2025,482.25,Put,500,17.4,43.73,44.2262,-171,547,256
28-Oct-2025,482.25,Call,550,0.1,106.68,44.2262,-93,1142,254
25-Nov-2025,482.25,Put,460,7,32.27,44.2262,109,564,247
25-Nov-2025,482.25,Put,490,19.75,33.13,44.2262,78,447,237
25-Nov-2025,482.25,Call,525,5.55,33.2,44.2262,28,181,235
25-Nov-2025,482.25,Call,515,7.5,32.97,44.2262,101,161,216
25-Nov-2025,482.25,Call,485,17.8,31.58,44.2262,82,126,208
25-Nov-2025,482.25,Put,485,17,32.39,44.2262,95,199,206
25-Nov-2025,482.25,Put,470,9.95,32.07,44.2262,50,285,198
30-Dec-2025,482.25,-,0,489,0,44.2262,117,925,193
28-Oct-2025,482.25,Call,560,0.1,119.42,44.2262,-105,764,183
28-Oct-2025,482.25,Put,495,12.55,27.41,44.2262,-64,154,154
25-Nov-2025,482.25,Call,495,13.65,32.15,44.2262,30,193,152
28-Oct-2025,482.25,Call,470,13.4,47.22,44.2262,-96,173,144
25-Nov-2025,482.25,Put,455,5.75,32.13,44.2262,90,91,141
28-Oct-2025,482.25,Put,450,0.1,64.6,44.2262,-49,526,136
25-Nov-2025,482.25,Put,430,2.05,33.59,44.2262,34,132,104
25-Nov-2025,482.25,Put,410,0.8,35.73,44.2262,55,117,102
28-Oct-2025,482.25,Put,460,0.05,42.61,44.2262,-18,543,98
28-Oct-2025,482.25,Put,440,0.1,74.8,44.2262,-37,171,88
25-Nov-2025,482.25,Call,505,10.15,31.96,44.2262,14,97,82
25-Nov-2025,482.25,Put,510,32.75,33.52,44.2262,7,92,79
25-Nov-2025,482.25,Put,420,1.2,34.39,44.2262,37,160,74
25-Nov-2025,482.25,Call,570,1.65,37.73,44.2262,-19,139,74
28-Oct-2025,482.25,Call,570,0.05,121.68,44.2262,-13,197,69
25-Nov-2025,482.25,Call,470,26,30.3,44.2262,18,64,63
28-Oct-2025,482.25,Call,475,8.9,37.24,44.2262,-8,80,59
28-Oct-2025,482.25,Call,580,0.05,132.93,44.2262,-58,412,59
28-Oct-2025,482.25,Call,535,0.1,86.73,44.2262,-28,118,58
28-Oct-2025,482.25,Put,465,0.1,38.3,44.2262,-27,93,58
25-Nov-2025,482.25,Call,545,3.2,35.88,44.2262,12,97,56
28-Oct-2025,482.25,Put,510,26,0,44.2262,-27,218,55
28-Oct-2025,482.25,Put,520,35.95,0,44.2262,-44,142,53
28-Oct-2025,482.25,Put,420,0.05,107.03,44.2262,-8,255,52
25-Nov-2025,482.25,Put,475,12.25,32.13,44.2262,16,57,45
25-Nov-2025,482.25,Put,435,2.45,32.92,44.2262,17,33,45
25-Nov-2025,482.25,Call,535,4.15,34.05,44.2262,-1,80,42
25-Nov-2025,482.25,Put,520,38.8,31.73,44.2262,11,210,39
25-Nov-2025,482.25,Put,465,8.5,31.85,44.2262,-1,62,39
28-Oct-2025,482.25,Call,545,0.05,92.04,44.2262,-12,104,33
28-Oct-2025,482.25,Put,505,21.75,0,44.2262,-5,106,28
25-Nov-2025,482.25,Call,450,42.2,35.09,44.2262,15,86,28
25-Nov-2025,482.25,Put,445,3.8,32.55,44.2262,15,27,27
28-Oct-2025,482.25,Put,550,66,0,44.2262,-14,88,26
28-Oct-2025,482.25,Put,455,0.05,50.71,44.2262,-5,95,21
28-Oct-2025,482.25,Call,450,34.05,96.04,44.2262,-11,68,21
28-Oct-2025,482.25,Call,460,25.1,93.11,44.2262,-11,362,17
25-Nov-2025,482.25,Put,550,66.5,37.83,44.2262,8,30,14
30-Dec-2025,482.25,Call,500,22.25,32.15,44.2262,8,43,14
28-Oct-2025,482.25,Put,430,0.05,90.86,44.2262,-2,130,12
28-Oct-2025,482.25,Call,465,20.4,83.73,44.2262,0,25,12
28-Oct-2025,482.25,Call,555,0.1,113.1,44.2262,-6,23,12
25-Nov-2025,482.25,Put,495,22.15,32.65,44.2262,0,31,12
25-Nov-2025,482.25,Call,460,34,33.1,44.2262,6,36,9
28-Oct-2025,482.25,Put,515,30.1,0,44.2262,1,63,8
25-Nov-2025,482.25,Call,475,24.5,33.47,44.2262,2,3,8
30-Dec-2025,482.25,Put,440,7.6,33.11,44.2262,4,65,7
28-Oct-2025,482.25,Put,400,0.05,139.92,44.2262,-5,122,6
25-Nov-2025,482.25,Call,555,2.45,36.25,44.2262,5,5,6
28-Oct-2025,482.25,Put,530,42.05,0,44.2262,1,77,5
28-Oct-2025,482.25,Call,455,32.15,139.31,44.2262,0,19,3
30-Dec-2025,482.25,Call,550,8.55,33.4,44.2262,0,57,3
28-Oct-2025,482.25,Put,445,0.1,73.24,44.2262,-1,24,2
28-Oct-2025,482.25,Put,525,40.8,0,44.2262,0,37,2
28-Oct-2025,482.25,Call,400,81.85,0,44.2262,-1,32,2
25-Nov-2025,482.25,Put,525,43.8,34.3,44.2262,0,9,2
25-Nov-2025,482.25,Put,515,36.25,34.41,44.2262,1,4,2
28-Oct-2025,482.25,Put,435,0.05,82.82,44.2262,0,5,1
28-Oct-2025,482.25,Put,410,0.05,123.36,44.2262,0,87,1
25-Nov-2025,482.25,Put,570,82,0,44.2262,0,0,1
25-Nov-2025,482.25,Put,580,92.75,31.6,44.2262,0,29,1
25-Nov-2025,482.25,Call,440,49.95,34.31,44.2262,0,43,1
25-Nov-2025,482.25,Put,505,28,31.86,44.2262,0,5,1
30-Dec-2025,482.25,Call,520,17.8,35.78,44.2262,0,1,1
30-Dec-2025,482.25,Put,470,17.2,33.59,44.2262,0,23,1
28-Oct-2025,482.25,Call,440,0,0,44.2262,0,47,0
28-Oct-2025,482.25,Call,420,0,0,44.2262,0,22,0
28-Oct-2025,482.25,Put,535,0,0,44.2262,0,16,0
28-Oct-2025,482.25,Put,390,0,0,44.2262,0,16,0
28-Oct-2025,482.25,Put,340,0,0,44.2262,0,10,0
28-Oct-2025,482.25,Call,445,0,0,44.2262,0,22,0
28-Oct-2025,482.25,Call,435,0,0,44.2262,0,0,0
28-Oct-2025,482.25,Put,560,0,0,44.2262,0,15,0
28-Oct-2025,482.25,Put,570,0,0,44.2262,0,4,0
28-Oct-2025,482.25,Put,580,0,0,44.2262,0,6,0
28-Oct-2025,482.25,Put,545,0,0,44.2262,0,28,0
28-Oct-2025,482.25,Put,555,0,0,44.2262,0,12,0
28-Oct-2025,482.25,Call,430,0,0,44.2262,0,58,0
28-Oct-2025,482.25,Call,390,0,0,44.2262,0,1,0
28-Oct-2025,482.25,Put,360,0,0,44.2262,0,16,0
28-Oct-2025,482.25,Put,540,0,0,44.2262,0,38,0
28-Oct-2025,482.25,Call,410,0,0,44.2262,0,4,0
28-Oct-2025,482.25,Put,380,0,0,44.2262,0,23,0
25-Nov-2025,482.25,Put,560,0,0,44.2262,0,5,0
25-Nov-2025,482.25,Call,410,0,0,44.2262,0,0,0
25-Nov-2025,482.25,Put,360,0,0,44.2262,0,11,0
25-Nov-2025,482.25,Put,380,0,0,44.2262,0,2,0
25-Nov-2025,482.25,Put,555,0,0,44.2262,0,0,0
25-Nov-2025,482.25,Put,540,0,0,44.2262,0,13,0
25-Nov-2025,482.25,Call,435,0,0,44.2262,0,0,0
25-Nov-2025,482.25,Call,445,0,0,44.2262,0,0,0
25-Nov-2025,482.25,Call,455,0,0,44.2262,0,0,0
25-Nov-2025,482.25,Call,465,0,0,44.2262,0,0,0
25-Nov-2025,482.25,Call,420,0,0,44.2262,0,0,0
25-Nov-2025,482.25,Call,430,0,0,44.2262,0,0,0
25-Nov-2025,482.25,Put,530,0,0,44.2262,0,0,0
25-Nov-2025,482.25,Put,545,0,0,44.2262,0,4,0
25-Nov-2025,482.25,Put,535,0,0,44.2262,0,2,0
30-Dec-2025,482.25,Put,460,0,0,44.2262,0,0,0
30-Dec-2025,482.25,Call,470,0,0,44.2262,0,0,0
30-Dec-2025,482.25,Call,480,0,0,44.2262,0,0,0
30-Dec-2025,482.25,Put,510,0,0,44.2262,0,0,0
30-Dec-2025,482.25,Put,490,0,0,44.2262,0,0,0
30-Dec-2025,482.25,Call,490,0,0,44.2262,0,0,0
30-Dec-2025,482.25,Call,580,0,0,44.2262,0,4,0
30-Dec-2025,482.25,Put,480,0,0,44.2262,0,0,0
30-Dec-2025,482.25,Put,520,0,0,44.2262,0,0,0
30-Dec-2025,482.25,Call,510,0,0,44.2262,0,0,0
30-Dec-2025,482.25,Call,540,0,0,44.2262,0,0,0
30-Dec-2025,482.25,Put,500,0,0,44.2262,0,3,0
30-Dec-2025,482.25,Put,430,0,0,44.2262,0,0,0
30-Dec-2025,482.25,Call,530,0,0,44.2262,0,0,0
30-Dec-2025,482.25,Call,560,0,0,44.2262,0,28,0
30-Dec-2025,482.25,Put,450,0,0,44.2262,0,0,0
