25-Nov-2025,593.85,-,0,597.05,0,33.7124,3003,13237,4548
28-Oct-2025,593.85,-,0,594.3,0,33.7124,1383,9488,4239
28-Oct-2025,593.85,Call,600,1.65,30.62,33.7124,-113,674,869
28-Oct-2025,593.85,Call,610,0.4,35.93,33.7124,-120,497,548
25-Nov-2025,593.85,Call,600,18.5,28,33.7124,160,687,435
28-Oct-2025,593.85,Call,590,5.9,23.12,33.7124,-11,124,349
28-Oct-2025,593.85,Call,650,0.05,75.28,33.7124,-203,860,278
28-Oct-2025,593.85,Call,620,0.15,39.54,33.7124,-104,816,242
28-Oct-2025,593.85,Put,580,0.4,33.15,33.7124,-40,222,222
28-Oct-2025,593.85,Put,590,2,32.12,33.7124,-23,195,212
28-Oct-2025,593.85,Call,640,0.1,63.87,33.7124,-97,866,209
25-Nov-2025,593.85,Call,650,4.15,28.79,33.7124,53,282,178
28-Oct-2025,593.85,Call,630,0.1,52,33.7124,-87,572,175
25-Nov-2025,593.85,Call,640,5.9,28.78,33.7124,-31,77,123
28-Oct-2025,593.85,Put,600,7.5,34,33.7124,-29,257,114
28-Oct-2025,593.85,Put,570,0.05,36.21,33.7124,-26,487,111
25-Nov-2025,593.85,Put,580,10.9,28.74,33.7124,25,228,96
25-Nov-2025,593.85,Put,600,20.4,29.87,33.7124,34,358,94
25-Nov-2025,593.85,Put,590,15.6,29.87,33.7124,24,109,91
25-Nov-2025,593.85,Call,620,10.65,28.56,33.7124,19,170,91
25-Nov-2025,593.85,Call,590,23.3,27.76,33.7124,2,79,71
30-Dec-2025,593.85,-,0,601.3,0,33.7124,22,258,63
28-Oct-2025,593.85,Put,560,0.05,49.14,33.7124,-15,232,61
25-Nov-2025,593.85,Put,550,3.85,29.95,33.7124,13,191,60
28-Oct-2025,593.85,Put,550,0.05,61.95,33.7124,-33,397,55
28-Oct-2025,593.85,Call,580,14,0,33.7124,-38,37,55
28-Oct-2025,593.85,Call,670,0.1,96.95,33.7124,-50,158,52
25-Nov-2025,593.85,Call,630,7.95,28.55,33.7124,-7,73,52
25-Nov-2025,593.85,Call,610,14.5,28.79,33.7124,5,101,50
28-Oct-2025,593.85,Call,720,0.05,135.7,33.7124,-3,115,40
25-Nov-2025,593.85,Put,560,5.6,29.47,33.7124,20,49,36
28-Oct-2025,593.85,Put,540,0.05,74.71,33.7124,-28,133,31
25-Nov-2025,593.85,Call,580,28.95,27.18,33.7124,3,35,21
25-Nov-2025,593.85,Put,570,7.85,28.98,33.7124,5,35,20
28-Oct-2025,593.85,Put,630,36.75,86.56,33.7124,-15,143,18
28-Oct-2025,593.85,Put,610,16.65,48.06,33.7124,-10,132,16
25-Nov-2025,593.85,Put,540,2.7,30.6,33.7124,0,72,16
28-Oct-2025,593.85,Put,620,26.25,69.55,33.7124,-8,280,15
25-Nov-2025,593.85,Call,540,55.65,0,33.7124,9,10,14
28-Oct-2025,593.85,Call,690,0.05,108.57,33.7124,-2,43,13
28-Oct-2025,593.85,Put,640,45.9,82.32,33.7124,-7,65,11
28-Oct-2025,593.85,Call,660,0.1,86.29,33.7124,-9,285,10
28-Oct-2025,593.85,Put,650,56.65,116.9,33.7124,-7,142,10
25-Nov-2025,593.85,Put,610,26.1,30.05,33.7124,5,24,10
25-Nov-2025,593.85,Call,660,2.75,28.39,33.7124,4,23,9
25-Nov-2025,593.85,Call,670,2.2,29.63,33.7124,6,19,9
25-Nov-2025,593.85,Put,500,0.75,35.42,33.7124,7,7,8
25-Nov-2025,593.85,Put,650,56,33.01,33.7124,5,37,7
25-Nov-2025,593.85,Put,700,102.5,38.77,33.7124,3,12,6
25-Nov-2025,593.85,Call,700,0.95,31.71,33.7124,-1,71,5
28-Oct-2025,593.85,Call,740,0.1,164.41,33.7124,2,5,4
28-Oct-2025,593.85,Put,740,147.5,261.25,33.7124,0,5,4
25-Nov-2025,593.85,Put,630,42.85,35.86,33.7124,3,16,4
25-Nov-2025,593.85,Put,620,32.3,30.1,33.7124,2,26,4
28-Oct-2025,593.85,Call,680,0.05,99.09,33.7124,-1,171,3
25-Nov-2025,593.85,Put,640,50.9,37.22,33.7124,1,24,3
25-Nov-2025,593.85,Put,760,161.5,50.75,33.7124,0,4,3
28-Oct-2025,593.85,Call,700,0.05,117.82,33.7124,-1,343,2
28-Oct-2025,593.85,Put,660,69,174.23,33.7124,0,42,2
28-Oct-2025,593.85,Put,700,109,238.34,33.7124,0,86,1
25-Nov-2025,593.85,Call,550,51,25.2,33.7124,0,4,1
28-Oct-2025,593.85,Call,730,0.05,144.35,33.7124,0,10,1
30-Dec-2025,593.85,Call,660,6.95,24.42,33.7124,0,5,1
25-Nov-2025,593.85,Put,720,122,42.43,33.7124,0,0,1
25-Nov-2025,593.85,Put,660,69,42.04,33.7124,0,10,1
28-Oct-2025,593.85,Call,530,0,0,33.7124,0,0,0
28-Oct-2025,593.85,Put,530,0,0,33.7124,0,0,0
28-Oct-2025,593.85,Call,480,0,0,33.7124,0,0,0
28-Oct-2025,593.85,Put,480,0,0,33.7124,0,0,0
28-Oct-2025,593.85,Call,550,0,0,33.7124,0,12,0
28-Oct-2025,593.85,Call,570,0,0,33.7124,0,32,0
28-Oct-2025,593.85,Put,690,0,0,33.7124,0,18,0
28-Oct-2025,593.85,Put,670,0,0,33.7124,0,22,0
28-Oct-2025,593.85,Call,540,0,0,33.7124,0,6,0
28-Oct-2025,593.85,Call,560,0,0,33.7124,0,27,0
28-Oct-2025,593.85,Put,720,0,0,33.7124,0,0,0
28-Oct-2025,593.85,Put,760,0,0,33.7124,0,6,0
28-Oct-2025,593.85,Call,500,0,0,33.7124,0,1,0
25-Nov-2025,593.85,Call,480,0,0,33.7124,0,0,0
28-Oct-2025,593.85,Call,710,0,0,33.7124,0,29,0
25-Nov-2025,593.85,Call,520,0,0,33.7124,0,0,0
25-Nov-2025,593.85,Put,480,0,0,33.7124,0,0,0
28-Oct-2025,593.85,Put,500,0,0,33.7124,0,2,0
25-Nov-2025,593.85,Call,720,0,0,33.7124,0,0,0
28-Oct-2025,593.85,Call,520,0,0,33.7124,0,0,0
25-Nov-2025,593.85,Call,560,0,0,33.7124,0,2,0
30-Dec-2025,593.85,Call,600,0,0,33.7124,0,0,0
28-Oct-2025,593.85,Put,520,0,0,33.7124,0,39,0
25-Nov-2025,593.85,Call,530,0,0,33.7124,0,0,0
28-Oct-2025,593.85,Put,680,0,0,33.7124,0,28,0
30-Dec-2025,593.85,Put,640,0,0,33.7124,0,2,0
25-Nov-2025,593.85,Put,690,0,0,33.7124,0,1,0
25-Nov-2025,593.85,Put,520,0,0,33.7124,0,0,0
30-Dec-2025,593.85,Put,620,0,0,33.7124,0,0,0
25-Nov-2025,593.85,Call,680,0,0,33.7124,0,0,0
30-Dec-2025,593.85,Call,720,0,0,33.7124,0,0,0
30-Dec-2025,593.85,Put,560,0,0,33.7124,0,10,0
25-Nov-2025,593.85,Put,680,0,0,33.7124,0,1,0
30-Dec-2025,593.85,Put,580,0,0,33.7124,0,0,0
25-Nov-2025,593.85,Put,530,0,0,33.7124,0,0,0
30-Dec-2025,593.85,Put,600,0,0,33.7124,0,1,0
25-Nov-2025,593.85,Call,500,0,0,33.7124,0,4,0
30-Dec-2025,593.85,Put,540,0,0,33.7124,0,0,0
25-Nov-2025,593.85,Put,670,0,0,33.7124,0,0,0
30-Dec-2025,593.85,Call,640,0,0,33.7124,0,0,0
30-Dec-2025,593.85,Call,580,0,0,33.7124,0,0,0
25-Nov-2025,593.85,Call,570,0,0,33.7124,0,1,0
30-Dec-2025,593.85,Call,620,0,0,33.7124,0,8,0
30-Dec-2025,593.85,Call,680,0,0,33.7124,0,0,0
25-Nov-2025,593.85,Call,690,0,0,33.7124,0,0,0
