25-Nov-2025,3599.1,-,0,3623,0,34.0169,12788,67662,15490
28-Oct-2025,3599.1,-,0,3601,0,34.0169,4613,45125,14253
28-Oct-2025,3599.1,Put,3550,3.45,26.03,34.0169,-167,2293,4581
28-Oct-2025,3599.1,Call,3700,0.45,27.12,34.0169,-456,3418,4521
28-Oct-2025,3599.1,Call,3650,4,26.38,34.0169,71,1831,4189
28-Oct-2025,3599.1,Put,3600,13.8,20.16,34.0169,19,1337,3197
28-Oct-2025,3599.1,Call,3600,14.3,20.04,34.0169,-332,1433,2762
28-Oct-2025,3599.1,Call,3750,0.15,33.77,34.0169,-129,2395,1832
28-Oct-2025,3599.1,Put,3500,0.95,31.29,34.0169,-54,1732,1058
28-Oct-2025,3599.1,Call,3550,52.5,22.8,34.0169,-109,755,1040
28-Oct-2025,3599.1,Put,3650,53.75,25.91,34.0169,-127,525,1018
25-Nov-2025,3599.1,Call,3650,91.6,25.17,34.0169,348,705,879
28-Oct-2025,3599.1,Call,3900,0.05,52.71,34.0169,-525,538,824
28-Oct-2025,3599.1,Put,3400,0.25,46.5,34.0169,-243,893,766
28-Oct-2025,3599.1,Call,3800,0.15,41.59,34.0169,-223,1109,732
25-Nov-2025,3599.1,Call,3600,116,25.15,34.0169,127,736,656
25-Nov-2025,3599.1,Put,3500,52,25.99,34.0169,35,998,582
25-Nov-2025,3599.1,Put,3600,91.8,26,34.0169,105,691,517
28-Oct-2025,3599.1,Put,3300,0.25,66.21,34.0169,-246,741,516
25-Nov-2025,3599.1,Call,3700,72.4,25.27,34.0169,184,760,514
28-Oct-2025,3599.1,Put,3450,0.4,37.9,34.0169,-154,1293,477
25-Nov-2025,3599.1,Call,3800,42,25.56,34.0169,40,660,448
28-Oct-2025,3599.1,Put,3350,0.3,58.2,34.0169,-56,470,373
28-Oct-2025,3599.1,Call,3850,0.1,48.15,34.0169,-169,370,349
25-Nov-2025,3599.1,Put,3550,70.5,25.86,34.0169,219,355,347
25-Nov-2025,3599.1,Put,3650,120.35,26.21,34.0169,37,315,269
25-Nov-2025,3599.1,Call,4000,13,26.99,34.0169,-7,758,255
25-Nov-2025,3599.1,Put,3400,28.1,26.62,34.0169,90,727,247
28-Oct-2025,3599.1,Put,3700,99.1,32.33,34.0169,-12,363,239
25-Nov-2025,3599.1,Put,3200,8.15,29.29,34.0169,-97,426,208
25-Nov-2025,3599.1,Put,3700,147.4,26.44,34.0169,56,262,202
28-Oct-2025,3599.1,Call,4000,0.1,71.86,34.0169,-83,1317,185
28-Oct-2025,3599.1,Put,3200,0.05,79.21,34.0169,-42,408,174
25-Nov-2025,3599.1,Call,3900,23.6,26.08,34.0169,35,395,172
25-Nov-2025,3599.1,Call,3500,173,24.97,34.0169,38,311,167
28-Oct-2025,3599.1,Call,3500,101.6,43.78,34.0169,-88,1451,156
25-Nov-2025,3599.1,Call,3850,30.95,25.82,34.0169,63,171,149
25-Nov-2025,3599.1,Call,3750,54.65,25.49,34.0169,0,82,116
28-Oct-2025,3599.1,Put,3250,0.15,76.58,34.0169,0,237,110
25-Nov-2025,3599.1,Put,3300,14.9,27.87,34.0169,22,426,108
30-Dec-2025,3599.1,-,0,3644.9,0,34.0169,34,1890,90
28-Oct-2025,3599.1,Call,3400,198.5,60.48,34.0169,-81,348,88
28-Oct-2025,3599.1,Put,3000,0.05,111.59,34.0169,-50,407,87
25-Nov-2025,3599.1,Put,3450,39.3,26.21,34.0169,14,118,71
28-Oct-2025,3599.1,Put,3100,0.05,92.82,34.0169,-37,237,70
28-Oct-2025,3599.1,Call,3950,0.05,60.19,34.0169,-22,502,57
25-Nov-2025,3599.1,Call,3550,144.7,25.29,34.0169,25,48,55
25-Nov-2025,3599.1,Call,4100,7.5,27.86,34.0169,2,73,40
28-Oct-2025,3599.1,Call,4200,0.05,95.25,34.0169,-25,264,35
28-Oct-2025,3599.1,Call,2800,813,322.89,34.0169,-30,12,35
28-Oct-2025,3599.1,Put,3050,0.05,102.15,34.0169,0,98,34
28-Oct-2025,3599.1,Call,3200,398.7,141.92,34.0169,-11,44,34
25-Nov-2025,3599.1,Put,3800,219.75,27.02,34.0169,26,170,34
25-Nov-2025,3599.1,Put,2800,1.5,40.58,34.0169,16,34,34
25-Nov-2025,3599.1,Call,2800,831,58.34,34.0169,25,33,31
28-Oct-2025,3599.1,Put,3750,149.4,0,34.0169,-23,131,30
28-Oct-2025,3599.1,Call,4100,0.1,86.75,34.0169,-12,138,26
28-Oct-2025,3599.1,Call,3450,151.5,77.2,34.0169,-20,631,24
25-Nov-2025,3599.1,Call,3400,248,25.35,34.0169,8,78,20
25-Nov-2025,3599.1,Put,3750,172.55,23.84,34.0169,13,48,16
25-Nov-2025,3599.1,Call,3300,334.55,26.35,34.0169,7,49,16
25-Nov-2025,3599.1,Call,3950,17.45,26.54,34.0169,14,14,16
28-Oct-2025,3599.1,Put,3150,0.1,88.88,34.0169,-9,165,15
25-Nov-2025,3599.1,Put,3350,20.45,26.99,34.0169,8,17,14
25-Nov-2025,3599.1,Call,4200,5,29.58,34.0169,0,142,14
28-Oct-2025,3599.1,Put,3800,202.6,0,34.0169,-10,77,12
28-Oct-2025,3599.1,Call,3300,300,96.84,34.0169,-7,156,11
25-Nov-2025,3599.1,Call,3450,210,25.49,34.0169,0,18,10
28-Oct-2025,3599.1,Put,2950,0.1,128.45,34.0169,0,133,10
25-Nov-2025,3599.1,Call,3200,445.65,39.3,34.0169,6,8,8
25-Nov-2025,3599.1,Put,3250,10.85,28.51,34.0169,2,38,7
28-Oct-2025,3599.1,Put,2900,0.1,138.61,34.0169,0,102,6
28-Oct-2025,3599.1,Call,3000,610,238.29,34.0169,0,78,6
28-Oct-2025,3599.1,Call,3350,268.65,138.74,34.0169,-2,209,5
25-Nov-2025,3599.1,Put,3100,4.9,31.81,34.0169,-1,91,4
25-Nov-2025,3599.1,Call,3000,620,25.89,34.0169,3,134,4
25-Nov-2025,3599.1,Put,3000,3,34.27,34.0169,0,29,3
28-Oct-2025,3599.1,Put,2800,0.1,159.35,34.0169,-2,58,3
30-Dec-2025,3599.1,Call,3700,133.15,25.21,34.0169,1,7,3
28-Oct-2025,3599.1,Call,3100,513.55,216.59,34.0169,0,18,2
25-Nov-2025,3599.1,Put,4000,371.45,0,34.0169,1,41,2
28-Oct-2025,3599.1,Call,2950,650,195.07,34.0169,0,5,1
28-Oct-2025,3599.1,Put,4000,378,0,34.0169,0,38,1
25-Nov-2025,3599.1,Put,3900,286.45,21.87,34.0169,0,3,1
30-Dec-2025,3599.1,Put,3500,85.5,25.73,34.0169,0,3,1
30-Dec-2025,3599.1,Call,3600,181.8,25.32,34.0169,0,6,1
28-Oct-2025,3599.1,Call,3050,0,0,34.0169,0,5,0
28-Oct-2025,3599.1,Call,2700,0,0,34.0169,0,11,0
28-Oct-2025,3599.1,Call,3250,0,0,34.0169,0,17,0
28-Oct-2025,3599.1,Put,3950,0,0,34.0169,0,0,0
28-Oct-2025,3599.1,Put,3850,0,0,34.0169,0,6,0
28-Oct-2025,3599.1,Call,3150,0,0,34.0169,0,0,0
28-Oct-2025,3599.1,Put,2700,0,0,34.0169,0,10,0
25-Nov-2025,3599.1,Put,2900,0,0,34.0169,0,0,0
28-Oct-2025,3599.1,Put,3900,0,0,34.0169,0,31,0
28-Oct-2025,3599.1,Put,4100,0,0,34.0169,0,0,0
25-Nov-2025,3599.1,Call,3250,0,0,34.0169,0,0,0
25-Nov-2025,3599.1,Call,3350,0,0,34.0169,0,8,0
28-Oct-2025,3599.1,Call,2900,0,0,34.0169,0,7,0
25-Nov-2025,3599.1,Call,3100,0,0,34.0169,0,9,0
25-Nov-2025,3599.1,Call,2900,0,0,34.0169,0,0,0
30-Dec-2025,3599.1,Call,3900,0,0,34.0169,0,0,0
30-Dec-2025,3599.1,Put,3200,0,0,34.0169,0,0,0
30-Dec-2025,3599.1,Put,3400,0,0,34.0169,0,10,0
30-Dec-2025,3599.1,Put,3600,0,0,34.0169,0,6,0
25-Nov-2025,3599.1,Put,4200,0,0,34.0169,0,0,0
30-Dec-2025,3599.1,Put,3700,0,0,34.0169,0,0,0
30-Dec-2025,3599.1,Put,3000,0,0,34.0169,0,0,0
30-Dec-2025,3599.1,Call,3500,0,0,34.0169,0,3,0
30-Dec-2025,3599.1,Put,3800,0,0,34.0169,0,0,0
30-Dec-2025,3599.1,Call,4200,0,0,34.0169,0,0,0
30-Dec-2025,3599.1,Call,3800,0,0,34.0169,0,0,0
25-Nov-2025,3599.1,Put,3950,0,0,34.0169,0,0,0
25-Nov-2025,3599.1,Put,4100,0,0,34.0169,0,0,0
25-Nov-2025,3599.1,Put,3150,0,0,34.0169,0,122,0
25-Nov-2025,3599.1,Call,3150,0,0,34.0169,0,0,0
30-Dec-2025,3599.1,Call,4000,0,0,34.0169,0,0,0
30-Dec-2025,3599.1,Call,3300,0,0,34.0169,0,8,0
25-Nov-2025,3599.1,Put,3850,0,0,34.0169,0,0,0
30-Dec-2025,3599.1,Put,2800,0,0,34.0169,0,18,0
