25-Nov-2025,253.16,-,0,253.89,0,31.9592,12021,34213,16536
28-Oct-2025,253.16,-,0,252.86,0,31.9592,204,28667,15674
28-Oct-2025,253.16,Put,250,0.05,15.65,31.9592,-788,4092,7659
28-Oct-2025,253.16,Call,255,0.85,28.53,31.9592,-109,2743,6526
28-Oct-2025,253.16,Call,260,0.2,36.98,31.9592,-194,1119,3902
28-Oct-2025,253.16,Call,250,2.85,0,31.9592,-94,8277,3464
28-Oct-2025,253.16,Call,252.5,1.5,20.42,31.9592,374,1308,2679
28-Oct-2025,253.16,Call,257.5,0.45,34.6,31.9592,-148,424,2178
28-Oct-2025,253.16,Put,252.5,1.25,28.4,31.9592,-179,755,1957
25-Nov-2025,253.16,Call,260,4.4,22.63,31.9592,77,1330,1333
28-Oct-2025,253.16,Put,255,2.95,36.91,31.9592,-241,441,1228
25-Nov-2025,253.16,Call,255,6.45,22.3,31.9592,265,660,1060
25-Nov-2025,253.16,Call,250,9.15,21.92,31.9592,45,670,682
25-Nov-2025,253.16,Call,270,1.95,23.77,31.9592,142,931,631
25-Nov-2025,253.16,Put,250,5,25.71,31.9592,63,568,589
28-Oct-2025,253.16,Call,265,0.1,43.31,31.9592,-74,560,551
25-Nov-2025,253.16,Put,255,7.35,26.02,31.9592,75,518,441
28-Oct-2025,253.16,Call,270,0.05,57.97,31.9592,15,720,402
25-Nov-2025,253.16,Call,280,0.8,24.82,31.9592,-70,257,368
28-Oct-2025,253.16,Call,245,7.8,0,31.9592,-140,1188,349
25-Nov-2025,253.16,Call,252.5,7.65,22.12,31.9592,61,134,317
25-Nov-2025,253.16,Call,265,2.9,22.96,31.9592,17,204,284
28-Oct-2025,253.16,Call,262.5,0.1,40.32,31.9592,-50,299,269
28-Oct-2025,253.16,Put,257.5,5.15,46.4,31.9592,-33,169,265
25-Nov-2025,253.16,Put,245,3.2,25.64,31.9592,47,371,259
25-Nov-2025,253.16,Put,252.5,6.1,25.66,31.9592,42,146,255
25-Nov-2025,253.16,Put,260,10.2,26.77,31.9592,4,192,232
25-Nov-2025,253.16,Put,240,2,25.9,31.9592,10,294,214
28-Oct-2025,253.16,Put,260,7.45,54.61,31.9592,-58,119,207
25-Nov-2025,253.16,Put,270,17.75,28.92,31.9592,135,584,202
25-Nov-2025,253.16,Call,257.5,5.4,22.64,31.9592,42,129,173
25-Nov-2025,253.16,Put,230,0.8,27.72,31.9592,34,279,156
30-Dec-2025,253.16,-,0,255.6,0,31.9592,89,354,148
25-Nov-2025,253.16,Call,262.5,3.6,22.84,31.9592,26,155,148
28-Oct-2025,253.16,Put,270,17.45,97.3,31.9592,-55,205,145
25-Nov-2025,253.16,Put,257.5,8.65,26.09,31.9592,17,111,135
25-Nov-2025,253.16,Call,285,0.5,25.3,31.9592,18,342,131
25-Nov-2025,253.16,Call,272.5,1.55,23.93,31.9592,42,80,130
28-Oct-2025,253.16,Put,247.5,0.05,24.82,31.9592,-30,1504,122
25-Nov-2025,253.16,Call,275,1.2,23.94,31.9592,7,141,120
25-Nov-2025,253.16,Put,280,26.35,31.23,31.9592,64,230,108
28-Oct-2025,253.16,Call,247.5,5.3,0,31.9592,-7,3908,107
28-Oct-2025,253.16,Put,230,0.05,83.29,31.9592,-8,570,91
25-Nov-2025,253.16,Put,247.5,4,25.63,31.9592,23,119,88
25-Nov-2025,253.16,Put,235,1.25,26.61,31.9592,16,226,81
25-Nov-2025,253.16,Call,245,12.25,20.94,31.9592,3,135,80
28-Oct-2025,253.16,Put,240,0.05,50.43,31.9592,-18,1045,75
25-Nov-2025,253.16,Call,247.5,10.55,21.26,31.9592,17,49,73
28-Oct-2025,253.16,Call,267.5,0.05,50.75,31.9592,-31,58,71
28-Oct-2025,253.16,Put,280,26.9,102.14,31.9592,-20,139,70
25-Nov-2025,253.16,Put,242.5,2.55,25.79,31.9592,19,83,67
25-Nov-2025,253.16,Call,267.5,2.4,23.01,31.9592,11,40,56
25-Nov-2025,253.16,Put,225,0.5,28.78,31.9592,18,113,52
25-Nov-2025,253.16,Put,265,13.75,27.48,31.9592,16,77,44
28-Oct-2025,253.16,Put,242.5,0.05,42.07,31.9592,-10,247,42
28-Oct-2025,253.16,Call,280,0.05,85.17,31.9592,7,376,39
25-Nov-2025,253.16,Call,277.5,1.05,24.87,0,0,31,38
25-Nov-2025,253.16,Call,240,16.3,21.52,31.9592,3,103,38
28-Oct-2025,253.16,Put,235,0.05,66.93,31.9592,-9,441,37
28-Oct-2025,253.16,Call,240,12.75,0,31.9592,-29,305,36
28-Oct-2025,253.16,Put,245,0.05,33.57,31.9592,-31,1884,33
28-Oct-2025,253.16,Put,232.5,0.05,75.12,31.9592,-5,348,32
28-Oct-2025,253.16,Put,262.5,9.15,0,31.9592,-14,39,30
25-Nov-2025,253.16,Put,232.5,1.05,27.53,31.9592,19,26,29
25-Nov-2025,253.16,Put,220,0.35,30.57,31.9592,13,111,28
30-Dec-2025,253.16,Call,270,4.45,21.43,31.9592,21,36,27
25-Nov-2025,253.16,Put,227.5,0.6,27.89,31.9592,18,18,26
25-Nov-2025,253.16,Put,262.5,11.75,26.3,31.9592,9,38,25
28-Oct-2025,253.16,Put,265,11.45,0,31.9592,-9,61,24
28-Oct-2025,253.16,Put,225,0.05,99.66,31.9592,-1,370,23
25-Nov-2025,253.16,Put,237.5,1.5,25.74,31.9592,11,25,20
25-Nov-2025,253.16,Call,235,20.45,19.61,31.9592,1,36,19
25-Nov-2025,253.16,Put,215,0.25,32.43,31.9592,16,16,16
30-Dec-2025,253.16,Put,245,5,24.3,31.9592,15,17,16
25-Nov-2025,253.16,Put,267.5,15.7,28.14,31.9592,11,11,15
25-Nov-2025,253.16,Put,200,0.2,42.27,31.9592,14,17,15
25-Nov-2025,253.16,Call,230,24.85,0,31.9592,4,110,15
28-Oct-2025,253.16,Put,227.5,0.05,91.47,31.9592,0,56,10
28-Oct-2025,253.16,Call,235,17.9,0,31.9592,-4,235,9
28-Oct-2025,253.16,Call,230,24,138.43,31.9592,-6,155,7
28-Oct-2025,253.16,Call,242.5,10.9,50.94,31.9592,-2,400,5
30-Dec-2025,253.16,Put,230,1.5,23.75,31.9592,1,16,3
30-Dec-2025,253.16,Call,250,13,20.93,31.9592,0,1,2
28-Oct-2025,253.16,Call,220,33,0,31.9592,0,36,1
28-Oct-2025,253.16,Call,232.5,21.25,114.19,31.9592,0,52,1
28-Oct-2025,253.16,Put,237.5,0.05,58.71,31.9592,0,230,1
25-Nov-2025,253.16,Put,290,34.8,25.38,0,0,0,1
25-Nov-2025,253.16,Put,272.5,20.1,30.78,31.9592,0,6,1
25-Nov-2025,253.16,Call,220,35.8,37.17,31.9592,0,0,1
25-Nov-2025,253.16,Call,215,40.9,43.1,31.9592,0,1,1
30-Dec-2025,253.16,Call,240,21,24.54,31.9592,0,2,1
30-Dec-2025,253.16,Call,260,7.25,19.65,31.9592,0,8,1
28-Oct-2025,253.16,Call,272.5,0,0,31.9592,0,0,0
28-Oct-2025,253.16,Put,277.5,0,0,0,0,0,0
28-Oct-2025,253.16,Put,272.5,0,0,31.9592,0,0,0
28-Oct-2025,253.16,Put,210,0,0,31.9592,0,43,0
28-Oct-2025,253.16,Call,225,0,0,31.9592,0,84,0
28-Oct-2025,253.16,Call,227.5,0,0,31.9592,0,40,0
28-Oct-2025,253.16,Put,222.5,0,0,31.9592,0,74,0
28-Oct-2025,253.16,Call,237.5,0,0,31.9592,0,68,0
28-Oct-2025,253.16,Call,210,0,0,31.9592,0,0,0
28-Oct-2025,253.16,Call,290,0,0,0,0,0,0
28-Oct-2025,253.16,Call,277.5,0,0,0,0,0,0
28-Oct-2025,253.16,Put,290,0,0,0,0,0,0
28-Oct-2025,253.16,Put,215,0,0,31.9592,0,12,0
28-Oct-2025,253.16,Call,285,0,0,31.9592,0,4,0
28-Oct-2025,253.16,Put,205,0,0,31.9592,0,31,0
28-Oct-2025,253.16,Put,285,0,0,31.9592,0,0,0
28-Oct-2025,253.16,Put,200,0,0,31.9592,0,40,0
28-Oct-2025,253.16,Call,275,0,0,31.9592,0,125,0
28-Oct-2025,253.16,Call,222.5,0,0,31.9592,0,23,0
28-Oct-2025,253.16,Call,205,0,0,31.9592,0,0,0
28-Oct-2025,253.16,Put,267.5,0,0,31.9592,0,23,0
28-Oct-2025,253.16,Call,215,0,0,31.9592,0,1,0
28-Oct-2025,253.16,Put,275,0,0,31.9592,0,0,0
28-Oct-2025,253.16,Put,220,0,0,31.9592,0,662,0
25-Nov-2025,253.16,Put,285,0,0,31.9592,0,0,0
25-Nov-2025,253.16,Call,210,0,0,31.9592,0,0,0
25-Nov-2025,253.16,Call,232.5,0,0,31.9592,0,0,0
25-Nov-2025,253.16,Put,222.5,0,0,31.9592,0,0,0
25-Nov-2025,253.16,Call,237.5,0,0,31.9592,0,0,0
25-Nov-2025,253.16,Call,242.5,0,0,31.9592,0,0,0
25-Nov-2025,253.16,Call,290,0,0,0,0,0,0
25-Nov-2025,253.16,Put,210,0,0,31.9592,0,0,0
25-Nov-2025,253.16,Call,225,0,0,31.9592,0,0,0
25-Nov-2025,253.16,Put,205,0,0,31.9592,0,0,0
25-Nov-2025,253.16,Call,205,0,0,31.9592,0,0,0
25-Nov-2025,253.16,Call,222.5,0,0,31.9592,0,0,0
30-Dec-2025,253.16,Call,275,0,0,31.9592,0,0,0
30-Dec-2025,253.16,Put,225,0,0,31.9592,0,0,0
25-Nov-2025,253.16,Call,227.5,0,0,31.9592,0,0,0
25-Nov-2025,253.16,Put,277.5,0,0,0,0,0,0
30-Dec-2025,253.16,Put,220,0,0,31.9592,0,0,0
30-Dec-2025,253.16,Put,255,0,0,31.9592,0,0,0
25-Nov-2025,253.16,Put,275,0,0,31.9592,0,0,0
30-Dec-2025,253.16,Put,235,0,0,31.9592,0,17,0
30-Dec-2025,253.16,Call,255,0,0,31.9592,0,0,0
30-Dec-2025,253.16,Put,240,0,0,31.9592,0,7,0
30-Dec-2025,253.16,Put,250,0,0,31.9592,0,10,0
30-Dec-2025,253.16,Call,265,0,0,31.9592,0,0,0
30-Dec-2025,253.16,Put,265,0,0,31.9592,0,0,0
30-Dec-2025,253.16,Call,280,0,0,31.9592,0,3,0
30-Dec-2025,253.16,Put,260,0,0,31.9592,0,0,0
