28-Oct-2025,129.98,-,0,130.39,0,44.9608,-265,17991,1214
25-Nov-2025,129.98,-,0,130.9,0,44.9608,51,26421,1016
28-Oct-2025,129.98,Call,132.5,0.1,32.45,44.9608,-326,440,416
28-Oct-2025,129.98,Call,135,0.1,48.13,44.9608,-288,1315,355
28-Oct-2025,129.98,Call,140,0.05,72.51,44.9608,-227,1679,237
28-Oct-2025,129.98,Call,130,0.85,30.84,44.9608,-134,516,141
28-Oct-2025,129.98,Put,130,0.95,35.47,44.9608,-113,534,119
28-Oct-2025,129.98,Put,129,0.35,27.9,44.9608,-32,157,43
28-Oct-2025,129.98,Call,137.5,0.1,65.62,44.9608,-41,249,42
28-Oct-2025,129.98,Put,125,0.05,43.64,44.9608,-37,713,38
28-Oct-2025,129.98,Call,132,0.5,38.62,44.9608,-33,270,36
28-Oct-2025,129.98,Call,145,0.05,100.37,44.9608,-32,665,34
28-Oct-2025,129.98,Put,120,0.05,78.66,44.9608,-31,538,32
28-Oct-2025,129.98,Call,128,1.5,0,44.9608,0,164,30
28-Oct-2025,129.98,Put,128,0.2,31.86,44.9608,-20,435,28
28-Oct-2025,129.98,Call,134,0.2,48.98,44.9608,-24,179,25
28-Oct-2025,129.98,Put,126,0.05,36.37,44.9608,-14,99,25
28-Oct-2025,129.98,Call,150,0.05,126.21,44.9608,-17,491,18
28-Oct-2025,129.98,Call,131,0.4,29.13,44.9608,-16,153,17
28-Oct-2025,129.98,Put,135,4.8,0,44.9608,-15,388,16
28-Oct-2025,129.98,Call,142.5,0.05,86.74,44.9608,-15,181,16
28-Oct-2025,129.98,Call,136,0.05,48.15,44.9608,-12,289,13
28-Oct-2025,129.98,Call,133,0.3,46.25,44.9608,-9,252,10
28-Oct-2025,129.98,Put,127.5,0.2,39.83,44.9608,-9,144,10
28-Oct-2025,129.98,Put,132,2.5,46.72,44.9608,0,169,9
25-Nov-2025,129.98,Call,130,4.1,24.51,44.9608,-7,930,9
28-Oct-2025,129.98,Call,138,0.1,68.96,44.9608,-3,172,8
28-Oct-2025,129.98,Call,144,0.1,106.4,44.9608,-2,70,8
28-Oct-2025,129.98,Put,155,25.5,270.37,44.9608,0,17,6
28-Oct-2025,129.98,Put,140,10.05,78.32,44.9608,-4,141,5
25-Nov-2025,129.98,Call,135,3.6,36.01,44.9608,-3,547,5
25-Nov-2025,129.98,Call,140,1.3,29.04,44.9608,-4,642,5
28-Oct-2025,129.98,Call,129,1.85,22.33,44.9608,0,96,4
25-Nov-2025,129.98,Put,130,3.65,28.44,44.9608,-1,613,4
28-Oct-2025,129.98,Call,125,5.5,78.78,44.9608,-2,116,3
28-Oct-2025,129.98,Put,132.5,3.5,74,44.9608,-1,101,3
28-Oct-2025,129.98,Call,155,0.05,150.47,44.9608,-2,309,3
28-Oct-2025,129.98,Put,127,0.1,34.08,44.9608,-2,88,3
28-Oct-2025,129.98,Call,142,0.05,83.94,44.9608,-2,87,3
28-Oct-2025,129.98,Call,126,3.75,0,44.9608,0,16,2
28-Oct-2025,129.98,Put,131,1.5,34.25,44.9608,-1,272,2
30-Dec-2025,129.98,-,0,131.33,0,44.9608,0,563,1
28-Oct-2025,129.98,Call,147,0.05,110.92,44.9608,0,75,1
28-Oct-2025,129.98,Call,152.5,0.05,138.52,44.9608,0,35,1
28-Oct-2025,129.98,Put,145,15,93.23,44.9608,0,96,1
28-Oct-2025,129.98,Put,123,0.15,72.21,44.9608,0,62,1
28-Oct-2025,129.98,Put,134,4.85,85.2,44.9608,0,87,1
28-Oct-2025,129.98,Call,152,0.2,170.05,44.9608,0,39,1
28-Oct-2025,129.98,Put,115,0.05,113.03,44.9608,0,87,1
28-Oct-2025,129.98,Call,127.5,2.05,0,44.9608,0,86,1
28-Oct-2025,129.98,Call,154,0.05,145.73,44.9608,0,40,1
28-Oct-2025,129.98,Call,147.5,0.1,126.47,44.9608,0,90,1
28-Oct-2025,129.98,Call,120,9.8,0,44.9608,0,46,1
28-Oct-2025,129.98,Call,118,0,0,44.9608,0,4,0
28-Oct-2025,129.98,Call,122,0,0,44.9608,0,2,0
28-Oct-2025,129.98,Call,123,0,0,44.9608,0,22,0
28-Oct-2025,129.98,Call,124,0,0,44.9608,0,23,0
28-Oct-2025,129.98,Call,127,0,0,44.9608,0,25,0
28-Oct-2025,129.98,Put,137,0,0,44.9608,0,58,0
28-Oct-2025,129.98,Put,138,0,0,44.9608,0,21,0
28-Oct-2025,129.98,Put,139,0,0,44.9608,0,24,0
28-Oct-2025,129.98,Put,141,0,0,44.9608,0,19,0
28-Oct-2025,129.98,Put,147,0,0,44.9608,0,0,0
28-Oct-2025,129.98,Put,142,0,0,44.9608,0,24,0
28-Oct-2025,129.98,Put,143,0,0,44.9608,0,22,0
28-Oct-2025,129.98,Put,144,0,0,44.9608,0,27,0
28-Oct-2025,129.98,Put,146,0,0,44.9608,0,23,0
28-Oct-2025,129.98,Put,148,0,0,44.9608,0,0,0
28-Oct-2025,129.98,Put,152,0,0,44.9608,0,0,0
28-Oct-2025,129.98,Put,154,0,0,44.9608,0,0,0
28-Oct-2025,129.98,Put,150,0,0,44.9608,0,101,0
28-Oct-2025,129.98,Call,110,0,0,44.9608,0,2,0
28-Oct-2025,129.98,Call,108,0,0,44.9608,0,0,0
28-Oct-2025,129.98,Put,108,0,0,44.9608,0,0,0
28-Oct-2025,129.98,Put,117,0,0,44.9608,0,0,0
28-Oct-2025,129.98,Call,119,0,0,44.9608,0,0,0
28-Oct-2025,129.98,Put,119,0,0,44.9608,0,0,0
28-Oct-2025,129.98,Put,152.5,0,0,44.9608,0,17,0
28-Oct-2025,129.98,Put,100,0,0,44.9608,0,16,0
28-Oct-2025,129.98,Put,110,0,0,44.9608,0,85,0
28-Oct-2025,129.98,Put,137.5,0,0,44.9608,0,93,0
28-Oct-2025,129.98,Put,142.5,0,0,44.9608,0,40,0
28-Oct-2025,129.98,Put,147.5,0,0,44.9608,0,21,0
28-Oct-2025,129.98,Put,116,0,0,44.9608,0,3,0
28-Oct-2025,129.98,Put,118,0,0,44.9608,0,6,0
28-Oct-2025,129.98,Put,122,0,0,44.9608,0,92,0
28-Oct-2025,129.98,Put,124,0,0,44.9608,0,74,0
28-Oct-2025,129.98,Put,133,0,0,44.9608,0,122,0
28-Oct-2025,129.98,Put,136,0,0,44.9608,0,68,0
28-Oct-2025,129.98,Call,139,0,0,44.9608,0,131,0
28-Oct-2025,129.98,Call,146,0,0,44.9608,0,93,0
28-Oct-2025,129.98,Put,112,0,0,44.9608,0,0,0
28-Oct-2025,129.98,Put,156,0,0,44.9608,0,0,0
28-Oct-2025,129.98,Call,116,0,0,44.9608,0,4,0
25-Nov-2025,129.98,Put,145,0,0,44.9608,0,64,0
25-Nov-2025,129.98,Put,120,0,0,44.9608,0,522,0
25-Nov-2025,129.98,Call,145,0,0,44.9608,0,173,0
25-Nov-2025,129.98,Call,108,0,0,44.9608,0,0,0
25-Nov-2025,129.98,Put,150,0,0,44.9608,0,9,0
25-Nov-2025,129.98,Call,156,0,0,44.9608,0,25,0
25-Nov-2025,129.98,Put,135,0,0,44.9608,0,352,0
25-Nov-2025,129.98,Call,141,0,0,44.9608,0,3,0
25-Nov-2025,129.98,Put,140,0,0,44.9608,0,180,0
25-Nov-2025,129.98,Put,154,0,0,44.9608,0,0,0
25-Nov-2025,129.98,Put,117,0,0,44.9608,0,17,0
25-Nov-2025,129.98,Call,116,0,0,44.9608,0,0,0
25-Nov-2025,129.98,Put,148,0,0,44.9608,0,0,0
28-Oct-2025,129.98,Call,148,0,0,44.9608,0,78,0
25-Nov-2025,129.98,Call,127,0,0,44.9608,0,3,0
25-Nov-2025,129.98,Put,152,0,0,44.9608,0,0,0
25-Nov-2025,129.98,Call,138,0,0,44.9608,0,18,0
28-Oct-2025,129.98,Call,112,0,0,44.9608,0,0,0
25-Nov-2025,129.98,Call,119,0,0,44.9608,0,0,0
28-Oct-2025,129.98,Call,141,0,0,44.9608,0,50,0
25-Nov-2025,129.98,Call,124,0,0,44.9608,0,0,0
28-Oct-2025,129.98,Call,122.5,0,0,44.9608,0,40,0
25-Nov-2025,129.98,Put,132,0,0,44.9608,0,56,0
25-Nov-2025,129.98,Call,125,0,0,44.9608,0,62,0
28-Oct-2025,129.98,Put,121,0,0,44.9608,0,26,0
25-Nov-2025,129.98,Put,138,0,0,44.9608,0,0,0
25-Nov-2025,129.98,Call,110,0,0,44.9608,0,4,0
30-Dec-2025,129.98,Put,130,0,0,44.9608,0,3,0
25-Nov-2025,129.98,Call,120,0,0,44.9608,0,412,0
25-Nov-2025,129.98,Call,121,0,0,44.9608,0,0,0
25-Nov-2025,129.98,Call,123,0,0,44.9608,0,1,0
25-Nov-2025,129.98,Call,129,0,0,44.9608,0,6,0
25-Nov-2025,129.98,Call,118,0,0,44.9608,0,0,0
25-Nov-2025,129.98,Put,118,0,0,44.9608,0,64,0
25-Nov-2025,129.98,Call,154,0,0,44.9608,0,6,0
28-Oct-2025,129.98,Call,114,0,0,44.9608,0,10,0
25-Nov-2025,129.98,Call,137,0,0,44.9608,0,7,0
25-Nov-2025,129.98,Call,144,0,0,44.9608,0,3,0
25-Nov-2025,129.98,Put,141,0,0,44.9608,0,0,0
28-Oct-2025,129.98,Put,114,0,0,44.9608,0,0,0
25-Nov-2025,129.98,Put,144,0,0,44.9608,0,0,0
25-Nov-2025,129.98,Call,114,0,0,44.9608,0,0,0
25-Nov-2025,129.98,Put,136,0,0,44.9608,0,0,0
25-Nov-2025,129.98,Put,147,0,0,44.9608,0,0,0
25-Nov-2025,129.98,Call,147,0,0,44.9608,0,0,0
28-Oct-2025,129.98,Put,122.5,0,0,44.9608,0,198,0
28-Oct-2025,129.98,Call,117,0,0,44.9608,0,1,0
25-Nov-2025,129.98,Put,146,0,0,44.9608,0,0,0
25-Nov-2025,129.98,Put,156,0,0,44.9608,0,3,0
25-Nov-2025,129.98,Call,112,0,0,44.9608,0,0,0
25-Nov-2025,129.98,Put,110,0,0,44.9608,0,50,0
30-Dec-2025,129.98,Put,120,0,0,44.9608,0,5,0
25-Nov-2025,129.98,Put,139,0,0,44.9608,0,1,0
25-Nov-2025,129.98,Call,122,0,0,44.9608,0,0,0
25-Nov-2025,129.98,Call,146,0,0,44.9608,0,5,0
25-Nov-2025,129.98,Put,137,0,0,44.9608,0,1,0
25-Nov-2025,129.98,Put,125,0,0,44.9608,0,280,0
25-Nov-2025,129.98,Put,129,0,0,44.9608,0,23,0
28-Oct-2025,129.98,Call,137,0,0,44.9608,0,255,0
25-Nov-2025,129.98,Call,148,0,0,44.9608,0,0,0
25-Nov-2025,129.98,Put,133,0,0,44.9608,0,0,0
28-Oct-2025,129.98,Call,156,0,0,44.9608,0,0,0
30-Dec-2025,129.98,Call,152,0,0,44.9608,0,18,0
28-Oct-2025,129.98,Call,121,0,0,44.9608,0,11,0
25-Nov-2025,129.98,Call,133,0,0,44.9608,0,27,0
25-Nov-2025,129.98,Call,132,0,0,44.9608,0,223,0
25-Nov-2025,129.98,Put,142,0,0,44.9608,0,0,0
25-Nov-2025,129.98,Put,126,0,0,44.9608,0,9,0
25-Nov-2025,129.98,Call,136,0,0,44.9608,0,8,0
25-Nov-2025,129.98,Put,127,0,0,44.9608,0,22,0
25-Nov-2025,129.98,Call,143,0,0,44.9608,0,0,0
25-Nov-2025,129.98,Call,150,0,0,44.9608,0,326,0
25-Nov-2025,129.98,Call,128,0,0,44.9608,0,0,0
28-Oct-2025,129.98,Call,143,0,0,44.9608,0,150,0
25-Nov-2025,129.98,Put,143,0,0,44.9608,0,0,0
25-Nov-2025,129.98,Call,117,0,0,44.9608,0,0,0
25-Nov-2025,129.98,Put,128,0,0,44.9608,0,42,0
25-Nov-2025,129.98,Put,122,0,0,44.9608,0,28,0
25-Nov-2025,129.98,Call,142,0,0,44.9608,0,1,0
25-Nov-2025,129.98,Call,152,0,0,44.9608,0,18,0
25-Nov-2025,129.98,Put,134,0,0,44.9608,0,1,0
25-Nov-2025,129.98,Call,139,0,0,44.9608,0,9,0
25-Nov-2025,129.98,Call,126,0,0,44.9608,0,0,0
25-Nov-2025,129.98,Put,131,0,0,44.9608,0,47,0
25-Nov-2025,129.98,Call,131,0,0,44.9608,0,58,0
30-Dec-2025,129.98,Call,130,0,0,44.9608,0,6,0
25-Nov-2025,129.98,Call,134,0,0,44.9608,0,8,0
30-Dec-2025,129.98,Call,146,0,0,44.9608,0,6,0
