25-Nov-2025,1468,-,0,1476.5,0,29.6957,853,17258,1703
28-Oct-2025,1468,-,0,1469.7,0,29.6957,-354,12813,1513
28-Oct-2025,1468,Call,1480,3.95,27.53,29.6957,-103,922,1071
28-Oct-2025,1468,Put,1440,1.55,32.47,29.6957,96,656,507
28-Oct-2025,1468,Call,1500,1.15,31.51,29.6957,-141,1132,505
28-Oct-2025,1468,Call,1460,13.4,26.35,29.6957,-30,364,369
25-Nov-2025,1468,Call,1500,27.5,22.2,29.6957,27,770,301
28-Oct-2025,1468,Put,1460,4.5,27.04,29.6957,22,433,259
25-Nov-2025,1468,Call,1480,36.15,22.24,29.6957,21,311,216
25-Nov-2025,1468,Call,1460,46.8,22.56,29.6957,3,251,192
28-Oct-2025,1468,Put,1420,0.8,40.89,29.6957,-49,462,144
25-Nov-2025,1468,Put,1480,38.55,21.76,29.6957,48,289,139
28-Oct-2025,1468,Call,1520,0.45,38.5,29.6957,-4,489,128
25-Nov-2025,1468,Put,1440,21.7,22.96,29.6957,20,227,104
25-Nov-2025,1468,Put,1460,28.6,21.94,29.6957,35,256,101
25-Nov-2025,1468,Call,1560,10.75,23.49,29.6957,9,210,87
28-Oct-2025,1468,Call,1440,29.45,34.2,29.6957,-5,326,75
28-Oct-2025,1468,Put,1400,0.65,51.15,29.6957,-25,924,74
28-Oct-2025,1468,Call,1560,0.25,55.14,29.6957,-31,273,74
25-Nov-2025,1468,Call,1520,20.4,22.87,29.6957,22,138,74
28-Oct-2025,1468,Put,1380,0.45,59.95,29.6957,-2,283,66
25-Nov-2025,1468,Call,1440,59.1,23.03,29.6957,11,99,62
25-Nov-2025,1468,Call,1540,14.9,23.58,29.6957,26,117,55
25-Nov-2025,1468,Put,1420,15.6,22.96,29.6957,0,116,48
25-Nov-2025,1468,Call,1600,5.5,23.43,29.6957,6,621,47
28-Oct-2025,1468,Put,1480,17.65,28.55,29.6957,3,227,45
28-Oct-2025,1468,Call,1540,0.4,48.69,29.6957,-14,456,43
28-Oct-2025,1468,Call,1600,0.1,66.12,29.6957,-36,691,42
30-Dec-2025,1468,-,0,1487,0,29.6957,10,245,32
28-Oct-2025,1468,Put,1500,30.35,0,29.6957,-8,154,26
28-Oct-2025,1468,Put,1360,0.3,67.66,29.6957,1,348,24
28-Oct-2025,1468,Put,1340,0.35,80.76,29.6957,-12,320,23
25-Nov-2025,1468,Put,1400,10.4,22.93,29.6957,-2,247,23
25-Nov-2025,1468,Call,1580,7.6,23.8,29.6957,1,101,22
25-Nov-2025,1468,Put,1520,63,22.98,29.6957,5,54,14
25-Nov-2025,1468,Call,1400,86.3,20.46,29.6957,4,78,14
28-Oct-2025,1468,Call,1580,0.1,60.53,29.6957,-2,280,13
25-Nov-2025,1468,Call,1420,74.45,24.38,29.6957,-1,37,13
25-Nov-2025,1468,Put,1500,48,21.59,29.6957,0,343,13
25-Nov-2025,1468,Put,1300,1.85,26.61,29.6957,-7,80,12
28-Oct-2025,1468,Put,1760,290.1,0,29.6957,0,22,11
28-Oct-2025,1468,Call,1420,49.55,0,29.6957,-1,285,8
25-Nov-2025,1468,Put,1380,7.45,23.88,29.6957,2,44,8
28-Oct-2025,1468,Put,1520,52.5,0,29.6957,-4,44,7
28-Oct-2025,1468,Put,1320,0.3,90.35,29.6957,-5,128,6
25-Nov-2025,1468,Put,1360,5.3,24.33,29.6957,0,194,6
28-Oct-2025,1468,Call,1620,0.05,69.18,29.6957,-3,330,5
28-Oct-2025,1468,Call,1400,70,77.19,29.6957,0,228,5
28-Oct-2025,1468,Put,1300,0.15,93.31,29.6957,0,284,5
25-Nov-2025,1468,Put,1540,75.2,21.52,29.6957,4,25,5
28-Oct-2025,1468,Call,1760,0.05,119.26,29.6957,0,29,3
28-Oct-2025,1468,Put,1540,69.3,0,29.6957,0,49,2
28-Oct-2025,1468,Call,1640,0.05,76.78,29.6957,0,195,1
28-Oct-2025,1468,Put,1600,135,98.02,29.6957,0,218,1
28-Oct-2025,1468,Put,1640,175,119.89,29.6957,0,2,1
28-Oct-2025,1468,Put,1580,115,86.55,29.6957,0,8,1
25-Nov-2025,1468,Put,1600,125,20.88,29.6957,0,157,1
25-Nov-2025,1468,Call,1640,2.7,0,29.6957,0,106,1
28-Oct-2025,1468,Call,1200,0,0,29.6957,0,2,0
28-Oct-2025,1468,Call,1680,0,0,29.6957,0,118,0
28-Oct-2025,1468,Call,1240,0,0,29.6957,0,2,0
28-Oct-2025,1468,Call,1280,0,0,29.6957,0,2,0
28-Oct-2025,1468,Call,1320,0,0,29.6957,0,59,0
28-Oct-2025,1468,Call,1360,0,0,29.6957,0,88,0
28-Oct-2025,1468,Put,1680,0,0,29.6957,0,12,0
28-Oct-2025,1468,Call,1720,0,0,29.6957,0,16,0
28-Oct-2025,1468,Put,1720,0,0,29.6957,0,8,0
28-Oct-2025,1468,Call,1660,0,0,29.6957,0,537,0
28-Oct-2025,1468,Put,1660,0,0,29.6957,0,7,0
28-Oct-2025,1468,Call,1700,0,0,29.6957,0,385,0
28-Oct-2025,1468,Put,1700,0,0,29.6957,0,4,0
28-Oct-2025,1468,Put,1280,0,0,29.6957,0,126,0
28-Oct-2025,1468,Put,1260,0,0,29.6957,0,36,0
28-Oct-2025,1468,Call,1260,0,0,29.6957,0,4,0
28-Oct-2025,1468,Call,1300,0,0,29.6957,0,48,0
28-Oct-2025,1468,Put,1560,0,0,29.6957,0,77,0
28-Oct-2025,1468,Call,1340,0,0,29.6957,0,57,0
28-Oct-2025,1468,Call,1380,0,0,29.6957,0,78,0
25-Nov-2025,1468,Call,1320,0,0,29.6957,0,0,0
28-Oct-2025,1468,Put,1240,0,0,29.6957,0,424,0
25-Nov-2025,1468,Put,1680,0,0,29.6957,0,25,0
28-Oct-2025,1468,Put,1200,0,0,29.6957,0,601,0
28-Oct-2025,1468,Put,1620,0,0,29.6957,0,15,0
25-Nov-2025,1468,Put,1200,0,0,29.6957,0,0,0
25-Nov-2025,1468,Call,1280,0,0,29.6957,0,0,0
28-Oct-2025,1468,Call,1160,0,0,29.6957,0,0,0
25-Nov-2025,1468,Put,1580,0,0,29.6957,0,18,0
28-Oct-2025,1468,Put,1160,0,0,29.6957,0,30,0
25-Nov-2025,1468,Put,1260,0,0,29.6957,0,0,0
25-Nov-2025,1468,Put,1560,0,0,29.6957,0,61,0
25-Nov-2025,1468,Put,1640,0,0,29.6957,0,0,0
25-Nov-2025,1468,Call,1240,0,0,29.6957,0,0,0
30-Dec-2025,1468,Put,1360,0,0,29.6957,0,24,0
25-Nov-2025,1468,Call,1720,0,0,29.6957,0,0,0
25-Nov-2025,1468,Put,1340,0,0,29.6957,0,90,0
25-Nov-2025,1468,Put,1620,0,0,29.6957,0,6,0
25-Nov-2025,1468,Call,1680,0,0,29.6957,0,24,0
25-Nov-2025,1468,Call,1160,0,0,29.6957,0,1,0
25-Nov-2025,1468,Call,1260,0,0,29.6957,0,0,0
30-Dec-2025,1468,Put,1480,0,0,29.6957,0,0,0
25-Nov-2025,1468,Put,1160,0,0,29.6957,0,0,0
25-Nov-2025,1468,Call,1360,0,0,29.6957,0,0,0
30-Dec-2025,1468,Call,1480,0,0,29.6957,0,0,0
30-Dec-2025,1468,Put,1400,0,0,29.6957,0,48,0
30-Dec-2025,1468,Call,1440,0,0,29.6957,0,15,0
30-Dec-2025,1468,Call,1520,0,0,29.6957,0,0,0
25-Nov-2025,1468,Put,1280,0,0,29.6957,0,4,0
30-Dec-2025,1468,Put,1520,0,0,29.6957,0,0,0
30-Dec-2025,1468,Call,1560,0,0,29.6957,0,0,0
30-Dec-2025,1468,Call,1600,0,0,29.6957,0,2,0
25-Nov-2025,1468,Put,1760,0,0,29.6957,0,22,0
25-Nov-2025,1468,Put,1240,0,0,29.6957,0,0,0
25-Nov-2025,1468,Put,1320,0,0,29.6957,0,73,0
25-Nov-2025,1468,Put,1720,0,0,29.6957,0,5,0
30-Dec-2025,1468,Call,1640,0,0,29.6957,0,1,0
25-Nov-2025,1468,Call,1300,0,0,29.6957,0,0,0
25-Nov-2025,1468,Call,1380,0,0,29.6957,0,0,0
25-Nov-2025,1468,Call,1620,0,0,29.6957,0,27,0
30-Dec-2025,1468,Call,1680,0,0,29.6957,0,0,0
25-Nov-2025,1468,Call,1200,0,0,29.6957,0,0,0
25-Nov-2025,1468,Call,1340,0,0,29.6957,0,0,0
30-Dec-2025,1468,Put,1440,0,0,29.6957,0,0,0
