25-Nov-2025,1466.7,-,0,1475.3,0,29.6957,452,16857,972
28-Oct-2025,1466.7,-,0,1467.7,0,29.6957,-126,13041,902
28-Oct-2025,1466.7,Call,1480,4,28.35,29.6957,-47,978,621
28-Oct-2025,1466.7,Put,1440,1.85,33.55,29.6957,68,628,432
28-Oct-2025,1466.7,Call,1460,13,28.39,29.6957,-19,375,241
28-Oct-2025,1466.7,Call,1500,1.45,35.56,29.6957,-21,1252,214
25-Nov-2025,1466.7,Call,1500,27.45,22.02,29.6957,0,743,168
28-Oct-2025,1466.7,Put,1460,5.4,28.39,29.6957,-1,410,122
25-Nov-2025,1466.7,Call,1480,36,22.36,29.6957,15,305,114
25-Nov-2025,1466.7,Call,1460,46.2,22.43,29.6957,1,249,114
28-Oct-2025,1466.7,Put,1420,0.95,41.62,29.6957,-24,487,92
25-Nov-2025,1466.7,Put,1480,39.65,23.49,29.6957,15,256,80
25-Nov-2025,1466.7,Put,1440,22,23.5,29.6957,21,228,77
25-Nov-2025,1466.7,Put,1460,29.7,23.52,29.6957,13,234,57
28-Oct-2025,1466.7,Call,1520,0.5,38.74,29.6957,-8,485,53
28-Oct-2025,1466.7,Call,1440,29.1,30.98,29.6957,-2,329,52
25-Nov-2025,1466.7,Call,1440,58,22.47,29.6957,2,90,42
28-Oct-2025,1466.7,Put,1380,0.5,60.79,29.6957,-3,282,40
25-Nov-2025,1466.7,Call,1560,10.65,22.77,29.6957,24,225,38
28-Oct-2025,1466.7,Put,1400,0.75,52.33,29.6957,-5,944,34
25-Nov-2025,1466.7,Call,1520,20.3,22.66,29.6957,11,127,31
25-Nov-2025,1466.7,Call,1600,5.6,23.48,29.6957,1,616,31
28-Oct-2025,1466.7,Put,1480,17.6,30.92,29.6957,-2,222,30
30-Dec-2025,1466.7,-,0,1477.1,0,29.6957,0,235,27
28-Oct-2025,1466.7,Put,1340,0.3,78.81,29.6957,-6,326,19
28-Oct-2025,1466.7,Call,1540,0.3,46.7,29.6957,-5,465,18
25-Nov-2025,1466.7,Call,1540,15.05,22.75,29.6957,12,103,18
28-Oct-2025,1466.7,Put,1500,36.4,41.5,29.6957,-8,154,17
28-Oct-2025,1466.7,Call,1560,0.2,53.65,29.6957,-10,294,17
25-Nov-2025,1466.7,Put,1420,16.3,24.18,29.6957,-1,115,13
25-Nov-2025,1466.7,Call,1400,84.8,20.78,29.6957,5,79,12
25-Nov-2025,1466.7,Put,1400,12.5,24.67,29.6957,-1,248,10
28-Oct-2025,1466.7,Call,1420,45.15,0,29.6957,-1,285,7
25-Nov-2025,1466.7,Put,1520,64.2,23.76,29.6957,2,51,7
25-Nov-2025,1466.7,Put,1500,50.95,24.54,29.6957,-2,341,7
28-Oct-2025,1466.7,Call,1600,0.1,66.3,29.6957,0,727,5
28-Oct-2025,1466.7,Put,1520,53.5,45.69,29.6957,-3,45,5
25-Nov-2025,1466.7,Call,1420,71.65,22.52,29.6957,2,40,5
28-Oct-2025,1466.7,Call,1400,65.85,0,29.6957,0,228,4
28-Oct-2025,1466.7,Put,1300,0.2,96.39,29.6957,0,284,4
28-Oct-2025,1466.7,Put,1360,0.35,68.99,29.6957,-1,346,4
28-Oct-2025,1466.7,Call,1620,0.05,69.35,29.6957,-2,331,3
28-Oct-2025,1466.7,Call,1760,0.05,119.42,29.6957,0,29,3
25-Nov-2025,1466.7,Call,1580,7.8,23.17,29.6957,1,101,3
25-Nov-2025,1466.7,Put,1300,2.1,27.24,29.6957,0,87,3
28-Oct-2025,1466.7,Call,1580,0.15,60.72,29.6957,0,282,2
25-Nov-2025,1466.7,Put,1380,8.5,24.64,29.6957,0,42,2
28-Oct-2025,1466.7,Call,1640,0.05,76.95,29.6957,0,195,1
28-Oct-2025,1466.7,Put,1600,135,92.46,29.6957,0,218,1
28-Oct-2025,1466.7,Put,1580,115,81.46,29.6957,0,8,1
25-Nov-2025,1466.7,Put,1540,79.25,0,29.6957,0,21,1
25-Nov-2025,1466.7,Put,1360,5.6,0,29.6957,0,194,1
28-Oct-2025,1466.7,Call,1200,0,0,29.6957,0,2,0
28-Oct-2025,1466.7,Call,1280,0,0,29.6957,0,2,0
28-Oct-2025,1466.7,Put,1680,0,0,29.6957,0,12,0
28-Oct-2025,1466.7,Put,1640,0,0,29.6957,0,2,0
28-Oct-2025,1466.7,Call,1360,0,0,29.6957,0,88,0
28-Oct-2025,1466.7,Call,1680,0,0,29.6957,0,118,0
28-Oct-2025,1466.7,Call,1240,0,0,29.6957,0,2,0
28-Oct-2025,1466.7,Call,1320,0,0,29.6957,0,59,0
28-Oct-2025,1466.7,Call,1720,0,0,29.6957,0,16,0
28-Oct-2025,1466.7,Put,1720,0,0,29.6957,0,8,0
28-Oct-2025,1466.7,Put,1760,0,0,29.6957,0,22,0
28-Oct-2025,1466.7,Call,1700,0,0,29.6957,0,385,0
28-Oct-2025,1466.7,Put,1700,0,0,29.6957,0,4,0
28-Oct-2025,1466.7,Call,1660,0,0,29.6957,0,537,0
28-Oct-2025,1466.7,Put,1660,0,0,29.6957,0,7,0
28-Oct-2025,1466.7,Put,1280,0,0,29.6957,0,126,0
28-Oct-2025,1466.7,Put,1320,0,0,29.6957,0,133,0
28-Oct-2025,1466.7,Put,1260,0,0,29.6957,0,36,0
28-Oct-2025,1466.7,Call,1300,0,0,29.6957,0,48,0
28-Oct-2025,1466.7,Call,1260,0,0,29.6957,0,4,0
28-Oct-2025,1466.7,Put,1560,0,0,29.6957,0,77,0
28-Oct-2025,1466.7,Call,1380,0,0,29.6957,0,78,0
28-Oct-2025,1466.7,Put,1540,0,0,29.6957,0,49,0
25-Nov-2025,1466.7,Put,1600,0,0,29.6957,0,157,0
25-Nov-2025,1466.7,Put,1340,0,0,29.6957,0,90,0
28-Oct-2025,1466.7,Put,1240,0,0,29.6957,0,424,0
28-Oct-2025,1466.7,Put,1620,0,0,29.6957,0,15,0
25-Nov-2025,1466.7,Put,1560,0,0,29.6957,0,61,0
28-Oct-2025,1466.7,Put,1200,0,0,29.6957,0,601,0
25-Nov-2025,1466.7,Put,1760,0,0,29.6957,0,22,0
25-Nov-2025,1466.7,Put,1240,0,0,29.6957,0,0,0
28-Oct-2025,1466.7,Call,1160,0,0,29.6957,0,0,0
25-Nov-2025,1466.7,Call,1380,0,0,29.6957,0,0,0
25-Nov-2025,1466.7,Put,1680,0,0,29.6957,0,25,0
25-Nov-2025,1466.7,Call,1260,0,0,29.6957,0,0,0
25-Nov-2025,1466.7,Put,1280,0,0,29.6957,0,4,0
25-Nov-2025,1466.7,Call,1320,0,0,29.6957,0,0,0
25-Nov-2025,1466.7,Put,1260,0,0,29.6957,0,0,0
25-Nov-2025,1466.7,Call,1680,0,0,29.6957,0,24,0
25-Nov-2025,1466.7,Put,1720,0,0,29.6957,0,5,0
28-Oct-2025,1466.7,Put,1160,0,0,29.6957,0,30,0
25-Nov-2025,1466.7,Put,1620,0,0,29.6957,0,6,0
25-Nov-2025,1466.7,Call,1240,0,0,29.6957,0,0,0
30-Dec-2025,1466.7,Call,1680,0,0,29.6957,0,0,0
30-Dec-2025,1466.7,Call,1560,0,0,29.6957,0,0,0
25-Nov-2025,1466.7,Call,1200,0,0,29.6957,0,0,0
25-Nov-2025,1466.7,Put,1200,0,0,29.6957,0,0,0
25-Nov-2025,1466.7,Put,1160,0,0,29.6957,0,0,0
25-Nov-2025,1466.7,Put,1580,0,0,29.6957,0,18,0
28-Oct-2025,1466.7,Call,1340,0,0,29.6957,0,57,0
25-Nov-2025,1466.7,Put,1320,0,0,29.6957,0,73,0
30-Dec-2025,1466.7,Put,1400,0,0,29.6957,0,48,0
25-Nov-2025,1466.7,Call,1340,0,0,29.6957,0,0,0
30-Dec-2025,1466.7,Call,1600,0,0,29.6957,0,2,0
25-Nov-2025,1466.7,Call,1160,0,0,29.6957,0,1,0
25-Nov-2025,1466.7,Call,1360,0,0,29.6957,0,0,0
30-Dec-2025,1466.7,Put,1520,0,0,29.6957,0,0,0
30-Dec-2025,1466.7,Call,1480,0,0,29.6957,0,0,0
30-Dec-2025,1466.7,Call,1520,0,0,29.6957,0,0,0
25-Nov-2025,1466.7,Call,1300,0,0,29.6957,0,0,0
25-Nov-2025,1466.7,Call,1280,0,0,29.6957,0,0,0
25-Nov-2025,1466.7,Call,1620,0,0,29.6957,0,27,0
30-Dec-2025,1466.7,Call,1440,0,0,29.6957,0,15,0
30-Dec-2025,1466.7,Put,1480,0,0,29.6957,0,0,0
30-Dec-2025,1466.7,Put,1440,0,0,29.6957,0,0,0
25-Nov-2025,1466.7,Put,1640,0,0,29.6957,0,0,0
25-Nov-2025,1466.7,Call,1720,0,0,29.6957,0,0,0
25-Nov-2025,1466.7,Call,1640,0,0,29.6957,0,106,0
30-Dec-2025,1466.7,Call,1640,0,0,29.6957,0,1,0
30-Dec-2025,1466.7,Put,1360,0,0,29.6957,0,24,0
