25-Nov-2025,11991,-,0,12070,0,25.3422,6723,34389,9321
28-Oct-2025,11991,-,0,12002,0,25.3422,3346,25023,7670
28-Oct-2025,11991,Call,12000,73.65,30.35,25.3422,-170,644,3860
28-Oct-2025,11991,Put,11900,32.25,26.45,25.3422,31,290,3379
28-Oct-2025,11991,Call,12400,5.3,39.02,25.3422,-332,1355,2895
28-Oct-2025,11991,Call,12100,35.05,31.12,25.3422,60,730,2894
28-Oct-2025,11991,Call,12200,19,33.45,25.3422,-16,1277,2353
28-Oct-2025,11991,Call,12300,9.6,35.87,25.3422,-32,946,1823
28-Oct-2025,11991,Put,11600,2.1,33.22,25.3422,-323,227,1697
25-Nov-2025,11991,Call,12000,301.35,19.07,25.3422,194,827,1602
28-Oct-2025,11991,Put,11800,12.5,29.3,25.3422,154,435,1502
28-Oct-2025,11991,Put,11700,4.85,29.98,25.3422,-14,261,1325
28-Oct-2025,11991,Put,12000,73.85,25.75,25.3422,-60,438,1209
28-Oct-2025,11991,Call,12500,3,41.83,25.3422,-186,1279,1178
28-Oct-2025,11991,Call,12600,2.05,45.66,25.3422,-44,1082,1078
25-Nov-2025,11991,Put,12000,223.9,19.57,25.3422,194,795,904
25-Nov-2025,11991,Call,12500,109.05,19.51,25.3422,192,901,847
28-Oct-2025,11991,Call,11900,132.15,32.1,25.3422,-92,121,563
28-Oct-2025,11991,Put,11500,1.15,38.03,25.3422,-110,280,478
25-Nov-2025,11991,Call,13000,35.9,20.58,25.3422,74,888,470
25-Nov-2025,11991,Call,12300,169,18.6,25.3422,90,573,427
28-Oct-2025,11991,Call,13000,0.7,61.18,25.3422,-157,1647,426
25-Nov-2025,11991,Call,12200,204.6,19.21,25.3422,76,318,391
25-Nov-2025,11991,Put,11500,68.35,19.96,25.3422,81,384,367
25-Nov-2025,11991,Call,12100,250.75,19.06,25.3422,82,296,339
28-Oct-2025,11991,Call,12700,1.25,48.57,25.3422,-56,493,333
25-Nov-2025,11991,Put,11900,181,19.51,25.3422,55,185,291
28-Oct-2025,11991,Call,12800,0.75,51.58,25.3422,-92,447,290
25-Nov-2025,11991,Call,12400,137.55,19.18,25.3422,91,393,281
25-Nov-2025,11991,Call,11900,358.1,19.42,25.3422,-8,117,271
25-Nov-2025,11991,Call,12600,87,19.63,25.3422,89,219,269
25-Nov-2025,11991,Call,12700,70.65,19.84,25.3422,50,212,245
28-Oct-2025,11991,Call,13500,0.1,71.89,25.3422,-31,935,209
28-Oct-2025,11991,Put,11000,0.05,50.61,25.3422,-134,241,178
25-Nov-2025,11991,Put,11800,146.15,19.95,25.3422,21,236,154
25-Nov-2025,11991,Put,11000,20.75,22.15,25.3422,25,196,152
28-Oct-2025,11991,Call,12900,0.8,57.29,25.3422,-80,229,145
28-Oct-2025,11991,Call,11800,210.8,36.33,25.3422,-62,57,140
28-Oct-2025,11991,Call,13200,0.1,59.37,25.3422,-1,524,138
25-Nov-2025,11991,Put,11600,87.75,19.92,25.3422,5,299,127
25-Nov-2025,11991,Put,11700,114.7,20.21,25.3422,50,91,123
30-Dec-2025,11991,-,0,12125,0,25.3422,67,323,117
28-Oct-2025,11991,Put,12200,223.15,24.84,25.3422,-14,1271,110
25-Nov-2025,11991,Put,12100,271,20.55,25.3422,8,140,108
25-Nov-2025,11991,Call,12800,56,19.71,25.3422,34,121,99
28-Oct-2025,11991,Put,12100,136.3,24.27,25.3422,-15,251,82
25-Nov-2025,11991,Put,12200,328.6,20.61,25.3422,39,137,76
25-Nov-2025,11991,Call,13200,21.05,20.9,25.3422,30,110,70
28-Oct-2025,11991,Put,12500,518,37.79,25.3422,-21,196,68
25-Nov-2025,11991,Put,12500,547.7,21.14,25.3422,31,146,68
28-Oct-2025,11991,Call,13300,0.05,60.3,25.3422,-12,457,65
28-Oct-2025,11991,Call,13400,0.05,64.28,25.3422,0,288,64
28-Oct-2025,11991,Put,12600,602.25,0,25.3422,-47,351,53
25-Nov-2025,11991,Call,13400,13.8,21.62,25.3422,18,144,52
28-Oct-2025,11991,Put,11400,0.8,40.67,25.3422,-5,198,50
28-Oct-2025,11991,Call,13100,0.25,60.73,25.3422,-19,283,49
28-Oct-2025,11991,Put,12400,415,0,25.3422,-4,117,47
28-Oct-2025,11991,Put,12300,313,35.68,25.3422,-18,234,46
25-Nov-2025,11991,Put,12400,456.25,19.51,25.3422,12,79,42
28-Oct-2025,11991,Put,11300,0.25,41.25,25.3422,-11,232,42
28-Oct-2025,11991,Call,14000,0.1,91.78,25.3422,-27,80,40
28-Oct-2025,11991,Put,10900,0.05,55.6,25.3422,0,735,40
28-Oct-2025,11991,Put,11200,0.05,40.67,25.3422,-3,321,40
25-Nov-2025,11991,Put,10900,16.5,22.59,25.3422,1,31,33
25-Nov-2025,11991,Call,11800,420.1,19.62,25.3422,15,23,32
28-Oct-2025,11991,Call,13600,0.25,81.98,25.3422,-4,53,27
25-Nov-2025,11991,Put,12300,386.7,20.66,25.3422,0,229,27
25-Nov-2025,11991,Call,14000,6.7,25.48,25.3422,17,46,24
28-Oct-2025,11991,Call,11700,279.75,0,25.3422,-4,25,18
28-Oct-2025,11991,Call,14400,0.05,106.94,25.3422,0,121,13
25-Nov-2025,11991,Put,11200,33.55,21.09,25.3422,9,10,13
25-Nov-2025,11991,Put,10800,13.25,23.26,25.3422,0,28,12
25-Nov-2025,11991,Call,11500,643.65,20.25,25.3422,9,23,12
28-Oct-2025,11991,Call,13700,0.1,79.98,25.3422,-2,34,10
28-Oct-2025,11991,Call,13800,0.05,79.76,25.3422,-6,26,10
28-Oct-2025,11991,Put,11100,0.05,45.64,25.3422,-3,102,8
28-Oct-2025,11991,Put,13000,999,0,25.3422,-6,126,7
28-Oct-2025,11991,Call,11600,410,58.59,25.3422,1,17,6
28-Oct-2025,11991,Put,12700,700,0,25.3422,-1,71,6
25-Nov-2025,11991,Call,11600,575.9,21.11,25.3422,-1,23,4
25-Nov-2025,11991,Put,11100,27.15,21.72,25.3422,3,4,4
25-Nov-2025,11991,Call,13600,6.9,21.33,25.3422,0,26,2
30-Dec-2025,11991,Call,13600,50.65,20.32,25.3422,0,31,1
28-Oct-2025,11991,Call,14200,0,0,25.3422,0,4,0
28-Oct-2025,11991,Call,11200,0,0,25.3422,0,10,0
28-Oct-2025,11991,Call,11400,0,0,25.3422,0,15,0
28-Oct-2025,11991,Put,12800,0,0,25.3422,0,14,0
28-Oct-2025,11991,Put,13200,0,0,25.3422,0,5,0
28-Oct-2025,11991,Put,13400,0,0,25.3422,0,0,0
28-Oct-2025,11991,Put,13800,0,0,25.3422,0,0,0
28-Oct-2025,11991,Put,14000,0,0,25.3422,0,0,0
28-Oct-2025,11991,Call,11500,0,0,25.3422,0,27,0
28-Oct-2025,11991,Put,14200,0,0,25.3422,0,0,0
28-Oct-2025,11991,Put,10600,0,0,25.3422,0,7,0
28-Oct-2025,11991,Call,10900,0,0,25.3422,0,0,0
28-Oct-2025,11991,Call,10700,0,0,0,0,0,0
28-Oct-2025,11991,Put,12900,0,0,25.3422,0,17,0
28-Oct-2025,11991,Put,13100,0,0,25.3422,0,0,0
28-Oct-2025,11991,Call,11100,0,0,25.3422,0,1,0
28-Oct-2025,11991,Call,11000,0,0,25.3422,0,2,0
28-Oct-2025,11991,Call,11300,0,0,25.3422,0,0,0
28-Oct-2025,11991,Put,10400,0,0,25.3422,0,45,0
25-Nov-2025,11991,Put,14000,0,0,25.3422,0,0,0
25-Nov-2025,11991,Put,13100,0,0,25.3422,0,0,0
25-Nov-2025,11991,Put,13300,0,0,25.3422,0,0,0
25-Nov-2025,11991,Put,12600,0,0,25.3422,0,0,0
25-Nov-2025,11991,Call,10600,0,0,25.3422,0,0,0
25-Nov-2025,11991,Put,13400,0,0,25.3422,0,0,0
25-Nov-2025,11991,Call,10200,0,0,25.3422,0,0,0
25-Nov-2025,11991,Call,12900,0,0,25.3422,0,0,0
25-Nov-2025,11991,Call,10700,0,0,0,0,0,0
28-Oct-2025,11991,Put,10800,0,0,25.3422,0,363,0
25-Nov-2025,11991,Call,10800,0,0,25.3422,0,0,0
28-Oct-2025,11991,Put,13300,0,0,25.3422,0,5,0
28-Oct-2025,11991,Put,13500,0,0,25.3422,0,0,0
28-Oct-2025,11991,Put,13600,0,0,25.3422,0,0,0
28-Oct-2025,11991,Put,10700,0,0,0,0,0,0
25-Nov-2025,11991,Call,11200,0,0,25.3422,0,0,0
25-Nov-2025,11991,Call,11000,0,0,25.3422,0,1,0
28-Oct-2025,11991,Call,10800,0,0,25.3422,0,5,0
30-Dec-2025,11991,Put,12200,0,0,25.3422,0,0,0
25-Nov-2025,11991,Put,12700,0,0,25.3422,0,44,0
28-Oct-2025,11991,Put,10200,0,0,25.3422,0,0,0
30-Dec-2025,11991,Call,13400,0,0,25.3422,0,0,0
28-Oct-2025,11991,Call,10400,0,0,25.3422,0,8,0
25-Nov-2025,11991,Call,14200,0,0,25.3422,0,2,0
30-Dec-2025,11991,Put,11400,0,0,25.3422,0,0,0
30-Dec-2025,11991,Put,10000,0,0,25.3422,0,0,0
30-Dec-2025,11991,Put,12000,0,0,25.3422,0,0,0
25-Nov-2025,11991,Put,12800,0,0,25.3422,0,1,0
25-Nov-2025,11991,Put,12900,0,0,25.3422,0,0,0
30-Dec-2025,11991,Call,12800,0,0,25.3422,0,0,0
25-Nov-2025,11991,Put,13600,0,0,25.3422,0,0,0
30-Dec-2025,11991,Call,12600,0,0,25.3422,0,1,0
25-Nov-2025,11991,Put,13800,0,0,25.3422,0,0,0
25-Nov-2025,11991,Put,10600,0,0,25.3422,0,0,0
25-Nov-2025,11991,Call,13100,0,0,25.3422,0,0,0
25-Nov-2025,11991,Put,11400,0,0,25.3422,0,0,0
25-Nov-2025,11991,Call,10900,0,0,25.3422,0,0,0
30-Dec-2025,11991,Put,12400,0,0,25.3422,0,3,0
25-Nov-2025,11991,Put,13000,0,0,25.3422,0,140,0
25-Nov-2025,11991,Call,13800,0,0,25.3422,0,10,0
25-Nov-2025,11991,Call,10400,0,0,25.3422,0,0,0
25-Nov-2025,11991,Put,10200,0,0,25.3422,0,0,0
30-Dec-2025,11991,Put,11600,0,0,25.3422,0,3,0
30-Dec-2025,11991,Call,12400,0,0,25.3422,0,0,0
25-Nov-2025,11991,Put,13200,0,0,25.3422,0,0,0
25-Nov-2025,11991,Call,11300,0,0,25.3422,0,0,0
25-Nov-2025,11991,Call,11100,0,0,25.3422,0,0,0
25-Nov-2025,11991,Put,10700,0,0,0,0,0,0
25-Nov-2025,11991,Call,13500,0,0,25.3422,0,0,0
25-Nov-2025,11991,Put,10400,0,0,25.3422,0,0,0
25-Nov-2025,11991,Put,11300,0,0,25.3422,0,0,0
25-Nov-2025,11991,Call,13300,0,0,25.3422,0,0,0
30-Dec-2025,11991,Call,13000,0,0,25.3422,0,1,0
30-Dec-2025,11991,Put,11800,0,0,25.3422,0,0,0
30-Dec-2025,11991,Call,12000,0,0,25.3422,0,3,0
25-Nov-2025,11991,Put,14200,0,0,25.3422,0,0,0
30-Dec-2025,11991,Call,11800,0,0,25.3422,0,0,0
25-Nov-2025,11991,Call,11400,0,0,25.3422,0,0,0
28-Oct-2025,11991,Call,10200,0,0,25.3422,0,0,0
25-Nov-2025,11991,Call,11700,0,0,25.3422,0,0,0
30-Dec-2025,11991,Call,12200,0,0,25.3422,0,0,0
25-Nov-2025,11991,Put,13500,0,0,25.3422,0,0,0
28-Oct-2025,11991,Call,10600,0,0,25.3422,0,1,0
