28-Oct-2025,7872.5,-,0,7874.5,0,26.2856,634,16932,3674
25-Nov-2025,7872.5,-,0,7919,0,26.2856,2902,9119,3440
28-Oct-2025,7872.5,Call,8000,13.75,16.13,26.2856,96,799,2464
28-Oct-2025,7872.5,Call,8100,6.75,19.65,26.2856,23,698,1489
28-Oct-2025,7872.5,Put,7900,65.5,16.39,26.2856,-32,230,1421
28-Oct-2025,7872.5,Put,7850,40.65,16.24,26.2856,-26,231,1384
28-Oct-2025,7872.5,Call,7900,38.5,14.65,26.2856,158,367,1345
28-Oct-2025,7872.5,Put,7800,24.4,17.43,26.2856,-77,324,1175
28-Oct-2025,7872.5,Call,8200,2.8,21.63,26.2856,-197,616,1079
28-Oct-2025,7872.5,Call,7950,23.2,15.59,26.2856,125,277,1009
28-Oct-2025,7872.5,Call,8050,9.55,17.87,26.2856,-39,354,845
28-Oct-2025,7872.5,Put,7700,10.6,19.71,26.2856,-83,328,551
28-Oct-2025,7872.5,Put,8000,136.05,18.02,26.2856,-155,377,528
28-Oct-2025,7872.5,Put,7600,5.5,23.02,26.2856,-38,381,474
28-Oct-2025,7872.5,Call,8150,4.25,20.67,26.2856,35,201,444
28-Oct-2025,7872.5,Put,7950,93.5,15.84,26.2856,-77,104,364
28-Oct-2025,7872.5,Call,8300,1.15,23.27,26.2856,-58,270,355
28-Oct-2025,7872.5,Call,8250,1.7,22.35,26.2856,-19,129,333
28-Oct-2025,7872.5,Put,7750,15.5,18.29,26.2856,-24,212,304
28-Oct-2025,7872.5,Put,7500,3.55,26.92,26.2856,-13,271,302
28-Oct-2025,7872.5,Call,7850,66.35,15.26,26.2856,28,229,226
28-Oct-2025,7872.5,Put,7650,7.6,21.53,26.2856,-4,169,189
28-Oct-2025,7872.5,Call,8400,0.55,25.79,26.2856,-64,186,169
28-Oct-2025,7872.5,Call,7800,102.15,15.42,26.2856,-28,204,160
28-Oct-2025,7872.5,Put,8050,181.95,18.97,26.2856,-44,94,155
25-Nov-2025,7872.5,Call,8000,170.05,21.53,26.2856,27,210,153
25-Nov-2025,7872.5,Put,7500,60,23.09,26.2856,-29,179,151
28-Oct-2025,7872.5,Call,8500,0.65,29.62,26.2856,-67,79,119
25-Nov-2025,7872.5,Call,8500,42.75,22.42,26.2856,44,136,110
25-Nov-2025,7872.5,Put,8000,243.8,23.1,26.2856,-19,64,105
25-Nov-2025,7872.5,Put,7900,195,23.1,26.2856,13,41,96
28-Oct-2025,7872.5,Put,7550,4.45,25.1,26.2856,-10,106,81
28-Oct-2025,7872.5,Put,8100,229.2,20.89,26.2856,-34,96,78
28-Oct-2025,7872.5,Call,7700,185,17.99,26.2856,-16,148,74
28-Oct-2025,7872.5,Call,8350,0.7,24.32,26.2856,-8,147,72
25-Nov-2025,7872.5,Call,7900,217,21.32,26.2856,35,52,67
25-Nov-2025,7872.5,Call,8200,100.55,21.58,26.2856,12,77,62
25-Nov-2025,7872.5,Call,8400,57.95,22.23,26.2856,35,56,51
28-Oct-2025,7872.5,Call,8600,0.65,34.76,26.2856,-21,127,50
28-Oct-2025,7872.5,Put,7350,2.1,32.86,26.2856,-27,61,44
25-Nov-2025,7872.5,Put,7700,111.85,22.9,26.2856,13,95,38
28-Oct-2025,7872.5,Put,7300,1.85,34.92,26.2856,-12,266,37
25-Nov-2025,7872.5,Call,8300,75.95,21.82,26.2856,8,60,36
25-Nov-2025,7872.5,Put,7800,149,22.86,26.2856,13,24,36
25-Nov-2025,7872.5,Call,8100,132.55,21.53,26.2856,-3,81,35
28-Oct-2025,7872.5,Call,7750,141.95,16.87,26.2856,1,121,34
30-Dec-2025,7872.5,-,0,7984.5,0,26.2856,-5,77,30
25-Nov-2025,7872.5,Call,7800,277,21.72,26.2856,13,22,29
25-Nov-2025,7872.5,Put,7200,21,24.13,26.2856,14,14,23
28-Oct-2025,7872.5,Put,7400,2.4,30.98,26.2856,-1,198,22
28-Oct-2025,7872.5,Put,7450,3.4,28.54,26.2856,-5,96,22
25-Nov-2025,7872.5,Call,7950,200.7,22.12,26.2856,10,12,21
25-Nov-2025,7872.5,Call,8800,17.35,23.38,26.2856,6,90,21
28-Oct-2025,7872.5,Call,7600,289,26.8,26.2856,-6,219,19
25-Nov-2025,7872.5,Call,9200,6.05,25.41,26.2856,16,16,17
25-Nov-2025,7872.5,Call,8900,12.5,23.6,26.2856,-2,70,17
25-Nov-2025,7872.5,Call,8700,23,22.92,26.2856,3,26,15
25-Nov-2025,7872.5,Put,8100,300,22.49,26.2856,0,50,14
28-Oct-2025,7872.5,Call,8900,0.55,44.56,26.2856,-3,93,13
28-Oct-2025,7872.5,Put,7000,0.5,43.52,26.2856,-1,194,12
28-Oct-2025,7872.5,Call,8550,0.7,32.21,26.2856,-5,57,12
28-Oct-2025,7872.5,Call,8700,0.45,36.31,26.2856,0,49,12
25-Nov-2025,7872.5,Call,8250,87.2,21.67,26.2856,0,7,11
28-Oct-2025,7872.5,Call,7500,377.45,0,26.2856,-6,113,10
28-Oct-2025,7872.5,Put,7200,1,37.07,26.2856,-1,31,10
28-Oct-2025,7872.5,Call,7400,490,41.83,26.2856,-8,73,10
25-Nov-2025,7872.5,Call,9100,6.75,24.28,26.2856,6,98,10
25-Nov-2025,7872.5,Put,7100,15.1,24.76,26.2856,3,76,10
25-Nov-2025,7872.5,Call,7700,320.8,19.35,26.2856,4,10,10
28-Oct-2025,7872.5,Put,8150,274.65,20.34,26.2856,0,3,9
28-Oct-2025,7872.5,Call,7650,233.55,18.98,26.2856,-3,139,8
25-Nov-2025,7872.5,Put,7950,232.2,24.42,26.2856,2,5,8
28-Oct-2025,7872.5,Call,7550,334.95,28.45,26.2856,1,58,6
25-Nov-2025,7872.5,Call,7850,246.9,21.56,26.2856,2,2,4
30-Dec-2025,7872.5,Put,7900,231,21.31,26.2856,-1,0,4
28-Oct-2025,7872.5,Put,7150,1.2,40.51,26.2856,0,60,3
25-Nov-2025,7872.5,Put,7550,72.95,23.45,26.2856,2,2,3
30-Dec-2025,7872.5,Put,7800,191.45,21.49,26.2856,2,3,3
28-Oct-2025,7872.5,Put,7100,1.45,44.15,26.2856,-1,55,2
25-Nov-2025,7872.5,Put,7000,11,25.5,26.2856,0,0,2
28-Oct-2025,7872.5,Put,6800,0.4,51.82,26.2856,0,138,1
25-Nov-2025,7872.5,Put,6400,3.35,33.05,26.2856,0,15,1
25-Nov-2025,7872.5,Put,7750,128,22.73,26.2856,0,1,1
25-Nov-2025,7872.5,Call,8600,31,22.57,26.2856,0,0,1
25-Nov-2025,7872.5,Call,8150,121.1,22.19,26.2856,0,4,1
30-Dec-2025,7872.5,Put,8000,279.5,21.4,26.2856,0,1,1
30-Dec-2025,7872.5,Put,8100,349.45,22.68,26.2856,0,1,1
28-Oct-2025,7872.5,Put,8550,0,0,26.2856,0,0,0
28-Oct-2025,7872.5,Call,7000,0,0,26.2856,0,15,0
28-Oct-2025,7872.5,Call,9000,0,0,26.2856,0,0,0
28-Oct-2025,7872.5,Put,6850,0,0,26.2856,0,0,0
28-Oct-2025,7872.5,Put,6900,0,0,26.2856,0,0,0
28-Oct-2025,7872.5,Call,6300,0,0,26.2856,0,0,0
28-Oct-2025,7872.5,Call,6200,0,0,26.2856,0,0,0
28-Oct-2025,7872.5,Call,6850,0,0,26.2856,0,0,0
28-Oct-2025,7872.5,Call,8450,0,0,26.2856,0,9,0
28-Oct-2025,7872.5,Put,6300,0,0,26.2856,0,0,0
28-Oct-2025,7872.5,Put,6200,0,0,26.2856,0,0,0
28-Oct-2025,7872.5,Call,6400,0,0,26.2856,0,0,0
28-Oct-2025,7872.5,Put,7250,0,0,26.2856,0,27,0
28-Oct-2025,7872.5,Put,8350,0,0,26.2856,0,2,0
28-Oct-2025,7872.5,Put,6600,0,0,26.2856,0,0,0
28-Oct-2025,7872.5,Put,8250,0,0,26.2856,0,24,0
28-Oct-2025,7872.5,Call,7050,0,0,26.2856,0,0,0
28-Oct-2025,7872.5,Call,7250,0,0,26.2856,0,0,0
28-Oct-2025,7872.5,Put,7050,0,0,26.2856,0,0,0
28-Oct-2025,7872.5,Call,7150,0,0,26.2856,0,0,0
28-Oct-2025,7872.5,Put,6500,0,0,26.2856,0,6,0
28-Oct-2025,7872.5,Call,6700,0,0,26.2856,0,0,0
28-Oct-2025,7872.5,Put,8700,0,0,26.2856,0,0,0
28-Oct-2025,7872.5,Put,6700,0,0,26.2856,0,39,0
28-Oct-2025,7872.5,Call,9100,0,0,26.2856,0,0,0
28-Oct-2025,7872.5,Call,6600,0,0,26.2856,0,0,0
28-Oct-2025,7872.5,Call,6800,0,0,26.2856,0,2,0
28-Oct-2025,7872.5,Call,9200,0,0,26.2856,0,0,0
28-Oct-2025,7872.5,Call,6900,0,0,26.2856,0,0,0
28-Oct-2025,7872.5,Put,8600,0,0,26.2856,0,0,0
28-Oct-2025,7872.5,Put,9200,0,0,26.2856,0,0,0
28-Oct-2025,7872.5,Call,6950,0,0,26.2856,0,0,0
28-Oct-2025,7872.5,Call,6500,0,0,26.2856,0,0,0
28-Oct-2025,7872.5,Put,6950,0,0,26.2856,0,2,0
28-Oct-2025,7872.5,Put,6400,0,0,26.2856,0,0,0
28-Oct-2025,7872.5,Call,7300,0,0,26.2856,0,64,0
28-Oct-2025,7872.5,Put,9100,0,0,26.2856,0,0,0
28-Oct-2025,7872.5,Call,8800,0,0,26.2856,0,0,0
28-Oct-2025,7872.5,Put,8900,0,0,26.2856,0,0,0
28-Oct-2025,7872.5,Put,8450,0,0,26.2856,0,0,0
28-Oct-2025,7872.5,Put,8800,0,0,26.2856,0,0,0
28-Oct-2025,7872.5,Put,9000,0,0,26.2856,0,0,0
28-Oct-2025,7872.5,Call,7100,0,0,26.2856,0,0,0
28-Oct-2025,7872.5,Put,8400,0,0,26.2856,0,0,0
28-Oct-2025,7872.5,Put,8500,0,0,26.2856,0,0,0
28-Oct-2025,7872.5,Put,8300,0,0,26.2856,0,9,0
28-Oct-2025,7872.5,Call,7200,0,0,26.2856,0,0,0
28-Oct-2025,7872.5,Put,8200,0,0,26.2856,0,23,0
28-Oct-2025,7872.5,Call,7350,0,0,26.2856,0,27,0
28-Oct-2025,7872.5,Call,7450,0,0,26.2856,0,44,0
25-Nov-2025,7872.5,Put,8800,0,0,26.2856,0,0,0
25-Nov-2025,7872.5,Put,9000,0,0,26.2856,0,0,0
25-Nov-2025,7872.5,Put,8150,0,0,26.2856,0,0,0
25-Nov-2025,7872.5,Put,8250,0,0,26.2856,0,0,0
25-Nov-2025,7872.5,Put,6300,0,0,26.2856,0,0,0
25-Nov-2025,7872.5,Call,7300,0,0,26.2856,0,0,0
25-Nov-2025,7872.5,Put,8350,0,0,26.2856,0,0,0
25-Nov-2025,7872.5,Call,9000,0,0,26.2856,0,0,0
25-Nov-2025,7872.5,Call,8050,0,0,26.2856,0,0,0
25-Nov-2025,7872.5,Put,6200,0,0,26.2856,0,0,0
25-Nov-2025,7872.5,Call,8550,0,0,26.2856,0,0,0
25-Nov-2025,7872.5,Call,7400,0,0,26.2856,0,1,0
25-Nov-2025,7872.5,Call,8450,0,0,26.2856,0,0,0
25-Nov-2025,7872.5,Put,8450,0,0,26.2856,0,0,0
25-Nov-2025,7872.5,Put,7400,0,0,26.2856,0,0,0
25-Nov-2025,7872.5,Call,6200,0,0,26.2856,0,0,0
25-Nov-2025,7872.5,Call,6300,0,0,26.2856,0,0,0
25-Nov-2025,7872.5,Call,6400,0,0,26.2856,0,0,0
25-Nov-2025,7872.5,Call,6500,0,0,26.2856,0,0,0
25-Nov-2025,7872.5,Call,6600,0,0,26.2856,0,0,0
25-Nov-2025,7872.5,Call,6700,0,0,26.2856,0,0,0
25-Nov-2025,7872.5,Put,8400,0,0,26.2856,0,0,0
25-Nov-2025,7872.5,Put,8500,0,0,26.2856,0,0,0
25-Nov-2025,7872.5,Put,8600,0,0,26.2856,0,0,0
25-Nov-2025,7872.5,Call,6950,0,0,26.2856,0,0,0
25-Nov-2025,7872.5,Put,6950,0,0,26.2856,0,0,0
25-Nov-2025,7872.5,Call,7050,0,0,26.2856,0,0,0
25-Nov-2025,7872.5,Call,7150,0,0,26.2856,0,0,0
25-Nov-2025,7872.5,Put,7850,0,0,26.2856,0,0,0
25-Nov-2025,7872.5,Put,7050,0,0,26.2856,0,0,0
25-Nov-2025,7872.5,Call,7650,0,0,26.2856,0,0,0
25-Nov-2025,7872.5,Call,7750,0,0,26.2856,0,0,0
25-Nov-2025,7872.5,Put,6700,0,0,26.2856,0,0,0
25-Nov-2025,7872.5,Put,9100,0,0,26.2856,0,0,0
25-Nov-2025,7872.5,Put,6850,0,0,26.2856,0,0,0
25-Nov-2025,7872.5,Call,8350,0,0,26.2856,0,0,0
25-Nov-2025,7872.5,Put,7250,0,0,26.2856,0,0,0
25-Nov-2025,7872.5,Call,7350,0,0,26.2856,0,0,0
25-Nov-2025,7872.5,Put,8700,0,0,26.2856,0,0,0
25-Nov-2025,7872.5,Put,8900,0,0,26.2856,0,0,0
30-Dec-2025,7872.5,Call,7800,0,0,26.2856,0,0,0
30-Dec-2025,7872.5,Put,7600,0,0,26.2856,0,0,0
30-Dec-2025,7872.5,Put,7500,0,0,26.2856,0,0,0
25-Nov-2025,7872.5,Put,8050,0,0,26.2856,0,0,0
25-Nov-2025,7872.5,Call,7200,0,0,26.2856,0,0,0
25-Nov-2025,7872.5,Call,7550,0,0,26.2856,0,0,0
25-Nov-2025,7872.5,Put,6600,0,0,26.2856,0,0,0
25-Nov-2025,7872.5,Call,6900,0,0,26.2856,0,1,0
25-Nov-2025,7872.5,Put,7150,0,0,26.2856,0,0,0
25-Nov-2025,7872.5,Put,7650,0,0,26.2856,0,0,0
25-Nov-2025,7872.5,Put,9200,0,0,26.2856,0,0,0
25-Nov-2025,7872.5,Call,7450,0,0,26.2856,0,0,0
30-Dec-2025,7872.5,Call,8400,0,0,26.2856,0,0,0
25-Nov-2025,7872.5,Call,7100,0,0,26.2856,0,0,0
25-Nov-2025,7872.5,Put,6800,0,0,26.2856,0,0,0
25-Nov-2025,7872.5,Put,8550,0,0,26.2856,0,0,0
25-Nov-2025,7872.5,Put,7300,0,0,26.2856,0,0,0
25-Nov-2025,7872.5,Put,7600,0,0,26.2856,0,0,0
25-Nov-2025,7872.5,Put,6900,0,0,26.2856,0,0,0
25-Nov-2025,7872.5,Put,7350,0,0,26.2856,0,0,0
25-Nov-2025,7872.5,Call,7600,0,0,26.2856,0,5,0
25-Nov-2025,7872.5,Call,7000,0,0,26.2856,0,0,0
25-Nov-2025,7872.5,Put,8200,0,0,26.2856,0,0,0
25-Nov-2025,7872.5,Put,7450,0,0,26.2856,0,0,0
25-Nov-2025,7872.5,Call,6850,0,0,26.2856,0,0,0
25-Nov-2025,7872.5,Put,6500,0,0,26.2856,0,0,0
25-Nov-2025,7872.5,Call,6800,0,0,26.2856,0,0,0
25-Nov-2025,7872.5,Call,7250,0,0,26.2856,0,0,0
25-Nov-2025,7872.5,Call,7500,0,0,26.2856,0,6,0
25-Nov-2025,7872.5,Put,8300,0,0,26.2856,0,0,0
30-Dec-2025,7872.5,Call,7900,0,0,26.2856,0,0,0
30-Dec-2025,7872.5,Put,7700,0,0,26.2856,0,0,0
30-Dec-2025,7872.5,Call,8300,0,0,26.2856,0,0,0
30-Dec-2025,7872.5,Call,8100,0,0,26.2856,0,0,0
30-Dec-2025,7872.5,Call,8200,0,0,26.2856,0,0,0
30-Dec-2025,7872.5,Call,8000,0,0,26.2856,0,0,0
30-Dec-2025,7872.5,Call,8600,0,0,26.2856,0,0,0
30-Dec-2025,7872.5,Call,8500,0,0,26.2856,0,0,0
30-Dec-2025,7872.5,Put,8300,0,0,26.2856,0,0,0
30-Dec-2025,7872.5,Put,8200,0,0,26.2856,0,0,0
