28-Oct-2025,7837.5,-,0,7846.5,0,26.2856,1013,17311,5562
25-Nov-2025,7837.5,-,0,7887,0,26.2856,4560,10777,5400
28-Oct-2025,7836.5,Call,8000,11,17.54,26.2856,186,889,3029
28-Oct-2025,7836.5,Call,8100,5.85,21.1,26.2856,28,703,1985
28-Oct-2025,7836.5,Call,7900,27.65,14.79,26.2856,191,400,1708
28-Oct-2025,7837.5,Put,7850,51.25,15.51,26.2856,-77,180,1622
28-Oct-2025,7836.5,Put,7900,82.2,15.97,26.2856,-53,209,1553
28-Oct-2025,7836.5,Put,7800,30.25,15.12,26.2856,-135,266,1446
28-Oct-2025,7837.5,Call,8200,3.25,24.33,26.2856,-231,582,1323
28-Oct-2025,7836.5,Call,7950,16.65,15.97,26.2856,117,269,1231
28-Oct-2025,7837.5,Call,8050,7.85,19.33,26.2856,-44,349,956
28-Oct-2025,7836.5,Put,7600,6.4,21.69,26.2856,-110,309,702
28-Oct-2025,7837.5,Put,8000,168,19.64,26.2856,-195,337,640
28-Oct-2025,7836.5,Put,7700,11.35,17.81,26.2856,-75,336,624
28-Oct-2025,7837.5,Call,8150,4.2,22.36,26.2856,24,190,541
28-Oct-2025,7837.5,Put,7500,3.25,24.61,26.2856,-44,240,537
28-Oct-2025,7836.5,Call,8300,2,26.84,26.2856,-127,201,531
28-Oct-2025,7836.5,Call,8250,2.5,25.66,26.2856,-49,99,453
28-Oct-2025,7836.5,Put,7950,123.75,15.42,26.2856,-89,92,423
28-Oct-2025,7837.5,Put,7750,19.2,16.75,26.2856,-65,171,409
28-Oct-2025,7837.5,Call,7850,47.15,14.64,26.2856,33,234,285
25-Nov-2025,7836.5,Call,8000,159.55,21.6,26.2856,60,243,229
28-Oct-2025,7837.5,Call,8400,1.05,28.83,26.2856,-67,183,214
28-Oct-2025,7837.5,Call,7800,75,14.11,26.2856,-33,199,212
28-Oct-2025,7836.5,Call,8350,1.75,28.65,26.2856,-79,76,210
28-Oct-2025,7836.5,Put,7650,8.85,20.2,26.2856,-2,171,206
25-Nov-2025,7837.5,Put,7500,62.5,22.84,26.2856,-3,205,184
28-Oct-2025,7836.5,Put,8050,205.4,17.18,26.2856,-42,96,175
25-Nov-2025,7836.5,Call,8500,40.15,22.78,26.2856,88,180,160
28-Oct-2025,7837.5,Put,7300,1.65,33.05,26.2856,-37,241,131
28-Oct-2025,7837.5,Call,8500,0.7,31.49,26.2856,-71,75,128
25-Nov-2025,7837.5,Put,7900,209.45,23.01,26.2856,19,47,124
25-Nov-2025,7837.5,Put,8000,261.3,22.95,26.2856,-18,65,118
28-Oct-2025,7836.5,Call,8600,0.5,34.17,26.2856,-36,112,102
28-Oct-2025,7836.5,Put,8100,252,16.49,26.2856,-46,84,101
25-Nov-2025,7837.5,Call,7900,200.25,21.61,26.2856,49,66,95
28-Oct-2025,7837.5,Put,7550,4.4,23.29,26.2856,-12,104,86
28-Oct-2025,7836.5,Call,7700,157.4,15.92,26.2856,-17,147,84
25-Nov-2025,7836.5,Call,8200,92.4,21.72,26.2856,13,78,75
25-Nov-2025,7836.5,Put,7700,118,22.5,26.2856,26,108,70
25-Nov-2025,7837.5,Put,7800,158.3,22.46,26.2856,28,39,68
25-Nov-2025,7836.5,Call,8400,52.4,22.49,26.2856,36,57,62
25-Nov-2025,7836.5,Call,8100,124.15,21.84,26.2856,6,90,54
28-Oct-2025,7837.5,Put,7350,2.45,32.15,26.2856,-30,58,47
30-Dec-2025,7836.5,-,0,7955,0,26.2856,-8,74,45
25-Nov-2025,7836.5,Call,8300,72,22.28,26.2856,8,60,43
28-Oct-2025,7836.5,Call,7750,121.85,18.22,26.2856,5,125,38
28-Oct-2025,7837.5,Put,7400,2.4,27.29,26.2856,-1,198,33
25-Nov-2025,7837.5,Call,8800,15.75,23.68,26.2856,6,90,30
25-Nov-2025,7837.5,Call,7800,259.8,21.81,26.2856,13,22,30
25-Nov-2025,7837.5,Put,8100,321.25,22.84,26.2856,-4,46,27
25-Nov-2025,7836.5,Put,7200,22,23.72,26.2856,15,15,25
28-Oct-2025,7837.5,Put,7450,3.5,28.24,26.2856,-6,95,24
25-Nov-2025,7836.5,Call,8700,21,23.1,26.2856,4,27,24
28-Oct-2025,7836.5,Call,7600,254,20.39,26.2856,-13,212,23
28-Oct-2025,7837.5,Put,7000,0.5,42.3,26.2856,-7,188,22
25-Nov-2025,7837.5,Call,7950,200.7,23.69,26.2856,10,12,21
25-Nov-2025,7837.5,Put,7550,73.05,22.51,26.2856,17,17,20
25-Nov-2025,7837.5,Call,9200,5.5,25.57,26.2856,17,17,19
28-Oct-2025,7837.5,Call,7500,360.3,32.63,26.2856,-7,112,18
25-Nov-2025,7837.5,Call,8900,12.5,24.23,26.2856,0,72,18
28-Oct-2025,7836.5,Call,8900,0.8,46.22,26.2856,-3,93,17
25-Nov-2025,7837.5,Call,8250,80.4,21.79,26.2856,-1,6,17
25-Nov-2025,7837.5,Call,7700,317.5,21.46,26.2856,7,13,14
28-Oct-2025,7837.5,Call,8700,0.45,37.55,26.2856,0,49,12
28-Oct-2025,7836.5,Call,8550,0.7,33.51,26.2856,-5,57,12
25-Nov-2025,7837.5,Call,9100,7.75,25.44,26.2856,10,102,12
25-Nov-2025,7836.5,Put,7100,15.8,24.37,26.2856,3,76,11
28-Oct-2025,7836.5,Put,8150,304.65,22.65,26.2856,0,3,10
28-Oct-2025,7836.5,Call,7400,490,58.13,26.2856,-8,73,10
28-Oct-2025,7837.5,Put,7200,1,35.73,26.2856,-1,31,10
28-Oct-2025,7836.5,Call,7650,206.05,18.7,26.2856,-2,140,9
25-Nov-2025,7837.5,Put,7950,232.2,22.81,26.2856,1,4,9
25-Nov-2025,7837.5,Call,7850,234,21.99,26.2856,6,6,9
28-Oct-2025,7836.5,Call,7550,308.1,27.35,26.2856,0,57,7
28-Oct-2025,7837.5,Put,7100,1,40.77,26.2856,-3,53,6
28-Oct-2025,7837.5,Put,7150,0.35,33.87,26.2856,-3,57,4
30-Dec-2025,7836.5,Put,7900,231,20.36,26.2856,-1,0,4
25-Nov-2025,7837.5,Put,7750,138,22.4,26.2856,1,2,3
30-Dec-2025,7836.5,Put,7800,191.45,20.63,26.2856,2,3,3
25-Nov-2025,7837.5,Put,7000,11,24.9,26.2856,0,0,2
28-Oct-2025,7836.5,Put,6800,0.4,50.64,26.2856,0,138,1
25-Nov-2025,7836.5,Put,6400,3.35,32.57,26.2856,0,15,1
25-Nov-2025,7837.5,Call,8150,121.1,23.39,26.2856,0,4,1
25-Nov-2025,7837.5,Call,8600,31,23.33,26.2856,0,0,1
30-Dec-2025,7837.5,Put,8100,349.45,21.51,26.2856,0,1,1
30-Dec-2025,7837.5,Put,8000,279.5,20.34,26.2856,0,1,1
28-Oct-2025,7836.5,Put,7250,0,0,26.2856,0,27,0
28-Oct-2025,7836.5,Put,8250,0,0,26.2856,0,24,0
28-Oct-2025,7837.5,Put,9000,0,0,26.2856,0,0,0
28-Oct-2025,7837.5,Call,9000,0,0,26.2856,0,0,0
28-Oct-2025,7837.5,Call,8450,0,0,26.2856,0,9,0
28-Oct-2025,7836.5,Put,6900,0,0,26.2856,0,0,0
28-Oct-2025,7836.5,Call,6200,0,0,26.2856,0,0,0
28-Oct-2025,7836.5,Put,6200,0,0,26.2856,0,0,0
28-Oct-2025,7836.5,Call,6300,0,0,26.2856,0,0,0
28-Oct-2025,7836.5,Put,6300,0,0,26.2856,0,0,0
28-Oct-2025,7837.5,Call,6850,0,0,26.2856,0,0,0
28-Oct-2025,7836.5,Call,6400,0,0,26.2856,0,0,0
28-Oct-2025,7837.5,Put,6600,0,0,26.2856,0,0,0
28-Oct-2025,7837.5,Put,8350,0,0,26.2856,0,2,0
28-Oct-2025,7836.5,Call,7250,0,0,26.2856,0,0,0
28-Oct-2025,7836.5,Call,7350,0,0,26.2856,0,27,0
28-Oct-2025,7836.5,Call,7450,0,0,26.2856,0,44,0
28-Oct-2025,7836.5,Call,7000,0,0,26.2856,0,15,0
28-Oct-2025,7837.5,Put,7050,0,0,26.2856,0,0,0
28-Oct-2025,7837.5,Put,8450,0,0,26.2856,0,0,0
28-Oct-2025,7837.5,Put,8800,0,0,26.2856,0,0,0
28-Oct-2025,7837.5,Put,8900,0,0,26.2856,0,0,0
28-Oct-2025,7837.5,Call,8800,0,0,26.2856,0,0,0
28-Oct-2025,7837.5,Call,6600,0,0,26.2856,0,0,0
28-Oct-2025,7837.5,Call,6700,0,0,26.2856,0,0,0
28-Oct-2025,7836.5,Call,6800,0,0,26.2856,0,2,0
28-Oct-2025,7837.5,Call,6900,0,0,26.2856,0,0,0
28-Oct-2025,7837.5,Put,8600,0,0,26.2856,0,0,0
28-Oct-2025,7836.5,Put,8300,0,0,26.2856,0,9,0
28-Oct-2025,7836.5,Put,8400,0,0,26.2856,0,0,0
28-Oct-2025,7836.5,Put,8500,0,0,26.2856,0,0,0
28-Oct-2025,7836.5,Call,7100,0,0,26.2856,0,0,0
28-Oct-2025,7836.5,Call,7200,0,0,26.2856,0,0,0
28-Oct-2025,7836.5,Put,8200,0,0,26.2856,0,23,0
28-Oct-2025,7836.5,Put,8550,0,0,26.2856,0,0,0
28-Oct-2025,7836.5,Call,7150,0,0,26.2856,0,0,0
28-Oct-2025,7836.5,Put,6500,0,0,26.2856,0,6,0
28-Oct-2025,7836.5,Put,8700,0,0,26.2856,0,0,0
28-Oct-2025,7836.5,Call,9100,0,0,26.2856,0,0,0
28-Oct-2025,7836.5,Put,6850,0,0,26.2856,0,0,0
28-Oct-2025,7837.5,Put,6700,0,0,26.2856,0,39,0
28-Oct-2025,7837.5,Call,9200,0,0,26.2856,0,0,0
28-Oct-2025,7836.5,Put,9200,0,0,26.2856,0,0,0
28-Oct-2025,7836.5,Put,6400,0,0,26.2856,0,0,0
28-Oct-2025,7837.5,Call,6950,0,0,26.2856,0,0,0
28-Oct-2025,7837.5,Put,6950,0,0,26.2856,0,2,0
28-Oct-2025,7836.5,Call,6500,0,0,26.2856,0,0,0
28-Oct-2025,7837.5,Put,9100,0,0,26.2856,0,0,0
28-Oct-2025,7836.5,Call,7300,0,0,26.2856,0,64,0
25-Nov-2025,7837.5,Call,6500,0,0,26.2856,0,0,0
25-Nov-2025,7837.5,Call,6600,0,0,26.2856,0,0,0
25-Nov-2025,7837.5,Call,6700,0,0,26.2856,0,0,0
25-Nov-2025,7837.5,Put,8300,0,0,26.2856,0,0,0
25-Nov-2025,7836.5,Put,8400,0,0,26.2856,0,0,0
25-Nov-2025,7836.5,Put,8500,0,0,26.2856,0,0,0
25-Nov-2025,7837.5,Put,8600,0,0,26.2856,0,0,0
25-Nov-2025,7837.5,Put,8800,0,0,26.2856,0,0,0
25-Nov-2025,7836.5,Put,9000,0,0,26.2856,0,0,0
25-Nov-2025,7837.5,Put,6300,0,0,26.2856,0,0,0
25-Nov-2025,7837.5,Put,8150,0,0,26.2856,0,0,0
25-Nov-2025,7837.5,Put,8250,0,0,26.2856,0,0,0
25-Nov-2025,7837.5,Put,8350,0,0,26.2856,0,0,0
25-Nov-2025,7837.5,Call,9000,0,0,26.2856,0,0,0
25-Nov-2025,7836.5,Call,8050,0,0,26.2856,0,0,0
25-Nov-2025,7837.5,Call,8550,0,0,26.2856,0,0,0
25-Nov-2025,7836.5,Call,8450,0,0,26.2856,0,0,0
25-Nov-2025,7836.5,Put,8450,0,0,26.2856,0,0,0
25-Nov-2025,7837.5,Put,7400,0,0,26.2856,0,0,0
25-Nov-2025,7836.5,Call,6200,0,0,26.2856,0,0,0
25-Nov-2025,7836.5,Call,6300,0,0,26.2856,0,0,0
25-Nov-2025,7837.5,Put,7250,0,0,26.2856,0,0,0
25-Nov-2025,7837.5,Call,7350,0,0,26.2856,0,0,0
25-Nov-2025,7837.5,Call,7450,0,0,26.2856,0,0,0
25-Nov-2025,7836.5,Put,7450,0,0,26.2856,0,0,0
25-Nov-2025,7837.5,Call,7200,0,0,26.2856,0,0,0
25-Nov-2025,7836.5,Put,8700,0,0,26.2856,0,0,0
25-Nov-2025,7837.5,Put,8900,0,0,26.2856,0,0,0
25-Nov-2025,7837.5,Put,8050,0,0,26.2856,0,0,0
25-Nov-2025,7837.5,Call,6800,0,0,26.2856,0,0,0
25-Nov-2025,7837.5,Call,6900,0,0,26.2856,0,1,0
25-Nov-2025,7837.5,Call,7000,0,0,26.2856,0,0,0
25-Nov-2025,7837.5,Put,6850,0,0,26.2856,0,0,0
25-Nov-2025,7836.5,Put,6500,0,0,26.2856,0,0,0
25-Nov-2025,7837.5,Put,7300,0,0,26.2856,0,0,0
25-Nov-2025,7837.5,Call,8350,0,0,26.2856,0,0,0
25-Nov-2025,7836.5,Call,7250,0,0,26.2856,0,0,0
25-Nov-2025,7837.5,Put,7150,0,0,26.2856,0,0,0
25-Nov-2025,7837.5,Put,8200,0,0,26.2856,0,0,0
25-Nov-2025,7837.5,Call,7600,0,0,26.2856,0,5,0
25-Nov-2025,7836.5,Call,7400,0,0,26.2856,0,1,0
25-Nov-2025,7837.5,Put,6800,0,0,26.2856,0,0,0
25-Nov-2025,7837.5,Call,7550,0,0,26.2856,0,0,0
25-Nov-2025,7837.5,Put,9200,0,0,26.2856,0,0,0
25-Nov-2025,7837.5,Call,7300,0,0,26.2856,0,0,0
25-Nov-2025,7837.5,Put,7650,0,0,26.2856,0,0,0
25-Nov-2025,7837.5,Put,6950,0,0,26.2856,0,0,0
25-Nov-2025,7836.5,Put,7600,0,0,26.2856,0,0,0
30-Dec-2025,7837.5,Call,8500,0,0,26.2856,0,0,0
25-Nov-2025,7837.5,Call,7500,0,0,26.2856,0,6,0
25-Nov-2025,7837.5,Put,7850,0,0,26.2856,0,0,0
25-Nov-2025,7837.5,Put,7350,0,0,26.2856,0,0,0
25-Nov-2025,7837.5,Put,6200,0,0,26.2856,0,0,0
25-Nov-2025,7836.5,Call,7650,0,0,26.2856,0,0,0
25-Nov-2025,7837.5,Call,6950,0,0,26.2856,0,0,0
25-Nov-2025,7837.5,Put,6900,0,0,26.2856,0,0,0
25-Nov-2025,7837.5,Call,7150,0,0,26.2856,0,0,0
25-Nov-2025,7837.5,Put,7050,0,0,26.2856,0,0,0
25-Nov-2025,7836.5,Put,6600,0,0,26.2856,0,0,0
25-Nov-2025,7836.5,Call,6400,0,0,26.2856,0,0,0
25-Nov-2025,7837.5,Call,7750,0,0,26.2856,0,0,0
25-Nov-2025,7837.5,Call,7100,0,0,26.2856,0,0,0
25-Nov-2025,7837.5,Put,8550,0,0,26.2856,0,0,0
25-Nov-2025,7837.5,Call,7050,0,0,26.2856,0,0,0
25-Nov-2025,7837.5,Call,6850,0,0,26.2856,0,0,0
25-Nov-2025,7836.5,Put,6700,0,0,26.2856,0,0,0
28-Oct-2025,7836.5,Call,7050,0,0,26.2856,0,0,0
25-Nov-2025,7836.5,Put,9100,0,0,26.2856,0,0,0
30-Dec-2025,7836.5,Put,8200,0,0,26.2856,0,0,0
30-Dec-2025,7837.5,Call,8000,0,0,26.2856,0,0,0
30-Dec-2025,7836.5,Put,7400,0,0,26.2856,0,0,0
30-Dec-2025,7837.5,Put,7600,0,0,26.2856,0,0,0
30-Dec-2025,7837.5,Put,7500,0,0,26.2856,0,0,0
30-Dec-2025,7836.5,Put,7700,0,0,26.2856,0,0,0
30-Dec-2025,7837.5,Call,7900,0,0,26.2856,0,0,0
30-Dec-2025,7837.5,Call,7800,0,0,26.2856,0,0,0
30-Dec-2025,7836.5,Call,7700,0,0,26.2856,0,0,0
30-Dec-2025,7836.5,Call,8400,0,0,26.2856,0,0,0
30-Dec-2025,7836.5,Call,8300,0,0,26.2856,0,0,0
30-Dec-2025,7837.5,Put,8300,0,0,26.2856,0,0,0
30-Dec-2025,7836.5,Call,8200,0,0,26.2856,0,0,0
30-Dec-2025,7837.5,Call,8100,0,0,26.2856,0,0,0
30-Dec-2025,7837.5,Call,8600,0,0,26.2856,0,0,0
