25-Nov-2025,136.19,-,0,133.64,0,34.8269,6080,17091,9292
28-Oct-2025,136.19,-,0,136.53,0,34.8269,-1730,16121,9230
28-Oct-2025,136.19,Call,140,0.55,30.29,34.8269,-132,2269,1401
28-Oct-2025,136.19,Put,135,0.5,18.45,34.8269,-49,671,947
28-Oct-2025,136.19,Call,145,0.15,38.09,34.8269,-82,1595,646
25-Nov-2025,136.19,Call,140,2.35,20.79,34.8269,105,1323,531
28-Oct-2025,136.19,Call,137.5,0.95,25.3,34.8269,-34,402,503
28-Oct-2025,136.19,Call,138,0.8,26.71,34.8269,-3,259,403
28-Oct-2025,136.19,Call,141,0.4,30.87,34.8269,34,283,395
28-Oct-2025,136.19,Call,139,0.65,28.55,34.8269,-23,202,392
28-Oct-2025,136.19,Call,135,2.2,25.89,34.8269,-29,309,335
28-Oct-2025,136.19,Put,130,0.1,29.04,34.8269,-68,572,308
28-Oct-2025,136.19,Put,137.5,1.85,19.15,34.8269,6,537,264
28-Oct-2025,136.19,Call,142.5,0.25,33.69,34.8269,2,558,262
28-Oct-2025,136.19,Call,137,1.15,24.42,34.8269,8,161,251
28-Oct-2025,136.19,Put,137,1.45,20.31,34.8269,-19,114,249
28-Oct-2025,136.19,Call,147.5,0.05,37.82,34.8269,32,392,241
28-Oct-2025,136.19,Put,138,2.35,19.2,34.8269,-45,88,233
25-Nov-2025,136.19,Call,145,1.3,24.07,34.8269,74,472,175
30-Dec-2025,136.19,-,0,133,0,34.8269,68,401,174
28-Oct-2025,136.19,Put,140,3.85,22.73,34.8269,-59,426,171
25-Nov-2025,136.19,Call,150,0.7,26.6,34.8269,15,392,171
28-Oct-2025,136.19,Call,142,0.25,31.75,34.8269,-2,488,153
28-Oct-2025,136.19,Call,150,0.05,44.49,34.8269,-29,1386,143
28-Oct-2025,136.19,Put,132.5,0.15,19.58,34.8269,-33,157,139
25-Nov-2025,136.19,Call,137,3.25,19.53,34.8269,57,99,123
25-Nov-2025,136.19,Call,135,4,16.48,34.8269,24,283,120
28-Oct-2025,136.19,Put,136,0.95,19.8,34.8269,-10,106,118
25-Nov-2025,136.19,Put,130,2.75,36.35,34.8269,28,482,109
28-Oct-2025,136.19,Call,136,1.55,23.9,34.8269,-10,83,107
25-Nov-2025,136.19,Put,135,5.1,38.74,34.8269,37,350,99
25-Nov-2025,136.19,Call,138,2.85,19.72,34.8269,26,127,96
25-Nov-2025,136.19,Put,140,8.3,42.8,34.8269,5,293,92
28-Oct-2025,136.19,Put,139,3.1,24.63,34.8269,-17,76,81
28-Oct-2025,136.19,Call,147,0.1,41.12,34.8269,-22,129,77
25-Nov-2025,136.19,Call,160,0.3,31.59,34.8269,13,279,68
28-Oct-2025,136.19,Put,133,0.15,21.4,34.8269,-28,131,66
25-Nov-2025,136.19,Put,125,1.35,34.83,34.8269,25,448,64
28-Oct-2025,136.19,Put,131,0.1,25.31,34.8269,27,146,58
25-Nov-2025,136.19,Put,137,6.35,40.83,34.8269,27,49,58
28-Oct-2025,136.19,Call,149,0.1,47.01,34.8269,35,58,53
28-Oct-2025,136.19,Put,142.5,6.05,28.34,34.8269,-1,104,50
25-Nov-2025,136.19,Put,136,5.75,40.5,34.8269,7,49,49
28-Oct-2025,136.19,Call,143,0.15,35.6,34.8269,-15,162,48
25-Nov-2025,136.19,Put,150,16.6,53.74,34.8269,34,130,48
28-Oct-2025,136.19,Call,155,0.05,57.12,34.8269,-19,376,44
25-Nov-2025,136.19,Call,136,3.55,17.43,34.8269,10,67,44
28-Oct-2025,136.19,Call,146,0.15,38.09,34.8269,-17,168,43
25-Nov-2025,136.19,Put,120,0.6,35.16,34.8269,24,239,43
25-Nov-2025,136.19,Call,130,6.65,0,34.8269,14,90,41
25-Nov-2025,136.19,Put,138,6.9,41.01,34.8269,16,78,41
28-Oct-2025,136.19,Put,134,0.35,19.54,34.8269,-21,75,40
25-Nov-2025,136.19,Call,142,1.8,22.18,34.8269,24,81,40
28-Oct-2025,136.19,Put,142,5.65,0,34.8269,-12,29,39
28-Oct-2025,136.19,Call,148,0.05,39.18,34.8269,0,167,38
25-Nov-2025,136.19,Call,139,2.6,20.55,34.8269,2,114,35
25-Nov-2025,136.19,Call,146,1.15,24.92,34.8269,15,27,34
28-Oct-2025,136.19,Put,141,4.65,26.87,34.8269,-9,39,33
28-Oct-2025,136.19,Put,143,6.15,0,34.8269,-2,17,33
28-Oct-2025,136.19,Call,152.5,0.05,50.92,34.8269,-3,140,33
28-Oct-2025,136.19,Call,144,0.15,37.17,34.8269,-16,138,32
28-Oct-2025,136.19,Put,145,8.6,0,34.8269,-15,113,29
25-Nov-2025,136.19,Put,127,1.8,34.17,34.8269,10,75,29
28-Oct-2025,136.19,Put,128,0.05,31.99,34.8269,-1,79,27
28-Oct-2025,136.19,Call,134,3.05,28.28,34.8269,-7,36,26
25-Nov-2025,136.19,Put,134,4.55,38.38,34.8269,-2,33,25
25-Nov-2025,136.19,Put,129,2.45,36.4,34.8269,20,83,25
25-Nov-2025,136.19,Call,143,1.65,22.74,34.8269,7,35,24
28-Oct-2025,136.19,Put,132,0.1,21.52,34.8269,-8,107,22
28-Oct-2025,136.19,Call,153,0.05,52.17,34.8269,5,107,22
25-Nov-2025,136.19,Call,134,4.35,14.24,34.8269,8,28,21
30-Dec-2025,136.19,Put,126,2.8,33.56,34.8269,20,20,21
25-Nov-2025,136.19,Put,139,7.2,39.48,34.8269,5,23,20
25-Nov-2025,136.19,Put,145,11.3,41.78,34.8269,5,48,20
28-Oct-2025,136.19,Call,160,0.05,68.95,34.8269,0,1214,19
25-Nov-2025,136.19,Put,142,9.3,41.53,34.8269,-3,15,19
28-Oct-2025,136.19,Call,132.5,4.15,27.87,34.8269,0,37,18
25-Nov-2025,136.19,Call,141,2,21.76,34.8269,8,33,18
25-Nov-2025,136.19,Call,144,1.45,23.86,34.8269,7,53,18
28-Oct-2025,136.19,Call,130,6.75,37.71,34.8269,-11,104,17
25-Nov-2025,136.19,Call,131,6.85,15.69,34.8269,4,6,17
25-Nov-2025,136.19,Put,132,3.65,37.77,34.8269,4,31,16
25-Nov-2025,136.19,Call,147,1,24.75,34.8269,6,38,16
25-Nov-2025,136.19,Put,126,1.35,33.41,34.8269,8,21,16
25-Nov-2025,136.19,Put,123,0.85,33.54,34.8269,8,41,14
25-Nov-2025,136.19,Put,133,3.95,37.18,34.8269,4,29,13
25-Nov-2025,136.19,Call,132,6.25,17.6,34.8269,3,6,13
25-Nov-2025,136.19,Call,156,0.45,30.09,34.8269,1,18,13
25-Nov-2025,136.19,Put,122,0.85,35.28,34.8269,7,99,13
25-Nov-2025,136.19,Call,120,14.7,0,34.8269,10,19,12
28-Oct-2025,136.19,Put,127.5,0.05,33.64,34.8269,2,110,11
25-Nov-2025,136.19,Put,160,24.9,57.32,34.8269,8,34,10
25-Nov-2025,136.19,Call,133,5.6,18.31,34.8269,1,8,9
25-Nov-2025,136.19,Put,128,2.05,35.45,34.8269,1,40,9
25-Nov-2025,136.19,Call,148,0.9,27.66,34.8269,2,37,8
28-Oct-2025,136.19,Put,125,0.05,41.82,34.8269,-5,225,7
28-Oct-2025,136.19,Call,154,0.05,54.66,34.8269,-6,95,7
25-Nov-2025,136.19,Put,118,0.45,35.78,34.8269,4,26,7
30-Dec-2025,136.19,Call,146,2.4,21.8,34.8269,-1,14,7
25-Nov-2025,136.19,Call,154,0.45,29.93,34.8269,5,9,6
25-Nov-2025,136.19,Put,131,3.1,36.48,34.8269,1,22,5
28-Oct-2025,136.19,Put,127,0.05,35.28,34.8269,-3,76,4
30-Dec-2025,136.19,Call,142,3.45,20.74,34.8269,0,25,4
28-Oct-2025,136.19,Call,125,13,102.39,34.8269,-1,38,3
28-Oct-2025,136.19,Call,132,4.85,25.23,34.8269,0,39,3
28-Oct-2025,136.19,Call,120,17.9,127.87,34.8269,-1,18,3
28-Oct-2025,136.19,Put,150,12.2,0,34.8269,-2,149,3
25-Nov-2025,136.19,Call,118,16.35,0,34.8269,2,6,3
30-Dec-2025,136.19,Put,130,3.85,32.68,34.8269,1,26,3
28-Oct-2025,136.19,Call,115,22.6,145.4,34.8269,0,12,2
28-Oct-2025,136.19,Call,165,0.05,80.15,34.8269,-1,506,2
25-Nov-2025,136.19,Put,124,0.95,32.96,34.8269,1,17,2
28-Oct-2025,136.19,Call,156,0.05,59.54,34.8269,0,81,1
28-Oct-2025,136.19,Call,131,6.8,62.43,34.8269,0,51,1
28-Oct-2025,136.19,Call,157.5,0.05,63.12,34.8269,0,84,1
25-Nov-2025,136.19,Call,153,0.5,27.34,34.8269,0,4,1
25-Nov-2025,136.19,Put,114,0.25,37.14,34.8269,0,0,1
25-Nov-2025,136.19,Call,158,0.4,31.46,34.8269,0,6,1
28-Oct-2025,136.19,Put,147,0,0,34.8269,0,13,0
28-Oct-2025,136.19,Call,118,0,0,34.8269,0,0,0
28-Oct-2025,136.19,Call,127,0,0,34.8269,0,0,0
28-Oct-2025,136.19,Call,110,0,0,34.8269,0,6,0
28-Oct-2025,136.19,Put,144,0,0,34.8269,0,16,0
28-Oct-2025,136.19,Put,120,0,0,34.8269,0,164,0
28-Oct-2025,136.19,Put,118,0,0,34.8269,0,0,0
28-Oct-2025,136.19,Put,122.5,0,0,34.8269,0,110,0
28-Oct-2025,136.19,Put,158,0,0,34.8269,0,0,0
28-Oct-2025,136.19,Put,146,0,0,34.8269,0,13,0
28-Oct-2025,136.19,Put,156,0,0,34.8269,0,0,0
28-Oct-2025,136.19,Call,122.5,0,0,34.8269,0,14,0
28-Oct-2025,136.19,Call,126,0,0,34.8269,0,0,0
28-Oct-2025,136.19,Put,124,0,0,34.8269,0,8,0
28-Oct-2025,136.19,Put,126,0,0,34.8269,0,36,0
28-Oct-2025,136.19,Call,162,0,0,34.8269,0,175,0
28-Oct-2025,136.19,Call,122,0,0,34.8269,0,0,0
28-Oct-2025,136.19,Put,122,0,0,34.8269,0,22,0
28-Oct-2025,136.19,Call,124,0,0,34.8269,0,0,0
28-Oct-2025,136.19,Call,128,0,0,34.8269,0,5,0
28-Oct-2025,136.19,Call,127.5,0,0,34.8269,0,18,0
28-Oct-2025,136.19,Call,133,0,0,34.8269,0,56,0
28-Oct-2025,136.19,Call,158,0,0,34.8269,0,8,0
28-Oct-2025,136.19,Put,160,0,0,34.8269,0,28,0
28-Oct-2025,136.19,Put,147.5,0,0,34.8269,0,16,0
28-Oct-2025,136.19,Put,105,0,0,34.8269,0,13,0
28-Oct-2025,136.19,Put,153,0,0,34.8269,0,0,0
28-Oct-2025,136.19,Put,154,0,0,34.8269,0,0,0
28-Oct-2025,136.19,Put,114,0,0,34.8269,0,0,0
28-Oct-2025,136.19,Call,114,0,0,34.8269,0,0,0
28-Oct-2025,136.19,Put,152.5,0,0,34.8269,0,6,0
28-Oct-2025,136.19,Put,155,0,0,34.8269,0,26,0
28-Oct-2025,136.19,Put,151,0,0,34.8269,0,0,0
28-Oct-2025,136.19,Put,115,0,0,34.8269,0,72,0
28-Oct-2025,136.19,Put,162,0,0,34.8269,0,0,0
28-Oct-2025,136.19,Put,165,0,0,34.8269,0,3,0
28-Oct-2025,136.19,Put,129,0,0,34.8269,0,59,0
28-Oct-2025,136.19,Put,148,0,0,34.8269,0,10,0
28-Oct-2025,136.19,Call,152,0,0,34.8269,0,47,0
28-Oct-2025,136.19,Call,129,0,0,34.8269,0,26,0
28-Oct-2025,136.19,Call,151,0,0,34.8269,0,91,0
28-Oct-2025,136.19,Put,116,0,0,34.8269,0,0,0
28-Oct-2025,136.19,Put,117.5,0,0,34.8269,0,183,0
28-Oct-2025,136.19,Call,123,0,0,34.8269,0,0,0
28-Oct-2025,136.19,Put,123,0,0,34.8269,0,0,0
25-Nov-2025,136.19,Put,116,0,0,34.8269,0,0,0
25-Nov-2025,136.19,Call,122,0,0,34.8269,0,0,0
28-Oct-2025,136.19,Put,110,0,0,34.8269,0,46,0
28-Oct-2025,136.19,Put,149,0,0,34.8269,0,1,0
28-Oct-2025,136.19,Call,116,0,0,34.8269,0,0,0
28-Oct-2025,136.19,Put,152,0,0,34.8269,0,0,0
25-Nov-2025,136.19,Call,125,0,0,34.8269,0,0,0
28-Oct-2025,136.19,Call,105,0,0,34.8269,0,6,0
25-Nov-2025,136.19,Call,124,0,0,34.8269,0,0,0
25-Nov-2025,136.19,Put,156,0,0,34.8269,0,0,0
25-Nov-2025,136.19,Put,162,0,0,34.8269,0,0,0
25-Nov-2025,136.19,Call,123,0,0,34.8269,0,0,0
25-Nov-2025,136.19,Call,162,0,0,34.8269,0,0,0
25-Nov-2025,136.19,Call,149,0,0,34.8269,0,0,0
25-Nov-2025,136.19,Put,149,0,0,34.8269,0,0,0
25-Nov-2025,136.19,Call,127,0,0,34.8269,0,40,0
30-Dec-2025,136.19,Put,156,0,0,34.8269,0,0,0
30-Dec-2025,136.19,Put,154,0,0,34.8269,0,0,0
30-Dec-2025,136.19,Put,152,0,0,34.8269,0,0,0
30-Dec-2025,136.19,Put,148,0,0,34.8269,0,0,0
30-Dec-2025,136.19,Put,146,0,0,34.8269,0,0,0
30-Dec-2025,136.19,Put,150,0,0,34.8269,0,0,0
30-Dec-2025,136.19,Call,150,0,0,34.8269,0,0,0
30-Dec-2025,136.19,Put,140,0,0,34.8269,0,0,0
30-Dec-2025,136.19,Call,140,0,0,34.8269,0,0,0
25-Nov-2025,136.19,Put,158,0,0,34.8269,0,0,0
25-Nov-2025,136.19,Put,143,0,0,34.8269,0,0,0
25-Nov-2025,136.19,Put,144,0,0,34.8269,0,0,0
25-Nov-2025,136.19,Put,141,0,0,34.8269,0,0,0
25-Nov-2025,136.19,Put,151,0,0,34.8269,0,0,0
25-Nov-2025,136.19,Call,126,0,0,34.8269,0,0,0
25-Nov-2025,136.19,Put,152,0,0,34.8269,0,0,0
25-Nov-2025,136.19,Put,147,0,0,34.8269,0,1,0
25-Nov-2025,136.19,Put,146,0,0,34.8269,0,0,0
25-Nov-2025,136.19,Call,152,0,0,34.8269,0,0,0
25-Nov-2025,136.19,Put,148,0,0,34.8269,0,0,0
25-Nov-2025,136.19,Put,154,0,0,34.8269,0,0,0
25-Nov-2025,136.19,Call,129,0,0,34.8269,0,0,0
30-Dec-2025,136.19,Call,132,0,0,34.8269,0,0,0
25-Nov-2025,136.19,Call,114,0,0,34.8269,0,0,0
30-Dec-2025,136.19,Call,134,0,0,34.8269,0,0,0
30-Dec-2025,136.19,Call,148,0,0,34.8269,0,0,0
25-Nov-2025,136.19,Call,151,0,0,34.8269,0,0,0
25-Nov-2025,136.19,Call,116,0,0,34.8269,0,0,0
25-Nov-2025,136.19,Put,153,0,0,34.8269,0,0,0
30-Dec-2025,136.19,Call,138,0,0,34.8269,0,0,0
30-Dec-2025,136.19,Put,124,0,0,34.8269,0,0,0
30-Dec-2025,136.19,Call,130,0,0,34.8269,0,0,0
30-Dec-2025,136.19,Put,142,0,0,34.8269,0,18,0
30-Dec-2025,136.19,Call,122,0,0,0,0,0,0
30-Dec-2025,136.19,Call,116,0,0,34.8269,0,0,0
30-Dec-2025,136.19,Put,122,0,0,34.8269,0,1,0
30-Dec-2025,136.19,Put,144,0,0,34.8269,0,0,0
30-Dec-2025,136.19,Put,136,0,0,34.8269,0,0,0
30-Dec-2025,136.19,Put,116,0,0,34.8269,0,0,0
30-Dec-2025,136.19,Put,128,0,0,34.8269,0,8,0
30-Dec-2025,136.19,Put,160,0,0,34.8269,0,0,0
30-Dec-2025,136.19,Call,160,0,0,34.8269,0,30,0
30-Dec-2025,136.19,Call,126,0,0,34.8269,0,0,0
30-Dec-2025,136.19,Call,144,0,0,34.8269,0,3,0
30-Dec-2025,136.19,Call,120,0,0,34.8269,0,0,0
30-Dec-2025,136.19,Call,124,0,0,34.8269,0,0,0
30-Dec-2025,136.19,Put,132,0,0,34.8269,0,0,0
30-Dec-2025,136.19,Call,154,0,0,34.8269,0,4,0
30-Dec-2025,136.19,Call,136,0,0,34.8269,0,0,0
30-Dec-2025,136.19,Put,120,0,0,34.8269,0,0,0
30-Dec-2025,136.19,Call,128,0,0,34.8269,0,0,0
30-Dec-2025,136.19,Put,138,0,0,34.8269,0,0,0
30-Dec-2025,136.19,Put,134,0,0,34.8269,0,0,0
25-Nov-2025,136.19,Call,128,0,0,34.8269,0,2,0
