28-Oct-2025,1241.6,-,0,1243.3,0,27.0069,1578,70234,28517
25-Nov-2025,1241.6,-,0,1250.4,0,27.0069,22526,82425,25875
28-Oct-2025,1241.6,Call,1260,2.9,17.11,27.0069,99,1693,7910
28-Oct-2025,1241.6,Put,1240,6.65,15.17,27.0069,101,1001,6441
28-Oct-2025,1241.6,Call,1270,1.6,18.33,27.0069,182,2229,6167
28-Oct-2025,1241.6,Call,1280,0.95,19.98,27.0069,-148,1578,4733
28-Oct-2025,1241.6,Call,1250,5.35,16.28,27.0069,274,1503,4630
28-Oct-2025,1241.6,Put,1250,12.45,15.51,27.0069,-53,1194,4497
28-Oct-2025,1241.6,Put,1230,3,14.87,27.0069,-263,2088,3999
28-Oct-2025,1241.6,Put,1220,1.2,15.38,27.0069,-181,1704,2425
28-Oct-2025,1241.6,Call,1300,0.45,24.51,27.0069,-234,1980,2360
28-Oct-2025,1241.6,Put,1260,20.05,16.55,27.0069,-116,757,2010
28-Oct-2025,1241.6,Call,1290,0.6,21.41,27.0069,-265,869,1921
28-Oct-2025,1241.6,Put,1200,0.35,18.42,27.0069,-155,3157,1642
28-Oct-2025,1241.6,Call,1240,9.5,15.64,27.0069,89,671,1464
28-Oct-2025,1241.6,Put,1210,0.5,16.39,27.0069,-8,2477,1451
25-Nov-2025,1241.6,Put,1200,9.2,19.3,27.0069,-14,1198,930
25-Nov-2025,1241.6,Put,1250,26.85,18.45,27.0069,0,413,844
25-Nov-2025,1241.6,Call,1300,9.65,18.01,27.0069,58,1078,810
28-Oct-2025,1241.6,Put,1270,29.2,17.39,27.0069,-143,402,772
28-Oct-2025,1241.6,Call,1230,15.6,15.12,27.0069,-12,3972,762
28-Oct-2025,1241.6,Call,1200,42.05,20.54,27.0069,-302,3166,674
25-Nov-2025,1241.6,Call,1250,27,17.72,27.0069,74,608,597
25-Nov-2025,1241.6,Put,1260,30.95,18.36,27.0069,-110,508,585
28-Oct-2025,1241.6,Put,1190,0.2,20.59,27.0069,-71,1754,538
25-Nov-2025,1241.6,Put,1180,5.95,19.9,27.0069,-115,505,511
25-Nov-2025,1241.6,Call,1280,14.5,17.8,27.0069,24,560,463
28-Oct-2025,1241.6,Put,1150,0.05,28.56,27.0069,-76,1842,436
28-Oct-2025,1241.6,Call,1310,0.3,25.78,27.0069,-89,567,427
25-Nov-2025,1241.6,Put,1240,21.65,18.59,27.0069,27,311,421
25-Nov-2025,1241.6,Call,1320,6.1,18.46,27.0069,95,558,390
28-Oct-2025,1241.6,Call,1320,0.25,27.41,27.0069,-91,936,381
25-Nov-2025,1241.6,Put,1230,17.55,18.5,27.0069,-32,1013,374
25-Nov-2025,1241.6,Call,1260,22.25,17.68,27.0069,-1,535,370
28-Oct-2025,1241.6,Put,1170,0.15,26.14,27.0069,-140,2483,338
25-Nov-2025,1241.6,Call,1340,4,18.91,27.0069,55,343,324
25-Nov-2025,1241.6,Call,1270,18.1,17.6,27.0069,-1,462,315
25-Nov-2025,1241.6,Put,1220,14.7,18.86,27.0069,-76,311,313
25-Nov-2025,1241.6,Put,1160,4,21.03,27.0069,94,241,297
28-Oct-2025,1241.6,Put,1160,0.1,27.85,27.0069,-43,2220,288
25-Nov-2025,1241.6,Call,1400,1.35,21.42,27.0069,97,335,274
28-Oct-2025,1241.6,Put,1100,0.1,46.12,27.0069,-162,1641,267
28-Oct-2025,1241.6,Put,1180,0.2,23.91,27.0069,-54,1888,255
28-Oct-2025,1241.6,Put,1280,35.9,0,27.0069,-45,204,254
28-Oct-2025,1241.6,Call,1330,0.2,29.38,27.0069,-50,187,242
28-Oct-2025,1241.6,Call,1220,24,16.9,27.0069,-74,1617,239
25-Nov-2025,1241.6,Put,1100,1.4,24.97,27.0069,48,446,187
25-Nov-2025,1241.6,Call,1330,4.9,18.71,27.0069,-3,107,179
25-Nov-2025,1241.6,Put,1300,58.45,18.43,27.0069,47,159,174
25-Nov-2025,1241.6,Put,1150,3.4,21.57,27.0069,-9,251,171
28-Oct-2025,1241.6,Call,1340,0.15,30.96,27.0069,-61,1278,168
25-Nov-2025,1241.6,Call,1350,3.3,19.57,27.0069,-3,378,164
28-Oct-2025,1241.6,Put,1140,0.1,33.93,27.0069,-19,1342,149
25-Nov-2025,1241.6,Call,1240,32.1,17.84,27.0069,41,265,145
28-Oct-2025,1241.6,Call,1210,33.05,17.5,27.0069,-36,3206,131
28-Oct-2025,1241.6,Put,1120,0.05,37.12,27.0069,-85,538,130
25-Nov-2025,1241.6,Call,1310,7.55,18.74,27.0069,19,111,113
28-Oct-2025,1241.6,Put,1300,58.8,0,27.0069,-60,72,106
25-Nov-2025,1241.6,Put,1270,36.4,18.4,27.0069,-13,392,102
30-Dec-2025,1241.6,-,0,1258,0,27.0069,16,1631,98
25-Nov-2025,1241.6,Put,1210,10.95,18.8,27.0069,-30,97,93
25-Nov-2025,1241.6,Put,1170,4.95,20.01,27.0069,-39,253,76
25-Nov-2025,1241.6,Call,1290,11.8,17.79,27.0069,25,169,67
25-Nov-2025,1241.6,Put,1140,2.7,22.26,27.0069,-2,157,66
25-Nov-2025,1241.6,Call,1200,60,17.85,27.0069,-7,545,65
28-Oct-2025,1241.6,Put,1130,0.1,36.97,27.0069,-14,651,64
28-Oct-2025,1241.6,Call,1160,84.8,42.98,27.0069,-56,6242,64
25-Nov-2025,1241.6,Call,1220,45.85,18.16,27.0069,-29,543,57
28-Oct-2025,1241.6,Call,1170,73,32.68,27.0069,-14,877,55
28-Oct-2025,1241.6,Call,1140,103.9,43.05,27.0069,-17,579,53
28-Oct-2025,1241.6,Call,1350,0.15,33.62,27.0069,-38,42,51
25-Nov-2025,1241.6,Put,1120,2,23.53,27.0069,-5,365,51
28-Oct-2025,1241.6,Call,1360,0.1,36.23,27.0069,-4,188,46
25-Nov-2025,1241.6,Put,1280,43,18.62,27.0069,3,98,45
28-Oct-2025,1241.6,Put,1000,0.05,72.43,27.0069,-2,360,44
25-Nov-2025,1241.6,Put,1190,7.4,19.4,27.0069,-25,104,44
28-Oct-2025,1241.6,Put,1290,45.15,0,27.0069,-10,79,36
28-Oct-2025,1241.6,Put,1080,0.05,48.65,27.0069,-9,452,34
25-Nov-2025,1241.6,Call,1230,37.4,19.24,27.0069,-2,510,33
25-Nov-2025,1241.6,Put,1130,2.35,22.98,27.0069,-8,50,33
28-Oct-2025,1241.6,Call,1150,92.15,37.23,27.0069,-14,3479,29
25-Nov-2025,1241.6,Call,1380,1.95,20.65,27.0069,2,106,28
30-Dec-2025,1241.6,Call,1360,11.25,19.34,27.0069,17,38,26
25-Nov-2025,1241.6,Call,1360,2.75,19.89,27.0069,-1,167,24
28-Oct-2025,1241.6,Put,1050,0.05,57.43,27.0069,-21,252,22
28-Oct-2025,1241.6,Call,1180,65.05,35.73,27.0069,-7,1403,22
25-Nov-2025,1241.6,Call,1180,76,18.55,27.0069,-1,54,21
25-Nov-2025,1241.6,Put,1110,1.7,24.31,27.0069,11,61,19
28-Oct-2025,1241.6,Put,1110,0.1,43.06,27.0069,-9,185,18
28-Oct-2025,1241.6,Call,1190,54,24.88,27.0069,-3,1006,14
28-Oct-2025,1241.6,Call,1380,0.2,42.82,27.0069,-1,89,14
28-Oct-2025,1241.6,Put,1020,0.05,66.37,27.0069,-11,70,13
25-Nov-2025,1241.6,Put,1000,0.4,33.14,27.0069,7,36,12
28-Oct-2025,1241.6,Put,1070,0.05,51.56,27.0069,-9,198,11
28-Oct-2025,1241.6,Call,1100,142.5,70.2,27.0069,-6,352,9
25-Nov-2025,1241.6,Put,1080,1,26.43,27.0069,1,56,9
28-Oct-2025,1241.6,Put,990,0.05,75.49,27.0069,0,40,7
25-Nov-2025,1241.6,Call,1150,110,28.22,27.0069,3,77,7
28-Oct-2025,1241.6,Call,1130,113.95,47.52,27.0069,-4,318,6
28-Oct-2025,1241.6,Call,1120,125,61.56,27.0069,-3,252,6
25-Nov-2025,1241.6,Put,1090,1.2,25.85,27.0069,2,7,6
25-Nov-2025,1241.6,Call,1140,113.8,20.27,27.0069,4,24,6
28-Oct-2025,1241.6,Call,1050,199,119.19,27.0069,-1,77,5
28-Oct-2025,1241.6,Put,1090,0.05,45.75,27.0069,-2,147,5
30-Dec-2025,1241.6,Put,1200,18.35,20.14,27.0069,3,14,5
30-Dec-2025,1241.6,Call,1300,23,18.5,27.0069,2,34,5
28-Oct-2025,1241.6,Call,1080,161.4,73.99,27.0069,-2,101,4
25-Nov-2025,1241.6,Call,1050,206.5,42.6,27.0069,2,2,4
28-Oct-2025,1241.6,Put,980,0.05,78.58,27.0069,0,182,2
28-Oct-2025,1241.6,Put,1060,0.05,54.49,27.0069,-1,610,2
25-Nov-2025,1241.6,Call,1170,87,20.47,27.0069,1,52,2
25-Nov-2025,1241.6,Call,1130,126.5,27.29,27.0069,0,0,2
28-Oct-2025,1241.6,Call,1000,245,114.33,27.0069,0,62,1
25-Nov-2025,1241.6,Call,1190,74.15,23.92,27.0069,0,23,1
30-Dec-2025,1241.6,Put,1100,4.45,23.6,27.0069,0,31,1
30-Dec-2025,1241.6,Call,1280,32.5,18.44,27.0069,0,6,1
28-Oct-2025,1241.6,Put,880,0,0,27.0069,0,6,0
28-Oct-2025,1241.6,Put,1010,0,0,27.0069,0,14,0
28-Oct-2025,1241.6,Put,1030,0,0,27.0069,0,113,0
28-Oct-2025,1241.6,Call,1400,0,0,27.0069,0,0,0
28-Oct-2025,1241.6,Put,1400,0,0,27.0069,0,0,0
28-Oct-2025,1241.6,Put,1350,0,0,27.0069,0,0,0
28-Oct-2025,1241.6,Call,1030,0,0,27.0069,0,3,0
28-Oct-2025,1241.6,Call,1090,0,0,27.0069,0,24,0
28-Oct-2025,1241.6,Put,950,0,0,27.0069,0,26,0
28-Oct-2025,1241.6,Put,970,0,0,27.0069,0,0,0
28-Oct-2025,1241.6,Put,1380,0,0,27.0069,0,0,0
28-Oct-2025,1241.6,Put,1340,0,0,27.0069,0,0,0
28-Oct-2025,1241.6,Put,1360,0,0,27.0069,0,0,0
28-Oct-2025,1241.6,Put,1320,0,0,27.0069,0,49,0
28-Oct-2025,1241.6,Put,860,0,0,27.0069,0,28,0
28-Oct-2025,1241.6,Put,960,0,0,27.0069,0,14,0
28-Oct-2025,1241.6,Call,1070,0,0,27.0069,0,34,0
28-Oct-2025,1241.6,Call,1110,0,0,27.0069,0,66,0
28-Oct-2025,1241.6,Put,1040,0,0,27.0069,0,252,0
28-Oct-2025,1241.6,Put,1310,0,0,27.0069,0,35,0
28-Oct-2025,1241.6,Call,1420,0,0,0,0,0,0
28-Oct-2025,1241.6,Put,1420,0,0,0,0,0,0
28-Oct-2025,1241.6,Call,920,0,0,27.0069,0,16,0
28-Oct-2025,1241.6,Call,960,0,0,27.0069,0,44,0
28-Oct-2025,1241.6,Call,1020,0,0,27.0069,0,4,0
28-Oct-2025,1241.6,Call,1370,0,0,0,0,0,0
28-Oct-2025,1241.6,Put,1370,0,0,0,0,0,0
28-Oct-2025,1241.6,Put,1330,0,0,27.0069,0,1,0
28-Oct-2025,1241.6,Put,900,0,0,27.0069,0,14,0
28-Oct-2025,1241.6,Call,1060,0,0,27.0069,0,36,0
25-Nov-2025,1241.6,Put,1330,0,0,27.0069,0,0,0
25-Nov-2025,1241.6,Put,1380,0,0,27.0069,0,0,0
25-Nov-2025,1241.6,Call,1120,0,0,27.0069,0,9,0
25-Nov-2025,1241.6,Put,1400,0,0,27.0069,0,0,0
25-Nov-2025,1241.6,Put,1420,0,0,0,0,0,0
25-Nov-2025,1241.6,Call,1370,0,0,0,0,0,0
25-Nov-2025,1241.6,Put,1290,0,0,27.0069,0,0,0
25-Nov-2025,1241.6,Put,1020,0,0,27.0069,0,0,0
25-Nov-2025,1241.6,Call,1420,0,0,0,0,0,0
25-Nov-2025,1241.6,Call,1160,0,0,27.0069,0,4,0
25-Nov-2025,1241.6,Put,1360,0,0,27.0069,0,0,0
25-Nov-2025,1241.6,Call,1110,0,0,27.0069,0,0,0
25-Nov-2025,1241.6,Call,1060,0,0,27.0069,0,0,0
25-Nov-2025,1241.6,Put,1320,0,0,27.0069,0,0,0
28-Oct-2025,1241.6,Call,1040,0,0,27.0069,0,7,0
25-Nov-2025,1241.6,Put,1370,0,0,0,0,0,0
30-Dec-2025,1241.6,Put,1280,0,0,27.0069,0,0,0
25-Nov-2025,1241.6,Call,1080,0,0,27.0069,0,0,0
30-Dec-2025,1241.6,Call,1260,0,0,27.0069,0,0,0
30-Dec-2025,1241.6,Put,1180,0,0,27.0069,0,1,0
25-Nov-2025,1241.6,Call,1210,0,0,27.0069,0,73,0
25-Nov-2025,1241.6,Put,1060,0,0,27.0069,0,0,0
30-Dec-2025,1241.6,Put,1240,0,0,27.0069,0,0,0
30-Dec-2025,1241.6,Put,1260,0,0,27.0069,0,0,0
25-Nov-2025,1241.6,Put,1350,0,0,27.0069,0,0,0
30-Dec-2025,1241.6,Put,1080,0,0,27.0069,0,0,0
25-Nov-2025,1241.6,Call,1100,0,0,27.0069,0,16,0
30-Dec-2025,1241.6,Put,1140,0,0,27.0069,0,0,0
25-Nov-2025,1241.6,Put,1070,0,0,27.0069,0,23,0
30-Dec-2025,1241.6,Call,1400,0,0,27.0069,0,0,0
25-Nov-2025,1241.6,Call,1000,0,0,27.0069,0,0,0
30-Dec-2025,1241.6,Put,1300,0,0,27.0069,0,0,0
25-Nov-2025,1241.6,Put,1340,0,0,27.0069,0,0,0
25-Nov-2025,1241.6,Put,1310,0,0,27.0069,0,0,0
25-Nov-2025,1241.6,Call,1020,0,0,27.0069,0,0,0
25-Nov-2025,1241.6,Put,1040,0,0,27.0069,0,0,0
30-Dec-2025,1241.6,Put,1060,0,0,27.0069,0,0,0
30-Dec-2025,1241.6,Put,1040,0,0,27.0069,0,0,0
30-Dec-2025,1241.6,Put,1000,0,0,27.0069,0,0,0
25-Nov-2025,1241.6,Call,1040,0,0,27.0069,0,0,0
30-Dec-2025,1241.6,Call,1320,0,0,27.0069,0,0,0
30-Dec-2025,1241.6,Call,1200,0,0,27.0069,0,9,0
25-Nov-2025,1241.6,Call,1070,0,0,27.0069,0,0,0
30-Dec-2025,1241.6,Put,1120,0,0,27.0069,0,1,0
30-Dec-2025,1241.6,Put,1160,0,0,27.0069,0,0,0
30-Dec-2025,1241.6,Call,1240,0,0,27.0069,0,0,0
30-Dec-2025,1241.6,Call,1340,0,0,27.0069,0,0,0
25-Nov-2025,1241.6,Put,1050,0,0,27.0069,0,0,0
30-Dec-2025,1241.6,Put,1220,0,0,27.0069,0,3,0
25-Nov-2025,1241.6,Call,1090,0,0,27.0069,0,1,0
