28-Oct-2025,2163.9,-,0,2163.8,0,28.1773,953,28502,2642
25-Nov-2025,2164.7,-,0,2178.5,0,28.1773,2071,13820,2519
28-Oct-2025,2163.9,Call,2200,5.55,19.39,28.1773,203,1045,1288
28-Oct-2025,2164.7,Put,2120,3.75,20.28,28.1773,-22,743,861
28-Oct-2025,2163.9,Put,2160,15.25,19.88,28.1773,28,742,782
28-Oct-2025,2163.9,Put,2140,7.8,19.52,28.1773,48,785,774
28-Oct-2025,2163.9,Call,2180,10.45,18.71,28.1773,57,563,744
28-Oct-2025,2164.7,Call,2220,2.3,19.3,28.1773,16,461,609
28-Oct-2025,2164.7,Call,2240,1.05,19.86,28.1773,26,831,428
28-Oct-2025,2164.7,Call,2260,0.65,21.73,28.1773,28,494,370
28-Oct-2025,2164.7,Put,2040,0.85,31.49,28.1773,95,1361,319
28-Oct-2025,2164.7,Put,2100,1.85,21.51,28.1773,-13,1623,279
28-Oct-2025,2163.9,Put,2180,26.95,20.82,28.1773,-21,340,273
28-Oct-2025,2163.9,Call,2160,18.85,17.95,28.1773,4,544,261
25-Nov-2025,2164.7,Put,2100,29,24.73,28.1773,-70,346,209
28-Oct-2025,2164.7,Put,2200,41.8,21.92,28.1773,-4,204,151
28-Oct-2025,2163.9,Put,2000,0.6,37.4,28.1773,-3,946,145
28-Oct-2025,2164.7,Put,2060,0.85,26.96,28.1773,-6,900,145
25-Nov-2025,2163.9,Put,2000,10,25.78,28.1773,-21,302,145
28-Oct-2025,2163.9,Put,2080,1.1,23.64,28.1773,10,845,144
25-Nov-2025,2164.7,Call,2200,49.9,23,28.1773,16,340,141
28-Oct-2025,2164.7,Call,2140,31.45,17.73,28.1773,-20,424,123
28-Oct-2025,2164.7,Call,2280,0.45,23.97,28.1773,-17,446,107
25-Nov-2025,2163.9,Call,2300,19.2,22.84,28.1773,28,206,93
25-Nov-2025,2163.9,Put,2200,72.4,24.68,28.1773,8,106,82
25-Nov-2025,2163.9,Call,2400,5.8,23.18,28.1773,24,365,78
25-Nov-2025,2163.9,Call,2180,59.6,22.69,28.1773,15,62,76
25-Nov-2025,2164.7,Put,2160,52,24.68,28.1773,-4,57,65
28-Oct-2025,2163.9,Put,2020,0.75,34.63,28.1773,-4,429,53
25-Nov-2025,2164.7,Call,2160,69.9,23.01,28.1773,-6,118,50
28-Oct-2025,2164.7,Put,1980,0.5,40.85,28.1773,16,320,43
28-Oct-2025,2164.7,Call,2100,65.2,17.63,28.1773,-15,1864,36
25-Nov-2025,2163.9,Call,2440,4.15,23.99,28.1773,9,51,30
28-Oct-2025,2164.7,Put,1960,0.5,44.78,28.1773,-11,194,26
28-Oct-2025,2163.9,Call,2120,48.05,17.51,28.1773,-2,493,25
25-Nov-2025,2164.7,Put,2140,43.65,24.11,28.1773,9,35,19
25-Nov-2025,2164.7,Put,2180,61.75,24.95,28.1773,1,21,19
25-Nov-2025,2163.9,Put,1920,4,27.5,28.1773,13,90,17
25-Nov-2025,2163.9,Call,2100,107.5,22.71,28.1773,12,213,17
25-Nov-2025,2164.7,Put,2080,23.9,25,28.1773,-3,39,17
25-Nov-2025,2163.9,Put,2120,35.2,24.65,28.1773,-2,95,16
25-Nov-2025,2164.7,Call,2240,36,23.04,28.1773,4,79,16
25-Nov-2025,2163.9,Call,2340,12.5,23.06,28.1773,6,32,15
25-Nov-2025,2163.9,Put,1960,6.35,26.69,28.1773,5,61,13
25-Nov-2025,2164.7,Call,2360,9.65,23.03,28.1773,11,100,13
30-Dec-2025,2163.9,-,0,2190,0,28.1773,3,145,12
25-Nov-2025,2163.9,Call,2260,29.15,22.82,28.1773,-3,48,12
28-Oct-2025,2163.9,Put,1800,0.1,63.39,28.1773,-8,693,11
28-Oct-2025,2164.7,Call,2000,171,53.04,28.1773,-6,451,10
28-Oct-2025,2163.9,Call,2040,125,30.63,28.1773,-5,731,10
25-Nov-2025,2163.9,Call,2280,23.5,22.8,28.1773,1,60,10
25-Nov-2025,2164.7,Put,2020,12.5,25.67,28.1773,5,18,9
25-Nov-2025,2164.7,Put,2060,19.15,25.12,28.1773,-1,44,9
28-Oct-2025,2163.9,Put,2240,75.15,24.38,28.1773,1,25,8
28-Oct-2025,2163.9,Put,1900,0.2,49.93,28.1773,-2,173,7
25-Nov-2025,2163.9,Call,2000,188.5,22.54,28.1773,-1,80,6
25-Nov-2025,2163.9,Call,2480,3,25,28.1773,2,128,6
28-Oct-2025,2163.9,Call,2020,150.5,46.25,28.1773,-4,380,5
25-Nov-2025,2163.9,Put,2040,15.5,25.44,28.1773,3,3,5
25-Nov-2025,2164.7,Call,2140,81.5,24.28,28.1773,0,53,5
28-Oct-2025,2164.7,Call,2080,88,22,28.1773,-1,1724,4
28-Oct-2025,2163.9,Call,1900,267,0,28.1773,-2,47,4
25-Nov-2025,2163.9,Put,1900,3.25,28.07,28.1773,1,71,4
25-Nov-2025,2163.9,Call,2080,131.1,26.98,28.1773,2,36,3
25-Nov-2025,2164.7,Put,2300,131.15,21.29,28.1773,1,28,3
25-Nov-2025,2163.9,Call,2220,43,22.93,28.1773,-2,35,3
28-Oct-2025,2164.7,Put,1940,0.4,46.65,28.1773,0,160,2
28-Oct-2025,2164.7,Put,1720,0.15,80.54,28.1773,-1,759,2
28-Oct-2025,2164.7,Put,1860,0.2,57.1,28.1773,-1,122,2
28-Oct-2025,2164.7,Put,1740,0.1,73.9,28.1773,0,80,2
28-Oct-2025,2164.7,Call,2060,108.6,29.43,28.1773,-1,700,2
25-Nov-2025,2164.7,Put,2240,90.2,22.53,28.1773,0,34,2
25-Nov-2025,2164.7,Call,2320,16.55,23.51,28.1773,0,65,2
28-Oct-2025,2164.7,Put,2400,226,0,28.1773,0,31,1
25-Nov-2025,2164.7,Call,2040,163,28.11,28.1773,0,7,1
25-Nov-2025,2164.7,Put,2400,225,0,28.1773,0,105,1
30-Dec-2025,2163.9,Put,2120,48,22.94,28.1773,0,11,1
30-Dec-2025,2164.7,Call,2200,74,19.34,28.1773,0,21,1
28-Oct-2025,2163.9,Call,2440,0,0,28.1773,0,0,0
28-Oct-2025,2163.9,Call,2340,0,0,28.1773,0,108,0
28-Oct-2025,2164.7,Put,2340,0,0,28.1773,0,0,0
28-Oct-2025,2164.7,Call,2360,0,0,28.1773,0,30,0
28-Oct-2025,2164.7,Call,2320,0,0,28.1773,0,94,0
28-Oct-2025,2164.7,Put,2320,0,0,28.1773,0,12,0
28-Oct-2025,2163.9,Put,2440,0,0,28.1773,0,0,0
28-Oct-2025,2164.7,Put,2280,0,0,28.1773,0,8,0
28-Oct-2025,2163.9,Put,1820,0,0,28.1773,0,49,0
28-Oct-2025,2164.7,Put,1880,0,0,28.1773,0,76,0
28-Oct-2025,2163.9,Put,1840,0,0,28.1773,0,97,0
28-Oct-2025,2163.9,Put,2220,0,0,28.1773,0,19,0
28-Oct-2025,2164.7,Call,1680,0,0,28.1773,0,0,0
28-Oct-2025,2163.9,Put,2480,0,0,28.1773,0,0,0
28-Oct-2025,2164.7,Call,1760,0,0,28.1773,0,3,0
28-Oct-2025,2163.9,Call,1840,0,0,28.1773,0,0,0
28-Oct-2025,2163.9,Call,1880,0,0,28.1773,0,20,0
28-Oct-2025,2163.9,Put,2380,0,0,0,0,0,0
28-Oct-2025,2163.9,Call,1720,0,0,28.1773,0,31,0
28-Oct-2025,2163.9,Put,1920,0,0,28.1773,0,309,0
28-Oct-2025,2163.9,Put,1680,0,0,28.1773,0,6,0
28-Oct-2025,2163.9,Put,2300,0,0,28.1773,0,11,0
28-Oct-2025,2164.7,Put,1760,0,0,28.1773,0,52,0
28-Oct-2025,2164.7,Put,2360,0,0,28.1773,0,5,0
28-Oct-2025,2164.7,Call,1780,0,0,28.1773,0,4,0
28-Oct-2025,2164.7,Call,2400,0,0,28.1773,0,33,0
28-Oct-2025,2164.7,Call,2380,0,0,0,0,0,0
28-Oct-2025,2164.7,Call,1740,0,0,28.1773,0,26,0
28-Oct-2025,2163.9,Call,2300,0,0,28.1773,0,48,0
28-Oct-2025,2164.7,Call,1820,0,0,28.1773,0,7,0
28-Oct-2025,2164.7,Put,2260,0,0,28.1773,0,0,0
28-Oct-2025,2163.9,Call,1800,0,0,28.1773,0,105,0
28-Oct-2025,2163.9,Call,1940,0,0,28.1773,0,20,0
25-Nov-2025,2164.7,Put,2220,0,0,28.1773,0,2,0
28-Oct-2025,2164.7,Call,2480,0,0,28.1773,0,0,0
28-Oct-2025,2163.9,Call,1860,0,0,28.1773,0,1,0
25-Nov-2025,2163.9,Put,1680,0,0,28.1773,0,0,0
28-Oct-2025,2164.7,Call,1980,0,0,28.1773,0,40,0
25-Nov-2025,2164.7,Put,2260,0,0,28.1773,0,0,0
25-Nov-2025,2164.7,Put,1720,0,0,28.1773,0,0,0
28-Oct-2025,2163.9,Call,1960,0,0,28.1773,0,32,0
28-Oct-2025,2164.7,Call,1920,0,0,28.1773,0,8,0
25-Nov-2025,2163.9,Put,1800,0,0,28.1773,0,0,0
25-Nov-2025,2163.9,Put,1840,0,0,28.1773,0,11,0
25-Nov-2025,2164.7,Put,1940,0,0,28.1773,0,0,0
25-Nov-2025,2163.9,Call,2380,0,0,0,0,0,0
25-Nov-2025,2164.7,Call,1680,0,0,28.1773,0,0,0
25-Nov-2025,2163.9,Call,1720,0,0,28.1773,0,31,0
25-Nov-2025,2163.9,Put,1820,0,0,28.1773,0,0,0
25-Nov-2025,2163.9,Put,2380,0,0,0,0,0,0
25-Nov-2025,2163.9,Put,2440,0,0,28.1773,0,0,0
25-Nov-2025,2164.7,Call,2020,0,0,28.1773,0,13,0
25-Nov-2025,2163.9,Call,2120,0,0,28.1773,0,1,0
25-Nov-2025,2164.7,Put,1760,0,0,28.1773,0,0,0
25-Nov-2025,2163.9,Put,1860,0,0,28.1773,0,0,0
25-Nov-2025,2163.9,Put,2280,0,0,28.1773,0,0,0
25-Nov-2025,2164.7,Put,2320,0,0,28.1773,0,0,0
25-Nov-2025,2164.7,Call,1760,0,0,28.1773,0,2,0
25-Nov-2025,2164.7,Call,1920,0,0,28.1773,0,1,0
25-Nov-2025,2163.9,Call,1960,0,0,28.1773,0,6,0
25-Nov-2025,2164.7,Put,2360,0,0,28.1773,0,2,0
25-Nov-2025,2164.7,Put,2480,0,0,28.1773,0,0,0
25-Nov-2025,2164.7,Put,1880,0,0,28.1773,0,53,0
25-Nov-2025,2164.7,Call,1820,0,0,28.1773,0,0,0
25-Nov-2025,2164.7,Call,1860,0,0,28.1773,0,0,0
25-Nov-2025,2164.7,Call,1900,0,0,28.1773,0,26,0
25-Nov-2025,2164.7,Call,1940,0,0,28.1773,0,0,0
25-Nov-2025,2164.7,Call,1980,0,0,28.1773,0,0,0
25-Nov-2025,2164.7,Put,2340,0,0,28.1773,0,0,0
25-Nov-2025,2163.9,Call,2060,0,0,28.1773,0,1,0
25-Nov-2025,2164.7,Put,1980,0,0,28.1773,0,0,0
30-Dec-2025,2163.9,Put,2000,0,0,28.1773,0,0,0
25-Nov-2025,2163.9,Call,1880,0,0,28.1773,0,12,0
25-Nov-2025,2163.9,Call,1840,0,0,28.1773,0,0,0
30-Dec-2025,2164.7,Put,2040,0,0,28.1773,0,0,0
30-Dec-2025,2163.9,Put,2080,0,0,28.1773,0,0,0
30-Dec-2025,2163.9,Call,2360,0,0,28.1773,0,0,0
25-Nov-2025,2163.9,Call,1800,0,0,28.1773,0,0,0
30-Dec-2025,2164.7,Call,2320,0,0,28.1773,0,0,0
30-Dec-2025,2164.7,Call,2280,0,0,28.1773,0,0,0
30-Dec-2025,2163.9,Call,2240,0,0,28.1773,0,0,0
30-Dec-2025,2163.9,Put,2200,0,0,28.1773,0,0,0
30-Dec-2025,2163.9,Put,2160,0,0,28.1773,0,0,0
30-Dec-2025,2164.7,Put,2240,0,0,28.1773,0,0,0
30-Dec-2025,2163.9,Call,2160,0,0,28.1773,0,3,0
30-Dec-2025,2163.9,Put,2280,0,0,28.1773,0,0,0
