28-Oct-2025,57651.8,Put,58000,465.4,12.03,17.0865,-741,28462,555575
28-Oct-2025,57651.8,Call,58000,99.85,8.9,17.0865,29817,66430,555366
28-Oct-2025,57651.8,Put,57800,323.6,11.39,17.0865,7114,14788,409679
28-Oct-2025,57651.8,Put,57500,173.95,11.11,17.0865,6094,32263,371072
28-Oct-2025,57651.8,Put,57900,391.75,11.64,17.0865,3256,10314,326444
28-Oct-2025,57651.8,Call,58500,37.3,10.68,17.0865,10215,47105,318094
28-Oct-2025,57651.8,Call,58100,79.65,9.22,17.0865,14653,22101,305196
28-Oct-2025,57651.8,Put,57700,267.6,11.27,17.0865,7948,14951,296500
28-Oct-2025,57651.8,Call,58200,65.3,9.53,17.0865,13245,26533,266660
28-Oct-2025,57651.8,Call,57900,126.5,8.68,17.0865,15834,25648,265699
28-Oct-2025,57651.8,Call,57800,160.15,8.48,17.0865,14137,22898,265495
28-Oct-2025,57651.8,Put,57000,59.15,12.09,17.0865,127,56281,261022
28-Oct-2025,57651.8,Put,58100,545.5,12.63,17.0865,125,6942,250832
28-Oct-2025,57651.8,Call,59000,17.15,12.66,17.0865,8728,43788,205724
28-Oct-2025,57651.8,Put,57600,217.1,11.14,17.0865,2161,11210,200909
28-Oct-2025,57651.8,Call,58300,53.4,9.89,17.0865,6971,23571,178469
28-Oct-2025,57651.8,Call,58400,43.8,10.25,17.0865,4221,16171,138733
28-Oct-2025,57651.8,Put,57400,139,11.17,17.0865,4038,14971,136790
28-Oct-2025,57651.8,Call,59500,9.5,14.74,17.0865,13975,36037,133810
28-Oct-2025,57651.8,Put,58200,630.65,13.12,17.0865,-889,5453,133115
28-Oct-2025,57651.8,Call,57700,201.5,8.29,17.0865,12838,15883,128675
28-Oct-2025,57651.8,Call,60000,7.45,17.34,17.0865,4220,43623,119002
28-Oct-2025,57651.8,Put,56000,12.75,16.17,17.0865,443,41784,111923
28-Oct-2025,57651.8,Call,58600,31.1,11.07,17.0865,-1571,11247,110666
28-Oct-2025,57651.8,Put,57300,111.95,11.37,17.0865,2441,8175,98953
28-Oct-2025,57651.8,Put,56500,23.2,13.79,17.0865,1629,25605,97505
28-Oct-2025,57651.8,Call,58800,23,11.88,17.0865,-3868,11139,82486
28-Oct-2025,57651.8,Put,58300,718.35,13.6,17.0865,-2296,5131,79943
28-Oct-2025,57651.8,Put,57200,90.45,11.53,17.0865,1178,8166,79806
28-Oct-2025,57651.8,Call,58700,26.75,11.45,17.0865,1013,9770,78176
28-Oct-2025,57651.8,Put,55500,9.55,19.03,17.0865,-2755,27923,72303
28-Oct-2025,57651.8,Put,57100,72.25,11.79,17.0865,1660,6963,71162
28-Oct-2025,57651.8,Put,55000,7.6,22.02,17.0865,-2441,46373,70572
28-Oct-2025,57651.8,Call,57500,309.25,7.74,17.0865,449,14565,68183
28-Oct-2025,57651.8,Call,61000,4.7,22.22,17.0865,1788,22051,63622
28-Oct-2025,57651.8,Call,60500,5.9,19.83,17.0865,58,18782,62163
28-Oct-2025,57651.8,Call,59100,15,13.09,17.0865,-1029,5031,56958
28-Oct-2025,57651.8,Put,58500,900.55,15,17.0865,-1765,12269,56154
28-Oct-2025,57651.8,Call,57600,251.7,8.09,17.0865,4639,6865,55321
28-Oct-2025,57651.8,Call,59800,7.6,16.08,17.0865,5045,10283,51160
28-Oct-2025,57651.8,Call,59200,13.3,13.51,17.0865,1645,6919,51137
28-Oct-2025,57651.8,Put,56800,39.05,12.69,17.0865,1420,8067,47922
28-Oct-2025,57651.8,Put,54000,5.3,27.52,17.0865,-1729,30133,47533
28-Oct-2025,57651.8,Call,58900,19.65,12.26,17.0865,-504,5245,44848
28-Oct-2025,57651.8,Put,56900,47.9,12.38,17.0865,236,5692,44389
28-Oct-2025,57651.8,Put,56700,33.25,13.09,17.0865,-95,6760,44145
28-Oct-2025,57651.8,Put,58400,809.3,14.21,17.0865,-965,2485,41158
28-Oct-2025,57651.8,Put,54500,6.55,24.86,17.0865,-3147,18196,41151
28-Oct-2025,57651.8,Call,59700,8,15.6,17.0865,4757,9120,36391
28-Oct-2025,57651.8,Put,56600,27.5,13.43,17.0865,488,6608,32239
28-Oct-2025,57651.8,Call,59300,12.1,13.94,17.0865,731,4494,29974
28-Oct-2025,57651.8,Call,57000,697.35,0,17.0865,-7640,27733,29785
28-Oct-2025,57651.8,Call,59400,10.85,14.36,17.0865,-1390,3269,29198
25-Nov-2025,57651.8,Put,58000,776.75,12.46,17.0865,5194,15860,28819
28-Oct-2025,57651.8,Put,56200,16.05,15.23,17.0865,-1660,6021,28578
28-Oct-2025,57651.8,Call,59600,9.05,15.25,17.0865,1785,5092,28572
28-Oct-2025,57651.8,Put,56300,18,14.73,17.0865,765,5937,28298
28-Oct-2025,57651.8,Put,56400,20.5,14.28,17.0865,-621,3632,26449
28-Oct-2025,57651.8,Put,53000,3.8,32.64,17.0865,-686,16505,24744
25-Nov-2025,57651.8,Call,58000,715,9.31,17.0865,6360,14962,23640
28-Oct-2025,57651.8,Put,56100,14.35,15.74,17.0865,-12,4084,21513
28-Oct-2025,57651.8,Call,59900,7.45,16.67,17.0865,947,3231,21465
28-Oct-2025,57651.8,Call,62000,3.45,26.83,17.0865,2421,11722,21354
25-Nov-2025,57651.8,Put,57000,386.5,12.43,17.0865,6326,30620,20547
28-Oct-2025,57651.8,-,0,57630.6,0,17.0865,-2681,40790,19933
25-Nov-2025,57651.8,Call,57000,1306,8.1,17.0865,13221,28797,19177
28-Oct-2025,57651.8,Put,55900,12.45,16.84,17.0865,-252,9652,16680
28-Oct-2025,57651.8,Call,61500,4,24.61,17.0865,2119,7828,16015
28-Oct-2025,57651.8,Put,55100,8.6,21.7,17.0865,-3576,5100,15817
25-Nov-2025,57651.8,Call,60000,140.2,10.3,17.0865,1392,12050,15419
28-Oct-2025,57651.8,Put,53500,4.6,30.14,17.0865,-1701,8057,14934
28-Oct-2025,57651.8,Call,65000,2.35,40.32,17.0865,5364,11214,13851
25-Nov-2025,57651.8,Call,58500,500.35,9.53,17.0865,1588,9611,12318
28-Oct-2025,57651.8,Put,52000,4.25,39.25,17.0865,-1621,9591,12230
25-Nov-2025,57651.8,Call,59000,336.85,9.79,17.0865,1028,11825,12176
25-Nov-2025,57651.8,-,0,57941,0,17.0865,5242,22813,11808
28-Oct-2025,57651.8,Put,54700,7.15,23.9,17.0865,-1393,6094,11751
28-Oct-2025,57651.8,Call,57400,372.4,7.34,17.0865,205,7473,11450
28-Oct-2025,57651.8,Put,55600,10.4,18.6,17.0865,569,5945,10438
28-Oct-2025,57651.8,Put,55400,9.55,19.77,17.0865,348,4510,10419
28-Oct-2025,57651.8,Put,55800,11.25,17.35,17.0865,-37,4933,9921
28-Oct-2025,57651.8,Call,60400,6.5,19.44,17.0865,662,3290,9892
28-Oct-2025,57651.8,Call,60300,6.8,18.86,17.0865,-50,2410,9308
28-Oct-2025,57651.8,Call,60100,6.95,17.8,17.0865,-95,1920,9284
28-Oct-2025,57651.8,Call,63500,2.5,33.46,17.0865,-190,12019,9201
25-Nov-2025,57651.8,Put,56000,187.6,13,17.0865,1691,11339,8980
25-Nov-2025,57651.8,Put,57500,561,12.48,17.0865,26,6961,8943
28-Oct-2025,57651.8,Put,55200,8.75,21.04,17.0865,-547,4553,8907
25-Nov-2025,57651.8,Put,58500,1050,12.71,17.0865,512,7069,8901
28-Oct-2025,57651.8,Put,55300,9.35,20.4,17.0865,-106,6012,8842
28-Oct-2025,57651.8,Call,60700,5.7,20.91,17.0865,1590,3301,8764
28-Oct-2025,57651.8,Put,50000,3.6,51.45,17.0865,776,17550,8328
28-Oct-2025,57651.8,Put,52500,3.6,35.59,17.0865,-255,4715,7705
28-Oct-2025,57651.8,Put,58600,994.35,15.8,17.0865,-454,1047,7572
25-Nov-2025,57651.8,Put,56500,275.2,12.76,17.0865,1112,6865,7155
28-Oct-2025,57651.8,Call,60900,5.6,21.83,17.0865,1150,1828,6826
28-Oct-2025,57651.8,Put,55700,10.9,17.99,17.0865,274,4546,6553
28-Oct-2025,57651.8,Call,63000,3.25,31.71,17.0865,1139,7262,6430
28-Oct-2025,57651.8,Put,54800,7.7,23.37,17.0865,440,5870,6111
28-Oct-2025,57651.8,Put,59000,1380.1,19.66,17.0865,-687,2602,6056
28-Oct-2025,57651.8,Call,60600,5.8,20.35,17.0865,600,1609,5779
25-Nov-2025,57651.8,Put,57800,687,12.5,17.0865,397,1043,5548
28-Oct-2025,57651.8,Put,54600,7.1,24.46,17.0865,-116,3054,5490
28-Oct-2025,57651.8,Put,54900,7.65,22.76,17.0865,113,3888,5425
25-Nov-2025,57651.8,Call,61000,66.55,11.23,17.0865,907,4794,5053
25-Nov-2025,57651.8,Call,59500,215.3,9.93,17.0865,198,3411,4898
28-Oct-2025,57651.8,Call,60200,6.6,18.27,17.0865,30,1568,4897
28-Oct-2025,57651.8,Put,58700,1070,16.42,17.0865,-402,655,4789
28-Oct-2025,57651.8,Call,57200,521,5.81,17.0865,-946,2343,4645
25-Nov-2025,57651.8,Put,55000,99,14.15,17.0865,573,8005,4616
28-Oct-2025,57651.8,Call,65500,1.9,42.15,17.0865,684,1278,4536
28-Oct-2025,57651.8,Call,56500,1157.8,0,17.0865,-1809,7811,4481
28-Oct-2025,57651.8,Call,57300,446.05,6.26,17.0865,74,2207,4344
28-Oct-2025,57651.8,Call,60800,5.45,21.46,17.0865,18,1191,4126
28-Oct-2025,57651.8,Put,48000,2.55,62.45,17.0865,-879,5468,4098
25-Nov-2025,57651.8,Call,62000,40.6,12.64,17.0865,1299,5787,4096
28-Oct-2025,57651.8,Put,54200,6.15,26.72,17.0865,-246,1525,4021
28-Oct-2025,57651.8,Put,46000,2,74,17.0865,41,16996,3746
25-Nov-2025,57651.8,Call,63000,25.7,13.9,17.0865,1065,4438,3603
28-Oct-2025,57651.8,Call,62500,3.25,29.21,17.0865,489,2098,3402
28-Oct-2025,57651.8,Put,51000,3.7,44.82,17.0865,-465,3008,3195
25-Nov-2025,57651.8,Put,54000,58.2,15.69,17.0865,76,6223,3107
25-Nov-2025,57651.8,Put,57700,640,12.49,17.0865,631,1304,2941
28-Oct-2025,57651.8,Put,53900,5.55,28.25,17.0865,-591,1044,2911
25-Nov-2025,57651.8,Put,58200,880,12.52,17.0865,52,907,2899
28-Oct-2025,57651.8,Call,61300,4.45,23.86,17.0865,64,573,2811
25-Nov-2025,57651.8,Call,61500,50.35,11.85,17.0865,235,1635,2618
25-Nov-2025,57651.8,Put,58100,830,12.49,17.0865,-166,695,2613
28-Oct-2025,57651.8,Call,64000,2.4,35.85,17.0865,460,3298,2609
25-Nov-2025,57651.8,Call,57800,820,9.17,17.0865,956,1280,2587
25-Nov-2025,57651.8,Put,55500,132.55,13.47,17.0865,637,4357,2579
28-Oct-2025,57651.8,Put,54400,6.45,25.65,17.0865,-301,1603,2542
25-Nov-2025,57651.8,Call,57500,991.1,9.02,17.0865,288,2981,2504
25-Nov-2025,57651.8,Call,60500,92.15,10.63,17.0865,343,3235,2475
25-Nov-2025,57651.8,Put,57900,730,12.54,17.0865,193,663,2342
28-Oct-2025,57651.8,Put,51500,3.6,41.2,17.0865,-435,1713,2190
28-Oct-2025,57651.8,Call,56000,1648.85,0,17.0865,-891,14414,2124
28-Oct-2025,57651.8,Put,54300,6.25,26.22,17.0865,23,1647,2090
25-Nov-2025,57651.8,Put,53000,40.35,17.62,17.0865,101,3256,2052
28-Oct-2025,57651.8,Call,61100,4.1,22.92,17.0865,-76,366,1831
25-Nov-2025,57651.8,Put,57600,604.55,12.53,17.0865,410,822,1800
28-Oct-2025,57651.8,Put,53800,5.2,28.94,17.0865,120,883,1768
28-Oct-2025,57651.8,Put,58800,1190,17.4,17.0865,-208,452,1763
25-Nov-2025,57651.8,Call,58200,625.7,9.38,17.0865,539,1361,1591
25-Nov-2025,57651.8,Put,59000,1388.95,13.09,17.0865,0,4050,1579
25-Nov-2025,57651.8,Call,57900,778.95,9.21,17.0865,496,908,1571
28-Oct-2025,57651.8,Put,46500,2.25,71.42,17.0865,190,1752,1545
28-Oct-2025,57651.8,Put,49000,3.4,57.55,17.0865,-136,1843,1544
28-Oct-2025,57651.8,Put,47000,2.5,69.04,17.0865,-397,1572,1538
25-Nov-2025,57651.8,Call,58100,671.1,9.36,17.0865,414,1102,1492
28-Oct-2025,57651.8,Put,54100,6,27.3,17.0865,-145,901,1418
28-Oct-2025,57651.8,Call,56900,812.7,0,17.0865,-361,2240,1416
25-Nov-2025,57651.8,Call,58300,577,9.49,17.0865,120,1152,1359
25-Nov-2025,57651.8,Call,62500,31.8,13.28,17.0865,280,1925,1320
25-Nov-2025,57651.8,Put,50000,22,23.99,17.0865,365,3053,1303
28-Oct-2025,57651.8,Call,55000,2657,0,17.0865,-920,13856,1293
28-Oct-2025,57651.8,Put,53600,4.85,29.7,17.0865,-143,773,1293
25-Nov-2025,57651.8,Call,57700,874.7,9.17,17.0865,562,872,1274
28-Oct-2025,57651.8,Call,61200,5,23.41,17.0865,14,503,1264
30-Dec-2025,57651.8,Put,57000,600,13.11,17.0865,632,4003,1253
25-Nov-2025,57651.8,Put,58300,944.85,12.68,17.0865,-99,1399,1234
30-Dec-2025,57651.8,-,0,58274.8,0,17.0865,79,3592,1166
28-Oct-2025,57651.8,Call,57100,605,0,17.0865,-123,1814,1116
25-Nov-2025,57651.8,Put,54500,74.4,14.87,17.0865,-12,3151,1030
28-Oct-2025,57651.8,Put,53700,5.4,29.5,17.0865,-42,1122,998
25-Nov-2025,57651.8,Call,58400,538.45,9.63,17.0865,161,887,987
30-Dec-2025,57651.8,Call,58000,1229.8,8.32,17.0865,200,879,937
28-Oct-2025,57651.8,Call,55500,2170.7,0,17.0865,-115,6509,914
25-Nov-2025,57651.8,Call,58600,463,9.61,17.0865,318,997,911
30-Dec-2025,57651.8,Call,60000,425.7,9.22,17.0865,183,4011,903
25-Nov-2025,57651.8,Call,55000,3004.15,0,17.0865,382,2152,842
30-Dec-2025,57651.8,Put,58000,975,13.2,17.0865,54,1083,827
25-Nov-2025,57651.8,Put,56800,339.45,12.59,17.0865,87,931,810
25-Nov-2025,57651.8,Call,58800,396,9.66,17.0865,271,812,800
28-Oct-2025,57651.8,Call,61400,4.35,24.23,17.0865,-149,293,784
25-Nov-2025,57651.8,Put,57300,485,12.5,17.0865,205,744,782
25-Nov-2025,57651.8,Put,58400,988,12.63,17.0865,100,594,777
25-Nov-2025,57651.8,Put,53500,44.95,16.47,17.0865,103,2489,724
25-Nov-2025,57651.8,Put,57200,447.45,12.49,17.0865,40,585,712
30-Dec-2025,57651.8,Put,56000,368,13.39,17.0865,323,2087,712
28-Oct-2025,57651.8,Put,53300,5.25,31.82,17.0865,-25,705,684
28-Oct-2025,57651.8,Put,53100,4.15,32.5,17.0865,-56,229,683
28-Oct-2025,57651.8,Call,52000,5648,0,17.0865,-500,582,670
25-Nov-2025,57651.8,Call,65000,14.1,16.81,17.0865,236,990,667
28-Oct-2025,57651.8,Put,52900,4.35,33.05,17.0865,8,263,651
28-Oct-2025,57651.8,Call,56800,888.8,0,17.0865,-129,2556,646
28-Oct-2025,57651.8,Put,60000,2355,26.48,17.0865,-391,2744,632
25-Nov-2025,57651.8,Put,57400,525.95,12.51,17.0865,142,452,626
25-Nov-2025,57651.8,Call,58700,426.75,9.68,17.0865,82,864,608
25-Nov-2025,57651.8,Put,52000,31,19.53,17.0865,45,1812,598
25-Nov-2025,57651.8,Put,51000,25.95,21.7,17.0865,16,896,595
25-Nov-2025,57651.8,Put,60000,2170,14.55,17.0865,208,1593,588
28-Oct-2025,57651.8,Put,58900,1267,18.38,17.0865,-35,258,586
30-Dec-2025,57651.8,Put,55000,230.9,13.98,17.0865,96,2295,584
25-Nov-2025,57651.8,Call,56000,2110,0,17.0865,209,3532,570
25-Nov-2025,57651.8,Call,58900,365.45,9.76,17.0865,106,601,548
28-Oct-2025,57651.8,Put,53400,4.8,30.92,17.0865,57,473,535
25-Nov-2025,57651.8,Call,57600,932.05,9.11,17.0865,187,401,529
25-Nov-2025,57651.8,Call,56500,1689.65,6.87,17.0865,154,1373,509
28-Oct-2025,57651.8,Put,52800,4.25,34.43,17.0865,-1,545,507
28-Oct-2025,57651.8,Call,64500,2.75,38.54,17.0865,43,601,507
28-Oct-2025,57651.8,Call,56700,964.5,0,17.0865,-115,2524,491
30-Dec-2025,57651.8,Call,59000,750,8.94,17.0865,78,673,485
25-Nov-2025,57651.8,Call,64000,19,15.37,17.0865,333,333,484
28-Oct-2025,57651.8,Put,53200,4.5,32,17.0865,11,438,474
28-Oct-2025,57651.8,Put,47500,2.45,65.53,17.0865,-7,1305,474
28-Oct-2025,57651.8,Call,50000,7666.3,0,17.0865,-450,2230,463
28-Oct-2025,57651.8,Put,63000,5353.8,53.76,17.0865,-337,506,461
28-Oct-2025,57651.8,Call,61700,3.9,24.63,17.0865,-10,1005,452
25-Nov-2025,57651.8,Call,59100,309.9,9.83,17.0865,44,558,436
25-Nov-2025,57651.8,Call,59800,168.75,10.16,17.0865,4,415,427
25-Nov-2025,57651.8,Put,63000,5010,22.9,17.0865,358,640,418
30-Dec-2025,57651.8,Put,54000,137.9,14.48,17.0865,44,4325,418
25-Nov-2025,57651.8,Call,59200,285.85,9.86,17.0865,12,360,416
25-Nov-2025,57651.8,Put,59500,1740.3,13.54,17.0865,103,646,399
25-Nov-2025,57651.8,Put,57100,416.45,12.47,17.0865,62,571,398
30-Dec-2025,57651.8,Put,55500,285.95,13.61,17.0865,82.1428571429,2352.85714286,364
30-Dec-2025,57651.8,Call,58500,965.65,8.81,17.0865,22,1556,363
25-Nov-2025,57651.8,Call,50000,7890,0,17.0865,307,1411,359
25-Nov-2025,57651.8,Put,48000,18.45,28.74,17.0865,23,1683,345
25-Nov-2025,57651.8,Put,56600,293.75,12.71,17.0865,109,496,344
28-Oct-2025,57651.8,Put,52700,4.35,34.87,17.0865,-29,243,343
25-Nov-2025,57651.8,Call,55500,2542.05,0,17.0865,266,1838,341
30-Dec-2025,57651.8,Call,64500,40.35,11.79,17.0865,78,397,328
25-Nov-2025,57651.8,Put,56200,215.1,12.94,17.0865,156,443,323
30-Dec-2025,57651.8,Call,61000,230,9.53,17.0865,197,267,323
30-Dec-2025,57651.8,Put,57500,765.1,13.06,17.0865,-34,643,321
28-Oct-2025,57651.8,Put,49600,3.3,52.82,17.0865,6,114,318
25-Nov-2025,57651.8,Call,52000,5916,0,17.0865,294,674,318
25-Nov-2025,57651.8,Put,56400,251.55,12.85,17.0865,101,322,308
28-Oct-2025,57651.8,Put,49500,2.8,54.85,17.0865,15,1048,304
28-Oct-2025,57651.8,Call,56300,1360.9,0,17.0865,-66,2127,303
28-Oct-2025,57651.8,Put,49800,2.55,51.55,17.0865,-8,78,303
30-Dec-2025,57651.8,Call,59500,589.2,9.15,17.0865,-151,269,301
28-Oct-2025,57651.8,Put,59100,1449.1,19.83,17.0865,-20,142,300
25-Nov-2025,57651.8,Put,55600,142.4,13.37,17.0865,10,518,297
28-Oct-2025,57651.8,Put,52600,3.25,34.95,17.0865,-24,186,296
28-Oct-2025,57651.8,Call,51000,6719.3,0,17.0865,-278,457,296
31-Mar-2026,57651.8,Put,57000,811.9,13.38,17.0865,33,3970,294
28-Oct-2025,57651.8,Call,56600,1083.45,0,17.0865,-42,2108,292
25-Nov-2025,57651.8,Call,59300,263.05,9.91,17.0865,20,1123,287
28-Oct-2025,57651.8,Put,59500,1850,22.9,17.0865,-1,374,286
28-Oct-2025,57651.8,Call,54000,3655,0,17.0865,-176,5544,276
25-Nov-2025,57651.8,Put,51500,26.5,20.59,17.0865,-53,196,264
25-Nov-2025,57651.8,Put,56700,310.25,12.49,17.0865,74,531,263
30-Dec-2025,57651.8,Call,62000,128,10.06,17.0865,113,245,262
28-Oct-2025,57651.8,Put,50500,3.35,47.92,17.0865,-55,796,256
28-Oct-2025,57651.8,Call,61600,4,25.21,17.0865,-74,227,254
30-Dec-2025,57651.8,Put,58500,1203.7,13.4,17.0865,17,1220,251
25-Nov-2025,57651.8,Put,62000,4040.75,20.02,17.0865,217,777,250
28-Oct-2025,57651.8,Put,50400,4,50.04,17.0865,-2,84,246
28-Oct-2025,57651.8,Call,48000,9651.3,0,17.0865,-239,1534,245
30-Dec-2025,57651.8,Put,59000,1464.5,13.37,17.0865,1,542,242
28-Oct-2025,57651.8,Call,56400,1275.4,0,17.0865,-44,2584,233
25-Nov-2025,57651.8,Put,55400,125,13.65,17.0865,25,190,220
28-Oct-2025,57651.8,Call,61900,3.75,26.29,17.0865,-9,189,206
28-Oct-2025,57651.8,Call,62100,3.05,27.99,17.0865,-4,113,204
28-Oct-2025,57651.8,Call,62800,2.9,30.67,17.0865,-42,53,201
25-Nov-2025,57651.8,Put,46500,14.95,32.15,17.0865,184,207,200
25-Nov-2025,57651.8,Call,48000,9895,0,17.0865,192,560,198
28-Oct-2025,57651.8,Put,52300,2.9,36.4,17.0865,-4,190,197
31-Mar-2026,57651.8,Call,60000,1314.45,7.95,17.0865,53,1170,197
28-Oct-2025,57651.8,Put,48900,3.15,58.48,17.0865,9,46,193
25-Nov-2025,57651.8,Call,59900,155.9,10.15,17.0865,19,270,190
25-Nov-2025,57651.8,Put,56900,358.65,12.53,17.0865,40,319,189
25-Nov-2025,57651.8,Put,55800,160,13.17,17.0865,48,313,188
25-Nov-2025,57651.8,Call,59400,235.2,9.93,17.0865,28,386,186
25-Nov-2025,57651.8,Put,58600,1110.35,12.73,17.0865,27,281,185
28-Oct-2025,57651.8,Call,62200,3.3,27.91,17.0865,-8,226,182
28-Oct-2025,57651.8,Put,51300,3,43.81,17.0865,64,242,181
25-Nov-2025,57651.8,Call,59600,199.85,10.06,17.0865,40,274,179
25-Nov-2025,57651.8,Put,58800,1238.65,12.99,17.0865,-15,185,175
30-Dec-2025,57651.8,Call,57000,1850,7.14,17.0865,59,3289,174
25-Nov-2025,57651.8,Put,58700,1174.45,12.9,17.0865,-21,327,170
25-Nov-2025,57651.8,Put,56100,203.8,12.91,17.0865,58,254,167
25-Nov-2025,57651.8,Put,55200,109,13.78,17.0865,57,359,167
28-Oct-2025,57651.8,Put,49700,2.8,52.67,17.0865,-19,67,165
25-Nov-2025,57651.8,Put,55900,172.5,13.05,17.0865,62,298,161
28-Oct-2025,57651.8,Put,48700,2.45,58.33,17.0865,16,81,158
28-Oct-2025,57651.8,Put,63500,5660,0,17.0865,-132,69,155
25-Nov-2025,57651.8,Put,52500,35.9,18.63,17.0865,10,1125,153
28-Oct-2025,57651.8,Call,55300,2444.3,0,17.0865,-100,2256,152
30-Dec-2025,57651.8,Put,54500,178,14.22,17.0865,103,1396,148
28-Oct-2025,57651.8,Call,54900,2766,0,17.0865,-78,1010,147
25-Nov-2025,57651.8,Put,56300,228.65,12.83,17.0865,86,271,146
28-Oct-2025,57651.8,Put,59200,1555,20.49,17.0865,-23,114,145
30-Dec-2025,57651.8,Call,57500,1518.95,8.08,17.0865,60,301,143
30-Dec-2025,57651.8,Put,60000,2090,14.23,17.0865,-7,675,141
28-Oct-2025,57651.8,Call,53500,4225.95,0,17.0865,-49,523,138
28-Oct-2025,57651.8,Call,54500,3150,0,17.0865,-75,5631,135
25-Nov-2025,57651.8,Call,57400,1063.05,9.12,17.0865,20,260,135
28-Oct-2025,57651.8,Call,62900,2.6,31.25,17.0865,52,65,132
25-Nov-2025,57651.8,Call,51000,6891.25,0,17.0865,118,269,130
28-Oct-2025,57651.8,Put,48500,3.15,60.59,17.0865,19,713,128
28-Oct-2025,57651.8,Call,62300,3.15,28.05,17.0865,60,93,128
28-Oct-2025,57651.8,Call,61800,4,26.33,17.0865,-1,272,125
25-Nov-2025,57651.8,Call,60200,118.5,10.45,17.0865,50,143,123
25-Nov-2025,57651.8,Put,49000,20.5,26.52,17.0865,11,631,122
25-Nov-2025,57651.8,Call,59700,184,10.09,17.0865,23,186,121
25-Nov-2025,57651.8,Call,57300,1114.35,8.7,17.0865,33,181,120
25-Nov-2025,57651.8,Put,65000,6921.35,27.77,17.0865,112,215,116
25-Nov-2025,57651.8,Put,49500,22.05,25.25,17.0865,-4,105,115
28-Oct-2025,57651.8,Call,55400,2245,0,17.0865,-24,1041,114
28-Oct-2025,57651.8,Call,55700,2000,0,17.0865,-28,2701,113
28-Oct-2025,57651.8,Put,51100,3.05,44.18,17.0865,15,97,109
25-Nov-2025,57651.8,Call,65500,12.25,17.43,17.0865,89,89,107
25-Nov-2025,57651.8,Call,53500,4460,0,17.0865,91,344,106
28-Oct-2025,57651.8,Call,55200,2450,0,17.0865,-41,727,105
28-Oct-2025,57651.8,Put,51900,3.05,39.12,17.0865,-18,101,103
28-Oct-2025,57651.8,Put,49100,3.8,58.28,17.0865,10,96,101
28-Oct-2025,57651.8,Call,56100,1571,0,17.0865,-52,1263,100
25-Nov-2025,57651.8,Put,46000,12.3,32.73,17.0865,50,367,98
28-Oct-2025,57651.8,Call,54700,2997.9,0,17.0865,-74,604,96
28-Oct-2025,57651.8,Put,51400,2.85,41.98,17.0865,-34,150,96
28-Oct-2025,57651.8,Call,53000,4700,0,17.0865,-16,929,95
28-Oct-2025,57651.8,Call,56200,1460.5,0,17.0865,-54,1325,95
28-Oct-2025,57651.8,Call,55800,1869.95,0,17.0865,-23,1364,95
28-Oct-2025,57651.8,Call,55600,2119.6,0,17.0865,-60,2296,95
30-Dec-2025,57651.8,Put,56600,496.6,13.3,17.0865,-31,274,92
30-Dec-2025,57651.8,Put,51000,55,18.12,17.0865,24,1211.57142857,92
28-Oct-2025,57651.8,Call,55900,1743.7,0,17.0865,-23,1014,90
30-Dec-2025,57651.8,Put,52500,73,15.79,17.0865,1,2294.28571429,89
25-Nov-2025,57651.8,Call,60300,116,10.42,17.0865,33,241,84
30-Dec-2025,57651.8,Put,53500,109.95,14.95,17.0865,-36,783,83
28-Oct-2025,57651.8,Put,51700,2.75,39.95,17.0865,-25,38,82
25-Nov-2025,57651.8,Call,57100,1276.9,8.71,17.0865,25,187,82
28-Oct-2025,57651.8,Call,62400,2.9,28.41,17.0865,-2,27,80
25-Nov-2025,57651.8,Call,57200,1175,8.55,17.0865,3,282,80
28-Oct-2025,57651.8,Put,52100,2.85,37.59,17.0865,15,165,79
25-Nov-2025,57651.8,Call,60800,80.5,11.01,17.0865,64,64,78
25-Nov-2025,57651.8,Call,54000,3962.45,0,17.0865,55,1121,75
25-Nov-2025,57651.8,Call,61400,53.55,11.58,17.0865,10,83,75
25-Nov-2025,57651.8,Call,54200,3924.95,0,17.0865,45,84,74
30-Dec-2025,57651.8,Call,56000,2600,0,17.0865,-18,539,74
30-Dec-2025,57651.8,Put,53000,98,15.69,17.0865,14,558,74
28-Oct-2025,57651.8,Put,51200,2.95,43.4,17.0865,-30,50,72
25-Nov-2025,57651.8,Call,54900,3280,0,17.0865,26,76,70
28-Oct-2025,57651.8,Put,61000,3337.35,0,17.0865,-43,364,67
28-Oct-2025,57651.8,Put,50300,3.25,49.6,17.0865,5,98,66
28-Oct-2025,57651.8,Put,52400,3.4,36.4,17.0865,-26,166,66
28-Oct-2025,57651.8,Put,49300,3,55.61,17.0865,-31,35,66
28-Oct-2025,57651.8,Call,54800,2875,0,17.0865,-53,1231,64
25-Nov-2025,57651.8,Call,53000,4953.8,0,17.0865,54,281,64
28-Oct-2025,57651.8,Call,54200,3500,0,17.0865,-56,343,62
28-Oct-2025,57651.8,Call,55100,2630,0,17.0865,-25,768,61
28-Oct-2025,57651.8,Call,62700,3.35,29.67,17.0865,10,46,61
25-Nov-2025,57651.8,Put,58900,1316.7,12.12,17.0865,-21,93,60
28-Oct-2025,57651.8,Put,50600,3.35,46.95,17.0865,-2,49,58
31-Mar-2026,57651.8,Put,54000,300,14.14,17.0865,13,239,58
28-Oct-2025,57651.8,Put,51600,2.85,40.73,17.0865,-30,74,57
25-Nov-2025,57651.8,Put,61000,3100,17.18,17.0865,36,150,57
28-Oct-2025,57651.8,Put,59300,1617.75,23.21,17.0865,-34,48,56
25-Nov-2025,57651.8,Call,54700,3435.15,0,17.0865,35,57,53
25-Nov-2025,57651.8,Put,50500,24.1,22.75,17.0865,-2,32,53
28-Oct-2025,57651.8,Call,49000,8827.5,83.24,17.0865,-48,430,50
28-Oct-2025,57651.8,Put,62000,4348,44.02,17.0865,-36,381,49
28-Oct-2025,57651.8,Put,50100,4,52.01,17.0865,-1,89,49
28-Oct-2025,57651.8,Call,53900,3805,26.97,17.0865,-41,141,47
25-Nov-2025,57651.8,Put,55700,153.55,13.27,17.0865,15,137,47
28-Oct-2025,57651.8,Put,51800,3,39.68,17.0865,3,185,45
25-Nov-2025,57651.8,Call,64500,15.5,16.01,17.0865,21,154,45
25-Nov-2025,57651.8,Put,63500,5264.85,16.21,17.0865,41,81,44
25-Nov-2025,57651.8,Call,49000,9105,0,17.0865,39,50,42
28-Oct-2025,57651.8,Call,52500,5225,0,17.0865,-26,131,41
30-Dec-2025,57651.8,Put,52000,68,16.54,17.0865,14,68,40
28-Oct-2025,57651.8,Call,62600,3.7,29.9,17.0865,-3,52,39
28-Oct-2025,57651.8,Put,49900,4.5,53.99,17.0865,1,67,38
30-Dec-2025,57651.8,Call,64000,54,11.61,17.0865,26,74,37
28-Oct-2025,57651.8,Put,52200,3.45,37.73,17.0865,2,128,34
25-Nov-2025,57651.8,Put,54900,88,14.27,17.0865,-7,92,31
28-Oct-2025,57651.8,Put,50800,3.6,45.85,17.0865,0,58,29
25-Nov-2025,57651.8,Call,54500,3660,0,17.0865,23,356,29
25-Nov-2025,57651.8,Put,47000,15.35,30.9,17.0865,-16,490,29
28-Oct-2025,57651.8,Put,50200,3.55,50.71,17.0865,-2,146,25
28-Oct-2025,57651.8,Put,48800,3.95,60.51,17.0865,-1,277,25
25-Nov-2025,57651.8,Put,54700,83.85,14.66,17.0865,4,321,25
25-Nov-2025,57651.8,Put,55300,115.5,13.88,17.0865,-1,50,25
28-Oct-2025,57651.8,Put,49400,2.4,53.77,17.0865,-2,59,24
25-Nov-2025,57651.8,Call,56700,1559.8,7.86,17.0865,-1,228,24
28-Oct-2025,57651.8,Call,54600,3115,0,17.0865,-19,782,23
25-Nov-2025,57651.8,Call,56300,1905,0,17.0865,10,95,23
30-Dec-2025,57651.8,Put,58100,1020,12.22,17.0865,-1,43,22
25-Nov-2025,57651.8,Put,64000,5853.3,22.18,17.0865,20,27,21
30-Dec-2025,57651.8,Call,55500,3034,0,17.0865,6,853,21
31-Mar-2026,57651.8,Put,60000,2010,13.83,17.0865,3,152,21
31-Mar-2026,57651.8,Call,57000,3010,0,17.0865,-12,475,21
25-Nov-2025,57651.8,Call,54300,3910,11.55,17.0865,0,16,20
25-Nov-2025,57651.8,Call,61100,65.9,11.15,17.0865,5,114,17
25-Nov-2025,57651.8,Call,56800,1500,7.47,17.0865,5,188,16
30-Dec-2025,57651.8,Call,48000,9900,0,17.0865,14,100,16
28-Oct-2025,57651.8,Call,53700,4175,48.57,17.0865,-10,101,15
28-Oct-2025,57651.8,Put,49200,3.8,57.62,17.0865,-6,35,14
25-Nov-2025,57651.8,Call,62300,35.5,12.92,17.0865,7,7,14
25-Nov-2025,57651.8,Put,55100,96.1,13.9,17.0865,1,54,14
30-Dec-2025,57651.8,Call,54000,4398.3,0,17.0865,-1,457,13
30-Dec-2025,57651.8,Put,50000,40,19.17,17.0865,5,162,13
30-Dec-2025,57651.8,Put,58300,1064.55,13.14,17.0865,-10,14,13
30-Dec-2025,57651.8,Put,57900,902.3,13.21,17.0865,-3,41,12
28-Oct-2025,57651.8,Call,47000,10840,105.06,17.0865,-10,310,11
28-Oct-2025,57651.8,Call,46500,11350,112.46,17.0865,-8,17,11
25-Nov-2025,57651.8,Put,60500,2633.4,11.73,17.0865,4,28,11
25-Nov-2025,57651.8,Put,59200,1485.15,13.47,17.0865,-7,58,11
31-Mar-2026,57651.8,Put,58500,1256,13.35,17.0865,2,71,11
30-Dec-2025,57651.8,Call,50000,8328,0,17.0865,8,128,10
25-Nov-2025,57651.8,Put,53900,51.95,15.71,17.0865,0,50,9
30-Dec-2025,57651.8,Call,57800,1451,9,17.0865,5,17,9
30-Dec-2025,57651.8,Put,57400,718.75,13.21,17.0865,0,39,9
28-Oct-2025,57651.8,Call,50500,7249.45,0,17.0865,-7,70,8
28-Oct-2025,57651.8,Put,59400,1699,22.79,17.0865,-1,45,8
25-Nov-2025,57651.8,Call,50500,7441.8,0,17.0865,7,18,8
25-Nov-2025,57651.8,Call,56400,1980,11.14,17.0865,0,74,8
30-Dec-2025,57651.8,Put,57700,837.4,11.95,17.0865,2,30,8
30-Dec-2025,57651.8,Call,56500,2220,4.53,17.0865,3,98,7
30-Dec-2025,57651.8,Call,59100,758.85,9.12,17.0865,-3,17,7
30-Dec-2025,57651.8,Call,58700,980,9.48,17.0865,0,17,7
30-Dec-2025,57651.8,Put,57600,745.65,12.74,17.0865,0,50,7
28-Oct-2025,57651.8,Put,59800,1978.05,0,17.0865,-5,12,6
28-Oct-2025,57651.8,Call,54400,3325,0,17.0865,-2,417,6
28-Oct-2025,57651.8,Call,54300,3580,43.31,17.0865,-2,308,6
28-Oct-2025,57651.8,Put,50700,3.3,47.11,17.0865,3,62,6
25-Nov-2025,57651.8,Call,62400,36.75,13.25,17.0865,2,2,6
30-Dec-2025,57651.8,Put,58200,981,12.73,17.0865,-2,44,6
28-Oct-2025,57651.8,Call,51500,6370,68.88,17.0865,-1,33,5
25-Nov-2025,57651.8,Put,59100,1305,11.66,17.0865,1,78,5
25-Nov-2025,57651.8,Call,56200,2100,9.79,17.0865,0,115,5
30-Dec-2025,57651.8,Put,57800,864,13.22,17.0865,0,40,5
30-Dec-2025,57651.8,Call,57300,1768.4,8.64,17.0865,3,12,5
28-Oct-2025,57651.8,Call,53800,3970,0,17.0865,-2,89,4
28-Oct-2025,57651.8,Put,61600,3527.55,0,17.0865,1,1,4
28-Oct-2025,57651.8,Put,59700,1892.45,0,17.0865,0,35,4
25-Nov-2025,57651.8,Call,55100,3089.45,0,17.0865,0,27,4
25-Nov-2025,57651.8,Call,56600,1692.9,9.21,17.0865,0,111,4
25-Nov-2025,57651.8,Put,48500,18,27.42,17.0865,-3,34,4
30-Dec-2025,57651.8,Call,56700,2190.85,7.87,17.0865,0,11,4
30-Dec-2025,57651.8,Call,56400,2417.9,7.16,17.0865,0,16,4
30-Dec-2025,57651.8,Call,56300,2496.5,6.83,17.0865,0,2,4
30-Dec-2025,57651.8,Put,56700,494.3,13.05,17.0865,1,39,4
30-Dec-2025,57651.8,Put,50500,44,18.45,17.0865,2,24,4
30-Dec-2025,57651.8,Call,55000,3600,0,17.0865,0,190,4
30-Dec-2025,57651.8,Call,57600,1480,9.02,17.0865,2,33,4
30-Dec-2025,57651.8,Put,56800,520.8,13.05,17.0865,1,55,4
28-Oct-2025,57651.8,Put,50900,3.1,45.53,17.0865,-1,125,3
25-Nov-2025,57651.8,Call,54800,3260,0,17.0865,0,21,3
25-Nov-2025,57651.8,Call,56100,2138.05,7.65,17.0865,0,46,3
30-Dec-2025,57651.8,Put,51500,53,16.96,17.0865,1,24,3
30-Dec-2025,57651.8,Call,55900,2821.7,0,17.0865,0,5,3
30-Dec-2025,57651.8,Call,54500,4100,0,17.0865,0,7,3
30-Dec-2025,57651.8,Call,58900,890,9.55,17.0865,0,11,3
30-Dec-2025,57651.8,Call,58300,1162.55,9.17,17.0865,2,16,3
30-Dec-2025,57651.8,Call,56200,2575.2,6.36,17.0865,0,3,3
30-Dec-2025,57651.8,Put,57200,653,13.22,17.0865,-2,20,3
30-Dec-2025,57651.8,Put,61500,3182.3,14.76,17.0865,-1,4,3
28-Oct-2025,57651.8,Put,60500,2680,0,17.0865,-1,16,2
25-Nov-2025,57651.8,Put,59600,1775.1,13.7,17.0865,0,36,2
25-Nov-2025,57651.8,Call,56900,1514,9.7,17.0865,-1,62,2
25-Nov-2025,57651.8,Call,55200,2890,0,17.0865,1,21,2
25-Nov-2025,57651.8,Call,53600,4490.65,0,17.0865,0,19,2
25-Nov-2025,57651.8,Call,50300,7780,0,17.0865,0,2,2
25-Nov-2025,57651.8,Put,61400,3365.7,16.97,17.0865,-1,1,2
25-Nov-2025,57651.8,Put,60200,2151.75,12.07,17.0865,-1,18,2
25-Nov-2025,57651.8,Put,60100,2077.7,12.23,17.0865,-1,34,2
30-Dec-2025,57651.8,Put,58700,1179.25,12.41,17.0865,-1,23,2
30-Dec-2025,57651.8,Call,58600,1104.5,10.23,17.0865,1,16,2
30-Dec-2025,57651.8,Put,59500,1571,12,17.0865,0,34,2
28-Oct-2025,57651.8,Call,52400,5450,57.26,17.0865,0,9,1
28-Oct-2025,57651.8,Call,54100,3750,41.59,17.0865,0,233,1
28-Oct-2025,57651.8,Call,53200,4680,54.03,17.0865,0,10,1
28-Oct-2025,57651.8,Call,52600,5250,55.42,17.0865,0,13,1
28-Oct-2025,57651.8,Call,53400,4532.1,57.85,17.0865,0,148,1
28-Oct-2025,57651.8,Call,52700,5350,76.22,17.0865,0,5,1
28-Oct-2025,57651.8,Call,51100,6562.5,0,17.0865,0,6,1
28-Oct-2025,57651.8,Put,59600,1779.65,0,17.0865,0,11,1
25-Nov-2025,57651.8,Put,60700,2409.05,0,17.0865,0,14,1
25-Nov-2025,57651.8,Put,59700,1875.1,14.18,17.0865,0,26,1
25-Nov-2025,57651.8,Call,55300,2900,0,17.0865,0,33,1
25-Nov-2025,57651.8,Call,53300,4850,0,17.0865,0,12,1
25-Nov-2025,57651.8,Call,52500,5600,0,17.0865,0,19,1
25-Nov-2025,57651.8,Call,55900,2600,16.05,17.0865,0,73,1
25-Nov-2025,57651.8,Call,62100,91.55,15.18,17.0865,0,0,1
25-Nov-2025,57651.8,Put,61700,3544.3,14.49,17.0865,0,1,1
30-Dec-2025,57651.8,Put,47000,23,23.4,17.0865,0,22,1
30-Dec-2025,57651.8,Put,53400,120.1,15.49,17.0865,0,4,1
25-Nov-2025,57651.8,Call,62200,82.2,15.08,17.0865,0,0,1
30-Dec-2025,57651.8,Call,58800,981,9.99,17.0865,0,2,1
30-Dec-2025,57651.8,Call,57200,2009.35,10.77,17.0865,0,16,1
30-Dec-2025,57651.8,Call,57100,1904.75,8.45,17.0865,0,11,1
30-Dec-2025,57651.8,Put,57100,531.05,12.14,17.0865,0,49,1
30-Dec-2025,57651.8,Put,61000,2725,13.71,17.0865,0,34,1
31-Mar-2026,57651.8,Call,58500,2054.55,0,17.0865,0,162,1
28-Oct-2025,57651.8,Put,65000,0,0,17.0865,0,1,0
28-Oct-2025,57651.8,Call,48500,0,0,17.0865,0,24,0
28-Oct-2025,57651.8,Call,52300,0,0,17.0865,0,14,0
28-Oct-2025,57651.8,Call,52200,0,0,17.0865,0,11,0
28-Oct-2025,57651.8,Put,64000,0,0,17.0865,0,0,0
28-Oct-2025,57651.8,Call,49500,0,0,17.0865,0,8,0
28-Oct-2025,57651.8,Put,61200,0,0,17.0865,0,0,0
28-Oct-2025,57651.8,Put,63100,0,0,0,0,0,0
28-Oct-2025,57651.8,Call,46000,0,0,17.0865,0,20,0
28-Oct-2025,57651.8,Put,60400,0,0,17.0865,0,6,0
28-Oct-2025,57651.8,Call,63100,0,0,0,0,0,0
28-Oct-2025,57651.8,Put,60800,0,0,17.0865,0,3,0
28-Oct-2025,57651.8,Put,61100,0,0,17.0865,0,0,0
28-Oct-2025,57651.8,Put,59900,0,0,17.0865,0,24,0
28-Oct-2025,57651.8,Call,49600,0,0,17.0865,0,0,0
28-Oct-2025,57651.8,Call,52900,0,0,17.0865,0,40,0
28-Oct-2025,57651.8,Call,53600,0,0,17.0865,0,70,0
28-Oct-2025,57651.8,Call,53100,0,0,17.0865,0,8,0
28-Oct-2025,57651.8,Call,48700,0,0,17.0865,0,0,0
28-Oct-2025,57651.8,Call,52800,0,0,17.0865,0,15,0
28-Oct-2025,57651.8,Call,53300,0,0,17.0865,0,17,0
28-Oct-2025,57651.8,Call,52100,0,0,17.0865,0,12,0
28-Oct-2025,57651.8,Put,61400,0,0,17.0865,0,0,0
28-Oct-2025,57651.8,Put,61300,0,0,17.0865,0,0,0
28-Oct-2025,57651.8,Put,60100,0,0,17.0865,0,16,0
28-Oct-2025,57651.8,Put,60200,0,0,17.0865,0,6,0
28-Oct-2025,57651.8,Put,60300,0,0,17.0865,0,4,0
28-Oct-2025,57651.8,Call,51200,0,0,17.0865,0,10,0
28-Oct-2025,57651.8,Call,51300,0,0,17.0865,0,11,0
28-Oct-2025,57651.8,Call,51400,0,0,17.0865,0,12,0
28-Oct-2025,57651.8,Call,51600,0,0,17.0865,0,18,0
28-Oct-2025,57651.8,Call,51700,0,0,17.0865,0,18,0
28-Oct-2025,57651.8,Call,51800,0,0,17.0865,0,20,0
28-Oct-2025,57651.8,Call,51900,0,0,17.0865,0,14,0
28-Oct-2025,57651.8,Call,47500,0,0,17.0865,0,1,0
28-Oct-2025,57651.8,Call,50100,0,0,17.0865,0,45,0
28-Oct-2025,57651.8,Call,50200,0,0,17.0865,0,3,0
28-Oct-2025,57651.8,Call,50300,0,0,17.0865,0,5,0
28-Oct-2025,57651.8,Call,50600,0,0,17.0865,0,5,0
28-Oct-2025,57651.8,Put,62100,0,0,17.0865,0,0,0
28-Oct-2025,57651.8,Put,61900,0,0,17.0865,0,0,0
28-Oct-2025,57651.8,Put,62200,0,0,17.0865,0,0,0
28-Oct-2025,57651.8,Put,62400,0,0,17.0865,0,0,0
28-Oct-2025,57651.8,Put,62300,0,0,17.0865,0,0,0
28-Oct-2025,57651.8,Call,50900,0,0,17.0865,0,6,0
28-Oct-2025,57651.8,Call,50800,0,0,17.0865,0,6,0
28-Oct-2025,57651.8,Call,50700,0,0,17.0865,0,7,0
28-Oct-2025,57651.8,Call,49800,0,0,17.0865,0,1,0
28-Oct-2025,57651.8,Call,49900,0,0,17.0865,0,1,0
28-Oct-2025,57651.8,Call,49700,0,0,17.0865,0,1,0
28-Oct-2025,57651.8,Put,62700,0,0,17.0865,0,0,0
28-Oct-2025,57651.8,Call,50400,0,0,17.0865,0,5,0
28-Oct-2025,57651.8,Call,49400,0,0,17.0865,0,0,0
28-Oct-2025,57651.8,Call,49300,0,0,17.0865,0,0,0
28-Oct-2025,57651.8,Put,62600,0,0,17.0865,0,0,0
28-Oct-2025,57651.8,Put,62800,0,0,17.0865,0,0,0
28-Oct-2025,57651.8,Put,64500,0,0,17.0865,0,0,0
28-Oct-2025,57651.8,Put,61700,0,0,17.0865,0,0,0
28-Oct-2025,57651.8,Put,65500,0,0,17.0865,0,0,0
28-Oct-2025,57651.8,Put,62900,0,0,17.0865,0,0,0
28-Oct-2025,57651.8,Call,48800,0,0,17.0865,0,2,0
28-Oct-2025,57651.8,Put,61800,0,0,17.0865,0,0,0
28-Oct-2025,57651.8,Call,49200,0,0,17.0865,0,0,0
28-Oct-2025,57651.8,Call,49100,0,0,17.0865,0,0,0
28-Oct-2025,57651.8,Put,60900,0,0,17.0865,0,3,0
28-Oct-2025,57651.8,Put,62500,0,0,17.0865,0,1,0
28-Oct-2025,57651.8,Put,61500,0,0,17.0865,0,5,0
25-Nov-2025,57651.8,Call,60700,0,0,17.0865,0,0,0
28-Oct-2025,57651.8,Put,60700,0,0,17.0865,0,4,0
28-Oct-2025,57651.8,Call,48900,0,0,17.0865,0,0,0
25-Nov-2025,57651.8,Put,59900,0,0,17.0865,0,22,0
25-Nov-2025,57651.8,Put,62500,0,0,17.0865,0,11,0
28-Oct-2025,57651.8,Put,60600,0,0,17.0865,0,16,0
25-Nov-2025,57651.8,Call,55800,0,0,17.0865,0,43,0
25-Nov-2025,57651.8,Put,62800,0,0,17.0865,0,0,0
25-Nov-2025,57651.8,Call,60600,0,0,17.0865,0,0,0
25-Nov-2025,57651.8,Put,49200,0,0,17.0865,0,0,0
25-Nov-2025,57651.8,Put,60600,0,0,17.0865,0,17,0
25-Nov-2025,57651.8,Call,62800,0,0,17.0865,0,0,0
25-Nov-2025,57651.8,Put,62900,0,0,17.0865,0,0,0
25-Nov-2025,57651.8,Put,65500,0,0,17.0865,0,0,0
25-Nov-2025,57651.8,Call,52900,0,0,17.0865,0,13,0
25-Nov-2025,57651.8,Call,52800,0,0,17.0865,0,14,0
25-Nov-2025,57651.8,Call,50800,0,0,17.0865,0,1,0
25-Nov-2025,57651.8,Call,50700,0,0,17.0865,0,2,0
25-Nov-2025,57651.8,Put,52900,0,0,17.0865,0,0,0
25-Nov-2025,57651.8,Call,55400,0,0,17.0865,0,140,0
25-Nov-2025,57651.8,Call,54600,0,0,17.0865,0,21,0
25-Nov-2025,57651.8,Put,54300,0,0,17.0865,0,50,0
25-Nov-2025,57651.8,Put,54200,0,0,17.0865,0,0,0
25-Nov-2025,57651.8,Put,54100,0,0,17.0865,0,88,0
25-Nov-2025,57651.8,Call,54100,0,0,17.0865,0,18,0
25-Nov-2025,57651.8,Put,53800,0,0,17.0865,0,3,0
25-Nov-2025,57651.8,Put,53100,0,0,17.0865,0,0,0
25-Nov-2025,57651.8,Put,50300,0,0,17.0865,0,8,0
25-Nov-2025,57651.8,Put,49600,0,0,17.0865,0,0,0
25-Nov-2025,57651.8,Put,47500,0,0,17.0865,0,36,0
25-Nov-2025,57651.8,Call,55700,0,0,17.0865,0,23,0
25-Nov-2025,57651.8,Call,55600,0,0,17.0865,0,71,0
25-Nov-2025,57651.8,Put,61800,0,0,17.0865,0,1,0
25-Nov-2025,57651.8,Call,61700,0,0,17.0865,0,0,0
25-Nov-2025,57651.8,Call,49500,0,0,17.0865,0,2,0
25-Nov-2025,57651.8,Call,49400,0,0,17.0865,0,0,0
25-Nov-2025,57651.8,Call,49300,0,0,17.0865,0,0,0
25-Nov-2025,57651.8,Call,49200,0,0,17.0865,0,0,0
25-Nov-2025,57651.8,Call,49100,0,0,17.0865,0,0,0
25-Nov-2025,57651.8,Call,48900,0,0,17.0865,0,0,0
25-Nov-2025,57651.8,Call,48800,0,0,17.0865,0,0,0
25-Nov-2025,57651.8,Call,48500,0,0,17.0865,0,1,0
25-Nov-2025,57651.8,Call,47500,0,0,17.0865,0,0,0
25-Nov-2025,57651.8,Call,47000,0,0,17.0865,0,0,0
25-Nov-2025,57651.8,Call,53100,0,0,17.0865,0,13,0
25-Nov-2025,57651.8,Call,61200,0,0,17.0865,0,0,0
25-Nov-2025,57651.8,Put,50200,0,0,17.0865,0,0,0
25-Nov-2025,57651.8,Put,50100,0,0,17.0865,0,0,0
25-Nov-2025,57651.8,Put,52800,0,0,17.0865,0,0,0
25-Nov-2025,57651.8,Put,54400,0,0,17.0865,0,1,0
25-Nov-2025,57651.8,Call,54400,0,0,17.0865,0,17,0
25-Nov-2025,57651.8,Call,53900,0,0,17.0865,0,19,0
25-Nov-2025,57651.8,Call,53800,0,0,17.0865,0,26,0
25-Nov-2025,57651.8,Call,53700,0,0,17.0865,0,17,0
25-Nov-2025,57651.8,Call,53400,0,0,17.0865,0,16,0
25-Nov-2025,57651.8,Put,53200,0,0,17.0865,0,0,0
25-Nov-2025,57651.8,Call,51500,0,0,17.0865,0,23,0
25-Nov-2025,57651.8,Call,51400,0,0,17.0865,0,9,0
25-Nov-2025,57651.8,Call,51300,0,0,17.0865,0,8,0
25-Nov-2025,57651.8,Call,51200,0,0,17.0865,0,7,0
25-Nov-2025,57651.8,Call,51100,0,0,17.0865,0,8,0
25-Nov-2025,57651.8,Call,50900,0,0,17.0865,0,7,0
25-Nov-2025,57651.8,Call,50100,0,0,17.0865,0,0,0
25-Nov-2025,57651.8,Put,51200,0,0,17.0865,0,0,0
25-Nov-2025,57651.8,Call,50200,0,0,17.0865,0,1,0
25-Nov-2025,57651.8,Call,49600,0,0,17.0865,0,0,0
25-Nov-2025,57651.8,Put,62400,0,0,17.0865,0,1,0
25-Nov-2025,57651.8,Put,62300,0,0,17.0865,0,1,0
25-Nov-2025,57651.8,Call,50400,0,0,17.0865,0,1,0
25-Nov-2025,57651.8,Call,49700,0,0,17.0865,0,0,0
25-Nov-2025,57651.8,Put,62100,0,0,17.0865,0,1,0
25-Nov-2025,57651.8,Put,61300,0,0,17.0865,0,1,0
25-Nov-2025,57651.8,Call,49900,0,0,17.0865,0,1,0
25-Nov-2025,57651.8,Call,49800,0,0,17.0865,0,0,0
25-Nov-2025,57651.8,Call,61900,0,0,17.0865,0,0,0
25-Nov-2025,57651.8,Put,52600,0,0,17.0865,0,0,0
25-Nov-2025,57651.8,Put,61900,0,0,17.0865,0,1,0
25-Nov-2025,57651.8,Call,61600,0,0,17.0865,0,0,0
25-Nov-2025,57651.8,Call,60400,0,0,17.0865,0,0,0
25-Nov-2025,57651.8,Call,50600,0,0,17.0865,0,1,0
25-Nov-2025,57651.8,Put,52700,0,0,17.0865,0,0,0
25-Nov-2025,57651.8,Put,48800,0,0,17.0865,0,0,0
25-Nov-2025,57651.8,Put,60300,0,0,17.0865,0,18,0
25-Nov-2025,57651.8,Call,52700,0,0,17.0865,0,15,0
25-Nov-2025,57651.8,Put,61600,0,0,17.0865,0,2,0
25-Nov-2025,57651.8,Put,59300,0,0,17.0865,0,58,0
25-Nov-2025,57651.8,Call,46000,0,0,17.0865,0,1,0
25-Nov-2025,57651.8,Call,48700,0,0,17.0865,0,0,0
25-Nov-2025,57651.8,Put,48900,0,0,17.0865,0,0,0
25-Nov-2025,57651.8,Put,51600,0,0,17.0865,0,0,0
25-Nov-2025,57651.8,Put,53300,0,0,17.0865,0,1,0
25-Nov-2025,57651.8,Put,60400,0,0,17.0865,0,19,0
25-Nov-2025,57651.8,Call,52600,0,0,17.0865,0,19,0
25-Nov-2025,57651.8,Put,50700,0,0,17.0865,0,0,0
25-Nov-2025,57651.8,Put,50600,0,0,17.0865,0,0,0
25-Nov-2025,57651.8,Put,50400,0,0,17.0865,0,0,0
25-Nov-2025,57651.8,Put,61200,0,0,17.0865,0,2,0
25-Nov-2025,57651.8,Put,49300,0,0,17.0865,0,0,0
25-Nov-2025,57651.8,Call,62900,0,0,17.0865,0,0,0
25-Nov-2025,57651.8,Call,46500,0,0,17.0865,0,0,0
25-Nov-2025,57651.8,Put,53700,0,0,17.0865,0,0,0
25-Nov-2025,57651.8,Put,53600,0,0,17.0865,0,0,0
25-Nov-2025,57651.8,Call,52400,0,0,17.0865,0,15,0
25-Nov-2025,57651.8,Call,52300,0,0,17.0865,0,16,0
25-Nov-2025,57651.8,Call,52200,0,0,17.0865,0,15,0
25-Nov-2025,57651.8,Call,52100,0,0,17.0865,0,21,0
25-Nov-2025,57651.8,Call,51900,0,0,17.0865,0,14,0
25-Nov-2025,57651.8,Call,51800,0,0,17.0865,0,15,0
25-Nov-2025,57651.8,Call,51700,0,0,17.0865,0,12,0
25-Nov-2025,57651.8,Call,51600,0,0,17.0865,0,10,0
25-Nov-2025,57651.8,Call,60100,0,0,17.0865,0,0,0
25-Nov-2025,57651.8,Put,61100,0,0,17.0865,0,1,0
25-Nov-2025,57651.8,Put,60800,0,0,17.0865,0,5,0
25-Nov-2025,57651.8,Put,49800,0,0,17.0865,0,0,0
25-Nov-2025,57651.8,Put,50900,0,0,17.0865,0,1,0
25-Nov-2025,57651.8,Put,52300,0,0,17.0865,0,0,0
25-Nov-2025,57651.8,Put,52200,0,0,17.0865,0,0,0
25-Nov-2025,57651.8,Put,51400,0,0,17.0865,0,0,0
25-Nov-2025,57651.8,Call,63100,0,0,0,0,0,0
25-Nov-2025,57651.8,Call,63500,0,0,17.0865,0,0,0
25-Nov-2025,57651.8,Put,60900,0,0,17.0865,0,4,0
25-Nov-2025,57651.8,Call,60900,0,0,17.0865,0,0,0
25-Nov-2025,57651.8,Put,54800,0,0,17.0865,0,1,0
25-Nov-2025,57651.8,Put,52400,0,0,17.0865,0,0,0
25-Nov-2025,57651.8,Put,52100,0,0,17.0865,0,0,0
25-Nov-2025,57651.8,Put,51900,0,0,17.0865,0,0,0
25-Nov-2025,57651.8,Put,50800,0,0,17.0865,0,0,0
25-Nov-2025,57651.8,Put,54600,0,0,17.0865,0,390,0
25-Nov-2025,57651.8,Call,62700,0,0,17.0865,0,0,0
25-Nov-2025,57651.8,Put,48700,0,0,17.0865,0,0,0
25-Nov-2025,57651.8,Put,51700,0,0,17.0865,0,0,0
25-Nov-2025,57651.8,Put,49700,0,0,17.0865,0,0,0
25-Nov-2025,57651.8,Call,61300,0,0,17.0865,0,0,0
25-Nov-2025,57651.8,Put,49400,0,0,17.0865,0,4,0
25-Nov-2025,57651.8,Put,49100,0,0,17.0865,0,0,0
25-Nov-2025,57651.8,Put,59400,0,0,17.0865,0,31,0
25-Nov-2025,57651.8,Call,61800,0,0,17.0865,0,0,0
25-Nov-2025,57651.8,Put,63100,0,0,0,0,0,0
25-Nov-2025,57651.8,Put,62700,0,0,17.0865,0,0,0
25-Nov-2025,57651.8,Put,51300,0,0,17.0865,0,0,0
25-Nov-2025,57651.8,Put,53400,0,0,17.0865,0,1,0
25-Nov-2025,57651.8,Put,49900,0,0,17.0865,0,0,0
25-Nov-2025,57651.8,Put,64500,0,0,17.0865,0,15,0
30-Dec-2025,57651.8,Call,53700,0,0,17.0865,0,0,0
30-Dec-2025,57651.8,Put,51100,0,0,17.0865,0,0,0
30-Dec-2025,57651.8,Put,59900,0,0,17.0865,0,2,0
30-Dec-2025,57651.8,Put,49900,0,0,17.0865,0,0,0
30-Dec-2025,57651.8,Put,49800,0,0,17.0865,0,0,0
30-Dec-2025,57651.8,Put,50100,0,0,17.0865,0,0,0
30-Dec-2025,57651.8,Put,49700,0,0,17.0865,0,0,0
30-Dec-2025,57651.8,Put,49000,0,0,17.0865,0,57,0
30-Dec-2025,57651.8,Put,55900,0,0,17.0865,0,0,0
30-Dec-2025,57651.8,Call,46500,0,0,17.0865,0,0,0
30-Dec-2025,57651.8,Call,60400,0,0,17.0865,0,0,0
30-Dec-2025,57651.8,Call,56800,0,0,17.0865,0,10,0
30-Dec-2025,57651.8,Call,59700,0,0,17.0865,0,0,0
30-Dec-2025,57651.8,Put,49600,0,0,17.0865,0,0,0
30-Dec-2025,57651.8,Call,53600,0,0,17.0865,0,0,0
30-Dec-2025,57651.8,Call,53500,0,0,17.0865,0,8,0
30-Dec-2025,57651.8,Call,53200,0,0,17.0865,0,0,0
30-Dec-2025,57651.8,Call,53100,0,0,17.0865,0,1,0
30-Dec-2025,57651.8,Call,53000,0,0,17.0865,0,2,0
30-Dec-2025,57651.8,Call,52700,0,0,17.0865,0,0,0
30-Dec-2025,57651.8,Call,52400,0,0,17.0865,0,0,0
30-Dec-2025,57651.8,Call,52300,0,0,17.0865,0,0,0
30-Dec-2025,57651.8,Call,52200,0,0,17.0865,0,0,0
30-Dec-2025,57651.8,Call,52000,0,0,17.0865,0,11,0
30-Dec-2025,57651.8,Call,51700,0,0,17.0865,0,0,0
30-Dec-2025,57651.8,Call,51600,0,0,17.0865,0,0,0
30-Dec-2025,57651.8,Call,57400,0,0,17.0865,0,11,0
30-Dec-2025,57651.8,Put,60400,0,0,17.0865,0,9,0
30-Dec-2025,57651.8,Put,55800,0,0,17.0865,0,0,0
30-Dec-2025,57651.8,Put,55700,0,0,17.0865,0,6,0
30-Dec-2025,57651.8,Call,60600,0,0,17.0865,0,0,0
30-Dec-2025,57651.8,Put,60600,0,0,17.0865,0,9,0
30-Dec-2025,57651.8,Call,61600,0,0,17.0865,0,0,0
30-Dec-2025,57651.8,Call,61400,0,0,17.0865,0,0,0
30-Dec-2025,57651.8,Put,65000,0,0,17.0865,0,0,0
30-Dec-2025,57651.8,Call,65000,0,0,17.0865,0,0,0
30-Dec-2025,57651.8,Call,62400,0,0,17.0865,0,0,0
30-Dec-2025,57651.8,Put,62300,0,0,17.0865,0,0,0
30-Dec-2025,57651.8,Call,62300,0,0,17.0865,0,0,0
30-Dec-2025,57651.8,Put,62200,0,0,17.0865,0,0,0
30-Dec-2025,57651.8,Put,53300,0,0,17.0865,0,0,0
30-Dec-2025,57651.8,Call,62200,0,0,17.0865,0,0,0
30-Dec-2025,57651.8,Put,62100,0,0,17.0865,0,0,0
30-Dec-2025,57651.8,Call,62100,0,0,17.0865,0,0,0
30-Dec-2025,57651.8,Put,61900,0,0,17.0865,0,0,0
30-Dec-2025,57651.8,Call,61900,0,0,17.0865,0,0,0
30-Dec-2025,57651.8,Call,55600,0,0,17.0865,0,2,0
25-Nov-2025,57651.8,Put,59800,0,0,17.0865,0,23,0
25-Nov-2025,57651.8,Call,53200,0,0,17.0865,0,17,0
25-Nov-2025,57651.8,Put,62600,0,0,17.0865,0,1,0
25-Nov-2025,57651.8,Call,62600,0,0,17.0865,0,0,0
25-Nov-2025,57651.8,Put,62200,0,0,17.0865,0,2,0
25-Nov-2025,57651.8,Put,61500,0,0,17.0865,0,14,0
25-Nov-2025,57651.8,Put,51800,0,0,17.0865,0,0,0
25-Nov-2025,57651.8,Put,51100,0,0,17.0865,0,0,0
30-Dec-2025,57651.8,Call,49700,0,0,17.0865,0,0,0
30-Dec-2025,57651.8,Call,49600,0,0,17.0865,0,0,0
30-Dec-2025,57651.8,Call,50800,0,0,17.0865,0,1,0
30-Dec-2025,57651.8,Call,50700,0,0,17.0865,0,0,0
30-Dec-2025,57651.8,Call,51300,0,0,17.0865,0,0,0
30-Dec-2025,57651.8,Call,49900,0,0,17.0865,0,0,0
30-Dec-2025,57651.8,Call,57900,0,0,17.0865,0,19,0
30-Dec-2025,57651.8,Call,50400,0,0,17.0865,0,0,0
30-Dec-2025,57651.8,Put,51800,0,0,17.0865,0,0,0
30-Dec-2025,57651.8,Put,51700,0,0,17.0865,0,0,0
30-Dec-2025,57651.8,Put,58800,0,0,17.0865,0,9,0
30-Dec-2025,57651.8,Call,60900,0,0,17.0865,0,0,0
30-Dec-2025,57651.8,Call,60800,0,0,17.0865,0,0,0
30-Dec-2025,57651.8,Call,60700,0,0,17.0865,0,0,0
30-Dec-2025,57651.8,Put,51200,0,0,17.0865,0,0,0
30-Dec-2025,57651.8,Put,56900,0,0,17.0865,0,29,0
30-Dec-2025,57651.8,Put,51600,0,0,17.0865,0,0,0
30-Dec-2025,57651.8,Call,63100,0,0,0,0,0,0
30-Dec-2025,57651.8,Call,60200,0,0,17.0865,0,0,0
30-Dec-2025,57651.8,Put,60100,0,0,17.0865,0,5,0
30-Dec-2025,57651.8,Call,60300,0,0,17.0865,0,0,0
30-Dec-2025,57651.8,Put,60200,0,0,17.0865,0,5,0
30-Dec-2025,57651.8,Put,63100,0,0,0,0,0,0
30-Dec-2025,57651.8,Call,62500,0,0,17.0865,0,1,0
30-Dec-2025,57651.8,Put,50400,0,0,17.0865,0,0,0
30-Dec-2025,57651.8,Put,60300,0,0,17.0865,0,6,0
30-Dec-2025,57651.8,Put,59700,0,0,17.0865,0,4,0
30-Dec-2025,57651.8,Put,59800,0,0,17.0865,0,6,0
30-Dec-2025,57651.8,Call,59800,0,0,17.0865,0,0,0
30-Dec-2025,57651.8,Call,61200,0,0,17.0865,0,0,0
30-Dec-2025,57651.8,Call,59900,0,0,17.0865,0,0,0
30-Dec-2025,57651.8,Call,61300,0,0,17.0865,0,0,0
30-Dec-2025,57651.8,Call,61700,0,0,17.0865,0,0,0
30-Dec-2025,57651.8,Call,62700,0,0,17.0865,0,0,0
30-Dec-2025,57651.8,Call,62600,0,0,17.0865,0,0,0
30-Dec-2025,57651.8,Put,49500,0,0,17.0865,0,27,0
30-Dec-2025,57651.8,Put,62700,0,0,17.0865,0,0,0
30-Dec-2025,57651.8,Put,46500,0,0,17.0865,0,40,0
30-Dec-2025,57651.8,Put,52400,0,0,17.0865,0,0,0
30-Dec-2025,57651.8,Put,55600,0,0,17.0865,0,0,0
30-Dec-2025,57651.8,Put,63500,0,0,17.0865,0,8,0
30-Dec-2025,57651.8,Call,63500,0,0,17.0865,0,0,0
30-Dec-2025,57651.8,Call,61100,0,0,17.0865,0,0,0
30-Dec-2025,57651.8,Put,48500,0,0,17.0865,0,112,0
30-Dec-2025,57651.8,Put,47500,0,0,17.0865,0,50,0
30-Dec-2025,57651.8,Call,63000,0,0,17.0865,0,1,0
30-Dec-2025,57651.8,Call,50100,0,0,17.0865,0,0,0
30-Dec-2025,57651.8,Call,49800,0,0,17.0865,0,0,0
30-Dec-2025,57651.8,Call,49000,0,0,17.0865,0,0,0
30-Dec-2025,57651.8,Call,48500,0,0,17.0865,0,0,0
30-Dec-2025,57651.8,Call,47500,0,0,17.0865,0,0,0
30-Dec-2025,57651.8,Call,47000,0,0,17.0865,0,0,0
30-Dec-2025,57651.8,Put,61100,0,0,17.0865,0,2,0
30-Dec-2025,57651.8,Put,61700,0,0,17.0865,0,0,0
30-Dec-2025,57651.8,Call,50500,0,0,17.0865,0,5,0
30-Dec-2025,57651.8,Call,51200,0,0,17.0865,0,1,0
30-Dec-2025,57651.8,Call,51100,0,0,17.0865,0,0,0
30-Dec-2025,57651.8,Call,50900,0,0,17.0865,0,0,0
30-Dec-2025,57651.8,Call,50600,0,0,17.0865,0,0,0
30-Dec-2025,57651.8,Call,52800,0,0,17.0865,0,0,0
30-Dec-2025,57651.8,Call,52600,0,0,17.0865,0,0,0
30-Dec-2025,57651.8,Call,52100,0,0,17.0865,0,0,0
30-Dec-2025,57651.8,Call,51900,0,0,17.0865,0,0,0
30-Dec-2025,57651.8,Call,51800,0,0,17.0865,0,0,0
30-Dec-2025,57651.8,Call,51500,0,0,17.0865,0,1,0
30-Dec-2025,57651.8,Call,51400,0,0,17.0865,0,0,0
30-Dec-2025,57651.8,Put,62400,0,0,17.0865,0,0,0
30-Dec-2025,57651.8,Put,53800,0,0,17.0865,0,9,0
30-Dec-2025,57651.8,Put,53700,0,0,17.0865,0,8,0
30-Dec-2025,57651.8,Call,50300,0,0,17.0865,0,0,0
30-Dec-2025,57651.8,Call,50200,0,0,17.0865,0,0,0
30-Dec-2025,57651.8,Call,55300,0,0,17.0865,0,5,0
30-Dec-2025,57651.8,Call,55200,0,0,17.0865,0,2,0
30-Dec-2025,57651.8,Call,55100,0,0,17.0865,0,0,0
30-Dec-2025,57651.8,Call,54800,0,0,17.0865,0,2,0
30-Dec-2025,57651.8,Call,54700,0,0,17.0865,0,3,0
30-Dec-2025,57651.8,Call,54400,0,0,17.0865,0,2,0
30-Dec-2025,57651.8,Call,54300,0,0,17.0865,0,1,0
30-Dec-2025,57651.8,Call,54200,0,0,17.0865,0,2,0
30-Dec-2025,57651.8,Call,53900,0,0,17.0865,0,1,0
30-Dec-2025,57651.8,Call,53800,0,0,17.0865,0,2,0
30-Dec-2025,57651.8,Call,59600,0,0,17.0865,0,0,0
30-Dec-2025,57651.8,Call,59400,0,0,17.0865,0,0,0
30-Dec-2025,57651.8,Call,59300,0,0,17.0865,0,0,0
30-Dec-2025,57651.8,Call,59200,0,0,17.0865,0,0,0
30-Dec-2025,57651.8,Call,60100,0,0,17.0865,0,0,0
30-Dec-2025,57651.8,Call,58400,0,0,17.0865,0,6,0
30-Dec-2025,57651.8,Call,58100,0,0,17.0865,0,8,0
30-Dec-2025,57651.8,Call,58200,0,0,17.0865,0,25,0
30-Dec-2025,57651.8,Put,61300,0,0,17.0865,0,3,0
30-Dec-2025,57651.8,Put,58400,0,0,17.0865,0,18,0
30-Dec-2025,57651.8,Put,54100,0,0,17.0865,0,9,0
30-Dec-2025,57651.8,Put,60700,0,0,17.0865,0,12,0
30-Dec-2025,57651.8,Put,65500,0,0,17.0865,0,0,0
30-Dec-2025,57651.8,Call,62900,0,0,17.0865,0,0,0
30-Dec-2025,57651.8,Call,51000,0,0,17.0865,0,119.428571429,0
30-Dec-2025,57651.8,Put,43500,0,0,17.0865,0,38.1428571429,0
30-Dec-2025,57651.8,Put,52900,0,0,17.0865,0,0,0
30-Dec-2025,57651.8,Put,64500,0,0,17.0865,0,10,0
30-Dec-2025,57651.8,Put,54700,0,0,17.0865,0,0,0
30-Dec-2025,57651.8,Call,61500,0,0,17.0865,0,2,0
30-Dec-2025,57651.8,Call,49500,0,0,17.0865,0,0,0
30-Dec-2025,57651.8,Put,55400,0,0,17.0865,0,0,0
30-Dec-2025,57651.8,Call,55400,0,0,17.0865,0,2,0
30-Dec-2025,57651.8,Put,55300,0,0,17.0865,0,0,0
30-Dec-2025,57651.8,Put,55200,0,0,17.0865,0,0,0
30-Dec-2025,57651.8,Put,55100,0,0,17.0865,0,0,0
30-Dec-2025,57651.8,Call,54900,0,0,17.0865,0,1,0
30-Dec-2025,57651.8,Put,54600,0,0,17.0865,0,0,0
30-Dec-2025,57651.8,Call,54600,0,0,17.0865,0,3,0
30-Dec-2025,57651.8,Put,53600,0,0,17.0865,0,9,0
30-Dec-2025,57651.8,Call,53400,0,0,17.0865,0,1,0
30-Dec-2025,57651.8,Put,54300,0,0,17.0865,0,8,0
30-Dec-2025,57651.8,Put,54200,0,0,17.0865,0,8,0
30-Dec-2025,57651.8,Call,54100,0,0,17.0865,0,0,0
30-Dec-2025,57651.8,Put,53900,0,0,17.0865,0,9,0
30-Dec-2025,57651.8,Put,54400,0,0,17.0865,0,0,0
30-Dec-2025,57651.8,Call,53300,0,0,17.0865,0,0,0
30-Dec-2025,57651.8,Call,52900,0,0,17.0865,0,0,0
30-Dec-2025,57651.8,Put,59300,0,0,17.0865,0,7,0
30-Dec-2025,57651.8,Put,52300,0,0,17.0865,0,1,0
30-Dec-2025,57651.8,Put,52200,0,0,17.0865,0,0,0
30-Dec-2025,57651.8,Put,60800,0,0,17.0865,0,10,0
30-Dec-2025,57651.8,Call,60500,0,0,17.0865,0,0,0
30-Dec-2025,57651.8,Call,57700,0,0,17.0865,0,73,0
30-Dec-2025,57651.8,Call,56900,0,0,17.0865,0,9,0
30-Dec-2025,57651.8,Call,56600,0,0,17.0865,0,2,0
30-Dec-2025,57651.8,Call,56100,0,0,17.0865,0,8,0
30-Dec-2025,57651.8,Call,55800,0,0,17.0865,0,3,0
30-Dec-2025,57651.8,Call,55700,0,0,17.0865,0,3,0
30-Dec-2025,57651.8,Put,62500,0,0,17.0865,0,12,0
30-Dec-2025,57651.8,Put,61200,0,0,17.0865,0,2,0
30-Dec-2025,57651.8,Put,59400,0,0,17.0865,0,5,0
30-Dec-2025,57651.8,Put,59100,0,0,17.0865,0,6,0
30-Dec-2025,57651.8,Put,50700,0,0,17.0865,0,0,0
30-Dec-2025,57651.8,Put,51400,0,0,17.0865,0,0,0
30-Dec-2025,57651.8,Put,51300,0,0,17.0865,0,0,0
30-Dec-2025,57651.8,Put,50900,0,0,17.0865,0,0,0
30-Dec-2025,57651.8,Put,50800,0,0,17.0865,0,0,0
30-Dec-2025,57651.8,Put,50600,0,0,17.0865,0,0,0
30-Dec-2025,57651.8,Put,50300,0,0,17.0865,0,0,0
30-Dec-2025,57651.8,Put,50200,0,0,17.0865,0,0,0
30-Dec-2025,57651.8,Put,56300,0,0,17.0865,0,0,0
30-Dec-2025,57651.8,Put,56200,0,0,17.0865,0,0,0
30-Dec-2025,57651.8,Put,56100,0,0,17.0865,0,0,0
30-Dec-2025,57651.8,Put,52800,0,0,17.0865,0,0,0
30-Dec-2025,57651.8,Put,52700,0,0,17.0865,0,0,0
30-Dec-2025,57651.8,Put,52600,0,0,17.0865,0,0,0
30-Dec-2025,57651.8,Put,51900,0,0,17.0865,0,0,0
31-Mar-2026,57651.8,Call,63000,0,0,17.0865,0,0,0
31-Mar-2026,57651.8,Put,55500,0,0,17.0865,0,0,0
31-Mar-2026,57651.8,Put,49500,0,0,17.0865,0,0,0
31-Mar-2026,57651.8,Call,66000,0,0,17.0865,0,0,0
30-Dec-2025,57651.8,Put,58600,0,0,17.0865,0,13,0
30-Dec-2025,57651.8,Put,57300,0,0,17.0865,0,33,0
30-Dec-2025,57651.8,Put,56500,0,0,17.0865,0,0,0
30-Dec-2025,57651.8,Put,56400,0,0,17.0865,0,0,0
30-Dec-2025,57651.8,Put,63000,0,0,17.0865,0,9,0
30-Dec-2025,57651.8,Put,62000,0,0,17.0865,0,7,0
30-Dec-2025,57651.8,Put,60500,0,0,17.0865,0,14,0
30-Dec-2025,57651.8,Put,59600,0,0,17.0865,0,8,0
30-Dec-2025,57651.8,Put,53200,0,0,17.0865,0,5,0
30-Dec-2025,57651.8,Put,53100,0,0,17.0865,0,1,0
30-Dec-2025,57651.8,Put,61800,0,0,17.0865,0,0,0
30-Dec-2025,57651.8,Call,61800,0,0,17.0865,0,0,0
30-Dec-2025,57651.8,Put,48000,0,0,17.0865,0,454,0
30-Dec-2025,57651.8,Put,60900,0,0,17.0865,0,2,0
30-Dec-2025,57651.8,Put,54900,0,0,17.0865,0,0,0
30-Dec-2025,57651.8,Put,54800,0,0,17.0865,0,0,0
30-Dec-2025,57651.8,Call,65500,0,0,17.0865,0,0,0
30-Dec-2025,57651.8,Put,61400,0,0,17.0865,0,3,0
30-Dec-2025,57651.8,Call,52500,0,0,17.0865,0,4,0
30-Dec-2025,57651.8,Put,62900,0,0,17.0865,0,0,0
30-Dec-2025,57651.8,Put,52100,0,0,17.0865,0,0,0
30-Dec-2025,57651.8,Put,64000,0,0,17.0865,0,5,0
30-Dec-2025,57651.8,Put,62600,0,0,17.0865,0,0,0
30-Dec-2025,57651.8,Call,62800,0,0,17.0865,0,0,0
30-Dec-2025,57651.8,Put,61600,0,0,17.0865,0,3,0
30-Dec-2025,57651.8,Put,62800,0,0,17.0865,0,0,0
30-Dec-2025,57651.8,Put,58900,0,0,17.0865,0,11,0
30-Dec-2025,57651.8,Put,59200,0,0,17.0865,0,1,0
31-Mar-2026,57651.8,Put,61500,0,0,0,0,0,0
31-Mar-2026,57651.8,Put,52500,0,0,17.0865,0,0,0
30-Jun-2026,57651.8,Put,52500,0,0,17.0865,0,0,0
31-Mar-2026,57651.8,Put,46500,0,0,17.0865,0,0,0
31-Mar-2026,57651.8,Put,51000,0,0,17.0865,0,0,0
30-Jun-2026,57651.8,Call,58500,0,0,17.0865,0,0,0
30-Jun-2026,57651.8,Put,54000,0,0,17.0865,0,0,0
31-Mar-2026,57651.8,Call,64500,0,0,17.0865,0,0,0
30-Jun-2026,57651.8,Call,61500,0,0,17.0865,0,0,0
31-Mar-2026,57651.8,Put,48000,0,0,17.0865,0,0,0
30-Jun-2026,57651.8,Call,66000,0,0,17.0865,0,0,0
30-Jun-2026,57651.8,Call,57000,0,0,17.0865,0,0,0
30-Jun-2026,57651.8,Put,60000,0,0,17.0865,0,0,0
30-Jun-2026,57651.8,Call,63000,0,0,17.0865,0,0,0
30-Jun-2026,57651.8,Put,51000,0,0,17.0865,0,0,0
30-Jun-2026,57651.8,Put,48000,0,0,17.0865,0,0,0
30-Jun-2026,57651.8,Put,58500,0,0,17.0865,0,0,0
29-Sep-2026,57651.8,Put,57000,0,0,17.0865,0,0,0
30-Jun-2026,57651.8,Put,55500,0,0,17.0865,0,0,0
30-Jun-2026,57651.8,Put,57000,0,0,17.0865,0,0,0
30-Jun-2026,57651.8,Call,60000,0,0,17.0865,0,0,0
30-Jun-2026,57651.8,Put,46500,0,0,17.0865,0,0,0
30-Jun-2026,57651.8,Put,49500,0,0,17.0865,0,0,0
31-Mar-2026,57651.8,Call,61500,0,0,17.0865,0,0,0
30-Jun-2026,57651.8,Call,64500,0,0,17.0865,0,0,0
