28-Oct-2025,2027.8,-,0,2027.3,0,24.7881,1579,72000,24700
28-Oct-2025,2027.8,Call,2040,7.15,13.22,24.7881,-464,3017,22338
25-Nov-2025,2027.8,-,0,2038.9,0,24.7881,19716,50685,22134
28-Oct-2025,2027.8,Call,2060,3.25,15.48,24.7881,-520,2351,11592
28-Oct-2025,2027.8,Call,2020,16.15,11.65,24.7881,-494,2047,10037
28-Oct-2025,2027.8,Put,2000,3.8,17.01,24.7881,570,2022,9715
28-Oct-2025,2027.8,Put,2020,9.95,18.14,24.7881,206,1572,7906
28-Oct-2025,2027.8,Call,2080,1.7,18.01,24.7881,-74,1192,3369
28-Oct-2025,2027.8,Put,1980,1.25,16.77,24.7881,-2,1812,3179
28-Oct-2025,2027.8,Call,2100,0.95,20.37,24.7881,-467,1565,3068
28-Oct-2025,2027.8,Call,2000,29.9,0,24.7881,-62,1699,2689
28-Oct-2025,2027.8,Put,2040,21.05,19.09,24.7881,-268,1325,2037
28-Oct-2025,2027.8,Put,1960,0.55,17.48,24.7881,30,3506,1735
28-Oct-2025,2027.8,Call,2120,0.45,22.42,24.7881,65,976,1242
25-Nov-2025,2027.8,Call,2100,25.5,19.49,24.7881,188,806,897
25-Nov-2025,2027.8,Call,2040,49,19.33,24.7881,196,544,854
28-Oct-2025,2027.8,Put,1940,0.4,21.47,24.7881,-177,2165,715
25-Nov-2025,2027.8,Put,2000,33.05,21.97,24.7881,66,557,714
28-Oct-2025,2027.8,Put,2060,38.35,22.22,24.7881,-123,351,589
25-Nov-2025,2027.8,Call,2280,3.3,23.11,24.7881,317,398,566
25-Nov-2025,2027.8,Call,2020,59.55,18.8,24.7881,66,212,525
25-Nov-2025,2027.8,Call,2000,70.7,19.14,24.7881,17,1263,474
25-Nov-2025,2027.8,Call,2060,39,19.14,24.7881,81,490,445
28-Oct-2025,2027.8,Put,1900,0.35,28.82,24.7881,-113,2065,444
28-Oct-2025,2027.8,Call,1980,45.7,0,24.7881,-13,2391,430
25-Nov-2025,2027.8,Put,2020,40.9,22.19,24.7881,58,214,410
28-Oct-2025,2027.8,Put,1920,0.35,24.74,24.7881,-63,849,402
28-Oct-2025,2027.8,Call,2200,0.3,33.74,24.7881,-209,672,374
25-Nov-2025,2027.8,Put,1940,16.55,22.41,24.7881,212,368,334
28-Oct-2025,2027.8,Call,2140,0.35,24.85,24.7881,-83,446,308
28-Oct-2025,2027.8,Call,2160,0.35,27.8,24.7881,-116,196,297
25-Nov-2025,2027.8,Call,2200,7.85,21.06,24.7881,21,531,282
28-Oct-2025,2027.8,Call,1900,125.25,0,24.7881,-177,1707,253
28-Oct-2025,2027.8,Call,1960,63.2,0,24.7881,-7,7267,253
25-Nov-2025,2027.8,Put,1860,5.35,23.43,24.7881,97,224,240
25-Nov-2025,2027.8,Put,1900,9.5,22.87,24.7881,65,432,239
28-Oct-2025,2027.8,Put,1880,0.35,32.87,24.7881,-96,549,218
25-Nov-2025,2027.8,Put,2040,51.5,21.93,24.7881,-6,327,189
28-Oct-2025,2027.8,Put,1800,0.2,45.76,24.7881,-86,592,181
25-Nov-2025,2027.8,Put,2060,63.2,22.37,24.7881,133,245,181
25-Nov-2025,2027.8,Put,2100,86.5,22.7,24.7881,108,248,162
25-Nov-2025,2027.8,Call,2080,30,19.27,24.7881,40,147,162
25-Nov-2025,2027.8,Call,1920,127.4,18.17,24.7881,133,156,159
25-Nov-2025,2027.8,Call,2140,15.5,20.12,24.7881,6,85,147
25-Nov-2025,2027.8,Call,2240,4.95,21.98,24.7881,74,245,147
28-Oct-2025,2027.8,Put,1860,0.25,35.3,24.7881,-32,687,146
25-Nov-2025,2027.8,Put,1920,12.05,22.35,24.7881,-4,90,145
25-Nov-2025,2027.8,Call,2120,19.05,19.79,24.7881,30,164,140
25-Nov-2025,2027.8,Put,1960,20.45,22.38,24.7881,8,160,127
28-Oct-2025,2027.8,Put,2100,71.85,0,24.7881,-83,217,125
25-Nov-2025,2027.8,Call,2160,12.25,20.52,24.7881,-10,202,123
25-Nov-2025,2027.8,Call,1940,116,21.54,24.7881,71,166,116
25-Nov-2025,2027.8,Call,1840,200.8,0,24.7881,104,162,111
25-Nov-2025,2027.8,Put,1840,4.1,23.96,24.7881,51,106,107
28-Oct-2025,2027.8,Call,1940,83.5,0,24.7881,-60,1433,106
28-Oct-2025,2027.8,Call,1820,205.25,0,24.7881,-73,170,105
25-Nov-2025,2027.8,Call,2220,6,21.56,24.7881,51,63,104
25-Nov-2025,2027.8,Put,1980,26.8,21.99,24.7881,24,113,84
25-Nov-2025,2027.8,Call,2180,9.45,20.77,24.7881,49,55,80
28-Oct-2025,2027.8,Call,1800,218.25,0,24.7881,-73,74,77
25-Nov-2025,2027.8,Put,1880,7.45,23.06,24.7881,21,79,77
25-Nov-2025,2027.8,Call,2320,2.4,24,24.7881,56,56,68
28-Oct-2025,2027.8,Put,2080,59.8,27.95,24.7881,1,97,54
25-Nov-2025,2027.8,Call,1800,231.4,0,24.7881,48,65,53
28-Oct-2025,2027.8,Put,1820,0.3,41.94,24.7881,20,190,52
25-Nov-2025,2027.8,Call,2260,4,22.52,24.7881,31,32,52
25-Nov-2025,2027.8,Call,1900,149.2,21.98,24.7881,40,69,49
25-Nov-2025,2027.8,Put,1800,2.85,25.55,24.7881,27,162,47
25-Nov-2025,2027.8,Put,2200,171.3,26.15,24.7881,41,52,42
30-Dec-2025,2027.8,-,0,2045.3,0,24.7881,4,5889,41
30-Dec-2025,2027.8,Call,2240,11.5,17.91,24.7881,-4,46,26
28-Oct-2025,2027.8,Call,2240,0.15,37.76,24.7881,-4,45,23
25-Nov-2025,2027.8,Put,1820,3.5,24.76,24.7881,12,55,23
30-Dec-2025,2027.8,Call,2200,16.25,17.31,24.7881,17,17,19
28-Oct-2025,2027.8,Call,1920,102.55,0,24.7881,-14,737,16
28-Oct-2025,2027.8,Put,1740,0.2,55.54,24.7881,2,149,16
28-Oct-2025,2027.8,Put,1840,0.25,39.19,24.7881,-3,394,16
28-Oct-2025,2027.8,Put,1760,0.1,49.62,24.7881,0,169,15
25-Nov-2025,2027.8,Call,1980,81.65,18.88,24.7881,-1,94,11
28-Oct-2025,2027.8,Call,1880,137.05,0,24.7881,-7,389,8
25-Nov-2025,2027.8,Put,2080,75,22.37,24.7881,1,23,7
25-Nov-2025,2027.8,Call,1960,95,18.25,24.7881,2,135,6
28-Oct-2025,2027.8,Call,2180,0.4,31.88,24.7881,0,131,5
28-Oct-2025,2027.8,Put,1700,0.05,56.82,24.7881,0,393,4
28-Oct-2025,2027.8,Put,1780,0.25,50.9,24.7881,0,151,3
25-Nov-2025,2027.8,Call,1880,160,0,24.7881,1,4,3
28-Oct-2025,2027.8,Put,1680,0.05,60.34,24.7881,0,209,2
28-Oct-2025,2027.8,Call,1860,161,0,24.7881,0,141,2
28-Oct-2025,2027.8,Put,2140,120.7,47.35,24.7881,0,1,2
28-Oct-2025,2027.8,Put,2160,140.55,52.44,24.7881,0,0,2
28-Oct-2025,2027.8,Call,1720,303,0,24.7881,0,12,2
28-Oct-2025,2027.8,Put,1720,0.05,53.34,24.7881,0,160,1
25-Nov-2025,2027.8,Put,1760,2,27.37,24.7881,0,13,1
25-Nov-2025,2027.8,Call,1860,178.8,0,24.7881,0,3,1
25-Nov-2025,2027.8,Put,2140,121.3,24.77,24.7881,0,0,1
28-Oct-2025,2027.8,Call,1660,0,0,24.7881,0,0,0
28-Oct-2025,2027.8,Put,1660,0,0,24.7881,0,0,0
28-Oct-2025,2027.8,Call,1700,0,0,24.7881,0,48,0
28-Oct-2025,2027.8,Call,1780,0,0,24.7881,0,2,0
28-Oct-2025,2027.8,Call,1840,0,0,24.7881,0,69,0
28-Oct-2025,2027.8,Put,2240,0,0,24.7881,0,0,0
28-Oct-2025,2027.8,Put,1600,0,0,24.7881,0,99,0
28-Oct-2025,2027.8,Call,1600,0,0,24.7881,0,4,0
28-Oct-2025,2027.8,Call,1640,0,0,24.7881,0,0,0
28-Oct-2025,2027.8,Call,1760,0,0,24.7881,0,15,0
28-Oct-2025,2027.8,Put,2120,0,0,24.7881,0,0,0
28-Oct-2025,2027.8,Put,2180,0,0,24.7881,0,0,0
28-Oct-2025,2027.8,Put,2220,0,0,24.7881,0,0,0
28-Oct-2025,2027.8,Put,2260,0,0,24.7881,0,0,0
28-Oct-2025,2027.8,Call,2320,0,0,24.7881,0,0,0
28-Oct-2025,2027.8,Call,2280,0,0,24.7881,0,0,0
28-Oct-2025,2027.8,Put,1640,0,0,24.7881,0,1,0
25-Nov-2025,2027.8,Put,1780,0,0,24.7881,0,14,0
25-Nov-2025,2027.8,Put,1680,0,0,24.7881,0,0,0
25-Nov-2025,2027.8,Call,1680,0,0,24.7881,0,0,0
28-Oct-2025,2027.8,Put,2200,0,0,24.7881,0,7,0
25-Nov-2025,2027.8,Call,1700,0,0,24.7881,0,0,0
28-Oct-2025,2027.8,Call,2260,0,0,24.7881,0,0,0
28-Oct-2025,2027.8,Call,1680,0,0,24.7881,0,2,0
28-Oct-2025,2027.8,Call,1740,0,0,24.7881,0,21,0
28-Oct-2025,2027.8,Call,2220,0,0,24.7881,0,0,0
25-Nov-2025,2027.8,Call,1820,0,0,24.7881,0,44,0
25-Nov-2025,2027.8,Put,2180,0,0,24.7881,0,0,0
25-Nov-2025,2027.8,Put,1720,0,0,24.7881,0,0,0
25-Nov-2025,2027.8,Put,2120,0,0,24.7881,0,0,0
25-Nov-2025,2027.8,Put,1640,0,0,24.7881,0,0,0
25-Nov-2025,2027.8,Put,1740,0,0,24.7881,0,0,0
25-Nov-2025,2027.8,Call,1780,0,0,24.7881,0,0,0
28-Oct-2025,2027.8,Put,2280,0,0,24.7881,0,0,0
28-Oct-2025,2027.8,Put,2320,0,0,24.7881,0,0,0
25-Nov-2025,2027.8,Put,2320,0,0,24.7881,0,0,0
25-Nov-2025,2027.8,Put,2260,0,0,24.7881,0,0,0
30-Dec-2025,2027.8,Call,2080,0,0,24.7881,0,0,0
30-Dec-2025,2027.8,Put,1760,0,0,24.7881,0,0,0
25-Nov-2025,2027.8,Call,1740,0,0,24.7881,0,0,0
30-Dec-2025,2027.8,Put,1960,0,0,24.7881,0,0,0
25-Nov-2025,2027.8,Put,2220,0,0,24.7881,0,0,0
30-Dec-2025,2027.8,Call,2160,0,0,24.7881,0,0,0
25-Nov-2025,2027.8,Put,1660,0,0,24.7881,0,0,0
30-Dec-2025,2027.8,Put,1600,0,0,24.7881,0,0,0
25-Nov-2025,2027.8,Call,1600,0,0,24.7881,0,4,0
25-Nov-2025,2027.8,Put,2240,0,0,24.7881,0,0,0
25-Nov-2025,2027.8,Call,1720,0,0,24.7881,0,2,0
25-Nov-2025,2027.8,Put,1600,0,0,24.7881,0,0,0
25-Nov-2025,2027.8,Put,2160,0,0,24.7881,0,0,0
25-Nov-2025,2027.8,Call,1760,0,0,24.7881,0,1,0
30-Dec-2025,2027.8,Put,1680,0,0,24.7881,0,0,0
30-Dec-2025,2027.8,Put,1720,0,0,24.7881,0,0,0
30-Dec-2025,2027.8,Put,2000,0,0,24.7881,0,20,0
25-Nov-2025,2027.8,Call,1660,0,0,24.7881,0,0,0
30-Dec-2025,2027.8,Call,2120,0,0,24.7881,0,0,0
30-Dec-2025,2027.8,Call,2000,0,0,24.7881,0,0,0
30-Dec-2025,2027.8,Put,2080,0,0,24.7881,0,0,0
30-Dec-2025,2027.8,Put,1800,0,0,24.7881,0,0,0
30-Dec-2025,2027.8,Put,1920,0,0,24.7881,0,0,0
30-Dec-2025,2027.8,Put,1520,0,0,24.7881,0,2,0
30-Dec-2025,2027.8,Call,2400,0,0,0,0,0,0
25-Nov-2025,2027.8,Call,1640,0,0,24.7881,0,0,0
25-Nov-2025,2027.8,Put,1700,0,0,24.7881,0,0,0
30-Dec-2025,2027.8,Put,1840,0,0,24.7881,0,0,0
30-Dec-2025,2027.8,Call,2040,0,0,24.7881,0,0,0
30-Dec-2025,2027.8,Put,2040,0,0,24.7881,0,0,0
25-Nov-2025,2027.8,Put,2280,0,0,24.7881,0,0,0
30-Dec-2025,2027.8,Call,2320,0,0,24.7881,0,0,0
