28-Oct-2025,236.04,-,0,236.61,0,45.4226,-150,15991,1313
25-Nov-2025,236.04,-,0,237.92,0,45.4226,669,7034,1084
28-Oct-2025,236.04,Call,240,1.45,28.31,45.4226,-11,1438,485
28-Oct-2025,236.04,Call,235,3.5,25.74,45.4226,21,416,467
28-Oct-2025,236.04,Call,237.5,2.3,26.47,45.4226,5,434,320
28-Oct-2025,236.04,Put,235,1.95,27.88,45.4226,4,389,286
28-Oct-2025,236.04,Call,245,0.55,30.97,45.4226,-4,1237,266
28-Oct-2025,236.04,Call,250,0.3,35.65,45.4226,-111,2233,262
28-Oct-2025,236.04,Put,230,0.65,28.26,45.4226,4,519,196
28-Oct-2025,236.04,Call,232.5,5.2,26.89,45.4226,-49,61,194
28-Oct-2025,236.04,Put,232.5,1.15,27.54,45.4226,21,215,175
28-Oct-2025,236.04,Put,237.5,3.3,28.64,45.4226,-23,100,133
28-Oct-2025,236.04,Call,230,7.05,27.45,45.4226,1,180,108
28-Oct-2025,236.04,Call,260,0.1,49.02,45.4226,20,839,91
28-Oct-2025,236.04,Put,240,5,28.46,45.4226,-8,582,89
28-Oct-2025,236.04,Call,242.5,0.9,29.5,45.4226,11,428,56
25-Nov-2025,236.04,Call,250,4.7,32.65,45.4226,14,313,49
25-Nov-2025,236.04,Call,235,10.9,32.87,45.4226,9,372,47
25-Nov-2025,236.04,Call,245,6.35,32.61,45.4226,2,97,47
25-Nov-2025,236.04,Call,240,8.4,32.95,45.4226,11,384,42
28-Oct-2025,236.04,Put,225,0.2,31.82,45.4226,-4,347,40
28-Oct-2025,236.04,Call,255,0.15,40.78,45.4226,-4,525,38
28-Oct-2025,236.04,Put,220,0.1,36.02,45.4226,0,290,32
28-Oct-2025,236.04,Call,247.5,0.35,33.36,45.4226,-8,162,28
25-Nov-2025,236.04,Call,260,2.5,33.55,45.4226,10,273,28
25-Nov-2025,236.04,Put,225,4.4,34.98,45.4226,13,109,27
30-Dec-2025,236.04,-,0,239.5,0,45.4226,13,417,25
28-Oct-2025,236.04,Put,245,8.95,34.82,45.4226,-2,364,25
28-Oct-2025,236.04,Call,270,0.05,55.1,45.4226,0,412,23
25-Nov-2025,236.04,Call,230,13.5,32.86,45.4226,4,61,23
25-Nov-2025,236.04,Call,255,3.35,32.93,45.4226,0,60,21
28-Oct-2025,236.04,Call,227.5,8.8,23.19,45.4226,-1,45,20
28-Oct-2025,236.04,Call,225,11.3,28.58,45.4226,-3,98,19
25-Nov-2025,236.04,Put,235,8,34.33,45.4226,4,315,19
25-Nov-2025,236.04,Put,230,6,34.44,45.4226,4,278,19
28-Oct-2025,236.04,Put,247.5,11.3,38.17,45.4226,-2,50,17
28-Oct-2025,236.04,Put,250,13.85,41.62,45.4226,0,139,15
28-Oct-2025,236.04,Put,242.5,6.8,29,45.4226,-1,65,14
25-Nov-2025,236.04,Call,270,1.4,34.96,45.4226,-8,66,14
25-Nov-2025,236.04,Call,237.5,9.5,33.28,45.4226,2,40,14
25-Nov-2025,236.04,Put,210,1.45,36.39,45.4226,-2,89,12
25-Nov-2025,236.04,Call,265,1.9,34.13,45.4226,7,30,11
28-Oct-2025,236.04,Put,222.5,0.15,35.64,45.4226,-2,86,10
25-Nov-2025,236.04,Put,240,10.85,35.09,45.4226,5,370,9
25-Nov-2025,236.04,Put,220,3.05,35.06,45.4226,1,147,8
28-Oct-2025,236.04,Put,215,0.05,41.12,45.4226,-6,232,7
25-Nov-2025,236.04,Call,280,0.75,35.97,45.4226,4,82,6
28-Oct-2025,236.04,Call,222.5,11.95,0,45.4226,-3,46,5
28-Oct-2025,236.04,Put,227.5,0.35,28.55,45.4226,-1,123,5
28-Oct-2025,236.04,Call,220,15.7,0,45.4226,1,128,5
25-Nov-2025,236.04,Call,247.5,4.5,29.53,45.4226,2,12,5
25-Nov-2025,236.04,Put,200,0.7,38.73,45.4226,-1,117,5
28-Oct-2025,236.04,Call,275,0.05,61.58,45.4226,0,68,4
28-Oct-2025,236.04,Call,257.5,0.1,41.99,45.4226,0,112,3
25-Nov-2025,236.04,Put,237.5,9.15,33.73,45.4226,1,31,3
25-Nov-2025,236.04,Put,215,2.15,35.85,45.4226,1,17,3
28-Oct-2025,236.04,Put,280,43.5,0,45.4226,-1,70,2
28-Oct-2025,236.04,Call,252.5,0.25,40.4,45.4226,0,138,2
25-Nov-2025,236.04,Put,250,16.85,34.17,45.4226,-1,133,2
25-Nov-2025,236.04,Call,232.5,12.2,33.53,45.4226,1,7,2
28-Oct-2025,236.04,Put,265,31.65,116.89,45.4226,0,55,1
28-Oct-2025,236.04,Put,260,25.55,87.84,45.4226,0,204,1
25-Nov-2025,236.04,Put,232.5,6.85,33.83,45.4226,0,15,1
25-Nov-2025,236.04,Call,225,16.8,32.98,45.4226,0,1,1
25-Nov-2025,236.04,Call,220,18.3,19.08,45.4226,0,22,1
28-Oct-2025,236.04,Call,267.5,0,0,45.4226,0,28,0
28-Oct-2025,236.04,Put,255,0,0,45.4226,0,45,0
28-Oct-2025,236.04,Put,267.5,0,0,45.4226,0,17,0
28-Oct-2025,236.04,Call,210,0,0,45.4226,0,80,0
28-Oct-2025,236.04,Call,265,0,0,45.4226,0,265,0
28-Oct-2025,236.04,Put,170,0,0,45.4226,0,31,0
28-Oct-2025,236.04,Call,180,0,0,45.4226,0,0,0
28-Oct-2025,236.04,Call,262.5,0,0,45.4226,0,49,0
28-Oct-2025,236.04,Put,270,0,0,45.4226,0,70,0
28-Oct-2025,236.04,Put,275,0,0,45.4226,0,2,0
28-Oct-2025,236.04,Call,217.5,0,0,45.4226,0,11,0
28-Oct-2025,236.04,Call,280,0,0,45.4226,0,284,0
28-Oct-2025,236.04,Put,217.5,0,0,45.4226,0,34,0
28-Oct-2025,236.04,Put,180,0,0,45.4226,0,34,0
28-Oct-2025,236.04,Put,262.5,0,0,45.4226,0,30,0
28-Oct-2025,236.04,Call,195,0,0,45.4226,0,0,0
28-Oct-2025,236.04,Call,212.5,0,0,45.4226,0,0,0
28-Oct-2025,236.04,Call,215,0,0,45.4226,0,32,0
28-Oct-2025,236.04,Put,212.5,0,0,45.4226,0,3,0
28-Oct-2025,236.04,Put,205,0,0,45.4226,0,69,0
28-Oct-2025,236.04,Call,205,0,0,45.4226,0,10,0
28-Oct-2025,236.04,Put,195,0,0,45.4226,0,5,0
28-Oct-2025,236.04,Put,252.5,0,0,45.4226,0,43,0
28-Oct-2025,236.04,Put,257.5,0,0,45.4226,0,33,0
28-Oct-2025,236.04,Call,200,0,0,45.4226,0,40,0
28-Oct-2025,236.04,Put,200,0,0,45.4226,0,225,0
28-Oct-2025,236.04,Put,210,0,0,45.4226,0,178,0
25-Nov-2025,236.04,Call,267.5,0,0,45.4226,0,0,0
25-Nov-2025,236.04,Put,262.5,0,0,45.4226,0,0,0
25-Nov-2025,236.04,Put,205,0,0,45.4226,0,1,0
25-Nov-2025,236.04,Call,252.5,0,0,45.4226,0,0,0
25-Nov-2025,236.04,Call,275,0,0,45.4226,0,0,0
25-Nov-2025,236.04,Call,257.5,0,0,45.4226,0,8,0
25-Nov-2025,236.04,Call,212.5,0,0,45.4226,0,0,0
25-Nov-2025,236.04,Put,260,0,0,45.4226,0,226,0
25-Nov-2025,236.04,Put,195,0,0,45.4226,0,0,0
25-Nov-2025,236.04,Call,210,0,0,45.4226,0,89,0
25-Nov-2025,236.04,Put,212.5,0,0,45.4226,0,1,0
25-Nov-2025,236.04,Call,242.5,0,0,45.4226,0,13,0
25-Nov-2025,236.04,Put,242.5,0,0,45.4226,0,2,0
25-Nov-2025,236.04,Put,247.5,0,0,45.4226,0,0,0
25-Nov-2025,236.04,Put,252.5,0,0,45.4226,0,0,0
25-Nov-2025,236.04,Put,255,0,0,45.4226,0,24,0
25-Nov-2025,236.04,Put,257.5,0,0,45.4226,0,0,0
25-Nov-2025,236.04,Put,275,0,0,45.4226,0,0,0
25-Nov-2025,236.04,Put,222.5,0,0,45.4226,0,1,0
25-Nov-2025,236.04,Put,217.5,0,0,45.4226,0,0,0
25-Nov-2025,236.04,Put,265,0,0,45.4226,0,0,0
25-Nov-2025,236.04,Put,227.5,0,0,45.4226,0,39,0
25-Nov-2025,236.04,Call,217.5,0,0,45.4226,0,0,0
25-Nov-2025,236.04,Call,205,0,0,45.4226,0,0,0
25-Nov-2025,236.04,Call,227.5,0,0,45.4226,0,0,0
25-Nov-2025,236.04,Call,215,0,0,45.4226,0,0,0
25-Nov-2025,236.04,Call,222.5,0,0,45.4226,0,0,0
25-Nov-2025,236.04,Put,267.5,0,0,45.4226,0,0,0
25-Nov-2025,236.04,Put,280,0,0,45.4226,0,43,0
25-Nov-2025,236.04,Put,245,0,0,45.4226,0,11,0
25-Nov-2025,236.04,Put,270,0,0,45.4226,0,60,0
25-Nov-2025,236.04,Call,200,0,0,45.4226,0,0,0
25-Nov-2025,236.04,Call,262.5,0,0,45.4226,0,6,0
30-Dec-2025,236.04,Call,245,0,0,45.4226,0,0,0
25-Nov-2025,236.04,Call,195,0,0,45.4226,0,0,0
30-Dec-2025,236.04,Call,230,0,0,45.4226,0,0,0
30-Dec-2025,236.04,Call,260,0,0,45.4226,0,0,0
30-Dec-2025,236.04,Put,230,0,0,45.4226,0,0,0
30-Dec-2025,236.04,Call,235,0,0,45.4226,0,0,0
30-Dec-2025,236.04,Put,235,0,0,45.4226,0,0,0
30-Dec-2025,236.04,Put,245,0,0,45.4226,0,0,0
30-Dec-2025,236.04,Call,255,0,0,45.4226,0,0,0
30-Dec-2025,236.04,Call,270,0,0,45.4226,0,2,0
30-Dec-2025,236.04,Call,250,0,0,45.4226,0,0,0
30-Dec-2025,236.04,Put,215,0,0,45.4226,0,0,0
30-Dec-2025,236.04,Call,265,0,0,45.4226,0,0,0
30-Dec-2025,236.04,Put,210,0,0,45.4226,0,0,0
30-Dec-2025,236.04,Put,220,0,0,45.4226,0,0,0
30-Dec-2025,236.04,Put,240,0,0,45.4226,0,0,0
30-Dec-2025,236.04,Put,225,0,0,45.4226,0,0,0
30-Dec-2025,236.04,Put,250,0,0,45.4226,0,0,0
30-Dec-2025,236.04,Call,240,0,0,45.4226,0,0,0
