28-Oct-2025,358.75,-,0,359.1,0,38.9989,-968,11274,3448
25-Nov-2025,358.75,-,0,361.2,0,38.9989,2605,7568,3333
28-Oct-2025,358.75,Call,370,0.6,25.3,38.9989,-39,867,1041
28-Oct-2025,358.75,Call,365,1.2,22.71,38.9989,17,503,920
28-Oct-2025,358.75,Put,360,3.55,19.78,38.9989,2,447,759
28-Oct-2025,358.75,Call,360,2.65,20.82,38.9989,11,471,619
28-Oct-2025,358.75,Put,340,0.2,31.24,38.9989,-88,294,398
28-Oct-2025,358.75,Put,355,1.35,19.44,38.9989,-2,245,358
28-Oct-2025,358.75,Call,380,0.25,31.77,38.9989,-62,585,278
28-Oct-2025,358.75,Put,365,6.95,19.39,38.9989,-26,154,233
28-Oct-2025,358.75,Put,350,0.45,21.63,38.9989,-16,425,175
28-Oct-2025,358.75,Call,375,0.35,27.6,38.9989,-8,362,148
25-Nov-2025,358.75,Call,370,8.4,27.96,38.9989,4,363,140
28-Oct-2025,358.75,Call,400,0.05,42.8,38.9989,-65,572,134
25-Nov-2025,358.75,Call,400,2.05,29.58,38.9989,57,226,98
25-Nov-2025,358.75,Call,360,12.9,28.54,38.9989,31,156,96
25-Nov-2025,358.75,Put,340,3.95,28.96,38.9989,28,169,78
25-Nov-2025,358.75,Call,390,3.3,28.37,38.9989,28,341,73
25-Nov-2025,358.75,Put,360,11.15,28.52,38.9989,24,127,69
28-Oct-2025,358.75,Put,345,0.3,25.7,38.9989,-11,207,65
28-Oct-2025,358.75,Put,370,10.7,20.75,38.9989,3,208,63
25-Nov-2025,358.75,Call,365,10.7,28.51,38.9989,22,94,51
25-Nov-2025,358.75,Put,365,13.35,28.24,38.9989,-6,46,47
28-Oct-2025,358.75,Put,335,0.15,35.97,38.9989,-2,249,40
25-Nov-2025,358.75,Call,380,5.3,28.18,38.9989,20,264,40
28-Oct-2025,358.75,Call,350,9.95,26.67,38.9989,-20,268,39
25-Nov-2025,358.75,Call,375,6.6,28.36,38.9989,13,50,39
25-Nov-2025,358.75,Put,350,6.9,28.42,38.9989,2,162,39
28-Oct-2025,358.75,Put,330,0.15,39.67,38.9989,-11,237,37
28-Oct-2025,358.75,Call,355,5.85,19.94,38.9989,4,152,37
25-Nov-2025,358.75,Put,320,1.25,31,38.9989,13,64,34
30-Dec-2025,358.75,-,0,364,0,38.9989,14,123,27
28-Oct-2025,358.75,Call,385,0.2,36.13,38.9989,-5,125,27
28-Oct-2025,358.75,Put,375,15.15,0,38.9989,1,29,25
25-Nov-2025,358.75,Put,370,16.15,28.03,38.9989,6,185,22
30-Dec-2025,358.75,Call,420,8.9,42.18,38.9989,0,0,20
25-Nov-2025,358.75,Put,330,2.15,29.64,38.9989,10,72,19
28-Oct-2025,358.75,Call,390,0.1,37.24,38.9989,0,277,17
28-Oct-2025,358.75,Put,320,0.05,47.11,38.9989,-10,160,16
25-Nov-2025,358.75,Put,400,37.55,18.47,38.9989,13,36,14
28-Oct-2025,358.75,Put,310,0.05,58.31,38.9989,-5,87,12
25-Nov-2025,358.75,Call,410,1.25,29.86,38.9989,-2,24,11
28-Oct-2025,358.75,Call,345,15,28.16,38.9989,-2,119,10
25-Nov-2025,358.75,Put,355,8.35,27.76,38.9989,3,11,10
28-Oct-2025,358.75,Put,325,0.1,45.65,38.9989,0,189,9
28-Oct-2025,358.75,Call,420,0.05,59.52,38.9989,-6,34,7
25-Nov-2025,358.75,Put,300,0.45,34.93,38.9989,2,38,7
28-Oct-2025,358.75,Call,340,19.8,44.15,38.9989,-3,104,6
28-Oct-2025,358.75,Put,315,0.1,57.63,38.9989,0,97,5
28-Oct-2025,358.75,Call,410,0.05,51.35,38.9989,-2,207,4
25-Nov-2025,358.75,Call,350,18.7,28.67,38.9989,-2,47,4
25-Nov-2025,358.75,Call,340,28.15,35.03,38.9989,-1,5,4
25-Nov-2025,358.75,Call,355,16.1,28.75,38.9989,0,8,3
25-Nov-2025,358.75,Put,345,5.2,28.72,38.9989,1,1,3
25-Nov-2025,358.75,Call,385,4.3,28.38,38.9989,2,8,3
25-Nov-2025,358.75,Put,380,20.25,20.63,38.9989,0,21,2
28-Oct-2025,358.75,Call,330,32.5,86.91,38.9989,0,15,1
25-Nov-2025,358.75,Call,320,43.65,33.12,38.9989,0,4,1
25-Nov-2025,358.75,Put,390,29.6,24.69,38.9989,0,25,1
30-Dec-2025,358.75,Put,340,6.3,26.84,38.9989,0,0,1
28-Oct-2025,358.75,Put,295,0,0,38.9989,0,4,0
28-Oct-2025,358.75,Put,300,0,0,38.9989,0,208,0
28-Oct-2025,358.75,Put,305,0,0,38.9989,0,1,0
28-Oct-2025,358.75,Put,290,0,0,38.9989,0,7,0
28-Oct-2025,358.75,Put,285,0,0,38.9989,0,35,0
28-Oct-2025,358.75,Put,400,0,0,38.9989,0,25,0
28-Oct-2025,358.75,Call,395,0,0,38.9989,0,73,0
28-Oct-2025,358.75,Put,380,0,0,38.9989,0,34,0
28-Oct-2025,358.75,Put,395,0,0,38.9989,0,10,0
28-Oct-2025,358.75,Call,325,0,0,38.9989,0,16,0
28-Oct-2025,358.75,Call,315,0,0,38.9989,0,9,0
28-Oct-2025,358.75,Call,335,0,0,38.9989,0,22,0
28-Oct-2025,358.75,Put,390,0,0,38.9989,0,41,0
28-Oct-2025,358.75,Put,385,0,0,38.9989,0,29,0
28-Oct-2025,358.75,Call,320,0,0,38.9989,0,34,0
28-Oct-2025,358.75,Call,310,0,0,38.9989,0,10,0
28-Oct-2025,358.75,Call,300,0,0,38.9989,0,3,0
28-Oct-2025,358.75,Put,420,0,0,38.9989,0,13,0
28-Oct-2025,358.75,Put,410,0,0,38.9989,0,3,0
25-Nov-2025,358.75,Call,420,0,0,38.9989,0,1,0
25-Nov-2025,358.75,Put,325,0,0,38.9989,0,1,0
25-Nov-2025,358.75,Call,335,0,0,38.9989,0,2,0
25-Nov-2025,358.75,Call,345,0,0,38.9989,0,0,0
25-Nov-2025,358.75,Put,375,0,0,38.9989,0,25,0
25-Nov-2025,358.75,Put,315,0,0,38.9989,0,0,0
25-Nov-2025,358.75,Call,315,0,0,38.9989,0,0,0
25-Nov-2025,358.75,Call,330,0,0,38.9989,0,7,0
25-Nov-2025,358.75,Call,395,0,0,38.9989,0,0,0
25-Nov-2025,358.75,Call,325,0,0,38.9989,0,2,0
25-Nov-2025,358.75,Put,420,0,0,38.9989,0,1,0
25-Nov-2025,358.75,Put,335,0,0,38.9989,0,0,0
25-Nov-2025,358.75,Put,395,0,0,38.9989,0,0,0
25-Nov-2025,358.75,Put,385,0,0,38.9989,0,7,0
25-Nov-2025,358.75,Call,300,0,0,38.9989,0,1,0
25-Nov-2025,358.75,Put,310,0,0,38.9989,0,42,0
30-Dec-2025,358.75,Put,330,0,0,38.9989,0,0,0
30-Dec-2025,358.75,Call,400,0,0,38.9989,0,0,0
30-Dec-2025,358.75,Put,380,0,0,38.9989,0,0,0
30-Dec-2025,358.75,Call,380,0,0,38.9989,0,0,0
30-Dec-2025,358.75,Put,350,0,0,38.9989,0,0,0
30-Dec-2025,358.75,Call,360,0,0,38.9989,0,0,0
30-Dec-2025,358.75,Put,370,0,0,38.9989,0,0,0
25-Nov-2025,358.75,Call,310,0,0,38.9989,0,4,0
30-Dec-2025,358.75,Call,370,0,0,38.9989,0,1,0
30-Dec-2025,358.75,Call,390,0,0,38.9989,0,1,0
25-Nov-2025,358.75,Put,410,0,0,38.9989,0,13,0
30-Dec-2025,358.75,Put,360,0,0,38.9989,0,0,0
