28-Oct-2025,331.65,-,0,331.75,0,33.2665,13,17667,4731
25-Nov-2025,331.65,-,0,332.75,0,33.2665,3078,9203,4687
28-Oct-2025,331.65,Call,335,1.75,21.65,33.2665,-331,790,4193
28-Oct-2025,331.65,Call,340,0.75,23.98,33.2665,12,993,3112
28-Oct-2025,331.65,Put,330,2.1,21.49,33.2665,23,403,3018
28-Oct-2025,331.65,Call,330,3.85,19.55,33.2665,-35,232,2242
28-Oct-2025,331.65,Put,325,0.7,21.42,33.2665,-22,397,1228
28-Oct-2025,331.65,Put,335,4.95,24.54,33.2665,-78,284,1114
28-Oct-2025,331.65,Call,345,0.35,26.1,33.2665,-76,574,1070
28-Oct-2025,331.65,Call,350,0.2,30.46,33.2665,-238,892,979
28-Oct-2025,331.65,Put,320,0.3,25.12,33.2665,-184,456,772
28-Oct-2025,331.65,Put,340,9.4,27.54,33.2665,-52,320,560
25-Nov-2025,331.65,Call,340,7.35,25.21,33.2665,193,381,473
25-Nov-2025,331.65,Call,350,4.25,25.32,33.2665,149,434,440
28-Oct-2025,331.65,Call,325,7.5,18.46,33.2665,17,81,408
28-Oct-2025,331.65,Call,320,12.1,0,33.2665,-32,57,406
25-Nov-2025,331.65,Put,330,9.2,29.26,33.2665,69,234,318
25-Nov-2025,331.65,Call,330,12,24.49,33.2665,66,193,268
28-Oct-2025,331.65,Put,345,13.6,30.89,33.2665,10,184,254
25-Nov-2025,331.65,Call,345,5.55,25.11,33.2665,167,208,229
28-Oct-2025,331.65,Call,355,0.2,36.74,33.2665,-16,347,215
25-Nov-2025,331.65,Call,335,9.45,24.72,33.2665,44,123,169
25-Nov-2025,331.65,Put,340,14.6,29.02,33.2665,80,166,167
25-Nov-2025,331.65,Call,360,2.5,26.64,33.2665,10,349,161
28-Oct-2025,331.65,Call,360,0.15,40.71,33.2665,2,540,147
25-Nov-2025,331.65,Put,320,5.3,28.77,33.2665,33,216,146
25-Nov-2025,331.65,Put,300,1.45,29.58,33.2665,31,168,96
25-Nov-2025,331.65,Put,335,11.8,29.51,33.2665,30,76,91
28-Oct-2025,331.65,Put,315,0.2,29.47,33.2665,4,215,90
28-Oct-2025,331.65,Call,365,0.1,43.53,33.2665,-14,209,85
25-Nov-2025,331.65,Call,380,0.9,29.07,33.2665,19,111,83
30-Dec-2025,331.65,-,0,333,0,33.2665,16,151,61
25-Nov-2025,331.65,Call,370,1.5,27.89,33.2665,43,128,61
28-Oct-2025,331.65,Put,310,0.1,32.58,33.2665,-8,289,60
28-Oct-2025,331.65,Call,380,0.05,53.68,33.2665,-56,273,57
28-Oct-2025,331.65,Call,315,16.3,0,33.2665,-7,33,57
25-Nov-2025,331.65,Put,325,7.05,29.15,33.2665,28,50,54
28-Oct-2025,331.65,Call,370,0.1,48.7,33.2665,-16,301,51
28-Oct-2025,331.65,Put,350,17.4,0,33.2665,-4,87,47
25-Nov-2025,331.65,Call,320,19.55,29.23,33.2665,7,41,29
25-Nov-2025,331.65,Put,310,2.85,28.84,33.2665,1,105,28
28-Oct-2025,331.65,Call,390,0.05,62.51,33.2665,-1,573,22
25-Nov-2025,331.65,Put,350,21.5,27.72,33.2665,7,348,22
28-Oct-2025,331.65,Put,305,0.05,35.46,33.2665,-19,102,21
25-Nov-2025,331.65,Put,315,3.9,28.88,33.2665,-2,116,20
25-Nov-2025,331.65,Call,280,52.5,0,33.2665,6,24,14
28-Oct-2025,331.65,Call,280,51.4,0,33.2665,-7,27,12
25-Nov-2025,331.65,Put,305,2.1,28.72,33.2665,4,13,9
28-Oct-2025,331.65,Call,375,0.05,49.1,33.2665,-5,54,7
25-Nov-2025,331.65,Call,355,3.35,26.41,33.2665,-1,5,6
28-Oct-2025,331.65,Put,300,0.05,41.53,33.2665,0,425,6
25-Nov-2025,331.65,Call,325,14.8,24.92,33.2665,4,7,6
28-Oct-2025,331.65,Call,300,32.8,76.39,33.2665,-4,39,5
25-Nov-2025,331.65,Put,370,38.5,20.74,33.2665,1,1,5
28-Oct-2025,331.65,Put,370,38.9,64.17,33.2665,-1,66,5
25-Nov-2025,331.65,Call,300,34.25,22.14,33.2665,4,42,5
25-Nov-2025,331.65,Call,375,1.1,28.1,33.2665,0,5,2
25-Nov-2025,331.65,Call,365,1.95,25.72,33.2665,1,6,2
28-Oct-2025,331.65,Put,380,45.9,0,33.2665,0,44,1
28-Oct-2025,331.65,Call,290,42.8,95.28,33.2665,0,14,1
28-Oct-2025,331.65,Put,360,29,53.23,33.2665,0,37,1
28-Oct-2025,331.65,Call,310,23.1,61.29,33.2665,0,58,1
25-Nov-2025,331.65,Call,310,26.2,26.6,33.2665,0,2,1
30-Dec-2025,331.65,Call,340,11.1,21.76,33.2665,0,1,1
25-Nov-2025,331.65,Call,290,43,0,33.2665,0,9,1
25-Nov-2025,331.65,Put,380,45.9,24.8,33.2665,0,0,1
28-Oct-2025,331.65,Call,295,0,0,33.2665,0,5,0
28-Oct-2025,331.65,Call,260,0,0,33.2665,0,10,0
28-Oct-2025,331.65,Call,270,0,0,33.2665,0,12,0
28-Oct-2025,331.65,Put,260,0,0,33.2665,0,40,0
28-Oct-2025,331.65,Call,305,0,0,33.2665,0,19,0
28-Oct-2025,331.65,Put,290,0,0,33.2665,0,97,0
28-Oct-2025,331.65,Call,400,0,0,33.2665,0,17,0
28-Oct-2025,331.65,Put,400,0,0,33.2665,0,4,0
28-Oct-2025,331.65,Put,365,0,0,33.2665,0,146,0
28-Oct-2025,331.65,Put,295,0,0,33.2665,0,100,0
28-Oct-2025,331.65,Put,285,0,0,33.2665,0,41,0
28-Oct-2025,331.65,Put,375,0,0,33.2665,0,16,0
25-Nov-2025,331.65,Call,305,0,0,33.2665,0,0,0
25-Nov-2025,331.65,Put,365,0,0,33.2665,0,0,0
25-Nov-2025,331.65,Call,315,0,0,33.2665,0,0,0
28-Oct-2025,331.65,Put,390,0,0,33.2665,0,14,0
28-Oct-2025,331.65,Put,280,0,0,33.2665,0,0,0
25-Nov-2025,331.65,Call,400,0,0,33.2665,0,0,0
25-Nov-2025,331.65,Put,280,0,0,33.2665,0,0,0
28-Oct-2025,331.65,Put,355,0,0,33.2665,0,44,0
25-Nov-2025,331.65,Put,290,0,0,33.2665,0,0,0
25-Nov-2025,331.65,Put,355,0,0,33.2665,0,0,0
30-Dec-2025,331.65,Put,350,0,0,33.2665,0,0,0
25-Nov-2025,331.65,Put,400,0,0,33.2665,0,0,0
25-Nov-2025,331.65,Put,345,0,0,33.2665,0,4,0
25-Nov-2025,331.65,Put,390,0,0,33.2665,0,1,0
30-Dec-2025,331.65,Put,320,0,0,33.2665,0,0,0
25-Nov-2025,331.65,Call,390,0,0,33.2665,0,0,0
30-Dec-2025,331.65,Put,330,0,0,33.2665,0,3,0
30-Dec-2025,331.65,Call,330,0,0,33.2665,0,0,0
30-Dec-2025,331.65,Put,340,0,0,33.2665,0,0,0
30-Dec-2025,331.65,Put,300,0,0,33.2665,0,4,0
30-Dec-2025,331.65,Call,380,0,0,33.2665,0,0,0
30-Dec-2025,331.65,Call,350,0,0,33.2665,0,0,0
30-Dec-2025,331.65,Call,360,0,0,33.2665,0,0,0
25-Nov-2025,331.65,Put,360,0,0,33.2665,0,16,0
30-Dec-2025,331.65,Call,320,0,0,0,0,0,0
25-Nov-2025,331.65,Put,375,0,0,33.2665,0,0,0
30-Dec-2025,331.65,Put,310,0,0,33.2665,0,5,0
30-Dec-2025,331.65,Call,370,0,0,33.2665,0,0,0
