28-Oct-2025,6906.5,Call,7000,32,22.84,27.8836,-39,1618,496
28-Oct-2025,6906.5,Call,6900,67.8,21.27,27.8836,51,439,338
28-Oct-2025,6906.5,-,0,6911.5,0,27.8836,82,15035,329
25-Nov-2025,6906.5,-,0,6950.5,0,27.8836,175,5215,307
28-Oct-2025,6906.5,Call,6950,46.75,21.61,27.8836,43,312,289
28-Oct-2025,6906.5,Put,6800,20.6,21.61,27.8836,14,564,242
28-Oct-2025,6906.5,Put,6700,8.2,23.79,27.8836,-34,521,191
28-Oct-2025,6906.5,Call,7100,15.3,25.02,27.8836,-58,1161,163
28-Oct-2025,6906.5,Put,6900,54.35,21.57,27.8836,2,317,130
28-Oct-2025,6906.5,Call,7050,21.6,23.74,27.8836,-9,680,128
25-Nov-2025,6906.5,Call,7000,159,21.7,27.8836,40,233,113
28-Oct-2025,6906.5,Put,6850,33.2,21.27,27.8836,4,215,112
28-Oct-2025,6906.5,Call,7200,7.55,27.88,27.8836,-7,1001,80
28-Oct-2025,6906.5,Call,7150,10.75,26.49,27.8836,-4,362,42
28-Oct-2025,6906.5,Call,7300,4,30.61,27.8836,2,380,36
25-Nov-2025,6906.5,Put,7000,210,23.6,27.8836,-3,103,31
28-Oct-2025,6906.5,Put,6600,4.85,28.13,27.8836,-6,332,30
28-Oct-2025,6906.5,Put,7000,118.1,23.22,27.8836,-10,305,30
25-Nov-2025,6906.5,Call,7100,120,21.72,27.8836,4,83,30
28-Oct-2025,6906.5,Put,6750,12.5,22.48,27.8836,-4,270,28
25-Nov-2025,6906.5,Put,6500,44,24.45,27.8836,2,191,28
28-Oct-2025,6906.5,Put,6950,83,21.74,27.8836,0,216,25
28-Oct-2025,6906.5,Put,6500,3.2,32.77,27.8836,1,761,23
25-Nov-2025,6906.5,Call,7500,37,23.49,27.8836,4,252,19
25-Nov-2025,6906.5,Put,6900,161.55,23.65,27.8836,5,120,19
25-Nov-2025,6906.5,Put,6700,87,24.04,27.8836,7,120,18
28-Oct-2025,6906.5,Put,6650,6.4,26.85,27.8836,-4,64,17
25-Nov-2025,6906.5,Put,6800,120,23.88,27.8836,10,66,16
28-Oct-2025,6906.5,Call,6500,380,0,27.8836,0,80,11
28-Oct-2025,6906.5,Call,7400,2.15,32.87,27.8836,-3,390,10
25-Nov-2025,6906.5,Call,6900,213.95,21.26,27.8836,2,65,8
28-Oct-2025,6906.5,Call,7500,1.6,36.56,27.8836,-4,1196,7
28-Oct-2025,6906.5,Call,7250,5.55,28.35,27.8836,1,232,5
28-Oct-2025,6906.5,Put,6000,0.3,49.13,27.8836,0,356,4
25-Nov-2025,6906.5,Put,6300,18,24.43,27.8836,0,213,4
25-Nov-2025,6906.5,Call,7300,67,0,27.8836,0,42,3
30-Dec-2025,6906.5,-,0,6965,0,27.8836,0,111,2
28-Oct-2025,6906.5,Put,6200,0.25,37.97,27.8836,0,971,2
25-Nov-2025,6906.5,Call,6950,178.2,21.03,27.8836,1,30,2
25-Nov-2025,6906.5,Put,6400,30.25,24.82,27.8836,1,96,2
28-Oct-2025,6906.5,Put,6300,0.95,38.31,27.8836,0,222,2
28-Oct-2025,6906.5,Put,6550,5.1,31.82,27.8836,0,86,1
28-Oct-2025,6906.5,Put,6050,0.55,49.55,27.8836,0,65,1
28-Oct-2025,6906.5,Put,7150,246.2,23.92,27.8836,0,12,1
28-Oct-2025,6906.5,Call,7350,4.75,34.68,27.8836,0,56,1
25-Nov-2025,6906.5,Call,7600,28.85,24.46,27.8836,0,31,1
28-Oct-2025,6906.5,Call,7800,0.7,0,27.8836,0,227,1
25-Nov-2025,6906.5,Call,8000,9.1,26.57,27.8836,0,89,1
28-Oct-2025,6906.5,Put,5900,0,0,27.8836,0,31,0
28-Oct-2025,6906.5,Call,7700,0,0,27.8836,0,780,0
28-Oct-2025,6906.5,Put,6450,0,0,27.8836,0,71,0
28-Oct-2025,6906.5,Call,6600,0,0,27.8836,0,49,0
28-Oct-2025,6906.5,Put,7100,0,0,27.8836,0,201,0
28-Oct-2025,6906.5,Put,6250,0,0,27.8836,0,23,0
28-Oct-2025,6906.5,Put,5850,0,0,27.8836,0,43,0
28-Oct-2025,6906.5,Put,6350,0,0,27.8836,0,10,0
28-Oct-2025,6906.5,Put,7500,0,0,27.8836,0,294,0
28-Oct-2025,6906.5,Put,5700,0,0,27.8836,0,1,0
28-Oct-2025,6906.5,Call,7900,0,0,27.8836,0,180,0
28-Oct-2025,6906.5,Put,6150,0,0,27.8836,0,11,0
28-Oct-2025,6906.5,Put,5950,0,0,27.8836,0,10,0
28-Oct-2025,6906.5,Put,7900,0,0,27.8836,0,0,0
28-Oct-2025,6906.5,Put,7250,0,0,27.8836,0,6,0
28-Oct-2025,6906.5,Put,7450,0,0,27.8836,0,1,0
28-Oct-2025,6906.5,Put,7400,0,0,27.8836,0,114,0
28-Oct-2025,6906.5,Put,7600,0,0,27.8836,0,0,0
28-Oct-2025,6906.5,Put,7050,0,0,27.8836,0,108,0
28-Oct-2025,6906.5,Put,7350,0,0,27.8836,0,3,0
28-Oct-2025,6906.5,Call,5300,0,0,27.8836,0,5,0
28-Oct-2025,6906.5,Call,5400,0,0,27.8836,0,8,0
28-Oct-2025,6906.5,Call,8000,0,0,27.8836,0,198,0
28-Oct-2025,6906.5,Put,7550,0,0,27.8836,0,0,0
28-Oct-2025,6906.5,Call,6650,0,0,27.8836,0,0,0
28-Oct-2025,6906.5,Call,7550,0,0,27.8836,0,69,0
28-Oct-2025,6906.5,Put,8000,0,0,27.8836,0,0,0
28-Oct-2025,6906.5,Put,7700,0,0,27.8836,0,0,0
28-Oct-2025,6906.5,Call,6800,0,0,27.8836,0,162,0
28-Oct-2025,6906.5,Put,5800,0,0,27.8836,0,17,0
28-Oct-2025,6906.5,Call,6700,0,0,27.8836,0,61,0
28-Oct-2025,6906.5,Call,6350,0,0,27.8836,0,0,0
28-Oct-2025,6906.5,Call,6450,0,0,27.8836,0,0,0
28-Oct-2025,6906.5,Call,6550,0,0,27.8836,0,2,0
28-Oct-2025,6906.5,Call,7450,0,0,27.8836,0,42,0
28-Oct-2025,6906.5,Call,7650,0,0,27.8836,0,0,0
28-Oct-2025,6906.5,Put,7650,0,0,27.8836,0,0,0
28-Oct-2025,6906.5,Call,6850,0,0,27.8836,0,27,0
28-Oct-2025,6906.5,Call,5500,0,0,27.8836,0,4,0
28-Oct-2025,6906.5,Call,6000,0,0,27.8836,0,154,0
28-Oct-2025,6906.5,Put,7300,0,0,27.8836,0,10,0
28-Oct-2025,6906.5,Put,7200,0,0,27.8836,0,199,0
28-Oct-2025,6906.5,Call,7600,0,0,27.8836,0,390,0
28-Oct-2025,6906.5,Call,5900,0,0,27.8836,0,0,0
28-Oct-2025,6906.5,Call,6100,0,0,27.8836,0,3,0
28-Oct-2025,6906.5,Call,6200,0,0,27.8836,0,25,0
28-Oct-2025,6906.5,Call,6300,0,0,27.8836,0,15,0
28-Oct-2025,6906.5,Call,6400,0,0,27.8836,0,18,0
28-Oct-2025,6906.5,Call,5700,0,0,27.8836,0,3,0
28-Oct-2025,6906.5,Put,6400,0,0,27.8836,0,415,0
28-Oct-2025,6906.5,Call,6750,0,0,27.8836,0,10,0
25-Nov-2025,6906.5,Call,7150,0,0,27.8836,0,3,0
25-Nov-2025,6906.5,Put,6650,0,0,27.8836,0,3,0
25-Nov-2025,6906.5,Call,6200,0,0,27.8836,0,0,0
25-Nov-2025,6906.5,Call,7350,0,0,27.8836,0,6,0
25-Nov-2025,6906.5,Put,6750,0,0,27.8836,0,2,0
25-Nov-2025,6906.5,Call,6850,0,0,27.8836,0,2,0
25-Nov-2025,6906.5,Put,7500,0,0,27.8836,0,0,0
25-Nov-2025,6906.5,Put,7800,0,0,27.8836,0,0,0
25-Nov-2025,6906.5,Put,6600,0,0,27.8836,0,39,0
25-Nov-2025,6906.5,Put,6000,0,0,27.8836,0,0,0
25-Nov-2025,6906.5,Call,7250,0,0,27.8836,0,3,0
25-Nov-2025,6906.5,Call,7800,0,0,27.8836,0,1,0
25-Nov-2025,6906.5,Put,7200,0,0,27.8836,0,0,0
25-Nov-2025,6906.5,Call,6450,0,0,27.8836,0,0,0
25-Nov-2025,6906.5,Put,7250,0,0,27.8836,0,0,0
30-Dec-2025,6906.5,Call,6900,0,0,27.8836,0,0,0
25-Nov-2025,6906.5,Call,7050,0,0,27.8836,0,20,0
25-Nov-2025,6906.5,Call,6500,0,0,27.8836,0,28,0
28-Oct-2025,6906.5,Put,6100,0,0,27.8836,0,468,0
25-Nov-2025,6906.5,Call,6350,0,0,27.8836,0,0,0
25-Nov-2025,6906.5,Call,6550,0,0,27.8836,0,0,0
25-Nov-2025,6906.5,Call,7650,0,0,27.8836,0,0,0
30-Dec-2025,6906.5,Put,6800,0,0,27.8836,0,0,0
25-Nov-2025,6906.5,Call,6600,0,0,27.8836,0,0,0
25-Nov-2025,6906.5,Put,7150,0,0,27.8836,0,0,0
30-Dec-2025,6906.5,Put,6900,0,0,27.8836,0,0,0
25-Nov-2025,6906.5,Put,6350,0,0,27.8836,0,0,0
30-Dec-2025,6906.5,Put,7200,0,0,27.8836,0,0,0
30-Dec-2025,6906.5,Put,6500,0,0,27.8836,0,0,0
28-Oct-2025,6906.5,Call,5600,0,0,27.8836,0,9,0
25-Nov-2025,6906.5,Put,7350,0,0,27.8836,0,0,0
25-Nov-2025,6906.5,Put,8000,0,0,27.8836,0,0,0
30-Dec-2025,6906.5,Put,6700,0,0,27.8836,0,0,0
30-Dec-2025,6906.5,Call,7300,0,0,27.8836,0,0,0
30-Dec-2025,6906.5,Put,7100,0,0,27.8836,0,0,0
25-Nov-2025,6906.5,Put,7700,0,0,27.8836,0,0,0
30-Dec-2025,6906.5,Put,6600,0,0,27.8836,0,0,0
25-Nov-2025,6906.5,Call,6300,0,0,27.8836,0,3,0
25-Nov-2025,6906.5,Put,7050,0,0,27.8836,0,0,0
28-Oct-2025,6906.5,Put,7800,0,0,27.8836,0,0,0
25-Nov-2025,6906.5,Put,7400,0,0,27.8836,0,0,0
30-Dec-2025,6906.5,Call,6800,0,0,27.8836,0,0,0
25-Nov-2025,6906.5,Put,6100,0,0,27.8836,0,0,0
30-Dec-2025,6906.5,Call,7100,0,0,27.8836,0,0,0
25-Nov-2025,6906.5,Call,6400,0,0,27.8836,0,3,0
25-Nov-2025,6906.5,Call,6750,0,0,27.8836,0,6,0
30-Dec-2025,6906.5,Call,7200,0,0,27.8836,0,0,0
25-Nov-2025,6906.5,Call,6800,0,0,27.8836,0,62,0
25-Nov-2025,6906.5,Put,7100,0,0,27.8836,0,67,0
25-Nov-2025,6906.5,Call,6650,0,0,27.8836,0,0,0
25-Nov-2025,6906.5,Put,6550,0,0,27.8836,0,1,0
25-Nov-2025,6906.5,Call,7200,0,0,27.8836,0,90,0
25-Nov-2025,6906.5,Put,7450,0,0,27.8836,0,0,0
30-Dec-2025,6906.5,Call,7000,0,0,27.8836,0,0,0
30-Dec-2025,6906.5,Call,7400,0,0,27.8836,0,0,0
30-Dec-2025,6906.5,Call,7500,0,0,27.8836,0,0,0
25-Nov-2025,6906.5,Call,6100,0,0,27.8836,0,0,0
25-Nov-2025,6906.5,Call,7900,0,0,27.8836,0,44,0
30-Dec-2025,6906.5,Put,7000,0,0,27.8836,0,0,0
25-Nov-2025,6906.5,Call,7400,0,0,27.8836,0,0,0
25-Nov-2025,6906.5,Call,6700,0,0,27.8836,0,0,0
25-Nov-2025,6906.5,Put,7600,0,0,27.8836,0,0,0
25-Nov-2025,6906.5,Put,6950,0,0,27.8836,0,2,0
25-Nov-2025,6906.5,Call,5900,0,0,27.8836,0,20,0
25-Nov-2025,6906.5,Call,6000,0,0,27.8836,0,1,0
25-Nov-2025,6906.5,Put,7300,0,0,27.8836,0,0,0
25-Nov-2025,6906.5,Call,7550,0,0,27.8836,0,36,0
25-Nov-2025,6906.5,Put,6850,0,0,27.8836,0,26,0
25-Nov-2025,6906.5,Put,7550,0,0,27.8836,0,0,0
25-Nov-2025,6906.5,Call,7450,0,0,27.8836,0,0,0
25-Nov-2025,6906.5,Call,7700,0,0,27.8836,0,7,0
25-Nov-2025,6906.5,Put,7650,0,0,27.8836,0,0,0
25-Nov-2025,6906.5,Put,6200,0,0,27.8836,0,1,0
25-Nov-2025,6906.5,Put,7900,0,0,27.8836,0,0,0
25-Nov-2025,6906.5,Put,6450,0,0,27.8836,0,0,0
25-Nov-2025,6906.5,Put,5900,0,0,27.8836,0,20,0
