28-Oct-2025,6890.5,Call,7000,27.5,22.82,27.8836,-22,1635,355
28-Oct-2025,6890.5,-,0,6895.5,0,27.8836,60,15013,231
28-Oct-2025,6890.5,Call,6900,60.05,21.25,27.8836,42,430,226
25-Nov-2025,6890.5,-,0,6941,0,27.8836,134,5174,209
28-Oct-2025,6890.5,Put,6800,24.5,21.61,27.8836,1,551,193
28-Oct-2025,6890.5,Call,6950,41.5,21.96,27.8836,38,307,187
28-Oct-2025,6890.5,Call,7100,12.6,25.29,27.8836,-45,1174,113
28-Oct-2025,6890.5,Put,6700,10,23.9,27.8836,7,562,90
28-Oct-2025,6890.5,Call,7050,18,23.79,27.8836,-8,681,88
25-Nov-2025,6890.5,Call,7000,155.75,21.94,27.8836,28,221,75
28-Oct-2025,6888,Put,6850,40.65,20.41,27.8836,8,219,74
28-Oct-2025,6890.5,Put,6900,62.4,21.44,27.8836,6,321,65
28-Oct-2025,6890.5,Call,7200,6.2,27.78,27.8836,-7,1001,42
28-Oct-2025,6890.5,Call,7150,9,26.71,27.8836,-6,360,25
28-Oct-2025,6890.5,Call,7300,3.55,30.82,27.8836,-1,377,19
25-Nov-2025,6890.5,Put,7000,222,23.43,27.8836,1,107,19
25-Nov-2025,6890.5,Call,7500,35.75,23.68,27.8836,2,250,17
28-Oct-2025,6890.5,Put,6750,15.8,23.05,27.8836,-3,271,16
25-Nov-2025,6890.5,Call,7100,115.35,21.95,27.8836,5,84,16
28-Oct-2025,6890.5,Put,6600,5.7,28.15,27.8836,-1,337,15
25-Nov-2025,6890.5,Put,6500,45.25,24.21,27.8836,5,194,14
25-Nov-2025,6890.5,Put,6700,96,24.41,27.8836,1,114,13
28-Oct-2025,6888,Call,6500,380,0,27.8836,0,80,11
28-Oct-2025,6890.5,Put,7000,134.75,24.38,27.8836,-6,309,11
28-Oct-2025,6890.5,Put,6500,4,32.81,27.8836,2,762,9
28-Oct-2025,6890.5,Put,6950,93.4,21.78,27.8836,0,216,8
25-Nov-2025,6890.5,Put,6900,167.2,23.48,27.8836,2,117,7
28-Oct-2025,6890.5,Call,7400,2,33.37,27.8836,-3,390,6
28-Oct-2025,6890.5,Call,7500,1.55,37.23,27.8836,-3,1197,5
25-Nov-2025,6890.5,Call,6900,202,21.81,27.8836,1,64,5
25-Nov-2025,6890.5,Put,6800,133,24.61,27.8836,5,61,5
28-Oct-2025,6890.5,Put,6000,0.3,0,27.8836,0,356,4
25-Nov-2025,6890.5,Put,6300,18,24.04,27.8836,0,213,4
30-Dec-2025,6890.5,-,0,6965,0,27.8836,0,111,2
28-Oct-2025,6890.5,Put,6650,8,26.15,27.8836,-2,66,2
28-Oct-2025,6890.5,Put,6200,0.25,37.29,27.8836,0,971,2
28-Oct-2025,6890.5,Call,7250,4.7,29.37,27.8836,0,231,2
28-Oct-2025,6890.5,Put,6300,0.95,37.53,27.8836,0,222,2
25-Nov-2025,6890.5,Call,6950,178.2,21.99,27.8836,1,30,2
25-Nov-2025,6890.5,Put,6400,30.25,24.38,27.8836,1,96,2
28-Oct-2025,6890.5,Put,6050,0.55,48.84,27.8836,0,65,1
28-Oct-2025,6890.5,Put,7150,246.2,0,27.8836,0,12,1
28-Oct-2025,6890.5,Call,7350,4.75,35.67,27.8836,0,56,1
28-Oct-2025,6890.5,Call,7700,0,0,27.8836,0,780,0
28-Oct-2025,6890.5,Put,7100,0,0,27.8836,0,201,0
28-Oct-2025,6890.5,Put,6350,0,0,27.8836,0,10,0
28-Oct-2025,6890.5,Put,5900,0,0,27.8836,0,31,0
28-Oct-2025,6890.5,Put,6250,0,0,27.8836,0,23,0
28-Oct-2025,6890.5,Put,6450,0,0,27.8836,0,71,0
28-Oct-2025,6890.5,Put,5950,0,0,27.8836,0,10,0
28-Oct-2025,6890.5,Put,6550,0,0,27.8836,0,86,0
28-Oct-2025,6890.5,Put,5850,0,0,27.8836,0,43,0
28-Oct-2025,6890.5,Put,5700,0,0,27.8836,0,1,0
28-Oct-2025,6890.5,Call,6600,0,0,27.8836,0,49,0
28-Oct-2025,6888,Put,7450,0,0,27.8836,0,1,0
28-Oct-2025,6890.5,Put,7250,0,0,27.8836,0,6,0
28-Oct-2025,6890.5,Put,7500,0,0,27.8836,0,294,0
28-Oct-2025,6890.5,Call,7900,0,0,27.8836,0,180,0
28-Oct-2025,6890.5,Put,7600,0,0,27.8836,0,0,0
28-Oct-2025,6888,Put,7050,0,0,27.8836,0,108,0
28-Oct-2025,6890.5,Put,6150,0,0,27.8836,0,11,0
28-Oct-2025,6888,Put,7900,0,0,27.8836,0,0,0
28-Oct-2025,6890.5,Put,7400,0,0,27.8836,0,114,0
28-Oct-2025,6890.5,Put,7350,0,0,27.8836,0,3,0
28-Oct-2025,6888,Call,7550,0,0,27.8836,0,69,0
28-Oct-2025,6890.5,Call,6700,0,0,27.8836,0,61,0
28-Oct-2025,6888,Call,5300,0,0,27.8836,0,5,0
28-Oct-2025,6890.5,Call,6800,0,0,27.8836,0,162,0
28-Oct-2025,6890.5,Put,7700,0,0,27.8836,0,0,0
28-Oct-2025,6890.5,Put,7550,0,0,27.8836,0,0,0
28-Oct-2025,6890.5,Call,6650,0,0,27.8836,0,0,0
28-Oct-2025,6890.5,Put,5800,0,0,27.8836,0,17,0
28-Oct-2025,6890.5,Call,6850,0,0,27.8836,0,27,0
28-Oct-2025,6890.5,Call,8000,0,0,27.8836,0,198,0
28-Oct-2025,6890.5,Call,6550,0,0,27.8836,0,2,0
28-Oct-2025,6890.5,Call,5400,0,0,27.8836,0,8,0
28-Oct-2025,6890.5,Put,7200,0,0,27.8836,0,199,0
28-Oct-2025,6890.5,Put,8000,0,0,27.8836,0,0,0
28-Oct-2025,6890.5,Put,6100,0,0,27.8836,0,468,0
28-Oct-2025,6888,Call,6000,0,0,27.8836,0,154,0
28-Oct-2025,6890.5,Call,7650,0,0,27.8836,0,0,0
28-Oct-2025,6890.5,Call,6300,0,0,27.8836,0,15,0
28-Oct-2025,6890.5,Put,7650,0,0,27.8836,0,0,0
28-Oct-2025,6890.5,Call,6350,0,0,27.8836,0,0,0
28-Oct-2025,6890.5,Call,6450,0,0,27.8836,0,0,0
28-Oct-2025,6890.5,Call,6100,0,0,27.8836,0,3,0
28-Oct-2025,6890.5,Put,7300,0,0,27.8836,0,10,0
28-Oct-2025,6890.5,Call,7800,0,0,27.8836,0,227,0
28-Oct-2025,6890.5,Put,6400,0,0,27.8836,0,415,0
28-Oct-2025,6890.5,Call,6400,0,0,27.8836,0,18,0
28-Oct-2025,6888,Call,7600,0,0,27.8836,0,390,0
28-Oct-2025,6890.5,Call,5700,0,0,27.8836,0,3,0
28-Oct-2025,6890.5,Call,5600,0,0,27.8836,0,9,0
28-Oct-2025,6890.5,Put,7800,0,0,27.8836,0,0,0
28-Oct-2025,6888,Call,6200,0,0,27.8836,0,25,0
28-Oct-2025,6888,Call,5500,0,0,27.8836,0,4,0
28-Oct-2025,6890.5,Call,7450,0,0,27.8836,0,42,0
25-Nov-2025,6890.5,Call,7350,0,0,27.8836,0,6,0
25-Nov-2025,6890.5,Call,6700,0,0,27.8836,0,0,0
25-Nov-2025,6890.5,Put,7350,0,0,27.8836,0,0,0
25-Nov-2025,6890.5,Put,6650,0,0,27.8836,0,3,0
28-Oct-2025,6890.5,Call,5900,0,0,27.8836,0,0,0
25-Nov-2025,6890.5,Call,7250,0,0,27.8836,0,3,0
25-Nov-2025,6890.5,Put,7100,0,0,27.8836,0,67,0
25-Nov-2025,6888,Put,7550,0,0,27.8836,0,0,0
25-Nov-2025,6890.5,Call,8000,0,0,27.8836,0,89,0
25-Nov-2025,6890.5,Put,6100,0,0,27.8836,0,0,0
25-Nov-2025,6890.5,Put,7500,0,0,27.8836,0,0,0
25-Nov-2025,6890.5,Put,6600,0,0,27.8836,0,39,0
25-Nov-2025,6890.5,Put,6550,0,0,27.8836,0,1,0
25-Nov-2025,6890.5,Call,6800,0,0,27.8836,0,62,0
25-Nov-2025,6888,Put,6450,0,0,27.8836,0,0,0
25-Nov-2025,6890.5,Put,8000,0,0,27.8836,0,0,0
25-Nov-2025,6890.5,Put,7150,0,0,27.8836,0,0,0
25-Nov-2025,6890.5,Call,6000,0,0,27.8836,0,1,0
25-Nov-2025,6890.5,Put,6850,0,0,27.8836,0,26,0
25-Nov-2025,6890.5,Call,5900,0,0,27.8836,0,20,0
25-Nov-2025,6890.5,Put,6750,0,0,27.8836,0,2,0
25-Nov-2025,6890.5,Call,6300,0,0,27.8836,0,3,0
25-Nov-2025,6890.5,Put,7800,0,0,27.8836,0,0,0
25-Nov-2025,6890.5,Call,6200,0,0,27.8836,0,0,0
25-Nov-2025,6890.5,Call,7150,0,0,27.8836,0,3,0
25-Nov-2025,6890.5,Put,7050,0,0,27.8836,0,0,0
25-Nov-2025,6890.5,Call,6100,0,0,27.8836,0,0,0
28-Oct-2025,6890.5,Call,6750,0,0,27.8836,0,10,0
25-Nov-2025,6890.5,Call,6850,0,0,27.8836,0,2,0
25-Nov-2025,6890.5,Put,6000,0,0,27.8836,0,0,0
25-Nov-2025,6890.5,Put,7600,0,0,27.8836,0,0,0
25-Nov-2025,6890.5,Put,7200,0,0,27.8836,0,0,0
25-Nov-2025,6890.5,Call,7700,0,0,27.8836,0,7,0
25-Nov-2025,6890.5,Put,6950,0,0,27.8836,0,2,0
25-Nov-2025,6888,Put,7300,0,0,27.8836,0,0,0
25-Nov-2025,6890.5,Call,7200,0,0,27.8836,0,90,0
25-Nov-2025,6888,Put,7400,0,0,27.8836,0,0,0
25-Nov-2025,6890.5,Call,7400,0,0,27.8836,0,0,0
25-Nov-2025,6888,Call,7300,0,0,27.8836,0,42,0
25-Nov-2025,6890.5,Call,7450,0,0,27.8836,0,0,0
25-Nov-2025,6890.5,Call,7550,0,0,27.8836,0,36,0
25-Nov-2025,6890.5,Call,7800,0,0,27.8836,0,1,0
25-Nov-2025,6888,Put,6200,0,0,27.8836,0,1,0
25-Nov-2025,6888,Call,7600,0,0,27.8836,0,31,0
25-Nov-2025,6890.5,Call,7900,0,0,27.8836,0,44,0
25-Nov-2025,6890.5,Call,7650,0,0,27.8836,0,0,0
25-Nov-2025,6890.5,Put,7700,0,0,27.8836,0,0,0
25-Nov-2025,6890.5,Put,7900,0,0,27.8836,0,0,0
25-Nov-2025,6888,Put,6350,0,0,27.8836,0,0,0
25-Nov-2025,6890.5,Put,7650,0,0,27.8836,0,0,0
25-Nov-2025,6888,Call,7050,0,0,27.8836,0,20,0
25-Nov-2025,6890.5,Put,7250,0,0,27.8836,0,0,0
25-Nov-2025,6890.5,Put,5900,0,0,27.8836,0,20,0
25-Nov-2025,6888,Call,6550,0,0,27.8836,0,0,0
25-Nov-2025,6890.5,Put,7450,0,0,27.8836,0,0,0
25-Nov-2025,6890.5,Call,6400,0,0,27.8836,0,3,0
25-Nov-2025,6890.5,Call,6750,0,0,27.8836,0,6,0
25-Nov-2025,6890.5,Call,6350,0,0,27.8836,0,0,0
25-Nov-2025,6890.5,Call,6450,0,0,27.8836,0,0,0
25-Nov-2025,6890.5,Call,6500,0,0,27.8836,0,28,0
30-Dec-2025,6890.5,Call,7500,0,0,27.8836,0,0,0
25-Nov-2025,6890.5,Call,6650,0,0,27.8836,0,0,0
25-Nov-2025,6890.5,Call,6600,0,0,27.8836,0,0,0
30-Dec-2025,6890.5,Put,7000,0,0,27.8836,0,0,0
30-Dec-2025,6890.5,Put,6600,0,0,27.8836,0,0,0
30-Dec-2025,6890.5,Call,7400,0,0,27.8836,0,0,0
30-Dec-2025,6890.5,Put,6800,0,0,27.8836,0,0,0
30-Dec-2025,6890.5,Put,6900,0,0,27.8836,0,0,0
30-Dec-2025,6890.5,Call,7300,0,0,27.8836,0,0,0
30-Dec-2025,6890.5,Call,6900,0,0,27.8836,0,0,0
30-Dec-2025,6890.5,Put,7200,0,0,27.8836,0,0,0
30-Dec-2025,6890.5,Put,7100,0,0,27.8836,0,0,0
30-Dec-2025,6890.5,Call,6800,0,0,27.8836,0,0,0
30-Dec-2025,6890.5,Call,7200,0,0,27.8836,0,0,0
30-Dec-2025,6890.5,Call,7100,0,0,27.8836,0,0,0
30-Dec-2025,6890.5,Call,7000,0,0,27.8836,0,0,0
30-Dec-2025,6890.5,Put,6700,0,0,27.8836,0,0,0
30-Dec-2025,6890.5,Put,6500,0,0,27.8836,0,0,0
