25-Nov-2025,2843,-,0,2862.9,0,25.3376,10327,27779,11200
28-Oct-2025,2843,-,0,2846.4,0,25.3376,1159,44639,10685
28-Oct-2025,2843,Call,2900,6.5,20.68,25.3376,-18,923,1075
28-Oct-2025,2843,Call,2880,10.5,19.78,25.3376,95,310,658
28-Oct-2025,2843,Call,2860,16.55,17.79,25.3376,50,241,601
28-Oct-2025,2843,Put,2860,30.95,19.53,25.3376,-22,148,533
28-Oct-2025,2843,Call,2920,3.65,21.36,25.3376,-7,177,517
28-Oct-2025,2843,Put,2840,19.8,18.79,25.3376,5,156,468
28-Oct-2025,2843,Call,2960,2.25,25.6,25.3376,92,1115,381
28-Oct-2025,2843,Call,2840,24.9,18.53,25.3376,45,266,356
25-Nov-2025,2843,Call,2900,61.2,22.26,25.3376,116,356,347
28-Oct-2025,2843,Put,2800,6.95,20.29,25.3376,-82,327,345
28-Oct-2025,2843,Call,3000,0.85,26.71,25.3376,-88,339,314
28-Oct-2025,2843,Call,2940,3.05,23.35,25.3376,17,190,287
28-Oct-2025,2843,Put,2780,4.75,20.7,25.3376,21,219,199
28-Oct-2025,2843,Put,2760,2.75,22.26,25.3376,13,234,182
28-Oct-2025,2843,Put,2880,45.45,21.64,25.3376,-33,55,162
25-Nov-2025,2843,Call,3000,30,23,25.3376,80,757,152
28-Oct-2025,2843,Put,2820,12,19.28,25.3376,16,130,116
28-Oct-2025,2843,Put,2900,69.45,28.04,25.3376,-9,304,110
28-Oct-2025,2843,Put,2740,1.9,23.99,25.3376,3,259,106
28-Oct-2025,2843,Call,2980,1.55,26.71,25.3376,-9,240,95
25-Nov-2025,2843,Put,2860,75.7,23.31,25.3376,31,36,85
25-Nov-2025,2843,Put,2800,49.5,23.36,25.3376,32,142,77
28-Oct-2025,2843,Call,3040,0.35,28.23,25.3376,-1,113,65
28-Oct-2025,2843,Call,3200,0.15,42.15,25.3376,-57,53,64
28-Oct-2025,2843,Call,3100,0.15,31.92,25.3376,-15,449,46
25-Nov-2025,2843,Call,2880,67.25,22.15,25.3376,18,43,39
28-Oct-2025,2843,Call,3060,0.1,27.64,25.3376,-1,661,38
25-Nov-2025,2843,Call,2860,76.4,22.06,25.3376,10,13,38
28-Oct-2025,2843,Put,2700,1.25,27.89,25.3376,1,417,36
28-Oct-2025,2843,Put,2720,2.05,27.2,25.3376,-16,43,35
30-Dec-2025,2843,-,0,2876,0,25.3376,23,97,33
25-Nov-2025,2843,Put,2900,100.05,24.15,25.3376,13,129,31
25-Nov-2025,2843,Put,2700,22.05,23.96,25.3376,16,61,31
28-Oct-2025,2843,Put,2660,1.05,33.11,25.3376,0,182,29
28-Oct-2025,2843,Call,2700,145,31.02,25.3376,-9,121,29
25-Nov-2025,2843,Call,3200,5.9,24.25,25.3376,-4,54,29
25-Nov-2025,2843,Put,2600,8.45,24.66,25.3376,13,27,29
25-Nov-2025,2843,Put,2840,64.85,23.21,25.3376,11,39,28
28-Oct-2025,2843,Call,2800,49.2,17.94,25.3376,-13,211,27
25-Nov-2025,2843,Call,3100,12.7,23.01,25.3376,5,86,24
28-Oct-2025,2843,Call,3020,0.5,27.51,25.3376,-11,76,22
28-Oct-2025,2843,Put,2940,100.8,25.63,25.3376,-6,33,21
28-Oct-2025,2843,Put,2920,88.5,31.95,25.3376,-2,29,19
28-Oct-2025,2843,Put,2600,0.7,40.26,25.3376,-15,275,19
25-Nov-2025,2843,Put,2880,83.3,22.48,25.3376,-1,8,19
28-Oct-2025,2843,Call,2640,214.25,62.4,25.3376,0,27,17
28-Oct-2025,2843,Call,2780,62.6,0,25.3376,0,124,17
28-Oct-2025,2843,Put,2580,0.1,34.24,25.3376,-11,152,15
25-Nov-2025,2843,Put,2780,41.95,23.25,25.3376,-4,54,14
25-Nov-2025,2843,Call,2820,100.1,22.34,25.3376,9,14,13
25-Nov-2025,2843,Call,2800,104.8,20.46,25.3376,7,21,12
28-Oct-2025,2843,Call,2820,38,16.87,25.3376,-2,81,11
25-Nov-2025,2843,Call,2940,44.9,22.49,25.3376,0,64,11
25-Nov-2025,2843,Call,2960,38.65,22.51,25.3376,9,23,11
25-Nov-2025,2843,Call,3160,7.65,23.65,25.3376,0,18,11
28-Oct-2025,2843,Put,2960,126.3,38.12,25.3376,-2,35,9
28-Oct-2025,2843,Put,2520,0.1,41.68,25.3376,-4,51,9
25-Nov-2025,2843,Put,2680,20,24.83,25.3376,4,121,9
28-Oct-2025,2843,Put,3000,148.35,0,25.3376,1,13,8
28-Oct-2025,2843,Put,2540,0.45,46.4,25.3376,-1,25,7
25-Nov-2025,2843,Call,3060,17.2,22.77,25.3376,2,22,4
25-Nov-2025,2843,Call,3020,27.7,24.06,25.3376,2,24,4
25-Nov-2025,2843,Call,3280,3.8,26.12,25.3376,2,3,3
25-Nov-2025,2843,Put,3000,159.75,21.67,25.3376,0,21,2
25-Nov-2025,2843,Call,3240,5.4,25.98,25.3376,1,11,2
28-Oct-2025,2843,Put,2640,0.35,31.1,25.3376,0,139,1
25-Nov-2025,2843,Put,3100,246,23.37,25.3376,0,43,1
25-Nov-2025,2843,Call,3080,15,23.11,25.3376,0,1,1
25-Nov-2025,2843,Call,2700,186,24.16,25.3376,0,0,1
25-Nov-2025,2843,Put,2760,36,23.42,25.3376,0,9,1
28-Oct-2025,2843,Put,2980,0,0,25.3376,0,10,0
28-Oct-2025,2843,Put,3020,0,0,25.3376,0,2,0
28-Oct-2025,2843,Call,3120,0,0,25.3376,0,98,0
28-Oct-2025,2843,Call,2540,0,0,25.3376,0,0,0
28-Oct-2025,2843,Call,2360,0,0,25.3376,0,0,0
28-Oct-2025,2843,Put,3280,0,0,25.3376,0,0,0
28-Oct-2025,2843,Call,3240,0,0,25.3376,0,30,0
28-Oct-2025,2843,Put,3200,0,0,25.3376,0,0,0
28-Oct-2025,2843,Put,3100,0,0,25.3376,0,15,0
28-Oct-2025,2843,Put,2620,0,0,25.3376,0,58,0
28-Oct-2025,2843,Put,2480,0,0,25.3376,0,34,0
28-Oct-2025,2843,Put,2500,0,0,25.3376,0,5,0
28-Oct-2025,2843,Call,3160,0,0,25.3376,0,39,0
28-Oct-2025,2843,Put,2400,0,0,25.3376,0,1,0
28-Oct-2025,2843,Call,2760,0,0,25.3376,0,123,0
28-Oct-2025,2843,Call,3280,0,0,25.3376,0,16,0
28-Oct-2025,2843,Call,2600,0,0,25.3376,0,6,0
28-Oct-2025,2843,Call,3080,0,0,25.3376,0,167,0
28-Oct-2025,2843,Call,2520,0,0,25.3376,0,0,0
28-Oct-2025,2843,Call,2560,0,0,25.3376,0,0,0
28-Oct-2025,2843,Call,2680,0,0,25.3376,0,7,0
28-Oct-2025,2843,Put,2360,0,0,25.3376,0,0,0
28-Oct-2025,2843,Put,3040,0,0,25.3376,0,14,0
28-Oct-2025,2843,Put,3080,0,0,25.3376,0,0,0
28-Oct-2025,2843,Put,2680,0,0,25.3376,0,247,0
28-Oct-2025,2843,Put,2560,0,0,25.3376,0,81,0
28-Oct-2025,2843,Call,2720,0,0,25.3376,0,10,0
28-Oct-2025,2843,Call,2440,0,0,25.3376,0,0,0
28-Oct-2025,2843,Call,2480,0,0,25.3376,0,2,0
28-Oct-2025,2843,Put,3120,0,0,25.3376,0,0,0
28-Oct-2025,2843,Put,3160,0,0,25.3376,0,0,0
28-Oct-2025,2843,Call,2400,0,0,25.3376,0,0,0
28-Oct-2025,2843,Put,3060,0,0,25.3376,0,0,0
28-Oct-2025,2843,Put,3240,0,0,25.3376,0,0,0
28-Oct-2025,2843,Put,2440,0,0,25.3376,0,0,0
28-Oct-2025,2843,Call,2580,0,0,25.3376,0,0,0
28-Oct-2025,2843,Call,2620,0,0,25.3376,0,0,0
28-Oct-2025,2843,Call,2660,0,0,25.3376,0,9,0
28-Oct-2025,2843,Call,2740,0,0,25.3376,0,73,0
25-Nov-2025,2843,Put,2740,0,0,25.3376,0,0,0
25-Nov-2025,2843,Put,3240,0,0,25.3376,0,0,0
25-Nov-2025,2843,Call,2760,0,0,25.3376,0,0,0
25-Nov-2025,2843,Put,2540,0,0,25.3376,0,0,0
25-Nov-2025,2843,Put,3020,0,0,25.3376,0,0,0
25-Nov-2025,2843,Put,2720,0,0,25.3376,0,0,0
25-Nov-2025,2843,Put,3060,0,0,25.3376,0,0,0
25-Nov-2025,2843,Call,2840,0,0,25.3376,0,0,0
25-Nov-2025,2843,Call,3120,0,0,25.3376,0,8,0
25-Nov-2025,2843,Call,3040,0,0,25.3376,0,40,0
25-Nov-2025,2843,Call,2620,0,0,25.3376,0,0,0
25-Nov-2025,2843,Call,2660,0,0,25.3376,0,0,0
25-Nov-2025,2843,Put,2820,0,0,25.3376,0,18,0
25-Nov-2025,2843,Put,2940,0,0,25.3376,0,0,0
25-Nov-2025,2843,Put,2980,0,0,25.3376,0,0,0
25-Nov-2025,2843,Call,2360,0,0,25.3376,0,0,0
25-Nov-2025,2843,Put,3080,0,0,25.3376,0,0,0
25-Nov-2025,2843,Call,2600,0,0,25.3376,0,0,0
25-Nov-2025,2843,Call,2680,0,0,25.3376,0,0,0
25-Nov-2025,2843,Put,2660,0,0,25.3376,0,0,0
25-Nov-2025,2843,Put,2440,0,0,25.3376,0,0,0
25-Nov-2025,2843,Call,2520,0,0,25.3376,0,0,0
25-Nov-2025,2843,Put,2480,0,0,25.3376,0,0,0
25-Nov-2025,2843,Put,2580,0,0,25.3376,0,0,0
25-Nov-2025,2843,Put,2620,0,0,25.3376,0,0,0
25-Nov-2025,2843,Call,2980,0,0,25.3376,0,0,0
25-Nov-2025,2843,Put,2560,0,0,25.3376,0,0,0
25-Nov-2025,2843,Call,2920,0,0,25.3376,0,0,0
25-Nov-2025,2843,Call,2480,0,0,25.3376,0,0,0
25-Nov-2025,2843,Call,2560,0,0,25.3376,0,0,0
25-Nov-2025,2843,Put,3040,0,0,25.3376,0,0,0
25-Nov-2025,2843,Call,2740,0,0,25.3376,0,0,0
25-Nov-2025,2843,Call,2400,0,0,25.3376,0,0,0
30-Dec-2025,2843,Put,2720,0,0,25.3376,0,0,0
25-Nov-2025,2843,Put,3120,0,0,25.3376,0,0,0
25-Nov-2025,2843,Put,3280,0,0,25.3376,0,0,0
25-Nov-2025,2843,Put,3160,0,0,25.3376,0,0,0
25-Nov-2025,2843,Call,2440,0,0,25.3376,0,0,0
25-Nov-2025,2843,Call,2640,0,0,25.3376,0,0,0
30-Dec-2025,2843,Put,2680,0,0,25.3376,0,0,0
25-Nov-2025,2843,Put,2920,0,0,25.3376,0,0,0
25-Nov-2025,2843,Put,3200,0,0,25.3376,0,0,0
30-Dec-2025,2843,Put,2480,0,0,25.3376,0,0,0
30-Dec-2025,2843,Put,2560,0,0,25.3376,0,0,0
25-Nov-2025,2843,Put,2640,0,0,25.3376,0,0,0
30-Dec-2025,2843,Put,2880,0,0,25.3376,0,0,0
30-Dec-2025,2843,Call,2800,0,0,25.3376,0,0,0
25-Nov-2025,2843,Put,2520,0,0,25.3376,0,0,0
25-Nov-2025,2843,Call,2720,0,0,25.3376,0,0,0
30-Dec-2025,2843,Put,2920,0,0,25.3376,0,0,0
30-Dec-2025,2843,Call,2880,0,0,25.3376,0,0,0
25-Nov-2025,2843,Put,2960,0,0,25.3376,0,0,0
25-Nov-2025,2843,Put,2360,0,0,25.3376,0,0,0
25-Nov-2025,2843,Call,2780,0,0,25.3376,0,0,0
25-Nov-2025,2843,Call,2540,0,0,25.3376,0,0,0
30-Dec-2025,2843,Put,2520,0,0,25.3376,0,0,0
30-Dec-2025,2843,Call,2960,0,0,25.3376,0,0,0
30-Dec-2025,2843,Put,2400,0,0,25.3376,0,0,0
30-Dec-2025,2843,Call,3040,0,0,25.3376,0,0,0
30-Dec-2025,2843,Call,3080,0,0,25.3376,0,0,0
25-Nov-2025,2843,Put,2400,0,0,25.3376,0,40,0
30-Dec-2025,2843,Put,3000,0,0,25.3376,0,0,0
30-Dec-2025,2843,Call,3000,0,0,25.3376,0,0,0
30-Dec-2025,2843,Put,2840,0,0,25.3376,0,0,0
30-Dec-2025,2843,Put,2960,0,0,25.3376,0,0,0
30-Dec-2025,2843,Call,2840,0,0,25.3376,0,0,0
30-Dec-2025,2843,Call,3120,0,0,25.3376,0,9,0
25-Nov-2025,2843,Call,2580,0,0,25.3376,0,0,0
30-Dec-2025,2843,Put,2760,0,0,25.3376,0,2,0
30-Dec-2025,2843,Put,2800,0,0,25.3376,0,6,0
30-Dec-2025,2843,Call,2920,0,0,25.3376,0,0,0
