28-Oct-2025,2507.6,-,0,2504.4,0,22.5535,383,32973,23861
25-Nov-2025,2507.6,-,0,2498.5,0,22.5535,17175,36462,22737
28-Oct-2025,2507.6,Put,2500,15,18.78,22.5535,63,1534,20786
28-Oct-2025,2506.1,Call,2520,12,15.64,22.5535,1329,1988,16089
28-Oct-2025,2507.6,Call,2600,1.3,20.92,22.5535,938,2862,13014
28-Oct-2025,2507.6,Call,2560,3.1,16.8,22.5535,1528,3374,11979
28-Oct-2025,2507.6,Call,2540,6.45,16.47,22.5535,1344,1845,11585
28-Oct-2025,2506.1,Put,2480,7.75,18.86,22.5535,264,594,8826
28-Oct-2025,2506.1,Call,2580,1.75,18.44,22.5535,752,2535,8359
28-Oct-2025,2507.6,Call,2640,0.75,25.58,22.5535,-28,2146,8166
28-Oct-2025,2507.6,Call,2620,1,23.13,22.5535,272,1633,7127
28-Oct-2025,2507.6,Call,2700,0.5,32.66,22.5535,924,4105,6862
25-Nov-2025,2507.6,Call,2600,20.05,15.59,22.5535,1936,3097,6279
28-Oct-2025,2507.6,Put,2460,3.85,18.95,22.5535,425,725,6207
28-Oct-2025,2506.1,Put,2520,26.75,20.99,22.5535,-154,692,6166
28-Oct-2025,2506.1,Call,2660,0.65,28.04,22.5535,-718,1311,5918
28-Oct-2025,2507.6,Call,2500,20.5,14.39,22.5535,79,689,5249
25-Nov-2025,2506.1,Call,2500,53.2,12.43,22.5535,1096,1312,4090
28-Oct-2025,2507.6,Put,2440,2.05,19.92,22.5535,404,644,3789
25-Nov-2025,2507.6,Put,2500,53.35,22.68,22.5535,848,1375,3496
25-Nov-2025,2507.6,Call,2700,7.65,18.14,22.5535,861,2375,3386
28-Oct-2025,2507.6,Put,2400,1,24.15,22.5535,27,851,2559
28-Oct-2025,2507.6,Put,2560,57.9,24.19,22.5535,-208,599,2457
28-Oct-2025,2507.6,Put,2540,41.55,22.09,22.5535,-265,600,2378
28-Oct-2025,2507.6,Put,2600,97.65,31.92,22.5535,-546,850,2339
28-Oct-2025,2507.6,Call,2680,0.6,30.24,22.5535,-147,718,2061
28-Oct-2025,2507.6,Put,2580,76.7,26.38,22.5535,-424,583,1992
25-Nov-2025,2507.6,Put,2400,16.9,21.08,22.5535,530,895,1874
25-Nov-2025,2506.1,Call,2520,44.4,13.32,22.5535,501,595,1808
28-Oct-2025,2507.6,Put,2420,1.3,21.87,22.5535,79,252,1548
25-Nov-2025,2507.6,Call,2800,3.4,20.96,22.5535,175,764,1471
25-Nov-2025,2506.1,Call,2640,13,16.48,22.5535,490,974,1394
25-Nov-2025,2507.6,Call,2660,10.5,17,22.5535,309,637,1233
25-Nov-2025,2507.6,Call,2540,36.2,14.05,22.5535,230,295,1160
25-Nov-2025,2507.6,Put,2300,5.25,22.2,22.5535,435,481,1140
28-Oct-2025,2507.6,Call,2800,0.2,41.26,22.5535,-283,832,1107
25-Nov-2025,2507.6,Call,2560,29.6,14.5,22.5535,343,388,1107
28-Oct-2025,2507.6,Call,2720,0.45,34.93,22.5535,-357,420,1106
25-Nov-2025,2507.6,Put,2440,27.7,21.26,22.5535,453,629,1014
28-Oct-2025,2507.6,Call,2740,0.4,37.04,22.5535,-274,429,936
28-Oct-2025,2506.1,Call,2480,32.9,11.89,22.5535,126,200,925
25-Nov-2025,2507.6,Call,2580,24.1,15.07,22.5535,493,517,886
25-Nov-2025,2506.1,Call,2620,15.9,15.99,22.5535,220,576,880
25-Nov-2025,2507.6,Put,2600,120.4,26.4,22.5535,-17,894,857
28-Oct-2025,2507.6,Call,2760,0.3,38.25,22.5535,-101,520,772
25-Nov-2025,2506.1,Call,2680,8.8,17.63,22.5535,207,393,753
25-Nov-2025,2506.1,Put,2520,64.95,23.34,22.5535,198,339,639
25-Nov-2025,2506.1,Put,2360,10.65,21.28,22.5535,174,237,560
25-Nov-2025,2507.6,Put,2460,34.55,21.59,22.5535,180,230,551
28-Oct-2025,2506.1,Put,2360,0.5,27.72,22.5535,17,226,536
28-Oct-2025,2507.6,Put,2620,109.6,0,22.5535,-208,265,511
25-Nov-2025,2507.6,Put,2480,43.2,21.97,22.5535,60,133,489
25-Nov-2025,2507.6,Put,2420,21.8,21.04,22.5535,202,218,465
25-Nov-2025,2507.6,Call,2720,6.3,18.7,22.5535,-15,158,452
28-Oct-2025,2506.1,Put,2380,0.65,25.86,22.5535,22,179,425
25-Nov-2025,2507.6,Call,2740,5.3,19.25,22.5535,5,287,423
25-Nov-2025,2506.1,Put,2540,76.8,23.89,22.5535,144,308,407
28-Oct-2025,2507.6,Put,2340,0.3,29.33,22.5535,0,207,402
25-Nov-2025,2507.6,Put,2560,90.15,23.65,22.5535,15,215,346
28-Oct-2025,2507.6,Put,2300,0.35,36.32,22.5535,97,612,325
25-Nov-2025,2506.1,Put,2620,129.25,24.88,22.5535,-37,218,285
25-Nov-2025,2506.1,Call,2880,2.15,23.41,22.5535,-36,162,283
30-Dec-2025,2507.6,-,0,2513.9,0,22.5535,142,481,282
25-Nov-2025,2507.6,Put,2640,148.5,26.84,22.5535,-45,146,279
28-Oct-2025,2507.6,Put,2640,128.5,0,22.5535,-135,319,271
28-Oct-2025,2507.6,Call,2780,0.25,39.89,22.5535,-69,437,270
25-Nov-2025,2506.1,Call,2840,2.7,22.3,22.5535,13,99,201
25-Nov-2025,2507.6,Put,2380,13.35,21.01,22.5535,68,105,200
28-Oct-2025,2506.1,Call,2460,47.9,0,22.5535,7,63,183
25-Nov-2025,2507.6,Call,2760,4.55,19.83,22.5535,45,88,183
25-Nov-2025,2506.1,Put,2340,8,21.23,22.5535,52,100,181
28-Oct-2025,2506.1,Call,2820,0.25,44.72,22.5535,-31,103,150
25-Nov-2025,2506.1,Put,2580,97.4,22.93,22.5535,17,46,143
28-Oct-2025,2506.1,Call,2440,67.4,19.39,22.5535,-1,81,139
25-Nov-2025,2506.1,Call,2400,114.5,0,22.5535,36,95,133
28-Oct-2025,2506.1,Put,2660,151.4,23.96,22.5535,-73,159,132
28-Oct-2025,2506.1,Put,2320,0.3,32.47,22.5535,2,266,132
28-Oct-2025,2507.6,Call,2400,110.2,26.76,22.5535,-46,91,129
25-Nov-2025,2506.1,Put,2280,4.1,22.45,22.5535,73,73,126
28-Oct-2025,2507.6,Call,2420,90.1,22.35,22.5535,-7,41,104
25-Nov-2025,2506.1,Put,2320,6.65,21.7,22.5535,68,68,97
28-Oct-2025,2507.6,Call,2840,0.3,48.09,22.5535,-19,188,76
25-Nov-2025,2506.1,Call,2780,3.95,20.43,22.5535,25,43,71
25-Nov-2025,2507.6,Call,2460,73.9,9.71,22.5535,44,63,69
25-Nov-2025,2506.1,Put,2240,2.7,23.45,22.5535,27,27,59
28-Oct-2025,2507.6,Put,2200,0.25,50.24,22.5535,1,75,56
25-Nov-2025,2507.6,Put,2700,198.35,28.78,22.5535,39,291,55
30-Dec-2025,2506.1,Put,2400,28,19.74,22.5535,28,38,50
28-Oct-2025,2506.1,Call,2900,0.3,55.13,22.5535,-10,107,44
28-Oct-2025,2506.1,Put,2700,188,0,22.5535,-42,113,43
25-Nov-2025,2507.6,Call,2920,1.8,24.69,22.5535,4,150,38
25-Nov-2025,2507.6,Call,2440,87.1,0,22.5535,26,29,37
25-Nov-2025,2507.6,Call,2420,108.05,8.48,22.5535,18,24,35
28-Oct-2025,2506.1,Call,2880,0.3,52.81,22.5535,-5,201,21
28-Oct-2025,2506.1,Put,2240,0.25,44.04,22.5535,-5,47,20
28-Oct-2025,2507.6,Call,3000,0.25,65.03,22.5535,-10,186,18
25-Nov-2025,2507.6,Call,2480,62,11.22,22.5535,7,8,9
25-Nov-2025,2506.1,Call,2960,1.75,26.49,22.5535,4,25,8
28-Oct-2025,2506.1,Put,2680,168.25,0,22.5535,-2,92,7
28-Oct-2025,2507.6,Call,2860,0.25,49.43,22.5535,-3,30,7
28-Oct-2025,2506.1,Call,2380,134.45,41.78,22.5535,2,21,6
25-Nov-2025,2507.6,Put,2780,274.15,33.92,22.5535,4,5,6
28-Oct-2025,2506.1,Call,2300,210,45.72,22.5535,0,4,4
25-Nov-2025,2506.1,Call,2300,202,0,22.5535,3,4,4
25-Nov-2025,2507.6,Put,2800,286,31.11,22.5535,2,12,3
30-Dec-2025,2506.1,Call,2520,70,12.36,22.5535,2,2,3
28-Oct-2025,2506.1,Put,2800,280,0,22.5535,0,64,2
30-Dec-2025,2507.6,Call,2640,30,14.7,22.5535,1,9,2
25-Nov-2025,2506.1,Put,2880,366.75,37.65,22.5535,0,2,2
28-Oct-2025,2506.1,Call,2960,0.35,63,22.5535,0,6,1
25-Nov-2025,2507.6,Put,2660,154.75,23.36,22.5535,0,46,1
28-Oct-2025,2506.1,Put,2780,0,0,22.5535,0,7,0
28-Oct-2025,2506.1,Put,2760,0,0,22.5535,0,23,0
28-Oct-2025,2506.1,Put,2820,0,0,22.5535,0,2,0
28-Oct-2025,2506.1,Put,2840,0,0,22.5535,0,9,0
28-Oct-2025,2507.6,Put,2740,0,0,22.5535,0,25,0
28-Oct-2025,2507.6,Put,2160,0,0,22.5535,0,9,0
28-Oct-2025,2507.6,Put,2880,0,0,22.5535,0,0,0
28-Oct-2025,2506.1,Put,2720,0,0,22.5535,0,28,0
28-Oct-2025,2507.6,Put,2260,0,0,22.5535,0,1,0
28-Oct-2025,2506.1,Put,2900,0,0,22.5535,0,6,0
28-Oct-2025,2507.6,Call,2120,0,0,22.5535,0,0,0
28-Oct-2025,2507.6,Put,2120,0,0,22.5535,0,7,0
28-Oct-2025,2507.6,Call,2920,0,0,22.5535,0,77,0
28-Oct-2025,2506.1,Call,2240,0,0,22.5535,0,5,0
28-Oct-2025,2507.6,Call,2200,0,0,22.5535,0,0,0
28-Oct-2025,2507.6,Call,2260,0,0,22.5535,0,0,0
28-Oct-2025,2507.6,Put,2280,0,0,22.5535,0,3,0
28-Oct-2025,2507.6,Call,2160,0,0,22.5535,0,0,0
28-Oct-2025,2507.6,Call,2340,0,0,22.5535,0,3,0
28-Oct-2025,2507.6,Call,2080,0,0,22.5535,0,0,0
28-Oct-2025,2507.6,Put,2080,0,0,22.5535,0,0,0
28-Oct-2025,2506.1,Put,2960,0,0,22.5535,0,0,0
28-Oct-2025,2507.6,Put,2920,0,0,22.5535,0,0,0
28-Oct-2025,2507.6,Call,2280,0,0,22.5535,0,3,0
28-Oct-2025,2507.6,Call,2320,0,0,22.5535,0,1,0
28-Oct-2025,2507.6,Call,2360,0,0,22.5535,0,0,0
28-Oct-2025,2507.6,Put,3000,0,0,22.5535,0,1,0
25-Nov-2025,2507.6,Call,2260,0,0,22.5535,0,0,0
25-Nov-2025,2507.6,Put,2260,0,0,22.5535,0,0,0
25-Nov-2025,2506.1,Call,2340,0,0,22.5535,0,0,0
25-Nov-2025,2506.1,Put,2840,0,0,22.5535,0,0,0
25-Nov-2025,2507.6,Put,2160,0,0,22.5535,0,0,0
25-Nov-2025,2506.1,Put,2720,0,0,22.5535,0,3,0
25-Nov-2025,2507.6,Put,2080,0,0,22.5535,0,0,0
25-Nov-2025,2506.1,Put,2680,0,0,22.5535,0,14,0
25-Nov-2025,2507.6,Call,2820,0,0,22.5535,0,0,0
25-Nov-2025,2507.6,Call,2200,0,0,22.5535,0,4,0
30-Dec-2025,2506.1,Call,2720,0,0,22.5535,0,0,0
25-Nov-2025,2507.6,Put,2740,0,0,22.5535,0,64,0
30-Dec-2025,2507.6,Call,2600,0,0,22.5535,0,2,0
30-Dec-2025,2507.6,Call,2480,0,0,22.5535,0,0,0
25-Nov-2025,2506.1,Call,2080,0,0,22.5535,0,0,0
25-Nov-2025,2507.6,Call,2120,0,0,22.5535,0,0,0
25-Nov-2025,2507.6,Call,2160,0,0,22.5535,0,0,0
25-Nov-2025,2507.6,Put,2760,0,0,22.5535,0,2,0
25-Nov-2025,2506.1,Call,2360,0,0,22.5535,0,0,0
30-Dec-2025,2507.6,Put,2440,0,0,22.5535,0,0,0
30-Dec-2025,2506.1,Call,2760,0,0,22.5535,0,0,0
25-Nov-2025,2507.6,Put,2120,0,0,22.5535,0,0,0
30-Dec-2025,2506.1,Put,2240,0,0,22.5535,0,0,0
25-Nov-2025,2506.1,Call,2280,0,0,22.5535,0,1,0
25-Nov-2025,2506.1,Put,2960,0,0,22.5535,0,0,0
25-Nov-2025,2507.6,Call,2320,0,0,22.5535,0,0,0
30-Dec-2025,2506.1,Call,2560,0,0,22.5535,0,0,0
25-Nov-2025,2507.6,Call,2380,0,0,22.5535,0,0,0
25-Nov-2025,2507.6,Put,2200,0,0,22.5535,0,0,0
30-Dec-2025,2507.6,Put,2600,0,0,22.5535,0,0,0
30-Dec-2025,2507.6,Put,2360,0,0,22.5535,0,0,0
25-Nov-2025,2507.6,Put,2820,0,0,22.5535,0,0,0
25-Nov-2025,2507.6,Call,3000,0,0,22.5535,0,0,0
25-Nov-2025,2506.1,Put,2920,0,0,22.5535,0,0,0
30-Dec-2025,2507.6,Put,2280,0,0,22.5535,0,0,0
30-Dec-2025,2507.6,Put,2640,0,0,22.5535,0,0,0
25-Nov-2025,2507.6,Call,2240,0,0,22.5535,0,0,0
30-Dec-2025,2506.1,Put,2320,0,0,22.5535,0,0,0
30-Dec-2025,2506.1,Call,2680,0,0,22.5535,0,0,0
30-Dec-2025,2507.6,Call,2800,0,0,22.5535,0,0,0
30-Dec-2025,2507.6,Put,2560,0,0,22.5535,0,0,0
25-Nov-2025,2507.6,Put,3000,0,0,22.5535,0,0,0
30-Dec-2025,2507.6,Put,2480,0,0,22.5535,0,0,0
30-Dec-2025,2507.6,Put,2520,0,0,22.5535,0,0,0
30-Dec-2025,2507.6,Put,2680,0,0,22.5535,0,0,0
