25-Nov-2025,597,-,0,599.55,0,33.7368,424,5633,662
28-Oct-2025,597,-,0,597.05,0,33.7368,64,12491,650
28-Oct-2025,597,Call,600,4.7,23.56,33.7368,51,871,277
28-Oct-2025,597,Call,610,1.9,24.91,33.7368,-12,628,138
28-Oct-2025,597,Call,620,0.8,27.36,33.7368,1,1056,124
28-Oct-2025,597,Put,580,1.1,26.66,33.7368,13,394,83
25-Nov-2025,597,Call,600,20.4,27.32,33.7368,19,357,74
25-Nov-2025,597,Put,600,19.85,29.94,33.7368,27,239,66
28-Oct-2025,597,Put,590,3.25,25.09,33.7368,9,233,65
28-Oct-2025,597,Put,600,7.75,26.01,33.7368,-2,359,51
28-Oct-2025,597,Put,550,0.15,38.09,33.7368,5,486,48
28-Oct-2025,597,Call,640,0.3,35.43,33.7368,-20,1066,45
28-Oct-2025,597,Call,590,9.95,21.11,33.7368,-4,121,39
28-Oct-2025,597,Call,630,0.4,30.26,33.7368,-8,834,39
25-Nov-2025,597,Call,620,12.5,27.93,33.7368,13,112,25
28-Oct-2025,597,Put,620,23.55,32.24,33.7368,1,330,22
28-Oct-2025,597,Put,570,0.5,29.86,33.7368,-3,438,21
28-Oct-2025,597,Call,650,0.2,39.29,33.7368,-11,1353,18
28-Oct-2025,597,Put,610,15.2,30.55,33.7368,-4,159,15
28-Oct-2025,597,Call,660,0.15,43.42,33.7368,0,330,14
25-Nov-2025,597,Put,540,2.4,29.25,33.7368,3,46,14
28-Oct-2025,597,Put,560,0.35,35.75,33.7368,-1,275,11
30-Dec-2025,597,-,0,603.8,0,33.7368,2,190,9
28-Oct-2025,597,Call,700,0.05,57.08,33.7368,-3,386,9
28-Oct-2025,597,Call,580,18.1,17.46,33.7368,-2,68,7
25-Nov-2025,597,Put,580,10.6,28.75,33.7368,3,137,7
28-Oct-2025,597,Put,630,33.3,39.47,33.7368,0,172,6
25-Nov-2025,597,Put,590,14.75,29.16,33.7368,1,55,6
25-Nov-2025,597,Put,560,5.35,28.86,33.7368,4,11,6
28-Oct-2025,597,Call,680,0.15,54.42,33.7368,-2,183,4
25-Nov-2025,597,Call,610,15.1,26.18,33.7368,0,52,4
25-Nov-2025,597,Put,620,31.45,30.31,33.7368,1,18,4
28-Oct-2025,597,Call,570,27.35,0,33.7368,-3,29,4
25-Nov-2025,597,Put,570,8.3,29.9,33.7368,0,8,3
25-Nov-2025,597,Call,590,25.5,26.72,33.7368,1,32,3
25-Nov-2025,597,Call,640,6.8,27.74,33.7368,0,47,3
28-Oct-2025,597,Call,670,0.15,49,33.7368,-2,235,3
25-Nov-2025,597,Call,650,5,27.96,33.7368,0,126,3
28-Oct-2025,597,Put,540,0.15,45.2,33.7368,0,161,2
25-Nov-2025,597,Call,630,9.2,27.63,33.7368,0,51,2
25-Nov-2025,597,Call,700,1.45,31.89,33.7368,0,61,1
25-Nov-2025,597,Call,660,4,29.07,33.7368,0,8,1
25-Nov-2025,597,Call,550,54,0,33.7368,0,1,1
25-Nov-2025,597,Call,580,31.5,0,33.7368,0,0,1
25-Nov-2025,597,Put,550,3.6,0,33.7368,0,125,1
28-Oct-2025,597,Call,740,0,0,33.7368,0,5,0
28-Oct-2025,597,Put,640,0,0,33.7368,0,84,0
28-Oct-2025,597,Call,520,0,0,33.7368,0,0,0
28-Oct-2025,597,Call,540,0,0,33.7368,0,6,0
28-Oct-2025,597,Call,560,0,0,33.7368,0,27,0
28-Oct-2025,597,Put,660,0,0,33.7368,0,43,0
28-Oct-2025,597,Put,680,0,0,33.7368,0,29,0
28-Oct-2025,597,Put,700,0,0,33.7368,0,87,0
28-Oct-2025,597,Put,720,0,0,33.7368,0,0,0
28-Oct-2025,597,Put,740,0,0,33.7368,0,9,0
28-Oct-2025,597,Put,760,0,0,33.7368,0,6,0
28-Oct-2025,597,Call,730,0,0,33.7368,0,10,0
28-Oct-2025,597,Put,530,0,0,33.7368,0,0,0
28-Oct-2025,597,Call,480,0,0,33.7368,0,0,0
28-Oct-2025,597,Put,480,0,0,33.7368,0,0,0
28-Oct-2025,597,Call,500,0,0,33.7368,0,1,0
28-Oct-2025,597,Call,710,0,0,33.7368,0,49,0
28-Oct-2025,597,Call,550,0,0,33.7368,0,12,0
25-Nov-2025,597,Put,610,0,0,33.7368,0,5,0
28-Oct-2025,597,Put,500,0,0,33.7368,0,2,0
25-Nov-2025,597,Put,700,0,0,33.7368,0,6,0
25-Nov-2025,597,Call,500,0,0,33.7368,0,3,0
28-Oct-2025,597,Call,530,0,0,33.7368,0,0,0
28-Oct-2025,597,Call,720,0,0,33.7368,0,140,0
28-Oct-2025,597,Put,650,0,0,33.7368,0,162,0
25-Nov-2025,597,Call,680,0,0,33.7368,0,0,0
25-Nov-2025,597,Put,680,0,0,33.7368,0,0,0
25-Nov-2025,597,Call,720,0,0,33.7368,0,0,0
25-Nov-2025,597,Call,570,0,0,33.7368,0,1,0
28-Oct-2025,597,Call,690,0,0,33.7368,0,50,0
28-Oct-2025,597,Put,520,0,0,33.7368,0,39,0
28-Oct-2025,597,Put,690,0,0,33.7368,0,18,0
25-Nov-2025,597,Put,640,0,0,33.7368,0,10,0
25-Nov-2025,597,Call,560,0,0,33.7368,0,2,0
25-Nov-2025,597,Put,520,0,0,33.7368,0,0,0
30-Dec-2025,597,Put,640,0,0,33.7368,0,2,0
25-Nov-2025,597,Call,530,0,0,33.7368,0,0,0
25-Nov-2025,597,Put,760,0,0,33.7368,0,1,0
30-Dec-2025,597,Call,720,0,0,33.7368,0,0,0
25-Nov-2025,597,Put,480,0,0,33.7368,0,0,0
25-Nov-2025,597,Put,630,0,0,33.7368,0,8,0
25-Nov-2025,597,Put,720,0,0,33.7368,0,0,0
25-Nov-2025,597,Put,670,0,0,33.7368,0,0,0
25-Nov-2025,597,Call,670,0,0,33.7368,0,8,0
25-Nov-2025,597,Call,520,0,0,33.7368,0,0,0
28-Oct-2025,597,Put,670,0,0,33.7368,0,22,0
30-Dec-2025,597,Call,640,0,0,33.7368,0,0,0
30-Dec-2025,597,Put,600,0,0,33.7368,0,1,0
30-Dec-2025,597,Put,580,0,0,33.7368,0,0,0
30-Dec-2025,597,Call,580,0,0,33.7368,0,0,0
25-Nov-2025,597,Put,500,0,0,33.7368,0,0,0
30-Dec-2025,597,Call,600,0,0,33.7368,0,0,0
25-Nov-2025,597,Call,690,0,0,33.7368,0,0,0
25-Nov-2025,597,Call,480,0,0,33.7368,0,0,0
25-Nov-2025,597,Put,660,0,0,33.7368,0,10,0
30-Dec-2025,597,Put,540,0,0,33.7368,0,0,0
30-Dec-2025,597,Call,680,0,0,33.7368,0,0,0
25-Nov-2025,597,Call,540,0,0,33.7368,0,0,0
30-Dec-2025,597,Put,560,0,0,33.7368,0,1,0
25-Nov-2025,597,Put,530,0,0,33.7368,0,0,0
30-Dec-2025,597,Call,620,0,0,33.7368,0,8,0
25-Nov-2025,597,Put,650,0,0,33.7368,0,26,0
25-Nov-2025,597,Put,690,0,0,33.7368,0,1,0
30-Dec-2025,597,Put,620,0,0,33.7368,0,0,0
30-Dec-2025,597,Call,660,0,0,33.7368,0,5,0
