28-Oct-2025,16350,-,0,16367,0,25.4854,910,44626,5250
28-Oct-2025,16350,Call,16500,70,18.41,25.4854,8,7067,4652
25-Nov-2025,16350,-,0,16462,0,25.4854,3694,19600,4647
28-Oct-2025,16350,Call,17000,9.85,23.04,25.4854,-195,7937,4477
28-Oct-2025,16350,Put,16300,85.15,16.83,25.4854,-172,2174,3193
28-Oct-2025,16350,Put,16200,48.8,16.28,25.4854,274,3015,3164
28-Oct-2025,16350,Call,16400,103.2,17.69,25.4854,170,3390,3091
28-Oct-2025,16350,Call,17200,6.35,26.01,25.4854,-95,2496,2627
28-Oct-2025,16350,Put,16000,16.85,17.64,25.4854,-191,4928,2404
28-Oct-2025,16350,Call,16600,43.2,18.78,25.4854,-93,2488,2247
28-Oct-2025,16350,Call,16700,26.75,19.23,25.4854,52,1582,2142
28-Oct-2025,16350,Call,16800,17.1,20.01,25.4854,103,2625,1912
28-Oct-2025,16350,Call,16200,215.15,16.58,25.4854,-21,5561,1756
28-Oct-2025,16350,Call,16900,13.05,21.44,25.4854,-38,1536,1350
28-Oct-2025,16350,Call,17600,4.05,33.4,25.4854,-129,2912,1309
28-Oct-2025,16350,Put,16400,134.75,17.09,25.4854,-196,996,1299
28-Oct-2025,16350,Put,16100,26.35,16.38,25.4854,-167,1519,1279
28-Oct-2025,16350,Call,17100,7.95,24.31,25.4854,-25,1339,1252
28-Oct-2025,16350,Call,17300,5.55,27.69,25.4854,-74,888,978
28-Oct-2025,16350,Call,16300,152.2,17.07,25.4854,62,2627,952
28-Oct-2025,16350,Call,18000,2.5,39.3,25.4854,-189,3083,945
28-Oct-2025,16350,Call,17500,4.1,31.29,25.4854,-158,1399,841
28-Oct-2025,16350,Call,17400,4.95,29.61,25.4854,-250,628,828
25-Nov-2025,16350,Put,16000,229.05,22.63,25.4854,151,1275,663
28-Oct-2025,16350,Put,15500,5,27.13,25.4854,-40,2183,579
28-Oct-2025,16350,Put,16500,201,20.05,25.4854,-121,1029,547
28-Oct-2025,16350,Call,17800,2.6,35.47,25.4854,-60,1574,515
28-Oct-2025,16350,Put,15400,3.85,28.59,25.4854,169,799,478
28-Oct-2025,16350,Put,15000,3.4,38.46,25.4854,-82,3870,453
28-Oct-2025,16350,Put,15600,6,25.23,25.4854,14,411,428
28-Oct-2025,16350,Put,15800,8.2,20.89,25.4854,-64,1143,425
28-Oct-2025,16350,Call,18200,1.55,40.75,25.4854,-85,858,334
25-Nov-2025,16350,Call,16500,404.75,21.17,25.4854,27,749,330
28-Oct-2025,16350,Put,15900,11.65,19.05,25.4854,-29,852,321
25-Nov-2025,16350,Call,17000,220.15,21.87,25.4854,71,867,245
25-Nov-2025,16350,Put,15500,110.65,23.39,25.4854,134,1099,242
25-Nov-2025,16350,Call,17500,116.65,22.77,25.4854,51,447,215
25-Nov-2025,16350,Put,16500,438.3,23,25.4854,2,589,195
25-Nov-2025,16350,Put,17000,759.3,24.01,25.4854,55,108,186
25-Nov-2025,16350,Call,16400,454,21.11,25.4854,51,297,170
28-Oct-2025,16350,Put,15700,7.1,23.22,25.4854,-45,583,150
28-Oct-2025,16350,Call,16000,379.45,18.47,25.4854,-32,2542,150
28-Oct-2025,16350,Put,15200,3.6,33.5,25.4854,-47,217,133
25-Nov-2025,16350,Put,16300,345.5,22.66,25.4854,19,365,131
25-Nov-2025,16350,Call,18000,59.5,23.57,25.4854,31,730,116
25-Nov-2025,16350,Put,16400,391,23.14,25.4854,31,147,116
28-Oct-2025,16350,Put,14000,0.15,46.9,25.4854,-11,1816,105
25-Nov-2025,16350,Put,15000,52.7,24.73,25.4854,-11,416,104
28-Oct-2025,16350,Put,17000,673.85,32.58,25.4854,-31,125,102
25-Nov-2025,16350,Call,17800,78.2,23.23,25.4854,24,94,98
25-Nov-2025,16350,Call,16300,500,20.81,25.4854,32,116,93
28-Oct-2025,16350,Put,14500,1.7,46.89,25.4854,25,888,89
28-Oct-2025,16350,Put,16600,280,18.93,25.4854,-31,254,88
28-Oct-2025,16350,Call,18400,1.3,43.71,25.4854,32,251,83
25-Nov-2025,16350,Call,16000,690.65,21.14,25.4854,-12,176,72
30-Dec-2025,16350,-,0,16550,0,25.4854,20,548,55
25-Nov-2025,16350,Put,15900,199,22.98,25.4854,26,43,34
25-Nov-2025,16350,Call,17600,103.6,22.99,25.4854,3,59,31
25-Nov-2025,16350,Put,15700,153.5,23.24,25.4854,19,40,31
28-Oct-2025,16350,Put,15300,3.5,30.86,25.4854,-5,309,30
25-Nov-2025,16350,Call,18400,37.4,24.75,25.4854,-2,177,30
28-Oct-2025,16350,Put,14900,3,40.23,25.4854,1,254,29
25-Nov-2025,16350,Call,18600,22,23.83,25.4854,11,44,27
25-Nov-2025,16350,Put,16200,303,23.18,25.4854,1,57,27
25-Nov-2025,16350,Call,16800,275,21.09,25.4854,11,79,26
28-Oct-2025,16350,Put,13200,0.3,66.74,25.4854,0,52,25
25-Nov-2025,16350,Call,16600,346,20.58,25.4854,3,60,24
28-Oct-2025,16350,Put,14400,1.05,46.7,25.4854,-13,125,21
28-Oct-2025,16350,Put,14800,2.45,41.62,25.4854,2,383,20
25-Nov-2025,16350,Call,15000,1500,20.48,25.4854,14,129,20
25-Nov-2025,16350,Call,17400,122.8,21.8,25.4854,15,36,20
25-Nov-2025,16350,Call,17200,172,21.73,25.4854,2,83,17
25-Nov-2025,16350,Call,16200,564.45,20.67,25.4854,-3,35,17
28-Oct-2025,16350,Call,15000,1335,0,25.4854,-4,616,15
28-Oct-2025,16350,Call,15900,437.95,0,25.4854,-2,429,15
28-Oct-2025,16350,Call,14000,2340.45,0,25.4854,-1,177,14
25-Nov-2025,16350,Call,15500,1050,19.81,25.4854,11,84,14
28-Oct-2025,16350,Call,15500,868,25.13,25.4854,-2,490,13
28-Oct-2025,16350,Call,15800,535.7,0,25.4854,-3,391,12
28-Oct-2025,16350,Put,13700,1.7,66.18,25.4854,1,17,11
25-Nov-2025,16350,Put,15800,179.9,23.26,25.4854,3,110,11
28-Oct-2025,16350,Call,15600,737,0,25.4854,-2,79,10
28-Oct-2025,16350,Call,16100,283.8,15.3,25.4854,-1,2125,10
28-Oct-2025,16350,Call,15300,1070,30.51,25.4854,-6,20,10
28-Oct-2025,16350,Call,18600,1.35,47.45,25.4854,-2,27,9
28-Oct-2025,16350,Put,13600,1.25,66.42,25.4854,1,12,8
25-Nov-2025,16350,Call,18200,43,23.63,25.4854,1,21,8
28-Oct-2025,16350,Call,14800,1570,50.2,25.4854,0,206,6
28-Oct-2025,16350,Put,13400,0.5,65.22,25.4854,0,151,5
25-Nov-2025,16350,Call,14800,1690,20.94,25.4854,3,4,4
25-Nov-2025,16350,Call,17100,197.35,22.11,25.4854,2,33,4
25-Nov-2025,16350,Put,15600,130,23.22,25.4854,0,111,4
25-Nov-2025,16350,Call,16100,633,21.59,25.4854,2,40,4
25-Nov-2025,16350,Call,16700,302.9,20.53,25.4854,-1,26,3
28-Oct-2025,16350,Put,14300,0.75,47.32,25.4854,0,458,2
30-Dec-2025,16350,Put,16000,346,22.36,25.4854,0,10,2
28-Oct-2025,16350,Call,14500,1870,59.08,25.4854,0,99,1
28-Oct-2025,16350,Put,14600,2.4,46.42,25.4854,0,89,1
25-Nov-2025,16350,Call,14000,2450,0,25.4854,0,0,1
25-Nov-2025,16350,Put,15300,76.65,0,25.4854,0,70,1
25-Nov-2025,16350,Call,16900,255.55,21.94,25.4854,0,8,1
28-Oct-2025,16350,Put,16800,0,0,25.4854,0,95,0
28-Oct-2025,16350,Call,13700,0,0,25.4854,0,3,0
28-Oct-2025,16350,Call,15100,0,0,25.4854,0,8,0
28-Oct-2025,16350,Put,14700,0,0,25.4854,0,365,0
28-Oct-2025,16350,Call,13400,0,0,25.4854,0,1,0
28-Oct-2025,16350,Call,13600,0,0,25.4854,0,2,0
28-Oct-2025,16350,Put,13800,0,0,25.4854,0,107,0
28-Oct-2025,16350,Call,14600,0,0,25.4854,0,0,0
28-Oct-2025,16350,Put,18400,0,0,25.4854,0,0,0
28-Oct-2025,16350,Put,18000,0,0,25.4854,0,0,0
28-Oct-2025,16350,Call,13000,0,0,25.4854,0,60,0
28-Oct-2025,16350,Call,15700,0,0,25.4854,0,153,0
28-Oct-2025,16350,Put,18600,0,0,25.4854,0,0,0
28-Oct-2025,16350,Put,17200,0,0,25.4854,0,9,0
28-Oct-2025,16350,Put,13000,0,0,25.4854,0,264,0
28-Oct-2025,16350,Put,17500,0,0,25.4854,0,2,0
28-Oct-2025,16350,Put,17300,0,0,25.4854,0,6,0
28-Oct-2025,16350,Put,18200,0,0,25.4854,0,0,0
28-Oct-2025,16350,Put,15100,0,0,25.4854,0,288,0
28-Oct-2025,16350,Call,13200,0,0,25.4854,0,5,0
28-Oct-2025,16350,Call,14400,0,0,25.4854,0,1,0
28-Oct-2025,16350,Call,13800,0,0,25.4854,0,0,0
28-Oct-2025,16350,Put,14100,0,0,25.4854,0,150,0
28-Oct-2025,16350,Call,14700,0,0,25.4854,0,3,0
28-Oct-2025,16350,Call,15400,0,0,25.4854,0,15,0
28-Oct-2025,16350,Put,13900,0,0,25.4854,0,50,0
28-Oct-2025,16350,Put,12800,0,0,25.4854,0,49,0
28-Oct-2025,16350,Put,17800,0,0,25.4854,0,2,0
28-Oct-2025,16350,Put,16900,0,0,25.4854,0,38,0
28-Oct-2025,16350,Put,17600,0,0,25.4854,0,0,0
28-Oct-2025,16350,Call,13500,0,0,25.4854,0,17,0
28-Oct-2025,16350,Put,17100,0,0,25.4854,0,8,0
28-Oct-2025,16350,Call,14200,0,0,25.4854,0,4,0
28-Oct-2025,16350,Put,17400,0,0,25.4854,0,2,0
28-Oct-2025,16350,Put,16700,0,0,25.4854,0,94,0
28-Oct-2025,16350,Put,13500,0,0,25.4854,0,62,0
28-Oct-2025,16350,Call,15200,0,0,25.4854,0,40,0
25-Nov-2025,16350,Put,14000,0,0,25.4854,0,24,0
25-Nov-2025,16350,Put,18000,0,0,25.4854,0,5,0
25-Nov-2025,16350,Put,18200,0,0,25.4854,0,0,0
25-Nov-2025,16350,Put,14900,0,0,25.4854,0,13,0
25-Nov-2025,16350,Call,17300,0,0,25.4854,0,5,0
25-Nov-2025,16350,Put,14400,0,0,25.4854,0,0,0
25-Nov-2025,16350,Call,15700,0,0,25.4854,0,0,0
25-Nov-2025,16350,Put,14800,0,0,25.4854,0,40,0
25-Nov-2025,16350,Put,15200,0,0,25.4854,0,1,0
25-Nov-2025,16350,Put,14600,0,0,25.4854,0,0,0
25-Nov-2025,16350,Call,13600,0,0,25.4854,0,2,0
25-Nov-2025,16350,Put,16700,0,0,25.4854,0,0,0
25-Nov-2025,16350,Call,13800,0,0,25.4854,0,0,0
25-Nov-2025,16350,Put,13800,0,0,25.4854,0,24,0
25-Nov-2025,16350,Call,14700,0,0,25.4854,0,0,0
25-Nov-2025,16350,Put,17500,0,0,25.4854,0,16,0
30-Dec-2025,16350,Call,17000,0,0,25.4854,0,0,0
25-Nov-2025,16350,Put,18400,0,0,25.4854,0,0,0
25-Nov-2025,16350,Call,15200,0,0,25.4854,0,0,0
25-Nov-2025,16350,Put,18600,0,0,25.4854,0,0,0
30-Dec-2025,16350,Put,15800,0,0,25.4854,0,0,0
28-Oct-2025,16350,Put,14200,0,0,25.4854,0,1129,0
25-Nov-2025,16350,Put,14200,0,0,25.4854,0,8,0
25-Nov-2025,16350,Put,16100,0,0,25.4854,0,0,0
25-Nov-2025,16350,Put,17800,0,0,25.4854,0,0,0
28-Oct-2025,16350,Call,14900,0,0,25.4854,0,34,0
25-Nov-2025,16350,Call,15100,0,0,25.4854,0,1,0
25-Nov-2025,16350,Put,15100,0,0,25.4854,0,9,0
25-Nov-2025,16350,Call,15300,0,0,25.4854,0,2,0
25-Nov-2025,16350,Put,14700,0,0,25.4854,0,0,0
25-Nov-2025,16350,Call,14400,0,0,25.4854,0,0,0
25-Nov-2025,16350,Call,15600,0,0,25.4854,0,1,0
25-Nov-2025,16350,Put,13600,0,0,25.4854,0,0,0
25-Nov-2025,16350,Put,17600,0,0,25.4854,0,0,0
25-Nov-2025,16350,Call,14600,0,0,25.4854,0,1,0
30-Dec-2025,16350,Put,16400,0,0,25.4854,0,0,0
30-Dec-2025,16350,Put,15000,0,0,25.4854,0,0,0
25-Nov-2025,16350,Call,15400,0,0,25.4854,0,0,0
30-Dec-2025,16350,Put,15600,0,0,25.4854,0,0,0
25-Nov-2025,16350,Put,16900,0,0,25.4854,0,0,0
25-Nov-2025,16350,Put,15400,0,0,25.4854,0,0,0
25-Nov-2025,16350,Call,14200,0,0,25.4854,0,0,0
25-Nov-2025,16350,Call,15800,0,0,25.4854,0,3,0
25-Nov-2025,16350,Put,17200,0,0,25.4854,0,0,0
25-Nov-2025,16350,Put,17400,0,0,25.4854,0,12,0
25-Nov-2025,16350,Put,16800,0,0,25.4854,0,0,0
25-Nov-2025,16350,Call,15900,0,0,25.4854,0,1,0
30-Dec-2025,16350,Put,16600,0,0,25.4854,0,0,0
25-Nov-2025,16350,Put,17300,0,0,25.4854,0,0,0
25-Nov-2025,16350,Put,17100,0,0,25.4854,0,9,0
25-Nov-2025,16350,Put,16600,0,0,25.4854,0,0,0
25-Nov-2025,16350,Call,14900,0,0,25.4854,0,0,0
30-Dec-2025,16350,Put,16200,0,0,25.4854,0,0,0
