28-Oct-2025,16235,-,0,16247,0,25.4854,2089,45805,16398
25-Nov-2025,16235,-,0,16345,0,25.4854,11589,27495,13919
28-Oct-2025,16235,Call,16500,31.2,17.05,25.4854,-75,6984,11252
28-Oct-2025,16235,Call,16400,45,15.1,25.4854,453,3673,9309
28-Oct-2025,16235,Put,16200,64.4,13.86,25.4854,63,2804,9244
28-Oct-2025,16235,Call,17000,7.1,25.04,25.4854,-352,7780,8897
28-Oct-2025,16235,Put,16300,127.2,16.38,25.4854,-895,1451,6536
28-Oct-2025,16235,Put,16000,17.15,14.42,25.4854,-279,4840,6477
28-Oct-2025,16235,Call,16600,21.3,18.37,25.4854,-123,2458,4563
28-Oct-2025,16235,Call,16700,14.95,19.93,25.4854,-196,1334,4403
28-Oct-2025,16235,Call,16300,68.25,13.12,25.4854,80,2645,4345
28-Oct-2025,16235,Call,16800,10.85,21.52,25.4854,-611,1911,4323
28-Oct-2025,16235,Call,17200,4.8,28.22,25.4854,31,2622,4249
28-Oct-2025,16235,Put,16100,30.4,13.42,25.4854,-237,1449,4119
28-Oct-2025,16235,Call,16200,102,10.8,25.4854,3,5585,3603
28-Oct-2025,16235,Call,16900,8.8,23.41,25.4854,-130,1444,2501
28-Oct-2025,16235,Put,16400,204.55,18.6,25.4854,-522,670,2467
28-Oct-2025,16235,Call,17100,5.3,26.31,25.4854,-36,1328,2174
28-Oct-2025,16235,Call,17600,3.5,35.53,25.4854,-135,2906,2139
28-Oct-2025,16235,Put,15500,5.5,24.63,25.4854,-218,2005,1791
28-Oct-2025,16235,Call,18000,2.15,41.31,25.4854,-419,2853,1775
28-Oct-2025,16235,Call,17300,4.4,30.1,25.4854,-127,835,1544
28-Oct-2025,16235,Put,15800,9.3,18.32,25.4854,-31,1176,1467
28-Oct-2025,16235,Call,17400,4.2,32.2,25.4854,-281,597,1370
28-Oct-2025,16235,Call,17500,3.55,33.66,25.4854,-258,1299,1368
25-Nov-2025,16235,Put,16000,266,22.72,25.4854,287,1411,1365
28-Oct-2025,16235,Put,16500,292.4,20.87,25.4854,-315,835,1150
28-Oct-2025,16235,Put,15900,11.85,15.88,25.4854,6,887,1124
28-Oct-2025,16235,Put,15000,3.75,35.58,25.4854,-76,3876,1061
28-Oct-2025,16235,Put,15600,6.4,22.36,25.4854,37,434,871
28-Oct-2025,16235,Put,15400,4.4,26.14,25.4854,171,801,799
25-Nov-2025,16235,Call,16500,350,21.33,25.4854,99,821,712
28-Oct-2025,16235,Call,17800,2.35,37.82,25.4854,-93,1541,696
25-Nov-2025,16235,Call,17000,189.5,22.04,25.4854,139,935,641
28-Oct-2025,16235,Put,15700,7.55,20.26,25.4854,-122,506,627
25-Nov-2025,16235,Put,15500,128.4,23.03,25.4854,126,1091,611
28-Oct-2025,16235,Put,14500,2.4,46.13,25.4854,148,1011,547
28-Oct-2025,16235,Call,16000,256,11.74,25.4854,-191,2383,541
25-Nov-2025,16235,Call,17500,95.5,22.86,25.4854,185,581,510
25-Nov-2025,16235,Put,16300,400.15,22.71,25.4854,51,397,484
25-Nov-2025,16235,Call,16400,391.75,21.43,25.4854,140,386,453
28-Oct-2025,16235,Call,18200,1.4,43.07,25.4854,-163,780,441
28-Oct-2025,16235,Put,14000,0.35,48.63,25.4854,-15,1812,341
25-Nov-2025,16235,Put,16500,512,22.85,25.4854,-9,578,339
25-Nov-2025,16235,Call,18000,48,23.59,25.4854,47,746,323
25-Nov-2025,16235,Call,16300,445,21.15,25.4854,92,176,311
25-Nov-2025,16235,Put,15000,57.4,23.98,25.4854,11,438,308
28-Oct-2025,16235,Put,15200,3.7,30.47,25.4854,-62,202,266
25-Nov-2025,16235,Put,16400,451,23.31,25.4854,-7,109,239
25-Nov-2025,16235,Put,17000,859.15,24.42,25.4854,69,122,238
28-Oct-2025,16235,Put,15300,4.1,28.5,25.4854,-28,286,221
28-Oct-2025,16235,Call,16100,165.2,10.23,25.4854,4,2130,206
25-Nov-2025,16235,Call,17800,62.8,23.33,25.4854,41,111,200
28-Oct-2025,16235,Put,16600,400,22.56,25.4854,-86,199,183
25-Nov-2025,16235,Put,16200,355,22.93,25.4854,43,99,178
25-Nov-2025,16235,Call,16200,492,21.08,25.4854,75,113,157
25-Nov-2025,16235,Call,18400,28.75,24.84,25.4854,59,238,137
25-Nov-2025,16235,Call,16000,604.3,20.71,25.4854,-5,183,136
28-Oct-2025,16235,Put,17000,800,36.89,25.4854,-33,123,125
30-Dec-2025,16235,-,0,16434,0,25.4854,29,557,116
28-Oct-2025,16235,Put,14400,1.15,44.82,25.4854,-92,46,109
25-Nov-2025,16235,Call,16800,245.3,21.53,25.4854,29,97,106
25-Nov-2025,16235,Call,17600,83,23,25.4854,24,80,95
28-Oct-2025,16235,Call,18400,1.5,47.05,25.4854,23,242,88
25-Nov-2025,16235,Call,15500,950,20.4,25.4854,32,105,75
25-Nov-2025,16235,Put,15800,205,22.66,25.4854,8,115,72
25-Nov-2025,16235,Call,16600,306.85,21.49,25.4854,9,66,66
25-Nov-2025,16235,Call,18600,22.3,25.13,25.4854,28,61,63
25-Nov-2025,16235,Put,15600,153.85,22.97,25.4854,-12,99,58
28-Oct-2025,16235,Call,15900,322,0,25.4854,-30,401,55
28-Oct-2025,16235,Call,15500,735,0,25.4854,-23,469,54
25-Nov-2025,16235,Put,14000,16.95,29.65,25.4854,39,63,54
28-Oct-2025,16235,Call,15800,443,0,25.4854,-22,372,52
25-Nov-2025,16235,Put,15900,244.1,22.78,25.4854,29,46,51
28-Oct-2025,16235,Put,14800,2.9,39.12,25.4854,3,384,50
25-Nov-2025,16235,Put,15300,95,23.29,25.4854,24,94,50
28-Oct-2025,16235,Call,15000,1228,0,25.4854,-34,586,48
25-Nov-2025,16235,Put,15700,172.75,22.48,25.4854,16,37,46
25-Nov-2025,16235,Put,14800,43,24.7,25.4854,25,65,44
28-Oct-2025,16235,Put,14900,2.9,36.99,25.4854,-1,252,44
25-Nov-2025,16235,Call,17400,106.65,22.48,25.4854,24,45,39
25-Nov-2025,16235,Call,15000,1395.35,15.31,25.4854,28,143,38
25-Nov-2025,16235,Call,17200,145.5,22.37,25.4854,15,96,38
28-Oct-2025,16235,Put,14600,2.7,45.24,25.4854,9,98,35
28-Oct-2025,16235,Put,13200,0.35,65.37,25.4854,-10,42,30
25-Nov-2025,16235,Call,16700,271,21.59,25.4854,5,32,29
28-Oct-2025,16235,Put,14200,0.5,45.28,25.4854,-5,1124,27
28-Oct-2025,16235,Call,14000,2222.45,0,25.4854,-13,165,27
28-Oct-2025,16235,Call,14500,1727.35,0,25.4854,-23,76,24
28-Oct-2025,16235,Put,14700,3,42.41,25.4854,0,365,21
28-Oct-2025,16235,Call,15600,659.95,30.25,25.4854,-12,69,18
25-Nov-2025,16235,Call,14000,2300,0,25.4854,17,17,18
28-Oct-2025,16235,Put,13700,0.65,57.19,25.4854,3,19,16
28-Oct-2025,16235,Call,15700,532,0,25.4854,-6,147,14
25-Nov-2025,16235,Call,16900,213.75,22,25.4854,1,9,13
28-Oct-2025,16235,Put,15100,3.1,32.42,25.4854,0,288,12
28-Oct-2025,16235,Put,13600,0.45,57.9,25.4854,7,18,11
25-Nov-2025,16235,Call,17100,165.5,22.35,25.4854,2,33,11
28-Oct-2025,16235,Call,15300,1070,69.8,25.4854,-6,20,10
28-Oct-2025,16235,Call,18600,1.35,50.03,25.4854,-1,28,10
25-Nov-2025,16235,Call,15800,738,20.44,25.4854,0,3,10
25-Nov-2025,16235,Call,16100,540,20.92,25.4854,1,39,10
25-Nov-2025,16235,Call,17300,123,22.37,25.4854,4,9,10
25-Nov-2025,16235,Put,15200,83.75,23.75,25.4854,8,9,10
25-Nov-2025,16235,Call,15600,893.7,21.98,25.4854,1,2,8
25-Nov-2025,16235,Call,18200,43,25.06,25.4854,1,21,8
25-Nov-2025,16235,Put,13800,8.15,27.55,25.4854,3,27,8
25-Nov-2025,16235,Call,14800,1610,27.12,25.4854,6,7,7
28-Oct-2025,16235,Call,14800,1570,92.55,25.4854,0,206,6
28-Oct-2025,16235,Put,13400,0.5,62.92,25.4854,0,151,6
28-Oct-2025,16235,Call,13500,2775,111.67,25.4854,-2,15,6
30-Dec-2025,16235,Put,16000,389.65,22.39,25.4854,-1,9,6
28-Oct-2025,16235,Call,14900,1367.1,45.64,25.4854,-3,31,5
28-Oct-2025,16235,Call,13000,3280,133.29,25.4854,-1,59,5
28-Oct-2025,16235,Put,16700,440.85,0,25.4854,0,94,3
25-Nov-2025,16235,Put,14400,17.05,24.4,25.4854,0,0,3
28-Oct-2025,16235,Put,14300,0.75,44.87,25.4854,0,458,3
28-Oct-2025,16235,Call,15200,1014,0,25.4854,0,40,2
25-Nov-2025,16235,Call,14400,1960,24.2,25.4854,0,0,2
28-Oct-2025,16235,Call,14700,1575,68.11,25.4854,0,3,1
28-Oct-2025,16235,Call,15400,890,46.74,25.4854,0,15,1
28-Oct-2025,16235,Put,13900,0.4,50.78,25.4854,0,50,1
28-Oct-2025,16235,Put,16900,688.45,30.04,25.4854,0,38,1
28-Oct-2025,16235,Put,13500,1,64.84,25.4854,0,62,1
28-Oct-2025,16235,Call,13600,2645,85.71,25.4854,0,2,1
28-Oct-2025,16235,Put,16800,559,0,25.4854,0,95,1
25-Nov-2025,16235,Put,17100,940,24.96,25.4854,0,9,1
28-Oct-2025,16235,Put,12800,0,0,25.4854,0,49,0
28-Oct-2025,16235,Put,17800,0,0,25.4854,0,2,0
28-Oct-2025,16235,Put,17600,0,0,25.4854,0,0,0
28-Oct-2025,16235,Call,14200,0,0,25.4854,0,4,0
28-Oct-2025,16235,Put,17400,0,0,25.4854,0,2,0
28-Oct-2025,16235,Put,18200,0,0,25.4854,0,0,0
28-Oct-2025,16235,Put,17100,0,0,25.4854,0,8,0
28-Oct-2025,16235,Put,18600,0,0,25.4854,0,0,0
28-Oct-2025,16235,Put,17200,0,0,25.4854,0,9,0
28-Oct-2025,16235,Put,13000,0,0,25.4854,0,264,0
28-Oct-2025,16235,Put,17500,0,0,25.4854,0,2,0
28-Oct-2025,16235,Put,17300,0,0,25.4854,0,6,0
28-Oct-2025,16235,Put,18000,0,0,25.4854,0,0,0
28-Oct-2025,16235,Call,13200,0,0,25.4854,0,5,0
28-Oct-2025,16235,Call,14400,0,0,25.4854,0,1,0
28-Oct-2025,16235,Call,13400,0,0,25.4854,0,1,0
28-Oct-2025,16235,Call,13800,0,0,25.4854,0,0,0
28-Oct-2025,16235,Put,14100,0,0,25.4854,0,150,0
28-Oct-2025,16235,Call,13700,0,0,25.4854,0,3,0
28-Oct-2025,16235,Call,15100,0,0,25.4854,0,8,0
28-Oct-2025,16235,Put,13800,0,0,25.4854,0,107,0
25-Nov-2025,16235,Put,16600,0,0,25.4854,0,0,0
25-Nov-2025,16235,Put,17300,0,0,25.4854,0,0,0
25-Nov-2025,16235,Put,17800,0,0,25.4854,0,0,0
25-Nov-2025,16235,Call,15100,0,0,25.4854,0,1,0
25-Nov-2025,16235,Put,15100,0,0,25.4854,0,9,0
25-Nov-2025,16235,Put,15400,0,0,25.4854,0,0,0
28-Oct-2025,16235,Call,14600,0,0,25.4854,0,0,0
25-Nov-2025,16235,Call,14900,0,0,25.4854,0,0,0
25-Nov-2025,16235,Put,13600,0,0,25.4854,0,0,0
28-Oct-2025,16235,Put,18400,0,0,25.4854,0,0,0
25-Nov-2025,16235,Call,15900,0,0,25.4854,0,1,0
30-Dec-2025,16235,Put,15000,0,0,25.4854,0,0,0
25-Nov-2025,16235,Put,18400,0,0,25.4854,0,0,0
25-Nov-2025,16235,Call,14200,0,0,25.4854,0,0,0
25-Nov-2025,16235,Call,15400,0,0,25.4854,0,0,0
25-Nov-2025,16235,Put,18000,0,0,25.4854,0,5,0
25-Nov-2025,16235,Call,13600,0,0,25.4854,0,2,0
30-Dec-2025,16235,Put,16600,0,0,25.4854,0,0,0
25-Nov-2025,16235,Call,15300,0,0,25.4854,0,2,0
25-Nov-2025,16235,Call,15700,0,0,25.4854,0,0,0
25-Nov-2025,16235,Put,16900,0,0,25.4854,0,0,0
25-Nov-2025,16235,Put,14900,0,0,25.4854,0,13,0
25-Nov-2025,16235,Put,16800,0,0,25.4854,0,0,0
30-Dec-2025,16235,Put,15800,0,0,25.4854,0,0,0
25-Nov-2025,16235,Put,17500,0,0,25.4854,0,16,0
25-Nov-2025,16235,Call,14600,0,0,25.4854,0,1,0
30-Dec-2025,16235,Call,16400,0,0,25.4854,0,0,0
30-Dec-2025,16235,Put,16200,0,0,25.4854,0,0,0
25-Nov-2025,16235,Put,14700,0,0,25.4854,0,0,0
25-Nov-2025,16235,Put,18600,0,0,25.4854,0,0,0
30-Dec-2025,16235,Call,16000,0,0,25.4854,0,2,0
25-Nov-2025,16235,Call,14700,0,0,25.4854,0,0,0
25-Nov-2025,16235,Call,13800,0,0,25.4854,0,0,0
25-Nov-2025,16235,Call,15200,0,0,25.4854,0,0,0
25-Nov-2025,16235,Put,17600,0,0,25.4854,0,0,0
25-Nov-2025,16235,Put,17400,0,0,25.4854,0,12,0
25-Nov-2025,16235,Put,14200,0,0,25.4854,0,8,0
25-Nov-2025,16235,Put,16700,0,0,25.4854,0,0,0
25-Nov-2025,16235,Put,18200,0,0,25.4854,0,0,0
25-Nov-2025,16235,Put,16100,0,0,25.4854,0,0,0
25-Nov-2025,16235,Put,14600,0,0,25.4854,0,0,0
30-Dec-2025,16235,Call,16200,0,0,25.4854,0,0,0
30-Dec-2025,16235,Put,16400,0,0,25.4854,0,0,0
30-Dec-2025,16235,Put,15600,0,0,25.4854,0,0,0
25-Nov-2025,16235,Put,17200,0,0,25.4854,0,0,0
30-Dec-2025,16235,Call,17000,0,0,25.4854,0,0,0
