28-Oct-2025,25860.45,Put,25800,55.1,8.49,14.9649,159267,245254,4841704
28-Oct-2025,25860.45,Put,25900,93.5,8,14.9649,65232,142544,4276323
28-Oct-2025,25860.45,Put,25850,72.4,8.26,14.9649,90777,132526,3854759
28-Oct-2025,25860.45,Call,26000,57.55,9.73,14.9649,155826,308529,3530970
28-Oct-2025,25860.45,Call,25900,99.25,9.8,14.9649,160004,227169,3522843
28-Oct-2025,25860.45,Put,25700,30.75,8.94,14.9649,59735,151637,2315289
28-Oct-2025,25860.45,Call,26100,31.9,9.87,14.9649,68776,213917,2066669
28-Oct-2025,25860.45,Call,25950,75.2,9.7,14.9649,98756,132388,1979574
28-Oct-2025,25860.45,Put,25750,41.45,8.73,14.9649,45862,82995,1909911
28-Oct-2025,25860.45,Call,25850,126.85,10.06,14.9649,95391,113540,1878219
28-Oct-2025,25860.45,Call,26200,17.65,10.25,14.9649,47157,204256,1694337
28-Oct-2025,25860.45,Call,25800,160,10.42,14.9649,69464,108554,1690971
28-Oct-2025,25860.45,Put,26000,152.4,7.58,14.9649,5678,97460,1598232
28-Oct-2025,25860.45,Call,26050,42.75,9.74,14.9649,46578,106972,1455153
28-Oct-2025,25860.45,Put,25950,120.65,7.76,14.9649,17587,48508,1413021
28-Oct-2025,25860.45,Put,25600,17.85,9.56,14.9649,44401,116085,1291424
28-Oct-2025,25860.45,Put,25500,10.9,10.36,14.9649,10533,148124,1169618
28-Oct-2025,25860.45,Call,26300,10.35,10.87,14.9649,18520,149559,1142141
28-Oct-2025,25860.45,Put,25650,23.3,9.25,14.9649,20742,53436,1043994
28-Oct-2025,25860.45,Call,26150,23.55,10.03,14.9649,28080,85747,995373
28-Oct-2025,25860.45,Call,26500,4.6,12.56,14.9649,43455,239473,906914
28-Oct-2025,25860.45,Call,26250,13.3,10.49,14.9649,26362,89289,807855
28-Oct-2025,25860.45,Call,26400,6.55,11.59,14.9649,22366,136070,735911
28-Oct-2025,25860.45,Call,26700,2.55,14.49,14.9649,19265,121600,705559
28-Oct-2025,25860.45,Call,26800,2.05,15.48,14.9649,6648,129759,699839
28-Oct-2025,25860.45,Call,27000,1.55,17.5,14.9649,4894,227879,679352
28-Oct-2025,25860.45,Call,26350,8.05,11.22,14.9649,25072,65745,659845
28-Oct-2025,25860.45,Put,25000,3.7,16.55,14.9649,-28685,174993,624169
28-Oct-2025,25860.45,Put,25550,13.7,9.94,14.9649,23983,44893,623069
28-Oct-2025,25860.45,Put,25400,7.4,11.34,14.9649,11452,90196,543741
28-Oct-2025,25860.45,Call,26600,3.2,13.43,14.9649,23452,96724,493101
28-Oct-2025,25860.45,Call,26900,1.55,16.42,14.9649,32906,102621,469128
28-Oct-2025,25860.45,Call,26450,5.45,12.08,14.9649,18010,57136,427972
28-Oct-2025,25860.45,Put,25450,8.9,10.81,14.9649,12440,34125,409853
28-Oct-2025,25860.45,Put,25200,4.65,13.72,14.9649,9631,81836,397609
28-Oct-2025,25860.45,Call,26750,2.4,15,14.9649,12224,35465,376630
28-Oct-2025,25860.45,Put,25300,5.6,12.47,14.9649,8013,65478,375119
28-Oct-2025,25860.45,Put,25100,4.2,15.15,14.9649,8168,59248,372024
28-Oct-2025,25860.45,Put,24500,2.35,22.95,14.9649,20392,129218,371875
28-Oct-2025,25860.45,Put,25350,6.3,11.84,14.9649,8229,37587,345931
28-Oct-2025,25860.45,Put,26100,226.4,6.74,14.9649,-6251,38167,337214
28-Oct-2025,25860.45,Call,26650,2.85,13.9,14.9649,16977,46825,325076
28-Oct-2025,25860.45,Call,26550,3.85,13.02,14.9649,5573,42932,313101
28-Oct-2025,25860.45,Put,26050,187.5,7.21,14.9649,-445,16916,305709
28-Oct-2025,25860.45,Call,25750,196.75,10.8,14.9649,10341,15687,299746
28-Oct-2025,25860.45,Call,27500,1,22.9,14.9649,18272,48576,297410
28-Oct-2025,25860.45,Call,26850,1.85,16.02,14.9649,5528,26027,296926
28-Oct-2025,25860.45,Call,25700,236.15,11.23,14.9649,9246,28923,258304
28-Oct-2025,25860.45,Put,24800,3.05,19.13,14.9649,-981,76452,239576
28-Oct-2025,25860.45,Put,25150,4.5,14.47,14.9649,6274,33771,236004
28-Oct-2025,25860.45,Put,24900,3.3,17.8,14.9649,6102,47666,231368
28-Oct-2025,25860.45,Call,27300,1.1,20.77,14.9649,14483,60297,219284
28-Oct-2025,25860.45,Put,25250,5.05,13.07,14.9649,3091,23182,200250
28-Oct-2025,25860.45,Call,27400,1.1,21.69,14.9649,25093,38230,195851
28-Oct-2025,25860.45,Put,24700,2.85,20.45,14.9649,9956,60130,185768
28-Oct-2025,25860.45,Put,25050,3.9,15.79,14.9649,1917,13247,184700
28-Oct-2025,25860.45,Put,24000,1.7,29.29,14.9649,8298,84365,163853
28-Oct-2025,25860.45,Call,26950,1.6,17.09,14.9649,15339,25383,153636
28-Oct-2025,25860.45,Put,24600,2.55,21.67,14.9649,6237,45736,152318
28-Oct-2025,25860.45,Call,27100,1.4,18.66,14.9649,7500,37309,142300
28-Oct-2025,25860.45,Call,27200,1.3,19.78,14.9649,13006,40727,137982
28-Oct-2025,25860.45,Put,24400,2.15,24.11,14.9649,3157,26718,122696
28-Oct-2025,25860.45,Call,27050,1.45,18.16,14.9649,7997,24455,122204
28-Oct-2025,25860.45,Put,24850,3.2,18.47,14.9649,13050,25162,115968
28-Oct-2025,25860.45,Put,26200,311.9,0,14.9649,-3276,20058,109741
28-Oct-2025,25860.45,Put,24950,3.45,17.15,14.9649,2838,13652,109149
04-Nov-2025,25860.45,Call,26000,163.85,10.82,14.9649,9481,27813,107064
28-Oct-2025,25860.45,Call,27150,1.4,19.31,14.9649,2306,19860,106602
04-Nov-2025,25860.45,Put,25800,123.3,10.25,14.9649,5898,14848,103242
28-Oct-2025,25860.45,Put,23500,1.15,34.91,14.9649,933,37772,95375
28-Oct-2025,25860.45,Put,24200,1.8,26.57,14.9649,1960,17181,93479
04-Nov-2025,25860.45,Call,26500,32.5,10.99,14.9649,15581,35988,92808
28-Oct-2025,25860.45,Call,27600,0.9,23.86,14.9649,10361,27210,92333
28-Oct-2025,25860.45,Put,24300,1.95,25.28,14.9649,-2205,21828,85619
04-Nov-2025,25860.45,Put,25900,162.5,10.01,14.9649,3330,10422,85427
28-Oct-2025,25860.45,Put,22600,0.65,45.08,14.9649,8904,68835,77009
28-Oct-2025,25860.45,Call,27350,1.15,21.39,14.9649,8217,15064,76409
28-Oct-2025,25860.45,Put,24650,2.65,21.02,14.9649,1456,10942,74740
04-Nov-2025,25860.45,Call,26200,89.6,10.73,14.9649,6191,20293,72963
28-Oct-2025,25860.45,Call,27250,1.15,20.24,14.9649,2811,9165,70125
28-Oct-2025,25860.45,Call,27450,1,22.3,14.9649,6321,13996,69243
04-Nov-2025,25860.45,Call,26300,64.6,10.76,14.9649,4829,24389,67494
28-Oct-2025,25860.45,Put,24750,2.9,19.78,14.9649,543,10900,64045
28-Oct-2025,25860.45,Put,24100,1.8,27.94,14.9649,-1555,8098,63661
04-Nov-2025,25860.45,Call,25900,216.3,11.04,14.9649,5811,10475,61636
28-Oct-2025,25860.45,Put,26150,268,6.01,14.9649,-1998,6841,58064
28-Oct-2025,25860.45,Put,24350,2.15,24.92,14.9649,4370,7088,57961
28-Oct-2025,25860.45,Call,25600,324.85,12.44,14.9649,-1796,19067,57055
04-Nov-2025,25860.45,Put,25500,51.6,11.1,14.9649,2619,16528,53754
04-Nov-2025,25860.45,Call,26400,45.25,10.79,14.9649,951,17845,52543
04-Nov-2025,25860.45,Call,26100,122,10.71,14.9649,3197,13791,52136
04-Nov-2025,25860.45,Put,25700,92.9,10.49,14.9649,1787,10751,49711
28-Oct-2025,25860.45,Put,24550,2.45,22.31,14.9649,2463,6961,49236
28-Oct-2025,25860.45,Call,25500,415.35,13.84,14.9649,-4429,38325,48239
28-Oct-2025,25860.45,-,0,25905,0,14.9649,-6783,202807,47039
28-Oct-2025,25860.45,Put,22800,0.8,42.93,14.9649,6698,23777,46960
28-Oct-2025,25860.45,Put,23000,0.9,40.9,14.9649,-830,31174,46109
04-Nov-2025,25860.45,Put,25850,141.9,10.1,14.9649,3728,6469,45505
28-Oct-2025,25860.45,Put,24450,2.35,23.63,14.9649,728,4067,45036
28-Oct-2025,25860.45,Put,23700,1.4,32.67,14.9649,47,5471,43823
04-Nov-2025,25860.45,Call,25800,276.2,11.29,14.9649,3406,7594,42492
28-Oct-2025,25860.45,Put,22650,0.65,44.1,14.9649,5929,7732,41529
28-Oct-2025,25860.45,Put,23900,1.55,30.31,14.9649,-155,4747,40902
04-Nov-2025,25860.45,Put,25600,69.3,10.77,14.9649,2233,12199,40894
28-Oct-2025,25860.45,Put,22900,0.75,41.57,14.9649,6391,9646,40732
28-Oct-2025,25860.45,Call,27550,1,23.39,14.9649,4394,6428,40424
04-Nov-2025,25860.45,Call,26700,15.45,11.23,14.9649,3379,9159,38393
25-Nov-2025,25860.45,Put,26000,313.95,11.62,14.9649,3247,32257,38033
28-Oct-2025,25860.45,Put,24050,1.75,28.47,14.9649,147,1721,38031
28-Oct-2025,25860.45,Put,23800,1.45,31.62,14.9649,-451,11108,37870
28-Oct-2025,25860.45,Put,24250,1.9,26.01,14.9649,569,3916,36996
28-Oct-2025,25860.45,Call,25650,278.8,11.72,14.9649,1074,3686,35120
28-Oct-2025,25860.45,Call,27650,0.8,24.18,0,0,5829,35094
28-Oct-2025,25860.45,Put,24150,1.85,27.3,14.9649,133,2207,34443
25-Nov-2025,25860.45,Call,26000,360.15,10.39,14.9649,3258,34637,33927
28-Oct-2025,25860.45,Put,23600,1.3,33.95,14.9649,-436,2589,32286
28-Oct-2025,25860.45,Put,23450,1.15,35.6,14.9649,574,3465,32258
25-Nov-2025,25860.45,Call,27000,53.75,10.42,14.9649,4982,33136,31573
04-Nov-2025,25860.45,Put,25000,13.6,13.21,14.9649,2934,15071,30319
28-Oct-2025,25860.45,Put,26300,402,0,14.9649,256,9862,28796
25-Nov-2025,25860.45,Put,25000,68.1,13.08,14.9649,1598,52295,28716
04-Nov-2025,25860.45,Call,26600,22.2,11.07,14.9649,1422,9138,28688
04-Nov-2025,25860.45,Put,25400,38.5,11.44,14.9649,4368,11759,28362
28-Oct-2025,25860.45,Put,23400,1.2,36.45,14.9649,49,4244,27359
28-Oct-2025,25860.45,Put,23750,1.45,32.22,14.9649,95,1469,26374
28-Oct-2025,25860.45,Put,23550,1.3,34.65,14.9649,1051,2564,25713
04-Nov-2025,25860.45,Call,26800,11.25,11.55,14.9649,1826,10018,25612
25-Nov-2025,25860.45,Call,26500,152.5,10.24,14.9649,335,25171,25274
28-Oct-2025,25860.45,Put,23300,1.2,37.69,14.9649,-57,3287,25135
25-Nov-2025,25860.45,Put,25500,146.7,12.08,14.9649,421,29334,24615
04-Nov-2025,25860.45,Put,25200,21.6,12.19,14.9649,2073,11080,24368
04-Nov-2025,25860.45,Put,25550,59.8,10.97,14.9649,262,2418,24167
28-Oct-2025,25860.45,Put,22700,0.85,44.55,14.9649,-1212,13791,24135
04-Nov-2025,25860.45,Put,25750,107.55,10.39,14.9649,1695,3940,23849
28-Oct-2025,25860.45,Put,23950,1.55,29.6,14.9649,-7,2003,23349
28-Oct-2025,25860.45,Put,23850,1.5,30.91,14.9649,702,2135,23167
04-Nov-2025,25860.45,Call,25850,245.45,11.15,14.9649,2483,3474,22050
28-Oct-2025,25860.45,Put,23100,1.05,40.12,14.9649,-92,2538,21456
25-Nov-2025,25860.45,-,0,26049.8,0,14.9649,9866,61124,21121
04-Nov-2025,25860.45,Put,25300,28.45,11.76,14.9649,977,6621,20979
04-Nov-2025,25860.45,Call,26350,54.15,10.74,14.9649,2351,5255,19649
28-Oct-2025,25860.45,Put,23200,1.05,38.55,14.9649,-39,5181,19609
25-Nov-2025,25860.45,Put,24500,34.2,14.42,14.9649,-5594,23054,19199
04-Nov-2025,25860.45,Call,26250,75.8,10.72,14.9649,2015,4761,18660
04-Nov-2025,25860.45,Call,26050,142,10.74,14.9649,758,3911,18643
28-Oct-2025,25860.45,Put,22950,0.8,41.14,14.9649,2050,3516,18429
28-Oct-2025,25860.45,Put,26500,596.35,0,14.9649,138,10662,18334
04-Nov-2025,25860.45,Call,26900,8.2,11.87,14.9649,578,9305,17895
04-Nov-2025,25860.45,Put,25650,80.7,10.66,14.9649,3326,5021,17847
04-Nov-2025,25860.45,Call,25950,189.3,10.91,14.9649,1305,3417,16165
04-Nov-2025,25860.45,Put,26100,267.5,9.66,14.9649,-65,5617,16161
04-Nov-2025,25860.45,Call,26550,26.8,11.01,14.9649,1720,4572,15752
04-Nov-2025,25860.45,Put,25950,184.9,9.93,14.9649,803,2632,15266
04-Nov-2025,25860.45,Call,27500,2,14.41,14.9649,3951,12563,14958
04-Nov-2025,25860.45,Call,26450,38,10.86,14.9649,2259,4677,14247
28-Oct-2025,25860.45,Put,26250,357.2,0,14.9649,-494,1877,13231
04-Nov-2025,25860.45,Put,25100,16.8,12.67,14.9649,758,4271,13054
04-Nov-2025,25860.45,Put,25450,44.5,11.25,14.9649,577,2909,11780
04-Nov-2025,25860.45,Call,26650,18.6,11.17,14.9649,1502,3237,11581
04-Nov-2025,25860.45,Put,24500,6.35,16.47,14.9649,1797,10424,11270
04-Nov-2025,25860.45,Call,27100,4.95,12.71,14.9649,375,5172,11191
25-Nov-2025,25860.45,Put,25800,235.1,11.8,14.9649,926,18033,11163
28-Oct-2025,25860.45,Put,23150,1.05,39.43,14.9649,488,1201,11055
30-Dec-2025,25860.45,Call,27000,182.9,9.72,14.9649,2903,37396,10419
25-Nov-2025,25860.45,Put,25900,270.55,11.69,14.9649,772,6171,9826
04-Nov-2025,25860.45,Put,26200,333.5,9.35,14.9649,141,3937,9616
04-Nov-2025,25860.45,Call,25700,346,11.59,14.9649,896,3299,9563
25-Nov-2025,25860.45,Put,24000,20.3,16.24,14.9649,1055,19648,9546
04-Nov-2025,25860.45,Put,25350,32.85,11.63,14.9649,509,1674,9354
25-Nov-2025,25860.45,Call,27500,20.85,11.24,14.9649,1376,8324,9171
28-Oct-2025,25860.45,Put,23050,1,40.42,14.9649,436,1321,9159
04-Nov-2025,25860.45,Call,26750,13.5,11.43,14.9649,521,2401,8715
28-Oct-2025,25860.45,Put,26400,500.8,0,14.9649,-761,4711,8367
25-Nov-2025,25860.45,Call,26600,123.85,10.23,14.9649,-28,5523,8266
25-Nov-2025,25860.45,Call,26200,264,10.41,14.9649,1373,13153,8035
28-Oct-2025,25860.45,Call,25000,911,23.7,14.9649,-2491,31066,8000
25-Nov-2025,25860.45,Call,26300,220.95,10.31,14.9649,588,8563,7848
25-Nov-2025,25860.45,Call,26800,81.6,10.26,14.9649,177,9293,7592
11-Nov-2025,25860.45,Call,27000,19.3,11.5,14.9649,120,5081,7452
04-Nov-2025,25860.45,Call,27200,4.1,13.24,14.9649,986,3377,7378
25-Nov-2025,25860.45,Call,26700,100.5,10.25,14.9649,606,6004,7307
28-Oct-2025,25860.45,Call,25400,514.8,16.27,14.9649,-610,17655,7273
11-Nov-2025,25860.45,Call,26500,71.1,10.65,14.9649,1112,5179,7225
11-Nov-2025,25860.45,Put,25800,163.3,10.73,14.9649,531,2871,7129
04-Nov-2025,25860.45,Put,24800,9.15,14.37,14.9649,768,4210,7111
30-Dec-2025,25860.45,Call,28000,44.75,10.36,14.9649,764.666666667,26628.3333333,7052
25-Nov-2025,25860.45,Call,25800,483.7,10.69,14.9649,1104,9428,7044
11-Nov-2025,25860.45,Call,26000,234.45,10.56,14.9649,1443,4539,7036
04-Nov-2025,25860.45,Put,24000,3.6,19.88,14.9649,216,5068,6920
25-Nov-2025,25860.45,Put,24800,49.45,13.47,14.9649,9,8808,6913
30-Dec-2025,25860.45,Put,25000,133.25,13.05,14.9649,327.666666667,41448.3333333,6819
04-Nov-2025,25860.45,Put,26050,236.3,9.77,14.9649,380,2283,6609
25-Nov-2025,25860.45,Put,25700,200.05,11.85,14.9649,-86,11737,6521
04-Nov-2025,25860.45,Call,27400,2.35,13.95,14.9649,437,8512,6456
25-Nov-2025,25860.45,Call,27200,35.65,10.67,14.9649,484,3338,6394
04-Nov-2025,25860.45,Call,27300,3.35,13.73,14.9649,-112,5217,6280
30-Dec-2025,25860.45,Put,26000,384.1,12.14,14.9649,-543,51189,6195
04-Nov-2025,25860.45,Put,24900,11,13.77,14.9649,555,2736,6115
28-Oct-2025,25860.45,Call,25550,371.8,13.05,14.9649,181,2344,5932
25-Nov-2025,25860.45,Put,25200,90.15,12.56,14.9649,521,13224,5713
04-Nov-2025,25860.45,Call,26850,10,11.74,14.9649,956,1871,5674
04-Nov-2025,25860.45,Put,25150,19.2,12.46,14.9649,196,2044,5649
25-Nov-2025,25860.45,Call,26100,306.65,10.27,14.9649,269,6919,5532
11-Nov-2025,25860.45,Put,26000,245.1,10.36,14.9649,421,2389,5420
28-Oct-2025,25860.45,Put,23650,1.4,33.63,14.9649,172,818,5138
25-Nov-2025,25860.45,Put,25600,171.45,11.96,14.9649,478,6369,5073
25-Nov-2025,25860.45,Call,25900,420.15,10.51,14.9649,889,5023,5025
25-Nov-2025,25860.45,Put,26100,357.2,11.42,14.9649,843,4671,4924
11-Nov-2025,25860.45,Put,25900,200,10.53,14.9649,128,1699,4881
25-Nov-2025,25860.45,Call,26400,183,10.2,14.9649,696,6753,4597
30-Dec-2025,25860.45,Put,24000,55.95,15.17,14.9649,319,49120,4559
04-Nov-2025,25860.45,Put,25250,24.75,12,14.9649,9,1106,4527
30-Dec-2025,25860.45,Call,26000,607.75,9.67,14.9649,1387,51797.3333333,4478
11-Nov-2025,25860.45,Call,26200,146.35,10.4,14.9649,556,2217,4454
25-Nov-2025,25860.45,Put,26200,414.8,11.54,14.9649,663,7442,4380
11-Nov-2025,25860.45,Put,25500,85,11.31,14.9649,68,2221,4265
11-Nov-2025,25860.45,Call,26400,88.6,10.45,14.9649,442,2201,4203
30-Dec-2025,25860.45,Put,24800,106.4,13.28,14.9649,-2345,1962,4203
25-Nov-2025,25860.45,Put,25400,124.55,12.23,14.9649,185,5291,4185
25-Nov-2025,25860.45,Put,25300,105.8,12.37,14.9649,549,7060,4037
04-Nov-2025,25860.45,Put,24700,7.95,15,14.9649,275,2407,4011
30-Dec-2025,25860.45,Call,26500,348.45,9.58,14.9649,239,14289,3923
11-Nov-2025,25860.45,Call,25900,290,10.63,14.9649,650,1582,3900
25-Nov-2025,25860.45,Call,25500,690,10.74,14.9649,431,17390,3891
04-Nov-2025,25860.45,Call,25500,504.95,12.47,14.9649,1034,5130,3779
25-Nov-2025,25860.45,Call,27100,43.35,10.51,14.9649,166,1844,3662
04-Nov-2025,25860.45,Call,27600,1.9,15.17,14.9649,561,2824,3643
11-Nov-2025,25860.45,Put,25700,132,10.89,14.9649,127,1291,3637
25-Nov-2025,25860.45,Put,25100,78.15,12.77,14.9649,-436,3770,3632
28-Oct-2025,25860.45,Call,25300,612.05,17.5,14.9649,-882,13758,3548
04-Nov-2025,25860.45,Put,23500,3.05,23.93,14.9649,1462,2333,3450
25-Nov-2025,25860.45,Put,27000,993.05,12.18,14.9649,1423,6155,3395
25-Nov-2025,25860.45,Call,25700,548.85,10.59,14.9649,-705,7876,3371
11-Nov-2025,25860.45,Call,26300,115,10.4,14.9649,166,1587,3358
04-Nov-2025,25860.45,Call,27050,5.8,12.63,14.9649,411,1575,3237
30-Dec-2025,25860.45,Put,24500,79.65,13.84,14.9649,463,12859,3235
11-Nov-2025,25860.45,Put,25000,29,12.78,14.9649,288,3002,3231
04-Nov-2025,25860.45,Call,27150,4.75,13.02,14.9649,417,992,3203
04-Nov-2025,25860.45,Call,25750,312.45,11.47,14.9649,261,626,3154
25-Nov-2025,25860.45,Put,23000,9.7,20.28,14.9649,594,10215,3115
25-Nov-2025,25860.45,Put,23500,13.25,18.13,14.9649,417,9737,3094
04-Nov-2025,25860.45,Put,26300,404.45,9.35,14.9649,317,2270,2964
28-Oct-2025,25860.45,Call,25200,711,19.99,14.9649,-1077,17216,2958
04-Nov-2025,25860.45,Put,24600,7.1,15.7,14.9649,101,1487,2951
11-Nov-2025,25860.45,Put,25600,106.2,11.08,14.9649,449,1277,2877
04-Nov-2025,25860.45,Call,26950,7.4,12.18,14.9649,-107,915,2783
11-Nov-2025,25860.45,Call,26600,54.7,10.8,14.9649,730,2060,2776
30-Dec-2025,25860.45,Call,27500,89.05,9.87,14.9649,773,2486,2769
25-Nov-2025,25860.45,Put,26500,595.55,11.53,14.9649,404,6585,2756
25-Nov-2025,25860.45,Call,27600,17.6,11.44,14.9649,899,1707,2717
30-Dec-2025,25860.45,Call,29000,17.15,12.15,14.9649,111,12793,2716
28-Oct-2025,25860.45,Put,22750,0.9,43.86,14.9649,469,846,2709
28-Oct-2025,25860.45,Put,26350,451.85,0,14.9649,-238,708,2689
30-Jun-2026,25860.45,Put,24000,172.95,14.71,14.9649,1967,3783,2674
11-Nov-2025,25860.45,Call,25800,351.4,10.9,14.9649,182,1066,2586
28-Oct-2025,25860.45,Put,27000,1092.85,0,14.9649,-1218,7891,2584
30-Dec-2025,25860.45,Put,25500,228.65,12.5,14.9649,210,15563,2526
04-Nov-2025,25860.45,Put,26150,298.35,9.41,14.9649,100,1177,2514
25-Nov-2025,25860.45,Call,26900,65.7,10.29,14.9649,43,1923,2514
28-Oct-2025,25860.45,Put,23350,1.2,37.15,14.9649,265,788,2399
04-Nov-2025,25860.45,Put,24200,4.4,18.46,14.9649,99,1117,2392
25-Nov-2025,25860.45,Put,24900,57.6,13.22,14.9649,-237,3900,2344
30-Dec-2025,25860.45,Put,22000,22.85,21.73,14.9649,-804.666666667,22162.3333333,2307
25-Nov-2025,25860.45,Put,24700,42.3,13.72,14.9649,416,4674,2286
25-Nov-2025,25860.45,Put,25850,250.4,11.65,14.9649,-3,1031,2283
28-Oct-2025,25860.45,Call,24800,1122.95,27.88,14.9649,-1403,13591,2282
25-Nov-2025,25860.45,Call,27400,25.3,11.09,14.9649,185,3075,2280
28-Oct-2025,25860.45,Put,23250,1.1,38.22,14.9649,143,519,2179
30-Dec-2025,25860.45,-,0,26215,0,14.9649,636,9350,2087
31-Mar-2026,25860.45,Call,28000,262,9.11,14.9649,516,13447,2068
04-Nov-2025,25860.45,Put,24400,5.35,17.03,14.9649,283,1400,2055
28-Oct-2025,25860.45,Call,25450,465,14.69,14.9649,-168,2081,2029
30-Dec-2025,25860.45,Call,30000,11.05,14.52,14.9649,212,9458.33333333,1986
30-Dec-2025,25860.45,Put,25300,184,12.67,14.9649,126,3079,1966
04-Nov-2025,25860.45,Put,26500,570.25,8.53,14.9649,-279,1470,1961
25-Nov-2025,25860.45,Put,24600,38.4,14.1,14.9649,-109,5183,1954
28-Oct-2025,25860.45,Call,24900,1020.8,25.98,14.9649,-1153,9163,1942
25-Nov-2025,25860.45,Put,26300,468,11.42,14.9649,-106,2514,1878
25-Nov-2025,25860.45,Put,24200,25.2,15.59,14.9649,-180,2881,1826
31-Mar-2026,25860.45,Put,24000,134,14.91,14.9649,425,13813,1813
30-Dec-2025,25860.45,Put,23000,32.45,18.22,14.9649,-172.666666667,32728.3333333,1795
04-Nov-2025,25860.45,Put,25050,14.8,12.86,14.9649,141,694,1716
30-Dec-2025,25860.45,Put,26500,608,12,14.9649,116,4027,1621
11-Nov-2025,25860.45,Call,26800,31.35,11.04,14.9649,480,581,1607
04-Nov-2025,25860.45,Put,22850,2.3,28.83,14.9649,362,2524,1578
31-Mar-2026,25860.45,Put,25000,248.4,13.78,14.9649,324,13272,1530
04-Nov-2025,25860.45,Put,23000,2.65,27.88,14.9649,146,3638,1520
25-Nov-2025,25860.45,Call,27300,29.45,10.86,14.9649,549,549,1520
28-Oct-2025,25860.45,Put,22850,0.85,42.5,14.9649,172,444,1494
30-Dec-2025,25860.45,Put,21000,19.85,25.93,14.9649,224.333333333,20498.6666667,1457
04-Nov-2025,25860.45,Put,24750,8.75,14.72,14.9649,327,551,1447
11-Nov-2025,25860.45,Call,26100,186.4,10.43,14.9649,265,1384,1440
04-Nov-2025,25860.45,Put,24950,12.1,13.44,14.9649,62,573,1431
25-Nov-2025,25860.45,Put,23800,17.65,17.12,14.9649,208,3055,1426
04-Nov-2025,25860.45,Put,26400,490,9.12,14.9649,-367,575,1421
25-Nov-2025,25860.45,Call,25000,1112.3,10.38,14.9649,372,10799,1402
25-Nov-2025,25860.45,Put,27500,1449,14.01,14.9649,1277,2549,1392
04-Nov-2025,25860.45,Put,24300,4.75,17.66,14.9649,308,905,1368
30-Dec-2025,25860.45,Call,31000,8.25,16.86,14.9649,691.333333333,5104.66666667,1359
04-Nov-2025,25860.45,Call,27350,3,13.96,14.9649,362,1158,1326
11-Nov-2025,25860.45,Call,26700,40.7,10.88,14.9649,490,794,1299
25-Nov-2025,25860.45,Call,24000,2060,0,14.9649,1151,3186,1290
11-Nov-2025,25860.45,Put,25850,179.95,10.62,14.9649,231,480,1279
11-Nov-2025,25860.45,Put,25300,54.8,11.87,14.9649,101,1045,1274
11-Nov-2025,25860.45,Put,25200,43.75,12.17,14.9649,215,1268,1243
30-Dec-2025,25860.45,Put,25800,312.25,12.27,14.9649,54,2085,1217
28-Oct-2025,25860.45,Call,24000,1917.7,43.02,14.9649,-980,4980,1192
25-Nov-2025,25860.45,Put,23700,16.5,17.54,14.9649,-119,1532,1192
28-Oct-2025,25860.45,Call,25100,816.35,21.12,14.9649,-492,10643,1174
18-Nov-2025,25860.45,Call,27000,36.15,10.88,14.9649,26,738,1131
31-Mar-2026,25860.45,Put,26000,483,13.28,14.9649,178,12913,1112
28-Oct-2025,25860.45,Call,24650,1236.5,28.96,14.9649,-487,439,1083
11-Nov-2025,25860.45,Call,26650,47,10.88,14.9649,526,1200,1076
28-Oct-2025,25860.45,Call,25350,569.65,17.05,14.9649,-126,1553,1060
25-Nov-2025,25860.45,Put,25750,214.9,11.77,14.9649,58,943,1056
28-Oct-2025,25860.45,Put,26450,540.3,0,14.9649,-1,268,1018
11-Nov-2025,25860.45,Put,26100,287.9,9.76,14.9649,33,657,982
25-Nov-2025,25860.45,Put,22700,7.85,21.43,14.9649,-28,4419,972
04-Nov-2025,25860.45,Call,27250,3.7,13.59,14.9649,-8,441,952
04-Nov-2025,25860.45,Put,24850,10.05,14.1,14.9649,114,614,952
28-Oct-2025,25860.45,Call,23000,2911.65,64.63,14.9649,-788,8967,943
31-Mar-2026,25860.45,Call,27000,600,8.98,14.9649,-32,15532,941
25-Nov-2025,25860.45,Call,25850,450.05,10.51,14.9649,190,1233,926
25-Nov-2025,25860.45,Put,24100,22.35,15.95,14.9649,-188,1220,923
25-Nov-2025,25860.45,Call,26250,240.5,10.57,14.9649,159,773,915
04-Nov-2025,25860.45,Put,24100,3.75,18.97,14.9649,214,481,892
11-Nov-2025,25860.45,Call,25850,321.1,10.8,14.9649,215,438,871
30-Dec-2025,25860.45,Put,25200,163.9,12.76,14.9649,81,3209,847
25-Nov-2025,25860.45,Put,23900,19.6,16.84,14.9649,-67,2311,820
25-Nov-2025,25860.45,Put,26400,526.8,11.4,14.9649,143,1099,813
30-Dec-2025,25860.45,Call,25500,944.4,9.4,14.9649,71,5403,805
18-Nov-2025,25860.45,Put,25500,114.05,11.75,14.9649,300,851,800
30-Dec-2025,25860.45,Put,23500,37.8,16.35,14.9649,-91,4233,800
30-Dec-2025,25860.45,Call,25000,1360.35,8.96,14.9649,-83.6666666667,22534.3333333,799
30-Dec-2025,25860.45,Put,25700,278.35,12.3,14.9649,59,1878,799
31-Mar-2026,25860.45,Call,29000,117,9.78,14.9649,147,3430,792
25-Nov-2025,25860.45,Call,26150,285.85,10.35,14.9649,169,805,791
25-Nov-2025,25860.45,Put,24400,30.05,14.7,14.9649,66,4617,790
30-Dec-2025,25860.45,Put,24700,95.75,13.43,14.9649,50,1375,790
25-Nov-2025,25860.45,Call,26550,139.25,10.26,14.9649,85,792,762
25-Nov-2025,25860.45,Put,25950,288.15,11.41,14.9649,38,575,762
11-Nov-2025,25860.45,Put,24500,12.05,14.71,14.9649,6,863,750
28-Oct-2025,25860.45,Call,23500,2385.35,53.49,14.9649,-653,4511,748
04-Nov-2025,25860.45,Put,26250,368.4,9.32,14.9649,46,812,748
30-Dec-2025,25860.45,Put,20000,15.25,29.54,14.9649,-190,11732,746
30-Dec-2025,25860.45,Put,27000,935.3,12.37,14.9649,-13,11656,742
30-Dec-2025,25860.45,Put,25900,346,12.05,14.9649,-124,1009,723
11-Nov-2025,25860.45,Call,25950,264.2,10.98,14.9649,169,337,717
11-Nov-2025,25860.45,Put,25400,68.55,11.59,14.9649,46,719,705
11-Nov-2025,25860.45,Put,26200,353.55,10.14,14.9649,17,697,699
04-Nov-2025,25860.45,Call,27550,2.15,14.92,14.9649,231,692,689
31-Mar-2026,25860.45,Put,23000,84.9,16.69,14.9649,-141,6746,684
25-Nov-2025,25860.45,Put,25550,157.1,12.01,14.9649,127,701,657
25-Nov-2025,25860.45,Call,27150,39.8,10.75,14.9649,31,1920,655
11-Nov-2025,25860.45,Put,25750,146,10.72,14.9649,191,394,654
28-Oct-2025,25860.45,Call,25250,662.2,18.5,14.9649,-75,2797,652
25-Nov-2025,25860.45,Call,25300,854.5,11.26,14.9649,6,3654,650
25-Nov-2025,25860.45,Call,26750,90.5,10.39,14.9649,254,392,638
30-Dec-2025,25860.45,Call,26200,492,9.63,14.9649,-155,1692,613
25-Nov-2025,25860.45,Put,26050,335,11.48,14.9649,97,622,603
04-Nov-2025,25860.45,Put,24550,6.85,16.1,14.9649,-162,175,599
11-Nov-2025,25860.45,Put,25950,216.35,10.19,14.9649,93,337,596
04-Nov-2025,25860.45,Call,25300,680.05,13.84,14.9649,165,1158,593
11-Nov-2025,25860.45,Call,26450,79.8,10.51,14.9649,89,425,587
18-Nov-2025,25860.45,Put,25800,199.35,11.29,14.9649,15,374,580
04-Nov-2025,25860.45,Call,25400,605.2,14.13,14.9649,137,1068,577
11-Nov-2025,25860.45,Call,26250,129.6,10.37,14.9649,99,467,572
04-Nov-2025,25860.45,Call,27650,2.15,15.69,0,0,352,570
30-Dec-2025,25860.45,Put,25100,146.7,12.82,14.9649,281,1229,567
18-Nov-2025,25860.45,Call,26500,108.75,10.39,14.9649,58,461,566
25-Nov-2025,25860.45,Put,25450,134.65,12.16,14.9649,182,645,565
25-Nov-2025,25860.45,Put,24300,27,15.11,14.9649,77,4627,565
11-Nov-2025,25860.45,Call,26350,102,10.71,14.9649,196,516,561
28-Oct-2025,25860.45,Call,24500,1407.9,34.06,14.9649,-128,12779,550
25-Nov-2025,25860.45,Call,23500,2546,0,14.9649,483,961,531
25-Nov-2025,25860.45,Call,26050,333.8,10.39,14.9649,56,593,530
25-Nov-2025,25860.45,Call,25600,618.3,10.72,14.9649,71,2413,514
31-Mar-2026,25860.45,Call,30000,58.7,10.82,14.9649,91,3083,509
30-Dec-2025,25860.45,Put,25400,200.35,12.45,14.9649,49,2427,500
11-Nov-2025,25860.45,Call,27500,7,13,14.9649,189,743,499
25-Nov-2025,25860.45,Call,25200,932.5,11.06,14.9649,197,5038,496
04-Nov-2025,25860.45,Call,25650,383,12,14.9649,114,376,488
18-Nov-2025,25860.45,Put,26000,281.65,10.76,14.9649,86,408,480
11-Nov-2025,25860.45,Put,25100,36.05,12.49,14.9649,78,905,479
30-Dec-2025,25860.45,Put,24900,118,13.09,14.9649,115,3601,478
04-Nov-2025,25860.45,Call,25000,970,15.83,14.9649,307,1034,474
30-Dec-2025,25860.45,Put,28000,1775,14.67,14.9649,72,11299.3333333,471
25-Nov-2025,25860.45,Call,26850,70.3,10.4,14.9649,-42,347,466
30-Dec-2025,25860.45,Put,25600,251,12.41,14.9649,111,1169,463
31-Mar-2026,25860.45,Call,26000,1161.55,8.31,14.9649,5,10628,461
04-Nov-2025,25860.45,Call,25200,773.05,14,14.9649,265,1325,460
11-Nov-2025,25860.45,Call,26150,164.25,10.66,14.9649,37,361,460
25-Nov-2025,25860.45,Call,26450,167.85,10.22,14.9649,-67,378,458
25-Nov-2025,25860.45,Call,26350,193.95,10.26,14.9649,-9,332,450
25-Nov-2025,25860.45,Call,25950,388.6,10.45,14.9649,-11,394,448
04-Nov-2025,25860.45,Put,24250,4.65,18.01,14.9649,142,263,432
28-Oct-2025,25860.45,Put,26600,691,0,14.9649,-84,2329,422
28-Oct-2025,25860.45,Call,24700,1214.35,29.44,14.9649,-17,13874,418
18-Nov-2025,25860.45,Call,26000,304.75,10.94,14.9649,94,362,413
11-Nov-2025,25860.45,Put,24000,7.3,17.36,14.9649,192,776,410
11-Nov-2025,25860.45,Call,25600,497.55,11.27,14.9649,283,428,409
18-Nov-2025,25860.45,Put,25000,47.95,12.86,14.9649,3,795,409
04-Nov-2025,25860.45,Put,24650,7.65,15.51,14.9649,12,188,407
18-Nov-2025,25860.45,Put,25900,230,10.96,14.9649,-23,226,398
30-Dec-2025,25860.45,Call,26800,242,9.6,14.9649,44,359,394
11-Nov-2025,25860.45,Call,26550,59.95,10.7,14.9649,155,286,393
11-Nov-2025,25860.45,Call,25500,572.55,12.22,14.9649,153,1181,391
11-Nov-2025,25860.45,Call,26750,34.05,10.91,14.9649,-33,450,387
11-Nov-2025,25860.45,Put,24800,19.5,13.59,14.9649,97,499,382
30-Dec-2025,25860.45,Call,27300,118.2,9.76,14.9649,156,215,379
25-Nov-2025,25860.45,Call,23000,3030,0,14.9649,270,4333,367
11-Nov-2025,25860.45,Call,26950,23.65,11.7,14.9649,-22,804,366
30-Dec-2025,25860.45,Call,26700,273.15,9.76,14.9649,51,1090,364
28-Oct-2025,25860.45,Call,24950,963.8,25.95,14.9649,-52,367,361
04-Nov-2025,25860.45,Put,24350,5,17.52,14.9649,-9,130,361
11-Nov-2025,25860.45,Call,25700,418.05,11.63,14.9649,0,259,346
04-Nov-2025,25860.45,Put,24050,3.5,19.54,14.9649,83,146,343
11-Nov-2025,25860.45,Put,25650,118.15,10.91,14.9649,81,290,343
11-Nov-2025,25860.45,Put,26050,267,10.31,14.9649,1,281,343
28-Oct-2025,25860.45,Put,26550,642.55,0,14.9649,-14,109,338
25-Nov-2025,25860.45,Call,26650,115,10.44,14.9649,89,177,330
30-Jun-2026,25860.45,Put,25000,309,14.23,14.9649,103,2998,329
30-Dec-2025,25860.45,Put,24200,61.6,14.8,14.9649,-37,2575,325
25-Nov-2025,25860.45,Put,25250,96.5,12.48,14.9649,60,603,318
31-Mar-2026,25860.45,Put,27000,883.5,13.06,14.9649,74,5074,317
31-Mar-2026,25860.45,Put,22000,59.15,18.71,14.9649,-74,5488,307
25-Nov-2025,25860.45,Put,24950,62.15,13.13,14.9649,-48,509,302
25-Nov-2025,25860.45,Call,25400,768.95,10.71,14.9649,44,2027,299
30-Jun-2026,25860.45,Put,27000,890,13.93,14.9649,44,2658,299
25-Nov-2025,25860.45,Call,24500,1566.3,11.16,14.9649,105,1628,294
30-Dec-2025,25860.45,Call,26900,209.35,9.71,14.9649,30,173,291
11-Nov-2025,25860.45,Put,25350,59.7,11.76,14.9649,25,392,286
18-Nov-2025,25860.45,Put,25600,141.25,11.41,14.9649,40,255,286
04-Nov-2025,25860.45,Put,26350,446.05,8.31,14.9649,33,190,284
28-Oct-2025,25860.45,Call,25150,764.8,21.95,14.9649,-115,1645,282
04-Nov-2025,25860.45,Call,25550,464.05,12.31,14.9649,92,247,281
25-Nov-2025,25860.45,Put,25350,112.4,12.29,14.9649,-6,366,280
04-Nov-2025,25860.45,Put,23900,3.65,20.66,14.9649,45,146,277
11-Nov-2025,25860.45,Call,25200,798.7,11.05,14.9649,194,318,271
30-Dec-2025,25860.45,Call,26300,444.35,9.83,14.9649,41,391,270
04-Nov-2025,25860.45,Call,27450,2.25,14.35,14.9649,82,806,269
30-Dec-2025,25860.45,Put,26200,464.95,11.95,14.9649,-14,571,265
11-Nov-2025,25860.45,Put,26300,418.1,10.28,14.9649,90,609,262
11-Nov-2025,25860.45,Put,25550,91.3,11.02,14.9649,-22,133,261
18-Nov-2025,25860.45,Call,26100,260,10.82,14.9649,-42,120,255
04-Nov-2025,25860.45,Put,24450,5.5,16.89,14.9649,82,138,253
11-Nov-2025,25860.45,Call,26050,215,10.67,14.9649,9,373,250
18-Nov-2025,25860.45,Call,26400,137.2,10.62,14.9649,58,141,248
30-Dec-2025,25860.45,Call,26400,391.9,9.63,14.9649,-7,452,248
30-Dec-2025,25860.45,Call,25800,735,9.79,14.9649,38,908,245
11-Nov-2025,25860.45,Put,26500,561.8,9.64,14.9649,18,651,241
25-Nov-2025,25860.45,Call,26950,59.95,10.37,14.9649,71,184,240
30-Dec-2025,25860.45,Call,23000,3200,0,14.9649,98,8517.66666667,239
11-Nov-2025,25860.45,Put,25250,47.95,12.21,14.9649,55,258,238
25-Nov-2025,25860.45,Put,25650,182.85,11.89,14.9649,4,908,236
28-Oct-2025,25860.45,Call,24850,1063.6,31.49,14.9649,-60,471,235
30-Dec-2025,25860.45,Call,26600,307.25,9.7,14.9649,-17,565,235
30-Dec-2025,25860.45,Put,24600,86.85,13.62,14.9649,147,1630,234
11-Nov-2025,25860.45,Put,26400,514.85,10.51,14.9649,148,572,232
18-Nov-2025,25860.45,Put,25700,170,11.43,14.9649,62,207,232
11-Nov-2025,25860.45,Put,25450,74.7,11.49,14.9649,-4,225,230
25-Nov-2025,25860.45,Put,24550,36.1,14.22,14.9649,26,371,228
18-Nov-2025,25860.45,Call,26600,86.1,10.41,14.9649,21,318,219
30-Dec-2025,25860.45,Call,24000,2260,0,14.9649,-4,12342.6666667,218
30-Dec-2025,25860.45,Call,26100,549.85,9.68,14.9649,14,1240,208
30-Jun-2026,25860.45,Put,23000,109,15.74,14.9649,-16,1792,206
04-Nov-2025,25860.45,Call,24700,1257.7,18.23,14.9649,188,222,202
11-Nov-2025,25860.45,Put,25150,47.3,12.83,14.9649,53,513,202
30-Dec-2025,25860.45,Call,25900,674.15,9.93,14.9649,38,314,201
30-Dec-2025,25860.45,Put,18000,9.65,36.69,14.9649,135,2366.66666667,198
11-Nov-2025,25860.45,Call,27300,10.05,12.4,14.9649,134,134,196
11-Nov-2025,25860.45,Call,27150,15.95,12.34,14.9649,13,120,196
25-Nov-2025,25860.45,Put,26150,380.5,11.33,14.9649,-37,269,196
04-Nov-2025,25860.45,Put,23650,3.7,23.03,14.9649,24,95,194
25-Nov-2025,25860.45,Put,24850,54.2,13.32,14.9649,72,581,194
25-Nov-2025,25860.45,Call,25750,520.6,10.96,14.9649,97,489,193
30-Dec-2025,25860.45,Call,24500,1800,0,14.9649,-75,602,191
30-Dec-2025,25860.45,Put,24300,65,14.15,14.9649,75,2074,191
11-Nov-2025,25860.45,Put,26150,325.55,9.59,14.9649,-7,234,187
30-Dec-2025,25860.45,Call,25700,788.85,9.52,14.9649,7,560,187
18-Nov-2025,25860.45,Call,26200,205.4,10.58,14.9649,41,130,184
25-Nov-2025,25860.45,Put,26600,675,11.38,14.9649,5,249,182
11-Nov-2025,25860.45,Call,27250,11.35,12.23,14.9649,48,204,180
11-Nov-2025,25860.45,Put,23500,4.7,20.04,14.9649,26,554,179
04-Nov-2025,25860.45,Call,25450,540.85,13.35,14.9649,35,262,178
11-Nov-2025,25860.45,Put,24900,24.25,13.59,14.9649,29,270,176
25-Nov-2025,25860.45,Put,25150,84.05,12.66,14.9649,26,820,176
25-Nov-2025,25860.45,Put,24750,46.95,13.6,14.9649,11,629,176
02-Dec-2025,25860.45,Put,26000,334.4,11.61,14.9649,-60,64,176
25-Nov-2025,25860.45,Put,25050,70.95,12.86,14.9649,30,387,175
28-Oct-2025,25860.45,Call,24750,1175,31.74,14.9649,6,4762,172
18-Nov-2025,25860.45,Call,27150,32.85,11.05,14.9649,129,129,172
25-Nov-2025,25860.45,Put,24650,40,13.89,14.9649,55,483,170
04-Nov-2025,25860.45,Put,26600,660,0,14.9649,-60,341,169
30-Dec-2025,25860.45,Call,27100,158.25,9.84,14.9649,19,190,166
11-Nov-2025,25860.45,Call,25750,395.9,10.93,14.9649,4,181,163
30-Dec-2025,25860.45,Put,19000,11.85,33.31,14.9649,64,5265.33333333,162
04-Nov-2025,25860.45,Put,23700,3.4,22.52,14.9649,-5,350,160
11-Nov-2025,25860.45,Call,27400,9,12.84,14.9649,-4,303,158
25-Nov-2025,25860.45,Put,23400,15.75,19.28,14.9649,16,555,158
11-Nov-2025,25860.45,Call,27600,6.9,13.21,14.9649,54,121,157
28-Oct-2025,25860.45,Put,26650,741.95,18,14.9649,4,87,156
30-Dec-2025,25860.45,Put,23800,49,15.71,14.9649,-61,1611,156
30-Jun-2026,25860.45,Put,26000,530,13.93,14.9649,38,2877,152
30-Dec-2025,25860.45,Put,26300,518.8,11.9,14.9649,-8,460,152
25-Nov-2025,25860.45,Put,22800,9.65,21.45,14.9649,79,469,151
30-Dec-2025,25860.45,Put,24100,56.7,14.67,14.9649,96,2019,148
31-Mar-2026,25860.45,Put,28000,1529.95,13.76,14.9649,91,1690,147
25-Nov-2025,25860.45,Put,26250,438.4,11.14,14.9649,-12,587,146
28-Oct-2025,25860.45,Put,26800,886.75,0,14.9649,-48,729,144
28-Oct-2025,25860.45,Call,25050,863.8,26.41,14.9649,-65,697,144
31-Mar-2026,25860.45,Call,25000,1897.6,0,14.9649,47,4920,142
25-Nov-2025,25860.45,Put,22750,9.3,21.63,14.9649,52,166,141
30-Dec-2025,25860.45,Call,27050,171,9.73,14.9649,-5,83,141
04-Nov-2025,25860.45,Put,22900,2.4,28.52,14.9649,18,348,138
18-Nov-2025,25860.45,Put,25850,220.5,11.17,14.9649,23,94,138
28-Oct-2025,25860.45,Put,26700,791.6,0,14.9649,0,291,136
28-Oct-2025,25860.45,Call,24600,1326.65,32.58,14.9649,-44,4888,135
18-Nov-2025,25860.45,Call,26300,170,10.3,14.9649,25,124,135
29-Dec-2026,25860.45,Put,26000,745,17.01,14.9649,54,2385.33333333,134
11-Nov-2025,25860.45,Put,25050,32.3,12.63,14.9649,33,137,130
18-Nov-2025,25860.45,Call,25800,422.35,10.75,14.9649,16,115,130
30-Jun-2026,25860.45,Call,27000,979.6,7.29,14.9649,42,4951,129
18-Nov-2025,25860.45,Call,25900,360,10.63,14.9649,8,93,128
30-Dec-2025,25860.45,Put,26100,417.25,12.08,14.9649,-33,490,128
25-Nov-2025,25860.45,Put,22900,9.2,20.96,14.9649,-1,218,124
25-Nov-2025,25860.45,Put,24350,33,15.33,14.9649,16,309,124
11-Nov-2025,25860.45,Put,24700,17.95,14.19,14.9649,11,279,122
25-Nov-2025,25860.45,Put,23200,12.05,19.69,14.9649,18,459,122
18-Nov-2025,25860.45,Put,26100,330.85,10.69,14.9649,20,107,120
18-Nov-2025,25860.45,Call,27500,13.7,12.1,14.9649,37,246,118
18-Nov-2025,25860.45,Put,25400,102.4,11.86,14.9649,45,75,118
11-Nov-2025,25860.45,Put,24400,13,15.73,14.9649,47,84,115
25-Nov-2025,25860.45,Call,27050,46.95,10.49,14.9649,38,116,114
18-Nov-2025,25860.45,Call,25700,490,10.92,14.9649,47,115,112
04-Nov-2025,25860.45,Put,23100,2.8,27.1,14.9649,30,97,110
18-Nov-2025,25860.45,Put,25200,70.95,12.67,14.9649,30,75,110
04-Nov-2025,25860.45,Call,24800,1145,16.8,14.9649,93,331,109
25-Nov-2025,25860.45,Call,25650,584.4,10.58,14.9649,10,377,105
30-Dec-2025,25860.45,Put,24400,74.2,14.04,14.9649,-3,1767,102
18-Nov-2025,25860.45,Put,24800,37.25,13.64,14.9649,38,81,101
25-Nov-2025,25860.45,Put,23600,16.55,18.19,14.9649,19,532,101
30-Jun-2026,25860.45,Call,26000,1612.6,3.49,14.9649,19,1829.66666667,100
30-Dec-2025,25860.45,Call,22000,4195,0,14.9649,-21.6666666667,6052.33333333,97
18-Nov-2025,25860.45,Put,24600,25,14.35,14.9649,32,63,95
29-Dec-2026,25860.45,Put,25000,534.95,17.29,14.9649,31,3882.66666667,95
18-Nov-2025,25860.45,Put,26200,371.8,10.93,14.9649,-24,67,92
11-Nov-2025,25860.45,Put,26250,390.15,9.7,14.9649,18,252,91
25-Nov-2025,25860.45,Call,24700,1378.65,11.61,14.9649,35,718,91
25-Nov-2025,25860.45,Put,26800,835,11.32,14.9649,17,96,89
30-Dec-2025,25860.45,Call,25850,707,9.55,14.9649,-21,70,88
30-Jun-2026,25860.45,Call,30000,164,9.35,14.9649,26,676,88
11-Nov-2025,25860.45,Call,27050,17.9,11.77,14.9649,16,114,86
11-Nov-2025,25860.45,Put,24200,8.6,16.37,14.9649,21,317,86
11-Nov-2025,25860.45,Put,24600,14.05,14.73,14.9649,16,240,85
11-Nov-2025,25860.45,Put,24850,27,13.91,14.9649,45,132,85
18-Nov-2025,25860.45,Put,25100,58.25,12.58,14.9649,-8,52,85
25-Nov-2025,25860.45,Put,24450,32.45,14.56,14.9649,28,269,84
31-Mar-2026,25860.45,Put,21000,44.5,21.11,14.9649,29,1724,83
30-Dec-2025,25860.45,Call,20000,6089.2,0,14.9649,-70,4883.33333333,82
30-Dec-2025,25860.45,Put,25950,366,12.04,14.9649,-2,178,81
30-Dec-2025,25860.45,Put,25850,327.7,12.24,14.9649,-32,235,81
18-Nov-2025,25860.45,Put,25950,252,11.34,14.9649,66,84,80
18-Nov-2025,25860.45,Put,25300,80.25,12.18,14.9649,12,100,78
30-Dec-2025,25860.45,Call,25600,858.1,9.45,14.9649,-1,409,78
31-Mar-2026,25860.45,Put,20000,34.15,23.47,14.9649,51,1119,78
18-Nov-2025,25860.45,Call,26750,61.3,10.62,14.9649,10,64,77
25-Nov-2025,25860.45,Put,26350,524.35,12.01,14.9649,-6,158,76
25-Nov-2025,25860.45,Put,23100,11.65,20.2,14.9649,12,134,76
30-Dec-2025,25860.45,Put,29000,2757.85,19.03,14.9649,2,8693.33333333,75
28-Oct-2025,25860.45,Call,22800,3065,0,14.9649,-45,1163,74
25-Nov-2025,25860.45,Put,24150,25.4,15.86,14.9649,22,126,74
18-Nov-2025,25860.45,Put,25750,188.65,11.37,14.9649,-8,69,73
18-Nov-2025,25860.45,Call,25600,552,11.01,14.9649,37,91,71
25-Nov-2025,25860.45,Put,26700,747.1,11.29,14.9649,11,357,71
30-Dec-2025,25860.45,Put,24250,61.85,14.29,14.9649,0,40,71
04-Nov-2025,25860.45,Put,27000,1050,0,14.9649,9,147,70
30-Dec-2025,25860.45,Put,26400,559.8,12.18,14.9649,-6,321,70
18-Nov-2025,25860.45,Put,24000,14.95,16.96,14.9649,32,124,69
30-Dec-2025,25860.45,Put,25250,173.75,12.84,14.9649,8,165,69
25-Nov-2025,25860.45,Put,24050,22.5,16.15,14.9649,19,95,68
25-Nov-2025,25860.45,Put,23300,12.5,19.18,14.9649,3,531,67
04-Nov-2025,25860.45,Call,24500,1460,20.12,14.9649,50,89,66
18-Nov-2025,25860.45,Call,27400,17.75,12.06,14.9649,50,50,66
18-Nov-2025,25860.45,Call,26050,280.3,10.68,14.9649,12,82,64
02-Dec-2025,25860.45,Put,25800,260,12.15,14.9649,28,93,64
30-Dec-2025,25860.45,Put,25750,299.7,12.21,14.9649,-12,227,64
04-Nov-2025,25860.45,Put,23400,2.55,24.22,14.9649,1,76,63
11-Nov-2025,25860.45,Call,27450,7.9,12.97,14.9649,16,33,63
18-Nov-2025,25860.45,Call,27600,13.2,12.66,14.9649,45,46,63
29-Dec-2026,25860.45,Call,28000,1305,6.61,14.9649,-15,1106,63
04-Nov-2025,25860.45,Put,23950,4,20.45,14.9649,-17,9,62
02-Dec-2025,25860.45,Call,27550,34.05,11.42,14.9649,50,51,61
18-Nov-2025,25860.45,Call,25850,388.1,10.9,14.9649,8,36,60
18-Nov-2025,25860.45,Put,26300,442.15,10.35,14.9649,-25,26,59
18-Nov-2025,25860.45,Put,25650,151,11.48,14.9649,14,67,59
04-Nov-2025,25860.45,Call,25350,629.7,14.1,14.9649,5,278,58
18-Nov-2025,25860.45,Put,26050,301.5,11.28,14.9649,18,86,58
28-Oct-2025,25860.45,Put,26750,869.6,0,14.9649,-1,53,57
18-Nov-2025,25860.45,Put,26500,635.3,12.68,14.9649,34,44,57
25-Nov-2025,25860.45,Call,25550,644.7,10.74,14.9649,-20,243,57
25-Nov-2025,25860.45,Put,22850,10.4,21.38,14.9649,28,64,57
30-Dec-2025,25860.45,Call,24800,1532.6,7.13,14.9649,34,219,57
11-Nov-2025,25860.45,Put,26600,667.85,9.9,14.9649,8,100,56
04-Nov-2025,25860.45,Call,24850,1092,17,14.9649,50,62,55
25-Nov-2025,25860.45,Put,26550,619.4,11.36,14.9649,0,15,55
30-Dec-2025,25860.45,Call,26950,195.9,9.73,14.9649,2,54,55
29-Dec-2026,25860.45,Put,27000,1017.1,16.62,14.9649,15,1176,55
18-Nov-2025,25860.45,Put,25150,63.85,12.47,14.9649,4,29,53
25-Nov-2025,25860.45,Call,25100,1025,10.97,14.9649,30,874,53
30-Dec-2025,25860.45,Put,24750,109,13.59,14.9649,-13,62,52
29-Dec-2026,25860.45,Put,24000,362,17.47,14.9649,36,1510,52
04-Nov-2025,25860.45,Put,23300,2.9,25.51,14.9649,-11,104,51
30-Dec-2025,25860.45,Put,24850,119.45,13.39,14.9649,-8,89,51
04-Nov-2025,25860.45,Put,23350,3.05,25.21,14.9649,11,52,50
18-Nov-2025,25860.45,Put,24700,28.7,13.88,14.9649,24,110,50
30-Dec-2025,25860.45,Put,30000,3745.85,23.82,14.9649,11,2786.66666667,50
04-Nov-2025,25860.45,Put,26450,529,7.16,14.9649,-18,74,49
30-Dec-2025,25860.45,Call,25950,609,9.15,14.9649,6,74,49
30-Dec-2025,25860.45,Call,26650,287.25,9.67,14.9649,-6,52,48
29-Dec-2026,25860.45,Call,31000,345,8.36,14.9649,-18,410,48
30-Dec-2025,25860.45,Put,23700,47.35,16.1,14.9649,-10,713,47
11-Nov-2025,25860.45,Put,26350,466.35,9.92,14.9649,17,163,46
18-Nov-2025,25860.45,Call,25950,337.25,11.11,14.9649,4,40,46
28-Oct-2025,25860.45,Call,24300,1606.25,41.97,14.9649,-33,514,45
28-Oct-2025,25860.45,Put,26850,982.4,17.11,14.9649,-5,32,45
29-Dec-2026,25860.45,Put,28000,1380,16.67,14.9649,12,1038,45
30-Dec-2025,25860.45,Call,23500,2710,0,14.9649,42,43,44
04-Nov-2025,25860.45,Call,24900,1060.5,18.86,14.9649,27,278,43
04-Nov-2025,25860.45,Put,26800,868.05,0,14.9649,-1,81,42
02-Dec-2025,25860.45,Put,25500,179,12.48,14.9649,33,42,42
30-Dec-2025,25860.45,Put,26600,672.45,12.29,14.9649,-23,108,42
29-Dec-2026,25860.45,Put,23000,270.5,18.37,14.9649,0,1177.33333333,42
04-Nov-2025,25860.45,Call,24000,1961,25.08,14.9649,34,120,41
18-Nov-2025,25860.45,Call,25750,438.7,10.63,14.9649,32,48,41
30-Dec-2025,25860.45,Put,26750,790.7,12.45,14.9649,35,38,41
30-Dec-2025,25860.45,Put,25650,266.3,12.46,14.9649,-20,204,41
30-Dec-2025,25860.45,Put,26050,417,12.27,14.9649,-34,148,41
28-Oct-2025,25860.45,Call,24400,1515,34.4,14.9649,-10,405,40
04-Nov-2025,25860.45,Put,23600,3.35,23.2,14.9649,19,138,40
11-Nov-2025,25860.45,Call,25650,463.3,11.03,14.9649,-7,26,40
30-Dec-2025,25860.45,Call,26850,223.1,9.74,14.9649,9,47,40
30-Dec-2025,25860.45,Put,24650,92.5,13.75,14.9649,-13,63,40
04-Nov-2025,25860.45,Call,25250,675,8.96,14.9649,-7,103,39
30-Dec-2025,25860.45,Put,25550,247,12.49,14.9649,-10,162,39
28-Oct-2025,25860.45,Put,26900,1005.8,0,14.9649,-13,80,38
18-Nov-2025,25860.45,Call,27050,30.5,10.95,14.9649,7,7,38
31-Mar-2026,25860.45,Put,29000,2335.85,15.86,14.9649,20,195,38
04-Nov-2025,25860.45,Put,23750,3.55,21.98,14.9649,-13,19,37
11-Nov-2025,25860.45,Call,24500,1474.05,12.29,14.9649,0,4,37
25-Nov-2025,25860.45,Call,24900,1180,10.18,14.9649,0,831,37
30-Dec-2025,25860.45,Call,26750,253.05,9.66,14.9649,1,138,37
11-Nov-2025,25860.45,Put,24950,27.45,12.98,14.9649,10,114,36
30-Jun-2026,25860.45,Put,21000,58.55,19.15,14.9649,30,4886,36
04-Nov-2025,25860.45,Put,23250,2.6,25.63,14.9649,26,44,35
18-Nov-2025,25860.45,Put,23500,8.5,18.8,14.9649,13,62,35
30-Jun-2026,25860.45,Put,22000,77,17.38,14.9649,-3,472,35
28-Oct-2025,25860.45,Call,24100,1810,42.81,14.9649,-14,158,34
30-Dec-2025,25860.45,Put,26150,438.7,11.98,14.9649,-23,118,34
18-Nov-2025,25860.45,Put,24900,43.3,13.3,14.9649,6,102,33
02-Dec-2025,25860.45,Put,25700,222,12.39,14.9649,0,30,33
30-Dec-2025,25860.45,Call,26450,367.9,9.68,14.9649,-4,40,33
18-Nov-2025,25860.45,Call,25650,512.45,10.96,14.9649,18,23,32
02-Dec-2025,25860.45,Call,26000,420.55,10.35,14.9649,10,43,32
30-Dec-2025,25860.45,Call,25400,988.25,8.66,14.9649,-4,261,32
29-Dec-2026,25860.45,Call,26000,2500,0,14.9649,14,701,32
18-Nov-2025,25860.45,Call,26950,42.2,11.03,14.9649,6,25,31
18-Nov-2025,25860.45,Put,25550,132.85,11.67,14.9649,6,32,31
18-Nov-2025,25860.45,Put,24500,22.2,14.53,14.9649,1,112,31
02-Dec-2025,25860.45,Call,26700,132.2,10.17,14.9649,17,34,31
30-Dec-2025,25860.45,Put,23400,32.95,16.03,14.9649,-1,1608,31
31-Mar-2026,25860.45,Call,24000,2718,0,14.9649,-3,1808,31
02-Dec-2025,25860.45,Put,25400,155.5,12.59,14.9649,24,24,30
25-Nov-2025,25860.45,Put,27600,1612.1,17.51,14.9649,24,30,29
02-Dec-2025,25860.45,Put,24500,44.1,13.99,14.9649,12,67,29
30-Dec-2025,25860.45,Put,26700,751.7,12.25,14.9649,4,70,29
30-Dec-2025,25860.45,Put,26250,502,12.15,14.9649,-20,124,29
30-Dec-2025,25860.45,Put,24550,81.75,13.57,14.9649,-14,76,28
04-Nov-2025,25860.45,Call,24750,1222,20.49,14.9649,10,20,27
30-Dec-2025,25860.45,Put,27500,1320,12.59,14.9649,11,98,27
29-Dec-2026,25860.45,Call,30000,572,8.12,14.9649,6,1012,27
25-Nov-2025,25860.45,Call,25450,726.95,11.09,14.9649,1,186,26
25-Nov-2025,25860.45,Call,24600,1487.95,8.29,14.9649,-3,524,26
29-Dec-2026,25860.45,Call,27000,1885,4.56,14.9649,-6,1186,26
25-Nov-2025,25860.45,Call,24400,1615,0,14.9649,5,92,25
30-Dec-2025,25860.45,Call,26250,464.65,9.73,14.9649,-6,122,25
28-Oct-2025,25860.45,Call,23700,2185,46.69,14.9649,-20,23,24
28-Oct-2025,25860.45,Call,24200,1693.2,0,14.9649,-13,293,24
04-Nov-2025,25860.45,Put,26700,757,0,14.9649,2,153,24
18-Nov-2025,25860.45,Call,25200,876.5,11.5,14.9649,21,21,24
18-Nov-2025,25860.45,Put,24300,21,15.78,14.9649,13,19,24
25-Nov-2025,25860.45,Put,26900,901.45,11.69,14.9649,8,57,24
25-Nov-2025,25860.45,Call,24800,1280.75,11.05,14.9649,-7,1072,24
02-Dec-2025,25860.45,Put,25450,161.75,12.34,14.9649,21,21,23
30-Dec-2025,25860.45,Call,25300,1104.7,9.95,14.9649,-2,709,23
30-Dec-2025,25860.45,Put,26900,854.55,11.67,14.9649,17,19,23
30-Dec-2025,25860.45,Put,24150,63.7,14.83,14.9649,-11,29,23
30-Dec-2025,25860.45,Put,23100,31,17.5,14.9649,-1,84,23
04-Nov-2025,25860.45,Put,23200,2.5,26.31,14.9649,1,87,22
18-Nov-2025,25860.45,Call,25100,964.35,12.11,14.9649,7,8,22
18-Nov-2025,25860.45,Call,26250,182.65,10.43,14.9649,3,31,22
02-Dec-2025,25860.45,Put,25550,185.45,12.19,14.9649,20,20,22
02-Dec-2025,25860.45,Call,26800,107.95,10.11,14.9649,2,34,22
29-Dec-2026,25860.45,Put,21000,130.05,19.67,14.9649,0,549.666666667,22
11-Nov-2025,25860.45,Put,24300,10.7,16.02,14.9649,-8,107,21
18-Nov-2025,25860.45,Put,24950,45.45,13.03,14.9649,-15,6,21
02-Dec-2025,25860.45,Call,26600,155,10.04,14.9649,17,17,21
25-Nov-2025,25860.45,Put,24250,29.1,15.61,14.9649,3,128,21
02-Dec-2025,25860.45,Put,25350,141.75,12.54,14.9649,20,20,21
02-Dec-2025,25860.45,Put,25950,312.75,11.75,14.9649,10,15,20
25-Nov-2025,25860.45,Put,27200,1236.7,15.47,14.9649,13,96,20
02-Dec-2025,25860.45,Put,25300,131.85,12.6,14.9649,18,18,19
28-Oct-2025,25860.45,Put,27100,1237.45,24.1,14.9649,-1,90,18
04-Nov-2025,25860.45,Put,22950,2.75,28.52,14.9649,2,25,18
11-Nov-2025,25860.45,Call,25100,950,16.26,14.9649,-8,29,18
02-Dec-2025,25860.45,Call,26500,195,10.25,14.9649,3,11,18
30-Jun-2026,25860.45,Call,25000,2313.1,0,14.9649,7,478,18
29-Dec-2026,25860.45,Call,29000,868,7.44,14.9649,3,758,18
28-Oct-2025,25860.45,Call,22600,3265,0,14.9649,-14,159,17
28-Oct-2025,25860.45,Call,23300,2552,0,14.9649,-10,45,17
04-Nov-2025,25860.45,Call,24950,970,10.7,14.9649,9,45,17
18-Nov-2025,25860.45,Put,25250,81.9,12.55,14.9649,-7,20,17
30-Dec-2025,25860.45,Call,26550,311.95,9.36,14.9649,-3,29,17
11-Nov-2025,25860.45,Put,24650,18.65,14.61,14.9649,14,44,16
11-Nov-2025,25860.45,Put,23850,5.6,17.87,14.9649,-4,23,16
18-Nov-2025,25860.45,Call,26450,121.05,10.32,14.9649,6,18,16
30-Dec-2025,25860.45,Put,25450,218.8,12.49,14.9649,7,387,16
04-Nov-2025,25860.45,Put,26900,940,0,14.9649,7,13,15
11-Nov-2025,25860.45,Call,25000,1016.6,12.84,14.9649,3,156,15
18-Nov-2025,25860.45,Put,25450,115,12.05,14.9649,9,41,15
25-Nov-2025,25860.45,Put,27150,1095.8,9.46,14.9649,-8,5,15
18-Nov-2025,25860.45,Call,26550,100.65,9.91,14.9649,3,15,14
28-Oct-2025,25860.45,Put,27500,1643.6,33.41,14.9649,-4,39,13
11-Nov-2025,25860.45,Call,25550,536.65,11.12,14.9649,2,19,13
11-Nov-2025,25860.45,Put,26450,513.9,12.31,14.9649,-4,34,13
18-Nov-2025,25860.45,Put,25050,61.2,13.27,14.9649,3,10,13
18-Nov-2025,25860.45,Call,26350,155.7,10.46,14.9649,5,28,13
18-Nov-2025,25860.45,Call,25550,602.9,10.97,14.9649,11,15,13
25-Nov-2025,25860.45,Call,25050,1019.65,7.73,14.9649,-2,123,13
02-Dec-2025,25860.45,Put,25900,308.4,12.15,14.9649,8,13,13
30-Dec-2025,25860.45,Call,26350,425,9.61,14.9649,-1,27,13
25-Nov-2025,25860.45,Call,22800,3209.4,0,14.9649,8,37,12
25-Nov-2025,25860.45,Put,26450,570.95,11.39,14.9649,1,67,12
25-Nov-2025,25860.45,Call,24950,1101.15,0,14.9649,1,123,12
30-Jun-2026,25860.45,Call,28000,565,7.78,14.9649,3,7,12
28-Oct-2025,25860.45,Put,27400,1527,0,14.9649,-4,93,11
25-Nov-2025,25860.45,Call,24200,1806.8,0,14.9649,-1,134,11
30-Dec-2025,25860.45,Put,24950,133.5,13.28,14.9649,2,92,11
30-Jun-2026,25860.45,Call,24000,3075.6,0,14.9649,2,62,11
25-Nov-2025,25860.45,Call,23300,2763,20.41,14.9649,7,11,10
25-Nov-2025,25860.45,Call,25250,845,8.65,14.9649,4,148,10
02-Dec-2025,25860.45,Put,26200,408.8,10.89,14.9649,1,24,10
30-Dec-2025,25860.45,Put,27300,1200,13.35,14.9649,0,10,10
25-Nov-2025,25860.45,Call,25350,819.5,11.79,14.9649,-3,186,9
30-Dec-2025,25860.45,Call,25200,1175.65,9.53,14.9649,3,821,9
30-Dec-2025,25860.45,Put,25350,203.25,12.78,14.9649,5,85,9
30-Dec-2025,25860.45,Call,21000,5120,0,14.9649,-3,5315.66666667,9
30-Dec-2025,25860.45,Put,26350,571.25,12.59,14.9649,-5,93,9
29-Dec-2026,25860.45,Put,29000,1922.5,17.53,14.9649,4,147,9
11-Nov-2025,25860.45,Put,24550,13.1,14.9,14.9649,-1,30,8
02-Dec-2025,25860.45,Call,26250,300.5,10.7,14.9649,3,4,8
02-Dec-2025,25860.45,Put,26100,380.3,11.57,14.9649,5,20,8
02-Dec-2025,25860.45,Call,26550,174.4,10.2,14.9649,7,7,8
30-Dec-2025,25860.45,Put,25050,151,13.24,14.9649,1,81,8
30-Dec-2025,25860.45,Call,25750,769.95,9.93,14.9649,-2,37,8
28-Oct-2025,25860.45,Call,24550,1305.6,0,14.9649,2,155,7
04-Nov-2025,25860.45,Call,25150,769.3,8.16,14.9649,-5,37,7
11-Nov-2025,25860.45,Put,24750,20,13.9,14.9649,-2,88,7
18-Nov-2025,25860.45,Put,24650,27,13.87,14.9649,0,13,7
18-Nov-2025,25860.45,Put,24200,17.75,16.01,14.9649,3,32,7
25-Nov-2025,25860.45,Put,26950,1006,14.1,14.9649,-1,8,7
30-Dec-2025,25860.45,Put,13000,2.75,57.54,14.9649,0,376.666666667,7
30-Dec-2025,25860.45,Put,16000,5,44.13,14.9649,0,238.666666667,7
31-Mar-2026,25860.45,Put,30000,3265,19.03,14.9649,5,36,7
29-Dec-2026,25860.45,Call,25000,3198,0,14.9649,3,1025.66666667,7
28-Oct-2025,25860.45,Call,23850,2051.25,50,14.9649,-1,14,6
28-Oct-2025,25860.45,Call,24250,1601.75,0,14.9649,1,52,6
04-Nov-2025,25860.45,Call,24600,1355,20.72,14.9649,3,16,6
11-Nov-2025,25860.45,Put,26800,880.35,13.05,14.9649,1,5,6
25-Nov-2025,25860.45,Call,25150,985.9,11.12,14.9649,1,151,6
25-Nov-2025,25860.45,Put,27100,1085,11.86,14.9649,3,92,6
02-Dec-2025,25860.45,Call,26300,260,10.12,14.9649,1,4,6
02-Dec-2025,25860.45,Call,26350,276.2,11.21,14.9649,2,6,6
30-Dec-2025,25860.45,Put,25150,150.8,12.48,14.9649,4,57,6
18-Nov-2025,25860.45,Put,25350,87.4,11.79,14.9649,-2,60,5
18-Nov-2025,25860.45,Call,25500,647.75,11.64,14.9649,2,63,5
11-Nov-2025,25860.45,Put,24050,13.15,18.73,14.9649,4,6,5
11-Nov-2025,25860.45,Call,25400,635,11.44,14.9649,2,212,5
18-Nov-2025,25860.45,Put,24400,20.75,14.97,14.9649,2,30,5
25-Nov-2025,25860.45,Put,26750,729.25,8.6,14.9649,0,11,5
25-Nov-2025,25860.45,Call,24450,1684.15,18.34,14.9649,0,11,5
02-Dec-2025,25860.45,Call,26400,214.55,9.9,14.9649,1,14,5
02-Dec-2025,25860.45,Put,26050,372.2,12.05,14.9649,2,4,5
25-Nov-2025,25860.45,Put,27300,1320,15.48,14.9649,2,125,5
30-Dec-2025,25860.45,Call,26150,508.25,9.53,14.9649,-1,50,5
30-Dec-2025,25860.45,Put,23200,45,18.46,14.9649,0,102,5
28-Oct-2025,25860.45,Call,23800,2068.3,29.39,14.9649,-2,272,4
28-Oct-2025,25860.45,Call,24150,1700.2,0,14.9649,0,36,4
28-Oct-2025,25860.45,Put,26950,1105.25,27.41,14.9649,0,13,4
28-Oct-2025,25860.45,Call,24450,1435.15,32.37,14.9649,-1,151,4
02-Dec-2025,25860.45,Call,25700,620,11.28,14.9649,0,0,4
02-Dec-2025,25860.45,Put,26250,443.2,11.1,14.9649,0,6,4
02-Dec-2025,25860.45,Put,26150,394,11.23,14.9649,0,7,4
30-Dec-2025,25860.45,Put,23900,53,15.48,14.9649,3,1197,4
29-Dec-2026,25860.45,Put,30000,2426,17.52,14.9649,0,40,4
28-Oct-2025,25860.45,Call,23900,1965.7,0,14.9649,0,85,3
04-Nov-2025,25860.45,Call,24300,1605,0,14.9649,0,1,3
04-Nov-2025,25860.45,Call,24200,1700,0,14.9649,1,4,3
04-Nov-2025,25860.45,Call,25050,911.05,16.8,14.9649,-1,32,3
11-Nov-2025,25860.45,Put,23700,5.05,18.73,14.9649,0,27,3
11-Nov-2025,25860.45,Call,25300,730,12.37,14.9649,0,134,3
18-Nov-2025,25860.45,Call,27350,17.85,11.73,14.9649,1,1,3
18-Nov-2025,25860.45,Call,26150,253.65,11.62,14.9649,0,25,3
25-Nov-2025,25860.45,Put,26850,897.8,12.78,14.9649,-1,4,3
02-Dec-2025,25860.45,Call,27650,26.65,0,0,0,1,3
25-Nov-2025,25860.45,Call,24100,1953.05,0,14.9649,1,16,3
31-Mar-2026,25860.45,Put,31000,4050,18.27,14.9649,0,6,3
28-Oct-2025,25860.45,Call,24050,1792.8,0,14.9649,0,28,2
28-Oct-2025,25860.45,Put,27250,1325,0,14.9649,1,3,2
28-Oct-2025,25860.45,Call,23100,2793.65,62.42,14.9649,0,8,2
04-Nov-2025,25860.45,Call,24100,1870,0,14.9649,0,1,2
04-Nov-2025,25860.45,Put,27100,1184.9,13.84,14.9649,0,28,2
11-Nov-2025,25860.45,Call,24900,1091.05,13.43,14.9649,-1,21,2
11-Nov-2025,25860.45,Put,23900,10.8,19.34,14.9649,0,2,2
11-Nov-2025,25860.45,Call,25250,746.95,10.34,14.9649,0,18,2
11-Nov-2025,25860.45,Put,27000,1066,13.91,14.9649,0,35,2
18-Nov-2025,25860.45,Put,26150,368.95,11.07,14.9649,0,54,2
18-Nov-2025,25860.45,Call,27650,13.2,12.97,0,0,0,2
25-Nov-2025,25860.45,Put,27550,1448.8,0,14.9649,0,0,2
02-Dec-2025,25860.45,Call,25900,448.35,9.8,14.9649,1,1,2
02-Dec-2025,25860.45,Put,26300,462.5,10.83,14.9649,0,8,2
25-Nov-2025,25860.45,Call,22700,3280,0,14.9649,1,1,2
30-Dec-2025,25860.45,Put,23300,40.8,17.58,14.9649,0,482,2
02-Dec-2025,25860.45,Put,24950,84.3,13.39,14.9649,0,15,2
30-Dec-2025,25860.45,Put,26550,665.9,12.3,14.9649,0,18,2
30-Dec-2025,25860.45,Call,24750,1592.2,10.86,14.9649,0,6,2
30-Dec-2025,25860.45,Call,25100,1230,7.95,14.9649,0,228,2
30-Dec-2025,25860.45,Put,23950,51,15.08,14.9649,0,99,2
30-Dec-2025,25860.45,Put,23600,48.2,16.68,14.9649,0,67,2
29-Dec-2026,25860.45,Put,22000,205,19.42,14.9649,-1,827.666666667,2
28-Oct-2025,25860.45,Call,23450,2430.55,48.99,14.9649,0,0,1
28-Oct-2025,25860.45,Call,23550,2338.15,51.06,14.9649,0,4,1
28-Oct-2025,25860.45,Call,23600,2349.4,68.1,14.9649,0,76,1
28-Oct-2025,25860.45,Call,23750,2100,0,14.9649,0,11,1
28-Oct-2025,25860.45,Call,22700,3160,0,14.9649,0,33,1
28-Oct-2025,25860.45,Call,24350,1523.95,28.47,14.9649,0,102,1
28-Oct-2025,25860.45,Call,23200,2697.75,62.11,14.9649,0,142,1
28-Oct-2025,25860.45,Put,27450,1580,23.14,14.9649,0,1,1
04-Nov-2025,25860.45,Call,23750,2150,0,14.9649,0,0,1
11-Nov-2025,25860.45,Call,25350,649.15,9.43,14.9649,0,34,1
18-Nov-2025,25860.45,Put,24100,15.55,16.35,14.9649,0,3,1
11-Nov-2025,25860.45,Call,24650,1295,0,14.9649,0,2,1
11-Nov-2025,25860.45,Call,25150,927.85,17.44,14.9649,0,8,1
25-Nov-2025,25860.45,Call,23650,2388.4,0,14.9649,0,2,1
25-Nov-2025,25860.45,Put,23850,22,17.43,14.9649,0,401,1
25-Nov-2025,25860.45,Call,24250,1850,17.42,14.9649,0,3,1
30-Dec-2025,25860.45,Put,15000,4.4,48.74,14.9649,0,212.333333333,1
30-Dec-2025,25860.45,Call,25150,1202,8.82,14.9649,0,20,1
30-Jun-2026,25860.45,Put,28000,1477,15.36,14.9649,0,16,1
29-Dec-2026,25860.45,Put,20000,110,21.29,14.9649,0,529.333333333,1
28-Oct-2025,25860.45,Call,23400,0,0,14.9649,0,61,0
28-Oct-2025,25860.45,Call,23650,0,0,14.9649,0,9,0
28-Oct-2025,25860.45,Call,23950,0,0,14.9649,0,33,0
28-Oct-2025,25860.45,Put,27350,0,0,14.9649,0,1,0
28-Oct-2025,25860.45,Put,27300,0,0,14.9649,0,12,0
28-Oct-2025,25860.45,Put,27200,0,0,14.9649,0,60,0
28-Oct-2025,25860.45,Put,27150,0,0,14.9649,0,51,0
28-Oct-2025,25860.45,Call,22650,0,0,14.9649,0,0,0
28-Oct-2025,25860.45,Call,22750,0,0,14.9649,0,0,0
28-Oct-2025,25860.45,Put,27050,0,0,14.9649,0,3,0
28-Oct-2025,25860.45,Call,23050,0,0,14.9649,0,1,0
28-Oct-2025,25860.45,Put,27650,0,0,0,0,0,0
28-Oct-2025,25860.45,Call,23150,0,0,14.9649,0,2,0
28-Oct-2025,25860.45,Call,23250,0,0,14.9649,0,0,0
28-Oct-2025,25860.45,Call,23350,0,0,14.9649,0,4,0
28-Oct-2025,25860.45,Put,27600,0,0,14.9649,0,1,0
28-Oct-2025,25860.45,Put,27550,0,0,14.9649,0,0,0
28-Oct-2025,25860.45,Call,22850,0,0,14.9649,0,4,0
28-Oct-2025,25860.45,Call,22900,0,0,14.9649,0,1,0
28-Oct-2025,25860.45,Call,22950,0,0,14.9649,0,2,0
04-Nov-2025,25860.45,Call,23850,0,0,14.9649,0,0,0
04-Nov-2025,25860.45,Call,23800,0,0,14.9649,0,0,0
04-Nov-2025,25860.45,Put,23050,0,0,14.9649,0,0,0
04-Nov-2025,25860.45,Call,23900,0,0,14.9649,0,0,0
04-Nov-2025,25860.45,Call,24050,0,0,14.9649,0,1,0
04-Nov-2025,25860.45,Call,23050,0,0,14.9649,0,0,0
04-Nov-2025,25860.45,Call,23100,0,0,14.9649,0,0,0
04-Nov-2025,25860.45,Call,23000,0,0,14.9649,0,0,0
04-Nov-2025,25860.45,Call,22950,0,0,14.9649,0,0,0
04-Nov-2025,25860.45,Call,22850,0,0,14.9649,0,0,0
04-Nov-2025,25860.45,Call,22900,0,0,14.9649,0,0,0
04-Nov-2025,25860.45,Call,23950,0,0,14.9649,0,0,0
04-Nov-2025,25860.45,Call,23300,0,0,14.9649,0,0,0
04-Nov-2025,25860.45,Call,23450,0,0,14.9649,0,0,0
04-Nov-2025,25860.45,Call,23250,0,0,14.9649,0,0,0
04-Nov-2025,25860.45,Call,23200,0,0,14.9649,0,0,0
04-Nov-2025,25860.45,Put,27400,0,0,14.9649,0,6,0
04-Nov-2025,25860.45,Call,23550,0,0,14.9649,0,0,0
04-Nov-2025,25860.45,Put,27450,0,0,14.9649,0,2,0
04-Nov-2025,25860.45,Call,23600,0,0,14.9649,0,0,0
04-Nov-2025,25860.45,Call,24250,0,0,14.9649,0,1,0
04-Nov-2025,25860.45,Call,23350,0,0,14.9649,0,0,0
04-Nov-2025,25860.45,Call,23150,0,0,14.9649,0,0,0
04-Nov-2025,25860.45,Call,23400,0,0,14.9649,0,0,0
04-Nov-2025,25860.45,Put,27550,0,0,14.9649,0,0,0
04-Nov-2025,25860.45,Put,27200,0,0,14.9649,0,12,0
04-Nov-2025,25860.45,Call,23500,0,0,14.9649,0,0,0
04-Nov-2025,25860.45,Put,27500,0,0,14.9649,0,0,0
04-Nov-2025,25860.45,Put,27250,0,0,14.9649,0,2,0
04-Nov-2025,25860.45,Put,27350,0,0,14.9649,0,2,0
04-Nov-2025,25860.45,Put,27600,0,0,14.9649,0,0,0
04-Nov-2025,25860.45,Put,27300,0,0,14.9649,0,3,0
04-Nov-2025,25860.45,Call,24650,0,0,14.9649,0,5,0
04-Nov-2025,25860.45,Call,24550,0,0,14.9649,0,2,0
04-Nov-2025,25860.45,Call,24450,0,0,14.9649,0,3,0
04-Nov-2025,25860.45,Call,24350,0,0,14.9649,0,1,0
04-Nov-2025,25860.45,Put,26650,0,0,14.9649,0,16,0
04-Nov-2025,25860.45,Put,26950,0,0,14.9649,0,3,0
11-Nov-2025,25860.45,Put,24450,0,0,14.9649,0,1,0
11-Nov-2025,25860.45,Put,24350,0,0,14.9649,0,1,0
04-Nov-2025,25860.45,Put,26550,0,0,14.9649,0,14,0
04-Nov-2025,25860.45,Put,26850,0,0,14.9649,0,3,0
04-Nov-2025,25860.45,Call,24400,0,0,14.9649,0,1,0
04-Nov-2025,25860.45,Put,23550,0,0,14.9649,0,0,0
04-Nov-2025,25860.45,Put,23150,0,0,14.9649,0,13,0
04-Nov-2025,25860.45,Call,24150,0,0,14.9649,0,1,0
04-Nov-2025,25860.45,Call,23700,0,0,14.9649,0,0,0
04-Nov-2025,25860.45,Put,27150,0,0,14.9649,0,2,0
04-Nov-2025,25860.45,Put,27050,0,0,14.9649,0,2,0
04-Nov-2025,25860.45,Put,26750,0,0,14.9649,0,1,0
04-Nov-2025,25860.45,Call,23650,0,0,14.9649,0,0,0
04-Nov-2025,25860.45,Put,23450,0,0,14.9649,0,1,0
04-Nov-2025,25860.45,Put,27650,0,0,0,0,0,0
04-Nov-2025,25860.45,Put,24150,0,0,14.9649,0,0,0
04-Nov-2025,25860.45,Put,23850,0,0,14.9649,0,25,0
11-Nov-2025,25860.45,Call,24400,0,0,14.9649,0,2,0
11-Nov-2025,25860.45,Put,24150,0,0,14.9649,0,1,0
11-Nov-2025,25860.45,Call,27650,0,0,0,0,0,0
11-Nov-2025,25860.45,Call,24000,0,0,14.9649,0,2,0
11-Nov-2025,25860.45,Put,27650,0,0,0,0,0,0
11-Nov-2025,25860.45,Call,27350,0,0,14.9649,0,1,0
11-Nov-2025,25860.45,Call,27200,0,0,14.9649,0,0,0
11-Nov-2025,25860.45,Put,27150,0,0,14.9649,0,2,0
11-Nov-2025,25860.45,Put,27100,0,0,14.9649,0,2,0
11-Nov-2025,25860.45,Call,27100,0,0,14.9649,0,0,0
11-Nov-2025,25860.45,Put,27250,0,0,14.9649,0,3,0
11-Nov-2025,25860.45,Put,27200,0,0,14.9649,0,2,0
11-Nov-2025,25860.45,Put,27350,0,0,14.9649,0,3,0
11-Nov-2025,25860.45,Put,27300,0,0,14.9649,0,2,0
11-Nov-2025,25860.45,Call,26850,0,0,14.9649,0,0,0
11-Nov-2025,25860.45,Call,24950,0,0,14.9649,0,34,0
11-Nov-2025,25860.45,Call,24850,0,0,14.9649,0,2,0
11-Nov-2025,25860.45,Call,24800,0,0,14.9649,0,2,0
11-Nov-2025,25860.45,Call,24750,0,0,14.9649,0,2,0
11-Nov-2025,25860.45,Call,24700,0,0,14.9649,0,14,0
11-Nov-2025,25860.45,Put,27600,0,0,14.9649,0,0,0
11-Nov-2025,25860.45,Put,27550,0,0,14.9649,0,0,0
11-Nov-2025,25860.45,Call,27550,0,0,14.9649,0,1,0
11-Nov-2025,25860.45,Put,27500,0,0,14.9649,0,0,0
11-Nov-2025,25860.45,Put,27400,0,0,14.9649,0,1,0
11-Nov-2025,25860.45,Call,25050,0,0,14.9649,0,8,0
11-Nov-2025,25860.45,Put,27450,0,0,14.9649,0,1,0
11-Nov-2025,25860.45,Put,23950,0,0,14.9649,0,0,0
11-Nov-2025,25860.45,Call,24600,0,0,14.9649,0,2,0
18-Nov-2025,25860.45,Call,25250,0,0,14.9649,0,1,0
18-Nov-2025,25860.45,Put,26650,0,0,14.9649,0,0,0
18-Nov-2025,25860.45,Put,26700,0,0,14.9649,0,0,0
18-Nov-2025,25860.45,Call,26850,0,0,14.9649,0,0,0
18-Nov-2025,25860.45,Put,24450,0,0,14.9649,0,10,0
11-Nov-2025,25860.45,Call,24350,0,0,14.9649,0,2,0
11-Nov-2025,25860.45,Call,24300,0,0,14.9649,0,2,0
11-Nov-2025,25860.45,Call,24250,0,0,14.9649,0,2,0
11-Nov-2025,25860.45,Call,24200,0,0,14.9649,0,2,0
11-Nov-2025,25860.45,Call,24150,0,0,14.9649,0,2,0
11-Nov-2025,25860.45,Call,24100,0,0,14.9649,0,2,0
11-Nov-2025,25860.45,Call,24050,0,0,14.9649,0,2,0
11-Nov-2025,25860.45,Call,23950,0,0,14.9649,0,3,0
11-Nov-2025,25860.45,Call,23900,0,0,14.9649,0,2,0
11-Nov-2025,25860.45,Call,24550,0,0,14.9649,0,3,0
11-Nov-2025,25860.45,Put,24250,0,0,14.9649,0,1,0
11-Nov-2025,25860.45,Put,24100,0,0,14.9649,0,2,0
11-Nov-2025,25860.45,Put,23800,0,0,14.9649,0,0,0
11-Nov-2025,25860.45,Put,23650,0,0,14.9649,0,0,0
11-Nov-2025,25860.45,Put,23600,0,0,14.9649,0,0,0
11-Nov-2025,25860.45,Put,23550,0,0,14.9649,0,0,0
11-Nov-2025,25860.45,Put,23350,0,0,14.9649,0,2,0
11-Nov-2025,25860.45,Put,23450,0,0,14.9649,0,0,0
11-Nov-2025,25860.45,Put,23400,0,0,14.9649,0,0,0
11-Nov-2025,25860.45,Call,23850,0,0,14.9649,0,3,0
11-Nov-2025,25860.45,Call,23800,0,0,14.9649,0,2,0
11-Nov-2025,25860.45,Call,23750,0,0,14.9649,0,1,0
11-Nov-2025,25860.45,Call,23700,0,0,14.9649,0,0,0
11-Nov-2025,25860.45,Call,23650,0,0,14.9649,0,0,0
11-Nov-2025,25860.45,Call,23600,0,0,14.9649,0,0,0
11-Nov-2025,25860.45,Call,23550,0,0,14.9649,0,0,0
11-Nov-2025,25860.45,Call,23500,0,0,14.9649,0,0,0
11-Nov-2025,25860.45,Call,23450,0,0,14.9649,0,0,0
11-Nov-2025,25860.45,Call,23400,0,0,14.9649,0,0,0
11-Nov-2025,25860.45,Call,23350,0,0,14.9649,0,0,0
11-Nov-2025,25860.45,Put,26900,0,0,14.9649,0,1,0
11-Nov-2025,25860.45,Call,24450,0,0,14.9649,0,2,0
11-Nov-2025,25860.45,Call,25450,0,0,14.9649,0,22,0
11-Nov-2025,25860.45,Put,23750,0,0,14.9649,0,0,0
11-Nov-2025,25860.45,Put,26650,0,0,14.9649,0,2,0
11-Nov-2025,25860.45,Call,26900,0,0,14.9649,0,0,0
11-Nov-2025,25860.45,Put,26550,0,0,14.9649,0,2,0
11-Nov-2025,25860.45,Call,23300,0,0,14.9649,0,0,0
11-Nov-2025,25860.45,Put,26700,0,0,14.9649,0,6,0
11-Nov-2025,25860.45,Put,23300,0,0,14.9649,0,0,0
11-Nov-2025,25860.45,Put,26750,0,0,14.9649,0,2,0
11-Nov-2025,25860.45,Put,26850,0,0,14.9649,0,5,0
11-Nov-2025,25860.45,Put,26950,0,0,14.9649,0,2,0
11-Nov-2025,25860.45,Put,27050,0,0,14.9649,0,2,0
18-Nov-2025,25860.45,Put,23750,0,0,14.9649,0,0,0
18-Nov-2025,25860.45,Put,23650,0,0,14.9649,0,0,0
18-Nov-2025,25860.45,Put,26250,0,0,14.9649,0,45,0
18-Nov-2025,25860.45,Call,27450,0,0,14.9649,0,0,0
18-Nov-2025,25860.45,Put,26450,0,0,14.9649,0,0,0
18-Nov-2025,25860.45,Put,26350,0,0,14.9649,0,0,0
18-Nov-2025,25860.45,Put,26400,0,0,14.9649,0,0,0
18-Nov-2025,25860.45,Call,26650,0,0,14.9649,0,0,0
18-Nov-2025,25860.45,Call,26900,0,0,14.9649,0,0,0
18-Nov-2025,25860.45,Call,27100,0,0,14.9649,0,0,0
18-Nov-2025,25860.45,Call,27300,0,0,14.9649,0,0,0
18-Nov-2025,25860.45,Call,27250,0,0,14.9649,0,0,0
18-Nov-2025,25860.45,Call,27200,0,0,14.9649,0,0,0
18-Nov-2025,25860.45,Put,23550,0,0,14.9649,0,0,0
18-Nov-2025,25860.45,Put,23450,0,0,14.9649,0,0,0
18-Nov-2025,25860.45,Call,25000,0,0,14.9649,0,0,0
18-Nov-2025,25860.45,Put,24850,0,0,14.9649,0,13,0
18-Nov-2025,25860.45,Put,24750,0,0,14.9649,0,17,0
18-Nov-2025,25860.45,Put,24550,0,0,14.9649,0,10,0
18-Nov-2025,25860.45,Put,24350,0,0,14.9649,0,5,0
18-Nov-2025,25860.45,Put,24250,0,0,14.9649,0,0,0
18-Nov-2025,25860.45,Put,24150,0,0,14.9649,0,19,0
18-Nov-2025,25860.45,Put,24050,0,0,14.9649,0,1,0
18-Nov-2025,25860.45,Put,23950,0,0,14.9649,0,0,0
18-Nov-2025,25860.45,Put,23900,0,0,14.9649,0,0,0
18-Nov-2025,25860.45,Put,23800,0,0,14.9649,0,0,0
18-Nov-2025,25860.45,Put,23700,0,0,14.9649,0,0,0
18-Nov-2025,25860.45,Put,23600,0,0,14.9649,0,6,0
18-Nov-2025,25860.45,Put,23400,0,0,14.9649,0,0,0
18-Nov-2025,25860.45,Call,26800,0,0,14.9649,0,0,0
18-Nov-2025,25860.45,Call,25450,0,0,14.9649,0,0,0
18-Nov-2025,25860.45,Call,25400,0,0,14.9649,0,19,0
18-Nov-2025,25860.45,Call,26700,0,0,14.9649,0,0,0
18-Nov-2025,25860.45,Call,27550,0,0,14.9649,0,0,0
18-Nov-2025,25860.45,Put,26550,0,0,14.9649,0,0,0
18-Nov-2025,25860.45,Call,25300,0,0,14.9649,0,0,0
25-Nov-2025,25860.45,Call,24650,0,0,14.9649,0,42,0
25-Nov-2025,25860.45,Call,24550,0,0,14.9649,0,23,0
25-Nov-2025,25860.45,Put,27650,0,0,0,0,0,0
25-Nov-2025,25860.45,Call,27650,0,0,0,0,0,0
25-Nov-2025,25860.45,Put,27450,0,0,14.9649,0,5,0
25-Nov-2025,25860.45,Call,23250,0,0,14.9649,0,2,0
25-Nov-2025,25860.45,Call,23200,0,0,14.9649,0,8,0
25-Nov-2025,25860.45,Call,23150,0,0,14.9649,0,0,0
25-Nov-2025,25860.45,Call,23100,0,0,14.9649,0,0,0
25-Nov-2025,25860.45,Call,23050,0,0,14.9649,0,1,0
25-Nov-2025,25860.45,Call,22950,0,0,14.9649,0,0,0
25-Nov-2025,25860.45,Call,22900,0,0,14.9649,0,0,0
25-Nov-2025,25860.45,Call,22850,0,0,14.9649,0,0,0
25-Nov-2025,25860.45,Call,22750,0,0,14.9649,0,0,0
25-Nov-2025,25860.45,Call,27450,0,0,14.9649,0,0,0
25-Nov-2025,25860.45,Put,27400,0,0,14.9649,0,17,0
25-Nov-2025,25860.45,Call,24750,0,0,14.9649,0,68,0
25-Nov-2025,25860.45,Call,24050,0,0,14.9649,0,4,0
25-Nov-2025,25860.45,Call,23850,0,0,14.9649,0,7,0
25-Nov-2025,25860.45,Call,23550,0,0,14.9649,0,1,0
25-Nov-2025,25860.45,Call,23450,0,0,14.9649,0,30,0
25-Nov-2025,25860.45,Call,27550,0,0,14.9649,0,0,0
25-Nov-2025,25860.45,Call,23400,0,0,14.9649,0,0,0
25-Nov-2025,25860.45,Call,23350,0,0,14.9649,0,1,0
25-Nov-2025,25860.45,Put,26650,0,0,14.9649,0,9,0
18-Nov-2025,25860.45,Put,26600,0,0,14.9649,0,12,0
18-Nov-2025,25860.45,Put,23850,0,0,14.9649,0,0,0
25-Nov-2025,25860.45,Call,24850,0,0,14.9649,0,24,0
25-Nov-2025,25860.45,Put,23950,0,0,14.9649,0,56,0
25-Nov-2025,25860.45,Call,27350,0,0,14.9649,0,0,0
25-Nov-2025,25860.45,Put,23450,0,0,14.9649,0,42,0
25-Nov-2025,25860.45,Put,23350,0,0,14.9649,0,27,0
25-Nov-2025,25860.45,Put,23250,0,0,14.9649,0,15,0
25-Nov-2025,25860.45,Put,23150,0,0,14.9649,0,7,0
25-Nov-2025,25860.45,Put,23050,0,0,14.9649,0,19,0
25-Nov-2025,25860.45,Put,22950,0,0,14.9649,0,23,0
25-Nov-2025,25860.45,Put,27050,0,0,14.9649,0,5,0
25-Nov-2025,25860.45,Put,23550,0,0,14.9649,0,27,0
25-Nov-2025,25860.45,Call,23950,0,0,14.9649,0,2,0
25-Nov-2025,25860.45,Call,23900,0,0,14.9649,0,1,0
25-Nov-2025,25860.45,Call,23800,0,0,14.9649,0,14,0
25-Nov-2025,25860.45,Put,23750,0,0,14.9649,0,10,0
25-Nov-2025,25860.45,Call,23750,0,0,14.9649,0,2,0
25-Nov-2025,25860.45,Call,23700,0,0,14.9649,0,3,0
25-Nov-2025,25860.45,Call,23600,0,0,14.9649,0,1,0
25-Nov-2025,25860.45,Put,23650,0,0,14.9649,0,10,0
02-Dec-2025,25860.45,Call,26200,0,0,14.9649,0,0,0
02-Dec-2025,25860.45,Call,26150,0,0,14.9649,0,0,0
02-Dec-2025,25860.45,Put,26500,0,0,14.9649,0,0,0
02-Dec-2025,25860.45,Put,26450,0,0,14.9649,0,0,0
02-Dec-2025,25860.45,Put,26400,0,0,14.9649,0,0,0
02-Dec-2025,25860.45,Call,26850,0,0,14.9649,0,0,0
02-Dec-2025,25860.45,Call,26750,0,0,14.9649,0,0,0
02-Dec-2025,25860.45,Put,24650,0,0,14.9649,0,0,0
02-Dec-2025,25860.45,Put,24550,0,0,14.9649,0,0,0
02-Dec-2025,25860.45,Put,24450,0,0,14.9649,0,0,0
02-Dec-2025,25860.45,Put,24400,0,0,14.9649,0,0,0
02-Dec-2025,25860.45,Put,24300,0,0,14.9649,0,0,0
02-Dec-2025,25860.45,Put,24200,0,0,14.9649,0,0,0
02-Dec-2025,25860.45,Put,24100,0,0,14.9649,0,0,0
02-Dec-2025,25860.45,Put,26350,0,0,14.9649,0,0,0
02-Dec-2025,25860.45,Call,25800,0,0,14.9649,0,0,0
02-Dec-2025,25860.45,Put,25750,0,0,14.9649,0,2,0
02-Dec-2025,25860.45,Call,25750,0,0,14.9649,0,0,0
02-Dec-2025,25860.45,Put,25650,0,0,14.9649,0,4,0
02-Dec-2025,25860.45,Call,25650,0,0,14.9649,0,0,0
02-Dec-2025,25860.45,Put,25600,0,0,14.9649,0,1,0
02-Dec-2025,25860.45,Call,25600,0,0,14.9649,0,0,0
02-Dec-2025,25860.45,Call,25950,0,0,14.9649,0,1,0
02-Dec-2025,25860.45,Put,25850,0,0,14.9649,0,3,0
02-Dec-2025,25860.45,Call,25850,0,0,14.9649,0,0,0
02-Dec-2025,25860.45,Call,26900,0,0,14.9649,0,0,0
02-Dec-2025,25860.45,Put,24350,0,0,14.9649,0,0,0
02-Dec-2025,25860.45,Call,27050,0,0,14.9649,0,0,0
02-Dec-2025,25860.45,Call,27000,0,0,14.9649,0,0,0
02-Dec-2025,25860.45,Call,27600,0,0,14.9649,0,0,0
02-Dec-2025,25860.45,Put,24150,0,0,14.9649,0,0,0
02-Dec-2025,25860.45,Put,24250,0,0,14.9649,0,0,0
02-Dec-2025,25860.45,Call,27350,0,0,14.9649,0,0,0
02-Dec-2025,25860.45,Call,27300,0,0,14.9649,0,0,0
02-Dec-2025,25860.45,Call,27100,0,0,14.9649,0,0,0
02-Dec-2025,25860.45,Call,27450,0,0,14.9649,0,0,0
02-Dec-2025,25860.45,Call,27400,0,0,14.9649,0,0,0
02-Dec-2025,25860.45,Call,27500,0,0,14.9649,0,0,0
02-Dec-2025,25860.45,Call,25450,0,0,0,0,0,0
02-Dec-2025,25860.45,Call,25550,0,0,0,0,0,0
02-Dec-2025,25860.45,Call,25500,0,0,14.9649,0,0,0
02-Dec-2025,25860.45,Call,25400,0,0,14.9649,0,0,0
25-Nov-2025,25860.45,Call,24350,0,0,14.9649,0,4,0
25-Nov-2025,25860.45,Call,24300,0,0,14.9649,0,76,0
25-Nov-2025,25860.45,Call,24150,0,0,14.9649,0,3,0
25-Nov-2025,25860.45,Put,27350,0,0,14.9649,0,5,0
25-Nov-2025,25860.45,Put,27250,0,0,14.9649,0,6,0
25-Nov-2025,25860.45,Call,27250,0,0,14.9649,0,0,0
30-Dec-2025,25860.45,Call,25350,0,0,14.9649,0,13,0
30-Dec-2025,25860.45,Call,25050,0,0,14.9649,0,23,0
30-Dec-2025,25860.45,Call,24900,0,0,14.9649,0,192,0
30-Dec-2025,25860.45,Call,24400,0,0,14.9649,0,3,0
30-Dec-2025,25860.45,Call,24300,0,0,14.9649,0,1,0
30-Dec-2025,25860.45,Call,24250,0,0,14.9649,0,0,0
30-Dec-2025,25860.45,Call,24150,0,0,14.9649,0,0,0
30-Dec-2025,25860.45,Call,24100,0,0,14.9649,0,1,0
30-Dec-2025,25860.45,Call,24050,0,0,14.9649,0,0,0
30-Dec-2025,25860.45,Call,23900,0,0,14.9649,0,0,0
30-Dec-2025,25860.45,Call,23750,0,0,14.9649,0,0,0
30-Dec-2025,25860.45,Call,23650,0,0,14.9649,0,0,0
30-Dec-2025,25860.45,Call,23600,0,0,14.9649,0,1,0
30-Dec-2025,25860.45,Put,23450,0,0,14.9649,0,37,0
30-Dec-2025,25860.45,Call,23450,0,0,14.9649,0,0,0
30-Dec-2025,25860.45,Call,23400,0,0,14.9649,0,0,0
30-Dec-2025,25860.45,Call,23350,0,0,14.9649,0,0,0
30-Dec-2025,25860.45,Call,23300,0,0,14.9649,0,0,0
30-Dec-2025,25860.45,Call,19000,0,0,14.9649,0,149.666666667,0
30-Dec-2025,25860.45,Call,23250,0,0,14.9649,0,0,0
30-Dec-2025,25860.45,Call,23200,0,0,14.9649,0,0,0
30-Dec-2025,25860.45,Call,23150,0,0,14.9649,0,0,0
30-Dec-2025,25860.45,Call,23100,0,0,14.9649,0,0,0
30-Dec-2025,25860.45,Call,23050,0,0,14.9649,0,0,0
30-Dec-2025,25860.45,Call,22950,0,0,14.9649,0,0,0
30-Dec-2025,25860.45,Call,22900,0,0,14.9649,0,0,0
30-Dec-2025,25860.45,Call,22850,0,0,14.9649,0,0,0
30-Dec-2025,25860.45,Call,26050,0,0,14.9649,0,61,0
30-Dec-2025,25860.45,Put,27600,0,0,14.9649,0,0,0
30-Dec-2025,25860.45,Call,27600,0,0,14.9649,0,0,0
30-Dec-2025,25860.45,Put,27550,0,0,14.9649,0,0,0
30-Dec-2025,25860.45,Call,27550,0,0,14.9649,0,0,0
30-Dec-2025,25860.45,Put,23250,0,0,14.9649,0,77,0
30-Dec-2025,25860.45,Put,23050,0,0,14.9649,0,25,0
30-Dec-2025,25860.45,Put,22950,0,0,14.9649,0,45,0
30-Dec-2025,25860.45,Put,22900,0,0,14.9649,0,106,0
30-Dec-2025,25860.45,Put,27400,0,0,14.9649,0,0,0
30-Dec-2025,25860.45,Call,27400,0,0,14.9649,0,0,0
30-Dec-2025,25860.45,Call,16000,0,0,14.9649,0,4.66666666667,0
30-Dec-2025,25860.45,Put,27450,0,0,14.9649,0,1,0
30-Dec-2025,25860.45,Call,27450,0,0,14.9649,0,0,0
30-Dec-2025,25860.45,Put,26850,0,0,14.9649,0,2,0
30-Dec-2025,25860.45,Put,26800,0,0,14.9649,0,49,0
30-Dec-2025,25860.45,Call,19500,0,0,14.9649,0,15.3333333333,0
02-Dec-2025,25860.45,Put,24700,0,0,14.9649,0,0,0
02-Dec-2025,25860.45,Put,25100,0,0,14.9649,0,0,0
02-Dec-2025,25860.45,Put,25150,0,0,14.9649,0,0,0
02-Dec-2025,25860.45,Put,24750,0,0,14.9649,0,0,0
02-Dec-2025,25860.45,Call,26650,0,0,14.9649,0,0,0
02-Dec-2025,25860.45,Put,24600,0,0,14.9649,0,0,0
02-Dec-2025,25860.45,Call,26450,0,0,14.9649,0,0,0
02-Dec-2025,25860.45,Call,26100,0,0,14.9649,0,0,0
02-Dec-2025,25860.45,Call,26050,0,0,14.9649,0,0,0
02-Dec-2025,25860.45,Put,24800,0,0,14.9649,0,0,0
02-Dec-2025,25860.45,Put,25200,0,0,14.9649,0,0,0
02-Dec-2025,25860.45,Put,25050,0,0,14.9649,0,0,0
02-Dec-2025,25860.45,Put,25000,0,0,14.9649,0,0,0
02-Dec-2025,25860.45,Put,24850,0,0,14.9649,0,0,0
02-Dec-2025,25860.45,Put,25250,0,0,14.9649,0,0,0
02-Dec-2025,25860.45,Put,24900,0,0,14.9649,0,0,0
30-Dec-2025,25860.45,Put,23750,0,0,14.9649,0,64,0
30-Dec-2025,25860.45,Call,25450,0,0,14.9649,0,22,0
30-Dec-2025,25860.45,Put,23850,0,0,14.9649,0,23,0
30-Dec-2025,25860.45,Put,27650,0,0,0,0,0,0
30-Dec-2025,25860.45,Call,27650,0,0,0,0,0,0
30-Dec-2025,25860.45,Put,31000,0,0,14.9649,0,1,0
30-Dec-2025,25860.45,Call,17000,0,0,14.9649,0,1455,0
30-Dec-2025,25860.45,Put,16500,0,0,14.9649,0,44,0
30-Dec-2025,25860.45,Put,17000,0,0,14.9649,0,1001.66666667,0
30-Dec-2025,25860.45,Call,18000,0,0,14.9649,0,845.333333333,0
30-Dec-2025,25860.45,Put,26650,0,0,14.9649,0,2,0
30-Dec-2025,25860.45,Call,24600,0,0,14.9649,0,4,0
30-Dec-2025,25860.45,Call,24550,0,0,14.9649,0,3,0
30-Dec-2025,25860.45,Call,24450,0,0,14.9649,0,6,0
30-Dec-2025,25860.45,Call,24700,0,0,14.9649,0,57,0
30-Dec-2025,25860.45,Call,24650,0,0,14.9649,0,3,0
30-Dec-2025,25860.45,Call,24200,0,0,14.9649,0,1,0
30-Dec-2025,25860.45,Call,24850,0,0,14.9649,0,13,0
30-Dec-2025,25860.45,Put,23350,0,0,14.9649,0,58,0
30-Dec-2025,25860.45,Call,25550,0,0,14.9649,0,23,0
30-Dec-2025,25860.45,Call,24350,0,0,14.9649,0,3,0
30-Dec-2025,25860.45,Call,23700,0,0,14.9649,0,0,0
30-Dec-2025,25860.45,Call,23800,0,0,14.9649,0,0,0
30-Dec-2025,25860.45,Call,23550,0,0,14.9649,0,0,0
30-Dec-2025,25860.45,Call,24950,0,0,14.9649,0,44,0
30-Dec-2025,25860.45,Call,23850,0,0,14.9649,0,0,0
30-Dec-2025,25860.45,Call,25250,0,0,14.9649,0,164,0
30-Dec-2025,25860.45,Put,23550,0,0,14.9649,0,47,0
30-Jun-2026,25860.45,Put,19000,0,0,14.9649,0,3.33333333333,0
30-Jun-2026,25860.45,Put,16000,0,0,14.9649,0,32.3333333333,0
30-Jun-2026,25860.45,Put,15000,0,0,14.9649,0,17,0
30-Jun-2026,25860.45,Put,14000,0,0,14.9649,0,20.3333333333,0
30-Jun-2026,25860.45,Call,31000,0,0,14.9649,0,0,0
30-Jun-2026,25860.45,Put,20000,0,0,14.9649,0,4691,0
30-Jun-2026,25860.45,Call,29000,0,0,14.9649,0,0,0
30-Jun-2026,25860.45,Put,12000,0,0,14.9649,0,4.33333333333,0
30-Jun-2026,25860.45,Put,13000,0,0,14.9649,0,2.66666666667,0
31-Mar-2026,25860.45,Put,19000,0,0,14.9649,0,7,0
31-Mar-2026,25860.45,Call,22000,0,0,14.9649,0,6,0
31-Mar-2026,25860.45,Call,21000,0,0,14.9649,0,3,0
31-Mar-2026,25860.45,Call,23000,0,0,14.9649,0,9,0
31-Mar-2026,25860.45,Call,31000,0,0,14.9649,0,0,0
30-Dec-2025,25860.45,Put,26950,0,0,14.9649,0,3,0
30-Dec-2025,25860.45,Put,26450,0,0,14.9649,0,53,0
30-Dec-2025,25860.45,Put,23650,0,0,14.9649,0,30,0
30-Dec-2025,25860.45,Put,27050,0,0,14.9649,0,5,0
30-Dec-2025,25860.45,Put,27200,0,0,14.9649,0,1,0
30-Dec-2025,25860.45,Call,27200,0,0,14.9649,0,0,0
30-Dec-2025,25860.45,Put,27150,0,0,14.9649,0,1,0
30-Dec-2025,25860.45,Call,27150,0,0,14.9649,0,0,0
30-Dec-2025,25860.45,Put,27250,0,0,14.9649,0,1,0
30-Dec-2025,25860.45,Call,27250,0,0,14.9649,0,0,0
30-Dec-2025,25860.45,Put,27350,0,0,14.9649,0,0,0
30-Dec-2025,25860.45,Call,27350,0,0,14.9649,0,0,0
30-Dec-2025,25860.45,Put,27100,0,0,14.9649,0,1,0
30-Dec-2025,25860.45,Put,24050,0,0,14.9649,0,38,0
30-Dec-2025,25860.45,Call,23950,0,0,14.9649,0,0,0
30-Dec-2025,25860.45,Put,24450,0,0,14.9649,0,66,0
30-Dec-2025,25860.45,Call,25650,0,0,14.9649,0,71,0
30-Dec-2025,25860.45,Put,24350,0,0,14.9649,0,90,0
30-Dec-2025,25860.45,Put,22850,0,0,14.9649,0,56,0
30-Dec-2025,25860.45,Put,23150,0,0,14.9649,0,30,0
27-Jun-2028,25860.45,Put,23000,0,0,14.9649,0,0,0
28-Dec-2027,25860.45,Put,23000,0,0,14.9649,0,50,0
28-Dec-2027,25860.45,Put,17000,0,0,14.9649,0,189.333333333,0
28-Dec-2027,25860.45,Put,20000,0,0,14.9649,0,52.6666666667,0
28-Dec-2027,25860.45,Put,21000,0,0,14.9649,0,13.6666666667,0
28-Dec-2027,25860.45,Put,27000,0,0,14.9649,0,5,0
28-Dec-2027,25860.45,Put,25000,0,0,14.9649,0,31,0
28-Dec-2027,25860.45,Call,24000,0,0,14.9649,0,0,0
28-Dec-2027,25860.45,Call,31000,0,0,14.9649,0,0,0
29-Jun-2027,25860.45,Put,28000,0,0,14.9649,0,0,0
29-Jun-2027,25860.45,Put,27000,0,0,14.9649,0,0,0
29-Jun-2027,25860.45,Put,26000,0,0,14.9649,0,0,0
29-Jun-2027,25860.45,Put,25000,0,0,14.9649,0,0,0
29-Jun-2027,25860.45,Put,23000,0,0,14.9649,0,0,0
29-Jun-2027,25860.45,Put,22000,0,0,14.9649,0,0,0
29-Jun-2027,25860.45,Put,21000,0,0,14.9649,0,13.3333333333,0
29-Jun-2027,25860.45,Put,24000,0,0,14.9649,0,0,0
29-Jun-2027,25860.45,Call,30000,0,0,14.9649,0,0,0
29-Jun-2027,25860.45,Call,29000,0,0,14.9649,0,0,0
29-Jun-2027,25860.45,Call,31000,0,0,14.9649,0,0,0
29-Jun-2027,25860.45,Put,20000,0,0,14.9649,0,0,0
29-Jun-2027,25860.45,Put,18000,0,0,14.9649,0,1.33333333333,0
29-Dec-2026,25860.45,Put,13000,0,0,14.9649,0,33,0
29-Dec-2026,25860.45,Call,24000,0,0,14.9649,0,131,0
29-Dec-2026,25860.45,Call,23000,0,0,14.9649,0,68,0
29-Dec-2026,25860.45,Call,22000,0,0,14.9649,0,25,0
29-Dec-2026,25860.45,Put,19000,0,0,14.9649,0,23,0
29-Dec-2026,25860.45,Put,18000,0,0,14.9649,0,79.3333333333,0
29-Dec-2026,25860.45,Put,17000,0,0,14.9649,0,38,0
29-Dec-2026,25860.45,Put,16000,0,0,14.9649,0,32.3333333333,0
29-Dec-2026,25860.45,Put,15000,0,0,14.9649,0,19.6666666667,0
29-Dec-2026,25860.45,Put,14000,0,0,14.9649,0,29.6666666667,0
29-Dec-2026,25860.45,Put,12000,0,0,14.9649,0,7.66666666667,0
29-Sep-2026,25860.45,Call,30000,0,0,14.9649,0,0,0
29-Sep-2026,25860.45,Put,25000,0,0,14.9649,0,0,0
29-Sep-2026,25860.45,Put,26000,0,0,14.9649,0,0,0
29-Sep-2026,25860.45,Call,27000,0,0,14.9649,0,0,0
29-Sep-2026,25860.45,Put,27000,0,0,14.9649,0,0,0
29-Sep-2026,25860.45,Call,31000,0,0,14.9649,0,0,0
29-Sep-2026,25860.45,Put,24000,0,0,14.9649,0,0,0
29-Sep-2026,25860.45,Call,28000,0,0,14.9649,0,0,0
29-Sep-2026,25860.45,Call,29000,0,0,14.9649,0,0,0
29-Sep-2026,25860.45,Call,25000,0,0,14.9649,0,0,0
30-Jun-2026,25860.45,Call,19000,0,0,14.9649,0,1.33333333333,0
24-Dec-2029,25860.45,Put,22000,0,0,14.9649,0,0,0
24-Dec-2029,25860.45,Put,25000,0,0,14.9649,0,3,0
24-Dec-2029,25860.45,Put,26000,0,0,14.9649,0,2,0
26-Jun-2029,25860.45,Put,27000,0,0,14.9649,0,0,0
26-Jun-2029,25860.45,Put,26000,0,0,14.9649,0,0.666666666667,0
26-Jun-2029,25860.45,Put,25000,0,0,14.9649,0,0,0
26-Jun-2029,25860.45,Put,23000,0,0,14.9649,0,0,0
26-Jun-2029,25860.45,Put,22000,0,0,14.9649,0,0,0
26-Jun-2029,25860.45,Put,21000,0,0,14.9649,0,0,0
26-Jun-2029,25860.45,Put,20000,0,0,14.9649,0,0,0
26-Jun-2029,25860.45,Put,24000,0,0,14.9649,0,0.333333333333,0
26-Jun-2029,25860.45,Put,19000,0,0,14.9649,0,0,0
26-Jun-2029,25860.45,Put,31000,0,0,14.9649,0,0,0
26-Jun-2029,25860.45,Put,29000,0,0,14.9649,0,0,0
26-Jun-2029,25860.45,Put,28000,0,0,14.9649,0,0,0
26-Dec-2028,25860.45,Put,24000,0,0,14.9649,0,24,0
26-Dec-2028,25860.45,Put,25000,0,0,14.9649,0,59.3333333333,0
26-Dec-2028,25860.45,Put,28000,0,0,14.9649,0,0,0
26-Dec-2028,25860.45,Put,29000,0,0,14.9649,0,0,0
26-Dec-2028,25860.45,Put,26000,0,0,14.9649,0,5,0
26-Dec-2028,25860.45,Put,30000,0,0,14.9649,0,0,0
26-Dec-2028,25860.45,Put,31000,0,0,14.9649,0,0,0
26-Dec-2028,25860.45,Put,23000,0,0,14.9649,0,43,0
26-Dec-2028,25860.45,Put,22000,0,0,14.9649,0,5,0
26-Dec-2028,25860.45,Put,20000,0,0,14.9649,0,14.6666666667,0
26-Dec-2028,25860.45,Put,19000,0,0,14.9649,0,0,0
26-Dec-2028,25860.45,Put,18000,0,0,14.9649,0,1,0
26-Dec-2028,25860.45,Put,21000,0,0,14.9649,0,16.6666666667,0
26-Dec-2028,25860.45,Put,27000,0,0,14.9649,0,0,0
27-Jun-2028,25860.45,Put,26000,0,0,14.9649,0,0,0
27-Jun-2028,25860.45,Put,25000,0,0,14.9649,0,0,0
27-Jun-2028,25860.45,Put,27000,0,0,14.9649,0,0,0
28-Dec-2027,25860.45,Put,26000,0,0,14.9649,0,12,0
27-Jun-2028,25860.45,Put,19000,0,0,14.9649,0,0,0
28-Dec-2027,25860.45,Put,18000,0,0,14.9649,0,154,0
28-Dec-2027,25860.45,Put,19000,0,0,14.9649,0,9,0
28-Dec-2027,25860.45,Put,28000,0,0,14.9649,0,0,0
28-Dec-2027,25860.45,Call,26000,0,0,14.9649,0,0,0
27-Jun-2028,25860.45,Put,21000,0,0,14.9649,0,0,0
27-Jun-2028,25860.45,Put,30000,0,0,14.9649,0,0,0
29-Jun-2027,25860.45,Put,19000,0,0,14.9649,0,8,0
27-Jun-2028,25860.45,Put,20000,0,0,14.9649,0,0,0
28-Dec-2027,25860.45,Call,25000,0,0,14.9649,0,3,0
27-Jun-2028,25860.45,Call,31000,0,0,14.9649,0,0,0
28-Dec-2027,25860.45,Put,24000,0,0,14.9649,0,52,0
27-Jun-2028,25860.45,Put,22000,0,0,14.9649,0,4.33333333333,0
28-Dec-2027,25860.45,Call,27000,0,0,14.9649,0,0,0
28-Dec-2027,25860.45,Put,15000,0,0,14.9649,0,8.33333333333,0
27-Jun-2028,25860.45,Put,28000,0,0,14.9649,0,0,0
28-Dec-2027,25860.45,Put,29000,0,0,14.9649,0,0,0
27-Jun-2028,25860.45,Put,29000,0,0,14.9649,0,0,0
27-Jun-2028,25860.45,Put,24000,0,0,14.9649,0,0,0
28-Dec-2027,25860.45,Call,30000,0,0,14.9649,0,0,0
28-Dec-2027,25860.45,Put,22000,0,0,14.9649,0,27.3333333333,0
24-Dec-2029,25860.45,Put,30000,0,0,14.9649,0,0,0
24-Dec-2029,25860.45,Put,24000,0,0,14.9649,0,0,0
26-Jun-2029,25860.45,Put,30000,0,0,14.9649,0,0,0
25-Jun-2030,25860.45,Put,19000,0,0,14.9649,0,0,0
25-Jun-2030,25860.45,Put,27000,0,0,14.9649,0,0,0
24-Dec-2029,25860.45,Put,28000,0,0,14.9649,0,0,0
25-Jun-2030,25860.45,Put,26000,0,0,14.9649,0,0,0
25-Jun-2030,25860.45,Put,21000,0,0,14.9649,0,0,0
25-Jun-2030,25860.45,Put,24000,0,0,14.9649,0,0,0
24-Dec-2029,25860.45,Put,23000,0,0,14.9649,0,34,0
25-Jun-2030,25860.45,Put,22000,0,0,14.9649,0,0,0
25-Jun-2030,25860.45,Put,30000,0,0,14.9649,0,0,0
24-Dec-2029,25860.45,Put,20000,0,0,14.9649,0,0,0
24-Dec-2029,25860.45,Put,21000,0,0,14.9649,0,0,0
25-Jun-2030,25860.45,Put,28000,0,0,14.9649,0,0,0
24-Dec-2029,25860.45,Put,27000,0,0,14.9649,0,0,0
25-Jun-2030,25860.45,Put,20000,0,0,14.9649,0,0,0
25-Jun-2030,25860.45,Put,31000,0,0,14.9649,0,0,0
24-Dec-2029,25860.45,Put,29000,0,0,14.9649,0,0,0
24-Dec-2029,25860.45,Put,19000,0,0,14.9649,0,0,0
25-Jun-2030,25860.45,Put,29000,0,0,14.9649,0,0,0
25-Jun-2030,25860.45,Put,23000,0,0,14.9649,0,0,0
25-Jun-2030,25860.45,Put,25000,0,0,14.9649,0,0,0
24-Dec-2029,25860.45,Put,31000,0,0,14.9649,0,0,0
