28-Oct-2025,1445.9,Put,1440,7.7,18.36,24.5913,1356,4031,12132
28-Oct-2025,1445.9,-,0,1444.6,0,24.5913,2478,162701,11959
25-Nov-2025,1445.9,-,0,1452.8,0,24.5913,8275,97031,11190
28-Oct-2025,1445.9,Call,1450,7.45,14.41,24.5913,1019,4012,10446
28-Oct-2025,1445.9,Call,1460,4.55,15.72,24.5913,460,6944,8967
28-Oct-2025,1445.9,Call,1470,2.7,17.06,24.5913,-44,4345,7312
28-Oct-2025,1445.9,Put,1430,4.05,17.86,24.5913,215,2052,5871
28-Oct-2025,1445.9,Call,1480,1.7,18.48,24.5913,-142,5947,5607
28-Oct-2025,1445.9,Put,1420,1.95,17.63,24.5913,-152,3240,5283
28-Oct-2025,1445.9,Call,1500,0.75,21.4,24.5913,-494,9740,4433
28-Oct-2025,1445.9,Call,1440,12,12.68,24.5913,294,1608,4381
28-Oct-2025,1445.9,Put,1450,13,19.21,24.5913,-266,2322,4310
28-Oct-2025,1445.9,Call,1490,1.1,19.81,24.5913,-384,2983,3088
25-Nov-2025,1445.9,Call,1500,13.8,17.33,24.5913,397,7333,2410
28-Oct-2025,1445.9,Put,1460,19.85,20.72,24.5913,-191,2025,2406
28-Oct-2025,1445.9,Put,1400,0.7,20.37,24.5913,115,6420,2365
28-Oct-2025,1445.9,Call,1430,18.4,11.25,24.5913,-20,1354,2113
28-Oct-2025,1445.9,Put,1410,1.15,18.74,24.5913,-117,1209,2094
28-Oct-2025,1445.9,Put,1470,28.1,23.3,24.5913,-259,1714,1269
25-Nov-2025,1445.9,Put,1400,11.95,19.84,24.5913,376,3222,1168
28-Oct-2025,1445.9,Call,1420,26.5,0,24.5913,-43,3116,919
28-Oct-2025,1445.9,Put,1360,0.2,27.26,24.5913,-341,1961,861
25-Nov-2025,1445.9,Call,1450,33.3,16.71,24.5913,71,1379,729
25-Nov-2025,1445.9,Call,1460,28.2,16.96,24.5913,114,3547,654
28-Oct-2025,1445.9,Call,1510,0.6,22.78,24.5913,-73,2577,621
28-Oct-2025,1445.9,Call,1520,0.45,24.76,24.5913,23,2181,620
25-Nov-2025,1445.9,Put,1440,24.7,19.47,24.5913,61,630,614
25-Nov-2025,1445.9,Call,1600,2.25,19.82,24.5913,137,2580,561
25-Nov-2025,1445.9,Call,1470,23.85,17.15,24.5913,113,1531,551
25-Nov-2025,1445.9,Call,1440,38.5,16.85,24.5913,75,466,547
25-Nov-2025,1445.9,Put,1450,29,19.58,24.5913,109,1115,530
25-Nov-2025,1445.9,Call,1480,20,16.98,24.5913,97,1942,526
28-Oct-2025,1445.9,Put,1390,0.5,21.97,24.5913,107,1834,498
28-Oct-2025,1445.9,Call,1360,85.25,0,24.5913,-387,1039,468
25-Nov-2025,1445.9,Call,1550,5.2,18.24,24.5913,70,505,431
25-Nov-2025,1445.9,Call,1400,65.5,16.4,24.5913,0,2239,408
30-Dec-2025,1445.9,-,0,1462,0,24.5913,94,5802,348
28-Oct-2025,1445.9,Call,1530,0.3,25.77,24.5913,-98,2449,335
25-Nov-2025,1445.9,Put,1380,8.05,20.02,24.5913,-19,845,335
25-Nov-2025,1445.9,Call,1540,6.35,17.94,24.5913,-37,1416,325
25-Nov-2025,1445.9,Call,1520,9.3,17.55,24.5913,73,1254,324
25-Nov-2025,1445.9,Put,1460,34.25,19.59,24.5913,14,1820,297
28-Oct-2025,1445.9,Put,1480,37.05,26.13,24.5913,-59,2117,278
25-Nov-2025,1445.9,Put,1470,39.95,19.85,24.5913,86,833,276
28-Oct-2025,1445.9,Put,1350,0.2,30.03,24.5913,-51,1576,275
28-Oct-2025,1445.9,Put,1370,0.3,25.99,24.5913,-1,2448,272
28-Oct-2025,1445.9,Put,1500,56,32.47,24.5913,-117,1739,264
25-Nov-2025,1445.9,Put,1500,59.3,20.27,24.5913,49,2658,244
25-Nov-2025,1445.9,Put,1420,17.2,19.46,24.5913,78,657,243
25-Nov-2025,1445.9,Call,1490,16.5,17.2,24.5913,20,657,224
28-Oct-2025,1445.9,Call,1560,0.2,30.33,24.5913,-69,1188,223
25-Nov-2025,1445.9,Call,1530,7.85,17.8,24.5913,-11,477,214
28-Oct-2025,1445.9,Put,1380,0.35,23.64,24.5913,-25,2572,202
25-Nov-2025,1445.9,Put,1350,4.7,21.27,24.5913,61,881,200
25-Nov-2025,1445.9,Put,1430,20.5,19.41,24.5913,37,466,191
28-Oct-2025,1445.9,Call,1540,0.25,27.58,24.5913,13,1201,181
25-Nov-2025,1445.9,Put,1300,2.05,23.68,24.5913,37,924,174
28-Oct-2025,1445.9,Put,1300,0.2,42.3,24.5913,-102,2348,173
28-Oct-2025,1445.9,Call,1400,45,0,24.5913,-37,5903,164
25-Nov-2025,1445.9,Put,1480,46.25,19.19,24.5913,-6,617,140
25-Nov-2025,1445.9,Call,1560,4.35,18.58,24.5913,5,751,133
25-Nov-2025,1445.9,Call,1510,11.4,17.88,24.5913,-1,512,130
25-Nov-2025,1445.9,Call,1580,3.05,19.09,24.5913,30,488,127
25-Nov-2025,1445.9,Put,1360,5.5,20.81,24.5913,39,543,120
28-Oct-2025,1445.9,Call,1380,65.85,0,24.5913,-69,2900,113
25-Nov-2025,1445.9,Call,1430,45.3,16.72,24.5913,31,256,104
25-Nov-2025,1445.9,Call,1640,1.35,21.75,24.5913,8,813,100
28-Oct-2025,1445.9,Put,1490,46.3,23.08,24.5913,-49,376,96
25-Nov-2025,1445.9,Put,1660,205.1,31.48,24.5913,2,1169,90
25-Nov-2025,1445.9,Put,1410,14.15,19.61,24.5913,8,232,85
25-Nov-2025,1445.9,Call,1420,51,16.6,24.5913,3,458,81
25-Nov-2025,1445.9,Put,1370,6.75,20.54,24.5913,9,483,79
25-Nov-2025,1445.9,Put,1390,9.7,19.8,24.5913,12,336,73
25-Nov-2025,1445.9,Put,1320,2.8,22.36,24.5913,-21,287,67
28-Oct-2025,1445.9,Call,1410,35,0,24.5913,-18,986,62
28-Oct-2025,1445.9,Put,1340,0.2,31.59,24.5913,-17,1114,60
28-Oct-2025,1445.9,Call,1600,0.1,37.36,24.5913,-13,1796,56
28-Oct-2025,1445.9,Call,1370,74.6,0,24.5913,-42,1113,55
25-Nov-2025,1445.9,Call,1660,1.05,22.58,24.5913,25,284,54
28-Oct-2025,1445.9,Call,1580,0.1,33.18,24.5913,-2,498,51
28-Oct-2025,1445.9,Call,1550,0.2,29.12,24.5913,26,184,47
28-Oct-2025,1445.9,Put,1250,0.15,55.79,24.5913,-26,279,47
25-Nov-2025,1445.9,Put,1490,51.9,19.05,24.5913,-9,182,46
28-Oct-2025,1445.9,Put,1260,0.1,53.08,24.5913,0,535,43
25-Nov-2025,1445.9,Put,1600,146.65,26.13,24.5913,14,797,42
25-Nov-2025,1445.9,Call,1570,3.65,18.99,24.5913,-12,68,41
30-Dec-2025,1445.9,Call,1500,28.25,16.19,24.5913,10,420,40
25-Nov-2025,1445.9,Call,1620,1.7,20.77,24.5913,7,360,37
25-Nov-2025,1445.9,Put,1340,3.85,21.62,24.5913,6,329,37
25-Nov-2025,1445.9,Call,1590,2.65,19.56,24.5913,13,48,33
28-Oct-2025,1445.9,Put,1220,0.15,64,24.5913,-7,88,28
25-Nov-2025,1445.9,Call,1300,155.2,0,24.5913,7,129,25
30-Dec-2025,1445.9,Put,1400,18.55,18.98,24.5913,-1,285,24
28-Oct-2025,1445.9,Put,1280,0.15,47.67,24.5913,-6,1406,23
25-Nov-2025,1445.9,Put,1330,3.2,21.91,24.5913,-10,192,22
25-Nov-2025,1445.9,Put,1310,2.25,22.96,24.5913,1,118,21
25-Nov-2025,1445.9,Call,1410,58.05,17.32,24.5913,-2,100,21
25-Nov-2025,1445.9,Put,1270,1.4,25.75,24.5913,-2,48,20
28-Oct-2025,1445.9,Call,1570,0.15,32.58,24.5913,9,69,18
28-Oct-2025,1445.9,Put,1600,155.25,50.9,24.5913,-6,1711,18
28-Oct-2025,1445.9,Put,1200,0.05,66.62,24.5913,-13,1188,18
28-Oct-2025,1445.9,Put,1310,0.1,37.79,24.5913,-3,579,17
28-Oct-2025,1445.9,Put,1320,0.1,35.22,24.5913,-9,882,15
30-Dec-2025,1445.9,Call,1480,37.1,16.33,24.5913,7,133,15
25-Nov-2025,1445.9,Put,1220,0.85,29.44,24.5913,10,28,14
28-Oct-2025,1445.9,Put,1290,0.15,44.98,24.5913,0,303,13
28-Oct-2025,1445.9,Put,1240,0.1,55.99,24.5913,-9,245,13
28-Oct-2025,1445.9,Call,1390,58.85,25.94,24.5913,-1,1452,13
25-Nov-2025,1445.9,Put,1200,1,32.05,24.5913,3,1154,13
28-Oct-2025,1445.9,Call,1640,0.05,45.43,24.5913,-2,403,11
28-Oct-2025,1445.9,Put,1510,61.1,0,24.5913,5,71,10
28-Oct-2025,1445.9,Put,1330,0.15,34.27,24.5913,-4,1006,10
28-Oct-2025,1445.9,Put,1180,0.05,67.39,24.5913,-1,128,10
28-Oct-2025,1445.9,Call,1350,96,0,24.5913,-7,627,10
25-Nov-2025,1445.9,Put,1260,1.15,26.26,24.5913,0,150,10
30-Dec-2025,1445.9,Call,1400,83,15.15,24.5913,1,165,10
30-Dec-2025,1445.9,Put,1200,1.65,27.8,24.5913,0,49,10
25-Nov-2025,1445.9,Put,1280,1.55,24.69,24.5913,4,104,8
30-Dec-2025,1445.9,Put,1460,40,18.43,24.5913,5,36,8
28-Oct-2025,1445.9,Call,1300,146.05,0,24.5913,-4,1419,7
30-Dec-2025,1445.9,Call,1600,7,17.03,24.5913,0,92,7
28-Oct-2025,1445.9,Put,1270,0.1,48.14,24.5913,-3,385,6
28-Oct-2025,1445.9,Put,1160,0.1,77.48,24.5913,0,39,6
30-Dec-2025,1445.9,Put,1360,10.2,19.29,24.5913,3,27,6
30-Dec-2025,1445.9,Put,1300,5.05,21.56,24.5913,3,71,6
25-Nov-2025,1445.9,Call,1320,137.15,0,24.5913,1,30,5
28-Oct-2025,1445.9,Put,1540,92.2,24.04,24.5913,-2,210,4
28-Oct-2025,1445.9,Put,1230,0.15,61.25,24.5913,0,56,4
25-Nov-2025,1445.9,Put,1640,182,24.52,24.5913,0,69,4
30-Dec-2025,1445.9,Call,1460,48.3,16.91,24.5913,3,10,4
25-Nov-2025,1445.9,Call,1370,94.6,20.32,24.5913,0,128,3
25-Nov-2025,1445.9,Put,1250,1.15,27.27,24.5913,0,73,3
25-Nov-2025,1445.9,Call,1380,84.5,18.52,24.5913,0,429,3
30-Dec-2025,1445.9,Put,1500,65,20.31,24.5913,2,64,3
28-Oct-2025,1445.9,Call,1620,0.1,41.44,24.5913,0,102,2
28-Oct-2025,1445.9,Put,1640,191.9,0,24.5913,-1,1235,2
28-Oct-2025,1445.9,Call,1200,243.7,0,24.5913,0,88,2
25-Nov-2025,1445.9,Call,1360,98.65,13.62,24.5913,1,319,2
25-Nov-2025,1445.9,Put,1240,1.05,28.46,24.5913,1,181,2
25-Nov-2025,1445.9,Call,1350,108.5,13.35,24.5913,0,122,2
28-Oct-2025,1445.9,Put,1560,113,39.78,24.5913,0,256,1
28-Oct-2025,1445.9,Call,1590,0.2,38.31,24.5913,0,15,1
28-Oct-2025,1445.9,Call,1340,109,44.7,24.5913,0,758,1
28-Oct-2025,1445.9,Call,1320,128,41.4,24.5913,0,304,1
28-Oct-2025,1445.9,Call,1270,180,77.14,24.5913,0,143,1
25-Nov-2025,1445.9,Put,1510,63.7,18.57,24.5913,0,11,1
25-Nov-2025,1445.9,Call,1330,127.9,12.33,24.5913,0,4,1
25-Nov-2025,1445.9,Call,1390,74.5,16.81,24.5913,0,290,1
25-Nov-2025,1445.9,Call,1340,120.5,19.7,24.5913,0,23,1
30-Dec-2025,1445.9,Put,1380,14.3,19.36,24.5913,0,37,1
30-Dec-2025,1445.9,Call,1560,12.5,0,24.5913,0,123,1
30-Dec-2025,1445.9,Call,1440,58.2,16.34,24.5913,0,11,1
28-Oct-2025,1445.9,Put,1620,0,0,24.5913,0,63,0
28-Oct-2025,1445.9,Put,1550,0,0,24.5913,0,0,0
28-Oct-2025,1445.9,Put,1570,0,0,24.5913,0,0,0
28-Oct-2025,1445.9,Put,1590,0,0,24.5913,0,0,0
28-Oct-2025,1445.9,Call,1660,0,0,24.5913,0,0,0
28-Oct-2025,1445.9,Put,1660,0,0,24.5913,0,0,0
28-Oct-2025,1445.9,Call,1140,0,0,24.5913,0,7,0
28-Oct-2025,1445.9,Put,1140,0,0,24.5913,0,108,0
28-Oct-2025,1445.9,Call,1280,0,0,24.5913,0,123,0
28-Oct-2025,1445.9,Call,1260,0,0,24.5913,0,80,0
28-Oct-2025,1445.9,Put,1530,0,0,24.5913,0,26,0
28-Oct-2025,1445.9,Call,1330,0,0,24.5913,0,234,0
28-Oct-2025,1445.9,Put,1520,0,0,24.5913,0,129,0
28-Oct-2025,1445.9,Call,1290,0,0,24.5913,0,141,0
28-Oct-2025,1445.9,Call,1310,0,0,24.5913,0,155,0
28-Oct-2025,1445.9,Call,1250,0,0,24.5913,0,119,0
28-Oct-2025,1445.9,Call,1240,0,0,24.5913,0,31,0
28-Oct-2025,1445.9,Call,1160,0,0,24.5913,0,9,0
28-Oct-2025,1445.9,Call,1180,0,0,24.5913,0,1175,0
28-Oct-2025,1445.9,Call,1220,0,0,24.5913,0,42,0
28-Oct-2025,1445.9,Put,1580,0,0,24.5913,0,70,0
25-Nov-2025,1445.9,Put,1160,0,0,24.5913,0,0,0
25-Nov-2025,1445.9,Put,1180,0,0,24.5913,0,0,0
25-Nov-2025,1445.9,Put,1620,0,0,24.5913,0,30,0
25-Nov-2025,1445.9,Put,1530,0,0,24.5913,0,2,0
25-Nov-2025,1445.9,Put,1540,0,0,24.5913,0,114,0
25-Nov-2025,1445.9,Put,1560,0,0,24.5913,0,66,0
25-Nov-2025,1445.9,Call,1220,0,0,24.5913,0,0,0
25-Nov-2025,1445.9,Call,1200,0,0,24.5913,0,80,0
25-Nov-2025,1445.9,Call,1180,0,0,24.5913,0,937,0
25-Nov-2025,1445.9,Call,1160,0,0,24.5913,0,0,0
25-Nov-2025,1445.9,Call,1240,0,0,24.5913,0,69,0
25-Nov-2025,1445.9,Call,1280,0,0,24.5913,0,0,0
25-Nov-2025,1445.9,Call,1260,0,0,24.5913,0,3,0
25-Nov-2025,1445.9,Put,1520,0,0,24.5913,0,349,0
25-Nov-2025,1445.9,Call,1250,0,0,24.5913,0,0,0
25-Nov-2025,1445.9,Call,1310,0,0,24.5913,0,0,0
25-Nov-2025,1445.9,Call,1290,0,0,24.5913,0,0,0
25-Nov-2025,1445.9,Call,1270,0,0,24.5913,0,0,0
25-Nov-2025,1445.9,Put,1290,0,0,24.5913,0,32,0
25-Nov-2025,1445.9,Put,1550,0,0,24.5913,0,34,0
25-Nov-2025,1445.9,Put,1570,0,0,24.5913,0,1,0
25-Nov-2025,1445.9,Put,1590,0,0,24.5913,0,0,0
30-Dec-2025,1445.9,Put,1480,0,0,24.5913,0,1,0
25-Nov-2025,1445.9,Put,1580,0,0,24.5913,0,0,0
30-Dec-2025,1445.9,Call,1380,0,0,24.5913,0,3,0
30-Dec-2025,1445.9,Put,1240,0,0,24.5913,0,0,0
30-Dec-2025,1445.9,Call,1680,0,0,24.5913,0,0,0
30-Dec-2025,1445.9,Call,1640,0,0,24.5913,0,0,0
30-Dec-2025,1445.9,Put,1260,0,0,24.5913,0,0,0
30-Dec-2025,1445.9,Put,1600,0,0,24.5913,0,1,0
30-Dec-2025,1445.9,Put,1420,0,0,24.5913,0,0,0
30-Dec-2025,1445.9,Call,1520,0,0,24.5913,0,0,0
30-Dec-2025,1445.9,Call,1420,0,0,24.5913,0,6,0
30-Dec-2025,1445.9,Put,1440,0,0,24.5913,0,0,0
30-Dec-2025,1445.9,Call,1580,0,0,24.5913,0,1,0
30-Dec-2025,1445.9,Put,1340,0,0,24.5913,0,0,0
30-Dec-2025,1445.9,Put,1160,0,0,24.5913,0,0,0
30-Dec-2025,1445.9,Put,1280,0,0,24.5913,0,29,0
30-Dec-2025,1445.9,Put,1320,0,0,24.5913,0,7,0
30-Dec-2025,1445.9,Call,1540,0,0,24.5913,0,32,0
