28-Oct-2025,1446.7,Put,1440,7.4,17.65,24.5913,1570,4245,11104
28-Oct-2025,1446.7,-,0,1445.9,0,24.5913,2134,162357,10521
25-Nov-2025,1446.7,-,0,1453.5,0,24.5913,7261,96017,9785
28-Oct-2025,1446.7,Call,1450,7.8,15.14,24.5913,787,3780,9444
28-Oct-2025,1446.7,Call,1460,4.8,16.44,24.5913,381,6865,8341
28-Oct-2025,1446.7,Call,1470,2.9,17.31,24.5913,-109,4280,6833
28-Oct-2025,1446.7,Put,1430,3.9,17.53,24.5913,202,2039,5351
28-Oct-2025,1446.7,Call,1480,1.75,18.57,24.5913,-48,6041,5079
28-Oct-2025,1446.7,Put,1420,1.9,17.34,24.5913,-150,3242,5034
28-Oct-2025,1446.7,Call,1440,12.45,14.15,24.5913,306,1620,4026
28-Oct-2025,1446.7,Put,1450,12.5,18.17,24.5913,-267,2321,3955
28-Oct-2025,1446.7,Call,1500,0.8,21.17,24.5913,-371,9863,3850
28-Oct-2025,1446.7,Call,1490,1.2,19.77,24.5913,-393,2974,2877
25-Nov-2025,1446.7,Call,1500,14,17.39,24.5913,385,7321,2266
28-Oct-2025,1446.7,Put,1460,19.35,19.17,24.5913,-209,2007,2227
28-Oct-2025,1446.7,Call,1430,19.2,12.8,24.5913,-21,1353,1989
28-Oct-2025,1446.7,Put,1410,1.1,18.91,24.5913,-90,1236,1913
28-Oct-2025,1446.7,Put,1400,0.7,20.51,24.5913,202,6507,1848
28-Oct-2025,1446.7,Put,1470,27.45,21.16,24.5913,-231,1742,1152
25-Nov-2025,1446.7,Put,1400,11.75,19.7,24.5913,346,3192,1101
28-Oct-2025,1446.7,Call,1420,27.05,0,24.5913,-40,3119,849
28-Oct-2025,1446.7,Put,1360,0.2,27.85,24.5913,-321,1981,827
25-Nov-2025,1446.7,Call,1450,33.25,17.12,24.5913,64,1372,675
28-Oct-2025,1446.7,Call,1510,0.55,22.44,24.5913,-71,2579,578
25-Nov-2025,1446.7,Put,1440,24.25,19.2,24.5913,53,622,551
28-Oct-2025,1446.7,Call,1520,0.45,24.54,24.5913,55,2213,536
25-Nov-2025,1446.7,Call,1440,39,17.14,24.5913,68,459,514
25-Nov-2025,1446.7,Call,1600,2.25,20.01,24.5913,112,2555,513
25-Nov-2025,1446.7,Call,1460,29.15,17.18,24.5913,91,3524,498
28-Oct-2025,1446.7,Put,1390,0.5,22.23,24.5913,117,1844,480
25-Nov-2025,1446.7,Put,1450,28.6,19.14,24.5913,104,1110,479
25-Nov-2025,1446.7,Call,1470,24,17.09,24.5913,88,1506,477
25-Nov-2025,1446.7,Call,1480,20.7,17.11,24.5913,93,1938,456
28-Oct-2025,1446.7,Call,1360,86,0,24.5913,-355,1071,432
25-Nov-2025,1446.7,Call,1550,5.4,18.22,24.5913,71,506,399
25-Nov-2025,1446.7,Call,1400,66.15,16.95,24.5913,8,2247,358
30-Dec-2025,1446.7,-,0,1463.4,0,24.5913,90,5798,332
25-Nov-2025,1446.7,Put,1380,7.8,20,24.5913,-18,846,319
25-Nov-2025,1446.7,Call,1520,9.5,17.53,24.5913,70,1251,316
28-Oct-2025,1446.7,Call,1530,0.3,25.75,24.5913,-75,2472,301
25-Nov-2025,1446.7,Call,1540,6.35,18,24.5913,-56,1397,279
28-Oct-2025,1446.7,Put,1370,0.3,26.62,24.5913,9,2458,262
25-Nov-2025,1446.7,Put,1460,33.75,19.19,24.5913,2,1808,259
28-Oct-2025,1446.7,Put,1480,36,22.13,24.5913,-56,2120,255
28-Oct-2025,1446.7,Put,1350,0.15,30.62,24.5913,-14,1613,237
28-Oct-2025,1446.7,Put,1500,55.7,28.58,24.5913,-109,1747,231
25-Nov-2025,1446.7,Put,1470,39,19.4,24.5913,61,808,224
25-Nov-2025,1446.7,Put,1420,17.05,19.23,24.5913,77,656,224
25-Nov-2025,1446.7,Put,1500,58.5,19.39,24.5913,38,2647,213
25-Nov-2025,1446.7,Call,1530,7.8,17.84,24.5913,-16,472,212
28-Oct-2025,1446.7,Call,1560,0.15,29.76,24.5913,-67,1190,211
25-Nov-2025,1446.7,Put,1350,4.55,21.05,24.5913,44,864,177
25-Nov-2025,1446.7,Call,1490,17.15,17.28,24.5913,-1,636,175
28-Oct-2025,1446.7,Put,1380,0.4,24.29,24.5913,1,2598,164
25-Nov-2025,1446.7,Put,1430,19.65,19.15,24.5913,37,466,159
28-Oct-2025,1446.7,Put,1300,0.15,42.84,24.5913,-100,2350,153
25-Nov-2025,1446.7,Put,1300,1.95,23.94,24.5913,39,926,150
28-Oct-2025,1446.7,Call,1400,47,0,24.5913,-30,5910,149
28-Oct-2025,1446.7,Call,1540,0.25,27.7,24.5913,13,1201,146
25-Nov-2025,1446.7,Put,1480,44.5,19.13,24.5913,-6,617,136
25-Nov-2025,1446.7,Call,1560,4.45,18.49,24.5913,5,751,132
25-Nov-2025,1446.7,Call,1510,12.1,17.44,24.5913,-1,512,129
25-Nov-2025,1446.7,Call,1580,3.05,19.1,24.5913,19,477,114
25-Nov-2025,1446.7,Put,1360,5.45,20.65,24.5913,29,533,106
25-Nov-2025,1446.7,Call,1640,1.35,21.5,24.5913,8,813,100
28-Oct-2025,1446.7,Put,1490,44.2,24.44,24.5913,-49,376,95
25-Nov-2025,1446.7,Call,1430,45.6,17.05,24.5913,29,254,94
25-Nov-2025,1446.7,Put,1410,14.2,19.32,24.5913,9,233,81
25-Nov-2025,1446.7,Call,1420,52.65,16.94,24.5913,-1,454,75
28-Oct-2025,1446.7,Call,1380,66.45,0,24.5913,-38,2931,70
25-Nov-2025,1446.7,Put,1660,202.95,28.1,24.5913,2,1169,70
25-Nov-2025,1446.7,Put,1370,6.45,20.3,24.5913,0,474,69
25-Nov-2025,1446.7,Put,1390,9.5,19.75,24.5913,11,335,69
28-Oct-2025,1446.7,Call,1410,36.9,0,24.5913,-19,985,58
28-Oct-2025,1446.7,Put,1340,0.2,32.15,24.5913,-16,1115,56
25-Nov-2025,1446.7,Call,1660,1.05,22.52,24.5913,25,284,53
28-Oct-2025,1446.7,Call,1580,0.1,34.23,24.5913,-2,498,51
28-Oct-2025,1446.7,Call,1600,0.1,36.83,24.5913,-12,1797,51
28-Oct-2025,1446.7,Call,1550,0.2,28.53,24.5913,26,184,47
28-Oct-2025,1446.7,Call,1370,76.8,0,24.5913,-31,1124,45
25-Nov-2025,1446.7,Put,1490,50.55,19.6,24.5913,-9,182,45
28-Oct-2025,1446.7,Put,1250,0.15,56.32,24.5913,-22,283,44
28-Oct-2025,1446.7,Put,1260,0.15,53.61,24.5913,0,535,42
25-Nov-2025,1446.7,Put,1320,2.6,22.63,24.5913,-9,299,41
25-Nov-2025,1446.7,Call,1570,3.8,18.81,24.5913,-12,68,40
30-Dec-2025,1446.7,Call,1500,28.5,15.86,24.5913,10,420,38
25-Nov-2025,1446.7,Call,1620,1.7,20.74,24.5913,12,365,36
25-Nov-2025,1446.7,Put,1340,3.7,21.54,24.5913,6,329,33
25-Nov-2025,1446.7,Put,1600,146,24.82,24.5913,14,797,32
25-Nov-2025,1446.7,Call,1590,2.65,19.53,24.5913,13,48,32
28-Oct-2025,1446.7,Put,1220,0.15,64.52,24.5913,-7,88,28
25-Nov-2025,1446.7,Call,1300,156.5,0,24.5913,7,129,24
28-Oct-2025,1446.7,Put,1280,0.15,48.21,24.5913,-6,1406,23
30-Dec-2025,1446.7,Put,1400,18.55,18.73,24.5913,-1,285,23
25-Nov-2025,1446.7,Put,1330,3.1,22.19,24.5913,-10,192,21
25-Nov-2025,1446.7,Put,1270,1.4,25.99,24.5913,-2,48,20
25-Nov-2025,1446.7,Put,1310,2.25,23.34,24.5913,1,118,19
25-Nov-2025,1446.7,Call,1410,59.55,16.86,24.5913,-2,100,19
28-Oct-2025,1446.7,Call,1570,0.15,32.01,24.5913,9,69,18
28-Oct-2025,1446.7,Put,1310,0.1,38.32,24.5913,-3,579,17
28-Oct-2025,1446.7,Put,1320,0.1,37.5,24.5913,-9,882,15
30-Dec-2025,1446.7,Call,1480,37.1,15.77,24.5913,7,133,15
28-Oct-2025,1446.7,Put,1600,153,64.2,24.5913,-6,1711,14
25-Nov-2025,1446.7,Put,1220,0.85,29.66,24.5913,10,28,14
28-Oct-2025,1446.7,Put,1290,0.15,45.52,24.5913,0,303,13
28-Oct-2025,1446.7,Put,1200,0.1,67.12,24.5913,-10,1191,13
28-Oct-2025,1446.7,Call,1390,58.85,0,24.5913,-1,1452,13
25-Nov-2025,1446.7,Put,1200,0.9,32.26,24.5913,3,1154,11
28-Oct-2025,1446.7,Put,1510,61.1,26.2,24.5913,5,71,10
28-Oct-2025,1446.7,Put,1330,0.15,33.18,24.5913,-4,1006,10
28-Oct-2025,1446.7,Put,1240,0.1,56.5,24.5913,-2,252,10
28-Oct-2025,1446.7,Put,1180,0.05,67.86,24.5913,0,129,9
28-Oct-2025,1446.7,Call,1350,96.75,0,24.5913,-5,629,9
30-Dec-2025,1446.7,Call,1400,83,14.67,24.5913,-1,163,9
28-Oct-2025,1446.7,Call,1640,0.1,41.87,24.5913,-1,404,8
28-Oct-2025,1446.7,Call,1300,146.05,0,24.5913,-4,1419,7
25-Nov-2025,1446.7,Put,1280,1.45,25.09,24.5913,1,101,7
30-Dec-2025,1446.7,Put,1460,39.25,18.23,24.5913,5,36,7
28-Oct-2025,1446.7,Put,1270,0.1,48.66,24.5913,-3,385,6
28-Oct-2025,1446.7,Put,1160,0.1,77.97,24.5913,0,39,6
25-Nov-2025,1446.7,Put,1260,1.2,26.5,24.5913,0,150,6
30-Dec-2025,1446.7,Call,1600,7.05,17.01,24.5913,0,92,6
25-Nov-2025,1446.7,Call,1320,137.15,11.91,24.5913,1,30,5
30-Dec-2025,1446.7,Put,1360,10.2,19.53,24.5913,1,25,5
30-Dec-2025,1446.7,Put,1300,5.1,22.39,24.5913,3,71,5
30-Dec-2025,1446.7,Put,1200,2.7,27.97,24.5913,0,49,5
28-Oct-2025,1446.7,Put,1230,0.15,61.78,24.5913,0,56,4
28-Oct-2025,1446.7,Put,1540,92.2,41.2,24.5913,-2,210,4
25-Nov-2025,1446.7,Put,1640,182,28.1,24.5913,0,69,4
30-Dec-2025,1446.7,Call,1460,48.3,16.38,24.5913,3,10,4
25-Nov-2025,1446.7,Call,1380,84.5,16.33,24.5913,0,429,3
25-Nov-2025,1446.7,Put,1250,1.15,27.5,24.5913,0,73,3
25-Nov-2025,1446.7,Call,1370,94.6,18.04,24.5913,0,128,3
30-Dec-2025,1446.7,Put,1500,65,20.84,24.5913,2,64,3
28-Oct-2025,1446.7,Call,1620,0.1,40.91,24.5913,0,102,2
28-Oct-2025,1446.7,Put,1640,191.9,70.17,24.5913,-1,1235,2
28-Oct-2025,1446.7,Put,1560,113,51.23,24.5913,0,256,1
28-Oct-2025,1446.7,Call,1590,0.2,37.74,24.5913,0,15,1
28-Oct-2025,1446.7,Call,1340,109,0,24.5913,0,758,1
28-Oct-2025,1446.7,Call,1200,244.1,0,24.5913,0,88,1
25-Nov-2025,1446.7,Put,1510,63.7,19.7,24.5913,0,11,1
25-Nov-2025,1446.7,Put,1240,1.15,28.69,24.5913,0,180,1
28-Oct-2025,1446.7,Call,1320,128,0,24.5913,0,304,1
28-Oct-2025,1446.7,Call,1270,180,49.12,24.5913,0,143,1
25-Nov-2025,1446.7,Call,1340,120.5,0,24.5913,0,23,1
25-Nov-2025,1446.7,Call,1390,74.5,0,24.5913,0,290,1
25-Nov-2025,1446.7,Call,1360,99,0,24.5913,0,318,1
25-Nov-2025,1446.7,Call,1330,127.9,0,24.5913,0,4,1
30-Dec-2025,1446.7,Put,1380,14.3,0,24.5913,0,37,1
30-Dec-2025,1446.7,Call,1440,58.2,15.7,24.5913,0,11,1
28-Oct-2025,1446.7,Put,1620,0,0,24.5913,0,63,0
28-Oct-2025,1446.7,Put,1550,0,0,24.5913,0,0,0
28-Oct-2025,1446.7,Put,1570,0,0,24.5913,0,0,0
28-Oct-2025,1446.7,Put,1590,0,0,24.5913,0,0,0
28-Oct-2025,1446.7,Call,1660,0,0,24.5913,0,0,0
28-Oct-2025,1446.7,Put,1660,0,0,24.5913,0,0,0
28-Oct-2025,1446.7,Call,1140,0,0,24.5913,0,7,0
28-Oct-2025,1446.7,Put,1140,0,0,24.5913,0,108,0
28-Oct-2025,1446.7,Put,1530,0,0,24.5913,0,26,0
28-Oct-2025,1446.7,Call,1260,0,0,24.5913,0,80,0
28-Oct-2025,1446.7,Call,1280,0,0,24.5913,0,123,0
28-Oct-2025,1446.7,Put,1520,0,0,24.5913,0,129,0
28-Oct-2025,1446.7,Call,1250,0,0,24.5913,0,119,0
28-Oct-2025,1446.7,Call,1290,0,0,24.5913,0,141,0
28-Oct-2025,1446.7,Call,1310,0,0,24.5913,0,155,0
28-Oct-2025,1446.7,Call,1160,0,0,24.5913,0,9,0
28-Oct-2025,1446.7,Call,1220,0,0,24.5913,0,42,0
28-Oct-2025,1446.7,Put,1580,0,0,24.5913,0,70,0
25-Nov-2025,1446.7,Put,1160,0,0,24.5913,0,0,0
25-Nov-2025,1446.7,Put,1530,0,0,24.5913,0,2,0
25-Nov-2025,1446.7,Put,1180,0,0,24.5913,0,0,0
25-Nov-2025,1446.7,Put,1540,0,0,24.5913,0,114,0
25-Nov-2025,1446.7,Call,1160,0,0,24.5913,0,0,0
25-Nov-2025,1446.7,Call,1200,0,0,24.5913,0,80,0
25-Nov-2025,1446.7,Call,1220,0,0,24.5913,0,0,0
25-Nov-2025,1446.7,Call,1260,0,0,24.5913,0,3,0
25-Nov-2025,1446.7,Call,1270,0,0,24.5913,0,0,0
25-Nov-2025,1446.7,Call,1290,0,0,24.5913,0,0,0
25-Nov-2025,1446.7,Call,1310,0,0,24.5913,0,0,0
30-Dec-2025,1446.7,Call,1380,0,0,24.5913,0,3,0
25-Nov-2025,1446.7,Call,1180,0,0,24.5913,0,937,0
28-Oct-2025,1446.7,Call,1330,0,0,24.5913,0,234,0
25-Nov-2025,1446.7,Put,1620,0,0,24.5913,0,30,0
25-Nov-2025,1446.7,Call,1240,0,0,24.5913,0,69,0
25-Nov-2025,1446.7,Put,1560,0,0,24.5913,0,66,0
25-Nov-2025,1446.7,Call,1280,0,0,24.5913,0,0,0
25-Nov-2025,1446.7,Put,1290,0,0,24.5913,0,32,0
28-Oct-2025,1446.7,Call,1240,0,0,24.5913,0,31,0
25-Nov-2025,1446.7,Put,1590,0,0,24.5913,0,0,0
28-Oct-2025,1446.7,Call,1180,0,0,24.5913,0,1175,0
30-Dec-2025,1446.7,Call,1520,0,0,24.5913,0,0,0
25-Nov-2025,1446.7,Put,1550,0,0,24.5913,0,34,0
30-Dec-2025,1446.7,Put,1440,0,0,24.5913,0,0,0
30-Dec-2025,1446.7,Put,1260,0,0,24.5913,0,0,0
30-Dec-2025,1446.7,Call,1420,0,0,24.5913,0,6,0
30-Dec-2025,1446.7,Put,1600,0,0,24.5913,0,1,0
30-Dec-2025,1446.7,Put,1420,0,0,24.5913,0,0,0
25-Nov-2025,1446.7,Call,1350,0,0,24.5913,0,122,0
25-Nov-2025,1446.7,Put,1570,0,0,24.5913,0,1,0
25-Nov-2025,1446.7,Call,1250,0,0,24.5913,0,0,0
30-Dec-2025,1446.7,Put,1480,0,0,24.5913,0,1,0
25-Nov-2025,1446.7,Put,1520,0,0,24.5913,0,349,0
30-Dec-2025,1446.7,Put,1240,0,0,24.5913,0,0,0
30-Dec-2025,1446.7,Call,1680,0,0,24.5913,0,0,0
30-Dec-2025,1446.7,Call,1640,0,0,24.5913,0,0,0
25-Nov-2025,1446.7,Put,1580,0,0,24.5913,0,0,0
30-Dec-2025,1446.7,Put,1160,0,0,24.5913,0,0,0
30-Dec-2025,1446.7,Call,1560,0,0,24.5913,0,123,0
30-Dec-2025,1446.7,Call,1580,0,0,24.5913,0,1,0
30-Dec-2025,1446.7,Put,1340,0,0,24.5913,0,0,0
30-Dec-2025,1446.7,Call,1540,0,0,24.5913,0,32,0
30-Dec-2025,1446.7,Put,1320,0,0,24.5913,0,7,0
30-Dec-2025,1446.7,Put,1280,0,0,24.5913,0,29,0
