25-Nov-2025,1461.5,-,0,1470.3,0,29.7564,939,11856,1378
28-Oct-2025,1461.5,-,0,1463.7,0,29.7564,-316,18784,1302
28-Oct-2025,1461.5,Call,1500,2.25,22.22,29.7564,-31,1251,1216
28-Oct-2025,1461.5,Call,1480,5.7,21.7,29.7564,33,1152,829
28-Oct-2025,1461.5,Call,1520,0.95,23.75,29.7564,-59,683,340
28-Oct-2025,1461.5,Call,1460,13.65,22.02,29.7564,-36,363,339
28-Oct-2025,1461.5,Put,1440,4.75,21.88,29.7564,11,717,258
25-Nov-2025,1461.5,Call,1500,28.1,22.66,29.7564,33,712,219
28-Oct-2025,1461.5,Put,1420,2.55,25.96,29.7564,6,556,182
28-Oct-2025,1461.5,Put,1460,10.7,19.26,29.7564,9,507,167
28-Oct-2025,1461.5,Put,1480,21,17.42,29.7564,-7,305,130
25-Nov-2025,1461.5,Call,1460,45.1,22.85,29.7564,30,207,112
25-Nov-2025,1461.5,Call,1600,5.9,23.28,29.7564,32,398,93
25-Nov-2025,1461.5,Call,1520,21.65,22.61,29.7564,25,106,92
28-Oct-2025,1461.5,Put,1380,1.1,35.36,29.7564,6,302,91
28-Oct-2025,1461.5,Call,1440,28.1,24.98,29.7564,-12,341,90
25-Nov-2025,1461.5,Call,1480,37.1,22.54,29.7564,12,279,79
28-Oct-2025,1461.5,Call,1540,0.55,26.45,29.7564,-8,569,78
28-Oct-2025,1461.5,Call,1560,0.4,30.09,29.7564,-46,370,75
28-Oct-2025,1461.5,Call,1600,0.3,37.87,29.7564,-37,836,52
25-Nov-2025,1461.5,Put,1480,41.85,23.07,29.7564,4,176,47
28-Oct-2025,1461.5,Put,1500,38.75,16.64,29.7564,-19,225,39
25-Nov-2025,1461.5,Put,1460,31.85,22.79,29.7564,12,188,38
25-Nov-2025,1461.5,Put,1400,12.4,23.51,29.7564,2,234,31
28-Oct-2025,1461.5,Put,1360,0.8,40.1,29.7564,-6,389,30
28-Oct-2025,1461.5,Put,1400,1.65,31.3,29.7564,-1,978,26
25-Nov-2025,1461.5,Put,1340,4.6,25.11,29.7564,-7,84,24
25-Nov-2025,1461.5,Call,1540,16,22.83,29.7564,2,97,23
25-Nov-2025,1461.5,Call,1560,11,23.19,29.7564,-1,201,21
28-Oct-2025,1461.5,Call,1420,49.95,33.4,29.7564,-4,337,20
28-Oct-2025,1461.5,Put,1520,52.75,0,29.7564,-6,54,20
25-Nov-2025,1461.5,Put,1440,25,22.92,29.7564,3,155,20
25-Nov-2025,1461.5,Put,1500,54.35,23,29.7564,0,333,19
28-Oct-2025,1461.5,Call,1580,0.35,34.58,29.7564,-8,329,17
25-Nov-2025,1461.5,Call,1620,4.2,23.42,29.7564,2,13,17
25-Nov-2025,1461.5,Call,1640,3.2,23.54,29.7564,-3,108,15
25-Nov-2025,1461.5,Call,1440,57.95,23.57,29.7564,0,79,14
25-Nov-2025,1461.5,Put,1320,3.25,25.8,29.7564,-1,81,11
30-Dec-2025,1461.5,-,0,1485,0,29.7564,4,189,10
25-Nov-2025,1461.5,Put,1300,2,25.75,29.7564,-1,105,10
25-Nov-2025,1461.5,Call,1400,85,17.79,29.7564,-2,69,9
25-Nov-2025,1461.5,Put,1360,6.8,24.41,29.7564,0,184,9
25-Nov-2025,1461.5,Call,1580,8.1,22.99,29.7564,0,103,8
28-Oct-2025,1461.5,Put,1300,0.2,48.35,29.7564,-4,323,7
25-Nov-2025,1461.5,Put,1520,65.45,23.24,29.7564,5,38,7
25-Nov-2025,1461.5,Put,1600,133.55,23.24,29.7564,2,146,6
25-Nov-2025,1461.5,Put,1380,9.1,0,29.7564,0,40,6
28-Oct-2025,1461.5,Call,1640,0.1,0,29.7564,-1,227,4
28-Oct-2025,1461.5,Call,1620,0.15,40.29,29.7564,0,337,4
25-Nov-2025,1461.5,Call,1680,1.7,24.35,29.7564,0,26,4
25-Nov-2025,1461.5,Call,1420,70,19.95,29.7564,0,32,3
28-Oct-2025,1461.5,Put,1340,0.55,0,29.7564,0,370,2
28-Oct-2025,1461.5,Call,1400,66.95,37.7,29.7564,0,229,2
28-Oct-2025,1461.5,Put,1280,0.05,46.38,29.7564,0,133,2
28-Oct-2025,1461.5,Call,1660,0.15,0,29.7564,0,539,1
28-Oct-2025,1461.5,Call,1300,168,66.14,29.7564,0,49,1
25-Nov-2025,1461.5,Put,1420,17.25,23.28,29.7564,0,93,1
28-Oct-2025,1461.5,Call,1340,0,0,29.7564,0,57,0
28-Oct-2025,1461.5,Put,1700,0,0,29.7564,0,5,0
28-Oct-2025,1461.5,Call,1680,0,0,29.7564,0,119,0
28-Oct-2025,1461.5,Call,1700,0,0,29.7564,0,282,0
28-Oct-2025,1461.5,Call,1380,0,0,29.7564,0,91,0
28-Oct-2025,1461.5,Put,1540,0,0,29.7564,0,50,0
28-Oct-2025,1461.5,Put,1620,0,0,29.7564,0,16,0
28-Oct-2025,1461.5,Put,1320,0,0,29.7564,0,180,0
28-Oct-2025,1461.5,Call,1280,0,0,29.7564,0,2,0
28-Oct-2025,1461.5,Put,1580,0,0,29.7564,0,8,0
28-Oct-2025,1461.5,Call,1720,0,0,29.7564,0,16,0
28-Oct-2025,1461.5,Put,1760,0,0,29.7564,0,24,0
28-Oct-2025,1461.5,Put,1600,0,0,29.7564,0,234,0
28-Oct-2025,1461.5,Call,1360,0,0,29.7564,0,95,0
28-Oct-2025,1461.5,Call,1760,0,0,29.7564,0,29,0
28-Oct-2025,1461.5,Put,1660,0,0,29.7564,0,7,0
28-Oct-2025,1461.5,Call,1160,0,0,29.7564,0,0,0
28-Oct-2025,1461.5,Call,1240,0,0,29.7564,0,2,0
28-Oct-2025,1461.5,Call,1200,0,0,29.7564,0,2,0
28-Oct-2025,1461.5,Call,1260,0,0,29.7564,0,4,0
28-Oct-2025,1461.5,Put,1720,0,0,29.7564,0,8,0
28-Oct-2025,1461.5,Put,1260,0,0,29.7564,0,40,0
28-Oct-2025,1461.5,Put,1200,0,0,29.7564,0,601,0
28-Oct-2025,1461.5,Call,1320,0,0,29.7564,0,59,0
28-Oct-2025,1461.5,Put,1680,0,0,29.7564,0,14,0
25-Nov-2025,1461.5,Call,1380,0,0,29.7564,0,0,0
28-Oct-2025,1461.5,Put,1160,0,0,29.7564,0,30,0
25-Nov-2025,1461.5,Put,1760,0,0,29.7564,0,22,0
25-Nov-2025,1461.5,Put,1200,0,0,29.7564,0,0,0
28-Oct-2025,1461.5,Put,1240,0,0,29.7564,0,424,0
25-Nov-2025,1461.5,Put,1620,0,0,29.7564,0,6,0
28-Oct-2025,1461.5,Put,1640,0,0,29.7564,0,3,0
28-Oct-2025,1461.5,Put,1560,0,0,29.7564,0,80,0
25-Nov-2025,1461.5,Call,1360,0,0,29.7564,0,0,0
25-Nov-2025,1461.5,Put,1160,0,0,29.7564,0,0,0
25-Nov-2025,1461.5,Put,1240,0,0,29.7564,0,0,0
25-Nov-2025,1461.5,Call,1300,0,0,29.7564,0,0,0
25-Nov-2025,1461.5,Put,1640,0,0,29.7564,0,1,0
25-Nov-2025,1461.5,Call,1260,0,0,29.7564,0,0,0
25-Nov-2025,1461.5,Put,1540,0,0,29.7564,0,11,0
25-Nov-2025,1461.5,Call,1280,0,0,29.7564,0,0,0
25-Nov-2025,1461.5,Call,1320,0,0,29.7564,0,0,0
25-Nov-2025,1461.5,Call,1160,0,0,29.7564,0,1,0
25-Nov-2025,1461.5,Call,1720,0,0,29.7564,0,0,0
25-Nov-2025,1461.5,Call,1240,0,0,29.7564,0,0,0
25-Nov-2025,1461.5,Call,1200,0,0,29.7564,0,0,0
25-Nov-2025,1461.5,Put,1680,0,0,29.7564,0,23,0
25-Nov-2025,1461.5,Put,1560,0,0,29.7564,0,50,0
25-Nov-2025,1461.5,Call,1340,0,0,29.7564,0,0,0
25-Nov-2025,1461.5,Put,1580,0,0,29.7564,0,18,0
25-Nov-2025,1461.5,Put,1260,0,0,29.7564,0,0,0
25-Nov-2025,1461.5,Put,1720,0,0,29.7564,0,5,0
25-Nov-2025,1461.5,Put,1280,0,0,29.7564,0,0,0
30-Dec-2025,1461.5,Call,1520,0,0,29.7564,0,0,0
30-Dec-2025,1461.5,Call,1440,0,0,29.7564,0,15,0
30-Dec-2025,1461.5,Call,1640,0,0,29.7564,0,1,0
30-Dec-2025,1461.5,Call,1480,0,0,29.7564,0,0,0
30-Dec-2025,1461.5,Put,1520,0,0,29.7564,0,0,0
30-Dec-2025,1461.5,Put,1360,0,0,29.7564,0,21,0
30-Dec-2025,1461.5,Put,1480,0,0,29.7564,0,0,0
30-Dec-2025,1461.5,Put,1400,0,0,29.7564,0,48,0
30-Dec-2025,1461.5,Call,1600,0,0,29.7564,0,2,0
30-Dec-2025,1461.5,Put,1440,0,0,29.7564,0,0,0
30-Dec-2025,1461.5,Call,1680,0,0,29.7564,0,0,0
30-Dec-2025,1461.5,Call,1560,0,0,29.7564,0,0,0
