25-Nov-2025,1450.9,-,0,1460.3,0,29.7564,4989,15906,6851
28-Oct-2025,1450.9,-,0,1452.2,0,29.7564,-1542,17558,6760
28-Oct-2025,1451.9,Call,1480,2.5,18.43,29.7564,-46,1073,2902
28-Oct-2025,1450.9,Call,1500,1.25,21.74,29.7564,16,1298,2849
28-Oct-2025,1450.9,Call,1460,6.9,16.94,29.7564,8,407,1164
28-Oct-2025,1450.9,Put,1440,6.55,19.62,29.7564,-99,607,997
28-Oct-2025,1451.9,Put,1460,14.7,18.05,29.7564,-54,444,744
25-Nov-2025,1450.9,Call,1600,4.9,23.26,29.7564,253,619,741
28-Oct-2025,1451.9,Call,1520,0.55,23.61,29.7564,-209,533,713
28-Oct-2025,1451.9,Put,1420,3.15,22.85,29.7564,-9,541,605
25-Nov-2025,1451.9,Call,1500,22.6,21.94,29.7564,52,731,551
28-Oct-2025,1450.9,Call,1440,19.1,18.84,29.7564,-33,320,402
28-Oct-2025,1450.9,Put,1480,29.95,19.85,29.7564,-76,236,341
28-Oct-2025,1451.9,Put,1380,1.05,30.78,29.7564,-6,290,329
25-Nov-2025,1451.9,Call,1460,39,22.37,29.7564,54,231,324
25-Nov-2025,1451.9,Call,1480,30.05,21.87,29.7564,28,295,308
28-Oct-2025,1450.9,Call,1540,0.35,27.49,29.7564,-57,520,270
28-Oct-2025,1450.9,Put,1400,1.8,27.36,29.7564,-18,961,267
28-Oct-2025,1450.9,Call,1560,0.3,31.84,29.7564,-107,309,220
25-Nov-2025,1451.9,Put,1440,27.75,22.73,29.7564,59,211,214
28-Oct-2025,1450.9,Call,1600,0.2,37.84,29.7564,-144,729,198
25-Nov-2025,1450.9,Put,1480,46.95,22.46,29.7564,57,229,163
25-Nov-2025,1450.9,Call,1520,17.3,22.21,29.7564,30,111,159
25-Nov-2025,1450.9,Put,1460,37.4,22.36,29.7564,43,219,150
28-Oct-2025,1450.9,Put,1500,46.2,0,29.7564,-64,180,149
25-Nov-2025,1451.9,Call,1560,9.2,22.55,29.7564,-3,199,138
28-Oct-2025,1451.9,Put,1360,0.7,34.84,29.7564,-33,362,113
28-Oct-2025,1450.9,Call,1420,34.95,22.57,29.7564,-31,310,99
28-Oct-2025,1451.9,Put,1300,0.3,47.56,29.7564,-39,288,96
25-Nov-2025,1450.9,Call,1540,13,22.59,29.7564,-2,93,88
25-Nov-2025,1450.9,Put,1400,14.45,22.77,29.7564,13,245,88
25-Nov-2025,1450.9,Call,1580,6.6,22.76,29.7564,-2,101,87
25-Nov-2025,1450.9,Put,1500,60.2,23.11,29.7564,11,344,75
28-Oct-2025,1450.9,Call,1640,0.05,41.21,29.7564,-33,195,70
28-Oct-2025,1450.9,Call,1580,0.2,34.71,29.7564,-50,287,69
25-Nov-2025,1451.9,Call,1640,2.5,23.86,29.7564,-5,106,69
30-Dec-2025,1450.9,-,0,1473.5,0,29.7564,43,228,55
25-Nov-2025,1451.9,Call,1440,52.1,22.84,29.7564,8,87,55
28-Oct-2025,1450.9,Put,1320,0.4,43.58,29.7564,-38,142,52
25-Nov-2025,1451.9,Put,1360,7.25,23.57,29.7564,5,189,50
25-Nov-2025,1451.9,Put,1420,20.45,22.81,29.7564,23,116,49
25-Nov-2025,1451.9,Put,1340,5,24,29.7564,-6,85,49
28-Oct-2025,1450.9,Put,1340,0.6,40.15,29.7564,-32,338,43
25-Nov-2025,1450.9,Put,1300,2.5,25.43,29.7564,-18,88,43
28-Oct-2025,1450.9,Put,1520,66.5,0,29.7564,-12,48,36
25-Nov-2025,1451.9,Call,1620,3.5,23.54,29.7564,14,25,35
25-Nov-2025,1450.9,Put,1600,139.5,23.47,29.7564,10,154,31
25-Nov-2025,1450.9,Put,1380,10.4,23.22,29.7564,3,43,30
28-Oct-2025,1450.9,Call,1400,55.5,29.28,29.7564,3,232,29
25-Nov-2025,1450.9,Put,1520,74.5,23.59,29.7564,15,48,24
25-Nov-2025,1450.9,Put,1320,3.7,24.97,29.7564,-9,73,24
28-Oct-2025,1450.9,Call,1620,0.05,37.43,29.7564,-3,334,23
25-Nov-2025,1450.9,Call,1400,78.35,22.83,29.7564,0,71,20
25-Nov-2025,1450.9,Call,1420,62,21.19,29.7564,6,38,15
25-Nov-2025,1450.9,Put,1560,104.6,23.09,29.7564,4,54,14
28-Oct-2025,1451.9,Put,1600,148,0,29.7564,-6,228,13
25-Nov-2025,1450.9,Put,1540,89.1,23.45,29.7564,8,19,11
28-Oct-2025,1450.9,Call,1660,0.05,44.9,29.7564,-2,537,10
28-Oct-2025,1450.9,Put,1280,0.1,46.76,29.7564,-5,128,8
25-Nov-2025,1451.9,Call,1680,1.35,24.77,29.7564,-1,25,7
28-Oct-2025,1450.9,Put,1560,106,0,29.7564,-1,79,5
28-Oct-2025,1450.9,Put,1540,75,0,29.7564,0,50,4
28-Oct-2025,1450.9,Call,1380,76.1,39.61,29.7564,-2,89,4
28-Oct-2025,1451.9,Put,1260,0.1,51.95,29.7564,-1,39,4
25-Nov-2025,1450.9,Put,1280,3.4,29.98,29.7564,0,0,4
28-Oct-2025,1450.9,Call,1700,0.1,55.69,29.7564,0,282,3
28-Oct-2025,1450.9,Call,1360,94.9,42.17,29.7564,-1,94,3
28-Oct-2025,1451.9,Call,1680,0.05,48.52,29.7564,0,119,3
30-Dec-2025,1450.9,Put,1360,15.6,23.28,29.7564,2,23,3
28-Oct-2025,1450.9,Put,1680,223,0,29.7564,-1,13,2
28-Oct-2025,1450.9,Put,1760,306,0,29.7564,0,24,2
25-Nov-2025,1451.9,Put,1680,213.5,0,29.7564,1,24,2
28-Oct-2025,1450.9,Put,1700,238,0,29.7564,0,5,1
28-Oct-2025,1450.9,Put,1620,159,0,29.7564,0,16,1
28-Oct-2025,1450.9,Call,1300,168,112.7,29.7564,0,49,1
28-Oct-2025,1450.9,Put,1640,186.3,0,29.7564,0,3,1
25-Nov-2025,1450.9,Put,1640,171,0,29.7564,0,1,1
30-Dec-2025,1451.9,Put,1400,25.55,23.13,29.7564,0,48,1
28-Oct-2025,1450.9,Put,1580,0,0,29.7564,0,8,0
28-Oct-2025,1450.9,Call,1340,0,0,29.7564,0,57,0
28-Oct-2025,1450.9,Call,1280,0,0,29.7564,0,2,0
28-Oct-2025,1450.9,Call,1320,0,0,29.7564,0,59,0
28-Oct-2025,1450.9,Call,1720,0,0,29.7564,0,16,0
28-Oct-2025,1450.9,Put,1660,0,0,29.7564,0,7,0
28-Oct-2025,1450.9,Call,1240,0,0,29.7564,0,2,0
28-Oct-2025,1450.9,Put,1160,0,0,29.7564,0,30,0
28-Oct-2025,1450.9,Put,1200,0,0,29.7564,0,601,0
28-Oct-2025,1450.9,Call,1260,0,0,29.7564,0,4,0
28-Oct-2025,1450.9,Put,1240,0,0,29.7564,0,424,0
28-Oct-2025,1450.9,Call,1200,0,0,29.7564,0,2,0
28-Oct-2025,1450.9,Put,1720,0,0,29.7564,0,8,0
28-Oct-2025,1450.9,Call,1760,0,0,29.7564,0,29,0
28-Oct-2025,1450.9,Call,1160,0,0,29.7564,0,0,0
25-Nov-2025,1450.9,Put,1240,0,0,29.7564,0,0,0
25-Nov-2025,1451.9,Call,1280,0,0,29.7564,0,0,0
25-Nov-2025,1451.9,Put,1160,0,0,29.7564,0,0,0
25-Nov-2025,1450.9,Put,1620,0,0,29.7564,0,6,0
25-Nov-2025,1450.9,Call,1260,0,0,29.7564,0,0,0
25-Nov-2025,1450.9,Call,1720,0,0,29.7564,0,0,0
25-Nov-2025,1450.9,Put,1580,0,0,29.7564,0,18,0
25-Nov-2025,1450.9,Call,1160,0,0,29.7564,0,1,0
25-Nov-2025,1450.9,Put,1760,0,0,29.7564,0,22,0
25-Nov-2025,1451.9,Call,1300,0,0,29.7564,0,0,0
25-Nov-2025,1450.9,Call,1340,0,0,29.7564,0,0,0
25-Nov-2025,1450.9,Call,1380,0,0,29.7564,0,0,0
25-Nov-2025,1450.9,Call,1320,0,0,29.7564,0,0,0
25-Nov-2025,1451.9,Call,1240,0,0,29.7564,0,0,0
25-Nov-2025,1451.9,Put,1200,0,0,29.7564,0,0,0
25-Nov-2025,1450.9,Put,1260,0,0,29.7564,0,0,0
25-Nov-2025,1450.9,Call,1360,0,0,29.7564,0,0,0
25-Nov-2025,1450.9,Put,1720,0,0,29.7564,0,5,0
25-Nov-2025,1451.9,Call,1200,0,0,29.7564,0,0,0
30-Dec-2025,1450.9,Call,1480,0,0,29.7564,0,0,0
30-Dec-2025,1450.9,Call,1440,0,0,29.7564,0,15,0
30-Dec-2025,1451.9,Put,1440,0,0,29.7564,0,0,0
30-Dec-2025,1450.9,Put,1480,0,0,29.7564,0,0,0
30-Dec-2025,1450.9,Call,1640,0,0,29.7564,0,1,0
30-Dec-2025,1450.9,Call,1680,0,0,29.7564,0,0,0
30-Dec-2025,1451.9,Call,1600,0,0,29.7564,0,2,0
30-Dec-2025,1451.9,Put,1520,0,0,29.7564,0,0,0
30-Dec-2025,1450.9,Call,1560,0,0,29.7564,0,0,0
30-Dec-2025,1450.9,Call,1520,0,0,29.7564,0,0,0
