28-Oct-2025,3756.6,-,0,3758.4,0,26.063,594,49695,968
25-Nov-2025,3756.6,-,0,3780.6,0,26.063,626,20514,791
28-Oct-2025,3756.6,Call,3800,13.8,18.53,26.063,94,1763,402
28-Oct-2025,3756.6,Put,3700,9.4,19.5,26.063,3,1555,291
28-Oct-2025,3756.6,Call,3780,19.4,17.52,26.063,-65,619,235
28-Oct-2025,3756.6,Call,3760,28.2,16.67,26.063,49,371,209
28-Oct-2025,3756.6,Put,3550,0.75,26.7,26.063,-20,1033,199
28-Oct-2025,3756.6,Put,3750,26.1,20.22,26.063,9,708,183
28-Oct-2025,3756.6,Put,3760,30.6,21.62,26.063,-33,268,166
28-Oct-2025,3756.6,Call,3850,4.7,19.31,26.063,-42,570,142
25-Nov-2025,3756.6,Call,3800,92.5,22.04,26.063,-17,658,128
28-Oct-2025,3756.6,Put,3520,0.65,30.04,26.063,-22,368,127
28-Oct-2025,3756.6,Put,3740,22.85,20.65,26.063,22,328,100
28-Oct-2025,3756.6,Call,3750,31.3,16.73,26.063,-30,932,97
28-Oct-2025,3756.6,Put,3680,6.55,20.44,26.063,-17,507,72
25-Nov-2025,3756.6,Put,3700,69,24.47,26.063,-6,312,66
25-Nov-2025,3756.6,Put,3600,38.6,24.76,26.063,-2,570,66
28-Oct-2025,3756.6,Call,3700,66,15.22,26.063,-4,1517,65
28-Oct-2025,3756.6,Put,3720,15.5,19.89,26.063,-3,303,62
28-Oct-2025,3756.6,Put,3540,0.85,28.35,26.063,-17,583,57
28-Oct-2025,3756.6,Put,3800,58.75,21.82,26.063,9,266,53
25-Nov-2025,3756.6,Put,3760,94.6,24.98,26.063,1,133,53
28-Oct-2025,3756.6,Call,3900,1.65,20.95,26.063,-1,1311,51
28-Oct-2025,3756.6,Put,3640,3.15,21.85,26.063,2,429,51
25-Nov-2025,3756.6,Put,3780,104.6,24.65,26.063,-12,50,51
28-Oct-2025,3756.6,Call,3840,5.75,18.97,26.063,0,285,50
25-Nov-2025,3756.6,Put,3800,115.15,24.64,26.063,-12,204,49
28-Oct-2025,3756.6,Call,3820,9.2,18.86,26.063,-8,266,47
28-Oct-2025,3756.6,Call,3740,38.25,16.57,26.063,7,599,47
28-Oct-2025,3756.6,Call,3880,2.35,20.16,26.063,-1,237,41
28-Oct-2025,3756.6,Put,3650,3.45,21.48,26.063,-5,1135,39
28-Oct-2025,3756.6,Put,3780,43.6,20.88,26.063,6,254,34
25-Nov-2025,3756.6,Put,3500,20.45,25.41,26.063,1,363,34
28-Oct-2025,3756.6,Put,3660,4.3,21.85,26.063,-3,531,33
25-Nov-2025,3756.6,Call,3780,101.55,21.89,26.063,0,166,30
25-Nov-2025,3756.6,Call,3700,145.2,21.73,26.063,6,688,27
28-Oct-2025,3756.6,Call,4000,1.1,29.95,26.063,-7,1100,24
25-Nov-2025,3756.6,Call,3760,112,21.53,26.063,4,79,24
25-Nov-2025,3756.6,Call,4000,32.1,22.94,26.063,6,497,22
28-Oct-2025,3756.6,Put,3600,1.55,23.92,26.063,-8,1731,20
25-Nov-2025,3756.6,Call,3740,122,21.73,26.063,-1,40,20
28-Oct-2025,3756.6,Call,3860,3.7,19.4,26.063,-5,163,18
25-Nov-2025,3756.6,Call,3900,54.8,22.13,26.063,-1,91,15
28-Oct-2025,3756.6,Put,3620,2.1,22.78,26.063,-2,506,12
28-Oct-2025,3756.6,Call,3720,50.2,15.8,26.063,-2,329,11
28-Oct-2025,3756.6,Put,3500,0.55,30.88,26.063,-7,1790,11
25-Nov-2025,3756.6,Call,4200,9.5,24.18,26.063,0,179,10
28-Oct-2025,3756.6,Call,3680,80.35,0,26.063,0,381,8
25-Nov-2025,3756.6,Call,3840,73.5,22.04,26.063,-2,66,5
25-Nov-2025,3756.6,Call,3920,49.1,22.42,26.063,-1,48,5
30-Dec-2025,3756.6,-,0,3796,0,26.063,0,276,4
28-Oct-2025,3756.6,Put,3480,0.45,32.16,26.063,0,131,4
25-Nov-2025,3756.6,Call,3940,44.2,22.3,26.063,0,54,4
25-Nov-2025,3756.6,Call,3400,380,0,26.063,0,14,4
28-Oct-2025,3756.6,Put,3560,0.7,25.32,26.063,0,423,3
25-Nov-2025,3756.6,Put,3400,9.9,26,26.063,2,91,3
25-Nov-2025,3756.6,Call,4040,25.2,23.24,26.063,0,125,3
25-Nov-2025,3756.6,Put,3740,83.75,24.08,26.063,-3,22,3
28-Oct-2025,3756.6,Put,3820,74.55,23.33,26.063,-1,28,2
28-Oct-2025,3756.6,Call,4120,0.35,35.76,26.063,0,75,2
28-Oct-2025,3756.6,Put,3580,1.05,24.65,26.063,-13,331,2
28-Oct-2025,3756.6,Put,3840,92.85,25.75,26.063,0,48,2
28-Oct-2025,3756.6,Put,3150,0.35,0,26.063,0,73,2
28-Oct-2025,3756.6,Call,3660,93.1,0,26.063,0,764,2
25-Nov-2025,3756.6,Put,3680,62,24.56,26.063,0,40,2
25-Nov-2025,3756.6,Call,3860,68.45,22.78,26.063,-1,42,2
28-Oct-2025,3756.6,Put,3400,0.45,40.52,26.063,0,1539,1
28-Oct-2025,3756.6,Put,3000,0.2,76.81,26.063,0,269,1
28-Oct-2025,3756.6,Call,3540,212.85,0,26.063,0,307,1
25-Nov-2025,3756.6,Put,3480,18,25.62,26.063,0,17,1
25-Nov-2025,3756.6,Put,3300,5.5,27.73,26.063,0,92,1
25-Nov-2025,3756.6,Call,4080,20.1,23.56,26.063,0,34,1
25-Nov-2025,3756.6,Put,3540,26.25,25.04,26.063,0,81,1
25-Nov-2025,3756.6,Put,3720,76.3,24.32,26.063,0,53,1
25-Nov-2025,3756.6,Put,4000,250,25.56,26.063,0,31,1
25-Nov-2025,3756.6,Call,4120,15.9,23.84,26.063,0,61,1
28-Oct-2025,3756.6,Call,3400,0,0,26.063,0,3194,0
28-Oct-2025,3756.6,Put,3900,0,0,26.063,0,40,0
28-Oct-2025,3756.6,Put,4000,0,0,26.063,0,21,0
28-Oct-2025,3756.6,Put,4100,0,0,26.063,0,5,0
28-Oct-2025,3756.6,Put,4200,0,0,26.063,0,0,0
28-Oct-2025,3756.6,Call,3550,0,0,26.063,0,528,0
28-Oct-2025,3756.6,Call,3650,0,0,26.063,0,1290,0
28-Oct-2025,3756.6,Put,3860,0,0,26.063,0,33,0
28-Oct-2025,3756.6,Call,4080,0,0,26.063,0,0,0
28-Oct-2025,3756.6,Put,4080,0,0,26.063,0,0,0
28-Oct-2025,3756.6,Put,4120,0,0,26.063,0,0,0
28-Oct-2025,3756.6,Call,3350,0,0,26.063,0,157,0
28-Oct-2025,3756.6,Call,3450,0,0,26.063,0,1222,0
28-Oct-2025,3756.6,Call,4160,0,0,26.063,0,0,0
28-Oct-2025,3756.6,Put,4160,0,0,26.063,0,0,0
28-Oct-2025,3756.6,Put,2900,0,0,26.063,0,68,0
28-Oct-2025,3756.6,Put,3250,0,0,26.063,0,148,0
28-Oct-2025,3756.6,Put,3050,0,0,26.063,0,64,0
28-Oct-2025,3756.6,Call,3250,0,0,26.063,0,41,0
28-Oct-2025,3756.6,Call,3150,0,0,26.063,0,7,0
28-Oct-2025,3756.6,Put,3450,0,0,26.063,0,440,0
28-Oct-2025,3756.6,Put,3300,0,0,26.063,0,585,0
28-Oct-2025,3756.6,Call,3000,0,0,26.063,0,37,0
28-Oct-2025,3756.6,Call,3100,0,0,26.063,0,23,0
28-Oct-2025,3756.6,Call,3200,0,0,26.063,0,25,0
28-Oct-2025,3756.6,Call,4200,0,0,26.063,0,77,0
28-Oct-2025,3756.6,Call,3950,0,0,26.063,0,1235,0
28-Oct-2025,3756.6,Call,4100,0,0,26.063,0,122,0
28-Oct-2025,3756.6,Put,3200,0,0,26.063,0,267,0
28-Oct-2025,3756.6,Put,3350,0,0,26.063,0,206,0
28-Oct-2025,3756.6,Call,3240,0,0,26.063,0,0,0
28-Oct-2025,3756.6,Put,3240,0,0,26.063,0,12,0
28-Oct-2025,3756.6,Put,3280,0,0,26.063,0,58,0
28-Oct-2025,3756.6,Call,3320,0,0,26.063,0,21,0
28-Oct-2025,3756.6,Put,3320,0,0,26.063,0,88,0
28-Oct-2025,3756.6,Call,3340,0,0,26.063,0,38,0
28-Oct-2025,3756.6,Put,3340,0,0,26.063,0,163,0
28-Oct-2025,3756.6,Put,3360,0,0,26.063,0,108,0
28-Oct-2025,3756.6,Call,3380,0,0,26.063,0,53,0
28-Oct-2025,3756.6,Put,3420,0,0,26.063,0,188,0
28-Oct-2025,3756.6,Call,3520,0,0,26.063,0,171,0
28-Oct-2025,3756.6,Call,3560,0,0,26.063,0,604,0
28-Oct-2025,3756.6,Call,3580,0,0,26.063,0,336,0
28-Oct-2025,3756.6,Call,3640,0,0,26.063,0,382,0
28-Oct-2025,3756.6,Put,3080,0,0,26.063,0,0,0
28-Oct-2025,3756.6,Put,2920,0,0,26.063,0,0,0
28-Oct-2025,3756.6,Call,3080,0,0,26.063,0,0,0
28-Oct-2025,3756.6,Call,3620,0,0,26.063,0,429,0
28-Oct-2025,3756.6,Put,3160,0,0,26.063,0,29,0
25-Nov-2025,3756.6,Put,4160,0,0,26.063,0,0,0
28-Oct-2025,3756.6,Call,3500,0,0,26.063,0,1617,0
28-Oct-2025,3756.6,Call,3940,0,0,26.063,0,59,0
28-Oct-2025,3756.6,Put,3960,0,0,26.063,0,9,0
28-Oct-2025,3756.6,Call,3440,0,0,26.063,0,125,0
28-Oct-2025,3756.6,Call,3280,0,0,26.063,0,5,0
28-Oct-2025,3756.6,Put,3100,0,0,26.063,0,355,0
25-Nov-2025,3756.6,Call,3420,0,0,26.063,0,0,0
28-Oct-2025,3756.6,Put,4240,0,0,0,0,0,0
25-Nov-2025,3756.6,Call,3220,0,0,26.063,0,0,0
28-Oct-2025,3756.6,Put,3180,0,0,26.063,0,0,0
25-Nov-2025,3756.6,Call,3280,0,0,26.063,0,0,0
28-Oct-2025,3756.6,Call,3160,0,0,26.063,0,0,0
25-Nov-2025,3756.6,Call,4240,0,0,0,0,0,0
28-Oct-2025,3756.6,Call,3480,0,0,26.063,0,149,0
25-Nov-2025,3756.6,Call,3260,0,0,26.063,0,0,0
28-Oct-2025,3756.6,Put,3880,0,0,26.063,0,39,0
25-Nov-2025,3756.6,Call,4020,0,0,0,0,0,0
28-Oct-2025,3756.6,Put,4040,0,0,26.063,0,0,0
25-Nov-2025,3756.6,Call,3960,0,0,26.063,0,22,0
28-Oct-2025,3756.6,Put,3440,0,0,26.063,0,219,0
25-Nov-2025,3756.6,Put,3660,0,0,26.063,0,63,0
25-Nov-2025,3756.6,Put,4020,0,0,0,0,0,0
25-Nov-2025,3756.6,Put,4040,0,0,26.063,0,0,0
28-Oct-2025,3756.6,Call,3300,0,0,26.063,0,158,0
28-Oct-2025,3756.6,Put,3260,0,0,26.063,0,43,0
25-Nov-2025,3756.6,Put,3220,0,0,26.063,0,4,0
25-Nov-2025,3756.6,Put,2920,0,0,26.063,0,0,0
25-Nov-2025,3756.6,Call,3620,0,0,26.063,0,9,0
28-Oct-2025,3756.6,Call,3040,0,0,26.063,0,0,0
25-Nov-2025,3756.6,Call,3520,0,0,26.063,0,5,0
25-Nov-2025,3756.6,Put,3080,0,0,26.063,0,0,0
25-Nov-2025,3756.6,Call,3380,0,0,26.063,0,0,0
28-Oct-2025,3756.6,Call,3460,0,0,26.063,0,147,0
28-Oct-2025,3756.6,Call,3260,0,0,26.063,0,4,0
28-Oct-2025,3756.6,Put,3920,0,0,26.063,0,54,0
28-Oct-2025,3756.6,Call,3980,0,0,26.063,0,19,0
25-Nov-2025,3756.6,Call,3480,0,0,26.063,0,0,0
28-Oct-2025,3756.6,Call,2960,0,0,26.063,0,0,0
28-Oct-2025,3756.6,Call,3360,0,0,26.063,0,77,0
28-Oct-2025,3756.6,Call,3600,0,0,26.063,0,1176,0
25-Nov-2025,3756.6,Put,3620,0,0,26.063,0,52,0
28-Oct-2025,3756.6,Call,4240,0,0,0,0,0,0
25-Nov-2025,3756.6,Put,3280,0,0,26.063,0,0,0
25-Nov-2025,3756.6,Put,4240,0,0,0,0,0,0
25-Nov-2025,3756.6,Put,2960,0,0,26.063,0,0,0
25-Nov-2025,3756.6,Call,3160,0,0,26.063,0,0,0
28-Oct-2025,3756.6,Call,4020,0,0,0,0,0,0
28-Oct-2025,3756.6,Call,4040,0,0,26.063,0,0,0
25-Nov-2025,3756.6,Put,3420,0,0,26.063,0,2,0
28-Oct-2025,3756.6,Put,3380,0,0,26.063,0,131,0
25-Nov-2025,3756.6,Call,3440,0,0,26.063,0,0,0
28-Oct-2025,3756.6,Call,3920,0,0,26.063,0,120,0
28-Oct-2025,3756.6,Put,3940,0,0,26.063,0,0,0
25-Nov-2025,3756.6,Call,3640,0,0,26.063,0,47,0
25-Nov-2025,3756.6,Call,3540,0,0,26.063,0,10,0
28-Oct-2025,3756.6,Put,3040,0,0,26.063,0,39,0
25-Nov-2025,3756.6,Put,3200,0,0,26.063,0,65,0
28-Oct-2025,3756.6,Put,3460,0,0,26.063,0,196,0
25-Nov-2025,3756.6,Call,3200,0,0,26.063,0,1,0
25-Nov-2025,3756.6,Call,3180,0,0,26.063,0,0,0
25-Nov-2025,3756.6,Call,3340,0,0,26.063,0,0,0
25-Nov-2025,3756.6,Call,3320,0,0,26.063,0,0,0
25-Nov-2025,3756.6,Put,3320,0,0,26.063,0,0,0
25-Nov-2025,3756.6,Call,4160,0,0,26.063,0,0,0
25-Nov-2025,3756.6,Put,3120,0,0,26.063,0,0,0
25-Nov-2025,3756.6,Put,3360,0,0,26.063,0,23,0
25-Nov-2025,3756.6,Put,3960,0,0,26.063,0,0,0
28-Oct-2025,3756.6,Call,3960,0,0,26.063,0,113,0
28-Oct-2025,3756.6,Put,4020,0,0,0,0,0,0
28-Oct-2025,3756.6,Call,3420,0,0,26.063,0,75,0
25-Nov-2025,3756.6,Put,3260,0,0,26.063,0,0,0
28-Oct-2025,3756.6,Put,3220,0,0,26.063,0,21,0
28-Oct-2025,3756.6,Call,3220,0,0,26.063,0,8,0
28-Oct-2025,3756.6,Call,2920,0,0,26.063,0,0,0
25-Nov-2025,3756.6,Call,3120,0,0,26.063,0,0,0
28-Oct-2025,3756.6,Put,3120,0,0,26.063,0,57,0
25-Nov-2025,3756.6,Put,3440,0,0,26.063,0,42,0
28-Oct-2025,3756.6,Call,3120,0,0,26.063,0,0,0
25-Nov-2025,3756.6,Put,3380,0,0,26.063,0,4,0
25-Nov-2025,3756.6,Put,3240,0,0,26.063,0,0,0
25-Nov-2025,3756.6,Put,3880,0,0,26.063,0,0,0
25-Nov-2025,3756.6,Call,3660,0,0,26.063,0,142,0
25-Nov-2025,3756.6,Put,3040,0,0,26.063,0,0,0
25-Nov-2025,3756.6,Put,3340,0,0,26.063,0,0,0
25-Nov-2025,3756.6,Call,3460,0,0,26.063,0,0,0
28-Oct-2025,3756.6,Put,2960,0,0,26.063,0,0,0
28-Oct-2025,3756.6,Call,3180,0,0,26.063,0,0,0
25-Nov-2025,3756.6,Call,3360,0,0,26.063,0,0,0
25-Nov-2025,3756.6,Call,3560,0,0,26.063,0,28,0
25-Nov-2025,3756.6,Call,3240,0,0,26.063,0,0,0
25-Nov-2025,3756.6,Call,3580,0,0,26.063,0,26,0
25-Nov-2025,3756.6,Call,3600,0,0,26.063,0,182,0
25-Nov-2025,3756.6,Call,3500,0,0,26.063,0,58,0
25-Nov-2025,3756.6,Put,4080,0,0,26.063,0,0,0
25-Nov-2025,3756.6,Put,3860,0,0,26.063,0,5,0
25-Nov-2025,3756.6,Put,3820,0,0,26.063,0,0,0
25-Nov-2025,3756.6,Call,3820,0,0,26.063,0,26,0
25-Nov-2025,3756.6,Call,3720,0,0,26.063,0,30,0
25-Nov-2025,3756.6,Call,3300,0,0,26.063,0,0,0
25-Nov-2025,3756.6,Put,3580,0,0,26.063,0,111,0
25-Nov-2025,3756.6,Put,3180,0,0,26.063,0,0,0
25-Nov-2025,3756.6,Put,3160,0,0,26.063,0,0,0
25-Nov-2025,3756.6,Call,3880,0,0,26.063,0,32,0
25-Nov-2025,3756.6,Call,3680,0,0,26.063,0,13,0
25-Nov-2025,3756.6,Put,3000,0,0,26.063,0,0,0
25-Nov-2025,3756.6,Put,3920,0,0,26.063,0,0,0
25-Nov-2025,3756.6,Call,3980,0,0,26.063,0,43,0
25-Nov-2025,3756.6,Put,3560,0,0,26.063,0,44,0
25-Nov-2025,3756.6,Put,3520,0,0,26.063,0,50,0
25-Nov-2025,3756.6,Put,3980,0,0,26.063,0,0,0
25-Nov-2025,3756.6,Put,3940,0,0,26.063,0,0,0
25-Nov-2025,3756.6,Put,3840,0,0,26.063,0,0,0
25-Nov-2025,3756.6,Put,3640,0,0,26.063,0,63,0
25-Nov-2025,3756.6,Call,3080,0,0,26.063,0,0,0
25-Nov-2025,3756.6,Call,3040,0,0,26.063,0,0,0
25-Nov-2025,3756.6,Call,2960,0,0,26.063,0,0,0
25-Nov-2025,3756.6,Call,2920,0,0,26.063,0,0,0
25-Nov-2025,3756.6,Put,4200,0,0,26.063,0,0,0
25-Nov-2025,3756.6,Put,3900,0,0,26.063,0,9,0
25-Nov-2025,3756.6,Call,3000,0,0,26.063,0,0,0
25-Nov-2025,3756.6,Put,3460,0,0,26.063,0,11,0
28-Oct-2025,3756.6,Put,3980,0,0,26.063,0,0,0
30-Dec-2025,3756.6,Put,3600,0,0,26.063,0,50,0
30-Dec-2025,3756.6,Call,4080,0,0,26.063,0,0,0
30-Dec-2025,3756.6,Call,3680,0,0,26.063,0,0,0
25-Nov-2025,3756.6,Put,4120,0,0,26.063,0,0,0
30-Dec-2025,3756.6,Call,3720,0,0,26.063,0,0,0
30-Dec-2025,3756.6,Call,3800,0,0,26.063,0,4,0
30-Dec-2025,3756.6,Put,3720,0,0,26.063,0,0,0
30-Dec-2025,3756.6,Put,3520,0,0,26.063,0,11,0
30-Dec-2025,3756.6,Call,3880,0,0,26.063,0,0,0
30-Dec-2025,3756.6,Put,3800,0,0,26.063,0,0,0
30-Dec-2025,3756.6,Call,3960,0,0,26.063,0,0,0
30-Dec-2025,3756.6,Put,3640,0,0,26.063,0,0,0
30-Dec-2025,3756.6,Put,3960,0,0,26.063,0,0,0
30-Dec-2025,3756.6,Put,3680,0,0,26.063,0,0,0
30-Dec-2025,3756.6,Put,3760,0,0,26.063,0,0,0
30-Dec-2025,3756.6,Put,3920,0,0,26.063,0,0,0
30-Dec-2025,3756.6,Call,4000,0,0,26.063,0,0,0
30-Dec-2025,3756.6,Put,3560,0,0,26.063,0,0,0
30-Dec-2025,3756.6,Call,3760,0,0,26.063,0,0,0
30-Dec-2025,3756.6,Put,3200,0,0,26.063,0,0,0
30-Dec-2025,3756.6,Put,3840,0,0,26.063,0,0,0
30-Dec-2025,3756.6,Call,3840,0,0,26.063,0,0,0
30-Dec-2025,3756.6,Call,3920,0,0,26.063,0,0,0
30-Dec-2025,3756.6,Put,3880,0,0,26.063,0,0,0
