25-Nov-2025,11902,-,0,11992,0,25.277,9409,23733,11240
28-Oct-2025,11902,-,0,11923,0,25.277,2621,36248,10520
28-Oct-2025,11902,Put,11900,85,20.22,25.277,30,369,4537
28-Oct-2025,11902,Put,12000,145,21.22,25.277,-337,519,4248
28-Oct-2025,11902,Call,12200,25.85,23.07,25.277,663,1239,4057
28-Oct-2025,11902,Call,12100,40.45,21.21,25.277,660,890,3970
28-Oct-2025,11902,Call,12300,16.1,24.33,25.277,353,1087,3166
28-Oct-2025,11902,Call,12000,65.4,20.17,25.277,410,818,3038
28-Oct-2025,11902,Call,12500,7.1,27.66,25.277,-281,1711,3007
28-Oct-2025,11902,Call,12400,11.25,26.23,25.277,186,1673,2862
28-Oct-2025,11902,Put,11800,44.6,20.44,25.277,127,334,2455
28-Oct-2025,11902,Call,13000,2.5,38.51,25.277,-515,1771,1728
28-Oct-2025,11902,Put,12100,223,21.61,25.277,-194,315,1611
28-Oct-2025,11902,Put,11700,22.3,20.23,25.277,30,243,1562
28-Oct-2025,11902,Call,12600,4.8,29.04,25.277,102,1160,1409
25-Nov-2025,11902,Call,12500,101.6,19.54,25.277,374,731,1313
28-Oct-2025,11902,Put,11600,10.45,20.94,25.277,49,269,1045
25-Nov-2025,11902,Put,12000,275,20.35,25.277,225,564,1026
25-Nov-2025,11902,Call,12000,273.8,19.12,25.277,440,530,954
28-Oct-2025,11902,Put,11500,5.95,22.59,25.277,1,388,878
25-Nov-2025,11902,Call,13000,34.5,20.97,25.277,240,827,864
28-Oct-2025,11902,Call,12800,3.3,33.63,25.277,-71,632,826
28-Oct-2025,11902,Call,12700,3.8,31.23,25.277,-132,568,739
28-Oct-2025,11902,Put,12200,312.3,24.62,25.277,-102,1297,566
25-Nov-2025,11902,Put,11500,98.6,20.55,25.277,234,255,497
25-Nov-2025,11902,Call,12300,150.7,19.41,25.277,204,439,470
25-Nov-2025,11902,Call,12100,227,19.06,25.277,183,191,409
25-Nov-2025,11902,Call,12200,185.1,19.2,25.277,123,221,376
25-Nov-2025,11902,Call,12400,124.4,19.53,25.277,48,275,361
28-Oct-2025,11902,Call,12900,2.6,35.6,25.277,-56,370,349
28-Oct-2025,11902,Call,11800,166.05,20.29,25.277,101,141,328
28-Oct-2025,11902,Call,11900,105.95,19.9,25.277,75,124,311
25-Nov-2025,11902,Put,11800,189.55,20.43,25.277,51,180,308
28-Oct-2025,11902,Put,12300,394.35,28.06,25.277,-79,268,304
28-Oct-2025,11902,Call,13100,2.1,40.34,25.277,-97,313,284
25-Nov-2025,11902,Put,12100,343.4,20.71,25.277,94,132,263
25-Nov-2025,11902,Put,11900,232.4,20.28,25.277,91,111,254
28-Oct-2025,11902,Put,11000,1,31.52,25.277,-18,434,251
25-Nov-2025,11902,Put,11000,29.4,21.8,25.277,104,132,232
28-Oct-2025,11902,Put,11300,2.05,24.74,25.277,-46,245,225
25-Nov-2025,11902,Put,11600,124,20.28,25.277,112,270,215
25-Nov-2025,11902,Call,12700,64.7,19.89,25.277,91,167,203
25-Nov-2025,11902,Call,11900,330.1,19.44,25.277,94,94,196
28-Oct-2025,11902,Call,14400,1.05,67.68,25.277,-136,121,191
25-Nov-2025,11902,Call,12600,82.05,19.75,25.277,49,122,187
25-Nov-2025,11902,Put,13000,1037,23.07,25.277,134,138,169
25-Nov-2025,11902,Put,12300,461.35,20.38,25.277,99,230,162
25-Nov-2025,11902,Put,12200,395.9,20.26,25.277,28,106,157
28-Oct-2025,11902,Put,12400,498.7,33.2,25.277,-42,138,145
28-Oct-2025,11902,Call,13200,1.65,41.55,25.277,-8,501,137
28-Oct-2025,11902,Put,13000,1045,0,25.277,-36,136,136
28-Oct-2025,11902,Put,12500,597.95,28.92,25.277,-42,217,131
25-Nov-2025,11902,Call,12800,52.5,20.07,25.277,11,107,110
30-Dec-2025,11902,-,0,12066,0,25.277,60,246,109
28-Oct-2025,11902,Call,13500,0.6,44.17,25.277,-7,967,90
28-Oct-2025,11902,Put,11400,4.2,23.98,25.277,-16,185,80
28-Oct-2025,11902,Put,11200,1.5,26.51,25.277,-19,326,76
28-Oct-2025,11902,Put,10800,0.45,35.11,25.277,-8,363,71
25-Nov-2025,11902,Put,12500,617.25,21.59,25.277,33,116,71
28-Oct-2025,11902,Put,12600,634.75,0,25.277,-33,399,47
25-Nov-2025,11902,Call,13400,17.1,22.5,25.277,3,115,47
28-Oct-2025,11902,Call,13300,1.5,44.03,25.277,-29,491,45
25-Nov-2025,11902,Put,11700,154.6,20.62,25.277,27,27,42
28-Oct-2025,11902,Call,14000,0.7,56.31,25.277,1,109,40
25-Nov-2025,11902,Call,11600,505,18.71,25.277,23,23,30
30-Dec-2025,11902,Call,13600,53.3,21.16,25.277,25,27,28
25-Nov-2025,11902,Call,13200,24,22,25.277,3,67,28
28-Oct-2025,11902,Call,14200,0.7,60.7,25.277,-19,8,27
25-Nov-2025,11902,Put,10900,22.6,21.97,25.277,19,21,26
28-Oct-2025,11902,Call,11700,238.3,20.38,25.277,3,32,26
28-Oct-2025,11902,Call,13800,0.8,52.53,25.277,11,31,25
28-Oct-2025,11902,Put,11100,1,28.33,25.277,-2,105,23
28-Oct-2025,11902,Call,13400,0.65,42.17,25.277,0,288,23
25-Nov-2025,11902,Put,12400,494,17.38,25.277,1,67,21
25-Nov-2025,11902,Call,14000,7.1,25.29,25.277,13,23,14
28-Oct-2025,11902,Call,13700,1.1,51.95,25.277,6,35,9
25-Nov-2025,11902,Call,11500,578.65,18.68,25.277,3,3,8
25-Nov-2025,11902,Put,10800,18,22.46,25.277,6,6,7
28-Oct-2025,11902,Call,13600,0.95,48.75,25.277,0,57,6
25-Nov-2025,11902,Call,13600,12.55,23.46,25.277,-3,29,6
28-Oct-2025,11902,Put,10400,0.15,42.28,25.277,-2,48,5
25-Nov-2025,11902,Put,12800,802.6,13.55,25.277,0,0,5
28-Oct-2025,11902,Call,11500,463.85,39.75,25.277,0,27,5
28-Oct-2025,11902,Put,12700,760,0,25.277,-3,76,4
30-Dec-2025,11902,Put,11600,200,20.32,25.277,2,2,4
25-Nov-2025,11902,Put,12700,735.65,17.41,25.277,1,44,4
28-Oct-2025,11902,Put,10900,0.35,30.97,25.277,0,735,3
25-Nov-2025,11902,Call,14200,5,25.94,25.277,0,1,1
30-Dec-2025,11902,Call,13000,122,19.98,25.277,0,0,1
28-Oct-2025,11902,Put,13100,0,0,25.277,0,0,0
28-Oct-2025,11902,Put,13300,0,0,25.277,0,5,0
28-Oct-2025,11902,Call,10900,0,0,25.277,0,0,0
28-Oct-2025,11902,Put,10200,0,0,25.277,0,0,0
28-Oct-2025,11902,Call,11100,0,0,25.277,0,1,0
28-Oct-2025,11902,Call,10200,0,0,25.277,0,0,0
28-Oct-2025,11902,Put,13500,0,0,25.277,0,0,0
28-Oct-2025,11902,Call,11300,0,0,25.277,0,0,0
28-Oct-2025,11902,Call,11200,0,0,25.277,0,10,0
28-Oct-2025,11902,Call,11400,0,0,25.277,0,15,0
28-Oct-2025,11902,Call,11600,0,0,25.277,0,16,0
28-Oct-2025,11902,Put,12800,0,0,25.277,0,14,0
28-Oct-2025,11902,Put,13200,0,0,25.277,0,5,0
28-Oct-2025,11902,Put,13400,0,0,25.277,0,0,0
28-Oct-2025,11902,Put,13600,0,0,25.277,0,0,0
28-Oct-2025,11902,Put,13800,0,0,25.277,0,0,0
28-Oct-2025,11902,Put,14000,0,0,25.277,0,0,0
28-Oct-2025,11902,Call,10600,0,0,25.277,0,1,0
28-Oct-2025,11902,Put,12900,0,0,25.277,0,17,0
28-Oct-2025,11902,Put,14200,0,0,25.277,0,0,0
28-Oct-2025,11902,Call,11000,0,0,25.277,0,2,0
28-Oct-2025,11902,Call,10800,0,0,25.277,0,5,0
25-Nov-2025,11902,Put,11200,0,0,25.277,0,0,0
25-Nov-2025,11902,Put,14200,0,0,25.277,0,0,0
28-Oct-2025,11902,Put,10600,0,0,25.277,0,7,0
25-Nov-2025,11902,Call,10600,0,0,25.277,0,0,0
25-Nov-2025,11902,Call,10400,0,0,25.277,0,0,0
25-Nov-2025,11902,Call,11300,0,0,25.277,0,0,0
25-Nov-2025,11902,Put,11300,0,0,25.277,0,0,0
30-Dec-2025,11902,Put,11200,0,0,25.277,0,0,0
28-Oct-2025,11902,Call,10400,0,0,25.277,0,8,0
25-Nov-2025,11902,Call,10800,0,0,25.277,0,0,0
25-Nov-2025,11902,Call,13500,0,0,25.277,0,0,0
30-Dec-2025,11902,Call,12200,0,0,25.277,0,0,0
25-Nov-2025,11902,Put,12600,0,0,25.277,0,0,0
30-Dec-2025,11902,Put,12000,0,0,25.277,0,0,0
30-Dec-2025,11902,Call,12800,0,0,25.277,0,0,0
25-Nov-2025,11902,Put,10400,0,0,25.277,0,0,0
30-Dec-2025,11902,Call,12400,0,0,25.277,0,0,0
30-Dec-2025,11902,Put,12200,0,0,25.277,0,0,0
30-Dec-2025,11902,Call,12000,0,0,25.277,0,3,0
25-Nov-2025,11902,Call,10200,0,0,25.277,0,0,0
25-Nov-2025,11902,Put,13300,0,0,25.277,0,0,0
25-Nov-2025,11902,Put,13100,0,0,25.277,0,0,0
30-Dec-2025,11902,Put,12600,0,0,25.277,0,0,0
25-Nov-2025,11902,Call,13800,0,0,25.277,0,10,0
25-Nov-2025,11902,Put,10600,0,0,25.277,0,0,0
25-Nov-2025,11902,Put,14000,0,0,25.277,0,0,0
25-Nov-2025,11902,Call,11700,0,0,25.277,0,0,0
30-Dec-2025,11902,Call,13200,0,0,25.277,0,0,0
25-Nov-2025,11902,Put,13600,0,0,25.277,0,0,0
25-Nov-2025,11902,Put,13800,0,0,25.277,0,0,0
30-Dec-2025,11902,Call,12600,0,0,25.277,0,1,0
25-Nov-2025,11902,Call,11200,0,0,25.277,0,0,0
25-Nov-2025,11902,Put,13500,0,0,25.277,0,0,0
30-Dec-2025,11902,Put,11800,0,0,25.277,0,0,0
30-Dec-2025,11902,Put,11400,0,0,25.277,0,0,0
25-Nov-2025,11902,Put,11400,0,0,25.277,0,0,0
25-Nov-2025,11902,Call,10900,0,0,25.277,0,0,0
25-Nov-2025,11902,Call,11400,0,0,25.277,0,0,0
30-Dec-2025,11902,Call,11800,0,0,25.277,0,0,0
25-Nov-2025,11902,Put,13200,0,0,25.277,0,0,0
25-Nov-2025,11902,Call,11100,0,0,25.277,0,0,0
25-Nov-2025,11902,Call,12900,0,0,25.277,0,0,0
25-Nov-2025,11902,Put,12900,0,0,25.277,0,0,0
25-Nov-2025,11902,Call,13100,0,0,25.277,0,0,0
25-Nov-2025,11902,Call,13300,0,0,25.277,0,0,0
25-Nov-2025,11902,Put,10200,0,0,25.277,0,0,0
25-Nov-2025,11902,Put,13400,0,0,25.277,0,0,0
25-Nov-2025,11902,Call,11800,0,0,25.277,0,0,0
25-Nov-2025,11902,Put,11100,0,0,25.277,0,0,0
30-Dec-2025,11902,Put,12400,0,0,25.277,0,3,0
25-Nov-2025,11902,Call,11000,0,0,25.277,0,1,0
